index,n
84194d9ffffffff-2022-03,2
8419693ffffffff-2018-03,1
8419697ffffffff-2018-06,1
8419697ffffffff-2019-05,3
8419697ffffffff-2020-04,1
8419699ffffffff-2014-03,1
841969dffffffff-2020-07,3
84196b3ffffffff-2013-11,1
84196b3ffffffff-2015-12,1
84196b3ffffffff-2017-12,1
84196b3ffffffff-2018-01,1
84196b3ffffffff-2019-01,3
84196b3ffffffff-2019-02,1
84196b3ffffffff-2019-05,1
84196b3ffffffff-2020-02,5
84196b3ffffffff-2020-03,2
84196b3ffffffff-2020-12,1
84196b3ffffffff-2021-01,4
84196b3ffffffff-2022-01,2
84196b3ffffffff-2022-02,2
84196b3ffffffff-2022-03,1
84196b3ffffffff-2022-10,1
84196b3ffffffff-2023-01,2
84196b3ffffffff-2023-02,2
84196b3ffffffff-2023-08,1
84196b3ffffffff-2023-09,2
84196b3ffffffff-2023-11,3
84196b9ffffffff-2018-06,1
84196bbffffffff-2017-06,1
84196bbffffffff-2020-01,2
84196bbffffffff-2022-03,2
84196ddffffffff-2020-07,1
841e327ffffffff-2021-10,1
841e327ffffffff-2022-02,1
841e327ffffffff-2022-08,1
841e327ffffffff-2023-03,1
841e32dffffffff-2022-01,2
841ea0bffffffff-2021-10,1
841eb13ffffffff-2023-11,1
841f143ffffffff-2019-06,1
841f15bffffffff-2019-06,1
841f165ffffffff-2012-05,1
841f165ffffffff-2012-06,1
841f165ffffffff-2013-04,1
841f165ffffffff-2014-04,1
841f165ffffffff-2014-06,2
841f165ffffffff-2016-06,1
841f165ffffffff-2017-04,2
841f165ffffffff-2017-05,1
841f165ffffffff-2017-07,1
841f165ffffffff-2018-04,10
841f165ffffffff-2018-06,1
841f165ffffffff-2018-07,2
841f165ffffffff-2019-05,4
841f165ffffffff-2019-06,3
841f165ffffffff-2020-04,2
841f165ffffffff-2020-05,1
841f165ffffffff-2020-06,3
841f165ffffffff-2020-07,2
841f165ffffffff-2021-04,3
841f165ffffffff-2021-05,2
841f165ffffffff-2021-06,3
841f165ffffffff-2021-07,4
841f165ffffffff-2021-08,3
841f165ffffffff-2022-03,2
841f165ffffffff-2022-04,3
841f165ffffffff-2022-05,5
841f165ffffffff-2022-06,3
841f165ffffffff-2022-07,3
841f165ffffffff-2022-08,3
841f165ffffffff-2023-03,4
841f165ffffffff-2023-04,5
841f165ffffffff-2023-05,4
841f165ffffffff-2023-06,4
841f165ffffffff-2023-07,2
841f165ffffffff-2023-08,1
841f165ffffffff-2023-09,3
841f899ffffffff-2016-10,1
841f899ffffffff-2017-08,1
841f899ffffffff-2017-10,1
841f899ffffffff-2021-01,3
841f899ffffffff-2021-02,4
841f89bffffffff-2022-05,1
841f8c1ffffffff-2022-05,1
841f8c1ffffffff-2022-11,2
841f8c1ffffffff-2022-12,1
841f8c1ffffffff-2023-01,1
841f8c1ffffffff-2023-11,1
841f8cbffffffff-2021-05,4
841f8cbffffffff-2021-07,1
841f8cbffffffff-2021-09,1
841f8cbffffffff-2021-10,3
841f8cbffffffff-2021-11,1
841f8cbffffffff-2021-12,1
841f8cbffffffff-2022-06,1
841f8cbffffffff-2022-07,5
841f8cbffffffff-2022-08,2
841f8cbffffffff-2023-05,5
841f8cbffffffff-2023-09,1
841f8cbffffffff-2023-10,2
841f8d1ffffffff-2021-04,1
841f8d1ffffffff-2023-04,1
841f8d3ffffffff-2017-04,1
841f8d3ffffffff-2018-01,3
841f8d3ffffffff-2018-03,2
841f8d3ffffffff-2021-04,4
841f8d3ffffffff-2021-06,1
841f8d3ffffffff-2022-04,2
841f8d3ffffffff-2023-03,10
841f8d3ffffffff-2023-04,9
841f8d3ffffffff-2023-05,1
841f8d3ffffffff-2023-06,3
841f8d3ffffffff-2023-07,4
841f8d3ffffffff-2023-08,7
841f8d3ffffffff-2023-09,5
841f8d7ffffffff-2015-02,1
841fa51ffffffff-2020-01,1
841fa51ffffffff-2021-02,2
841fa51ffffffff-2023-04,1
841fab7ffffffff-2021-05,2
8428347ffffffff-2014-02,1
8428347ffffffff-2015-02,2
8428347ffffffff-2015-09,1
8428347ffffffff-2015-10,2
8428347ffffffff-2015-11,2
8428347ffffffff-2016-02,3
8428347ffffffff-2016-12,3
8428347ffffffff-2017-02,1
8428347ffffffff-2017-03,3
8428347ffffffff-2017-08,1
8428347ffffffff-2017-11,1
8428347ffffffff-2017-12,1
8428347ffffffff-2018-02,1
8428347ffffffff-2018-04,1
8428347ffffffff-2018-11,1
8428347ffffffff-2019-01,3
8428347ffffffff-2019-02,3
8428347ffffffff-2019-10,2
8428347ffffffff-2020-01,27
8428347ffffffff-2020-02,24
8428347ffffffff-2020-05,3
8428347ffffffff-2020-07,3
8428347ffffffff-2020-08,3
8428347ffffffff-2020-11,3
8428347ffffffff-2020-12,62
8428347ffffffff-2021-01,43
8428347ffffffff-2021-02,17
8428347ffffffff-2021-03,7
8428347ffffffff-2021-04,4
8428347ffffffff-2021-05,5
8428347ffffffff-2021-06,1
8428347ffffffff-2021-09,2
8428347ffffffff-2021-10,1
8428347ffffffff-2021-11,4
8428347ffffffff-2021-12,2
8428347ffffffff-2022-01,3
8428347ffffffff-2022-02,7
8428347ffffffff-2022-03,5
8428347ffffffff-2022-04,1
8428347ffffffff-2022-06,1
8428347ffffffff-2022-07,1
8428347ffffffff-2022-08,2
8428347ffffffff-2022-09,11
8428347ffffffff-2022-10,2
8428347ffffffff-2022-11,5
8428347ffffffff-2022-12,6
8428347ffffffff-2023-01,4
8428347ffffffff-2023-02,12
8428347ffffffff-2023-03,5
8428347ffffffff-2023-04,7
8428347ffffffff-2023-07,2
8428347ffffffff-2023-08,13
8428347ffffffff-2023-09,10
8428347ffffffff-2023-10,9
8428347ffffffff-2023-11,15
8429a63ffffffff-2019-02,1
8429a63ffffffff-2021-02,1
8429a6dffffffff-2015-07,1
843929bffffffff-2015-01,2
84396c7ffffffff-2020-09,1
84396c7ffffffff-2021-03,2
84396c7ffffffff-2022-01,1
84396c7ffffffff-2023-02,1
84396ebffffffff-2022-09,1
8449823ffffffff-2019-12,3
8449823ffffffff-2020-01,9
84498edffffffff-2020-02,1
84498edffffffff-2020-07,3
84498edffffffff-2020-11,1
84498edffffffff-2020-12,2
84498edffffffff-2021-01,10
84498edffffffff-2021-02,3
84498edffffffff-2021-04,1
84498edffffffff-2021-10,1
84498edffffffff-2021-12,1
84498edffffffff-2022-02,4
84498edffffffff-2022-05,1
84498edffffffff-2022-06,1
84498edffffffff-2022-07,1
84498edffffffff-2022-10,5
84498edffffffff-2022-11,2
84498edffffffff-2022-12,1
84498edffffffff-2023-01,1
84498edffffffff-2023-04,4
846c5b3ffffffff-2016-12,1
846c5b3ffffffff-2019-08,1
846c5b3ffffffff-2023-07,1
846c5b3ffffffff-2023-09,1
846c5b7ffffffff-2023-04,1
846c5b9ffffffff-2023-04,7
846c5b9ffffffff-2023-07,1
848b21bffffffff-2015-12,1
848b21bffffffff-2016-08,1
848b21bffffffff-2016-09,1
848b21bffffffff-2017-05,1
848b21bffffffff-2019-03,3
848b21bffffffff-2019-10,1
848b21bffffffff-2020-10,3
848b21bffffffff-2021-07,1
848b21bffffffff-2021-10,1
848b21bffffffff-2023-10,2
848b21bffffffff-2023-11,3
848b269ffffffff-2023-07,2
848b2c9ffffffff-2012-01,5
848b2c9ffffffff-2013-03,4
848b2c9ffffffff-2014-08,1
848b2c9ffffffff-2015-02,1
848b2c9ffffffff-2015-09,6
848b2c9ffffffff-2015-10,2
848b2c9ffffffff-2015-11,5
848b2c9ffffffff-2015-12,5
848b2c9ffffffff-2016-01,1
848b2c9ffffffff-2016-02,1
848b2c9ffffffff-2016-03,1
848b2c9ffffffff-2016-04,2
848b2c9ffffffff-2016-05,2
848b2c9ffffffff-2016-06,2
848b2c9ffffffff-2016-07,1
848b2c9ffffffff-2016-08,1
848b2c9ffffffff-2016-09,2
848b2c9ffffffff-2016-10,3
848b2c9ffffffff-2017-02,1
848b2c9ffffffff-2017-05,6
848b2c9ffffffff-2017-06,1
848b2c9ffffffff-2017-07,1
848b2c9ffffffff-2017-08,2
848b2c9ffffffff-2017-10,2
848b2c9ffffffff-2017-11,3
848b2c9ffffffff-2018-12,1
848b2c9ffffffff-2019-07,1
848b2c9ffffffff-2019-08,2
848b2c9ffffffff-2019-10,1
848b2c9ffffffff-2020-02,2
848b2c9ffffffff-2020-08,1
848b2c9ffffffff-2020-09,3
848b2c9ffffffff-2020-10,11
848b2c9ffffffff-2020-11,7
848b2c9ffffffff-2020-12,6
848b2c9ffffffff-2021-02,1
848b2c9ffffffff-2021-03,1
848b2c9ffffffff-2021-04,4
848b2c9ffffffff-2021-05,19
848b2c9ffffffff-2021-06,3
848b2c9ffffffff-2021-07,3
848b2c9ffffffff-2021-08,1
848b2c9ffffffff-2021-09,3
848b2c9ffffffff-2021-10,5
848b2c9ffffffff-2021-11,2
848b2c9ffffffff-2022-01,3
848b2c9ffffffff-2022-04,1
848b2c9ffffffff-2022-05,4
848b2c9ffffffff-2022-06,1
848b2c9ffffffff-2022-07,8
848b2c9ffffffff-2022-08,1
848b2c9ffffffff-2022-09,8
848b2c9ffffffff-2022-10,10
848b2c9ffffffff-2022-12,3
848b2c9ffffffff-2023-01,1
848b2c9ffffffff-2023-04,2
848b2c9ffffffff-2023-05,12
848b2c9ffffffff-2023-07,2
848b2c9ffffffff-2023-09,9
848b2c9ffffffff-2023-10,5
848b2cdffffffff-2021-05,1
848b601ffffffff-2016-04,4
848b601ffffffff-2019-09,3
848b601ffffffff-2021-04,1
848b601ffffffff-2021-05,3
848b601ffffffff-2023-09,1
848b603ffffffff-2017-09,1
848b603ffffffff-2019-05,2
848b603ffffffff-2019-06,1
848b603ffffffff-2023-08,2
848b609ffffffff-2016-01,1
848b609ffffffff-2016-06,2
848b609ffffffff-2017-01,1
848b609ffffffff-2021-01,3
848b609ffffffff-2023-10,1
848b60bffffffff-2019-05,2
848b60bffffffff-2020-10,1
848b60bffffffff-2020-12,3
848b60bffffffff-2021-01,1
848b60bffffffff-2021-05,2
848b60bffffffff-2022-03,1
848b60bffffffff-2022-10,1
848b60bffffffff-2022-11,1
848b60bffffffff-2023-07,1
848b60bffffffff-2023-09,1
848b60dffffffff-2022-04,2
848b611ffffffff-2016-07,1
848b611ffffffff-2016-08,1
848b611ffffffff-2016-09,2
848b611ffffffff-2016-11,1
848b611ffffffff-2016-12,2
848b611ffffffff-2018-03,1
848b611ffffffff-2018-07,1
848b611ffffffff-2019-09,1
848b611ffffffff-2020-10,1
848b611ffffffff-2021-04,1
848b611ffffffff-2021-08,1
848b611ffffffff-2021-12,1
848b619ffffffff-2021-12,1
848b61bffffffff-2014-10,1
848b61bffffffff-2015-09,1
848b61bffffffff-2015-10,2
848b61bffffffff-2015-11,1
848b61bffffffff-2015-12,1
848b61bffffffff-2016-05,1
848b61bffffffff-2016-08,5
848b61bffffffff-2016-09,9
848b61bffffffff-2016-10,5
848b61bffffffff-2016-11,7
848b61bffffffff-2016-12,5
848b61bffffffff-2017-01,4
848b61bffffffff-2017-02,2
848b61bffffffff-2017-06,1
848b61bffffffff-2017-07,8
848b61bffffffff-2017-08,7
848b61bffffffff-2017-09,2
848b61bffffffff-2017-11,7
848b61bffffffff-2017-12,1
848b61bffffffff-2018-01,1
848b61bffffffff-2018-06,1
848b61bffffffff-2018-07,1
848b61bffffffff-2018-10,8
848b61bffffffff-2019-01,2
848b61bffffffff-2019-06,3
848b61bffffffff-2019-07,1
848b61bffffffff-2019-11,2
848b61bffffffff-2019-12,1
848b61bffffffff-2020-08,1
848b61bffffffff-2020-09,4
848b61bffffffff-2020-10,13
848b61bffffffff-2020-11,11
848b61bffffffff-2020-12,26
848b61bffffffff-2021-01,36
848b61bffffffff-2021-04,8
848b61bffffffff-2021-05,7
848b61bffffffff-2021-07,2
848b61bffffffff-2021-08,3
848b61bffffffff-2021-09,8
848b61bffffffff-2021-10,23
848b61bffffffff-2021-11,46
848b61bffffffff-2021-12,9
848b61bffffffff-2022-01,11
848b61bffffffff-2022-02,24
848b61bffffffff-2022-06,4
848b61bffffffff-2022-07,1
848b61bffffffff-2022-09,2
848b61bffffffff-2022-10,2
848b61bffffffff-2023-04,4
848b61bffffffff-2023-05,60
848b61bffffffff-2023-06,12
848b61bffffffff-2023-07,27
848b61bffffffff-2023-08,14
848b61bffffffff-2023-09,16
848b61bffffffff-2023-10,32
848b61bffffffff-2023-11,14
848b61dffffffff-2015-11,3
848b61dffffffff-2016-01,7
848b61dffffffff-2016-02,10
848b61dffffffff-2016-05,4
848b61dffffffff-2016-06,1
848b61dffffffff-2016-07,12
848b61dffffffff-2016-08,8
848b61dffffffff-2016-09,3
848b61dffffffff-2016-10,6
848b61dffffffff-2016-11,20
848b61dffffffff-2016-12,32
848b61dffffffff-2017-01,8
848b61dffffffff-2017-02,1
848b61dffffffff-2017-03,2
848b61dffffffff-2017-04,7
848b61dffffffff-2017-05,3
848b61dffffffff-2017-06,7
848b61dffffffff-2017-07,35
848b61dffffffff-2017-08,36
848b61dffffffff-2017-09,28
848b61dffffffff-2017-10,15
848b61dffffffff-2017-11,18
848b61dffffffff-2017-12,2
848b61dffffffff-2018-02,6
848b61dffffffff-2018-03,6
848b61dffffffff-2018-04,3
848b61dffffffff-2018-05,24
848b61dffffffff-2018-06,16
848b61dffffffff-2018-07,6
848b61dffffffff-2019-05,1
848b61dffffffff-2019-06,5
848b61dffffffff-2019-08,16
848b61dffffffff-2019-09,13
848b61dffffffff-2019-11,1
848b61dffffffff-2019-12,15
848b61dffffffff-2020-01,2
848b61dffffffff-2020-06,1
848b61dffffffff-2020-07,9
848b61dffffffff-2020-08,1
848b61dffffffff-2020-09,4
848b61dffffffff-2020-10,21
848b61dffffffff-2020-11,4
848b61dffffffff-2020-12,10
848b61dffffffff-2021-01,2
848b61dffffffff-2021-02,1
848b61dffffffff-2021-05,13
848b61dffffffff-2021-06,9
848b61dffffffff-2021-07,9
848b61dffffffff-2021-08,24
848b61dffffffff-2021-09,20
848b61dffffffff-2021-10,23
848b61dffffffff-2021-11,11
848b61dffffffff-2021-12,6
848b61dffffffff-2022-01,4
848b61dffffffff-2022-02,1
848b61dffffffff-2022-04,1
848b61dffffffff-2022-05,1
848b61dffffffff-2023-01,1
848b61dffffffff-2023-02,3
848b61dffffffff-2023-03,6
848b61dffffffff-2023-04,10
848b61dffffffff-2023-05,7
848b61dffffffff-2023-06,17
848b61dffffffff-2023-07,29
848b61dffffffff-2023-08,23
848b61dffffffff-2023-09,18
848b61dffffffff-2023-10,15
848b641ffffffff-2017-03,1
848b641ffffffff-2017-09,1
848b643ffffffff-2015-11,1
848b643ffffffff-2016-05,1
848b643ffffffff-2017-09,1
848b643ffffffff-2019-03,1
848b643ffffffff-2021-08,1
848b645ffffffff-2017-01,2
848b645ffffffff-2017-06,2
848b645ffffffff-2018-07,1
848b645ffffffff-2019-01,1
848b645ffffffff-2019-08,1
848b645ffffffff-2019-10,1
848b645ffffffff-2020-10,1
848b645ffffffff-2021-05,1
848b645ffffffff-2021-07,5
848b645ffffffff-2021-09,1
848b645ffffffff-2021-10,1
848b645ffffffff-2023-11,2
848b647ffffffff-2018-08,1
848b647ffffffff-2019-02,1
848b647ffffffff-2019-11,3
848b647ffffffff-2020-01,2
848b647ffffffff-2020-11,3
848b647ffffffff-2020-12,2
848b647ffffffff-2021-01,4
848b647ffffffff-2021-07,5
848b647ffffffff-2021-09,2
848b647ffffffff-2022-11,1
848b647ffffffff-2023-07,2
848b647ffffffff-2023-09,1
848b647ffffffff-2023-11,1
848b649ffffffff-2012-09,1
848b649ffffffff-2015-05,6
848b649ffffffff-2016-12,1
848b649ffffffff-2017-05,1
848b649ffffffff-2017-09,1
848b649ffffffff-2018-03,1
848b649ffffffff-2018-05,1
848b649ffffffff-2018-12,1
848b649ffffffff-2019-02,2
848b649ffffffff-2019-05,11
848b649ffffffff-2020-10,2
848b649ffffffff-2021-02,4
848b649ffffffff-2021-05,4
848b649ffffffff-2021-11,1
848b649ffffffff-2022-04,1
848b649ffffffff-2023-05,6
848b649ffffffff-2023-06,1
848b649ffffffff-2023-10,1
848b649ffffffff-2023-11,1
848b64bffffffff-2019-01,1
848b64bffffffff-2021-09,2
848b64bffffffff-2023-04,1
848b64bffffffff-2023-10,1
848b64dffffffff-2017-01,1
848b651ffffffff-2012-05,1
848b651ffffffff-2018-05,2
848b651ffffffff-2021-05,1
848b653ffffffff-2023-05,1
848b655ffffffff-2017-10,1
848b655ffffffff-2018-03,1
848b655ffffffff-2021-01,3
848b655ffffffff-2021-07,1
848b655ffffffff-2021-08,1
848b655ffffffff-2021-09,1
848b655ffffffff-2022-03,1
848b655ffffffff-2023-07,1
848b655ffffffff-2023-11,2
848b657ffffffff-2016-12,1
848b657ffffffff-2017-01,1
848b657ffffffff-2017-10,3
848b657ffffffff-2019-02,2
848b657ffffffff-2019-04,1
848b657ffffffff-2020-10,2
848b657ffffffff-2020-11,1
848b657ffffffff-2020-12,1
848b657ffffffff-2021-09,1
848b657ffffffff-2022-11,2
848b657ffffffff-2023-05,3
848b657ffffffff-2023-06,1
848b657ffffffff-2023-07,3
848b657ffffffff-2023-08,1
848b659ffffffff-2018-03,1
848b659ffffffff-2023-10,1
848b65dffffffff-2016-05,1
848b65dffffffff-2017-09,1
848b65dffffffff-2017-12,1
848b65dffffffff-2018-02,1
848b65dffffffff-2018-05,2
848b65dffffffff-2019-01,2
848b65dffffffff-2019-03,1
848b65dffffffff-2019-04,1
848b65dffffffff-2021-05,1
848b661ffffffff-2018-09,1
848b661ffffffff-2020-11,6
848b661ffffffff-2021-08,1
848b663ffffffff-2021-01,1
848b663ffffffff-2023-08,1
848b665ffffffff-2016-12,4
848b665ffffffff-2017-06,2
848b665ffffffff-2021-06,1
848b665ffffffff-2023-07,2
848b667ffffffff-2018-05,2
848b669ffffffff-2019-03,4
848b669ffffffff-2021-04,1
848b669ffffffff-2022-09,1
848b66bffffffff-2019-05,1
848b66bffffffff-2022-07,2
848b66bffffffff-2023-10,1
848b66dffffffff-2016-07,1
848b66dffffffff-2016-08,2
848e451ffffffff-2019-01,2
848e451ffffffff-2021-05,2
848e451ffffffff-2022-05,4
848e451ffffffff-2023-05,6
848e455ffffffff-2017-09,1
848e455ffffffff-2019-01,4
848e455ffffffff-2020-05,6
848e455ffffffff-2021-05,5
848e455ffffffff-2022-05,6
848e455ffffffff-2022-09,1
848e455ffffffff-2023-05,6
848e455ffffffff-2023-10,1
848e459ffffffff-2015-08,1
848e459ffffffff-2016-04,1
848e45bffffffff-2015-10,1
848e45dffffffff-2012-01,1
848e45dffffffff-2012-02,2
848e45dffffffff-2012-03,1
848e45dffffffff-2012-04,1
848e45dffffffff-2012-05,1
848e45dffffffff-2012-09,2
848e45dffffffff-2013-01,2
848e45dffffffff-2013-03,1
848e45dffffffff-2013-05,3
848e45dffffffff-2013-06,3
848e45dffffffff-2013-07,1
848e45dffffffff-2013-12,1
848e45dffffffff-2014-01,1
848e45dffffffff-2014-02,1
848e45dffffffff-2014-05,2
848e45dffffffff-2014-09,1
848e45dffffffff-2014-11,1
848e45dffffffff-2014-12,3
848e45dffffffff-2015-01,3
848e45dffffffff-2015-02,2
848e45dffffffff-2015-03,2
848e45dffffffff-2015-05,3
848e45dffffffff-2015-06,1
848e45dffffffff-2015-08,5
848e45dffffffff-2015-09,1
848e45dffffffff-2015-11,6
848e45dffffffff-2015-12,9
848e45dffffffff-2016-01,5
848e45dffffffff-2016-02,1
848e45dffffffff-2016-03,8
848e45dffffffff-2016-04,8
848e45dffffffff-2016-05,9
848e45dffffffff-2016-06,8
848e45dffffffff-2016-08,3
848e45dffffffff-2016-09,5
848e45dffffffff-2016-10,2
848e45dffffffff-2016-11,8
848e45dffffffff-2016-12,1
848e45dffffffff-2017-01,5
848e45dffffffff-2017-02,7
848e45dffffffff-2017-03,4
848e45dffffffff-2017-04,1
848e45dffffffff-2017-05,8
848e45dffffffff-2017-07,3
848e45dffffffff-2017-08,2
848e45dffffffff-2017-09,8
848e45dffffffff-2017-10,5
848e45dffffffff-2017-11,138
848e45dffffffff-2017-12,11
848e45dffffffff-2018-01,5
848e45dffffffff-2018-02,9
848e45dffffffff-2018-03,20
848e45dffffffff-2018-04,1
848e45dffffffff-2018-05,15
848e45dffffffff-2018-06,3
848e45dffffffff-2018-07,8
848e45dffffffff-2018-08,10
848e45dffffffff-2018-09,8
848e45dffffffff-2018-10,7
848e45dffffffff-2018-11,8
848e45dffffffff-2018-12,6
848e45dffffffff-2019-01,23
848e45dffffffff-2019-02,1
848e45dffffffff-2019-03,4
848e45dffffffff-2019-04,1
848e45dffffffff-2019-05,8
848e45dffffffff-2019-06,9
848e45dffffffff-2019-07,2
848e45dffffffff-2019-08,17
848e45dffffffff-2019-09,10
848e45dffffffff-2019-10,10
848e45dffffffff-2019-11,14
848e45dffffffff-2019-12,6
848e45dffffffff-2020-01,16
848e45dffffffff-2020-02,29
848e45dffffffff-2020-03,2
848e45dffffffff-2020-05,7
848e45dffffffff-2020-10,5
848e45dffffffff-2020-11,1
848e45dffffffff-2020-12,14
848e45dffffffff-2021-01,7
848e45dffffffff-2021-02,2
848e45dffffffff-2021-03,3
848e45dffffffff-2021-04,16
848e45dffffffff-2021-05,25
848e45dffffffff-2021-06,8
848e45dffffffff-2021-07,3
848e45dffffffff-2021-08,27
848e45dffffffff-2021-09,4
848e45dffffffff-2021-10,8
848e45dffffffff-2021-11,5
848e45dffffffff-2021-12,8
848e45dffffffff-2022-01,6
848e45dffffffff-2022-02,6
848e45dffffffff-2022-03,44
848e45dffffffff-2022-04,12
848e45dffffffff-2022-05,25
848e45dffffffff-2022-06,35
848e45dffffffff-2022-07,17
848e45dffffffff-2022-08,10
848e45dffffffff-2022-09,13
848e45dffffffff-2022-10,11
848e45dffffffff-2022-11,10
848e45dffffffff-2022-12,7
848e45dffffffff-2023-01,3
848e45dffffffff-2023-02,8
848e45dffffffff-2023-03,29
848e45dffffffff-2023-04,5
848e45dffffffff-2023-05,27
848e45dffffffff-2023-06,18
848e45dffffffff-2023-07,16
848e45dffffffff-2023-08,8
848e45dffffffff-2023-09,14
848e45dffffffff-2023-10,23
848e45dffffffff-2023-11,20
848e601ffffffff-2015-05,1
848e601ffffffff-2016-12,1
848e601ffffffff-2017-04,1
848e601ffffffff-2018-01,1
848e601ffffffff-2018-05,4
848e601ffffffff-2018-07,1
848e601ffffffff-2018-09,1
848e601ffffffff-2018-10,1
848e601ffffffff-2018-11,2
848e601ffffffff-2018-12,1
848e601ffffffff-2019-01,2
848e601ffffffff-2019-02,2
848e601ffffffff-2019-05,1
848e601ffffffff-2019-07,1
848e601ffffffff-2019-08,1
848e601ffffffff-2019-11,1
848e601ffffffff-2019-12,1
848e601ffffffff-2020-10,1
848e601ffffffff-2020-11,1
848e601ffffffff-2021-07,1
848e601ffffffff-2021-11,1
848e601ffffffff-2022-05,4
848e601ffffffff-2023-05,3
848e601ffffffff-2023-09,1
848e603ffffffff-2015-05,1
848e603ffffffff-2017-05,1
848e603ffffffff-2018-03,2
848e603ffffffff-2018-06,1
848e603ffffffff-2019-01,1
848e603ffffffff-2019-08,1
848e603ffffffff-2019-09,1
848e603ffffffff-2019-10,1
848e603ffffffff-2019-11,1
848e603ffffffff-2019-12,1
848e603ffffffff-2020-05,1
848e603ffffffff-2021-04,1
848e603ffffffff-2021-05,1
848e603ffffffff-2021-06,1
848e603ffffffff-2021-11,5
848e603ffffffff-2022-03,1
848e603ffffffff-2022-04,3
848e603ffffffff-2022-05,7
848e603ffffffff-2022-06,2
848e603ffffffff-2023-04,1
848e603ffffffff-2023-10,2
848e605ffffffff-2019-01,1
848e605ffffffff-2019-03,1
848e605ffffffff-2019-04,1
848e605ffffffff-2019-05,1
848e605ffffffff-2019-06,1
848e605ffffffff-2019-08,1
848e605ffffffff-2019-09,1
848e605ffffffff-2019-10,1
848e605ffffffff-2019-11,2
848e605ffffffff-2019-12,1
848e605ffffffff-2020-01,1
848e607ffffffff-2022-07,1
848e607ffffffff-2023-05,1
848e607ffffffff-2023-09,1
848e609ffffffff-2018-03,1
848e609ffffffff-2018-05,1
848e609ffffffff-2018-08,1
848e609ffffffff-2019-10,2
848e609ffffffff-2020-11,1
848e609ffffffff-2021-07,1
848e609ffffffff-2021-11,1
848e609ffffffff-2022-01,1
848e609ffffffff-2022-05,4
848e609ffffffff-2023-05,1
848e609ffffffff-2023-07,1
848e609ffffffff-2023-09,2
848e60bffffffff-2017-12,1
848e60bffffffff-2018-01,1
848e60bffffffff-2019-10,3
848e60bffffffff-2019-11,2
848e60bffffffff-2020-01,1
848e60bffffffff-2020-05,1
848e60bffffffff-2020-08,1
848e60bffffffff-2020-10,2
848e60bffffffff-2021-06,1
848e60bffffffff-2021-11,1
848e60bffffffff-2022-01,1
848e60bffffffff-2022-05,3
848e60bffffffff-2022-07,2
848e60bffffffff-2022-09,7
848e60bffffffff-2022-12,4
848e60bffffffff-2023-04,4
848e60bffffffff-2023-06,3
848e60bffffffff-2023-08,3
848e60bffffffff-2023-10,4
848e60bffffffff-2023-11,3
848e60dffffffff-2012-09,1
848e60dffffffff-2016-05,2
848e60dffffffff-2017-05,2
848e60dffffffff-2017-07,1
848e60dffffffff-2017-09,1
848e60dffffffff-2018-10,4
848e60dffffffff-2019-04,1
848e60dffffffff-2019-10,2
848e60dffffffff-2020-08,1
848e60dffffffff-2020-09,1
848e60dffffffff-2020-10,2
848e60dffffffff-2020-11,1
848e60dffffffff-2021-10,1
848e60dffffffff-2022-08,1
848e60dffffffff-2022-11,2
848e60dffffffff-2023-09,1
848e615ffffffff-2018-11,2
848e617ffffffff-2019-04,1
848e617ffffffff-2020-12,1
848e617ffffffff-2021-03,1
848e617ffffffff-2022-06,1
848e61dffffffff-2017-05,1
848e61dffffffff-2021-03,1
848e61dffffffff-2021-04,1
848e61dffffffff-2021-05,1
848e621ffffffff-2012-06,2
848e621ffffffff-2016-02,3
848e621ffffffff-2016-06,1
848e621ffffffff-2017-07,1
848e621ffffffff-2017-09,1
848e621ffffffff-2017-10,2
848e621ffffffff-2018-05,5
848e621ffffffff-2018-07,1
848e621ffffffff-2018-09,3
848e621ffffffff-2019-04,1
848e621ffffffff-2019-05,5
848e621ffffffff-2019-06,3
848e621ffffffff-2019-07,7
848e621ffffffff-2020-08,1
848e621ffffffff-2021-05,1
848e621ffffffff-2021-09,1
848e621ffffffff-2021-12,2
848e621ffffffff-2022-01,3
848e621ffffffff-2022-02,2
848e621ffffffff-2022-03,13
848e621ffffffff-2022-04,14
848e621ffffffff-2022-05,4
848e621ffffffff-2022-07,19
848e621ffffffff-2022-08,6
848e621ffffffff-2022-09,2
848e621ffffffff-2022-12,1
848e621ffffffff-2023-01,28
848e621ffffffff-2023-02,16
848e621ffffffff-2023-03,14
848e621ffffffff-2023-04,7
848e621ffffffff-2023-05,22
848e621ffffffff-2023-06,19
848e621ffffffff-2023-07,14
848e621ffffffff-2023-08,5
848e621ffffffff-2023-09,46
848e621ffffffff-2023-10,32
848e621ffffffff-2023-11,28
848e623ffffffff-2015-09,1
848e623ffffffff-2019-11,1
848e623ffffffff-2020-07,1
848e623ffffffff-2021-08,1
848e623ffffffff-2022-09,1
848e623ffffffff-2023-10,1
848e62dffffffff-2012-01,1
848e62dffffffff-2012-02,1
848e62dffffffff-2012-03,1
848e62dffffffff-2012-04,1
848e62dffffffff-2012-06,1
848e62dffffffff-2012-10,1
848e62dffffffff-2014-07,1
848e62dffffffff-2015-09,1
848e62dffffffff-2016-04,2
848e62dffffffff-2016-06,2
848e62dffffffff-2016-07,7
848e62dffffffff-2016-08,6
848e62dffffffff-2016-10,1
848e62dffffffff-2016-12,1
848e62dffffffff-2017-01,1
848e62dffffffff-2017-04,1
848e62dffffffff-2017-05,5
848e62dffffffff-2017-06,11
848e62dffffffff-2017-07,6
848e62dffffffff-2017-09,6
848e62dffffffff-2018-01,10
848e62dffffffff-2018-04,4
848e62dffffffff-2018-07,11
848e62dffffffff-2018-09,1
848e62dffffffff-2019-04,15
848e62dffffffff-2019-05,5
848e62dffffffff-2019-07,11
848e62dffffffff-2019-08,1
848e62dffffffff-2019-09,6
848e62dffffffff-2019-10,9
848e62dffffffff-2019-11,39
848e62dffffffff-2019-12,19
848e62dffffffff-2020-01,38
848e62dffffffff-2020-02,33
848e62dffffffff-2020-03,16
848e62dffffffff-2020-06,2
848e62dffffffff-2020-07,7
848e62dffffffff-2020-08,5
848e62dffffffff-2020-09,6
848e62dffffffff-2020-10,7
848e62dffffffff-2020-11,23
848e62dffffffff-2020-12,30
848e62dffffffff-2021-01,1
848e62dffffffff-2021-02,1
848e62dffffffff-2021-03,28
848e62dffffffff-2021-04,11
848e62dffffffff-2021-05,66
848e62dffffffff-2021-06,4
848e62dffffffff-2021-07,21
848e62dffffffff-2021-08,41
848e62dffffffff-2021-09,105
848e62dffffffff-2021-10,121
848e62dffffffff-2021-12,2
848e62dffffffff-2022-01,7
848e62dffffffff-2022-02,16
848e62dffffffff-2022-03,31
848e62dffffffff-2022-04,3
848e62dffffffff-2022-05,63
848e62dffffffff-2022-06,37
848e62dffffffff-2022-07,18
848e62dffffffff-2022-08,41
848e62dffffffff-2022-09,73
848e62dffffffff-2022-10,81
848e62dffffffff-2022-11,58
848e62dffffffff-2022-12,2
848e62dffffffff-2023-02,1
848e62dffffffff-2023-03,6
848e62dffffffff-2023-04,3
848e62dffffffff-2023-05,61
848e62dffffffff-2023-06,16
848e62dffffffff-2023-07,8
848e62dffffffff-2023-08,16
848e62dffffffff-2023-09,40
848e62dffffffff-2023-10,6
848e62dffffffff-2023-11,5
848e635ffffffff-2020-02,2
848e635ffffffff-2021-11,1
848e635ffffffff-2022-06,1
848e635ffffffff-2023-11,1
848e637ffffffff-2016-10,1
848e637ffffffff-2017-05,1
848e637ffffffff-2017-11,1
848e637ffffffff-2018-05,8
848e637ffffffff-2019-01,2
848e637ffffffff-2019-07,1
848e637ffffffff-2020-01,1
848e637ffffffff-2021-07,1
848e637ffffffff-2023-01,4
848e637ffffffff-2023-08,1
848e639ffffffff-2021-10,5
848e639ffffffff-2021-11,2
848e63bffffffff-2021-07,1
848e63bffffffff-2021-10,1
848e645ffffffff-2015-02,1
848e645ffffffff-2015-09,1
848e645ffffffff-2016-05,1
848e645ffffffff-2016-10,1
848e645ffffffff-2016-12,1
848e645ffffffff-2017-02,1
848e645ffffffff-2017-05,3
848e645ffffffff-2018-05,2
848e645ffffffff-2018-06,2
848e645ffffffff-2018-11,1
848e645ffffffff-2019-05,3
848e645ffffffff-2019-07,5
848e645ffffffff-2019-10,1
848e645ffffffff-2020-10,1
848e645ffffffff-2021-01,1
848e645ffffffff-2021-05,2
848e645ffffffff-2021-11,2
848e645ffffffff-2022-02,7
848e645ffffffff-2022-04,3
848e645ffffffff-2022-08,2
848e645ffffffff-2022-09,4
848e645ffffffff-2023-02,1
848e645ffffffff-2023-05,8
848e645ffffffff-2023-06,1
848e645ffffffff-2023-07,1
848e645ffffffff-2023-09,1
848e645ffffffff-2023-10,10
848e647ffffffff-2015-01,3
848e647ffffffff-2015-02,1
848e647ffffffff-2016-04,3
848e647ffffffff-2016-06,1
848e647ffffffff-2016-07,3
848e647ffffffff-2016-08,1
848e647ffffffff-2016-09,1
848e647ffffffff-2017-02,1
848e647ffffffff-2017-03,1
848e647ffffffff-2017-05,1
848e647ffffffff-2017-11,2
848e647ffffffff-2018-05,2
848e647ffffffff-2018-10,3
848e647ffffffff-2019-10,1
848e647ffffffff-2020-03,1
848e647ffffffff-2020-05,5
848e647ffffffff-2021-05,4
848e647ffffffff-2021-06,2
848e647ffffffff-2021-08,4
848e647ffffffff-2022-03,5
848e647ffffffff-2022-05,2
848e647ffffffff-2022-07,5
848e647ffffffff-2022-10,1
848e647ffffffff-2023-02,2
848e647ffffffff-2023-05,6
848e647ffffffff-2023-07,1
848e647ffffffff-2023-08,4
848e647ffffffff-2023-10,8
848e661ffffffff-2022-12,1
848e663ffffffff-2016-08,1
848e663ffffffff-2018-03,2
848e663ffffffff-2018-04,1
848e663ffffffff-2018-08,1
848e663ffffffff-2019-07,2
848e663ffffffff-2019-10,2
848e663ffffffff-2019-12,1
848e663ffffffff-2020-03,1
848e663ffffffff-2021-07,4
848e663ffffffff-2022-02,2
848e663ffffffff-2022-03,7
848e663ffffffff-2022-04,2
848e663ffffffff-2022-10,1
848e663ffffffff-2022-11,6
848e663ffffffff-2023-06,6
848e669ffffffff-2015-05,1
848e669ffffffff-2016-05,1
848e669ffffffff-2017-05,1
848e669ffffffff-2018-05,1
848e669ffffffff-2019-08,1
848e669ffffffff-2021-02,1
848e669ffffffff-2021-12,1
848e669ffffffff-2022-03,2
848e669ffffffff-2022-10,1
848e669ffffffff-2023-03,1
848e66bffffffff-2012-06,1
848e66bffffffff-2012-08,1
848e66bffffffff-2012-10,1
848e66bffffffff-2012-11,2
848e66bffffffff-2013-06,1
848e66bffffffff-2013-07,6
848e66bffffffff-2013-11,3
848e66bffffffff-2014-01,4
848e66bffffffff-2014-05,2
848e66bffffffff-2014-06,1
848e66bffffffff-2014-10,1
848e66bffffffff-2014-11,1
848e66bffffffff-2015-01,2
848e66bffffffff-2015-05,4
848e66bffffffff-2015-06,3
848e66bffffffff-2015-07,1
848e66bffffffff-2015-09,2
848e66bffffffff-2015-10,1
848e66bffffffff-2016-04,2
848e66bffffffff-2016-05,1
848e66bffffffff-2016-06,3
848e66bffffffff-2016-07,5
848e66bffffffff-2016-08,6
848e66bffffffff-2016-09,3
848e66bffffffff-2016-10,2
848e66bffffffff-2016-11,1
848e66bffffffff-2016-12,2
848e66bffffffff-2017-01,1
848e66bffffffff-2017-05,3
848e66bffffffff-2017-07,7
848e66bffffffff-2017-08,2
848e66bffffffff-2017-09,2
848e66bffffffff-2017-10,3
848e66bffffffff-2017-11,1
848e66bffffffff-2018-05,8
848e66bffffffff-2018-06,30
848e66bffffffff-2018-08,1
848e66bffffffff-2018-10,9
848e66bffffffff-2018-11,1
848e66bffffffff-2019-01,3
848e66bffffffff-2019-02,2
848e66bffffffff-2019-03,4
848e66bffffffff-2019-04,6
848e66bffffffff-2019-05,4
848e66bffffffff-2019-07,7
848e66bffffffff-2019-08,5
848e66bffffffff-2019-09,1
848e66bffffffff-2019-10,2
848e66bffffffff-2019-11,1
848e66bffffffff-2019-12,5
848e66bffffffff-2020-01,2
848e66bffffffff-2020-07,2
848e66bffffffff-2020-08,3
848e66bffffffff-2020-09,1
848e66bffffffff-2020-10,2
848e66bffffffff-2020-11,10
848e66bffffffff-2021-02,3
848e66bffffffff-2021-03,2
848e66bffffffff-2021-04,2
848e66bffffffff-2021-05,10
848e66bffffffff-2021-06,8
848e66bffffffff-2021-07,10
848e66bffffffff-2021-08,2
848e66bffffffff-2021-09,11
848e66bffffffff-2021-10,8
848e66bffffffff-2021-11,10
848e66bffffffff-2022-01,3
848e66bffffffff-2022-02,25
848e66bffffffff-2022-03,5
848e66bffffffff-2022-04,3
848e66bffffffff-2022-05,4
848e66bffffffff-2022-06,3
848e66bffffffff-2022-07,9
848e66bffffffff-2022-08,6
848e66bffffffff-2022-10,11
848e66bffffffff-2022-11,7
848e66bffffffff-2022-12,1
848e66bffffffff-2023-01,8
848e66bffffffff-2023-02,1
848e66bffffffff-2023-04,3
848e66bffffffff-2023-05,6
848e66bffffffff-2023-06,6
848e66bffffffff-2023-07,2
848e66bffffffff-2023-08,1
848e66bffffffff-2023-09,6
848e66bffffffff-2023-10,19
848e66bffffffff-2023-11,5
848e681ffffffff-2018-11,2
848e681ffffffff-2022-09,1
848e683ffffffff-2016-12,1
848e683ffffffff-2017-02,1
848e683ffffffff-2018-01,2
848e683ffffffff-2018-07,1
848e683ffffffff-2018-12,1
848e683ffffffff-2019-01,1
848e683ffffffff-2020-07,1
848e683ffffffff-2021-09,8
848e683ffffffff-2022-05,1
848e683ffffffff-2022-07,2
848e685ffffffff-2013-03,1
848e687ffffffff-2015-11,1
848e687ffffffff-2016-10,2
848e687ffffffff-2018-02,1
848e687ffffffff-2018-03,1
848e687ffffffff-2018-08,1
848e687ffffffff-2018-11,2
848e687ffffffff-2019-06,1
848e687ffffffff-2020-09,1
848e687ffffffff-2021-09,1
848e68bffffffff-2019-10,1
848e68bffffffff-2020-01,3
848e693ffffffff-2016-02,1
848e69bffffffff-2018-08,1
848e69bffffffff-2019-02,1
848e69dffffffff-2013-03,1
848e69dffffffff-2023-04,1
848e69dffffffff-2023-06,1
848e69dffffffff-2023-08,3
848e6a5ffffffff-2018-05,1
848e6a5ffffffff-2019-09,1
848e6a5ffffffff-2019-10,1
848e6abffffffff-2016-05,1
848e6abffffffff-2017-05,2
848e6abffffffff-2018-05,2
848e6abffffffff-2019-03,1
848e6abffffffff-2019-05,2
848e6abffffffff-2020-01,3
848e6abffffffff-2020-05,3
848e6abffffffff-2021-05,2
848e6abffffffff-2023-04,2
848e6abffffffff-2023-05,2
848e6b5ffffffff-2018-08,1
848e6b5ffffffff-2021-09,1
848e6b5ffffffff-2022-07,1
848e6b5ffffffff-2023-05,6
848e6b5ffffffff-2023-06,4
848e6b9ffffffff-2017-02,1
848e6b9ffffffff-2018-08,1
848e6b9ffffffff-2020-10,1
848e6b9ffffffff-2022-04,1
848e6b9ffffffff-2022-08,1
848e6b9ffffffff-2022-12,1
848e6b9ffffffff-2023-04,1
848e6b9ffffffff-2023-05,1
848e6c3ffffffff-2013-03,1
848e6c3ffffffff-2017-05,1
848e6c3ffffffff-2017-11,1
848e6c3ffffffff-2017-12,1
848e6c3ffffffff-2018-05,1
848e6c3ffffffff-2019-10,1
848e6c3ffffffff-2020-10,3
848e6c3ffffffff-2022-02,3
848e6c3ffffffff-2023-04,2
848e6c3ffffffff-2023-05,2
848e6c3ffffffff-2023-08,1
848e6c5ffffffff-2017-05,1
848e6c5ffffffff-2019-10,1
848e6c5ffffffff-2021-10,2
848e6c5ffffffff-2023-03,3
848e6c5ffffffff-2023-08,1
848e6c7ffffffff-2014-04,1
848e6c7ffffffff-2019-06,1
848e6c7ffffffff-2021-06,1
848e6c7ffffffff-2021-07,1
848e6c7ffffffff-2022-05,2
848e6d1ffffffff-2019-11,1
848e6d1ffffffff-2020-11,1
848e6d1ffffffff-2021-08,1
848e6d1ffffffff-2021-11,3
848e6d1ffffffff-2023-05,1
848e6d3ffffffff-2019-05,1
848e6ddffffffff-2019-05,1
848e6ddffffffff-2022-05,2
848e6ddffffffff-2022-11,3
848e6ddffffffff-2023-04,1
848e6e9ffffffff-2022-06,1
848e6ebffffffff-2022-08,1
848e6edffffffff-2018-10,2
848e6edffffffff-2018-11,1
848e6edffffffff-2020-12,1
848e6edffffffff-2021-10,1
848e6edffffffff-2022-09,3
848e6edffffffff-2023-07,1
848e759ffffffff-2012-01,1
848e759ffffffff-2012-04,1
848e759ffffffff-2012-10,2
848e759ffffffff-2012-11,1
848e759ffffffff-2013-02,2
848e759ffffffff-2013-07,3
848e759ffffffff-2014-04,1
848e759ffffffff-2014-11,1
848e759ffffffff-2015-04,1
848e759ffffffff-2015-08,1
848e759ffffffff-2015-09,1
848e759ffffffff-2016-04,1
848e759ffffffff-2016-08,1
848e759ffffffff-2016-09,7
848e759ffffffff-2016-11,2
848e759ffffffff-2017-07,2
848e759ffffffff-2018-03,1
848e759ffffffff-2018-04,1
848e759ffffffff-2018-05,2
848e759ffffffff-2018-06,6
848e759ffffffff-2018-07,1
848e759ffffffff-2018-09,3
848e759ffffffff-2018-10,2
848e759ffffffff-2018-12,1
848e759ffffffff-2019-01,3
848e759ffffffff-2019-03,2
848e759ffffffff-2019-04,2
848e759ffffffff-2019-05,1
848e759ffffffff-2019-08,1
848e759ffffffff-2019-09,2
848e759ffffffff-2019-10,1
848e759ffffffff-2019-12,3
848e759ffffffff-2020-01,2
848e759ffffffff-2020-02,6
848e759ffffffff-2020-08,2
848e759ffffffff-2020-09,1
848e759ffffffff-2020-10,7
848e759ffffffff-2020-11,5
848e759ffffffff-2020-12,1
848e759ffffffff-2021-01,2
848e759ffffffff-2021-03,1
848e759ffffffff-2021-05,2
848e759ffffffff-2021-07,3
848e759ffffffff-2021-09,12
848e759ffffffff-2021-10,2
848e759ffffffff-2021-11,5
848e759ffffffff-2021-12,3
848e759ffffffff-2022-01,2
848e759ffffffff-2022-02,3
848e759ffffffff-2022-03,2
848e759ffffffff-2022-05,2
848e759ffffffff-2022-07,2
848e759ffffffff-2022-08,10
848e759ffffffff-2022-09,9
848e759ffffffff-2022-10,6
848e759ffffffff-2022-11,4
848e759ffffffff-2022-12,10
848e759ffffffff-2023-01,6
848e759ffffffff-2023-02,19
848e759ffffffff-2023-03,12
848e759ffffffff-2023-04,2
848e759ffffffff-2023-05,1
848e759ffffffff-2023-06,1
848e759ffffffff-2023-07,4
848e759ffffffff-2023-09,3
848e759ffffffff-2023-10,11
848e759ffffffff-2023-11,1
848e75bffffffff-2023-07,3
848e75bffffffff-2023-08,2
848e75bffffffff-2023-09,1
848e75bffffffff-2023-10,1
848f081ffffffff-2018-09,1
848f081ffffffff-2018-10,2
848f081ffffffff-2019-01,3
848f081ffffffff-2019-12,1
848f081ffffffff-2020-03,1
848f081ffffffff-2022-03,1
848f081ffffffff-2022-04,3
848f081ffffffff-2022-08,4
848f081ffffffff-2022-09,2
848f081ffffffff-2022-10,1
848f081ffffffff-2022-11,1
848f081ffffffff-2022-12,2
848f081ffffffff-2023-02,3
848f081ffffffff-2023-11,3
848f087ffffffff-2013-09,1
848f087ffffffff-2014-03,4
848f087ffffffff-2016-01,3
848f087ffffffff-2016-02,1
848f087ffffffff-2017-01,1
848f087ffffffff-2018-07,2
848f087ffffffff-2018-10,1
848f087ffffffff-2019-02,1
848f087ffffffff-2019-03,2
848f087ffffffff-2020-01,1
848f087ffffffff-2020-02,1
848f087ffffffff-2020-10,2
848f087ffffffff-2021-02,2
848f087ffffffff-2021-03,3
848f087ffffffff-2021-06,2
848f087ffffffff-2021-09,2
848f087ffffffff-2022-01,3
848f087ffffffff-2022-10,2
848f087ffffffff-2023-01,1
848f089ffffffff-2019-01,1
848f089ffffffff-2022-08,1
848f095ffffffff-2013-08,1
848f095ffffffff-2014-01,1
848f095ffffffff-2014-02,2
848f095ffffffff-2016-01,3
848f095ffffffff-2016-02,3
848f095ffffffff-2016-03,3
848f095ffffffff-2017-01,10
848f095ffffffff-2018-01,1
848f095ffffffff-2018-02,3
848f095ffffffff-2018-03,1
848f095ffffffff-2018-05,1
848f095ffffffff-2018-10,1
848f095ffffffff-2018-11,1
848f095ffffffff-2018-12,1
848f095ffffffff-2019-01,2
848f095ffffffff-2019-02,2
848f095ffffffff-2019-10,2
848f095ffffffff-2020-01,6
848f095ffffffff-2020-02,2
848f095ffffffff-2020-03,1
848f095ffffffff-2020-07,1
848f095ffffffff-2020-08,8
848f095ffffffff-2020-09,3
848f095ffffffff-2020-11,1
848f095ffffffff-2021-01,1
848f095ffffffff-2021-02,1
848f095ffffffff-2021-03,6
848f095ffffffff-2021-04,1
848f095ffffffff-2021-11,2
848f095ffffffff-2022-01,1
848f095ffffffff-2022-02,1
848f095ffffffff-2022-03,1
848f095ffffffff-2022-10,2
848f095ffffffff-2022-11,3
848f095ffffffff-2022-12,8
848f095ffffffff-2023-01,1
848f095ffffffff-2023-02,2
848f095ffffffff-2023-03,2
848f095ffffffff-2023-06,1
848f095ffffffff-2023-07,5
848f095ffffffff-2023-08,2
848f095ffffffff-2023-11,6
848f09dffffffff-2020-12,2
848f0b3ffffffff-2013-11,1
848f0b3ffffffff-2016-03,1
848f0b3ffffffff-2016-08,2
848f0b3ffffffff-2017-05,2
848f0b3ffffffff-2018-04,2
848f0b3ffffffff-2018-09,2
848f0b3ffffffff-2018-12,4
848f0b3ffffffff-2019-01,6
848f0b3ffffffff-2019-02,5
848f0b3ffffffff-2019-03,3
848f0b3ffffffff-2019-07,1
848f0b3ffffffff-2019-11,3
848f0b3ffffffff-2019-12,8
848f0b3ffffffff-2020-01,4
848f0b3ffffffff-2020-02,6
848f0b3ffffffff-2020-03,1
848f0b3ffffffff-2020-08,1
848f0b3ffffffff-2020-12,2
848f0b3ffffffff-2021-01,4
848f0b3ffffffff-2021-03,8
848f0b3ffffffff-2021-08,1
848f0b3ffffffff-2021-12,4
848f0b3ffffffff-2022-01,2
848f0b3ffffffff-2022-03,1
848f0b3ffffffff-2022-09,2
848f0b3ffffffff-2022-10,2
848f0b3ffffffff-2022-11,3
848f0b3ffffffff-2023-01,2
848f0b3ffffffff-2023-03,5
848f0b3ffffffff-2023-10,1
848f0b9ffffffff-2014-03,8
848f0b9ffffffff-2020-11,2
848f0b9ffffffff-2021-09,1
848f0bbffffffff-2012-02,1
848f0bbffffffff-2012-03,1
848f0bbffffffff-2013-01,4
848f0bbffffffff-2013-10,1
848f0bbffffffff-2013-11,1
848f0bbffffffff-2014-01,3
848f0bbffffffff-2015-05,1
848f0bbffffffff-2016-03,3
848f0bbffffffff-2016-07,11
848f0bbffffffff-2016-08,4
848f0bbffffffff-2016-10,2
848f0bbffffffff-2016-11,1
848f0bbffffffff-2016-12,8
848f0bbffffffff-2017-01,1
848f0bbffffffff-2017-12,1
848f0bbffffffff-2018-05,1
848f0bbffffffff-2018-06,2
848f0bbffffffff-2018-07,1
848f0bbffffffff-2018-09,10
848f0bbffffffff-2018-10,4
848f0bbffffffff-2018-12,10
848f0bbffffffff-2019-01,12
848f0bbffffffff-2019-02,14
848f0bbffffffff-2019-03,12
848f0bbffffffff-2019-05,5
848f0bbffffffff-2019-07,1
848f0bbffffffff-2019-10,1
848f0bbffffffff-2019-11,12
848f0bbffffffff-2019-12,15
848f0bbffffffff-2020-01,7
848f0bbffffffff-2020-02,5
848f0bbffffffff-2020-03,3
848f0bbffffffff-2020-07,1
848f0bbffffffff-2020-08,7
848f0bbffffffff-2020-10,5
848f0bbffffffff-2020-12,4
848f0bbffffffff-2021-01,9
848f0bbffffffff-2021-03,17
848f0bbffffffff-2021-12,3
848f0bbffffffff-2022-01,2
848f0bbffffffff-2022-03,1
848f0bbffffffff-2022-08,2
848f0bbffffffff-2022-11,10
848f0bbffffffff-2022-12,2
848f0bbffffffff-2023-01,2
848f0bbffffffff-2023-06,1
848f0bbffffffff-2023-08,6
848f0bbffffffff-2023-11,1
848f0c3ffffffff-2013-07,5
848f0d9ffffffff-2014-11,1
848f0d9ffffffff-2020-02,1
848f0d9ffffffff-2021-10,1
848f0ddffffffff-2013-07,1
848f0ddffffffff-2013-11,2
848f0ddffffffff-2014-03,4
848f0ddffffffff-2014-09,3
848f0ddffffffff-2015-09,2
848f0ddffffffff-2016-01,1
848f0ddffffffff-2016-05,1
848f0ddffffffff-2017-01,3
848f0ddffffffff-2017-03,1
848f0ddffffffff-2017-05,1
848f0ddffffffff-2018-01,3
848f0ddffffffff-2018-05,1
848f0ddffffffff-2018-11,1
848f0ddffffffff-2019-01,2
848f0ddffffffff-2019-02,1
848f0ddffffffff-2019-05,4
848f0ddffffffff-2019-07,1
848f0ddffffffff-2020-02,2
848f0ddffffffff-2020-03,1
848f0ddffffffff-2021-05,1
848f0ddffffffff-2022-03,6
848f0ddffffffff-2022-04,2
848f0ddffffffff-2022-05,1
848f0ddffffffff-2022-09,2
848f0ddffffffff-2022-12,3
848f0ddffffffff-2023-01,2
848f0ddffffffff-2023-03,2
848f0ddffffffff-2023-05,1
848f0ddffffffff-2023-08,2
848f213ffffffff-2023-01,1
848f287ffffffff-2020-01,1
848f2a1ffffffff-2012-01,1
848f2a1ffffffff-2012-02,1
848f2a1ffffffff-2013-01,1
848f2a1ffffffff-2013-08,1
848f2a1ffffffff-2013-12,5
848f2a1ffffffff-2014-01,3
848f2a1ffffffff-2014-08,2
848f2a1ffffffff-2015-01,1
848f2a1ffffffff-2015-02,1
848f2a1ffffffff-2015-06,1
848f2a1ffffffff-2015-10,1
848f2a1ffffffff-2016-01,1
848f2a1ffffffff-2016-03,6
848f2a1ffffffff-2016-05,2
848f2a1ffffffff-2016-08,1
848f2a1ffffffff-2017-02,5
848f2a1ffffffff-2017-09,1
848f2a1ffffffff-2017-10,2
848f2a1ffffffff-2018-02,1
848f2a1ffffffff-2018-05,1
848f2a1ffffffff-2018-06,1
848f2a1ffffffff-2018-10,3
848f2a1ffffffff-2018-12,1
848f2a1ffffffff-2019-01,8
848f2a1ffffffff-2019-03,2
848f2a1ffffffff-2019-05,2
848f2a1ffffffff-2019-07,3
848f2a1ffffffff-2019-08,2
848f2a1ffffffff-2019-09,2
848f2a1ffffffff-2019-11,4
848f2a1ffffffff-2019-12,1
848f2a1ffffffff-2020-01,9
848f2a1ffffffff-2020-02,6
848f2a1ffffffff-2020-06,2
848f2a1ffffffff-2020-07,1
848f2a1ffffffff-2020-09,1
848f2a1ffffffff-2021-01,4
848f2a1ffffffff-2021-03,7
848f2a1ffffffff-2021-09,6
848f2a1ffffffff-2021-10,25
848f2a1ffffffff-2021-11,8
848f2a1ffffffff-2021-12,3
848f2a1ffffffff-2022-01,17
848f2a1ffffffff-2022-02,11
848f2a1ffffffff-2022-03,9
848f2a1ffffffff-2022-04,1
848f2a1ffffffff-2022-05,1
848f2a1ffffffff-2022-06,2
848f2a1ffffffff-2022-08,9
848f2a1ffffffff-2022-09,2
848f2a1ffffffff-2022-10,5
848f2a1ffffffff-2022-11,16
848f2a1ffffffff-2022-12,11
848f2a1ffffffff-2023-01,6
848f2a1ffffffff-2023-02,9
848f2a1ffffffff-2023-07,4
848f2a1ffffffff-2023-08,24
848f2a3ffffffff-2020-01,2
848f2a7ffffffff-2012-02,1
848f2a7ffffffff-2012-06,2
848f2a7ffffffff-2012-09,2
848f2a7ffffffff-2012-10,1
848f2a7ffffffff-2012-11,5
848f2a7ffffffff-2012-12,1
848f2a7ffffffff-2013-04,1
848f2a7ffffffff-2013-08,2
848f2a7ffffffff-2013-10,1
848f2a7ffffffff-2013-12,5
848f2a7ffffffff-2014-02,2
848f2a7ffffffff-2014-04,2
848f2a7ffffffff-2014-05,1
848f2a7ffffffff-2014-08,4
848f2a7ffffffff-2014-09,2
848f2a7ffffffff-2014-10,10
848f2a7ffffffff-2014-11,4
848f2a7ffffffff-2015-01,2
848f2a7ffffffff-2015-03,3
848f2a7ffffffff-2015-05,1
848f2a7ffffffff-2015-06,3
848f2a7ffffffff-2015-07,1
848f2a7ffffffff-2015-09,2
848f2a7ffffffff-2015-10,4
848f2a7ffffffff-2015-11,4
848f2a7ffffffff-2016-01,2
848f2a7ffffffff-2016-03,1
848f2a7ffffffff-2016-08,2
848f2a7ffffffff-2016-10,4
848f2a7ffffffff-2016-11,2
848f2a7ffffffff-2017-01,1
848f2a7ffffffff-2017-04,3
848f2a7ffffffff-2017-08,1
848f2a7ffffffff-2017-10,3
848f2a7ffffffff-2017-11,2
848f2a7ffffffff-2017-12,2
848f2a7ffffffff-2018-01,1
848f2a7ffffffff-2018-05,1
848f2a7ffffffff-2018-06,2
848f2a7ffffffff-2018-09,2
848f2a7ffffffff-2018-10,10
848f2a7ffffffff-2018-11,2
848f2a7ffffffff-2018-12,1
848f2a7ffffffff-2019-01,12
848f2a7ffffffff-2019-02,3
848f2a7ffffffff-2019-03,3
848f2a7ffffffff-2019-04,2
848f2a7ffffffff-2019-05,4
848f2a7ffffffff-2019-07,2
848f2a7ffffffff-2019-08,2
848f2a7ffffffff-2019-09,1
848f2a7ffffffff-2019-10,4
848f2a7ffffffff-2019-12,3
848f2a7ffffffff-2020-01,4
848f2a7ffffffff-2020-02,6
848f2a7ffffffff-2020-06,1
848f2a7ffffffff-2020-07,1
848f2a7ffffffff-2020-09,1
848f2a7ffffffff-2020-10,1
848f2a7ffffffff-2020-11,1
848f2a7ffffffff-2021-01,1
848f2a7ffffffff-2021-02,11
848f2a7ffffffff-2021-03,7
848f2a7ffffffff-2021-04,2
848f2a7ffffffff-2021-05,1
848f2a7ffffffff-2021-06,2
848f2a7ffffffff-2021-07,2
848f2a7ffffffff-2021-08,1
848f2a7ffffffff-2021-09,7
848f2a7ffffffff-2021-10,29
848f2a7ffffffff-2021-11,8
848f2a7ffffffff-2021-12,1
848f2a7ffffffff-2022-01,9
848f2a7ffffffff-2022-02,14
848f2a7ffffffff-2022-03,5
848f2a7ffffffff-2022-04,2
848f2a7ffffffff-2022-05,14
848f2a7ffffffff-2022-06,7
848f2a7ffffffff-2022-08,9
848f2a7ffffffff-2022-09,31
848f2a7ffffffff-2022-10,9
848f2a7ffffffff-2022-11,11
848f2a7ffffffff-2022-12,8
848f2a7ffffffff-2023-01,14
848f2a7ffffffff-2023-02,10
848f2a7ffffffff-2023-04,9
848f2a7ffffffff-2023-05,9
848f2a7ffffffff-2023-06,8
848f2a7ffffffff-2023-07,16
848f2a7ffffffff-2023-08,15
848f2a7ffffffff-2023-09,3
848f2a7ffffffff-2023-10,1
848f2a7ffffffff-2023-11,9
848f2a9ffffffff-2020-09,1
848f2a9ffffffff-2021-07,1
848f2a9ffffffff-2021-08,1
848f2b3ffffffff-2018-09,2
848f2b3ffffffff-2019-12,1
848f2b3ffffffff-2020-01,1
848f2b3ffffffff-2020-03,1
848f2b3ffffffff-2021-01,1
848f2b3ffffffff-2022-02,1
848f2b5ffffffff-2016-03,1
848f2b5ffffffff-2016-08,1
848f2b5ffffffff-2020-01,1
848f2b5ffffffff-2020-02,6
848f2b5ffffffff-2020-03,1
848f2b5ffffffff-2020-06,3
848f2b5ffffffff-2020-07,1
848f2b5ffffffff-2020-08,2
848f2b5ffffffff-2020-09,1
848f2b5ffffffff-2020-10,3
848f2b5ffffffff-2020-11,2
848f2b5ffffffff-2020-12,1
848f2b5ffffffff-2021-01,1
848f2b5ffffffff-2021-02,2
848f2b5ffffffff-2021-03,2
848f2b5ffffffff-2021-08,1
848f2b5ffffffff-2021-09,2
848f2b5ffffffff-2021-12,1
848f2b5ffffffff-2022-02,1
848f2b5ffffffff-2022-09,1
848f2b5ffffffff-2022-10,2
848f2b5ffffffff-2022-11,1
848f2b7ffffffff-2018-07,2
848f2b9ffffffff-2020-01,1
848f2b9ffffffff-2023-07,1
848f2bdffffffff-2017-05,1
848f2e1ffffffff-2022-09,1
848f2e1ffffffff-2022-10,3
848f2e7ffffffff-2019-08,2
848f2ebffffffff-2014-12,1
848f2ebffffffff-2015-02,1
848f2ebffffffff-2019-08,1
848f2ebffffffff-2021-09,2
848f2ebffffffff-2022-02,1
848f2ebffffffff-2023-09,2
848f501ffffffff-2014-08,1
848f501ffffffff-2016-01,1
848f501ffffffff-2016-03,1
848f501ffffffff-2022-09,3
848f501ffffffff-2022-10,7
848f505ffffffff-2015-09,1
848f505ffffffff-2015-12,3
848f505ffffffff-2016-02,3
848f505ffffffff-2018-01,1
848f505ffffffff-2018-05,2
848f505ffffffff-2019-07,2
848f505ffffffff-2019-11,3
848f505ffffffff-2019-12,2
848f505ffffffff-2020-02,12
848f505ffffffff-2020-07,1
848f505ffffffff-2020-09,3
848f505ffffffff-2020-10,4
848f505ffffffff-2021-08,9
848f505ffffffff-2021-10,5
848f505ffffffff-2021-11,3
848f505ffffffff-2021-12,6
848f505ffffffff-2022-01,3
848f505ffffffff-2022-02,19
848f505ffffffff-2022-03,2
848f505ffffffff-2022-04,2
848f505ffffffff-2022-09,5
848f505ffffffff-2022-10,6
848f505ffffffff-2022-11,3
848f505ffffffff-2022-12,5
848f505ffffffff-2023-01,2
848f505ffffffff-2023-02,2
848f505ffffffff-2023-03,2
848f531ffffffff-2022-07,1
848f531ffffffff-2023-02,2
848f539ffffffff-2022-10,6
848f561ffffffff-2017-04,1
848f565ffffffff-2023-08,1
848f56dffffffff-2016-06,4
848f56dffffffff-2018-09,2
848f56dffffffff-2020-08,2
848f56dffffffff-2023-06,1
848f56dffffffff-2023-08,1
848f583ffffffff-2018-11,1
848f583ffffffff-2021-07,1
848f583ffffffff-2021-11,2
848f583ffffffff-2022-02,1
848f583ffffffff-2022-03,2
848f583ffffffff-2022-08,2
848f589ffffffff-2022-11,1
848f589ffffffff-2023-07,1
848f595ffffffff-2022-01,1
848f597ffffffff-2021-10,5
848f597ffffffff-2022-03,1
848f597ffffffff-2023-06,2
848f597ffffffff-2023-10,6
848f597ffffffff-2023-11,4
848f5b7ffffffff-2019-09,1
848f5b7ffffffff-2020-02,2
848f5b7ffffffff-2021-03,1
848f5b9ffffffff-2012-10,1
848f5b9ffffffff-2013-02,2
848f5b9ffffffff-2013-06,2
848f5b9ffffffff-2013-08,1
848f5b9ffffffff-2013-11,1
848f5b9ffffffff-2015-01,1
848f5b9ffffffff-2015-05,1
848f5b9ffffffff-2015-06,1
848f5b9ffffffff-2016-07,2
848f5b9ffffffff-2016-08,1
848f5b9ffffffff-2017-07,2
848f5b9ffffffff-2018-02,1
848f5b9ffffffff-2018-06,6
848f5b9ffffffff-2018-11,1
848f5b9ffffffff-2019-07,4
848f5b9ffffffff-2019-08,1
848f5b9ffffffff-2019-10,1
848f5b9ffffffff-2020-11,7
848f5b9ffffffff-2020-12,2
848f5b9ffffffff-2021-04,3
848f5b9ffffffff-2021-07,3
848f5b9ffffffff-2021-10,2
848f5b9ffffffff-2021-11,1
848f5b9ffffffff-2022-01,1
848f5b9ffffffff-2022-03,2
848f5b9ffffffff-2022-04,20
848f5b9ffffffff-2022-05,2
848f5b9ffffffff-2022-06,1
848f5b9ffffffff-2022-07,3
848f5b9ffffffff-2022-08,8
848f5b9ffffffff-2022-09,4
848f5b9ffffffff-2022-11,3
848f5b9ffffffff-2022-12,1
848f5b9ffffffff-2023-01,4
848f5b9ffffffff-2023-02,6
848f5b9ffffffff-2023-04,7
848f5b9ffffffff-2023-07,8
848f5b9ffffffff-2023-08,4
848f5e7ffffffff-2017-09,1
848f5e7ffffffff-2019-01,6
848f5e7ffffffff-2021-10,1
848f5e7ffffffff-2021-11,1
848f5e7ffffffff-2021-12,6
848f5e7ffffffff-2022-01,5
848f5e7ffffffff-2022-10,2
848f5e7ffffffff-2022-12,2
848f5e7ffffffff-2023-03,1
848f5edffffffff-2019-01,1
848f5edffffffff-2021-12,1
848f5edffffffff-2022-01,1
848f5edffffffff-2022-03,3
848f5edffffffff-2023-02,1
848f767ffffffff-2015-07,1
848fa65ffffffff-2018-06,1
848fa65ffffffff-2019-07,1
848fa6dffffffff-2017-03,1
848fa6dffffffff-2018-04,2
848fa6dffffffff-2018-05,1
848fa6dffffffff-2018-09,1
848fa6dffffffff-2018-10,2
848fa6dffffffff-2018-11,1
848fa6dffffffff-2019-04,3
848fa6dffffffff-2019-05,1
848fa6dffffffff-2019-08,10
848fa6dffffffff-2019-11,2
848fa6dffffffff-2021-02,1
848fa6dffffffff-2021-03,1
848fa6dffffffff-2021-04,1
848fa6dffffffff-2021-05,1
848fa6dffffffff-2022-03,1
848fa6dffffffff-2023-04,2
848fa6dffffffff-2023-05,1
848fa6dffffffff-2023-06,16
848fa6dffffffff-2023-09,2
848fa6dffffffff-2023-10,11
848fa6dffffffff-2023-11,4
84a8127ffffffff-2020-01,10
84a8127ffffffff-2020-02,17
84a8127ffffffff-2023-03,5
84a8315ffffffff-2023-10,1
84a8617ffffffff-2017-08,1
84a865bffffffff-2014-08,1
84a865bffffffff-2014-09,2
84a865bffffffff-2014-12,2
84a865bffffffff-2015-04,2
84a865bffffffff-2015-05,2
84a865bffffffff-2015-07,3
84a865bffffffff-2015-08,2
84a865bffffffff-2015-10,1
84a865bffffffff-2016-03,1
84a865bffffffff-2016-06,1
84a865bffffffff-2016-07,1
84a865bffffffff-2016-08,1
84a865bffffffff-2016-11,1
84a865bffffffff-2017-01,1
84a865bffffffff-2017-07,1
84a865bffffffff-2017-08,4
84a865bffffffff-2018-04,3
84a865bffffffff-2018-08,6
84a865bffffffff-2019-04,2
84a865bffffffff-2019-07,1
84a865bffffffff-2019-10,1
84a865bffffffff-2020-02,1
84a865bffffffff-2020-06,3
84a865bffffffff-2020-07,3
84a865bffffffff-2021-02,1
84a865bffffffff-2021-05,10
84a865bffffffff-2021-06,7
84a865bffffffff-2021-07,18
84a865bffffffff-2021-09,1
84a865bffffffff-2022-03,3
84a865bffffffff-2022-05,1
84a865bffffffff-2022-07,9
84a865bffffffff-2022-08,6
84a865bffffffff-2022-10,1
84a865bffffffff-2023-01,3
84a865bffffffff-2023-04,6
84a865bffffffff-2023-06,8
84a865bffffffff-2023-07,10
84a865bffffffff-2023-09,1
84a8a03ffffffff-2021-12,4
84a8a03ffffffff-2022-10,3
84a8a03ffffffff-2023-07,5
84a8a07ffffffff-2017-12,1
84a8a07ffffffff-2019-10,2
84a8a07ffffffff-2021-10,5
84a8a07ffffffff-2021-11,6
84a8a1bffffffff-2020-02,3
84a8a1bffffffff-2023-03,11
84a8a21ffffffff-2019-02,2
84a8a21ffffffff-2020-01,2
84a8a21ffffffff-2021-05,1
84a8a21ffffffff-2022-03,1
84a8a21ffffffff-2022-04,2
84a9013ffffffff-2020-05,1
84a9051ffffffff-2012-06,1
84a9051ffffffff-2012-11,1
84a9051ffffffff-2013-10,1
84a9051ffffffff-2013-11,1
84a9051ffffffff-2013-12,12
84a9051ffffffff-2014-01,5
84a9051ffffffff-2014-09,2
84a9051ffffffff-2015-03,3
84a9051ffffffff-2015-05,5
84a9051ffffffff-2015-06,2
84a9051ffffffff-2015-08,1
84a9051ffffffff-2015-10,1
84a9051ffffffff-2015-11,2
84a9051ffffffff-2016-03,2
84a9051ffffffff-2016-04,6
84a9051ffffffff-2016-05,8
84a9051ffffffff-2016-10,2
84a9051ffffffff-2016-11,8
84a9051ffffffff-2017-02,1
84a9051ffffffff-2017-04,1
84a9051ffffffff-2017-05,1
84a9051ffffffff-2017-06,1
84a9051ffffffff-2017-09,1
84a9051ffffffff-2017-10,8
84a9051ffffffff-2017-11,1
84a9051ffffffff-2018-01,1
84a9051ffffffff-2018-10,1
84a9051ffffffff-2018-11,2
84a9051ffffffff-2019-01,3
84a9051ffffffff-2019-04,2
84a9051ffffffff-2019-05,3
84a9051ffffffff-2019-08,7
84a9051ffffffff-2019-11,9
84a9051ffffffff-2020-01,1
84a9051ffffffff-2020-02,2
84a9051ffffffff-2020-06,2
84a9051ffffffff-2020-07,1
84a9051ffffffff-2020-09,10
84a9051ffffffff-2020-10,6
84a9051ffffffff-2020-11,4
84a9051ffffffff-2021-01,1
84a9051ffffffff-2021-04,4
84a9051ffffffff-2021-05,31
84a9051ffffffff-2021-07,4
84a9051ffffffff-2021-09,2
84a9051ffffffff-2021-10,12
84a9051ffffffff-2021-11,4
84a9051ffffffff-2021-12,8
84a9051ffffffff-2022-01,5
84a9051ffffffff-2022-02,1
84a9051ffffffff-2022-03,10
84a9051ffffffff-2022-04,5
84a9051ffffffff-2022-05,1
84a9051ffffffff-2022-06,9
84a9051ffffffff-2022-07,6
84a9051ffffffff-2022-08,1
84a9051ffffffff-2022-10,9
84a9051ffffffff-2022-11,7
84a9051ffffffff-2023-01,2
84a9051ffffffff-2023-03,6
84a9051ffffffff-2023-04,2
84a9051ffffffff-2023-05,17
84a9051ffffffff-2023-06,3
84a9051ffffffff-2023-07,17
84a9051ffffffff-2023-08,12
84a9051ffffffff-2023-09,2
84a9051ffffffff-2023-10,11
84a9051ffffffff-2023-11,8
84a9057ffffffff-2013-10,1
84a9057ffffffff-2015-11,1
84a9057ffffffff-2016-02,1
84a9057ffffffff-2016-11,1
84a9057ffffffff-2017-04,1
84a9057ffffffff-2017-06,1
84a9057ffffffff-2021-04,2
84a9057ffffffff-2023-01,1
84a9057ffffffff-2023-06,1
84a9057ffffffff-2023-09,1
84a92e1ffffffff-2016-04,1
84a9411ffffffff-2022-09,9
84a9411ffffffff-2022-10,3
84a9419ffffffff-2022-09,1
84a9419ffffffff-2022-10,1
84a94b3ffffffff-2023-04,1
84a94c7ffffffff-2022-08,2
84a94d5ffffffff-2023-02,2
84a94e5ffffffff-2015-09,1
84a9603ffffffff-2022-08,1
84a9603ffffffff-2023-06,1
84a9603ffffffff-2023-09,1
84a9607ffffffff-2020-07,1
84a9607ffffffff-2023-08,1
84a960bffffffff-2023-02,1
84a960bffffffff-2023-05,2
84a960bffffffff-2023-06,5
84a9611ffffffff-2018-04,2
84a9611ffffffff-2021-07,5
84a9611ffffffff-2023-05,2
84a9611ffffffff-2023-10,4
84a9613ffffffff-2021-08,1
84a9613ffffffff-2022-05,1
84a9615ffffffff-2023-08,2
84a9617ffffffff-2018-04,1
84a9617ffffffff-2021-08,1
84a961dffffffff-2023-06,1
84a961dffffffff-2023-07,1
84a961dffffffff-2023-08,5
84a961dffffffff-2023-09,2
84a963dffffffff-2018-11,1
84a963dffffffff-2023-05,1
84a9651ffffffff-2022-09,1
84a9653ffffffff-2018-06,3
84a9653ffffffff-2021-12,1
84a9657ffffffff-2022-07,2
84a9657ffffffff-2022-08,1
84a9657ffffffff-2022-09,3
84a9657ffffffff-2022-10,1
84a9657ffffffff-2022-12,4
84a9657ffffffff-2023-01,1
84a9657ffffffff-2023-05,1
84a9657ffffffff-2023-07,2
84a9657ffffffff-2023-08,1
84a9659ffffffff-2023-03,1
84a9659ffffffff-2023-08,2
84a96adffffffff-2021-08,4
84a96adffffffff-2021-09,15
84a96adffffffff-2022-10,8
84a96adffffffff-2022-11,4
84a96adffffffff-2023-04,9
84a96adffffffff-2023-05,7
84a96adffffffff-2023-08,1
84a96d3ffffffff-2019-07,3
84a96dbffffffff-2022-05,1
84a96e7ffffffff-2023-05,1
84a96e9ffffffff-2023-02,1
84a96e9ffffffff-2023-08,1
84a96edffffffff-2023-08,1
84b2007ffffffff-2020-10,4
84b2037ffffffff-2018-11,1
84b2037ffffffff-2018-12,1
84b2037ffffffff-2019-01,2
84b2037ffffffff-2019-07,3
84b2037ffffffff-2019-08,2
84b2037ffffffff-2020-11,2
84b2037ffffffff-2020-12,1
84b2037ffffffff-2021-04,1
84b2037ffffffff-2022-09,2
84b205bffffffff-2022-01,2
84b205bffffffff-2023-03,3
84b208dffffffff-2016-02,2
84b208dffffffff-2018-01,1
84b208dffffffff-2019-01,4
84b208dffffffff-2022-05,1
84b20abffffffff-2019-01,5
84b20abffffffff-2020-01,1
84b20c7ffffffff-2017-01,1
84b20c7ffffffff-2019-01,1
84b20c7ffffffff-2019-03,2
84b20c7ffffffff-2019-10,3
84b20c7ffffffff-2020-01,1
84b20cbffffffff-2017-12,1
84b20cbffffffff-2020-02,1
84b20cdffffffff-2012-01,2
84b20cdffffffff-2014-03,1
84b20cdffffffff-2021-02,2
84b20cdffffffff-2022-03,1
84b20cdffffffff-2022-04,1
84b20cdffffffff-2023-04,2
84b2197ffffffff-2017-01,5
84b2197ffffffff-2018-02,1
84b2197ffffffff-2020-02,1
84b2197ffffffff-2021-05,2
84b2197ffffffff-2021-06,1
84b2197ffffffff-2021-09,1
84b21bbffffffff-2015-06,14
84b21bbffffffff-2015-07,3
84b21bbffffffff-2015-10,3
84b21bbffffffff-2015-11,2
84b21bbffffffff-2016-03,1
84b21bbffffffff-2016-05,11
84b21bbffffffff-2016-06,2
84b21bbffffffff-2016-08,3
84b21bbffffffff-2016-11,1
84b21bbffffffff-2017-02,7
84b21bbffffffff-2018-02,1
84b21bbffffffff-2018-03,4
84b21bbffffffff-2018-05,6
84b21bbffffffff-2018-07,4
84b21bbffffffff-2020-07,3
84b21bbffffffff-2021-09,2
84b21bbffffffff-2022-05,9
84b21bbffffffff-2022-06,3
84b21bbffffffff-2022-10,1
84b2213ffffffff-2020-01,2
84b2213ffffffff-2020-08,1
84b2213ffffffff-2021-04,2
84b2213ffffffff-2021-10,2
84b2213ffffffff-2022-05,2
84b2213ffffffff-2022-10,3
84b2213ffffffff-2023-04,2
84b2213ffffffff-2023-10,1
84b221bffffffff-2020-01,2
84b221bffffffff-2020-08,1
84b221bffffffff-2021-10,1
84b221bffffffff-2022-05,1
84b221bffffffff-2022-10,5
84b221bffffffff-2023-03,1
84b221bffffffff-2023-04,1
84b221bffffffff-2023-10,1
84b2253ffffffff-2017-03,1
84b2259ffffffff-2012-04,1
84b2259ffffffff-2012-07,4
84b2259ffffffff-2013-01,1
84b2259ffffffff-2013-04,1
84b2259ffffffff-2013-08,10
84b2259ffffffff-2013-11,1
84b2259ffffffff-2013-12,3
84b2259ffffffff-2014-01,1
84b2259ffffffff-2014-05,1
84b2259ffffffff-2014-06,2
84b2259ffffffff-2014-07,7
84b2259ffffffff-2014-11,2
84b2259ffffffff-2014-12,1
84b2259ffffffff-2015-02,10
84b2259ffffffff-2015-04,2
84b2259ffffffff-2015-05,2
84b2259ffffffff-2015-07,3
84b2259ffffffff-2015-08,2
84b2259ffffffff-2015-12,3
84b2259ffffffff-2016-01,3
84b2259ffffffff-2016-02,10
84b2259ffffffff-2016-04,2
84b2259ffffffff-2016-06,3
84b2259ffffffff-2016-08,5
84b2259ffffffff-2016-10,1
84b2259ffffffff-2016-11,1
84b2259ffffffff-2016-12,3
84b2259ffffffff-2017-01,3
84b2259ffffffff-2017-03,2
84b2259ffffffff-2017-05,1
84b2259ffffffff-2017-06,1
84b2259ffffffff-2017-07,1
84b2259ffffffff-2017-08,4
84b2259ffffffff-2017-09,3
84b2259ffffffff-2017-10,4
84b2259ffffffff-2017-11,4
84b2259ffffffff-2017-12,2
84b2259ffffffff-2018-01,8
84b2259ffffffff-2018-02,5
84b2259ffffffff-2018-03,4
84b2259ffffffff-2018-04,1
84b2259ffffffff-2018-05,4
84b2259ffffffff-2018-06,6
84b2259ffffffff-2018-07,1
84b2259ffffffff-2018-08,4
84b2259ffffffff-2018-09,2
84b2259ffffffff-2018-10,1
84b2259ffffffff-2018-11,2
84b2259ffffffff-2018-12,1
84b2259ffffffff-2019-01,3
84b2259ffffffff-2019-02,1
84b2259ffffffff-2019-03,2
84b2259ffffffff-2019-04,2
84b2259ffffffff-2019-05,2
84b2259ffffffff-2019-06,21
84b2259ffffffff-2019-07,10
84b2259ffffffff-2019-08,6
84b2259ffffffff-2019-09,5
84b2259ffffffff-2019-10,4
84b2259ffffffff-2019-11,3
84b2259ffffffff-2020-01,2
84b2259ffffffff-2020-02,2
84b2259ffffffff-2020-03,1
84b2259ffffffff-2020-10,2
84b2259ffffffff-2021-10,1
84b2259ffffffff-2021-11,1
84b2259ffffffff-2021-12,1
84b2259ffffffff-2022-03,4
84b2259ffffffff-2022-04,2
84b2259ffffffff-2022-05,2
84b2259ffffffff-2022-06,5
84b2259ffffffff-2022-07,11
84b2259ffffffff-2022-08,4
84b2259ffffffff-2022-09,2
84b2259ffffffff-2022-10,10
84b2259ffffffff-2022-11,2
84b2259ffffffff-2022-12,19
84b2259ffffffff-2023-01,5
84b2259ffffffff-2023-02,4
84b2259ffffffff-2023-03,1
84b2259ffffffff-2023-04,2
84b2259ffffffff-2023-05,2
84b2259ffffffff-2023-06,1
84b2259ffffffff-2023-07,2
84b2259ffffffff-2023-08,5
84b2259ffffffff-2023-09,4
84b2259ffffffff-2023-10,8
84b2259ffffffff-2023-11,4
84b225bffffffff-2012-06,1
84b225bffffffff-2013-01,1
84b225bffffffff-2013-02,1
84b225bffffffff-2013-07,2
84b225bffffffff-2013-08,10
84b225bffffffff-2014-07,15
84b225bffffffff-2014-09,1
84b225bffffffff-2015-02,7
84b225bffffffff-2015-07,4
84b225bffffffff-2016-02,12
84b225bffffffff-2016-04,1
84b225bffffffff-2018-01,2
84b225bffffffff-2019-07,1
84b225bffffffff-2022-10,1
84b225bffffffff-2023-03,1
84b2261ffffffff-2020-02,1
84b2263ffffffff-2022-05,4
84b2283ffffffff-2017-02,1
84b2283ffffffff-2018-02,1
84b2283ffffffff-2021-07,1
84b2283ffffffff-2022-01,1
84b2283ffffffff-2022-05,1
84b2287ffffffff-2017-02,1
84b228bffffffff-2014-03,1
84b228bffffffff-2017-02,1
84b228bffffffff-2017-04,3
84b228bffffffff-2017-10,1
84b228bffffffff-2018-01,2
84b228bffffffff-2018-11,1
84b228bffffffff-2019-02,1
84b228bffffffff-2019-03,1
84b228bffffffff-2019-11,6
84b228bffffffff-2020-03,3
84b228bffffffff-2021-07,1
84b228bffffffff-2021-09,1
84b228bffffffff-2021-11,1
84b228bffffffff-2021-12,2
84b228bffffffff-2022-01,4
84b228bffffffff-2022-03,4
84b228bffffffff-2022-08,1
84b228bffffffff-2022-09,6
84b228bffffffff-2023-02,5
84b228bffffffff-2023-03,6
84b228bffffffff-2023-10,12
84b2291ffffffff-2023-03,1
84b229dffffffff-2014-03,1
84b229dffffffff-2017-07,1
84b229dffffffff-2018-01,3
84b229dffffffff-2018-02,4
84b229dffffffff-2020-01,3
84b229dffffffff-2020-03,2
84b229dffffffff-2021-12,2
84b229dffffffff-2022-09,2
84b229dffffffff-2023-04,1
84b22a5ffffffff-2012-01,2
84b22a5ffffffff-2013-09,2
84b22a5ffffffff-2013-12,1
84b22a5ffffffff-2015-06,1
84b22a5ffffffff-2015-09,2
84b22a5ffffffff-2018-06,1
84b22a5ffffffff-2019-01,2
84b22a5ffffffff-2019-04,1
84b22a5ffffffff-2020-10,1
84b22a5ffffffff-2021-02,3
84b22a5ffffffff-2021-11,1
84b22a5ffffffff-2022-03,2
84b22a5ffffffff-2022-11,1
84b22a5ffffffff-2023-04,1
84b22a5ffffffff-2023-05,1
84b22a5ffffffff-2023-10,1
84b22a5ffffffff-2023-11,5
84b22a7ffffffff-2012-01,2
84b22a7ffffffff-2017-01,1
84b22a7ffffffff-2017-09,2
84b22a7ffffffff-2023-11,5
84b22abffffffff-2022-10,1
84b22adffffffff-2015-11,1
84b22adffffffff-2023-03,3
84b22b5ffffffff-2013-11,1
84b22b5ffffffff-2016-02,2
84b22b5ffffffff-2017-06,3
84b22b5ffffffff-2017-07,1
84b22b5ffffffff-2017-12,1
84b22b5ffffffff-2018-02,2
84b22b5ffffffff-2019-03,1
84b22b5ffffffff-2019-08,1
84b22b5ffffffff-2020-02,2
84b22b5ffffffff-2021-07,1
84b22b5ffffffff-2021-12,4
84b22b5ffffffff-2022-01,1
84b22b5ffffffff-2022-03,4
84b22b5ffffffff-2022-07,2
84b22b5ffffffff-2022-08,2
84b22b5ffffffff-2022-09,1
84b22b5ffffffff-2022-10,3
84b22b5ffffffff-2023-01,2
84b22b5ffffffff-2023-02,1
84b22b5ffffffff-2023-09,1
84b22b5ffffffff-2023-11,1
84b22b7ffffffff-2021-09,1
84b22b9ffffffff-2021-09,1
84b22bdffffffff-2013-12,1
84b22bdffffffff-2022-03,1
84b22c3ffffffff-2023-03,3
84b22d7ffffffff-2021-11,1
84b22d7ffffffff-2023-02,6
84b22d7ffffffff-2023-03,2
84b22d7ffffffff-2023-10,3
84b22d9ffffffff-2021-02,1
84b22d9ffffffff-2023-05,4
84b22d9ffffffff-2023-07,1
84b22d9ffffffff-2023-10,2
84b22dbffffffff-2015-10,1
84b22ddffffffff-2018-02,1
84b22ddffffffff-2019-04,2
84b22ddffffffff-2020-05,1
84b22ddffffffff-2020-06,1
84b22ddffffffff-2020-10,2
84b22ddffffffff-2021-08,3
84b22ddffffffff-2022-02,2
84b22ddffffffff-2022-03,3
84b22ddffffffff-2023-06,5
84b22e5ffffffff-2017-10,3
84b22e7ffffffff-2015-11,4
84b22e7ffffffff-2017-09,2
84b22e7ffffffff-2017-10,4
84b22e7ffffffff-2018-11,3
84b2409ffffffff-2023-07,1
84b2411ffffffff-2015-06,2
84b2411ffffffff-2020-07,1
84b2411ffffffff-2020-08,1
84b2411ffffffff-2020-10,4
84b2411ffffffff-2021-02,1
84b2411ffffffff-2022-12,1
84b2411ffffffff-2023-10,4
84b2413ffffffff-2012-02,4
84b2413ffffffff-2012-03,5
84b2413ffffffff-2012-04,4
84b2413ffffffff-2012-07,1
84b2413ffffffff-2012-08,1
84b2413ffffffff-2012-11,5
84b2413ffffffff-2012-12,1
84b2413ffffffff-2013-01,4
84b2413ffffffff-2013-02,5
84b2413ffffffff-2013-06,1
84b2413ffffffff-2013-08,2
84b2413ffffffff-2013-10,3
84b2413ffffffff-2013-11,1
84b2413ffffffff-2014-02,3
84b2413ffffffff-2014-03,2
84b2413ffffffff-2014-04,1
84b2413ffffffff-2014-05,2
84b2413ffffffff-2014-06,1
84b2413ffffffff-2014-09,7
84b2413ffffffff-2014-10,12
84b2413ffffffff-2014-11,1
84b2413ffffffff-2015-02,10
84b2413ffffffff-2015-03,10
84b2413ffffffff-2015-04,4
84b2413ffffffff-2015-05,2
84b2413ffffffff-2015-06,11
84b2413ffffffff-2015-07,12
84b2413ffffffff-2015-08,5
84b2413ffffffff-2015-09,6
84b2413ffffffff-2015-10,7
84b2413ffffffff-2015-11,9
84b2413ffffffff-2015-12,4
84b2413ffffffff-2016-01,2
84b2413ffffffff-2016-02,12
84b2413ffffffff-2016-03,4
84b2413ffffffff-2016-05,24
84b2413ffffffff-2016-06,4
84b2413ffffffff-2016-07,7
84b2413ffffffff-2016-08,8
84b2413ffffffff-2016-09,4
84b2413ffffffff-2016-10,4
84b2413ffffffff-2016-11,7
84b2413ffffffff-2016-12,7
84b2413ffffffff-2017-01,21
84b2413ffffffff-2017-02,6
84b2413ffffffff-2017-03,6
84b2413ffffffff-2017-04,3
84b2413ffffffff-2017-05,9
84b2413ffffffff-2017-06,2
84b2413ffffffff-2017-07,1
84b2413ffffffff-2017-09,4
84b2413ffffffff-2017-10,7
84b2413ffffffff-2017-11,5
84b2413ffffffff-2017-12,5
84b2413ffffffff-2018-01,5
84b2413ffffffff-2018-02,10
84b2413ffffffff-2018-03,15
84b2413ffffffff-2018-04,10
84b2413ffffffff-2018-05,5
84b2413ffffffff-2018-06,7
84b2413ffffffff-2018-07,4
84b2413ffffffff-2018-08,10
84b2413ffffffff-2018-09,25
84b2413ffffffff-2018-10,44
84b2413ffffffff-2018-11,8
84b2413ffffffff-2018-12,17
84b2413ffffffff-2019-01,12
84b2413ffffffff-2019-02,6
84b2413ffffffff-2019-03,7
84b2413ffffffff-2019-04,1
84b2413ffffffff-2019-05,13
84b2413ffffffff-2019-06,8
84b2413ffffffff-2019-07,9
84b2413ffffffff-2019-08,8
84b2413ffffffff-2019-09,16
84b2413ffffffff-2019-10,19
84b2413ffffffff-2019-11,11
84b2413ffffffff-2019-12,11
84b2413ffffffff-2020-01,11
84b2413ffffffff-2020-02,10
84b2413ffffffff-2020-03,4
84b2413ffffffff-2020-06,7
84b2413ffffffff-2020-07,9
84b2413ffffffff-2020-08,2
84b2413ffffffff-2020-09,2
84b2413ffffffff-2020-10,18
84b2413ffffffff-2020-11,14
84b2413ffffffff-2020-12,24
84b2413ffffffff-2021-01,11
84b2413ffffffff-2021-02,5
84b2413ffffffff-2021-03,7
84b2413ffffffff-2021-04,25
84b2413ffffffff-2021-05,42
84b2413ffffffff-2021-06,3
84b2413ffffffff-2021-07,39
84b2413ffffffff-2021-08,7
84b2413ffffffff-2021-09,27
84b2413ffffffff-2021-10,32
84b2413ffffffff-2021-11,29
84b2413ffffffff-2021-12,48
84b2413ffffffff-2022-01,27
84b2413ffffffff-2022-02,30
84b2413ffffffff-2022-03,15
84b2413ffffffff-2022-04,16
84b2413ffffffff-2022-05,21
84b2413ffffffff-2022-06,10
84b2413ffffffff-2022-07,27
84b2413ffffffff-2022-08,14
84b2413ffffffff-2022-09,26
84b2413ffffffff-2022-10,97
84b2413ffffffff-2022-11,61
84b2413ffffffff-2022-12,35
84b2413ffffffff-2023-01,34
84b2413ffffffff-2023-02,17
84b2413ffffffff-2023-03,22
84b2413ffffffff-2023-04,23
84b2413ffffffff-2023-05,24
84b2413ffffffff-2023-06,9
84b2413ffffffff-2023-07,35
84b2413ffffffff-2023-08,11
84b2413ffffffff-2023-09,91
84b2413ffffffff-2023-10,61
84b2413ffffffff-2023-11,27
84b2419ffffffff-2018-04,1
84b2419ffffffff-2018-05,1
84b2419ffffffff-2020-11,1
84b2419ffffffff-2021-02,1
84b241bffffffff-2012-12,1
84b241bffffffff-2018-01,2
84b241bffffffff-2019-11,2
84b241bffffffff-2019-12,2
84b241bffffffff-2022-03,1
84b241bffffffff-2022-08,1
84b241bffffffff-2022-11,1
84b241dffffffff-2018-05,6
84b242bffffffff-2020-03,1
84b242bffffffff-2020-09,2
84b242bffffffff-2021-03,1
84b242bffffffff-2022-04,1
84b242bffffffff-2023-01,7
84b242bffffffff-2023-09,2
84b242bffffffff-2023-10,4
84b242bffffffff-2023-11,3
84b2433ffffffff-2023-05,1
84b2437ffffffff-2018-05,3
84b2437ffffffff-2023-09,1
84b2445ffffffff-2022-06,1
84b244dffffffff-2023-04,5
84b244dffffffff-2023-05,7
84b2451ffffffff-2018-03,4
84b2453ffffffff-2015-06,1
84b2453ffffffff-2018-03,4
84b2453ffffffff-2018-05,3
84b2453ffffffff-2018-06,1
84b2453ffffffff-2020-09,1
84b2453ffffffff-2020-10,1
84b2453ffffffff-2020-11,1
84b2453ffffffff-2021-10,9
84b2453ffffffff-2023-03,2
84b2453ffffffff-2023-07,1
84b2453ffffffff-2023-09,1
84b2453ffffffff-2023-10,2
84b2457ffffffff-2018-05,6
84b245dffffffff-2015-02,2
84b245dffffffff-2016-05,1
84b245dffffffff-2019-04,1
84b245dffffffff-2019-07,2
84b245dffffffff-2021-07,5
84b2461ffffffff-2022-03,1
84b2461ffffffff-2023-03,1
84b2461ffffffff-2023-04,1
84b2463ffffffff-2012-04,1
84b2463ffffffff-2014-08,1
84b2463ffffffff-2016-03,1
84b2463ffffffff-2017-01,4
84b2463ffffffff-2017-04,1
84b2463ffffffff-2017-05,1
84b2463ffffffff-2018-03,2
84b2463ffffffff-2018-12,3
84b2463ffffffff-2019-11,2
84b2463ffffffff-2020-02,9
84b2463ffffffff-2020-11,1
84b2463ffffffff-2020-12,1
84b2463ffffffff-2021-02,1
84b2463ffffffff-2021-04,1
84b2463ffffffff-2021-05,1
84b2463ffffffff-2022-02,2
84b2463ffffffff-2022-12,1
84b2463ffffffff-2023-01,8
84b2463ffffffff-2023-03,1
84b2463ffffffff-2023-04,5
84b2463ffffffff-2023-06,2
84b2463ffffffff-2023-11,1
84b2467ffffffff-2020-02,6
84b2467ffffffff-2023-04,1
84b2469ffffffff-2017-01,1
84b2469ffffffff-2019-05,1
84b2469ffffffff-2022-03,1
84b2469ffffffff-2023-03,1
84b246dffffffff-2023-03,1
84b2481ffffffff-2019-05,1
84b2481ffffffff-2019-06,1
84b2481ffffffff-2019-10,1
84b248bffffffff-2017-11,1
84b248bffffffff-2018-06,1
84b248bffffffff-2018-12,1
84b248bffffffff-2019-01,1
84b248bffffffff-2019-03,1
84b248bffffffff-2019-04,2
84b248bffffffff-2019-10,1
84b248bffffffff-2019-12,1
84b248bffffffff-2020-01,8
84b248bffffffff-2020-05,1
84b2497ffffffff-2019-12,1
84b2499ffffffff-2019-12,2
84b2499ffffffff-2020-08,1
84b2499ffffffff-2020-12,2
84b2499ffffffff-2021-09,1
84b2499ffffffff-2021-11,5
84b2499ffffffff-2022-08,1
84b2499ffffffff-2022-09,3
84b2499ffffffff-2023-08,2
84b249dffffffff-2020-08,3
84b249dffffffff-2020-09,3
84b24a1ffffffff-2019-10,1
84b24a1ffffffff-2020-10,2
84b24a1ffffffff-2020-11,1
84b24a1ffffffff-2020-12,1
84b24a1ffffffff-2021-01,3
84b24a1ffffffff-2021-03,3
84b24a1ffffffff-2021-04,3
84b24a1ffffffff-2021-05,1
84b24a1ffffffff-2021-07,1
84b24a1ffffffff-2021-11,2
84b24a1ffffffff-2022-10,1
84b24a3ffffffff-2018-07,5
84b24a3ffffffff-2021-04,1
84b24a3ffffffff-2021-05,4
84b24a3ffffffff-2021-06,2
84b24a3ffffffff-2021-07,21
84b24a3ffffffff-2021-08,5
84b24a5ffffffff-2016-12,1
84b24a5ffffffff-2017-05,3
84b24a5ffffffff-2019-11,3
84b24a7ffffffff-2016-10,2
84b24a7ffffffff-2017-12,1
84b24a7ffffffff-2018-07,10
84b24a7ffffffff-2018-10,1
84b24a7ffffffff-2020-02,2
84b24a7ffffffff-2021-04,3
84b24a7ffffffff-2021-05,5
84b24a7ffffffff-2023-07,2
84b24a9ffffffff-2016-11,7
84b24a9ffffffff-2019-05,1
84b24a9ffffffff-2019-11,2
84b24a9ffffffff-2020-02,2
84b24a9ffffffff-2020-07,1
84b24a9ffffffff-2021-04,1
84b24a9ffffffff-2021-07,4
84b24a9ffffffff-2022-01,2
84b24a9ffffffff-2023-07,1
84b24abffffffff-2013-07,1
84b24abffffffff-2013-08,1
84b24abffffffff-2014-03,1
84b24abffffffff-2016-09,1
84b24abffffffff-2016-10,1
84b24abffffffff-2018-05,1
84b24abffffffff-2023-03,1
84b24adffffffff-2016-01,1
84b24adffffffff-2016-12,2
84b24adffffffff-2020-02,5
84b24adffffffff-2020-07,1
84b24adffffffff-2020-10,1
84b24adffffffff-2021-07,1
84b24adffffffff-2021-09,3
84b24adffffffff-2021-10,2
84b24adffffffff-2023-09,1
84b24b3ffffffff-2019-08,2
84b24b5ffffffff-2015-01,1
84b24b5ffffffff-2018-07,5
84b24b5ffffffff-2020-09,1
84b24b5ffffffff-2021-04,15
84b24b5ffffffff-2021-06,2
84b24b5ffffffff-2021-07,10
84b24b7ffffffff-2018-07,2
84b24b7ffffffff-2021-03,1
84b24b7ffffffff-2021-04,8
84b24b7ffffffff-2022-02,2
84b24b7ffffffff-2023-07,2
84b24b9ffffffff-2021-07,1
84b24bdffffffff-2016-10,1
84b24c1ffffffff-2017-03,1
84b24c1ffffffff-2017-05,1
84b24c1ffffffff-2019-01,1
84b24c1ffffffff-2020-01,5
84b24c1ffffffff-2021-04,1
84b24c1ffffffff-2021-06,5
84b24c5ffffffff-2014-03,2
84b24c5ffffffff-2014-04,2
84b24c5ffffffff-2014-05,1
84b24c5ffffffff-2015-03,2
84b24c5ffffffff-2015-04,4
84b24c5ffffffff-2015-05,4
84b24c5ffffffff-2015-11,2
84b24c7ffffffff-2017-01,3
84b24c7ffffffff-2018-03,2
84b24c7ffffffff-2018-06,3
84b24c7ffffffff-2018-07,1
84b24cdffffffff-2014-12,1
84b24cdffffffff-2015-03,6
84b24cdffffffff-2015-10,8
84b24cdffffffff-2015-11,2
84b24cdffffffff-2016-03,1
84b24cdffffffff-2016-08,2
84b24cdffffffff-2016-09,1
84b24cdffffffff-2016-10,1
84b24cdffffffff-2017-08,2
84b24cdffffffff-2017-09,1
84b24cdffffffff-2018-06,5
84b24cdffffffff-2018-10,1
84b24cdffffffff-2019-05,1
84b24cdffffffff-2019-06,1
84b24cdffffffff-2019-08,3
84b24cdffffffff-2019-09,2
84b24cdffffffff-2019-10,4
84b24cdffffffff-2019-11,2
84b24cdffffffff-2020-05,1
84b24cdffffffff-2020-08,2
84b24cdffffffff-2020-10,2
84b24cdffffffff-2020-11,2
84b24cdffffffff-2020-12,6
84b24cdffffffff-2021-01,2
84b24cdffffffff-2021-02,8
84b24cdffffffff-2021-03,7
84b24cdffffffff-2021-05,1
84b24cdffffffff-2021-07,9
84b24cdffffffff-2021-09,5
84b24cdffffffff-2021-10,4
84b24cdffffffff-2021-11,2
84b24cdffffffff-2021-12,9
84b24cdffffffff-2022-01,2
84b24cdffffffff-2022-02,3
84b24cdffffffff-2022-03,6
84b24cdffffffff-2022-04,1
84b24cdffffffff-2022-05,1
84b24cdffffffff-2022-06,8
84b24cdffffffff-2022-10,2
84b24cdffffffff-2022-11,1
84b24cdffffffff-2022-12,1
84b24cdffffffff-2023-02,3
84b24cdffffffff-2023-05,3
84b24cdffffffff-2023-08,2
84b24cdffffffff-2023-09,5
84b24cdffffffff-2023-10,11
84b24d1ffffffff-2018-05,2
84b24d1ffffffff-2018-12,1
84b24d3ffffffff-2013-05,1
84b24d3ffffffff-2014-09,1
84b24d3ffffffff-2016-04,1
84b24d3ffffffff-2018-08,5
84b24d3ffffffff-2020-06,5
84b24d3ffffffff-2022-05,2
84b24d3ffffffff-2022-07,2
84b24d3ffffffff-2023-01,2
84b24d3ffffffff-2023-03,2
84b24d3ffffffff-2023-04,2
84b24d3ffffffff-2023-05,1
84b24d3ffffffff-2023-08,4
84b24d5ffffffff-2023-05,4
84b24d7ffffffff-2017-06,1
84b24d7ffffffff-2017-07,1
84b24d7ffffffff-2018-11,1
84b24d7ffffffff-2020-07,7
84b24d7ffffffff-2020-08,9
84b24dbffffffff-2016-08,1
84b24dbffffffff-2018-03,4
84b24dbffffffff-2018-04,3
84b24dbffffffff-2018-07,3
84b24dbffffffff-2018-09,2
84b24dbffffffff-2018-10,7
84b24dbffffffff-2019-04,5
84b24dbffffffff-2019-06,2
84b24dbffffffff-2019-08,1
84b24dbffffffff-2019-09,1
84b24dbffffffff-2019-10,1
84b24dbffffffff-2019-11,14
84b24dbffffffff-2019-12,2
84b24dbffffffff-2020-05,2
84b24dbffffffff-2020-08,5
84b24dbffffffff-2020-10,3
84b24dbffffffff-2020-11,1
84b24dbffffffff-2020-12,1
84b24dbffffffff-2021-03,5
84b24dbffffffff-2021-04,3
84b24dbffffffff-2021-05,2
84b24dbffffffff-2021-07,2
84b24dbffffffff-2021-08,1
84b24dbffffffff-2021-09,8
84b24dbffffffff-2021-10,4
84b24dbffffffff-2022-02,1
84b24dbffffffff-2022-03,2
84b24dbffffffff-2022-10,1
84b24dbffffffff-2023-04,1
84b24dbffffffff-2023-07,1
84b24dbffffffff-2023-09,1
84b24dbffffffff-2023-10,4
84b24e1ffffffff-2020-08,2
84b24e3ffffffff-2015-06,2
84b24e3ffffffff-2015-07,1
84b24e3ffffffff-2015-09,1
84b24e3ffffffff-2015-11,1
84b24e3ffffffff-2015-12,1
84b24e3ffffffff-2016-02,1
84b24e3ffffffff-2016-04,1
84b24e3ffffffff-2016-05,1
84b24e3ffffffff-2016-06,2
84b24e3ffffffff-2016-07,1
84b24e3ffffffff-2016-08,1
84b24e3ffffffff-2016-09,1
84b24e3ffffffff-2016-11,1
84b24e3ffffffff-2017-02,2
84b24e3ffffffff-2017-05,1
84b24e3ffffffff-2018-01,5
84b24e3ffffffff-2018-02,2
84b24e3ffffffff-2019-11,2
84b24e3ffffffff-2020-05,2
84b24e3ffffffff-2020-10,1
84b24e3ffffffff-2020-11,2
84b24e3ffffffff-2020-12,1
84b24e3ffffffff-2021-01,1
84b24e3ffffffff-2021-04,1
84b24e3ffffffff-2021-05,1
84b24e3ffffffff-2022-02,1
84b24e3ffffffff-2022-03,1
84b24e3ffffffff-2023-01,1
84b24e3ffffffff-2023-05,1
84b24e3ffffffff-2023-08,1
84b24e3ffffffff-2023-10,2
84b24e5ffffffff-2018-02,1
84b24e5ffffffff-2018-03,9
84b24e5ffffffff-2018-04,2
84b24e5ffffffff-2018-05,2
84b24e5ffffffff-2018-09,2
84b24e5ffffffff-2018-10,3
84b24e5ffffffff-2019-02,1
84b24e5ffffffff-2019-11,1
84b24e5ffffffff-2020-01,1
84b24e5ffffffff-2020-02,4
84b24e5ffffffff-2020-06,2
84b24e5ffffffff-2020-07,1
84b24e5ffffffff-2020-09,5
84b24e5ffffffff-2020-10,4
84b24e5ffffffff-2020-11,1
84b24e5ffffffff-2020-12,7
84b24e5ffffffff-2021-09,1
84b24e9ffffffff-2020-08,1
84b251dffffffff-2018-07,1
84b251dffffffff-2018-10,1
84b251dffffffff-2019-05,1
84b251dffffffff-2019-07,1
84b251dffffffff-2020-12,1
84b251dffffffff-2021-08,1
84b251dffffffff-2022-04,1
84b251dffffffff-2023-07,1
84b2525ffffffff-2023-08,1
84b2527ffffffff-2023-07,2
84b2527ffffffff-2023-08,3
84b253bffffffff-2021-07,2
84b2557ffffffff-2018-07,1
84b2557ffffffff-2019-07,5
84b2557ffffffff-2020-12,2
84b2557ffffffff-2021-08,2
84b2557ffffffff-2021-12,1
84b2557ffffffff-2022-04,2
84b2557ffffffff-2022-07,1
84b2557ffffffff-2023-07,1
84b2557ffffffff-2023-09,2
84b2583ffffffff-2020-01,1
84b2591ffffffff-2019-09,1
84b2591ffffffff-2020-11,1
84b2591ffffffff-2023-04,1
84b2591ffffffff-2023-11,1
84b2593ffffffff-2016-11,3
84b2593ffffffff-2022-05,7
84b2595ffffffff-2018-06,1
84b2595ffffffff-2019-01,2
84b2595ffffffff-2019-06,1
84b2595ffffffff-2019-07,3
84b2595ffffffff-2019-08,3
84b2595ffffffff-2019-09,1
84b2595ffffffff-2019-11,1
84b2595ffffffff-2020-06,1
84b2595ffffffff-2020-07,1
84b2595ffffffff-2020-09,1
84b2595ffffffff-2020-10,1
84b2595ffffffff-2021-06,1
84b2599ffffffff-2016-06,1
84b2599ffffffff-2016-07,1
84b2599ffffffff-2016-10,1
84b2599ffffffff-2016-11,4
84b2599ffffffff-2016-12,1
84b2599ffffffff-2018-05,2
84b2599ffffffff-2018-06,1
84b2599ffffffff-2020-01,1
84b2599ffffffff-2020-02,1
84b259bffffffff-2016-06,3
84b259bffffffff-2016-07,2
84b259bffffffff-2017-02,2
84b259bffffffff-2017-06,2
84b259bffffffff-2017-10,6
84b259bffffffff-2018-02,5
84b259bffffffff-2018-05,5
84b259bffffffff-2018-06,7
84b259bffffffff-2018-07,10
84b259bffffffff-2018-10,6
84b259bffffffff-2019-05,8
84b259bffffffff-2019-10,8
84b259bffffffff-2022-03,2
84b259bffffffff-2023-05,2
84b259bffffffff-2023-06,1
84b259dffffffff-2018-09,5
84b259dffffffff-2020-08,1
84b259dffffffff-2022-06,1
84b259dffffffff-2022-08,1
84b259dffffffff-2023-02,11
84b259dffffffff-2023-03,3
84b259dffffffff-2023-05,7
84b259dffffffff-2023-06,2
84b259dffffffff-2023-07,1
84b259dffffffff-2023-08,1
84b259dffffffff-2023-09,1
84b259dffffffff-2023-10,4
84b259dffffffff-2023-11,1
84b25a7ffffffff-2019-01,1
84b25a7ffffffff-2019-03,3
84b25a7ffffffff-2020-02,1
84b25a7ffffffff-2023-10,1
84b25a7ffffffff-2023-11,1
84b25a9ffffffff-2016-01,1
84b25b1ffffffff-2015-12,1
84b25b1ffffffff-2016-05,1
84b25b1ffffffff-2017-05,1
84b25b1ffffffff-2019-11,1
84b25b1ffffffff-2020-01,1
84b25b1ffffffff-2020-08,1
84b25b1ffffffff-2020-10,1
84b25b1ffffffff-2021-02,1
84b25b1ffffffff-2021-10,2
84b25b1ffffffff-2022-03,2
84b25b1ffffffff-2022-09,1
84b25b1ffffffff-2022-12,1
84b25b1ffffffff-2023-05,2
84b25b1ffffffff-2023-06,1
84b25b1ffffffff-2023-07,1
84b25b1ffffffff-2023-08,1
84b25b1ffffffff-2023-09,1
84b25b3ffffffff-2023-11,1
84b25b5ffffffff-2018-11,1
84b25b5ffffffff-2023-07,1
84b25b5ffffffff-2023-08,1
84b25b9ffffffff-2015-06,1
84b25b9ffffffff-2018-04,2
84b25b9ffffffff-2021-08,1
84b25b9ffffffff-2021-10,2
84b25b9ffffffff-2022-01,1
84b25b9ffffffff-2022-06,2
84b25b9ffffffff-2022-11,2
84b25b9ffffffff-2023-08,1
84b25bdffffffff-2015-06,2
84b25bdffffffff-2020-01,1
84b25bdffffffff-2021-10,2
84b25bdffffffff-2022-03,2
84b25bdffffffff-2022-12,1
84b25cdffffffff-2014-01,1
84b25cdffffffff-2015-10,7
84b25cdffffffff-2015-12,1
84b25cdffffffff-2016-01,1
84b25cdffffffff-2016-05,1
84b25cdffffffff-2016-07,1
84b25cdffffffff-2016-12,1
84b25cdffffffff-2017-01,2
84b25cdffffffff-2017-02,2
84b25cdffffffff-2017-12,1
84b25cdffffffff-2018-07,3
84b25cdffffffff-2018-10,3
84b25cdffffffff-2019-05,7
84b25cdffffffff-2022-10,7
84b25cdffffffff-2023-05,6
84b25cdffffffff-2023-06,1
84b25cdffffffff-2023-10,7
84b25d1ffffffff-2016-10,1
84b25d1ffffffff-2016-11,1
84b25d1ffffffff-2017-05,1
84b25d1ffffffff-2017-11,3
84b25d1ffffffff-2018-05,1
84b25d1ffffffff-2018-07,1
84b25d1ffffffff-2018-09,1
84b25d1ffffffff-2018-10,3
84b25d1ffffffff-2019-02,1
84b25d1ffffffff-2020-03,1
84b25d1ffffffff-2020-08,3
84b25d1ffffffff-2021-04,7
84b25d1ffffffff-2022-04,1
84b25d1ffffffff-2022-05,2
84b25d1ffffffff-2022-06,1
84b25d1ffffffff-2022-12,3
84b25d1ffffffff-2023-01,2
84b25d1ffffffff-2023-05,1
84b25d1ffffffff-2023-10,2
84b25d5ffffffff-2020-08,3
84b25d5ffffffff-2020-09,2
84b25d5ffffffff-2020-10,6
84b25d5ffffffff-2021-06,1
84b25d5ffffffff-2021-07,1
84b25d5ffffffff-2021-08,1
84b25d5ffffffff-2022-07,1
84b25d5ffffffff-2022-10,2
84b25d5ffffffff-2023-05,5
84b25d5ffffffff-2023-07,2
84b25d5ffffffff-2023-08,2
84b25d5ffffffff-2023-09,5
84b25d5ffffffff-2023-10,8
84b25d5ffffffff-2023-11,1
84b25d9ffffffff-2019-10,5
84b25d9ffffffff-2020-01,3
84b25d9ffffffff-2020-10,3
84b25d9ffffffff-2021-02,1
84b25d9ffffffff-2021-04,2
84b25d9ffffffff-2021-05,2
84b25d9ffffffff-2021-06,4
84b25d9ffffffff-2021-07,2
84b25d9ffffffff-2021-09,1
84b25d9ffffffff-2021-10,1
84b25d9ffffffff-2022-01,3
84b25d9ffffffff-2022-02,1
84b25d9ffffffff-2022-03,1
84b25d9ffffffff-2022-05,1
84b25d9ffffffff-2022-07,1
84b25d9ffffffff-2023-03,2
84b25d9ffffffff-2023-08,1
84b25d9ffffffff-2023-10,4
84b25d9ffffffff-2023-11,2
84b25dbffffffff-2016-11,2
84b25dbffffffff-2017-02,3
84b25dbffffffff-2018-03,1
84b25dbffffffff-2018-12,1
84b25dbffffffff-2019-08,3
84b25dbffffffff-2019-12,1
84b25dbffffffff-2020-01,1
84b25ddffffffff-2022-10,1
84b25ddffffffff-2023-03,1
84b25ddffffffff-2023-07,1
84b25ddffffffff-2023-09,1
84b25e7ffffffff-2023-10,1
84b2611ffffffff-2021-02,10
84b261bffffffff-2019-08,2
84b261bffffffff-2021-12,1
84b2627ffffffff-2023-04,1
84b262dffffffff-2020-07,2
84b262dffffffff-2021-08,7
84b262dffffffff-2021-09,4
84b262dffffffff-2021-10,11
84b262dffffffff-2021-11,5
84b262dffffffff-2021-12,3
84b262dffffffff-2022-04,2
84b262dffffffff-2022-05,6
84b262dffffffff-2022-07,2
84b262dffffffff-2022-09,1
84b262dffffffff-2022-10,1
84b262dffffffff-2023-03,3
84b262dffffffff-2023-04,2
84b262dffffffff-2023-05,2
84b262dffffffff-2023-08,8
84b262dffffffff-2023-09,3
84b262dffffffff-2023-10,16
84b262dffffffff-2023-11,1
84b2631ffffffff-2020-01,1
84b2633ffffffff-2023-09,3
84b2635ffffffff-2021-07,5
84b2661ffffffff-2015-08,1
84b2661ffffffff-2018-09,1
84b2661ffffffff-2022-04,2
84b2661ffffffff-2023-05,10
84b2661ffffffff-2023-06,1
84b2661ffffffff-2023-07,8
84b2663ffffffff-2022-10,1
84b2663ffffffff-2022-12,1
84b2663ffffffff-2023-01,1
84b2663ffffffff-2023-04,3
84b2663ffffffff-2023-06,1
84b2663ffffffff-2023-07,1
84b2663ffffffff-2023-09,4
84b2663ffffffff-2023-10,1
84b2663ffffffff-2023-11,1
84b2665ffffffff-2017-06,1
84b2665ffffffff-2017-07,1
84b2665ffffffff-2017-08,1
84b2665ffffffff-2020-06,1
84b2665ffffffff-2021-06,2
84b2665ffffffff-2023-07,1
84b2667ffffffff-2016-03,2
84b2667ffffffff-2016-04,4
84b2667ffffffff-2016-05,3
84b2667ffffffff-2016-06,1
84b2667ffffffff-2016-07,1
84b2667ffffffff-2016-09,1
84b2667ffffffff-2017-02,1
84b2667ffffffff-2017-04,1
84b2667ffffffff-2017-05,1
84b2667ffffffff-2018-05,1
84b2667ffffffff-2019-02,1
84b2667ffffffff-2019-03,2
84b2667ffffffff-2020-11,2
84b2667ffffffff-2021-01,2
84b2667ffffffff-2023-04,2
84b266bffffffff-2022-08,1
84b266bffffffff-2023-05,5
84b2681ffffffff-2015-08,3
84b2681ffffffff-2016-11,1
84b2683ffffffff-2013-11,2
84b2683ffffffff-2015-10,1
84b2683ffffffff-2016-10,2
84b2683ffffffff-2020-06,1
84b2683ffffffff-2021-08,1
84b2683ffffffff-2021-09,1
84b2683ffffffff-2021-10,8
84b2683ffffffff-2021-11,4
84b2683ffffffff-2022-07,1
84b2687ffffffff-2014-03,3
84b2689ffffffff-2016-03,2
84b2689ffffffff-2021-07,1
84b268bffffffff-2013-10,1
84b268bffffffff-2018-04,1
84b268bffffffff-2018-09,2
84b268bffffffff-2018-10,2
84b268bffffffff-2018-12,2
84b268bffffffff-2020-06,2
84b268bffffffff-2020-07,8
84b268bffffffff-2020-08,4
84b268bffffffff-2020-09,10
84b268bffffffff-2020-10,6
84b268bffffffff-2021-05,4
84b268bffffffff-2021-06,8
84b268bffffffff-2021-07,6
84b268bffffffff-2021-08,4
84b268bffffffff-2021-09,4
84b268bffffffff-2021-10,6
84b268bffffffff-2022-03,2
84b268bffffffff-2022-04,2
84b268bffffffff-2022-05,8
84b268bffffffff-2022-06,8
84b268bffffffff-2022-07,12
84b268bffffffff-2022-08,2
84b268bffffffff-2022-09,6
84b268bffffffff-2022-10,7
84b268bffffffff-2022-12,3
84b268bffffffff-2023-01,1
84b268bffffffff-2023-02,4
84b268bffffffff-2023-04,3
84b268bffffffff-2023-06,5
84b268bffffffff-2023-07,1
84b268bffffffff-2023-09,2
84b268bffffffff-2023-10,2
84b2691ffffffff-2018-05,2
84b2691ffffffff-2018-06,1
84b2691ffffffff-2018-10,1
84b2691ffffffff-2018-12,3
84b2691ffffffff-2019-07,2
84b2691ffffffff-2019-09,1
84b2691ffffffff-2019-10,8
84b2691ffffffff-2019-11,1
84b2691ffffffff-2020-01,1
84b2691ffffffff-2020-05,2
84b2691ffffffff-2020-08,5
84b2691ffffffff-2020-09,3
84b2691ffffffff-2020-11,2
84b2691ffffffff-2021-07,2
84b2691ffffffff-2021-08,2
84b2691ffffffff-2021-09,1
84b2691ffffffff-2021-10,4
84b2691ffffffff-2021-11,2
84b2691ffffffff-2022-03,1
84b2691ffffffff-2022-05,1
84b2691ffffffff-2022-10,1
84b2691ffffffff-2022-11,1
84b2691ffffffff-2023-02,1
84b2691ffffffff-2023-05,2
84b2691ffffffff-2023-06,4
84b2691ffffffff-2023-07,6
84b2691ffffffff-2023-08,2
84b2691ffffffff-2023-09,1
84b2691ffffffff-2023-10,3
84b2691ffffffff-2023-11,1
84b2693ffffffff-2021-08,1
84b2693ffffffff-2021-09,2
84b2693ffffffff-2023-03,2
84b2693ffffffff-2023-06,3
84b2695ffffffff-2020-07,1
84b2695ffffffff-2020-08,1
84b2695ffffffff-2021-05,2
84b2697ffffffff-2020-11,1
84b2697ffffffff-2021-08,1
84b2697ffffffff-2022-02,3
84b2697ffffffff-2022-09,3
84b269dffffffff-2020-08,6
84b26a5ffffffff-2021-09,14
84b26a5ffffffff-2021-10,3
84b26a5ffffffff-2022-04,1
84b26b3ffffffff-2018-07,2
84b26b3ffffffff-2018-08,6
84b26b3ffffffff-2019-06,1
84b26b7ffffffff-2020-11,2
84b26b7ffffffff-2021-07,1
84b26b9ffffffff-2019-09,3
84b26b9ffffffff-2023-02,2
84b26bbffffffff-2018-10,1
84b26bbffffffff-2022-10,1
84b26bbffffffff-2023-04,2
84b26bdffffffff-2015-04,1
84b26bdffffffff-2015-05,3
84b26cdffffffff-2018-03,3
84b26cdffffffff-2020-11,8
84b26cdffffffff-2021-08,1
84b26cdffffffff-2022-05,1
84b26cdffffffff-2022-08,1
84b26d5ffffffff-2021-08,4
84b26d5ffffffff-2022-06,3
84b26d5ffffffff-2023-03,1
84b26ddffffffff-2013-11,2
84b26ddffffffff-2020-06,2
84b26ddffffffff-2021-01,3
84b26ddffffffff-2021-02,1
84b26e3ffffffff-2018-09,1
84b26e3ffffffff-2021-01,1
84b26e3ffffffff-2021-04,1
84b26e3ffffffff-2022-07,1
84b26e5ffffffff-2020-09,1
84b26e7ffffffff-2018-08,2
84b26e7ffffffff-2019-06,2
84b26e7ffffffff-2021-07,1
84b26e7ffffffff-2022-07,2
84b26edffffffff-2022-01,4
84b2709ffffffff-2013-08,2
84b2709ffffffff-2023-07,3
84b2709ffffffff-2023-09,2
84b2709ffffffff-2023-10,3
84b270bffffffff-2020-08,1
84b2749ffffffff-2014-08,1
84b2749ffffffff-2014-10,1
84b2749ffffffff-2015-12,1
84b2749ffffffff-2016-10,1
84b2749ffffffff-2018-10,3
84b2749ffffffff-2019-07,1
84b2749ffffffff-2020-11,1
84b2749ffffffff-2020-12,1
84b2749ffffffff-2021-10,7
84b2749ffffffff-2021-12,1
84b2749ffffffff-2022-06,1
84b2749ffffffff-2022-07,2
84b2749ffffffff-2022-08,2
84b2749ffffffff-2022-11,1
84b2749ffffffff-2023-04,1
84b2749ffffffff-2023-09,1
84b2749ffffffff-2023-10,2
84b274bffffffff-2023-06,1
84b274dffffffff-2023-11,1
84b2759ffffffff-2021-02,1
84b275bffffffff-2013-09,1
84b275bffffffff-2015-06,2
84b275bffffffff-2015-09,1
84b275bffffffff-2015-12,3
84b275bffffffff-2016-01,1
84b275bffffffff-2016-02,3
84b275bffffffff-2016-03,2
84b275bffffffff-2016-04,1
84b275bffffffff-2016-05,3
84b275bffffffff-2016-06,4
84b275bffffffff-2016-07,3
84b275bffffffff-2016-08,1
84b275bffffffff-2016-09,2
84b275bffffffff-2016-10,6
84b275bffffffff-2017-02,1
84b275bffffffff-2017-04,2
84b275bffffffff-2017-05,1
84b275bffffffff-2018-07,7
84b275bffffffff-2018-08,4
84b275bffffffff-2018-09,3
84b275bffffffff-2018-10,1
84b275bffffffff-2019-01,1
84b275bffffffff-2019-05,1
84b275bffffffff-2019-08,1
84b275bffffffff-2019-12,1
84b275bffffffff-2020-07,3
84b275bffffffff-2020-08,2
84b275bffffffff-2020-09,2
84b275bffffffff-2020-10,14
84b275bffffffff-2020-11,10
84b275bffffffff-2021-02,5
84b275bffffffff-2021-03,6
84b275bffffffff-2021-04,2
84b275bffffffff-2021-05,2
84b275bffffffff-2021-06,11
84b275bffffffff-2021-07,4
84b275bffffffff-2021-08,4
84b275bffffffff-2021-09,1
84b275bffffffff-2021-10,1
84b275bffffffff-2021-12,4
84b275bffffffff-2022-01,2
84b275bffffffff-2022-02,4
84b275bffffffff-2022-05,5
84b275bffffffff-2022-07,2
84b275bffffffff-2022-08,15
84b275bffffffff-2022-09,5
84b275bffffffff-2022-10,4
84b275bffffffff-2022-11,6
84b275bffffffff-2022-12,3
84b275bffffffff-2023-01,1
84b275bffffffff-2023-02,12
84b275bffffffff-2023-03,7
84b275bffffffff-2023-04,2
84b275bffffffff-2023-06,4
84b275bffffffff-2023-07,32
84b275bffffffff-2023-08,11
84b275bffffffff-2023-09,25
84b275bffffffff-2023-10,7
84b275dffffffff-2014-01,2
84b275dffffffff-2015-11,1
84b275dffffffff-2018-08,1
84b275dffffffff-2018-10,3
84b275dffffffff-2019-11,1
84b275dffffffff-2021-11,2
84b275dffffffff-2022-07,1
84b275dffffffff-2023-05,1
84b275dffffffff-2023-07,3
84b275dffffffff-2023-08,7
84b275dffffffff-2023-09,5
84b275dffffffff-2023-10,4
84b2769ffffffff-2019-10,1
84b2769ffffffff-2020-12,2
84b2769ffffffff-2022-05,1
84b2769ffffffff-2022-06,1
84b2769ffffffff-2022-12,2
84b2769ffffffff-2023-02,1
84b2c05ffffffff-2019-04,1
84b2c05ffffffff-2023-02,3
84b2c05ffffffff-2023-03,1
84b2c05ffffffff-2023-04,1
84b2c07ffffffff-2022-07,1
84b2c0dffffffff-2012-03,1
84b2c0dffffffff-2012-07,3
84b2c0dffffffff-2013-02,2
84b2c0dffffffff-2013-05,1
84b2c0dffffffff-2013-07,8
84b2c0dffffffff-2014-03,3
84b2c0dffffffff-2014-04,1
84b2c0dffffffff-2014-07,9
84b2c0dffffffff-2014-09,1
84b2c0dffffffff-2014-11,2
84b2c0dffffffff-2014-12,2
84b2c0dffffffff-2015-02,1
84b2c0dffffffff-2015-11,2
84b2c0dffffffff-2015-12,1
84b2c0dffffffff-2016-02,5
84b2c0dffffffff-2016-05,2
84b2c0dffffffff-2016-06,2
84b2c0dffffffff-2016-07,5
84b2c0dffffffff-2017-05,1
84b2c0dffffffff-2017-07,13
84b2c0dffffffff-2017-10,4
84b2c0dffffffff-2018-04,1
84b2c0dffffffff-2018-05,1
84b2c0dffffffff-2018-07,8
84b2c0dffffffff-2018-08,3
84b2c0dffffffff-2018-09,3
84b2c0dffffffff-2019-03,1
84b2c0dffffffff-2020-11,1
84b2c0dffffffff-2021-06,1
84b2c0dffffffff-2021-07,1
84b2c0dffffffff-2022-05,13
84b2c0dffffffff-2022-08,1
84b2c0dffffffff-2022-09,8
84b2c0dffffffff-2022-10,14
84b2c0dffffffff-2023-04,2
84b2c0dffffffff-2023-05,2
84b2c0dffffffff-2023-06,3
84b2c0dffffffff-2023-07,3
84b2c0dffffffff-2023-09,3
84b2c2bffffffff-2014-09,2
84b2c2bffffffff-2015-07,4
84b2c2bffffffff-2016-02,4
84b2c2bffffffff-2017-07,11
84b2c2bffffffff-2018-10,1
84b2c2bffffffff-2018-11,1
84b2c2bffffffff-2018-12,2
84b2c2bffffffff-2019-01,1
84b2c2bffffffff-2019-02,2
84b2c2bffffffff-2019-03,2
84b2c2bffffffff-2019-04,2
84b2c2bffffffff-2019-05,4
84b2c2bffffffff-2019-06,1
84b2c2bffffffff-2019-07,5
84b2c2bffffffff-2019-09,4
84b2c2bffffffff-2020-02,4
84b2c2bffffffff-2020-03,3
84b2c2bffffffff-2020-04,3
84b2c2bffffffff-2020-05,2
84b2c2bffffffff-2020-06,2
84b2c2bffffffff-2021-01,1
84b2c2bffffffff-2021-02,1
84b2c2bffffffff-2022-01,4
84b2c2bffffffff-2022-02,10
84b2c2bffffffff-2022-03,9
84b2c2bffffffff-2022-04,7
84b2c2bffffffff-2022-05,8
84b2c2bffffffff-2022-06,1
84b2c2bffffffff-2022-12,1
84b2c2bffffffff-2023-01,18
84b2c2bffffffff-2023-02,35
84b2c2bffffffff-2023-03,10
84b2c2bffffffff-2023-04,8
84b2c2bffffffff-2023-05,5
84b2c2bffffffff-2023-06,2
84b2c2bffffffff-2023-08,3
84b2c2bffffffff-2023-09,3
84b2c33ffffffff-2015-05,1
84b2c35ffffffff-2012-02,2
84b2c35ffffffff-2012-06,1
84b2c35ffffffff-2012-07,2
84b2c35ffffffff-2013-06,2
84b2c35ffffffff-2013-07,2
84b2c35ffffffff-2014-02,5
84b2c35ffffffff-2014-04,1
84b2c35ffffffff-2014-07,5
84b2c35ffffffff-2015-02,6
84b2c35ffffffff-2015-07,3
84b2c35ffffffff-2015-10,3
84b2c35ffffffff-2015-11,4
84b2c35ffffffff-2017-04,2
84b2c35ffffffff-2017-05,1
84b2c35ffffffff-2017-06,2
84b2c35ffffffff-2017-08,1
84b2c35ffffffff-2018-06,2
84b2c35ffffffff-2018-08,1
84b2c35ffffffff-2019-03,3
84b2c35ffffffff-2019-04,1
84b2c35ffffffff-2020-01,1
84b2c35ffffffff-2020-02,1
84b2c35ffffffff-2021-03,1
84b2c35ffffffff-2021-07,5
84b2c35ffffffff-2021-08,3
84b2c35ffffffff-2022-02,5
84b2c35ffffffff-2022-03,2
84b2c35ffffffff-2022-04,6
84b2c35ffffffff-2022-05,5
84b2c35ffffffff-2022-06,5
84b2c35ffffffff-2022-07,17
84b2c35ffffffff-2022-08,2
84b2c35ffffffff-2022-09,1
84b2c35ffffffff-2022-10,3
84b2c35ffffffff-2023-01,16
84b2c35ffffffff-2023-02,18
84b2c35ffffffff-2023-03,6
84b2c35ffffffff-2023-04,17
84b2c35ffffffff-2023-05,11
84b2c35ffffffff-2023-06,6
84b2c35ffffffff-2023-07,5
84b2c3dffffffff-2014-02,3
84b2c3dffffffff-2015-07,3
84b2c3dffffffff-2016-02,2
84b2c3dffffffff-2017-06,1
84b2c3dffffffff-2017-07,1
84b2c3dffffffff-2018-09,1
84b2c3dffffffff-2019-02,1
84b2c3dffffffff-2019-03,1
84b2c3dffffffff-2020-02,1
84b2c3dffffffff-2021-02,3
84b2c3dffffffff-2022-06,1
84b2c3dffffffff-2022-07,3
84b2c3dffffffff-2023-03,1
84b2c3dffffffff-2023-06,1
84b2c3dffffffff-2023-07,7
84b2c3dffffffff-2023-08,1
84b2c3dffffffff-2023-09,2
84b2c41ffffffff-2023-10,9
84b2c49ffffffff-2022-10,1
84b2c85ffffffff-2019-02,1
84b2c85ffffffff-2020-01,1
84b2c85ffffffff-2021-01,1
84b2c85ffffffff-2023-01,2
84b2c85ffffffff-2023-02,10
84b2c85ffffffff-2023-03,2
84b2c85ffffffff-2023-04,2
84b2c85ffffffff-2023-05,4
84b2c85ffffffff-2023-10,1
84b2c87ffffffff-2012-04,1
84b2c87ffffffff-2023-07,1
84b2c87ffffffff-2023-10,1
84b2c87ffffffff-2023-11,1
84b2c8bffffffff-2014-02,3
84b2c8bffffffff-2017-01,1
84b2c8bffffffff-2017-02,2
84b2c8bffffffff-2018-01,1
84b2c8bffffffff-2018-03,1
84b2c8bffffffff-2019-02,1
84b2c8bffffffff-2021-09,7
84b2c8bffffffff-2021-10,9
84b2c8bffffffff-2022-01,1
84b2c8bffffffff-2022-02,2
84b2c8bffffffff-2022-03,2
84b2c8bffffffff-2022-04,2
84b2c8bffffffff-2022-11,2
84b2c8bffffffff-2023-01,1
84b2c8bffffffff-2023-02,6
84b2c8bffffffff-2023-05,3
84b2c8bffffffff-2023-07,4
84b2c8bffffffff-2023-10,2
84b2c8dffffffff-2012-04,2
84b2c8dffffffff-2021-01,1
84b2c8dffffffff-2023-06,1
84b2ca1ffffffff-2020-01,1
84b2ca1ffffffff-2021-02,2
84b2ca1ffffffff-2022-02,1
84b2ca1ffffffff-2023-02,2
84b2ca7ffffffff-2021-02,1
84b2ca7ffffffff-2022-03,2
84b2ca7ffffffff-2023-03,1
84b2ca7ffffffff-2023-11,2
84b2ca9ffffffff-2013-02,2
84b2ca9ffffffff-2014-02,2
84b2ca9ffffffff-2014-03,2
84b2ca9ffffffff-2015-04,3
84b2ca9ffffffff-2016-04,1
84b2ca9ffffffff-2017-02,2
84b2ca9ffffffff-2018-04,1
84b2ca9ffffffff-2019-02,1
84b2ca9ffffffff-2020-01,4
84b2ca9ffffffff-2020-02,6
84b2ca9ffffffff-2022-02,6
84b2ca9ffffffff-2022-10,2
84b2ca9ffffffff-2022-11,4
84b2ca9ffffffff-2022-12,2
84b2ca9ffffffff-2023-01,2
84b2ca9ffffffff-2023-02,5
84b2ca9ffffffff-2023-03,2
84b2cb5ffffffff-2021-02,3
84b2cbdffffffff-2012-04,1
84b2cbdffffffff-2020-01,2
84b2cbdffffffff-2021-07,1
84b2cbdffffffff-2021-08,1
84b2cbdffffffff-2022-02,1
84b2cbdffffffff-2022-03,1
84b2cbdffffffff-2022-07,2
84b2cbdffffffff-2022-10,2
84b2cbdffffffff-2023-07,1
84b2cbdffffffff-2023-10,1
84b2cbdffffffff-2023-11,2
84b2cc7ffffffff-2012-04,1
84b2cc7ffffffff-2014-02,3
84b2cc7ffffffff-2017-02,7
84b2cc7ffffffff-2021-09,2
84b2cc7ffffffff-2023-11,6
84b2cddffffffff-2017-04,1
84b2cddffffffff-2018-05,1
84b2cddffffffff-2019-02,1
84b2cddffffffff-2020-02,2
84b2cddffffffff-2022-02,5
84b2cddffffffff-2022-03,4
84b2cddffffffff-2022-06,3
84b2cddffffffff-2022-07,2
84b2cddffffffff-2022-10,2
84b2cddffffffff-2023-01,2
84b2cddffffffff-2023-02,8
84b2cddffffffff-2023-04,6
84b2cddffffffff-2023-05,21
84b2cddffffffff-2023-06,4
84b2cddffffffff-2023-09,3
84b2cddffffffff-2023-10,9
84b2cddffffffff-2023-11,4
84b2ce3ffffffff-2022-10,6
84b2d81ffffffff-2014-08,2
84b2d81ffffffff-2017-07,1
84b2d81ffffffff-2019-05,1
84b2d81ffffffff-2020-02,3
84b2d81ffffffff-2022-09,5
84b2d81ffffffff-2022-12,1
84b2d81ffffffff-2023-07,3
84b2d87ffffffff-2021-03,4
84b2d87ffffffff-2021-04,1
84b2d87ffffffff-2021-05,2
84b2d87ffffffff-2021-08,1
84b2d87ffffffff-2022-02,3
84b2d87ffffffff-2022-04,5
84b2d87ffffffff-2022-05,4
84b2d87ffffffff-2022-08,2
84b2d87ffffffff-2022-12,4
84b2d87ffffffff-2023-02,2
84b2d87ffffffff-2023-03,2
84b2d87ffffffff-2023-04,4
84b2d87ffffffff-2023-06,4
84b2d87ffffffff-2023-07,4
84b2d87ffffffff-2023-08,1
84b2d87ffffffff-2023-09,1
84b2d87ffffffff-2023-10,1
84b2d87ffffffff-2023-11,4
84b2da3ffffffff-2015-03,1
84b2da3ffffffff-2015-05,1
84b2da3ffffffff-2019-05,1
84b2da3ffffffff-2020-03,1
84b2da3ffffffff-2023-08,1
84b2dabffffffff-2012-06,1
84b2dabffffffff-2012-07,2
84b2dabffffffff-2013-06,1
84b2dabffffffff-2014-07,7
84b2dabffffffff-2015-06,5
84b2dabffffffff-2015-07,1
84b2dabffffffff-2015-08,1
84b2dabffffffff-2015-09,1
84b2dabffffffff-2016-04,2
84b2dabffffffff-2016-05,3
84b2dabffffffff-2016-07,1
84b2dabffffffff-2017-04,6
84b2dabffffffff-2017-05,5
84b2dabffffffff-2017-08,1
84b2dabffffffff-2017-09,3
84b2dabffffffff-2018-07,7
84b2dabffffffff-2018-08,8
84b2dabffffffff-2019-03,1
84b2dabffffffff-2019-04,11
84b2dabffffffff-2019-05,11
84b2dabffffffff-2019-06,3
84b2dabffffffff-2019-07,14
84b2dabffffffff-2019-08,6
84b2dabffffffff-2019-09,2
84b2dabffffffff-2020-01,10
84b2dabffffffff-2020-02,5
84b2dabffffffff-2020-03,4
84b2dabffffffff-2020-05,1
84b2dabffffffff-2020-07,3
84b2dabffffffff-2020-08,2
84b2dabffffffff-2021-06,3
84b2dabffffffff-2021-07,7
84b2dabffffffff-2021-08,2
84b2dabffffffff-2021-09,3
84b2dabffffffff-2021-12,2
84b2dabffffffff-2022-06,3
84b2dabffffffff-2022-07,10
84b2dabffffffff-2022-08,4
84b2dabffffffff-2022-10,1
84b2dabffffffff-2023-01,3
84b2dabffffffff-2023-02,6
84b2dabffffffff-2023-03,3
84b2dabffffffff-2023-04,5
84b2dabffffffff-2023-05,10
84b2dabffffffff-2023-06,11
84b2dabffffffff-2023-07,8
84b2dabffffffff-2023-10,2
84b2dc3ffffffff-2012-07,2
84b2dc3ffffffff-2014-02,4
84b2dc3ffffffff-2015-02,3
84b2dc3ffffffff-2015-04,2
84b2dc3ffffffff-2015-07,3
84b2dc3ffffffff-2016-02,5
84b2dc3ffffffff-2017-04,1
84b2dc3ffffffff-2020-01,1
84b2dc3ffffffff-2020-05,2
84b2dc3ffffffff-2021-01,1
84b2dc3ffffffff-2021-04,2
84b2dc3ffffffff-2022-02,4
84b2dc3ffffffff-2022-05,2
84b2dc3ffffffff-2023-02,3
84b2dc3ffffffff-2023-05,3
84b2dcbffffffff-2012-02,2
84b2dcbffffffff-2012-07,2
84b2dcbffffffff-2013-09,1
84b2dcbffffffff-2014-02,5
84b2dcbffffffff-2015-07,3
84b2dcbffffffff-2016-02,5
84b2dcbffffffff-2019-01,4
84b2dcbffffffff-2020-05,1
84b2dcbffffffff-2021-01,1
84b2dcbffffffff-2021-07,4
84b2dcbffffffff-2021-11,1
84b2dcbffffffff-2022-06,1
84b2dcbffffffff-2022-07,3
84b2dcbffffffff-2022-10,4
84b2dcbffffffff-2022-12,2
84b2dcbffffffff-2023-01,3
84b2dcbffffffff-2023-04,1
84b2dcbffffffff-2023-06,6
84b2dcbffffffff-2023-07,4
84b2ddbffffffff-2015-09,3
84b2ddbffffffff-2022-12,4
84b2e6dffffffff-2014-11,1
84b2e6dffffffff-2015-07,2
84b2e6dffffffff-2016-01,6
84b2e6dffffffff-2016-02,2
84b2e6dffffffff-2016-06,2
84b2e6dffffffff-2019-11,2
84b2e6dffffffff-2019-12,7
84b2e6dffffffff-2020-01,8
84b2e6dffffffff-2020-07,1
84b2e6dffffffff-2021-09,1
84b2e85ffffffff-2014-02,1
84b2e85ffffffff-2022-04,1
84b2e85ffffffff-2022-05,4
84b2e85ffffffff-2022-06,10
84b2e85ffffffff-2022-08,2
84b2e85ffffffff-2023-03,8
84b2e85ffffffff-2023-04,3
84b2e85ffffffff-2023-05,3
84b2e85ffffffff-2023-09,5
84b2e8dffffffff-2022-09,1
84b2e99ffffffff-2016-12,1
84b2e99ffffffff-2017-02,1
84b2e99ffffffff-2017-09,2
84b2e99ffffffff-2017-12,1
84b2e99ffffffff-2018-11,1
84b2e99ffffffff-2019-01,6
84b2e99ffffffff-2019-04,1
84b2e99ffffffff-2019-06,1
84b2e99ffffffff-2019-10,4
84b2e99ffffffff-2020-02,4
84b2e99ffffffff-2020-07,1
84b2e99ffffffff-2021-03,4
84b2e99ffffffff-2021-09,8
84b2e99ffffffff-2021-11,3
84b2e99ffffffff-2022-03,4
84b2e99ffffffff-2023-03,4
84b2e99ffffffff-2023-04,1
84b2e99ffffffff-2023-06,2
84b2ea7ffffffff-2014-02,1
84b2ea7ffffffff-2022-01,2
84b2ec7ffffffff-2018-04,1
84b2ec7ffffffff-2020-02,1
84b2ec7ffffffff-2020-10,1
84b2ec7ffffffff-2021-02,1
84b2ec7ffffffff-2021-08,1
84b2ec7ffffffff-2022-04,14
84b2ec7ffffffff-2022-05,15
84b2ec7ffffffff-2022-06,17
84b2ec7ffffffff-2022-07,23
84b2ec7ffffffff-2022-08,24
84b2ec7ffffffff-2022-09,9
84b2ec7ffffffff-2022-10,27
84b2ec7ffffffff-2022-11,1
84b2ec7ffffffff-2022-12,6
84b2ec7ffffffff-2023-01,12
84b2ec7ffffffff-2023-02,12
84b2ec7ffffffff-2023-03,28
84b2ec7ffffffff-2023-04,12
84b2ec7ffffffff-2023-05,12
84b2ec7ffffffff-2023-06,18
84b2ec7ffffffff-2023-07,16
84b2ec7ffffffff-2023-08,18
84b2ec7ffffffff-2023-09,39
84b2ec7ffffffff-2023-10,18
84b2ec7ffffffff-2023-11,25
84b2ecbffffffff-2016-12,1
84b2ecdffffffff-2014-04,1
84b2ed7ffffffff-2017-09,2
84b2ed7ffffffff-2019-01,3
84b2ed7ffffffff-2019-04,1
84b2ed7ffffffff-2019-10,4
84b2ed7ffffffff-2020-02,1
84b2ed7ffffffff-2021-09,8
84b2ed7ffffffff-2021-10,14
84b2ed7ffffffff-2021-11,2
84b2ed7ffffffff-2021-12,4
84b2ed7ffffffff-2022-02,2
84b2ed7ffffffff-2022-04,3
84b2ed7ffffffff-2022-05,3
84b2ed7ffffffff-2022-08,2
84b2ed7ffffffff-2022-10,7
84b2ed7ffffffff-2023-06,2
84b2ed7ffffffff-2023-08,2
84b2ed7ffffffff-2023-09,2
84b2ed7ffffffff-2023-10,2
84b2ee1ffffffff-2019-10,1
84b2eebffffffff-2014-05,2
84b2eebffffffff-2015-07,1
84b2eebffffffff-2017-05,1
84b2eebffffffff-2018-02,2
84b2eebffffffff-2019-05,7
84b2eebffffffff-2020-06,2
84b2eebffffffff-2020-07,7
84b2eebffffffff-2020-12,1
84b2eebffffffff-2021-01,1
84b2eebffffffff-2021-03,1
84b2eebffffffff-2021-04,4
84b2eebffffffff-2021-07,4
84b2eebffffffff-2021-08,2
84b2eebffffffff-2021-12,1
84b2eebffffffff-2022-03,1
84b2eebffffffff-2022-04,3
84b2eebffffffff-2022-05,4
84b2eebffffffff-2022-12,1
84b2eebffffffff-2023-05,1
84b2eebffffffff-2023-07,6
84b3001ffffffff-2023-02,1
84b3001ffffffff-2023-03,1
84b3001ffffffff-2023-06,3
84b3001ffffffff-2023-07,6
84b3013ffffffff-2017-11,1
84b3019ffffffff-2018-09,2
84b301bffffffff-2012-04,1
84b301bffffffff-2012-11,1
84b301bffffffff-2017-11,1
84b301bffffffff-2023-09,1
84b301bffffffff-2023-10,1
84b3047ffffffff-2015-09,4
84b3047ffffffff-2015-10,10
84b3047ffffffff-2015-11,16
84b3047ffffffff-2015-12,4
84b3047ffffffff-2018-08,2
84b3047ffffffff-2018-09,1
84b3047ffffffff-2018-11,1
84b3047ffffffff-2019-01,1
84b3047ffffffff-2019-02,3
84b3047ffffffff-2019-03,4
84b3047ffffffff-2019-04,13
84b3047ffffffff-2019-05,22
84b3047ffffffff-2019-06,14
84b3047ffffffff-2019-07,7
84b3047ffffffff-2019-08,14
84b3047ffffffff-2019-09,10
84b3047ffffffff-2019-10,22
84b3047ffffffff-2019-11,57
84b3047ffffffff-2020-04,2
84b3047ffffffff-2020-05,6
84b3047ffffffff-2020-06,4
84b3047ffffffff-2020-07,5
84b3047ffffffff-2020-08,4
84b3047ffffffff-2020-09,10
84b3047ffffffff-2020-10,21
84b3047ffffffff-2020-11,5
84b3047ffffffff-2021-01,2
84b3047ffffffff-2021-03,5
84b3047ffffffff-2021-04,18
84b3047ffffffff-2021-05,13
84b3047ffffffff-2021-06,18
84b3047ffffffff-2021-07,12
84b3047ffffffff-2021-08,27
84b3047ffffffff-2021-09,30
84b3047ffffffff-2021-10,10
84b3047ffffffff-2022-02,1
84b3047ffffffff-2022-04,1
84b3047ffffffff-2023-01,5
84b3047ffffffff-2023-02,6
84b3047ffffffff-2023-05,3
84b3049ffffffff-2017-05,1
84b3049ffffffff-2018-01,1
84b304bffffffff-2021-09,2
84b3051ffffffff-2012-01,12
84b3051ffffffff-2012-05,2
84b3051ffffffff-2013-09,2
84b3051ffffffff-2013-12,1
84b3051ffffffff-2015-11,2
84b3051ffffffff-2015-12,3
84b3051ffffffff-2016-01,3
84b3051ffffffff-2017-09,1
84b3051ffffffff-2017-10,3
84b3051ffffffff-2018-09,3
84b3051ffffffff-2018-10,1
84b3051ffffffff-2018-12,2
84b3051ffffffff-2019-01,2
84b3051ffffffff-2019-07,3
84b3051ffffffff-2020-02,1
84b3051ffffffff-2020-12,4
84b3051ffffffff-2021-09,2
84b3051ffffffff-2021-10,4
84b3051ffffffff-2021-11,1
84b3051ffffffff-2021-12,1
84b3051ffffffff-2022-03,11
84b3051ffffffff-2022-04,10
84b3051ffffffff-2022-05,2
84b3051ffffffff-2022-06,2
84b3051ffffffff-2022-07,2
84b3051ffffffff-2022-09,2
84b3051ffffffff-2022-10,2
84b3051ffffffff-2023-11,3
84b3053ffffffff-2013-11,2
84b3053ffffffff-2017-06,2
84b3053ffffffff-2017-09,1
84b3053ffffffff-2018-08,1
84b3053ffffffff-2018-11,1
84b3053ffffffff-2019-03,5
84b3053ffffffff-2020-02,4
84b3053ffffffff-2021-10,2
84b3053ffffffff-2022-03,13
84b3053ffffffff-2022-12,1
84b3059ffffffff-2012-01,6
84b3059ffffffff-2012-02,3
84b3059ffffffff-2012-05,2
84b3059ffffffff-2012-07,1
84b3059ffffffff-2013-01,1
84b3059ffffffff-2013-03,1
84b3059ffffffff-2013-08,1
84b3059ffffffff-2013-10,6
84b3059ffffffff-2013-11,7
84b3059ffffffff-2013-12,2
84b3059ffffffff-2014-01,2
84b3059ffffffff-2014-02,4
84b3059ffffffff-2014-04,1
84b3059ffffffff-2014-10,3
84b3059ffffffff-2014-11,13
84b3059ffffffff-2015-03,1
84b3059ffffffff-2015-04,4
84b3059ffffffff-2015-06,1
84b3059ffffffff-2015-08,3
84b3059ffffffff-2015-10,5
84b3059ffffffff-2015-11,6
84b3059ffffffff-2015-12,5
84b3059ffffffff-2016-01,1
84b3059ffffffff-2016-02,1
84b3059ffffffff-2016-03,1
84b3059ffffffff-2016-05,3
84b3059ffffffff-2016-06,1
84b3059ffffffff-2016-08,2
84b3059ffffffff-2016-10,12
84b3059ffffffff-2016-11,26
84b3059ffffffff-2016-12,8
84b3059ffffffff-2017-01,4
84b3059ffffffff-2017-02,1
84b3059ffffffff-2017-03,1
84b3059ffffffff-2017-04,1
84b3059ffffffff-2017-05,2
84b3059ffffffff-2017-08,1
84b3059ffffffff-2017-09,1
84b3059ffffffff-2017-10,2
84b3059ffffffff-2017-11,3
84b3059ffffffff-2018-01,2
84b3059ffffffff-2018-03,2
84b3059ffffffff-2018-04,1
84b3059ffffffff-2018-05,5
84b3059ffffffff-2018-09,11
84b3059ffffffff-2018-10,8
84b3059ffffffff-2018-11,11
84b3059ffffffff-2018-12,5
84b3059ffffffff-2019-01,7
84b3059ffffffff-2019-02,2
84b3059ffffffff-2019-03,2
84b3059ffffffff-2019-04,2
84b3059ffffffff-2019-05,5
84b3059ffffffff-2019-06,9
84b3059ffffffff-2019-08,1
84b3059ffffffff-2019-09,2
84b3059ffffffff-2019-10,18
84b3059ffffffff-2019-11,20
84b3059ffffffff-2019-12,4
84b3059ffffffff-2020-01,6
84b3059ffffffff-2020-02,11
84b3059ffffffff-2020-03,2
84b3059ffffffff-2020-10,3
84b3059ffffffff-2020-12,2
84b3059ffffffff-2021-03,2
84b3059ffffffff-2021-04,4
84b3059ffffffff-2021-07,6
84b3059ffffffff-2021-08,12
84b3059ffffffff-2021-09,11
84b3059ffffffff-2021-10,18
84b3059ffffffff-2021-11,23
84b3059ffffffff-2021-12,5
84b3059ffffffff-2022-01,1
84b3059ffffffff-2022-02,2
84b3059ffffffff-2022-03,26
84b3059ffffffff-2022-04,15
84b3059ffffffff-2022-05,5
84b3059ffffffff-2022-07,4
84b3059ffffffff-2022-09,2
84b3059ffffffff-2022-10,31
84b3059ffffffff-2022-11,26
84b3059ffffffff-2022-12,9
84b3059ffffffff-2023-01,24
84b3059ffffffff-2023-02,11
84b3059ffffffff-2023-03,3
84b3059ffffffff-2023-04,8
84b3059ffffffff-2023-05,5
84b3059ffffffff-2023-06,14
84b3059ffffffff-2023-07,11
84b3059ffffffff-2023-08,5
84b3059ffffffff-2023-09,4
84b3059ffffffff-2023-10,24
84b3059ffffffff-2023-11,31
84b305dffffffff-2012-01,2
84b305dffffffff-2013-01,3
84b305dffffffff-2013-10,6
84b305dffffffff-2013-11,11
84b305dffffffff-2014-04,1
84b305dffffffff-2014-08,3
84b305dffffffff-2014-10,1
84b305dffffffff-2014-11,12
84b305dffffffff-2015-03,1
84b305dffffffff-2015-04,3
84b305dffffffff-2015-10,4
84b305dffffffff-2015-11,8
84b305dffffffff-2015-12,6
84b305dffffffff-2016-02,1
84b305dffffffff-2016-03,1
84b305dffffffff-2016-05,3
84b305dffffffff-2016-06,2
84b305dffffffff-2016-08,2
84b305dffffffff-2016-10,26
84b305dffffffff-2016-11,25
84b305dffffffff-2016-12,10
84b305dffffffff-2017-01,2
84b305dffffffff-2017-02,3
84b305dffffffff-2017-04,7
84b305dffffffff-2017-05,5
84b305dffffffff-2017-10,1
84b305dffffffff-2017-11,11
84b305dffffffff-2018-03,2
84b305dffffffff-2018-04,2
84b305dffffffff-2018-05,4
84b305dffffffff-2018-09,11
84b305dffffffff-2018-10,6
84b305dffffffff-2018-11,12
84b305dffffffff-2018-12,6
84b305dffffffff-2019-02,4
84b305dffffffff-2019-03,4
84b305dffffffff-2019-04,3
84b305dffffffff-2019-05,6
84b305dffffffff-2019-06,4
84b305dffffffff-2019-07,4
84b305dffffffff-2019-10,8
84b305dffffffff-2019-11,31
84b305dffffffff-2019-12,4
84b305dffffffff-2020-01,4
84b305dffffffff-2020-02,5
84b305dffffffff-2020-10,2
84b305dffffffff-2020-12,4
84b305dffffffff-2021-01,2
84b305dffffffff-2021-03,2
84b305dffffffff-2021-04,4
84b305dffffffff-2021-05,1
84b305dffffffff-2021-07,4
84b305dffffffff-2021-08,5
84b305dffffffff-2021-10,20
84b305dffffffff-2021-11,8
84b305dffffffff-2021-12,7
84b305dffffffff-2022-01,7
84b305dffffffff-2022-02,6
84b305dffffffff-2022-03,37
84b305dffffffff-2022-04,19
84b305dffffffff-2022-05,2
84b305dffffffff-2022-06,2
84b305dffffffff-2022-07,3
84b305dffffffff-2022-09,2
84b305dffffffff-2022-10,5
84b305dffffffff-2022-11,5
84b305dffffffff-2022-12,4
84b305dffffffff-2023-01,21
84b305dffffffff-2023-02,4
84b305dffffffff-2023-03,7
84b305dffffffff-2023-05,3
84b305dffffffff-2023-06,6
84b305dffffffff-2023-07,2
84b305dffffffff-2023-09,2
84b305dffffffff-2023-10,8
84b305dffffffff-2023-11,20
84b3081ffffffff-2014-08,2
84b3081ffffffff-2014-10,1
84b3081ffffffff-2014-11,1
84b3081ffffffff-2015-02,4
84b3081ffffffff-2015-08,14
84b3081ffffffff-2016-02,25
84b3081ffffffff-2016-03,3
84b3081ffffffff-2022-12,2
84b3081ffffffff-2023-07,4
84b3083ffffffff-2013-02,12
84b3083ffffffff-2014-08,4
84b3083ffffffff-2014-10,1
84b3083ffffffff-2015-02,2
84b3083ffffffff-2015-08,2
84b3083ffffffff-2016-02,8
84b3083ffffffff-2016-03,4
84b3083ffffffff-2016-11,1
84b3083ffffffff-2017-12,1
84b3083ffffffff-2018-03,1
84b3083ffffffff-2018-12,2
84b3083ffffffff-2019-01,1
84b3083ffffffff-2019-03,1
84b3083ffffffff-2020-02,1
84b3083ffffffff-2022-02,1
84b3083ffffffff-2022-05,2
84b3083ffffffff-2022-10,1
84b3083ffffffff-2023-01,4
84b3083ffffffff-2023-02,2
84b3083ffffffff-2023-03,1
84b3083ffffffff-2023-07,1
84b3083ffffffff-2023-11,2
84b308bffffffff-2013-02,4
84b308bffffffff-2014-05,1
84b308bffffffff-2017-12,1
84b308bffffffff-2018-03,1
84b308bffffffff-2019-01,1
84b308bffffffff-2020-02,1
84b308bffffffff-2022-05,1
84b308bffffffff-2022-06,1
84b308bffffffff-2022-10,1
84b308bffffffff-2023-01,2
84b308bffffffff-2023-02,2
84b308bffffffff-2023-10,1
84b308dffffffff-2019-08,1
84b308dffffffff-2023-05,1
84b3093ffffffff-2022-11,1
84b3095ffffffff-2013-02,4
84b3095ffffffff-2013-06,1
84b3095ffffffff-2015-12,1
84b3095ffffffff-2017-12,1
84b3095ffffffff-2018-01,1
84b3095ffffffff-2018-03,2
84b3095ffffffff-2018-09,1
84b3095ffffffff-2018-11,1
84b3095ffffffff-2018-12,1
84b3095ffffffff-2019-03,1
84b3095ffffffff-2019-07,1
84b3095ffffffff-2020-01,2
84b3095ffffffff-2022-02,1
84b3095ffffffff-2022-07,1
84b3095ffffffff-2022-10,2
84b3095ffffffff-2023-01,7
84b3095ffffffff-2023-02,1
84b3095ffffffff-2023-03,1
84b3095ffffffff-2023-05,2
84b3095ffffffff-2023-06,1
84b3095ffffffff-2023-10,3
84b3097ffffffff-2013-02,3
84b3097ffffffff-2016-09,1
84b3097ffffffff-2018-03,2
84b3097ffffffff-2018-07,1
84b3097ffffffff-2018-11,1
84b3097ffffffff-2019-01,1
84b3097ffffffff-2022-05,1
84b3097ffffffff-2023-01,1
84b3097ffffffff-2023-02,1
84b3097ffffffff-2023-03,3
84b3097ffffffff-2023-04,1
84b3097ffffffff-2023-05,1
84b3097ffffffff-2023-06,1
84b309bffffffff-2019-01,1
84b309bffffffff-2023-05,1
84b309dffffffff-2016-03,1
84b309dffffffff-2018-04,1
84b309dffffffff-2022-02,1
84b309dffffffff-2022-12,2
84b309dffffffff-2023-01,1
84b309dffffffff-2023-10,1
84b309dffffffff-2023-11,1
84b30b3ffffffff-2013-09,1
84b30b3ffffffff-2017-05,1
84b30b3ffffffff-2018-05,2
84b30b3ffffffff-2018-06,1
84b30b3ffffffff-2020-02,1
84b30b3ffffffff-2022-11,1
84b30b3ffffffff-2023-08,1
84b30bbffffffff-2012-06,1
84b30bbffffffff-2012-07,1
84b30bbffffffff-2013-05,1
84b30bbffffffff-2013-12,4
84b30bbffffffff-2014-08,1
84b30bbffffffff-2014-11,1
84b30bbffffffff-2014-12,1
84b30bbffffffff-2015-01,1
84b30bbffffffff-2015-06,1
84b30bbffffffff-2015-12,8
84b30bbffffffff-2016-01,1
84b30bbffffffff-2016-02,2
84b30bbffffffff-2016-04,1
84b30bbffffffff-2016-06,2
84b30bbffffffff-2016-11,1
84b30bbffffffff-2017-01,4
84b30bbffffffff-2017-03,3
84b30bbffffffff-2017-06,2
84b30bbffffffff-2017-08,2
84b30bbffffffff-2017-10,7
84b30bbffffffff-2017-11,3
84b30bbffffffff-2018-01,4
84b30bbffffffff-2018-02,5
84b30bbffffffff-2018-08,2
84b30bbffffffff-2018-10,1
84b30bbffffffff-2018-11,2
84b30bbffffffff-2018-12,2
84b30bbffffffff-2019-01,4
84b30bbffffffff-2019-03,3
84b30bbffffffff-2019-04,3
84b30bbffffffff-2019-05,1
84b30bbffffffff-2019-08,3
84b30bbffffffff-2019-09,1
84b30bbffffffff-2019-10,1
84b30bbffffffff-2019-11,1
84b30bbffffffff-2019-12,4
84b30bbffffffff-2020-01,3
84b30bbffffffff-2020-02,6
84b30bbffffffff-2020-03,7
84b30bbffffffff-2020-06,2
84b30bbffffffff-2020-10,2
84b30bbffffffff-2020-12,2
84b30bbffffffff-2021-03,1
84b30bbffffffff-2021-05,7
84b30bbffffffff-2021-06,2
84b30bbffffffff-2021-07,1
84b30bbffffffff-2021-08,1
84b30bbffffffff-2021-09,3
84b30bbffffffff-2021-10,2
84b30bbffffffff-2021-11,1
84b30bbffffffff-2021-12,10
84b30bbffffffff-2022-01,7
84b30bbffffffff-2022-03,2
84b30bbffffffff-2022-04,2
84b30bbffffffff-2022-05,3
84b30bbffffffff-2022-06,3
84b30bbffffffff-2022-07,3
84b30bbffffffff-2022-08,6
84b30bbffffffff-2022-09,3
84b30bbffffffff-2022-10,8
84b30bbffffffff-2022-11,13
84b30bbffffffff-2022-12,13
84b30bbffffffff-2023-01,10
84b30bbffffffff-2023-02,9
84b30bbffffffff-2023-03,2
84b30bbffffffff-2023-04,5
84b30bbffffffff-2023-05,7
84b30bbffffffff-2023-07,5
84b30bbffffffff-2023-08,3
84b30bbffffffff-2023-09,7
84b30bbffffffff-2023-10,9
84b30bbffffffff-2023-11,7
84b30c5ffffffff-2015-05,1
84b30c5ffffffff-2016-02,1
84b30c5ffffffff-2016-12,1
84b30c5ffffffff-2017-10,1
84b30c5ffffffff-2018-09,1
84b30c5ffffffff-2018-10,1
84b30c5ffffffff-2019-01,3
84b30c5ffffffff-2019-03,5
84b30c5ffffffff-2019-05,3
84b30c5ffffffff-2019-08,1
84b30c5ffffffff-2019-11,2
84b30c5ffffffff-2020-02,1
84b30c5ffffffff-2020-10,1
84b30c5ffffffff-2020-12,1
84b30c5ffffffff-2021-07,3
84b30c5ffffffff-2021-10,4
84b30c5ffffffff-2022-02,1
84b30c5ffffffff-2022-03,1
84b30c5ffffffff-2022-09,2
84b30c5ffffffff-2023-03,1
84b30c5ffffffff-2023-09,11
84b30c5ffffffff-2023-10,5
84b30d1ffffffff-2023-11,3
84b30d5ffffffff-2019-08,2
84b30d7ffffffff-2013-02,4
84b30d7ffffffff-2015-12,1
84b30d7ffffffff-2018-03,1
84b30d7ffffffff-2018-08,1
84b30d7ffffffff-2019-01,1
84b30d7ffffffff-2019-12,1
84b30d7ffffffff-2022-07,1
84b30d7ffffffff-2023-01,2
84b30d7ffffffff-2023-03,1
84b30d7ffffffff-2023-05,1
84b30d7ffffffff-2023-11,6
84b30ebffffffff-2019-08,1
84b30ebffffffff-2019-11,1
84b30ebffffffff-2023-03,1
84b3201ffffffff-2012-12,1
84b3201ffffffff-2019-03,1
84b3201ffffffff-2022-09,1
84b3201ffffffff-2022-10,1
84b3201ffffffff-2022-11,1
84b3201ffffffff-2023-08,4
84b3201ffffffff-2023-10,1
84b3203ffffffff-2013-12,2
84b3203ffffffff-2019-02,1
84b3203ffffffff-2019-10,2
84b3203ffffffff-2021-04,4
84b3203ffffffff-2021-05,2
84b3203ffffffff-2021-07,1
84b3203ffffffff-2021-09,1
84b3203ffffffff-2021-10,4
84b3203ffffffff-2021-11,2
84b3203ffffffff-2022-02,9
84b3203ffffffff-2022-03,5
84b3203ffffffff-2022-04,5
84b3203ffffffff-2022-05,5
84b3203ffffffff-2022-10,14
84b3203ffffffff-2022-12,3
84b3203ffffffff-2023-01,2
84b3203ffffffff-2023-03,1
84b3203ffffffff-2023-07,5
84b3203ffffffff-2023-09,4
84b3203ffffffff-2023-10,10
84b3205ffffffff-2013-07,2
84b3205ffffffff-2019-01,1
84b3205ffffffff-2023-07,1
84b3209ffffffff-2020-12,2
84b3209ffffffff-2021-05,1
84b3209ffffffff-2021-10,2
84b3209ffffffff-2021-11,2
84b320bffffffff-2012-01,1
84b320bffffffff-2013-08,4
84b320bffffffff-2013-10,1
84b320bffffffff-2013-11,2
84b320bffffffff-2015-09,2
84b320bffffffff-2015-10,2
84b320bffffffff-2017-05,1
84b320bffffffff-2017-07,4
84b320bffffffff-2017-11,1
84b320bffffffff-2017-12,1
84b320bffffffff-2018-09,4
84b320bffffffff-2018-10,8
84b320bffffffff-2018-11,3
84b320bffffffff-2019-02,1
84b320bffffffff-2019-09,2
84b320bffffffff-2019-12,1
84b320bffffffff-2020-10,3
84b320bffffffff-2020-11,1
84b320bffffffff-2021-05,1
84b320bffffffff-2021-09,2
84b320bffffffff-2022-11,1
84b320bffffffff-2022-12,2
84b320bffffffff-2023-05,1
84b320bffffffff-2023-09,9
84b320bffffffff-2023-10,39
84b320bffffffff-2023-11,9
84b320dffffffff-2012-08,1
84b320dffffffff-2015-11,3
84b320dffffffff-2016-03,2
84b320dffffffff-2016-09,1
84b320dffffffff-2018-12,2
84b320dffffffff-2019-10,1
84b320dffffffff-2019-12,2
84b320dffffffff-2021-12,8
84b320dffffffff-2022-11,1
84b320dffffffff-2023-03,1
84b320dffffffff-2023-04,4
84b320dffffffff-2023-06,2
84b320dffffffff-2023-07,2
84b320dffffffff-2023-08,1
84b3211ffffffff-2012-08,1
84b3211ffffffff-2023-04,1
84b3217ffffffff-2017-01,1
84b3217ffffffff-2023-06,4
84b321dffffffff-2016-07,2
84b321dffffffff-2020-02,1
84b321dffffffff-2021-05,1
84b321dffffffff-2021-10,1
84b3221ffffffff-2016-06,1
84b3221ffffffff-2018-05,2
84b3221ffffffff-2018-09,1
84b3221ffffffff-2019-02,1
84b3221ffffffff-2020-02,6
84b3221ffffffff-2021-06,1
84b3221ffffffff-2021-07,10
84b3221ffffffff-2021-09,3
84b3221ffffffff-2022-08,1
84b3221ffffffff-2023-05,2
84b3221ffffffff-2023-08,1
84b3223ffffffff-2016-05,1
84b3223ffffffff-2018-05,1
84b3223ffffffff-2020-02,1
84b3225ffffffff-2015-11,1
84b3225ffffffff-2019-06,1
84b3225ffffffff-2019-09,1
84b3225ffffffff-2019-10,1
84b3225ffffffff-2020-02,5
84b3225ffffffff-2020-03,1
84b3225ffffffff-2021-03,1
84b3225ffffffff-2021-07,5
84b3225ffffffff-2021-09,7
84b3225ffffffff-2023-05,1
84b3227ffffffff-2017-05,1
84b3227ffffffff-2020-02,1
84b322dffffffff-2017-05,1
84b322dffffffff-2018-05,6
84b322dffffffff-2019-05,2
84b322dffffffff-2019-11,1
84b322dffffffff-2020-02,3
84b322dffffffff-2021-07,2
84b322dffffffff-2021-10,1
84b322dffffffff-2021-12,2
84b322dffffffff-2023-10,5
84b3235ffffffff-2016-07,2
84b3235ffffffff-2018-01,1
84b3235ffffffff-2020-02,1
84b3235ffffffff-2021-08,7
84b3235ffffffff-2021-11,1
84b3235ffffffff-2023-01,2
84b3235ffffffff-2023-05,2
84b3235ffffffff-2023-06,2
84b3235ffffffff-2023-11,7
84b3237ffffffff-2019-01,1
84b3237ffffffff-2021-08,1
84b3237ffffffff-2022-05,2
84b3237ffffffff-2023-01,3
84b3237ffffffff-2023-04,2
84b3241ffffffff-2023-10,1
84b3245ffffffff-2020-10,3
84b3247ffffffff-2019-01,2
84b3247ffffffff-2021-04,1
84b3247ffffffff-2021-11,5
84b324dffffffff-2021-06,1
84b324dffffffff-2023-10,3
84b3255ffffffff-2023-07,1
84b3257ffffffff-2016-09,1
84b3257ffffffff-2017-11,1
84b3257ffffffff-2021-10,1
84b3257ffffffff-2021-12,2
84b3257ffffffff-2022-11,1
84b3257ffffffff-2022-12,1
84b3257ffffffff-2023-04,2
84b3257ffffffff-2023-05,4
84b3257ffffffff-2023-06,4
84b3257ffffffff-2023-07,2
84b3257ffffffff-2023-08,3
84b3257ffffffff-2023-09,12
84b3257ffffffff-2023-10,8
84b3261ffffffff-2012-08,1
84b3261ffffffff-2014-07,2
84b3261ffffffff-2014-10,1
84b3261ffffffff-2015-05,1
84b3261ffffffff-2015-09,1
84b3261ffffffff-2015-11,7
84b3261ffffffff-2015-12,1
84b3261ffffffff-2016-01,1
84b3261ffffffff-2016-02,2
84b3261ffffffff-2016-03,2
84b3261ffffffff-2016-04,4
84b3261ffffffff-2016-05,6
84b3261ffffffff-2016-06,2
84b3261ffffffff-2016-07,5
84b3261ffffffff-2016-09,2
84b3261ffffffff-2016-10,2
84b3261ffffffff-2016-11,8
84b3261ffffffff-2016-12,3
84b3261ffffffff-2017-01,1
84b3261ffffffff-2017-03,3
84b3261ffffffff-2017-05,3
84b3261ffffffff-2017-06,5
84b3261ffffffff-2017-08,1
84b3261ffffffff-2017-09,2
84b3261ffffffff-2017-10,1
84b3261ffffffff-2017-12,3
84b3261ffffffff-2018-02,1
84b3261ffffffff-2018-04,1
84b3261ffffffff-2018-06,2
84b3261ffffffff-2018-10,1
84b3261ffffffff-2019-01,7
84b3261ffffffff-2019-02,1
84b3261ffffffff-2019-05,10
84b3261ffffffff-2019-06,5
84b3261ffffffff-2019-08,4
84b3261ffffffff-2019-09,3
84b3261ffffffff-2019-10,4
84b3261ffffffff-2019-12,2
84b3261ffffffff-2020-01,3
84b3261ffffffff-2020-02,2
84b3261ffffffff-2020-03,1
84b3261ffffffff-2020-05,7
84b3261ffffffff-2020-08,1
84b3261ffffffff-2020-10,3
84b3261ffffffff-2020-11,2
84b3261ffffffff-2020-12,3
84b3261ffffffff-2021-01,2
84b3261ffffffff-2021-02,1
84b3261ffffffff-2021-04,1
84b3261ffffffff-2021-05,26
84b3261ffffffff-2021-08,2
84b3261ffffffff-2021-09,4
84b3261ffffffff-2021-10,3
84b3261ffffffff-2021-11,1
84b3261ffffffff-2022-02,1
84b3261ffffffff-2022-04,1
84b3261ffffffff-2022-05,6
84b3261ffffffff-2022-07,2
84b3261ffffffff-2022-11,1
84b3261ffffffff-2023-04,1
84b3261ffffffff-2023-05,6
84b3261ffffffff-2023-06,7
84b3261ffffffff-2023-09,4
84b3261ffffffff-2023-10,2
84b3261ffffffff-2023-11,9
84b3263ffffffff-2015-11,1
84b3263ffffffff-2016-02,7
84b3263ffffffff-2019-05,1
84b3263ffffffff-2021-09,2
84b3263ffffffff-2022-08,2
84b3263ffffffff-2023-07,1
84b3265ffffffff-2019-05,1
84b3265ffffffff-2019-10,2
84b3269ffffffff-2016-07,2
84b3269ffffffff-2019-05,2
84b3269ffffffff-2020-10,1
84b3269ffffffff-2021-06,1
84b3269ffffffff-2022-08,1
84b326bffffffff-2019-07,1
84b326bffffffff-2021-02,1
84b326dffffffff-2013-06,2
84b326dffffffff-2016-02,2
84b326dffffffff-2018-05,2
84b326dffffffff-2019-01,1
84b326dffffffff-2019-09,4
84b326dffffffff-2019-10,4
84b326dffffffff-2019-11,3
84b326dffffffff-2019-12,1
84b326dffffffff-2020-01,3
84b326dffffffff-2020-12,12
84b326dffffffff-2021-07,5
84b326dffffffff-2021-09,4
84b326dffffffff-2021-10,3
84b326dffffffff-2022-07,1
84b326dffffffff-2022-10,1
84b326dffffffff-2023-07,1
84b326dffffffff-2023-11,1
84b3289ffffffff-2012-08,2
84b3289ffffffff-2012-09,1
84b3289ffffffff-2012-10,1
84b3289ffffffff-2013-07,2
84b3289ffffffff-2013-08,2
84b3289ffffffff-2013-11,2
84b3289ffffffff-2014-07,2
84b3289ffffffff-2014-09,1
84b3289ffffffff-2015-04,1
84b3289ffffffff-2016-10,4
84b3289ffffffff-2017-05,3
84b3289ffffffff-2017-07,2
84b3289ffffffff-2017-09,2
84b3289ffffffff-2017-11,1
84b3289ffffffff-2019-09,1
84b3289ffffffff-2020-02,2
84b3289ffffffff-2021-02,1
84b3289ffffffff-2021-10,1
84b3289ffffffff-2022-08,5
84b3289ffffffff-2022-10,1
84b3289ffffffff-2023-09,6
84b3289ffffffff-2023-10,6
84b328dffffffff-2012-08,1
84b32a5ffffffff-2013-07,1
84b32a5ffffffff-2014-02,1
84b32a5ffffffff-2017-09,3
84b32a5ffffffff-2017-12,1
84b32a5ffffffff-2018-04,2
84b32a5ffffffff-2018-07,3
84b32a5ffffffff-2019-03,10
84b32a5ffffffff-2019-07,2
84b32a5ffffffff-2019-10,1
84b32a5ffffffff-2019-11,3
84b32a5ffffffff-2021-07,1
84b32a5ffffffff-2023-10,1
84b32b5ffffffff-2016-08,1
84b32b5ffffffff-2019-12,1
84b32b5ffffffff-2021-02,1
84b32b5ffffffff-2022-02,1
84b32bbffffffff-2013-02,5
84b32bbffffffff-2022-12,1
84b32bbffffffff-2023-05,1
84b32bdffffffff-2021-02,1
84b32bdffffffff-2022-02,1
84b32c3ffffffff-2021-05,1
84b32c3ffffffff-2023-10,6
84b32c3ffffffff-2023-11,1
84b32c5ffffffff-2017-03,2
84b32c5ffffffff-2019-01,3
84b32c5ffffffff-2020-02,4
84b32c5ffffffff-2022-06,1
84b32c5ffffffff-2022-07,6
84b32c5ffffffff-2022-11,2
84b32c7ffffffff-2017-10,2
84b32c7ffffffff-2018-04,4
84b32c7ffffffff-2019-01,3
84b32c7ffffffff-2020-02,4
84b32c7ffffffff-2020-10,1
84b32c7ffffffff-2020-11,3
84b32c7ffffffff-2021-05,1
84b32c7ffffffff-2022-01,2
84b32c7ffffffff-2022-07,6
84b32c7ffffffff-2022-08,2
84b32c7ffffffff-2022-10,1
84b32c7ffffffff-2023-02,1
84b32c7ffffffff-2023-03,4
84b32c7ffffffff-2023-04,1
84b32c7ffffffff-2023-07,2
84b32c7ffffffff-2023-09,1
84b32c7ffffffff-2023-10,7
84b32c7ffffffff-2023-11,3
84b32d7ffffffff-2021-10,1
84b32d7ffffffff-2023-10,1
84b32d9ffffffff-2019-08,1
84b32d9ffffffff-2021-04,1
84b32d9ffffffff-2021-05,1
84b32d9ffffffff-2022-05,1
84b32edffffffff-2013-12,2
84b32edffffffff-2017-01,1
84b32edffffffff-2017-05,1
84b3301ffffffff-2012-10,1
84b3301ffffffff-2012-12,1
84b3301ffffffff-2013-01,5
84b3301ffffffff-2013-07,3
84b3301ffffffff-2013-11,1
84b3301ffffffff-2015-05,2
84b3301ffffffff-2023-07,1
84b3303ffffffff-2012-04,1
84b3303ffffffff-2012-06,1
84b3303ffffffff-2012-08,1
84b3303ffffffff-2013-01,6
84b3303ffffffff-2013-11,2
84b3303ffffffff-2014-08,3
84b3303ffffffff-2014-10,1
84b3303ffffffff-2015-05,3
84b3303ffffffff-2015-07,3
84b3303ffffffff-2015-09,5
84b3303ffffffff-2015-10,1
84b3303ffffffff-2015-12,1
84b3303ffffffff-2016-03,1
84b3303ffffffff-2016-05,1
84b3303ffffffff-2016-07,2
84b3303ffffffff-2016-10,2
84b3303ffffffff-2017-05,2
84b3303ffffffff-2017-06,2
84b3303ffffffff-2017-10,1
84b3303ffffffff-2017-11,2
84b3303ffffffff-2018-01,4
84b3303ffffffff-2018-02,3
84b3303ffffffff-2018-07,1
84b3303ffffffff-2018-08,5
84b3303ffffffff-2018-09,1
84b3303ffffffff-2018-10,3
84b3303ffffffff-2018-11,4
84b3303ffffffff-2018-12,15
84b3303ffffffff-2019-01,19
84b3303ffffffff-2019-02,2
84b3303ffffffff-2019-03,2
84b3303ffffffff-2019-04,1
84b3303ffffffff-2019-05,5
84b3303ffffffff-2019-06,2
84b3303ffffffff-2019-09,1
84b3303ffffffff-2019-12,9
84b3303ffffffff-2020-01,6
84b3303ffffffff-2020-02,3
84b3303ffffffff-2020-09,2
84b3303ffffffff-2020-10,5
84b3303ffffffff-2020-12,2
84b3303ffffffff-2021-05,3
84b3303ffffffff-2021-06,3
84b3303ffffffff-2021-07,3
84b3303ffffffff-2021-08,6
84b3303ffffffff-2021-09,2
84b3303ffffffff-2021-10,1
84b3303ffffffff-2021-11,2
84b3303ffffffff-2021-12,3
84b3303ffffffff-2022-01,3
84b3303ffffffff-2022-02,1
84b3303ffffffff-2022-03,3
84b3303ffffffff-2022-08,4
84b3303ffffffff-2022-10,8
84b3303ffffffff-2022-11,1
84b3303ffffffff-2023-01,1
84b3303ffffffff-2023-05,3
84b3303ffffffff-2023-07,16
84b3303ffffffff-2023-08,1
84b3303ffffffff-2023-09,6
84b3303ffffffff-2023-10,81
84b3303ffffffff-2023-11,5
84b3305ffffffff-2019-01,4
84b3305ffffffff-2021-12,1
84b3305ffffffff-2022-02,1
84b3305ffffffff-2022-06,1
84b3313ffffffff-2013-02,1
84b3313ffffffff-2015-05,1
84b3313ffffffff-2015-10,1
84b3313ffffffff-2016-02,4
84b3313ffffffff-2016-04,1
84b3313ffffffff-2016-05,1
84b3313ffffffff-2016-06,3
84b3313ffffffff-2016-07,3
84b3313ffffffff-2016-08,1
84b3313ffffffff-2016-11,2
84b3313ffffffff-2017-02,3
84b3313ffffffff-2017-05,4
84b3313ffffffff-2017-07,1
84b3313ffffffff-2018-01,5
84b3313ffffffff-2018-03,2
84b3313ffffffff-2018-04,1
84b3313ffffffff-2018-05,12
84b3313ffffffff-2018-06,1
84b3313ffffffff-2018-07,3
84b3313ffffffff-2018-08,2
84b3313ffffffff-2018-09,1
84b3313ffffffff-2019-01,2
84b3313ffffffff-2019-02,1
84b3313ffffffff-2019-04,3
84b3313ffffffff-2019-05,12
84b3313ffffffff-2019-06,3
84b3313ffffffff-2019-07,1
84b3313ffffffff-2019-09,2
84b3313ffffffff-2019-11,6
84b3313ffffffff-2019-12,14
84b3313ffffffff-2020-01,2
84b3313ffffffff-2020-02,10
84b3313ffffffff-2020-10,1
84b3313ffffffff-2020-12,1
84b3313ffffffff-2021-02,9
84b3313ffffffff-2021-05,1
84b3313ffffffff-2021-09,6
84b3313ffffffff-2021-10,3
84b3313ffffffff-2022-03,2
84b3313ffffffff-2022-05,3
84b3313ffffffff-2022-06,1
84b3313ffffffff-2022-07,1
84b3313ffffffff-2022-08,2
84b3313ffffffff-2022-09,6
84b3313ffffffff-2022-10,10
84b3313ffffffff-2022-12,1
84b3313ffffffff-2023-01,1
84b3313ffffffff-2023-02,7
84b3313ffffffff-2023-03,1
84b3313ffffffff-2023-04,1
84b3313ffffffff-2023-05,8
84b3313ffffffff-2023-06,1
84b3313ffffffff-2023-07,4
84b3313ffffffff-2023-10,13
84b3315ffffffff-2020-12,1
84b3317ffffffff-2019-11,3
84b3317ffffffff-2022-08,1
84b331bffffffff-2019-05,2
84b3341ffffffff-2021-10,2
84b3341ffffffff-2023-08,1
84b3343ffffffff-2018-02,1
84b3343ffffffff-2019-03,1
84b3343ffffffff-2023-04,1
84b3343ffffffff-2023-05,5
84b3343ffffffff-2023-07,1
84b3343ffffffff-2023-08,4
84b3343ffffffff-2023-10,1
84b3345ffffffff-2020-05,1
84b3349ffffffff-2019-12,1
84b3349ffffffff-2022-02,1
84b3349ffffffff-2022-04,1
84b334bffffffff-2016-11,1
84b334bffffffff-2017-05,1
84b334bffffffff-2018-01,1
84b334bffffffff-2018-02,1
84b334bffffffff-2018-06,1
84b334bffffffff-2019-05,2
84b334bffffffff-2019-08,1
84b334bffffffff-2019-12,1
84b334bffffffff-2020-03,1
84b334bffffffff-2021-05,2
84b334bffffffff-2021-08,2
84b334bffffffff-2021-12,1
84b334bffffffff-2022-04,1
84b334bffffffff-2022-08,1
84b334bffffffff-2023-04,1
84b334bffffffff-2023-10,1
84b334bffffffff-2023-11,2
84b334dffffffff-2019-05,1
84b334dffffffff-2020-08,2
84b3351ffffffff-2012-01,2
84b3351ffffffff-2012-09,1
84b3351ffffffff-2013-04,1
84b3351ffffffff-2013-05,1
84b3351ffffffff-2013-07,3
84b3351ffffffff-2013-09,1
84b3351ffffffff-2014-04,4
84b3351ffffffff-2015-05,2
84b3351ffffffff-2016-04,1
84b3351ffffffff-2016-06,1
84b3351ffffffff-2017-01,1
84b3351ffffffff-2017-02,2
84b3351ffffffff-2017-05,4
84b3351ffffffff-2018-02,3
84b3351ffffffff-2018-05,7
84b3351ffffffff-2018-06,1
84b3351ffffffff-2018-07,2
84b3351ffffffff-2019-02,2
84b3351ffffffff-2019-04,4
84b3351ffffffff-2019-05,6
84b3351ffffffff-2019-08,8
84b3351ffffffff-2019-09,5
84b3351ffffffff-2019-10,1
84b3351ffffffff-2020-01,4
84b3351ffffffff-2020-03,2
84b3351ffffffff-2020-08,1
84b3351ffffffff-2020-12,1
84b3351ffffffff-2021-02,7
84b3351ffffffff-2021-05,9
84b3351ffffffff-2021-07,1
84b3351ffffffff-2021-10,8
84b3351ffffffff-2021-11,1
84b3351ffffffff-2022-02,2
84b3351ffffffff-2022-03,2
84b3351ffffffff-2022-04,1
84b3351ffffffff-2022-05,2
84b3351ffffffff-2022-06,1
84b3351ffffffff-2022-07,1
84b3351ffffffff-2023-03,1
84b3351ffffffff-2023-04,1
84b3351ffffffff-2023-05,10
84b3351ffffffff-2023-06,11
84b3351ffffffff-2023-08,6
84b3351ffffffff-2023-09,2
84b3355ffffffff-2012-11,1
84b3355ffffffff-2019-04,1
84b3355ffffffff-2020-04,1
84b3355ffffffff-2021-11,1
84b3355ffffffff-2022-09,1
84b3355ffffffff-2023-03,1
84b3355ffffffff-2023-05,2
84b3355ffffffff-2023-08,1
84b3357ffffffff-2020-12,1
84b3357ffffffff-2021-12,1
84b3357ffffffff-2022-10,1
84b3357ffffffff-2023-06,1
84b3359ffffffff-2012-12,2
84b3359ffffffff-2013-07,2
84b3359ffffffff-2014-05,1
84b3359ffffffff-2014-06,2
84b3359ffffffff-2014-10,1
84b3359ffffffff-2016-02,2
84b3359ffffffff-2016-06,1
84b3359ffffffff-2016-07,1
84b3359ffffffff-2016-10,1
84b3359ffffffff-2016-11,2
84b3359ffffffff-2016-12,1
84b3359ffffffff-2017-01,1
84b3359ffffffff-2017-05,1
84b3359ffffffff-2017-07,1
84b3359ffffffff-2017-09,1
84b3359ffffffff-2018-10,1
84b3359ffffffff-2018-12,2
84b3359ffffffff-2019-01,1
84b3359ffffffff-2019-05,2
84b3359ffffffff-2019-07,2
84b3359ffffffff-2019-09,1
84b3359ffffffff-2019-10,7
84b3359ffffffff-2020-02,1
84b3359ffffffff-2022-04,1
84b3359ffffffff-2022-05,1
84b3359ffffffff-2022-08,8
84b3359ffffffff-2022-09,1
84b3359ffffffff-2022-11,2
84b3359ffffffff-2022-12,2
84b3359ffffffff-2023-04,1
84b3359ffffffff-2023-06,2
84b3359ffffffff-2023-07,1
84b3359ffffffff-2023-10,1
84b3359ffffffff-2023-11,3
84b335dffffffff-2015-05,4
84b335dffffffff-2015-12,1
84b335dffffffff-2016-01,1
84b335dffffffff-2016-04,2
84b335dffffffff-2016-05,2
84b335dffffffff-2017-01,1
84b335dffffffff-2017-03,1
84b335dffffffff-2017-05,2
84b335dffffffff-2017-08,5
84b335dffffffff-2017-09,1
84b335dffffffff-2017-10,1
84b335dffffffff-2018-01,3
84b335dffffffff-2018-02,3
84b335dffffffff-2018-03,1
84b335dffffffff-2018-05,3
84b335dffffffff-2018-06,5
84b335dffffffff-2018-07,2
84b335dffffffff-2018-09,2
84b335dffffffff-2018-10,2
84b335dffffffff-2018-12,3
84b335dffffffff-2019-04,2
84b335dffffffff-2019-05,5
84b335dffffffff-2019-06,1
84b335dffffffff-2019-07,3
84b335dffffffff-2019-08,10
84b335dffffffff-2019-10,2
84b335dffffffff-2020-01,1
84b335dffffffff-2020-03,5
84b335dffffffff-2020-08,2
84b335dffffffff-2020-09,1
84b335dffffffff-2020-10,3
84b335dffffffff-2020-12,2
84b335dffffffff-2021-02,2
84b335dffffffff-2021-03,1
84b335dffffffff-2021-04,1
84b335dffffffff-2021-05,4
84b335dffffffff-2021-07,2
84b335dffffffff-2021-09,4
84b335dffffffff-2021-11,1
84b335dffffffff-2021-12,1
84b335dffffffff-2022-03,1
84b335dffffffff-2022-04,2
84b335dffffffff-2023-05,2
84b335dffffffff-2023-07,2
84b335dffffffff-2023-08,5
84b335dffffffff-2023-09,7
84b335dffffffff-2023-10,1
84b335dffffffff-2023-11,8
84b3363ffffffff-2015-12,1
84b3363ffffffff-2016-04,1
84b3363ffffffff-2016-05,1
84b3363ffffffff-2016-09,1
84b3363ffffffff-2016-10,2
84b3363ffffffff-2016-12,1
84b3363ffffffff-2017-07,1
84b3363ffffffff-2017-09,1
84b3363ffffffff-2017-10,1
84b3363ffffffff-2017-11,1
84b3363ffffffff-2018-01,1
84b3363ffffffff-2018-09,1
84b3363ffffffff-2018-11,2
84b3363ffffffff-2019-03,3
84b3363ffffffff-2019-04,1
84b3363ffffffff-2019-05,1
84b3363ffffffff-2019-08,1
84b3363ffffffff-2019-09,2
84b3363ffffffff-2019-10,1
84b3363ffffffff-2020-02,1
84b3363ffffffff-2020-03,3
84b3363ffffffff-2020-07,2
84b3363ffffffff-2020-08,3
84b3363ffffffff-2020-12,2
84b3363ffffffff-2021-01,2
84b3363ffffffff-2021-02,1
84b3363ffffffff-2021-04,3
84b3363ffffffff-2021-05,1
84b3363ffffffff-2021-06,2
84b3363ffffffff-2021-07,1
84b3363ffffffff-2021-08,1
84b3363ffffffff-2021-09,1
84b3363ffffffff-2021-11,1
84b3363ffffffff-2021-12,1
84b3363ffffffff-2022-11,1
84b3363ffffffff-2023-01,2
84b3363ffffffff-2023-03,1
84b3363ffffffff-2023-05,7
84b3363ffffffff-2023-07,1
84b3363ffffffff-2023-08,6
84b3363ffffffff-2023-09,2
84b3363ffffffff-2023-10,1
84b3405ffffffff-2021-07,1
84b3405ffffffff-2022-10,4
84b3421ffffffff-2023-09,2
84b3421ffffffff-2023-10,8
84b3421ffffffff-2023-11,1
84b3429ffffffff-2021-04,1
84b3429ffffffff-2021-05,7
84b3429ffffffff-2021-07,1
84b3429ffffffff-2021-10,1
84b3429ffffffff-2023-10,1
84b342bffffffff-2016-10,1
84b342bffffffff-2023-06,1
84b342bffffffff-2023-07,7
84b342dffffffff-2018-12,1
84b343bffffffff-2020-10,1
84b343bffffffff-2020-11,8
84b343bffffffff-2021-05,1
84b343bffffffff-2022-05,2
84b3445ffffffff-2021-05,4
84b3445ffffffff-2021-07,2
84b3499ffffffff-2023-03,1
84b34dbffffffff-2013-04,1
84b34dbffffffff-2013-05,6
84b34dbffffffff-2017-07,2
84b34dbffffffff-2022-08,2
84b34dbffffffff-2023-03,1
84b34dbffffffff-2023-05,2
84b3501ffffffff-2023-02,2
84b350dffffffff-2022-02,1
84b3511ffffffff-2016-07,1
84b3511ffffffff-2019-10,2
84b3511ffffffff-2020-06,1
84b3511ffffffff-2020-10,2
84b3511ffffffff-2021-06,3
84b3511ffffffff-2021-08,3
84b3511ffffffff-2022-10,14
84b3511ffffffff-2023-07,1
84b3513ffffffff-2016-05,2
84b3513ffffffff-2016-07,1
84b3513ffffffff-2016-10,5
84b3513ffffffff-2017-05,3
84b3513ffffffff-2017-07,1
84b3513ffffffff-2017-11,1
84b3513ffffffff-2017-12,1
84b3513ffffffff-2018-09,3
84b3513ffffffff-2018-10,2
84b3513ffffffff-2019-07,2
84b3513ffffffff-2019-12,1
84b3513ffffffff-2020-08,4
84b3513ffffffff-2020-09,2
84b3513ffffffff-2020-10,5
84b3513ffffffff-2020-12,10
84b3513ffffffff-2021-06,3
84b3513ffffffff-2021-07,4
84b3513ffffffff-2021-08,3
84b3513ffffffff-2021-09,3
84b3513ffffffff-2021-10,6
84b3513ffffffff-2021-11,21
84b3513ffffffff-2021-12,2
84b3513ffffffff-2022-02,4
84b3513ffffffff-2022-03,3
84b3513ffffffff-2022-04,4
84b3513ffffffff-2022-08,2
84b3513ffffffff-2022-09,1
84b3513ffffffff-2022-10,3
84b3513ffffffff-2022-11,1
84b3513ffffffff-2022-12,5
84b3513ffffffff-2023-02,1
84b3513ffffffff-2023-05,1
84b3513ffffffff-2023-06,2
84b3513ffffffff-2023-07,7
84b3513ffffffff-2023-09,7
84b3513ffffffff-2023-10,8
84b3513ffffffff-2023-11,7
84b3515ffffffff-2016-09,3
84b3515ffffffff-2017-11,1
84b3515ffffffff-2018-10,4
84b3515ffffffff-2018-11,1
84b3515ffffffff-2018-12,1
84b3515ffffffff-2019-10,8
84b3515ffffffff-2019-11,1
84b3515ffffffff-2020-11,3
84b3515ffffffff-2021-02,8
84b3515ffffffff-2021-05,4
84b3515ffffffff-2021-08,3
84b3515ffffffff-2021-11,1
84b3515ffffffff-2022-01,2
84b3515ffffffff-2022-07,1
84b3515ffffffff-2022-09,2
84b3515ffffffff-2022-10,5
84b3515ffffffff-2023-03,6
84b3515ffffffff-2023-04,12
84b3515ffffffff-2023-05,4
84b3515ffffffff-2023-06,5
84b3515ffffffff-2023-07,2
84b3515ffffffff-2023-10,1
84b3519ffffffff-2019-10,1
84b3519ffffffff-2021-02,4
84b3521ffffffff-2019-04,1
84b3521ffffffff-2020-01,2
84b3521ffffffff-2022-06,1
84b3521ffffffff-2022-10,1
84b3521ffffffff-2023-01,1
84b3521ffffffff-2023-05,2
84b3521ffffffff-2023-09,1
84b352bffffffff-2018-08,1
84b352bffffffff-2019-10,2
84b352bffffffff-2022-02,4
84b352bffffffff-2022-11,2
84b352bffffffff-2023-03,2
84b352dffffffff-2013-11,1
84b352dffffffff-2013-12,1
84b352dffffffff-2014-07,3
84b352dffffffff-2014-11,1
84b352dffffffff-2015-02,3
84b352dffffffff-2015-07,1
84b352dffffffff-2015-12,1
84b352dffffffff-2016-02,7
84b352dffffffff-2016-06,2
84b352dffffffff-2016-12,1
84b352dffffffff-2017-01,5
84b352dffffffff-2017-04,2
84b352dffffffff-2017-09,1
84b352dffffffff-2017-10,2
84b352dffffffff-2018-01,3
84b352dffffffff-2018-02,4
84b352dffffffff-2019-02,3
84b352dffffffff-2019-04,2
84b352dffffffff-2019-11,2
84b352dffffffff-2019-12,2
84b352dffffffff-2020-02,3
84b352dffffffff-2020-03,1
84b352dffffffff-2021-12,1
84b352dffffffff-2022-07,1
84b352dffffffff-2022-09,1
84b352dffffffff-2022-10,6
84b352dffffffff-2022-12,7
84b352dffffffff-2023-01,6
84b352dffffffff-2023-03,2
84b352dffffffff-2023-07,1
84b352dffffffff-2023-08,3
84b352dffffffff-2023-09,3
84b3531ffffffff-2022-02,1
84b3531ffffffff-2023-07,1
84b3531ffffffff-2023-10,1
84b3537ffffffff-2022-03,1
84b3537ffffffff-2023-06,1
84b3539ffffffff-2019-02,1
84b3539ffffffff-2019-03,1
84b3539ffffffff-2019-04,1
84b3539ffffffff-2020-03,2
84b3539ffffffff-2021-10,3
84b3539ffffffff-2021-11,1
84b3539ffffffff-2022-10,3
84b3539ffffffff-2022-11,3
84b3539ffffffff-2022-12,2
84b3539ffffffff-2023-10,1
84b353dffffffff-2019-02,1
84b3541ffffffff-2020-12,2
84b3541ffffffff-2021-02,4
84b3541ffffffff-2023-02,4
84b3543ffffffff-2021-05,4
84b3543ffffffff-2023-02,4
84b3543ffffffff-2023-03,1
84b3543ffffffff-2023-09,2
84b3543ffffffff-2023-10,1
84b3545ffffffff-2017-10,1
84b3545ffffffff-2018-02,6
84b3545ffffffff-2019-01,1
84b3545ffffffff-2021-02,18
84b3545ffffffff-2022-01,3
84b3545ffffffff-2022-02,1
84b3545ffffffff-2022-12,1
84b3545ffffffff-2023-02,66
84b3547ffffffff-2023-02,6
84b3549ffffffff-2019-12,1
84b3549ffffffff-2021-05,1
84b354bffffffff-2013-03,2
84b354bffffffff-2013-11,2
84b354bffffffff-2014-03,2
84b354bffffffff-2014-09,3
84b354bffffffff-2014-10,12
84b354bffffffff-2015-05,5
84b354bffffffff-2015-10,4
84b354bffffffff-2015-11,5
84b354bffffffff-2016-01,2
84b354bffffffff-2016-04,1
84b354bffffffff-2016-08,5
84b354bffffffff-2016-09,1
84b354bffffffff-2016-10,11
84b354bffffffff-2016-12,4
84b354bffffffff-2017-02,1
84b354bffffffff-2017-05,1
84b354bffffffff-2017-09,2
84b354bffffffff-2017-10,8
84b354bffffffff-2017-11,2
84b354bffffffff-2017-12,3
84b354bffffffff-2018-02,4
84b354bffffffff-2018-03,1
84b354bffffffff-2018-04,10
84b354bffffffff-2018-05,1
84b354bffffffff-2018-09,4
84b354bffffffff-2018-10,21
84b354bffffffff-2018-11,4
84b354bffffffff-2019-01,2
84b354bffffffff-2019-02,2
84b354bffffffff-2019-03,16
84b354bffffffff-2019-05,18
84b354bffffffff-2019-06,1
84b354bffffffff-2019-07,7
84b354bffffffff-2019-08,7
84b354bffffffff-2019-09,6
84b354bffffffff-2019-10,19
84b354bffffffff-2019-11,6
84b354bffffffff-2019-12,4
84b354bffffffff-2020-01,1
84b354bffffffff-2020-03,2
84b354bffffffff-2020-05,3
84b354bffffffff-2020-10,1
84b354bffffffff-2020-12,9
84b354bffffffff-2021-02,20
84b354bffffffff-2021-03,10
84b354bffffffff-2021-05,23
84b354bffffffff-2021-07,1
84b354bffffffff-2021-09,6
84b354bffffffff-2021-10,12
84b354bffffffff-2021-11,4
84b354bffffffff-2022-01,2
84b354bffffffff-2022-02,18
84b354bffffffff-2022-03,15
84b354bffffffff-2022-04,13
84b354bffffffff-2022-05,2
84b354bffffffff-2022-06,9
84b354bffffffff-2022-07,21
84b354bffffffff-2022-09,3
84b354bffffffff-2022-10,42
84b354bffffffff-2022-11,26
84b354bffffffff-2022-12,12
84b354bffffffff-2023-01,15
84b354bffffffff-2023-02,23
84b354bffffffff-2023-03,4
84b354bffffffff-2023-04,21
84b354bffffffff-2023-05,6
84b354bffffffff-2023-07,17
84b354bffffffff-2023-09,14
84b354bffffffff-2023-10,13
84b354bffffffff-2023-11,9
84b3551ffffffff-2019-08,6
84b3553ffffffff-2016-08,1
84b3553ffffffff-2018-10,1
84b3553ffffffff-2019-07,2
84b3553ffffffff-2019-09,1
84b3555ffffffff-2021-02,2
84b3555ffffffff-2022-02,3
84b3555ffffffff-2023-02,4
84b355bffffffff-2017-02,2
84b355bffffffff-2018-11,1
84b355bffffffff-2019-02,2
84b355bffffffff-2020-11,2
84b355bffffffff-2020-12,1
84b355bffffffff-2021-09,5
84b355bffffffff-2023-03,3
84b355bffffffff-2023-04,1
84b355dffffffff-2012-10,1
84b355dffffffff-2013-03,2
84b355dffffffff-2013-07,3
84b355dffffffff-2013-10,1
84b355dffffffff-2014-08,1
84b355dffffffff-2014-10,7
84b355dffffffff-2015-01,3
84b355dffffffff-2015-03,2
84b355dffffffff-2015-05,14
84b355dffffffff-2015-10,4
84b355dffffffff-2016-01,1
84b355dffffffff-2016-07,2
84b355dffffffff-2016-08,1
84b355dffffffff-2016-09,4
84b355dffffffff-2016-10,25
84b355dffffffff-2016-12,2
84b355dffffffff-2017-02,2
84b355dffffffff-2017-07,1
84b355dffffffff-2017-09,2
84b355dffffffff-2017-10,11
84b355dffffffff-2017-11,3
84b355dffffffff-2018-02,2
84b355dffffffff-2018-03,1
84b355dffffffff-2018-04,1
84b355dffffffff-2018-05,1
84b355dffffffff-2018-07,5
84b355dffffffff-2018-08,1
84b355dffffffff-2018-09,2
84b355dffffffff-2018-10,19
84b355dffffffff-2018-12,1
84b355dffffffff-2019-01,4
84b355dffffffff-2019-03,5
84b355dffffffff-2019-07,3
84b355dffffffff-2019-08,6
84b355dffffffff-2019-11,3
84b355dffffffff-2019-12,1
84b355dffffffff-2020-01,2
84b355dffffffff-2020-02,3
84b355dffffffff-2020-05,1
84b355dffffffff-2020-10,1
84b355dffffffff-2020-12,3
84b355dffffffff-2021-02,7
84b355dffffffff-2021-03,2
84b355dffffffff-2021-05,7
84b355dffffffff-2021-09,3
84b355dffffffff-2021-10,3
84b355dffffffff-2021-11,13
84b355dffffffff-2022-01,4
84b355dffffffff-2022-02,3
84b355dffffffff-2022-03,3
84b355dffffffff-2022-04,4
84b355dffffffff-2022-05,2
84b355dffffffff-2022-07,4
84b355dffffffff-2022-08,2
84b355dffffffff-2022-09,4
84b355dffffffff-2022-10,65
84b355dffffffff-2022-11,41
84b355dffffffff-2022-12,16
84b355dffffffff-2023-01,35
84b355dffffffff-2023-02,5
84b355dffffffff-2023-03,3
84b355dffffffff-2023-04,5
84b355dffffffff-2023-05,3
84b355dffffffff-2023-07,2
84b355dffffffff-2023-09,8
84b355dffffffff-2023-10,37
84b355dffffffff-2023-11,10
84b3561ffffffff-2012-05,1
84b3561ffffffff-2012-07,1
84b3561ffffffff-2013-01,2
84b3561ffffffff-2014-07,1
84b3561ffffffff-2014-12,1
84b3561ffffffff-2015-01,1
84b3561ffffffff-2015-02,2
84b3561ffffffff-2015-03,1
84b3561ffffffff-2016-02,1
84b3561ffffffff-2016-12,2
84b3561ffffffff-2017-05,1
84b3561ffffffff-2017-10,1
84b3561ffffffff-2017-12,1
84b3561ffffffff-2018-01,2
84b3561ffffffff-2018-07,1
84b3561ffffffff-2018-09,1
84b3561ffffffff-2018-11,1
84b3561ffffffff-2019-01,2
84b3561ffffffff-2019-09,1
84b3561ffffffff-2020-01,1
84b3561ffffffff-2020-08,1
84b3561ffffffff-2021-10,1
84b3561ffffffff-2021-11,4
84b3561ffffffff-2021-12,1
84b3561ffffffff-2022-07,3
84b3561ffffffff-2022-10,1
84b3561ffffffff-2022-11,1
84b3561ffffffff-2022-12,6
84b3561ffffffff-2023-01,4
84b3561ffffffff-2023-02,3
84b3561ffffffff-2023-04,2
84b3561ffffffff-2023-05,2
84b3561ffffffff-2023-08,1
84b3561ffffffff-2023-11,1
84b3563ffffffff-2015-09,1
84b3563ffffffff-2018-01,1
84b3563ffffffff-2023-10,1
84b3565ffffffff-2015-01,1
84b3565ffffffff-2016-04,2
84b3565ffffffff-2019-07,2
84b3567ffffffff-2021-12,1
84b3567ffffffff-2022-02,2
84b3567ffffffff-2022-09,1
84b356bffffffff-2023-02,2
84b356dffffffff-2015-12,1
84b356dffffffff-2018-03,2
84b356dffffffff-2019-01,1
84b356dffffffff-2019-12,1
84b356dffffffff-2023-01,1
84b356dffffffff-2023-05,1
84b356dffffffff-2023-10,1
84b3585ffffffff-2019-05,1
84b3585ffffffff-2019-10,1
84b3585ffffffff-2020-10,1
84b3589ffffffff-2015-05,3
84b3589ffffffff-2022-05,5
84b3589ffffffff-2023-03,5
84b3589ffffffff-2023-10,11
84b35a3ffffffff-2015-11,1
84b35a3ffffffff-2022-04,1
84b35a3ffffffff-2022-05,1
84b35a3ffffffff-2022-06,1
84b35a5ffffffff-2023-06,1
84b35adffffffff-2015-10,1
84b35adffffffff-2015-12,1
84b35adffffffff-2017-02,1
84b35adffffffff-2019-01,1
84b35adffffffff-2021-09,3
84b35adffffffff-2021-10,1
84b35adffffffff-2022-02,1
84b35adffffffff-2022-04,2
84b35adffffffff-2022-10,2
84b35adffffffff-2023-06,1
84b35adffffffff-2023-09,1
84b35b5ffffffff-2023-04,1
84b35b5ffffffff-2023-06,1
84b35c5ffffffff-2018-05,3
84b35c5ffffffff-2022-03,5
84b35cdffffffff-2017-07,1
84b35cdffffffff-2023-06,8
84b35d5ffffffff-2021-07,1
84b35e1ffffffff-2020-04,1
84b35e1ffffffff-2020-07,1
84b35e1ffffffff-2020-08,4
84b35e1ffffffff-2021-09,1
84b35e1ffffffff-2022-10,1
84b35e1ffffffff-2023-05,8
84b35e1ffffffff-2023-09,1
84b35e1ffffffff-2023-11,1
84b35e3ffffffff-2018-10,1
84b35e3ffffffff-2020-01,1
84b35e3ffffffff-2021-10,1
84b35e3ffffffff-2022-06,1
84b35e3ffffffff-2022-09,1
84b35e3ffffffff-2023-09,1
84b35e3ffffffff-2023-10,1
84b35e5ffffffff-2020-02,1
84b35e9ffffffff-2014-09,1
84b35e9ffffffff-2016-10,4
84b35e9ffffffff-2017-05,2
84b35e9ffffffff-2018-05,3
84b35e9ffffffff-2018-07,1
84b35e9ffffffff-2018-10,3
84b35e9ffffffff-2019-11,5
84b35e9ffffffff-2020-05,2
84b35e9ffffffff-2020-06,4
84b35e9ffffffff-2020-07,6
84b35e9ffffffff-2020-08,5
84b35e9ffffffff-2020-09,1
84b35e9ffffffff-2020-10,4
84b35e9ffffffff-2021-05,7
84b35e9ffffffff-2021-06,1
84b35e9ffffffff-2021-07,2
84b35e9ffffffff-2021-08,2
84b35e9ffffffff-2021-09,1
84b35e9ffffffff-2021-10,7
84b35e9ffffffff-2021-11,1
84b35e9ffffffff-2021-12,1
84b35e9ffffffff-2022-06,1
84b35e9ffffffff-2022-07,4
84b35e9ffffffff-2022-09,1
84b35e9ffffffff-2022-10,8
84b35e9ffffffff-2022-11,1
84b35e9ffffffff-2023-08,1
84b35e9ffffffff-2023-09,2
84b35ebffffffff-2020-06,2
84b35ebffffffff-2020-07,2
84b35ebffffffff-2021-07,6
84b35ebffffffff-2021-08,5
84b35ebffffffff-2021-11,1
84b35ebffffffff-2022-07,4
84b35ebffffffff-2022-08,15
84b35ebffffffff-2023-02,5
84b35ebffffffff-2023-04,4
84b35ebffffffff-2023-05,6
84b35ebffffffff-2023-07,5
84b35ebffffffff-2023-09,1
84b3629ffffffff-2021-05,6
84b3689ffffffff-2021-10,1
84b3699ffffffff-2013-08,1
84b3699ffffffff-2014-07,1
84b3699ffffffff-2014-08,4
84b3699ffffffff-2014-09,4
84b3699ffffffff-2015-02,6
84b3699ffffffff-2015-04,8
84b3699ffffffff-2015-07,7
84b3699ffffffff-2015-08,1
84b3699ffffffff-2015-10,7
84b3699ffffffff-2016-03,1
84b3699ffffffff-2016-05,2
84b3699ffffffff-2016-07,1
84b3699ffffffff-2016-08,1
84b3699ffffffff-2016-11,1
84b3699ffffffff-2017-08,15
84b3699ffffffff-2017-09,1
84b3699ffffffff-2018-04,10
84b3699ffffffff-2018-05,1
84b3699ffffffff-2018-06,1
84b3699ffffffff-2018-07,2
84b3699ffffffff-2018-08,10
84b3699ffffffff-2019-07,1
84b3699ffffffff-2019-10,1
84b3699ffffffff-2019-11,2
84b3699ffffffff-2020-06,12
84b3699ffffffff-2020-07,6
84b3699ffffffff-2020-10,2
84b3699ffffffff-2021-07,6
84b3699ffffffff-2021-09,6
84b3699ffffffff-2021-10,6
84b3699ffffffff-2022-02,2
84b3699ffffffff-2022-03,9
84b3699ffffffff-2022-04,2
84b3699ffffffff-2022-05,1
84b3699ffffffff-2022-07,1
84b3699ffffffff-2022-09,1
84b3699ffffffff-2022-10,2
84b3699ffffffff-2022-11,2
84b3699ffffffff-2023-01,3
84b3699ffffffff-2023-04,13
84b3699ffffffff-2023-06,3
84b3699ffffffff-2023-07,20
84b3699ffffffff-2023-08,33
84b3699ffffffff-2023-09,2
84b3699ffffffff-2023-10,3
84b369bffffffff-2020-06,3
84b369bffffffff-2022-07,8
84b36c1ffffffff-2021-07,1
84b36d3ffffffff-2015-02,3
84b36d3ffffffff-2015-07,4
84b36d3ffffffff-2016-05,1
84b36d3ffffffff-2021-07,9
84b36d3ffffffff-2022-11,2
84b36d3ffffffff-2023-01,3
84b36d3ffffffff-2023-04,14
84b36d3ffffffff-2023-06,1
84b36d3ffffffff-2023-07,6
84b36d3ffffffff-2023-08,6
84b36d7ffffffff-2013-07,2
84b36d7ffffffff-2015-02,3
84b36d7ffffffff-2015-04,1
84b36d7ffffffff-2017-02,1
84b36d7ffffffff-2018-07,1
84b36d7ffffffff-2018-08,1
84b36d7ffffffff-2021-09,3
84b36d7ffffffff-2021-10,2
84b36d7ffffffff-2021-11,1
84b36d7ffffffff-2023-04,11
84b36d7ffffffff-2023-06,2
84b36d7ffffffff-2023-07,7
84b36d7ffffffff-2023-08,1
84b36d7ffffffff-2023-09,1
84b36d7ffffffff-2023-11,1
84b3715ffffffff-2020-07,2
84b3715ffffffff-2020-08,2
84b3715ffffffff-2021-09,1
84b3723ffffffff-2021-11,9
84b3731ffffffff-2015-10,2
84b3731ffffffff-2017-07,1
84b3731ffffffff-2020-02,3
84b3731ffffffff-2020-12,2
84b3733ffffffff-2018-11,4
84b3735ffffffff-2023-09,1
84b3737ffffffff-2017-08,1
84b3737ffffffff-2017-12,1
84b3737ffffffff-2019-02,2
84b3737ffffffff-2020-12,1
84b373bffffffff-2015-11,1
84b373bffffffff-2017-08,3
84b373bffffffff-2018-12,1
84b373bffffffff-2021-05,1
84b373bffffffff-2021-08,1
84b373bffffffff-2021-12,1
84b373bffffffff-2023-06,1
84b373dffffffff-2023-05,1
84b3765ffffffff-2013-02,3
84b3765ffffffff-2021-03,1
84b3765ffffffff-2022-03,1
84b3765ffffffff-2022-12,2
84b3765ffffffff-2023-02,1
84b3765ffffffff-2023-03,2
84b3765ffffffff-2023-04,1
84b3769ffffffff-2017-10,1
84b3769ffffffff-2020-02,1
84b3769ffffffff-2021-10,2
84b3769ffffffff-2023-07,1
84c2031ffffffff-2023-05,3
84c2031ffffffff-2023-08,2
84c2033ffffffff-2023-05,1
84c2033ffffffff-2023-10,1
84c2037ffffffff-2022-12,1
84c203bffffffff-2023-07,1
84c2053ffffffff-2015-11,1
84c2053ffffffff-2016-02,3
84c2053ffffffff-2016-06,1
84c2053ffffffff-2018-05,1
84c2053ffffffff-2020-08,7
84c205bffffffff-2012-01,1
84c205bffffffff-2015-11,6
84c205bffffffff-2016-01,6
84c205bffffffff-2016-02,6
84c205bffffffff-2016-03,4
84c205bffffffff-2016-04,3
84c205bffffffff-2016-06,2
84c205bffffffff-2016-07,4
84c205bffffffff-2016-08,1
84c205bffffffff-2017-01,6
84c205bffffffff-2017-02,6
84c205bffffffff-2017-03,6
84c205bffffffff-2017-04,1
84c205bffffffff-2017-05,3
84c205bffffffff-2017-06,2
84c205bffffffff-2018-02,2
84c205bffffffff-2018-03,1
84c205bffffffff-2018-04,8
84c205bffffffff-2018-05,8
84c205bffffffff-2018-06,2
84c205bffffffff-2018-07,1
84c205bffffffff-2018-08,2
84c205bffffffff-2018-09,1
84c205bffffffff-2018-10,4
84c205bffffffff-2019-02,10
84c205bffffffff-2019-03,1
84c205bffffffff-2019-05,2
84c205bffffffff-2019-07,1
84c205bffffffff-2019-09,3
84c205bffffffff-2019-11,1
84c205bffffffff-2020-01,2
84c205bffffffff-2020-06,1
84c205bffffffff-2020-07,6
84c205bffffffff-2021-01,1
84c205bffffffff-2021-02,2
84c205bffffffff-2021-05,2
84c205bffffffff-2021-07,2
84c205bffffffff-2021-08,3
84c205bffffffff-2022-05,2
84c205bffffffff-2022-09,2
84c205bffffffff-2023-02,1
84c205bffffffff-2023-03,4
84c205bffffffff-2023-05,3
84c205bffffffff-2023-07,4
84c205bffffffff-2023-11,1
84c2183ffffffff-2021-08,1
84c2183ffffffff-2022-01,1
84c2183ffffffff-2023-02,1
84c2183ffffffff-2023-04,3
84c2183ffffffff-2023-06,1
84c2183ffffffff-2023-09,1
84c2183ffffffff-2023-11,1
84c218bffffffff-2018-11,1
84c218bffffffff-2018-12,1
84c2191ffffffff-2017-10,1
84c2195ffffffff-2021-12,1
84c2195ffffffff-2022-11,1
84c2195ffffffff-2023-04,1
84c219bffffffff-2022-09,1
84c219bffffffff-2023-06,1
84c219dffffffff-2019-11,1
84c219dffffffff-2020-07,1
84c219dffffffff-2021-10,2
84c219dffffffff-2022-02,2
84c219dffffffff-2022-03,1
84c219dffffffff-2022-04,1
84c219dffffffff-2022-05,1
84c219dffffffff-2022-12,2
84c219dffffffff-2023-02,2
84c219dffffffff-2023-04,2
84c219dffffffff-2023-05,1
84c219dffffffff-2023-09,1
84c219dffffffff-2023-10,2
84c219dffffffff-2023-11,1
84c21b1ffffffff-2021-11,1
84c21b1ffffffff-2022-01,1
84c21b3ffffffff-2012-08,1
84c21b3ffffffff-2012-11,4
84c21b3ffffffff-2012-12,1
84c21b3ffffffff-2013-08,1
84c21b3ffffffff-2013-11,17
84c21b3ffffffff-2013-12,1
84c21b3ffffffff-2014-01,10
84c21b3ffffffff-2014-02,1
84c21b3ffffffff-2014-03,4
84c21b3ffffffff-2014-05,1
84c21b3ffffffff-2014-11,21
84c21b3ffffffff-2014-12,1
84c21b3ffffffff-2015-01,2
84c21b3ffffffff-2015-02,1
84c21b3ffffffff-2015-03,1
84c21b3ffffffff-2015-04,2
84c21b3ffffffff-2015-05,1
84c21b3ffffffff-2015-09,1
84c21b3ffffffff-2015-10,5
84c21b3ffffffff-2015-11,5
84c21b3ffffffff-2016-01,4
84c21b3ffffffff-2016-05,4
84c21b3ffffffff-2016-06,12
84c21b3ffffffff-2016-07,1
84c21b3ffffffff-2016-08,16
84c21b3ffffffff-2016-09,2
84c21b3ffffffff-2016-10,12
84c21b3ffffffff-2016-11,9
84c21b3ffffffff-2017-01,7
84c21b3ffffffff-2017-02,2
84c21b3ffffffff-2017-03,7
84c21b3ffffffff-2017-04,2
84c21b3ffffffff-2017-05,11
84c21b3ffffffff-2017-09,1
84c21b3ffffffff-2017-10,3
84c21b3ffffffff-2017-11,1
84c21b3ffffffff-2018-01,6
84c21b3ffffffff-2018-03,3
84c21b3ffffffff-2018-04,5
84c21b3ffffffff-2018-05,3
84c21b3ffffffff-2018-06,1
84c21b3ffffffff-2018-07,1
84c21b3ffffffff-2018-08,3
84c21b3ffffffff-2018-10,2
84c21b3ffffffff-2018-11,9
84c21b3ffffffff-2018-12,6
84c21b3ffffffff-2019-01,1
84c21b3ffffffff-2019-02,1
84c21b3ffffffff-2019-03,18
84c21b3ffffffff-2019-04,7
84c21b3ffffffff-2019-06,7
84c21b3ffffffff-2019-07,2
84c21b3ffffffff-2019-09,6
84c21b3ffffffff-2019-10,4
84c21b3ffffffff-2019-11,1
84c21b3ffffffff-2019-12,12
84c21b3ffffffff-2020-01,50
84c21b3ffffffff-2020-05,2
84c21b3ffffffff-2020-06,4
84c21b3ffffffff-2020-07,4
84c21b3ffffffff-2020-09,1
84c21b3ffffffff-2020-10,2
84c21b3ffffffff-2020-12,9
84c21b3ffffffff-2021-01,3
84c21b3ffffffff-2021-03,1
84c21b3ffffffff-2021-04,3
84c21b3ffffffff-2021-05,5
84c21b3ffffffff-2021-06,7
84c21b3ffffffff-2021-07,1
84c21b3ffffffff-2021-08,6
84c21b3ffffffff-2021-10,14
84c21b3ffffffff-2021-11,6
84c21b3ffffffff-2021-12,12
84c21b3ffffffff-2022-01,12
84c21b3ffffffff-2022-02,3
84c21b3ffffffff-2022-03,4
84c21b3ffffffff-2022-04,5
84c21b3ffffffff-2022-05,18
84c21b3ffffffff-2022-06,11
84c21b3ffffffff-2022-07,6
84c21b3ffffffff-2022-08,14
84c21b3ffffffff-2022-09,36
84c21b3ffffffff-2022-10,39
84c21b3ffffffff-2022-11,17
84c21b3ffffffff-2022-12,24
84c21b3ffffffff-2023-01,9
84c21b3ffffffff-2023-02,9
84c21b3ffffffff-2023-03,24
84c21b3ffffffff-2023-04,44
84c21b3ffffffff-2023-05,90
84c21b3ffffffff-2023-06,12
84c21b3ffffffff-2023-07,8
84c21b3ffffffff-2023-08,12
84c21b3ffffffff-2023-09,13
84c21b3ffffffff-2023-10,61
84c21b3ffffffff-2023-11,28
84c21b9ffffffff-2023-11,1
84c21bbffffffff-2014-01,1
84c21bbffffffff-2015-05,1
84c21bbffffffff-2015-10,1
84c21bbffffffff-2015-11,4
84c21bbffffffff-2016-05,6
84c21bbffffffff-2016-06,5
84c21bbffffffff-2016-10,4
84c21bbffffffff-2017-01,5
84c21bbffffffff-2018-04,5
84c21bbffffffff-2018-10,1
84c21bbffffffff-2018-11,5
84c21bbffffffff-2018-12,3
84c21bbffffffff-2019-03,11
84c21bbffffffff-2019-05,2
84c21bbffffffff-2019-06,1
84c21bbffffffff-2019-09,6
84c21bbffffffff-2019-11,4
84c21bbffffffff-2019-12,1
84c21bbffffffff-2020-01,2
84c21bbffffffff-2020-02,2
84c21bbffffffff-2021-03,11
84c21bbffffffff-2021-04,7
84c21bbffffffff-2021-08,4
84c21bbffffffff-2021-10,4
84c21bbffffffff-2022-01,1
84c21bbffffffff-2022-02,1
84c21bbffffffff-2022-04,3
84c21bbffffffff-2022-05,8
84c21bbffffffff-2022-06,35
84c21bbffffffff-2022-07,6
84c21bbffffffff-2022-08,6
84c21bbffffffff-2022-09,13
84c21bbffffffff-2022-10,22
84c21bbffffffff-2022-11,17
84c21bbffffffff-2023-01,8
84c21bbffffffff-2023-02,3
84c21bbffffffff-2023-03,2
84c21bbffffffff-2023-04,4
84c21bbffffffff-2023-05,31
84c21bbffffffff-2023-07,4
84c21bbffffffff-2023-08,12
84c21bbffffffff-2023-09,15
84c21bbffffffff-2023-10,17
84c21bbffffffff-2023-11,10
84c21d1ffffffff-2015-10,1
84c21d1ffffffff-2018-05,4
84c21d1ffffffff-2018-09,5
84c21d1ffffffff-2019-03,2
84c21d1ffffffff-2019-05,2
84c21d1ffffffff-2019-08,3
84c21d1ffffffff-2019-10,1
84c21d1ffffffff-2021-01,1
84c21d1ffffffff-2021-04,2
84c21d1ffffffff-2021-05,5
84c21d1ffffffff-2021-06,3
84c21d1ffffffff-2021-07,3
84c21d1ffffffff-2021-08,7
84c21d1ffffffff-2021-11,1
84c21d1ffffffff-2021-12,3
84c21d1ffffffff-2022-10,1
84c21d1ffffffff-2022-12,1
84c21d1ffffffff-2023-04,6
84c21d1ffffffff-2023-05,7
84c21d1ffffffff-2023-07,7
84c21d3ffffffff-2020-06,2
84c21d5ffffffff-2018-08,1
84c21d5ffffffff-2019-11,4
84c21d5ffffffff-2020-11,1
84c21d5ffffffff-2021-05,1
84c21d5ffffffff-2021-07,1
84c21d5ffffffff-2021-08,2
84c21d5ffffffff-2021-09,1
84c21d5ffffffff-2022-04,2
84c21d5ffffffff-2022-07,1
84c21d5ffffffff-2022-12,1
84c21d5ffffffff-2023-03,1
84c21d5ffffffff-2023-05,1
84c21d5ffffffff-2023-08,2
84c21d5ffffffff-2023-10,1
84c21d9ffffffff-2015-07,1
84c21d9ffffffff-2023-02,1
84c21d9ffffffff-2023-04,1
84c21d9ffffffff-2023-07,1
84c21ddffffffff-2012-02,1
84c21ddffffffff-2013-09,1
84c21ddffffffff-2013-10,1
84c21ddffffffff-2013-12,1
84c21ddffffffff-2014-02,3
84c21ddffffffff-2014-03,1
84c21ddffffffff-2014-05,2
84c21ddffffffff-2014-12,1
84c21ddffffffff-2015-03,1
84c21ddffffffff-2015-05,1
84c21ddffffffff-2016-04,1
84c21ddffffffff-2016-05,6
84c21ddffffffff-2016-07,1
84c21ddffffffff-2016-08,3
84c21ddffffffff-2016-09,4
84c21ddffffffff-2018-05,7
84c21ddffffffff-2018-06,3
84c21ddffffffff-2018-07,9
84c21ddffffffff-2018-08,3
84c21ddffffffff-2018-10,3
84c21ddffffffff-2019-01,2
84c21ddffffffff-2019-03,1
84c21ddffffffff-2019-04,2
84c21ddffffffff-2019-05,12
84c21ddffffffff-2019-06,1
84c21ddffffffff-2019-07,4
84c21ddffffffff-2019-08,4
84c21ddffffffff-2019-11,1
84c21ddffffffff-2020-01,2
84c21ddffffffff-2020-03,1
84c21ddffffffff-2020-06,4
84c21ddffffffff-2020-07,2
84c21ddffffffff-2020-08,3
84c21ddffffffff-2020-10,5
84c21ddffffffff-2021-02,1
84c21ddffffffff-2021-03,7
84c21ddffffffff-2021-04,3
84c21ddffffffff-2021-05,2
84c21ddffffffff-2021-06,3
84c21ddffffffff-2021-07,7
84c21ddffffffff-2021-08,16
84c21ddffffffff-2021-09,6
84c21ddffffffff-2021-10,5
84c21ddffffffff-2021-12,5
84c21ddffffffff-2022-01,7
84c21ddffffffff-2022-02,2
84c21ddffffffff-2022-03,1
84c21ddffffffff-2022-04,5
84c21ddffffffff-2022-05,6
84c21ddffffffff-2022-06,7
84c21ddffffffff-2022-07,5
84c21ddffffffff-2022-08,4
84c21ddffffffff-2022-09,1
84c21ddffffffff-2022-10,1
84c21ddffffffff-2022-11,7
84c21ddffffffff-2022-12,9
84c21ddffffffff-2023-01,1
84c21ddffffffff-2023-02,1
84c21ddffffffff-2023-03,5
84c21ddffffffff-2023-04,15
84c21ddffffffff-2023-05,36
84c21ddffffffff-2023-06,26
84c21ddffffffff-2023-07,24
84c21ddffffffff-2023-08,1
84c21ddffffffff-2023-09,3
84c21ddffffffff-2023-10,15
84c21ddffffffff-2023-11,3
84c2211ffffffff-2019-09,2
84c2211ffffffff-2021-06,2
84c2211ffffffff-2021-07,1
84c2211ffffffff-2023-03,1
84c2211ffffffff-2023-04,1
84c2211ffffffff-2023-07,1
84c2211ffffffff-2023-09,1
84c2213ffffffff-2017-07,1
84c2213ffffffff-2017-08,1
84c2213ffffffff-2018-04,1
84c2213ffffffff-2018-05,5
84c2213ffffffff-2018-07,2
84c2213ffffffff-2018-08,2
84c2213ffffffff-2018-09,1
84c2213ffffffff-2018-12,1
84c2213ffffffff-2019-01,4
84c2213ffffffff-2019-02,1
84c2213ffffffff-2019-03,1
84c2213ffffffff-2019-04,2
84c2213ffffffff-2019-05,6
84c2213ffffffff-2019-06,2
84c2213ffffffff-2019-07,11
84c2213ffffffff-2019-09,5
84c2213ffffffff-2019-10,2
84c2213ffffffff-2020-02,2
84c2213ffffffff-2020-03,1
84c2213ffffffff-2020-04,1
84c2213ffffffff-2020-05,1
84c2213ffffffff-2020-07,2
84c2213ffffffff-2020-09,1
84c2213ffffffff-2020-10,1
84c2213ffffffff-2021-01,2
84c2213ffffffff-2021-04,1
84c2213ffffffff-2021-05,3
84c2213ffffffff-2021-06,13
84c2213ffffffff-2021-07,7
84c2213ffffffff-2021-08,5
84c2213ffffffff-2021-09,1
84c2213ffffffff-2021-12,2
84c2213ffffffff-2022-01,3
84c2213ffffffff-2022-04,1
84c2213ffffffff-2022-05,4
84c2213ffffffff-2022-06,5
84c2213ffffffff-2022-07,9
84c2213ffffffff-2022-10,1
84c2213ffffffff-2022-12,2
84c2213ffffffff-2023-02,8
84c2213ffffffff-2023-03,2
84c2213ffffffff-2023-04,5
84c2213ffffffff-2023-05,4
84c2213ffffffff-2023-06,13
84c2213ffffffff-2023-07,1
84c2213ffffffff-2023-08,6
84c2213ffffffff-2023-09,3
84c2213ffffffff-2023-10,2
84c2213ffffffff-2023-11,3
84c2217ffffffff-2013-10,1
84c2217ffffffff-2015-10,1
84c2217ffffffff-2016-11,2
84c2217ffffffff-2016-12,1
84c2217ffffffff-2017-01,1
84c2217ffffffff-2018-02,1
84c2217ffffffff-2018-04,4
84c2217ffffffff-2018-05,1
84c2217ffffffff-2018-07,1
84c2217ffffffff-2018-08,6
84c2217ffffffff-2018-10,1
84c2217ffffffff-2019-01,4
84c2217ffffffff-2019-04,1
84c2217ffffffff-2019-05,1
84c2217ffffffff-2020-05,1
84c2217ffffffff-2020-10,3
84c2217ffffffff-2021-01,2
84c2217ffffffff-2021-03,2
84c2217ffffffff-2021-04,1
84c2217ffffffff-2021-09,1
84c2217ffffffff-2022-02,1
84c2217ffffffff-2022-04,1
84c2217ffffffff-2022-05,2
84c2217ffffffff-2023-04,1
84c2217ffffffff-2023-10,1
84c221bffffffff-2019-10,2
84c2281ffffffff-2020-10,1
84c2289ffffffff-2021-02,1
84c228bffffffff-2015-11,1
84c228bffffffff-2021-03,1
84c228bffffffff-2021-07,1
84c228bffffffff-2022-08,5
84c228bffffffff-2022-09,4
84c228bffffffff-2022-10,1
84c228bffffffff-2023-03,1
84c2299ffffffff-2018-10,1
84c22a1ffffffff-2016-01,1
84c22a1ffffffff-2016-03,1
84c22a7ffffffff-2022-01,2
84c22a9ffffffff-2015-04,1
84c22a9ffffffff-2015-05,1
84c22a9ffffffff-2015-06,2
84c22a9ffffffff-2015-07,1
84c22a9ffffffff-2016-02,2
84c22a9ffffffff-2016-09,1
84c22a9ffffffff-2023-07,3
84c22a9ffffffff-2023-11,1
84c22abffffffff-2020-10,3
84c22adffffffff-2015-05,3
84c22adffffffff-2015-08,1
84c22adffffffff-2015-10,1
84c22adffffffff-2016-02,1
84c22adffffffff-2016-03,2
84c22adffffffff-2017-10,1
84c22adffffffff-2018-05,5
84c22adffffffff-2018-07,2
84c22adffffffff-2018-08,1
84c22adffffffff-2018-10,1
84c22adffffffff-2019-04,1
84c22adffffffff-2019-05,2
84c22adffffffff-2019-07,1
84c22adffffffff-2021-02,2
84c22adffffffff-2021-07,2
84c22adffffffff-2021-10,1
84c22adffffffff-2022-01,1
84c22c1ffffffff-2016-05,1
84c22c1ffffffff-2018-12,1
84c22c1ffffffff-2020-07,1
84c22c1ffffffff-2021-01,1
84c22c3ffffffff-2016-10,1
84c22c3ffffffff-2018-06,1
84c22c3ffffffff-2019-01,1
84c22c5ffffffff-2014-06,1
84c22c5ffffffff-2015-07,1
84c22c5ffffffff-2015-12,1
84c22c5ffffffff-2016-11,1
84c22c5ffffffff-2017-01,2
84c22c5ffffffff-2017-02,1
84c22c5ffffffff-2017-03,2
84c22c5ffffffff-2017-05,9
84c22c5ffffffff-2017-07,2
84c22c5ffffffff-2017-09,2
84c22c5ffffffff-2018-03,1
84c22c5ffffffff-2018-04,4
84c22c5ffffffff-2018-05,1
84c22c5ffffffff-2018-06,4
84c22c5ffffffff-2018-07,3
84c22c5ffffffff-2019-03,2
84c22c5ffffffff-2019-04,1
84c22c5ffffffff-2019-06,1
84c22c5ffffffff-2019-10,4
84c22c5ffffffff-2019-11,2
84c22c5ffffffff-2020-01,1
84c22c5ffffffff-2020-02,1
84c22c5ffffffff-2020-07,1
84c22c5ffffffff-2020-08,1
84c22c5ffffffff-2020-10,6
84c22c5ffffffff-2020-11,8
84c22c5ffffffff-2021-05,2
84c22c5ffffffff-2021-12,2
84c22c5ffffffff-2022-07,4
84c22c5ffffffff-2023-02,1
84c22c5ffffffff-2023-05,1
84c22c7ffffffff-2019-01,1
84c22c7ffffffff-2019-10,1
84c22c7ffffffff-2020-02,1
84c22c7ffffffff-2020-12,2
84c22c7ffffffff-2022-07,4
84c22c7ffffffff-2023-01,1
84c22c7ffffffff-2023-04,1
84c22cbffffffff-2016-02,1
84c22cbffffffff-2016-05,1
84c22cbffffffff-2016-07,1
84c22cbffffffff-2019-04,2
84c22cdffffffff-2019-05,1
84c22d7ffffffff-2021-05,2
84c22d7ffffffff-2022-04,1
84c22e1ffffffff-2015-12,1
84c22e1ffffffff-2016-06,2
84c22e1ffffffff-2017-07,1
84c22e1ffffffff-2018-07,1
84c22e1ffffffff-2023-05,1
84c22e1ffffffff-2023-07,3
84c22e3ffffffff-2018-09,2
84c22e3ffffffff-2023-07,1
84c22e5ffffffff-2014-07,1
84c22e5ffffffff-2016-04,1
84c22e5ffffffff-2016-12,1
84c22e5ffffffff-2017-01,1
84c22e5ffffffff-2017-02,1
84c22e5ffffffff-2017-06,1
84c22e5ffffffff-2018-05,3
84c22e5ffffffff-2018-07,8
84c22e5ffffffff-2018-11,1
84c22e5ffffffff-2019-01,1
84c22e5ffffffff-2019-03,1
84c22e5ffffffff-2019-06,3
84c22e5ffffffff-2019-07,1
84c22e5ffffffff-2021-03,1
84c22e5ffffffff-2022-12,1
84c22e5ffffffff-2023-07,3
84c22e7ffffffff-2016-04,1
84c22e7ffffffff-2016-05,1
84c22e7ffffffff-2016-06,1
84c22e7ffffffff-2017-06,1
84c22e7ffffffff-2020-05,2
84c22e7ffffffff-2021-07,2
84c22e7ffffffff-2022-05,1
84c22e7ffffffff-2022-07,1
84c22e7ffffffff-2023-01,2
84c22e7ffffffff-2023-02,9
84c22e7ffffffff-2023-07,2
84c22e9ffffffff-2014-01,2
84c22e9ffffffff-2018-06,1
84c22ebffffffff-2017-01,1
84c22ebffffffff-2018-02,1
84c22ebffffffff-2018-06,1
84c22ebffffffff-2018-07,2
84c22ebffffffff-2019-05,1
84c22ebffffffff-2019-08,1
84c22ebffffffff-2020-08,1
84c22ebffffffff-2021-03,1
84c22ebffffffff-2021-06,1
84c22edffffffff-2017-05,9
84c22edffffffff-2019-04,1
84c22edffffffff-2021-07,1
84c22edffffffff-2022-03,1
84c2893ffffffff-2023-09,2
84c2c1dffffffff-2019-11,1
84c2c49ffffffff-2023-04,1
84c2c4bffffffff-2023-04,1
84c2c53ffffffff-2016-05,1
84c2c53ffffffff-2023-04,1
84c2c53ffffffff-2023-06,5
84c2c53ffffffff-2023-09,2
84c2c53ffffffff-2023-10,4
84c2c53ffffffff-2023-11,5
84c2c5bffffffff-2013-04,1
84c2c5bffffffff-2019-03,1
84c2c5bffffffff-2023-02,1
84c2c5bffffffff-2023-11,5
84c2c91ffffffff-2018-05,1
84c2c91ffffffff-2019-12,7
84c2c91ffffffff-2023-02,1
84c2c91ffffffff-2023-05,4
84c2c91ffffffff-2023-10,1
84c2c91ffffffff-2023-11,1
84c2c95ffffffff-2023-06,1
84c2c97ffffffff-2016-04,2
84c2c97ffffffff-2016-07,1
84c2c97ffffffff-2016-11,1
84c2c97ffffffff-2018-08,1
84c2c97ffffffff-2020-07,1
84c2c97ffffffff-2020-09,1
84c2c97ffffffff-2021-09,1
84c2c97ffffffff-2023-02,2
84c2c97ffffffff-2023-04,1
84c2c97ffffffff-2023-07,2
84c2c99ffffffff-2014-03,1
84c2c99ffffffff-2015-06,2
84c2c99ffffffff-2015-09,2
84c2c99ffffffff-2015-12,1
84c2c99ffffffff-2016-08,3
84c2c99ffffffff-2016-11,2
84c2c99ffffffff-2017-07,3
84c2c99ffffffff-2017-08,4
84c2c99ffffffff-2018-02,2
84c2c99ffffffff-2018-03,2
84c2c99ffffffff-2018-04,1
84c2c99ffffffff-2018-06,7
84c2c99ffffffff-2018-09,2
84c2c99ffffffff-2018-10,3
84c2c99ffffffff-2018-12,1
84c2c99ffffffff-2019-01,1
84c2c99ffffffff-2019-04,5
84c2c99ffffffff-2019-05,2
84c2c99ffffffff-2019-06,3
84c2c99ffffffff-2019-07,1
84c2c99ffffffff-2019-09,8
84c2c99ffffffff-2019-10,3
84c2c99ffffffff-2019-11,12
84c2c99ffffffff-2019-12,1
84c2c99ffffffff-2020-01,1
84c2c99ffffffff-2020-02,4
84c2c99ffffffff-2020-03,20
84c2c99ffffffff-2020-07,7
84c2c99ffffffff-2020-09,2
84c2c99ffffffff-2020-10,6
84c2c99ffffffff-2020-11,1
84c2c99ffffffff-2021-02,1
84c2c99ffffffff-2021-03,1
84c2c99ffffffff-2021-04,8
84c2c99ffffffff-2021-05,3
84c2c99ffffffff-2021-06,2
84c2c99ffffffff-2021-07,7
84c2c99ffffffff-2021-08,2
84c2c99ffffffff-2021-09,6
84c2c99ffffffff-2021-10,3
84c2c99ffffffff-2022-03,1
84c2c99ffffffff-2022-05,2
84c2c99ffffffff-2023-04,3
84c2c99ffffffff-2023-08,1
84c2cb3ffffffff-2018-03,1
84c2ccbffffffff-2023-08,1
84c2cd3ffffffff-2014-08,2
84c2cd3ffffffff-2017-05,1
84c2cd3ffffffff-2018-04,1
84c2cd3ffffffff-2018-05,3
84c2cd3ffffffff-2018-07,1
84c2cd3ffffffff-2018-08,2
84c2cd3ffffffff-2018-09,6
84c2cd3ffffffff-2019-10,4
84c2cd3ffffffff-2019-11,7
84c2cd3ffffffff-2019-12,2
84c2cd3ffffffff-2020-04,1
84c2cd3ffffffff-2020-05,15
84c2cd3ffffffff-2020-06,5
84c2cd3ffffffff-2020-07,6
84c2cd3ffffffff-2020-08,3
84c2cd3ffffffff-2020-09,8
84c2cd3ffffffff-2020-10,11
84c2cd3ffffffff-2020-11,2
84c2cd3ffffffff-2021-05,4
84c2cd3ffffffff-2021-08,1
84c2cd3ffffffff-2021-10,2
84c2cd3ffffffff-2021-12,2
84c2cd3ffffffff-2022-02,3
84c2cd3ffffffff-2022-03,1
84c2cd3ffffffff-2022-11,2
84c2cd3ffffffff-2023-04,1
84c2cd3ffffffff-2023-05,2
84c2cd3ffffffff-2023-07,2
84c2cd3ffffffff-2023-08,7
84c2cd3ffffffff-2023-09,1
84c2cd3ffffffff-2023-10,2
84c2cd3ffffffff-2023-11,2
84c2cdbffffffff-2012-08,1
84c2cdbffffffff-2023-05,1
84c2cdbffffffff-2023-07,1
84c2ce9ffffffff-2022-10,2
84c2d27ffffffff-2022-04,1
84c2d37ffffffff-2023-06,3
84c2d45ffffffff-2014-07,1
84c2d45ffffffff-2015-11,2
84c2d45ffffffff-2016-06,3
84c2d45ffffffff-2018-08,1
84c2d45ffffffff-2022-01,2
84c2d45ffffffff-2023-08,1
84c2d45ffffffff-2023-09,1
84c2d49ffffffff-2021-06,1
84c2d49ffffffff-2022-10,2
84c2d49ffffffff-2023-07,6
84c2d49ffffffff-2023-08,4
84c2d49ffffffff-2023-10,1
84c2d49ffffffff-2023-11,4
84c2d63ffffffff-2023-06,5
84c2e05ffffffff-2023-05,2
84c2e09ffffffff-2013-09,1
84c2e09ffffffff-2014-01,3
84c2e09ffffffff-2020-11,1
84c2e09ffffffff-2021-08,1
84c2e09ffffffff-2023-05,2
84c2e09ffffffff-2023-07,2
84c2e09ffffffff-2023-08,1
84c2e0bffffffff-2012-07,1
84c2e0bffffffff-2018-04,1
84c2e0bffffffff-2023-04,9
84c2e0bffffffff-2023-05,18
84c2e0bffffffff-2023-06,5
84c2e0bffffffff-2023-07,9
84c2e0bffffffff-2023-08,1
84c2e0bffffffff-2023-09,1
84c2e0bffffffff-2023-10,12
84c2e0bffffffff-2023-11,5
84c2e0dffffffff-2020-10,1
84c2e0dffffffff-2021-02,1
84c2e0dffffffff-2021-08,1
84c2e0dffffffff-2022-07,1
84c2e0dffffffff-2023-03,4
84c2e0dffffffff-2023-04,1
84c2e0dffffffff-2023-05,2
84c2e0dffffffff-2023-06,3
84c2e0dffffffff-2023-07,6
84c2e0dffffffff-2023-08,14
84c2e0dffffffff-2023-09,14
84c2e0dffffffff-2023-11,7
84c2e11ffffffff-2023-11,1
84c2e19ffffffff-2017-01,1
84c2e19ffffffff-2023-09,1
84c2e1dffffffff-2019-04,2
84c2e1dffffffff-2022-10,1
84c2e1dffffffff-2023-01,3
84c2e1dffffffff-2023-02,2
84c2e1dffffffff-2023-03,2
84c2e1dffffffff-2023-04,14
84c2e1dffffffff-2023-05,3
84c2e1dffffffff-2023-06,1
84c2e1dffffffff-2023-07,14
84c2e1dffffffff-2023-08,2
84c2e1dffffffff-2023-10,5
84c2e1dffffffff-2023-11,3
84c2e21ffffffff-2016-11,1
84c2e23ffffffff-2023-11,8
84c2e2dffffffff-2018-04,1
84c2e31ffffffff-2015-01,1
84c2e31ffffffff-2016-10,1
84c2e31ffffffff-2022-10,3
84c2e31ffffffff-2023-06,1
84c2e33ffffffff-2017-06,4
84c2e33ffffffff-2017-08,1
84c2e33ffffffff-2022-10,1
84c2e33ffffffff-2023-06,1
84c2e39ffffffff-2023-05,7
84c2e3bffffffff-2023-05,4
84c2e3bffffffff-2023-10,4
84c2e3dffffffff-2021-07,2
84c2e3dffffffff-2023-05,8
84c2e3dffffffff-2023-09,3
84c2e47ffffffff-2023-05,1
84c2e5dffffffff-2023-10,1
84c2e61ffffffff-2012-01,1
84c2e61ffffffff-2014-09,1
84c2e61ffffffff-2015-01,1
84c2e61ffffffff-2020-12,3
84c2e61ffffffff-2021-05,5
84c2e61ffffffff-2022-07,1
84c2e61ffffffff-2023-05,7
84c2e61ffffffff-2023-07,3
84c2e61ffffffff-2023-10,4
84c2e63ffffffff-2015-07,1
84c2e63ffffffff-2020-10,2
84c2e63ffffffff-2023-03,1
84c2e63ffffffff-2023-04,1
84c2e63ffffffff-2023-05,5
84c2e63ffffffff-2023-07,1
84c2e63ffffffff-2023-08,4
84c2e63ffffffff-2023-11,1
84c2e67ffffffff-2012-01,1
84c2e67ffffffff-2014-05,2
84c2e67ffffffff-2016-05,4
84c2e67ffffffff-2019-06,1
84c2e67ffffffff-2019-07,2
84c2e67ffffffff-2023-04,1
84c2e67ffffffff-2023-05,3
84c2e67ffffffff-2023-06,3
84c2e67ffffffff-2023-07,3
84c2e67ffffffff-2023-10,2
84c2e69ffffffff-2014-01,1
84c2e69ffffffff-2022-07,2
84c2e69ffffffff-2023-06,1
84c2e69ffffffff-2023-11,2
84c2e6bffffffff-2014-01,1
84c2e6bffffffff-2022-11,1
84c2e6bffffffff-2023-04,1
84c2e6bffffffff-2023-08,1
84c2e6dffffffff-2016-02,1
84c2e87ffffffff-2022-07,2
84c2e87ffffffff-2023-05,2
84c2e87ffffffff-2023-06,1
84c2e87ffffffff-2023-10,2
84c2e99ffffffff-2012-07,2
84c2e99ffffffff-2014-07,1
84c2e99ffffffff-2014-12,1
84c2e99ffffffff-2015-02,1
84c2e99ffffffff-2015-06,2
84c2e99ffffffff-2015-08,3
84c2e99ffffffff-2016-06,1
84c2e99ffffffff-2016-10,2
84c2e99ffffffff-2017-08,1
84c2e99ffffffff-2017-12,1
84c2e99ffffffff-2018-05,2
84c2e99ffffffff-2018-07,2
84c2e99ffffffff-2019-05,16
84c2e99ffffffff-2019-06,7
84c2e99ffffffff-2019-07,3
84c2e99ffffffff-2019-08,7
84c2e99ffffffff-2019-09,2
84c2e99ffffffff-2019-10,10
84c2e99ffffffff-2019-11,2
84c2e99ffffffff-2019-12,3
84c2e99ffffffff-2020-01,5
84c2e99ffffffff-2020-03,4
84c2e99ffffffff-2020-04,1
84c2e99ffffffff-2020-06,15
84c2e99ffffffff-2020-07,14
84c2e99ffffffff-2020-08,3
84c2e99ffffffff-2020-09,4
84c2e99ffffffff-2020-10,18
84c2e99ffffffff-2020-11,7
84c2e99ffffffff-2020-12,1
84c2e99ffffffff-2021-01,1
84c2e99ffffffff-2021-02,4
84c2e99ffffffff-2021-05,6
84c2e99ffffffff-2021-06,3
84c2e99ffffffff-2021-07,5
84c2e99ffffffff-2021-08,3
84c2e99ffffffff-2021-09,3
84c2e99ffffffff-2021-10,4
84c2e99ffffffff-2021-11,3
84c2e99ffffffff-2022-01,1
84c2e99ffffffff-2022-02,1
84c2e99ffffffff-2022-03,6
84c2e99ffffffff-2022-04,4
84c2e99ffffffff-2022-05,6
84c2e99ffffffff-2022-06,3
84c2e99ffffffff-2022-07,5
84c2e99ffffffff-2022-12,1
84c2e99ffffffff-2023-01,2
84c2e99ffffffff-2023-02,2
84c2e99ffffffff-2023-03,5
84c2e99ffffffff-2023-04,9
84c2e99ffffffff-2023-05,8
84c2e99ffffffff-2023-06,18
84c2e99ffffffff-2023-07,2
84c2e9bffffffff-2018-07,1
84c2e9bffffffff-2018-08,1
84c2e9bffffffff-2019-02,1
84c2e9bffffffff-2019-12,1
84c2e9bffffffff-2020-06,10
84c2e9bffffffff-2020-07,1
84c2e9bffffffff-2020-09,1
84c2e9bffffffff-2020-10,2
84c2e9bffffffff-2021-05,1
84c2e9bffffffff-2021-07,1
84c2e9bffffffff-2022-03,1
84c2e9bffffffff-2022-07,1
84c2e9bffffffff-2023-02,2
84c2ea1ffffffff-2023-04,2
84c2ea1ffffffff-2023-09,3
84c2ea1ffffffff-2023-11,9
84c2eadffffffff-2017-04,4
84c2eadffffffff-2022-02,2
84c2eadffffffff-2023-10,1
84c2eb3ffffffff-2021-08,1
84c2ebbffffffff-2020-08,1
84c2ec9ffffffff-2015-06,2
84c2ec9ffffffff-2021-05,1
84c2ec9ffffffff-2023-07,1
84c2ec9ffffffff-2023-09,1
84c2ecbffffffff-2021-06,1
84c2ecdffffffff-2018-06,1
84c2ed3ffffffff-2022-12,2
84c2ed5ffffffff-2018-07,1
84c2ed5ffffffff-2023-06,1
84c2ed5ffffffff-2023-07,1
84c2ed7ffffffff-2021-09,1
84c2ed7ffffffff-2021-10,1
84c2ed7ffffffff-2023-06,2
84c2ed9ffffffff-2023-09,1
84c2edbffffffff-2019-08,2
84c2edbffffffff-2020-10,2
84c2edbffffffff-2022-02,1
84c2edbffffffff-2022-08,1
84c2edbffffffff-2023-11,1
84c2eddffffffff-2012-08,1
84c2eddffffffff-2016-05,3
84c2eddffffffff-2016-10,1
84c2eddffffffff-2018-04,1
84c2eddffffffff-2019-01,1
84c2eddffffffff-2022-10,2
84c2eddffffffff-2022-11,1
84c2eddffffffff-2023-05,3
84c2eddffffffff-2023-06,1
84c2eddffffffff-2023-09,6
84c2ee7ffffffff-2015-06,1
84c2f07ffffffff-2022-06,3
84c2f07ffffffff-2022-07,1
84c2f11ffffffff-2019-10,2
84c2f11ffffffff-2022-10,1
84c2f11ffffffff-2023-03,37
84c2f11ffffffff-2023-04,5
84c2f11ffffffff-2023-05,9
84c2f11ffffffff-2023-06,8
84c2f11ffffffff-2023-07,9
84c2f11ffffffff-2023-08,4
84c2f11ffffffff-2023-09,4
84c2f15ffffffff-2023-03,5
84c2f15ffffffff-2023-04,1
84c2f15ffffffff-2023-08,5
84c2f1dffffffff-2020-04,2
84c2f1dffffffff-2022-05,2
84c2f1dffffffff-2023-03,1
84c2f1dffffffff-2023-04,1
84c2f23ffffffff-2012-07,1
84c2f23ffffffff-2014-07,1
84c2f23ffffffff-2014-09,2
84c2f23ffffffff-2015-05,1
84c2f23ffffffff-2015-11,2
84c2f23ffffffff-2015-12,4
84c2f23ffffffff-2016-02,4
84c2f23ffffffff-2016-03,3
84c2f23ffffffff-2016-05,12
84c2f23ffffffff-2016-08,1
84c2f23ffffffff-2016-09,1
84c2f23ffffffff-2017-04,7
84c2f23ffffffff-2017-07,1
84c2f23ffffffff-2017-08,3
84c2f23ffffffff-2018-03,3
84c2f23ffffffff-2018-07,3
84c2f23ffffffff-2018-08,1
84c2f23ffffffff-2018-10,5
84c2f23ffffffff-2018-11,2
84c2f23ffffffff-2019-02,1
84c2f23ffffffff-2019-03,1
84c2f23ffffffff-2019-10,1
84c2f23ffffffff-2019-11,7
84c2f23ffffffff-2020-02,2
84c2f23ffffffff-2020-03,1
84c2f23ffffffff-2020-04,6
84c2f23ffffffff-2020-05,6
84c2f23ffffffff-2020-06,2
84c2f23ffffffff-2020-07,19
84c2f23ffffffff-2020-08,6
84c2f23ffffffff-2020-09,13
84c2f23ffffffff-2020-10,7
84c2f23ffffffff-2021-01,2
84c2f23ffffffff-2021-02,1
84c2f23ffffffff-2021-04,6
84c2f23ffffffff-2021-05,2
84c2f23ffffffff-2021-07,8
84c2f23ffffffff-2021-08,3
84c2f23ffffffff-2021-09,1
84c2f23ffffffff-2021-10,14
84c2f23ffffffff-2021-12,3
84c2f23ffffffff-2022-06,7
84c2f23ffffffff-2022-07,5
84c2f23ffffffff-2022-08,7
84c2f23ffffffff-2022-09,4
84c2f23ffffffff-2022-10,6
84c2f23ffffffff-2023-02,14
84c2f23ffffffff-2023-03,13
84c2f23ffffffff-2023-04,5
84c2f23ffffffff-2023-05,2
84c2f23ffffffff-2023-06,8
84c2f23ffffffff-2023-07,15
84c2f23ffffffff-2023-08,17
84c2f23ffffffff-2023-09,10
84c2f23ffffffff-2023-10,10
84c2f23ffffffff-2023-11,6
84c2f27ffffffff-2014-01,1
84c2f27ffffffff-2015-05,3
84c2f27ffffffff-2015-12,1
84c2f27ffffffff-2016-12,1
84c2f27ffffffff-2017-01,3
84c2f27ffffffff-2017-04,3
84c2f27ffffffff-2017-06,1
84c2f27ffffffff-2017-11,3
84c2f27ffffffff-2018-04,1
84c2f27ffffffff-2018-05,4
84c2f27ffffffff-2018-09,1
84c2f27ffffffff-2018-10,3
84c2f27ffffffff-2018-11,6
84c2f27ffffffff-2018-12,2
84c2f27ffffffff-2019-01,2
84c2f27ffffffff-2019-02,9
84c2f27ffffffff-2019-03,4
84c2f27ffffffff-2019-04,3
84c2f27ffffffff-2019-05,3
84c2f27ffffffff-2019-11,4
84c2f27ffffffff-2019-12,1
84c2f27ffffffff-2020-01,3
84c2f27ffffffff-2020-02,8
84c2f27ffffffff-2020-04,1
84c2f27ffffffff-2020-05,3
84c2f27ffffffff-2020-06,2
84c2f27ffffffff-2020-07,4
84c2f27ffffffff-2020-08,13
84c2f27ffffffff-2020-12,1
84c2f27ffffffff-2021-01,3
84c2f27ffffffff-2021-04,5
84c2f27ffffffff-2021-05,34
84c2f27ffffffff-2021-06,19
84c2f27ffffffff-2021-07,14
84c2f27ffffffff-2021-09,5
84c2f27ffffffff-2021-10,13
84c2f27ffffffff-2021-11,10
84c2f27ffffffff-2021-12,11
84c2f27ffffffff-2022-03,2
84c2f27ffffffff-2022-04,4
84c2f27ffffffff-2022-05,9
84c2f27ffffffff-2022-06,23
84c2f27ffffffff-2022-07,22
84c2f27ffffffff-2022-08,13
84c2f27ffffffff-2022-09,9
84c2f27ffffffff-2022-10,39
84c2f27ffffffff-2022-11,5
84c2f27ffffffff-2022-12,1
84c2f27ffffffff-2023-01,13
84c2f27ffffffff-2023-02,16
84c2f27ffffffff-2023-03,14
84c2f27ffffffff-2023-04,14
84c2f27ffffffff-2023-05,10
84c2f27ffffffff-2023-06,14
84c2f27ffffffff-2023-07,9
84c2f27ffffffff-2023-08,4
84c2f27ffffffff-2023-11,1
84c2f2bffffffff-2015-07,1
84c2f2bffffffff-2015-11,2
84c2f2bffffffff-2016-02,4
84c2f2bffffffff-2016-04,1
84c2f2bffffffff-2016-05,9
84c2f2bffffffff-2016-10,1
84c2f2bffffffff-2016-11,2
84c2f2bffffffff-2016-12,1
84c2f2bffffffff-2017-06,1
84c2f2bffffffff-2018-07,1
84c2f2bffffffff-2018-09,8
84c2f2bffffffff-2019-09,4
84c2f2bffffffff-2019-11,10
84c2f2bffffffff-2020-06,2
84c2f2bffffffff-2021-04,1
84c2f2bffffffff-2022-02,1
84c2f2bffffffff-2023-03,4
84c2f2bffffffff-2023-04,1
84c2f2bffffffff-2023-05,2
84c2f2bffffffff-2023-09,1
84c2f2bffffffff-2023-11,13
84c2f39ffffffff-2015-07,2
84c2f39ffffffff-2018-03,1
84c2f39ffffffff-2018-09,1
84c2f39ffffffff-2020-05,1
84c2f39ffffffff-2023-03,1
84c2f39ffffffff-2023-04,1
84c2f39ffffffff-2023-05,1
84c2f3dffffffff-2013-04,1
84c2f3dffffffff-2013-06,1
84c2f3dffffffff-2013-07,1
84c2f3dffffffff-2013-08,1
84c2f3dffffffff-2013-10,1
84c2f3dffffffff-2013-11,2
84c2f3dffffffff-2015-05,2
84c2f3dffffffff-2015-07,3
84c2f3dffffffff-2015-10,1
84c2f3dffffffff-2015-11,3
84c2f3dffffffff-2015-12,2
84c2f3dffffffff-2016-04,4
84c2f3dffffffff-2016-05,1
84c2f3dffffffff-2016-10,3
84c2f3dffffffff-2017-06,1
84c2f3dffffffff-2017-11,1
84c2f3dffffffff-2018-05,1
84c2f3dffffffff-2018-06,1
84c2f3dffffffff-2018-08,9
84c2f3dffffffff-2018-09,4
84c2f3dffffffff-2018-10,10
84c2f3dffffffff-2018-11,3
84c2f3dffffffff-2019-01,1
84c2f3dffffffff-2019-03,1
84c2f3dffffffff-2019-08,2
84c2f3dffffffff-2019-09,2
84c2f3dffffffff-2019-10,1
84c2f3dffffffff-2020-05,3
84c2f3dffffffff-2020-06,2
84c2f3dffffffff-2020-07,6
84c2f3dffffffff-2020-08,2
84c2f3dffffffff-2020-09,3
84c2f3dffffffff-2020-10,2
84c2f3dffffffff-2021-02,1
84c2f3dffffffff-2021-04,1
84c2f3dffffffff-2021-05,2
84c2f3dffffffff-2021-07,1
84c2f3dffffffff-2021-10,2
84c2f3dffffffff-2022-06,5
84c2f3dffffffff-2023-03,4
84c2f3dffffffff-2023-04,1
84c2f3dffffffff-2023-07,1
84c2f3dffffffff-2023-08,1
84c2f3dffffffff-2023-11,3
84c305bffffffff-2021-09,1
84c305bffffffff-2022-03,1
84c3083ffffffff-2021-01,1
84c3083ffffffff-2023-04,1
84c3083ffffffff-2023-10,2
84c3087ffffffff-2013-03,1
84c3087ffffffff-2021-07,2
84c3089ffffffff-2013-12,2
84c3089ffffffff-2014-01,1
84c3089ffffffff-2019-01,1
84c3089ffffffff-2020-03,1
84c3089ffffffff-2021-04,1
84c3089ffffffff-2022-03,1
84c3089ffffffff-2022-12,1
84c3089ffffffff-2023-09,1
84c308bffffffff-2023-07,1
84c3093ffffffff-2018-10,9
84c3093ffffffff-2018-12,2
84c3093ffffffff-2020-06,2
84c3093ffffffff-2020-10,3
84c3093ffffffff-2020-12,2
84c3093ffffffff-2021-02,1
84c3093ffffffff-2021-07,1
84c3095ffffffff-2013-01,1
84c3095ffffffff-2023-04,1
84c3097ffffffff-2015-12,1
84c3097ffffffff-2018-04,3
84c3097ffffffff-2018-05,1
84c3097ffffffff-2018-10,2
84c3097ffffffff-2018-11,2
84c3097ffffffff-2018-12,1
84c3097ffffffff-2019-01,1
84c3097ffffffff-2019-03,1
84c3097ffffffff-2019-04,1
84c3097ffffffff-2020-12,2
84c3097ffffffff-2021-02,2
84c3097ffffffff-2021-03,2
84c3097ffffffff-2021-07,1
84c3097ffffffff-2022-03,1
84c3097ffffffff-2022-04,1
84c3097ffffffff-2022-05,2
84c3097ffffffff-2023-03,1
84c3097ffffffff-2023-08,1
84c309dffffffff-2022-03,1
84c309dffffffff-2022-05,2
84c30b9ffffffff-2018-04,1
84c30b9ffffffff-2019-10,3
84c30b9ffffffff-2023-04,1
84c30bbffffffff-2020-01,1
84c30c3ffffffff-2018-03,1
84c30d1ffffffff-2018-08,2
84c30d1ffffffff-2022-01,12
84c30d5ffffffff-2017-05,2
84c3203ffffffff-2018-01,1
84c3203ffffffff-2022-11,3
84c3203ffffffff-2023-01,1
84c3209ffffffff-2018-01,1
84c320dffffffff-2012-02,2
84c320dffffffff-2016-01,1
84c320dffffffff-2016-02,1
84c320dffffffff-2017-03,1
84c320dffffffff-2018-01,2
84c320dffffffff-2018-03,1
84c320dffffffff-2018-12,2
84c320dffffffff-2019-01,1
84c320dffffffff-2019-03,2
84c320dffffffff-2019-11,1
84c320dffffffff-2020-04,1
84c320dffffffff-2021-03,2
84c320dffffffff-2021-07,1
84c320dffffffff-2021-08,1
84c320dffffffff-2021-11,1
84c320dffffffff-2022-01,2
84c320dffffffff-2022-07,4
84c320dffffffff-2022-10,2
84c320dffffffff-2023-01,8
84c320dffffffff-2023-03,4
84c320dffffffff-2023-04,1
84c320dffffffff-2023-05,7
84c320dffffffff-2023-06,1
84c320dffffffff-2023-07,1
84c320dffffffff-2023-08,3
84c320dffffffff-2023-09,2
84c320dffffffff-2023-10,5
84c3211ffffffff-2019-07,1
84c3215ffffffff-2022-11,5
84c3217ffffffff-2013-11,1
84c3217ffffffff-2013-12,1
84c3217ffffffff-2014-01,2
84c3217ffffffff-2015-08,1
84c3217ffffffff-2016-12,1
84c3217ffffffff-2017-09,1
84c3217ffffffff-2017-11,1
84c3217ffffffff-2018-01,10
84c3217ffffffff-2018-07,1
84c3217ffffffff-2018-08,2
84c3217ffffffff-2018-09,2
84c3217ffffffff-2018-10,16
84c3217ffffffff-2018-11,6
84c3217ffffffff-2018-12,3
84c3217ffffffff-2019-01,1
84c3217ffffffff-2019-02,1
84c3217ffffffff-2019-03,1
84c3217ffffffff-2019-06,1
84c3217ffffffff-2019-07,1
84c3217ffffffff-2019-09,3
84c3217ffffffff-2019-10,20
84c3217ffffffff-2019-11,18
84c3217ffffffff-2019-12,5
84c3217ffffffff-2020-01,5
84c3217ffffffff-2020-02,4
84c3217ffffffff-2020-12,2
84c3217ffffffff-2021-01,1
84c3217ffffffff-2021-02,7
84c3217ffffffff-2021-03,3
84c3217ffffffff-2021-04,1
84c3217ffffffff-2021-05,4
84c3217ffffffff-2021-07,2
84c3217ffffffff-2021-08,2
84c3217ffffffff-2021-11,1
84c3217ffffffff-2021-12,1
84c3217ffffffff-2022-01,14
84c3217ffffffff-2022-02,8
84c3217ffffffff-2022-03,2
84c3217ffffffff-2022-04,2
84c3217ffffffff-2022-05,1
84c3217ffffffff-2022-06,1
84c3217ffffffff-2022-07,2
84c3217ffffffff-2022-08,1
84c3217ffffffff-2022-09,8
84c3217ffffffff-2022-10,16
84c3217ffffffff-2022-11,22
84c3217ffffffff-2022-12,6
84c3217ffffffff-2023-01,21
84c3217ffffffff-2023-02,7
84c3217ffffffff-2023-03,4
84c3217ffffffff-2023-05,2
84c3217ffffffff-2023-07,8
84c3217ffffffff-2023-08,3
84c3217ffffffff-2023-09,1
84c3217ffffffff-2023-10,10
84c3217ffffffff-2023-11,14
84c3239ffffffff-2013-11,1
84c3239ffffffff-2022-01,1
84c3239ffffffff-2023-02,1
84c3241ffffffff-2013-02,1
84c3241ffffffff-2016-01,3
84c3241ffffffff-2017-01,2
84c3241ffffffff-2017-02,1
84c3241ffffffff-2017-04,1
84c3241ffffffff-2017-10,3
84c3241ffffffff-2020-11,1
84c3241ffffffff-2021-11,7
84c3241ffffffff-2021-12,3
84c3241ffffffff-2022-01,2
84c3241ffffffff-2022-02,2
84c3241ffffffff-2022-03,2
84c3241ffffffff-2022-04,1
84c3241ffffffff-2023-02,3
84c3241ffffffff-2023-03,5
84c3241ffffffff-2023-10,1
84c3243ffffffff-2017-08,2
84c3243ffffffff-2022-12,1
84c3247ffffffff-2017-08,2
84c3247ffffffff-2017-10,3
84c3247ffffffff-2018-02,2
84c3247ffffffff-2018-10,4
84c3247ffffffff-2019-04,2
84c3247ffffffff-2019-05,2
84c3247ffffffff-2019-09,1
84c3247ffffffff-2019-10,1
84c3247ffffffff-2019-11,1
84c3247ffffffff-2020-04,2
84c3247ffffffff-2021-11,8
84c3247ffffffff-2021-12,2
84c3247ffffffff-2022-01,4
84c3247ffffffff-2022-02,1
84c3247ffffffff-2023-01,9
84c3247ffffffff-2023-05,2
84c3247ffffffff-2023-08,3
84c3287ffffffff-2017-01,5
84c3287ffffffff-2022-10,1
84c3287ffffffff-2023-10,1
84c3297ffffffff-2012-09,1
84c3297ffffffff-2014-03,4
84c3297ffffffff-2015-01,3
84c3297ffffffff-2015-03,1
84c3297ffffffff-2015-05,3
84c3297ffffffff-2017-03,4
84c3297ffffffff-2017-09,1
84c3297ffffffff-2017-11,1
84c3297ffffffff-2018-01,4
84c3297ffffffff-2018-02,1
84c3297ffffffff-2018-03,5
84c3297ffffffff-2018-04,1
84c3297ffffffff-2018-05,2
84c3297ffffffff-2018-10,5
84c3297ffffffff-2019-01,1
84c3297ffffffff-2019-03,2
84c3297ffffffff-2019-04,3
84c3297ffffffff-2019-05,1
84c3297ffffffff-2019-08,1
84c3297ffffffff-2019-10,1
84c3297ffffffff-2019-11,1
84c3297ffffffff-2020-02,3
84c3297ffffffff-2020-04,24
84c3297ffffffff-2020-05,24
84c3297ffffffff-2020-06,11
84c3297ffffffff-2020-07,2
84c3297ffffffff-2020-12,2
84c3297ffffffff-2021-01,3
84c3297ffffffff-2021-02,1
84c3297ffffffff-2021-03,5
84c3297ffffffff-2021-05,3
84c3297ffffffff-2021-06,4
84c3297ffffffff-2021-07,6
84c3297ffffffff-2021-08,4
84c3297ffffffff-2021-10,12
84c3297ffffffff-2021-12,1
84c3297ffffffff-2022-01,6
84c3297ffffffff-2022-02,2
84c3297ffffffff-2022-03,4
84c3297ffffffff-2022-04,5
84c3297ffffffff-2022-05,24
84c3297ffffffff-2022-06,1
84c3297ffffffff-2022-07,1
84c3297ffffffff-2022-09,12
84c3297ffffffff-2023-01,2
84c3297ffffffff-2023-02,9
84c3297ffffffff-2023-03,2
84c3297ffffffff-2023-04,10
84c3297ffffffff-2023-06,4
84c3297ffffffff-2023-09,1
84c329bffffffff-2018-10,2
84c329bffffffff-2019-05,1
84c329bffffffff-2019-10,1
84c329bffffffff-2020-05,1
84c329bffffffff-2020-07,1
84c329bffffffff-2020-10,3
84c329bffffffff-2021-02,12
84c329bffffffff-2021-10,1
84c329bffffffff-2021-11,14
84c329bffffffff-2022-10,3
84c329bffffffff-2023-05,1
84c329bffffffff-2023-10,2
84c32a5ffffffff-2016-11,2
84c32a5ffffffff-2019-07,2
84c32a5ffffffff-2019-11,3
84c32a5ffffffff-2021-02,1
84c32a5ffffffff-2021-12,1
84c32a7ffffffff-2021-02,1
84c32a9ffffffff-2014-03,1
84c32a9ffffffff-2017-02,1
84c32a9ffffffff-2018-02,1
84c32a9ffffffff-2018-03,8
84c32a9ffffffff-2019-01,3
84c32a9ffffffff-2019-02,1
84c32a9ffffffff-2019-08,1
84c32a9ffffffff-2019-11,2
84c32a9ffffffff-2021-01,1
84c32a9ffffffff-2021-04,2
84c32a9ffffffff-2021-05,1
84c32a9ffffffff-2021-12,1
84c32a9ffffffff-2022-01,3
84c32a9ffffffff-2022-02,2
84c32a9ffffffff-2022-05,1
84c32a9ffffffff-2022-09,9
84c32a9ffffffff-2023-01,15
84c32a9ffffffff-2023-02,1
84c32a9ffffffff-2023-03,5
84c32a9ffffffff-2023-11,4
84c32adffffffff-2014-10,1
84c32adffffffff-2016-02,1
84c32adffffffff-2016-07,1
84c32adffffffff-2017-02,1
84c32adffffffff-2019-11,6
84c32adffffffff-2022-04,1
84c32adffffffff-2022-05,1
84c32adffffffff-2022-11,1
84c32adffffffff-2023-10,1
84c32b7ffffffff-2014-03,1
84c32b7ffffffff-2018-03,2
84c32b7ffffffff-2019-02,1
84c32b7ffffffff-2021-02,1
84c32b7ffffffff-2021-07,1
84c32b7ffffffff-2021-10,2
84c32b7ffffffff-2021-12,2
84c32b7ffffffff-2022-01,1
84c32b7ffffffff-2022-07,2
84c32b7ffffffff-2022-08,1
84c32b7ffffffff-2023-03,3
84c32b9ffffffff-2020-12,2
84c32b9ffffffff-2023-11,1
84c32bbffffffff-2014-03,2
84c32bbffffffff-2015-07,1
84c32bbffffffff-2018-03,1
84c32bbffffffff-2020-02,1
84c32bbffffffff-2022-01,1
84c32bbffffffff-2022-02,4
84c32bbffffffff-2022-04,1
84c32bbffffffff-2023-03,3
84c32bbffffffff-2023-04,1
84c32dbffffffff-2021-04,1
84c32dbffffffff-2021-11,16
84c32e1ffffffff-2012-08,2
84c32e1ffffffff-2012-10,2
84c32e1ffffffff-2013-02,1
84c32e1ffffffff-2014-02,1
84c32e1ffffffff-2014-03,1
84c32e1ffffffff-2014-06,1
84c32e1ffffffff-2015-05,3
84c32e1ffffffff-2016-02,1
84c32e1ffffffff-2016-05,1
84c32e1ffffffff-2017-07,2
84c32e1ffffffff-2017-11,1
84c32e1ffffffff-2017-12,1
84c32e1ffffffff-2018-01,5
84c32e1ffffffff-2018-02,2
84c32e1ffffffff-2018-03,8
84c32e1ffffffff-2018-06,2
84c32e1ffffffff-2018-08,1
84c32e1ffffffff-2018-10,3
84c32e1ffffffff-2018-11,6
84c32e1ffffffff-2018-12,1
84c32e1ffffffff-2019-02,2
84c32e1ffffffff-2019-10,10
84c32e1ffffffff-2019-11,11
84c32e1ffffffff-2019-12,3
84c32e1ffffffff-2020-01,2
84c32e1ffffffff-2020-02,9
84c32e1ffffffff-2020-05,2
84c32e1ffffffff-2020-06,2
84c32e1ffffffff-2020-07,2
84c32e1ffffffff-2020-08,3
84c32e1ffffffff-2020-10,2
84c32e1ffffffff-2021-02,2
84c32e1ffffffff-2021-05,2
84c32e1ffffffff-2021-08,1
84c32e1ffffffff-2021-09,2
84c32e1ffffffff-2022-01,3
84c32e1ffffffff-2022-02,1
84c32e1ffffffff-2022-03,1
84c32e1ffffffff-2022-06,2
84c32e1ffffffff-2022-07,1
84c32e1ffffffff-2022-09,75
84c32e1ffffffff-2022-10,5
84c32e1ffffffff-2022-11,22
84c32e1ffffffff-2023-01,9
84c32e1ffffffff-2023-02,12
84c32e1ffffffff-2023-03,8
84c32e1ffffffff-2023-04,2
84c32e1ffffffff-2023-05,1
84c32e1ffffffff-2023-07,4
84c32e1ffffffff-2023-08,4
84c32e1ffffffff-2023-09,1
84c32e1ffffffff-2023-10,6
84c32e1ffffffff-2023-11,16
84c32e3ffffffff-2019-12,1
84c32e3ffffffff-2023-02,3
84c32edffffffff-2012-02,1
84c32edffffffff-2012-10,1
84c32edffffffff-2012-11,1
84c32edffffffff-2012-12,1
84c32edffffffff-2013-10,1
84c32edffffffff-2013-12,1
84c32edffffffff-2014-06,1
84c32edffffffff-2014-10,2
84c32edffffffff-2014-11,4
84c32edffffffff-2015-12,2
84c32edffffffff-2016-01,3
84c32edffffffff-2016-10,2
84c32edffffffff-2017-01,4
84c32edffffffff-2017-02,1
84c32edffffffff-2017-11,1
84c32edffffffff-2017-12,1
84c32edffffffff-2018-01,5
84c32edffffffff-2018-03,2
84c32edffffffff-2018-09,1
84c32edffffffff-2018-10,13
84c32edffffffff-2018-11,9
84c32edffffffff-2018-12,3
84c32edffffffff-2019-01,1
84c32edffffffff-2019-03,1
84c32edffffffff-2019-10,2
84c32edffffffff-2019-11,8
84c32edffffffff-2019-12,1
84c32edffffffff-2020-01,2
84c32edffffffff-2020-02,2
84c32edffffffff-2020-03,4
84c32edffffffff-2021-01,1
84c32edffffffff-2021-02,1
84c32edffffffff-2021-05,3
84c32edffffffff-2021-07,1
84c32edffffffff-2021-10,1
84c32edffffffff-2022-01,13
84c32edffffffff-2022-02,4
84c32edffffffff-2022-05,1
84c32edffffffff-2022-07,2
84c32edffffffff-2022-09,2
84c32edffffffff-2022-10,27
84c32edffffffff-2022-11,22
84c32edffffffff-2023-01,15
84c32edffffffff-2023-02,5
84c32edffffffff-2023-05,2
84c32edffffffff-2023-06,1
84c32edffffffff-2023-11,10
84c3401ffffffff-2012-03,1
84c3401ffffffff-2013-09,5
84c3401ffffffff-2014-04,1
84c3401ffffffff-2014-07,1
84c3401ffffffff-2015-03,1
84c3401ffffffff-2015-04,1
84c3401ffffffff-2015-05,1
84c3401ffffffff-2015-10,2
84c3401ffffffff-2015-12,1
84c3401ffffffff-2016-01,2
84c3401ffffffff-2016-06,2
84c3401ffffffff-2017-04,1
84c3401ffffffff-2017-06,2
84c3401ffffffff-2017-09,2
84c3401ffffffff-2018-01,1
84c3401ffffffff-2018-05,6
84c3401ffffffff-2018-06,1
84c3401ffffffff-2018-07,1
84c3401ffffffff-2018-10,1
84c3401ffffffff-2019-01,1
84c3401ffffffff-2019-04,1
84c3401ffffffff-2019-06,6
84c3401ffffffff-2019-07,1
84c3401ffffffff-2019-09,3
84c3401ffffffff-2019-10,1
84c3401ffffffff-2019-11,3
84c3401ffffffff-2020-06,2
84c3401ffffffff-2020-09,4
84c3401ffffffff-2020-10,3
84c3401ffffffff-2020-12,1
84c3401ffffffff-2021-01,4
84c3401ffffffff-2021-03,1
84c3401ffffffff-2021-04,6
84c3401ffffffff-2021-05,6
84c3401ffffffff-2021-07,2
84c3401ffffffff-2021-08,4
84c3401ffffffff-2021-09,3
84c3401ffffffff-2021-10,14
84c3401ffffffff-2021-11,2
84c3401ffffffff-2021-12,2
84c3401ffffffff-2022-01,5
84c3401ffffffff-2022-02,1
84c3401ffffffff-2022-03,2
84c3401ffffffff-2022-04,5
84c3401ffffffff-2022-05,2
84c3401ffffffff-2022-06,3
84c3401ffffffff-2022-07,1
84c3401ffffffff-2022-09,1
84c3401ffffffff-2022-10,5
84c3401ffffffff-2022-11,2
84c3401ffffffff-2023-01,2
84c3401ffffffff-2023-03,7
84c3401ffffffff-2023-05,4
84c3401ffffffff-2023-07,1
84c3401ffffffff-2023-08,1
84c3401ffffffff-2023-10,5
84c3401ffffffff-2023-11,1
84c3403ffffffff-2013-09,6
84c3403ffffffff-2014-01,2
84c3403ffffffff-2018-05,5
84c3403ffffffff-2018-07,2
84c3403ffffffff-2018-08,2
84c3403ffffffff-2018-10,1
84c3403ffffffff-2018-12,1
84c3403ffffffff-2019-01,1
84c3403ffffffff-2019-04,1
84c3403ffffffff-2019-05,5
84c3403ffffffff-2019-06,3
84c3403ffffffff-2019-07,1
84c3403ffffffff-2019-09,2
84c3403ffffffff-2019-10,2
84c3403ffffffff-2019-11,8
84c3403ffffffff-2020-01,1
84c3403ffffffff-2020-05,1
84c3403ffffffff-2020-06,1
84c3403ffffffff-2020-08,1
84c3403ffffffff-2020-10,2
84c3403ffffffff-2020-12,6
84c3403ffffffff-2021-01,1
84c3403ffffffff-2021-04,1
84c3403ffffffff-2021-07,1
84c3403ffffffff-2022-01,2
84c3403ffffffff-2022-02,1
84c3403ffffffff-2022-03,2
84c3403ffffffff-2022-08,1
84c3403ffffffff-2022-10,1
84c3403ffffffff-2022-11,6
84c3403ffffffff-2022-12,1
84c3403ffffffff-2023-02,1
84c3403ffffffff-2023-04,3
84c3403ffffffff-2023-05,7
84c3403ffffffff-2023-08,1
84c3403ffffffff-2023-09,6
84c3403ffffffff-2023-10,7
84c3403ffffffff-2023-11,2
84c3405ffffffff-2018-03,4
84c3405ffffffff-2018-05,3
84c3405ffffffff-2018-10,3
84c3405ffffffff-2019-02,2
84c3405ffffffff-2019-09,4
84c3405ffffffff-2020-11,3
84c3405ffffffff-2021-05,1
84c3405ffffffff-2021-07,1
84c3405ffffffff-2021-09,1
84c3405ffffffff-2022-01,1
84c3405ffffffff-2022-05,1
84c3405ffffffff-2022-06,2
84c3405ffffffff-2022-07,1
84c3405ffffffff-2022-08,1
84c3405ffffffff-2022-09,5
84c3405ffffffff-2022-10,2
84c3405ffffffff-2023-03,1
84c3405ffffffff-2023-04,1
84c3405ffffffff-2023-08,1
84c3405ffffffff-2023-09,1
84c3405ffffffff-2023-11,1
84c340dffffffff-2017-02,1
84c340dffffffff-2017-09,3
84c340dffffffff-2018-03,2
84c340dffffffff-2018-04,6
84c340dffffffff-2018-07,4
84c340dffffffff-2018-10,1
84c340dffffffff-2019-04,1
84c340dffffffff-2019-05,9
84c340dffffffff-2019-09,1
84c340dffffffff-2019-10,4
84c340dffffffff-2019-11,4
84c340dffffffff-2019-12,3
84c340dffffffff-2020-03,1
84c340dffffffff-2020-07,1
84c340dffffffff-2021-01,1
84c340dffffffff-2021-02,1
84c340dffffffff-2021-04,1
84c340dffffffff-2021-05,2
84c340dffffffff-2021-10,2
84c340dffffffff-2022-02,1
84c340dffffffff-2022-04,5
84c340dffffffff-2022-06,1
84c340dffffffff-2022-07,1
84c340dffffffff-2022-09,1
84c340dffffffff-2022-10,1
84c340dffffffff-2023-02,1
84c340dffffffff-2023-03,4
84c340dffffffff-2023-04,1
84c340dffffffff-2023-05,6
84c340dffffffff-2023-07,6
84c340dffffffff-2023-08,4
84c340dffffffff-2023-09,2
84c340dffffffff-2023-10,9
84c340dffffffff-2023-11,1
84c3411ffffffff-2016-05,1
84c3411ffffffff-2017-05,1
84c3411ffffffff-2019-03,1
84c3411ffffffff-2019-05,1
84c3411ffffffff-2019-08,2
84c3411ffffffff-2019-10,1
84c3411ffffffff-2021-05,1
84c3411ffffffff-2021-12,1
84c3411ffffffff-2022-01,1
84c3411ffffffff-2022-10,1
84c3411ffffffff-2022-11,2
84c3411ffffffff-2023-01,1
84c3411ffffffff-2023-02,1
84c3411ffffffff-2023-07,1
84c3411ffffffff-2023-09,1
84c3415ffffffff-2016-02,2
84c3415ffffffff-2016-11,1
84c3415ffffffff-2018-08,3
84c3415ffffffff-2019-09,3
84c3415ffffffff-2020-02,1
84c3415ffffffff-2022-10,3
84c3415ffffffff-2023-03,1
84c3415ffffffff-2023-04,2
84c3415ffffffff-2023-06,1
84c3417ffffffff-2019-06,2
84c3417ffffffff-2020-06,1
84c3417ffffffff-2021-05,1
84c3417ffffffff-2021-07,1
84c3417ffffffff-2021-08,2
84c3417ffffffff-2021-09,2
84c3417ffffffff-2021-10,6
84c3417ffffffff-2021-11,8
84c3417ffffffff-2021-12,1
84c3417ffffffff-2022-01,4
84c3417ffffffff-2022-02,1
84c3417ffffffff-2022-04,1
84c3417ffffffff-2022-05,5
84c3417ffffffff-2022-07,4
84c3417ffffffff-2022-08,4
84c3417ffffffff-2022-09,4
84c3417ffffffff-2022-10,4
84c3417ffffffff-2022-11,3
84c3417ffffffff-2023-02,1
84c3417ffffffff-2023-08,1
84c3417ffffffff-2023-10,2
84c3417ffffffff-2023-11,1
84c3421ffffffff-2023-07,1
84c3421ffffffff-2023-08,1
84c3425ffffffff-2019-06,1
84c3425ffffffff-2019-09,1
84c3425ffffffff-2021-04,4
84c3425ffffffff-2021-07,1
84c3425ffffffff-2021-11,2
84c3425ffffffff-2022-02,1
84c3425ffffffff-2022-06,1
84c3425ffffffff-2022-07,1
84c3427ffffffff-2014-02,1
84c3427ffffffff-2015-09,2
84c3427ffffffff-2016-01,1
84c3427ffffffff-2016-07,1
84c3427ffffffff-2016-08,2
84c3427ffffffff-2017-02,1
84c3427ffffffff-2017-03,3
84c3427ffffffff-2017-12,2
84c3427ffffffff-2018-03,1
84c3427ffffffff-2018-12,2
84c3427ffffffff-2019-06,2
84c3427ffffffff-2019-09,3
84c3427ffffffff-2019-11,1
84c3427ffffffff-2020-02,1
84c3427ffffffff-2020-12,1
84c3427ffffffff-2021-02,2
84c3427ffffffff-2021-07,1
84c3427ffffffff-2022-01,2
84c3427ffffffff-2022-02,1
84c3427ffffffff-2022-06,2
84c3427ffffffff-2022-11,3
84c3427ffffffff-2022-12,1
84c3427ffffffff-2023-01,4
84c3427ffffffff-2023-02,3
84c3427ffffffff-2023-03,2
84c3427ffffffff-2023-07,1
84c3427ffffffff-2023-08,2
84c3427ffffffff-2023-09,4
84c3427ffffffff-2023-10,1
84c3429ffffffff-2019-09,1
84c3429ffffffff-2022-12,1
84c342bffffffff-2015-12,1
84c342bffffffff-2017-05,1
84c342bffffffff-2022-03,1
84c342dffffffff-2015-11,1
84c342dffffffff-2016-03,1
84c342dffffffff-2021-07,2
84c342dffffffff-2022-08,1
84c342dffffffff-2023-01,1
84c342dffffffff-2023-04,1
84c342dffffffff-2023-07,2
84c3437ffffffff-2021-01,1
84c3437ffffffff-2021-12,1
84c3437ffffffff-2022-03,1
84c3439ffffffff-2012-07,1
84c3439ffffffff-2017-10,1
84c3439ffffffff-2018-07,1
84c3439ffffffff-2019-09,1
84c3439ffffffff-2019-11,1
84c3439ffffffff-2020-09,1
84c3439ffffffff-2021-02,1
84c3439ffffffff-2021-06,1
84c3439ffffffff-2022-02,1
84c3439ffffffff-2022-10,2
84c343bffffffff-2018-06,1
84c343bffffffff-2019-04,12
84c343bffffffff-2019-07,10
84c343bffffffff-2020-02,1
84c343bffffffff-2020-10,2
84c343bffffffff-2021-05,1
84c343bffffffff-2021-06,2
84c343bffffffff-2021-08,1
84c343bffffffff-2021-10,1
84c343bffffffff-2021-11,1
84c343bffffffff-2021-12,1
84c343bffffffff-2022-01,1
84c343bffffffff-2022-02,4
84c343bffffffff-2022-03,1
84c343bffffffff-2022-05,1
84c343bffffffff-2022-06,1
84c343bffffffff-2022-07,3
84c343bffffffff-2022-09,2
84c343bffffffff-2022-10,12
84c343bffffffff-2023-01,2
84c343bffffffff-2023-02,5
84c343bffffffff-2023-05,1
84c343dffffffff-2019-02,3
84c343dffffffff-2019-09,1
84c3447ffffffff-2016-03,2
84c3447ffffffff-2016-04,3
84c3447ffffffff-2017-05,1
84c3447ffffffff-2021-09,3
84c3447ffffffff-2022-01,2
84c3447ffffffff-2022-04,1
84c3447ffffffff-2022-07,1
84c3447ffffffff-2022-09,3
84c3447ffffffff-2022-11,3
84c3447ffffffff-2023-01,1
84c345dffffffff-2018-10,1
84c345dffffffff-2020-10,2
84c345dffffffff-2020-11,2
84c345dffffffff-2022-07,1
84c3463ffffffff-2016-10,1
84c3463ffffffff-2016-11,2
84c3463ffffffff-2020-06,1
84c3463ffffffff-2020-12,1
84c3463ffffffff-2022-02,1
84c346bffffffff-2018-07,2
84c3481ffffffff-2023-04,1
84c3483ffffffff-2016-05,3
84c3483ffffffff-2016-12,1
84c3483ffffffff-2018-05,1
84c3485ffffffff-2019-02,2
84c3485ffffffff-2023-05,3
84c3487ffffffff-2018-10,1
84c3487ffffffff-2019-06,9
84c3487ffffffff-2022-05,1
84c3487ffffffff-2022-06,1
84c3487ffffffff-2022-07,2
84c3489ffffffff-2018-07,4
84c3489ffffffff-2023-04,1
84c348bffffffff-2018-07,2
84c348bffffffff-2022-05,7
84c348bffffffff-2022-10,1
84c348bffffffff-2023-03,1
84c348bffffffff-2023-04,1
84c348dffffffff-2019-12,2
84c348dffffffff-2023-07,1
84c3491ffffffff-2018-05,1
84c3491ffffffff-2019-12,2
84c3491ffffffff-2023-03,1
84c3491ffffffff-2023-09,1
84c3493ffffffff-2013-02,1
84c3493ffffffff-2021-04,13
84c3493ffffffff-2022-05,16
84c3493ffffffff-2023-06,6
84c3493ffffffff-2023-08,3
84c3493ffffffff-2023-09,2
84c3493ffffffff-2023-11,1
84c3495ffffffff-2018-07,4
84c3495ffffffff-2022-12,1
84c3495ffffffff-2023-06,2
84c3497ffffffff-2012-03,2
84c3497ffffffff-2013-07,1
84c3497ffffffff-2014-01,1
84c3497ffffffff-2014-12,1
84c3497ffffffff-2015-09,2
84c3497ffffffff-2016-10,2
84c3497ffffffff-2018-03,1
84c3497ffffffff-2018-10,1
84c3497ffffffff-2018-12,3
84c3497ffffffff-2019-08,3
84c3497ffffffff-2019-11,2
84c3497ffffffff-2019-12,2
84c3497ffffffff-2020-02,4
84c3497ffffffff-2022-02,2
84c3497ffffffff-2022-03,1
84c3497ffffffff-2022-05,17
84c3497ffffffff-2022-06,1
84c3497ffffffff-2022-07,9
84c3497ffffffff-2023-05,2
84c3497ffffffff-2023-06,4
84c3499ffffffff-2023-11,1
84c349bffffffff-2014-01,2
84c349bffffffff-2018-02,4
84c349bffffffff-2018-08,1
84c349bffffffff-2018-12,2
84c349bffffffff-2019-08,1
84c349bffffffff-2019-10,12
84c349bffffffff-2022-05,1
84c349bffffffff-2022-06,1
84c349bffffffff-2022-10,2
84c349bffffffff-2023-03,5
84c349bffffffff-2023-05,3
84c349bffffffff-2023-06,7
84c349bffffffff-2023-07,2
84c349bffffffff-2023-09,1
84c349bffffffff-2023-10,6
84c349dffffffff-2015-07,2
84c349dffffffff-2016-03,1
84c349dffffffff-2016-12,1
84c349dffffffff-2017-06,1
84c349dffffffff-2022-06,1
84c349dffffffff-2022-10,2
84c34a3ffffffff-2022-07,3
84c34a7ffffffff-2022-08,1
84c34a7ffffffff-2023-10,1
84c34a9ffffffff-2017-02,1
84c34a9ffffffff-2022-09,1
84c34a9ffffffff-2022-10,2
84c34a9ffffffff-2023-01,1
84c34a9ffffffff-2023-03,1
84c34adffffffff-2021-06,2
84c34adffffffff-2021-09,5
84c34b1ffffffff-2018-07,1
84c34b1ffffffff-2021-01,1
84c34b1ffffffff-2023-05,1
84c34b3ffffffff-2018-08,2
84c34b3ffffffff-2021-02,1
84c34b3ffffffff-2022-02,1
84c34b3ffffffff-2022-05,1
84c34b7ffffffff-2012-09,1
84c34b7ffffffff-2018-10,1
84c34b7ffffffff-2020-07,1
84c34b7ffffffff-2020-10,1
84c34b7ffffffff-2022-06,1
84c34b7ffffffff-2022-07,1
84c34b7ffffffff-2023-09,2
84c34b7ffffffff-2023-10,1
84c34b9ffffffff-2014-12,1
84c34b9ffffffff-2021-08,4
84c34b9ffffffff-2022-07,1
84c34bbffffffff-2012-03,1
84c34bbffffffff-2012-04,1
84c34bbffffffff-2013-02,1
84c34bbffffffff-2014-02,2
84c34bbffffffff-2014-06,2
84c34bbffffffff-2014-10,2
84c34bbffffffff-2015-05,4
84c34bbffffffff-2015-07,2
84c34bbffffffff-2015-08,3
84c34bbffffffff-2016-09,3
84c34bbffffffff-2017-10,1
84c34bbffffffff-2018-04,1
84c34bbffffffff-2018-10,12
84c34bbffffffff-2018-12,4
84c34bbffffffff-2019-03,1
84c34bbffffffff-2019-12,17
84c34bbffffffff-2020-01,1
84c34bbffffffff-2020-02,12
84c34bbffffffff-2021-04,4
84c34bbffffffff-2021-05,9
84c34bbffffffff-2021-11,6
84c34bbffffffff-2022-02,1
84c34bbffffffff-2022-03,1
84c34bbffffffff-2022-10,20
84c34bbffffffff-2022-11,3
84c34bbffffffff-2023-01,1
84c34bbffffffff-2023-02,1
84c34bbffffffff-2023-09,2
84c34bdffffffff-2015-03,1
84c34bdffffffff-2015-07,1
84c34bdffffffff-2016-05,3
84c34bdffffffff-2018-05,1
84c34bdffffffff-2018-06,4
84c34bdffffffff-2018-07,4
84c34bdffffffff-2018-08,2
84c34bdffffffff-2018-09,3
84c34bdffffffff-2018-10,1
84c34bdffffffff-2018-11,1
84c34bdffffffff-2018-12,18
84c34bdffffffff-2019-01,1
84c34bdffffffff-2019-03,1
84c34bdffffffff-2019-05,1
84c34bdffffffff-2019-06,19
84c34bdffffffff-2019-07,2
84c34bdffffffff-2019-10,1
84c34bdffffffff-2019-11,1
84c34bdffffffff-2019-12,1
84c34bdffffffff-2020-01,1
84c34bdffffffff-2020-06,1
84c34bdffffffff-2020-07,7
84c34bdffffffff-2020-09,1
84c34bdffffffff-2020-10,5
84c34bdffffffff-2020-11,2
84c34bdffffffff-2020-12,2
84c34bdffffffff-2021-01,2
84c34bdffffffff-2021-02,1
84c34bdffffffff-2021-03,1
84c34bdffffffff-2021-04,2
84c34bdffffffff-2021-05,1
84c34bdffffffff-2021-06,4
84c34bdffffffff-2021-07,6
84c34bdffffffff-2021-09,2
84c34bdffffffff-2021-11,2
84c34bdffffffff-2022-05,3
84c34bdffffffff-2022-06,4
84c34bdffffffff-2022-07,4
84c34bdffffffff-2022-09,2
84c34bdffffffff-2022-10,1
84c34bdffffffff-2022-11,1
84c34bdffffffff-2023-01,1
84c34bdffffffff-2023-04,1
84c34bdffffffff-2023-05,4
84c34bdffffffff-2023-06,6
84c34bdffffffff-2023-07,6
84c34bdffffffff-2023-08,1
84c34bdffffffff-2023-10,1
84c34c1ffffffff-2019-07,1
84c34c1ffffffff-2021-03,1
84c34c1ffffffff-2023-05,4
84c34c1ffffffff-2023-09,4
84c34c5ffffffff-2019-10,1
84c34c5ffffffff-2022-11,1
84c34c7ffffffff-2019-12,2
84c34c7ffffffff-2023-04,1
84c34cbffffffff-2017-04,2
84c34cbffffffff-2021-05,1
84c34cbffffffff-2022-08,1
84c34cbffffffff-2022-11,1
84c34cdffffffff-2018-12,2
84c34cdffffffff-2020-03,1
84c34cdffffffff-2020-06,1
84c34cdffffffff-2020-07,1
84c34cdffffffff-2021-03,1
84c34cdffffffff-2022-02,2
84c34cdffffffff-2022-05,1
84c34cdffffffff-2022-10,2
84c34cdffffffff-2023-01,1
84c34cdffffffff-2023-07,1
84c34cdffffffff-2023-08,1
84c34d7ffffffff-2023-05,1
84c34dbffffffff-2022-07,1
84c34ddffffffff-2018-11,1
84c34e1ffffffff-2019-02,2
84c34e1ffffffff-2022-02,1
84c34e3ffffffff-2013-01,2
84c34e3ffffffff-2013-12,1
84c34e3ffffffff-2017-02,1
84c34e3ffffffff-2017-10,1
84c34e3ffffffff-2021-10,1
84c34e3ffffffff-2022-01,7
84c34e3ffffffff-2022-07,2
84c34e3ffffffff-2022-08,1
84c34e3ffffffff-2022-10,1
84c34e3ffffffff-2023-02,2
84c34e3ffffffff-2023-03,1
84c34e3ffffffff-2023-05,4
84c34e5ffffffff-2016-05,3
84c34e5ffffffff-2018-03,1
84c34e5ffffffff-2020-02,5
84c34e7ffffffff-2018-07,1
84c34e7ffffffff-2019-12,2
84c34e7ffffffff-2021-06,2
84c34e7ffffffff-2022-12,3
84c34e7ffffffff-2023-02,7
84c34e7ffffffff-2023-09,1
84c34e9ffffffff-2014-01,1
84c34e9ffffffff-2014-02,1
84c34e9ffffffff-2015-05,1
84c34e9ffffffff-2016-05,3
84c34e9ffffffff-2017-11,2
84c34e9ffffffff-2018-01,1
84c34e9ffffffff-2018-04,1
84c34e9ffffffff-2018-07,1
84c34e9ffffffff-2019-01,2
84c34e9ffffffff-2019-02,4
84c34e9ffffffff-2019-07,2
84c34e9ffffffff-2019-08,2
84c34e9ffffffff-2019-10,2
84c34e9ffffffff-2019-11,1
84c34e9ffffffff-2019-12,2
84c34e9ffffffff-2020-01,1
84c34e9ffffffff-2020-02,6
84c34e9ffffffff-2020-06,1
84c34e9ffffffff-2020-07,4
84c34e9ffffffff-2020-09,1
84c34e9ffffffff-2020-10,1
84c34e9ffffffff-2020-11,4
84c34e9ffffffff-2020-12,3
84c34e9ffffffff-2021-01,4
84c34e9ffffffff-2021-02,1
84c34e9ffffffff-2021-03,2
84c34e9ffffffff-2021-06,3
84c34e9ffffffff-2021-07,11
84c34e9ffffffff-2021-08,11
84c34e9ffffffff-2021-09,2
84c34e9ffffffff-2021-10,6
84c34e9ffffffff-2021-11,7
84c34e9ffffffff-2021-12,3
84c34e9ffffffff-2022-01,8
84c34e9ffffffff-2022-02,1
84c34e9ffffffff-2022-03,2
84c34e9ffffffff-2022-04,3
84c34e9ffffffff-2022-05,3
84c34e9ffffffff-2022-06,3
84c34e9ffffffff-2022-07,7
84c34e9ffffffff-2022-08,1
84c34e9ffffffff-2022-09,3
84c34e9ffffffff-2022-10,1
84c34e9ffffffff-2022-12,4
84c34e9ffffffff-2023-01,3
84c34e9ffffffff-2023-02,4
84c34e9ffffffff-2023-03,4
84c34e9ffffffff-2023-04,5
84c34e9ffffffff-2023-05,9
84c34e9ffffffff-2023-06,4
84c34e9ffffffff-2023-07,9
84c34e9ffffffff-2023-08,12
84c34e9ffffffff-2023-09,17
84c34e9ffffffff-2023-10,13
84c34e9ffffffff-2023-11,7
84c34ebffffffff-2019-07,1
84c34ebffffffff-2019-12,2
84c34ebffffffff-2021-11,1
84c34ebffffffff-2022-01,2
84c34ebffffffff-2022-02,1
84c34ebffffffff-2023-01,1
84c34ebffffffff-2023-09,3
84c34ebffffffff-2023-10,1
84c34edffffffff-2021-04,1
84c34edffffffff-2021-10,2
84c34edffffffff-2022-05,2
84c34edffffffff-2022-08,1
84c34edffffffff-2022-09,2
84c34edffffffff-2022-10,1
84c34edffffffff-2022-11,1
84c34edffffffff-2022-12,1
84c34edffffffff-2023-06,1
84c34edffffffff-2023-08,2
84c34edffffffff-2023-09,3
84c34edffffffff-2023-11,1
84c3501ffffffff-2023-05,2
84c3503ffffffff-2016-03,1
84c3503ffffffff-2016-06,1
84c3503ffffffff-2016-12,1
84c3503ffffffff-2017-06,2
84c3503ffffffff-2019-06,2
84c3503ffffffff-2019-07,8
84c3503ffffffff-2020-02,1
84c3503ffffffff-2021-04,1
84c3503ffffffff-2022-02,1
84c3503ffffffff-2022-11,1
84c3503ffffffff-2023-09,2
84c3505ffffffff-2013-10,1
84c3505ffffffff-2014-01,1
84c3505ffffffff-2014-06,1
84c3505ffffffff-2015-03,1
84c3505ffffffff-2015-06,2
84c3505ffffffff-2015-10,1
84c3505ffffffff-2015-11,1
84c3505ffffffff-2015-12,1
84c3505ffffffff-2016-02,3
84c3505ffffffff-2018-07,1
84c3505ffffffff-2019-06,1
84c3505ffffffff-2021-07,1
84c3505ffffffff-2021-10,4
84c3505ffffffff-2022-01,1
84c3505ffffffff-2022-07,3
84c3505ffffffff-2022-09,2
84c3505ffffffff-2022-10,2
84c3505ffffffff-2022-12,2
84c3505ffffffff-2023-04,2
84c3505ffffffff-2023-05,4
84c3505ffffffff-2023-07,2
84c3505ffffffff-2023-08,6
84c3505ffffffff-2023-09,2
84c3505ffffffff-2023-10,1
84c3507ffffffff-2022-01,1
84c3507ffffffff-2022-05,1
84c3509ffffffff-2019-03,2
84c3509ffffffff-2019-06,2
84c3509ffffffff-2019-11,3
84c3509ffffffff-2020-09,1
84c3509ffffffff-2020-10,1
84c3509ffffffff-2021-10,3
84c3509ffffffff-2023-05,3
84c350dffffffff-2014-11,2
84c350dffffffff-2016-01,3
84c350dffffffff-2016-08,1
84c350dffffffff-2017-04,2
84c350dffffffff-2017-08,1
84c350dffffffff-2017-11,1
84c350dffffffff-2019-06,2
84c350dffffffff-2021-07,2
84c350dffffffff-2022-08,1
84c350dffffffff-2022-09,11
84c350dffffffff-2022-11,1
84c350dffffffff-2023-04,1
84c350dffffffff-2023-07,4
84c350dffffffff-2023-08,2
84c350dffffffff-2023-09,5
84c350dffffffff-2023-11,2
84c3513ffffffff-2021-11,1
84c3517ffffffff-2016-11,1
84c3517ffffffff-2017-01,1
84c3517ffffffff-2017-10,1
84c3517ffffffff-2018-06,1
84c3517ffffffff-2021-07,2
84c3517ffffffff-2023-07,1
84c3517ffffffff-2023-10,1
84c3519ffffffff-2016-02,1
84c3519ffffffff-2017-11,2
84c3519ffffffff-2018-01,1
84c3519ffffffff-2018-02,1
84c3519ffffffff-2018-03,1
84c3519ffffffff-2018-04,1
84c3519ffffffff-2018-06,1
84c3519ffffffff-2018-07,5
84c3519ffffffff-2019-01,1
84c3519ffffffff-2019-03,5
84c3519ffffffff-2019-04,1
84c3519ffffffff-2019-06,7
84c3519ffffffff-2019-09,3
84c3519ffffffff-2019-12,2
84c3519ffffffff-2020-12,6
84c3519ffffffff-2021-07,13
84c3519ffffffff-2021-10,1
84c3519ffffffff-2021-11,4
84c3519ffffffff-2021-12,1
84c3519ffffffff-2022-02,4
84c3519ffffffff-2022-03,1
84c3519ffffffff-2022-07,2
84c3519ffffffff-2022-10,3
84c3519ffffffff-2023-01,2
84c3519ffffffff-2023-02,2
84c3519ffffffff-2023-03,1
84c3519ffffffff-2023-05,1
84c3519ffffffff-2023-06,2
84c3519ffffffff-2023-07,2
84c3519ffffffff-2023-08,1
84c3519ffffffff-2023-09,5
84c3519ffffffff-2023-10,7
84c351bffffffff-2015-05,1
84c351bffffffff-2019-01,1
84c351bffffffff-2019-03,2
84c351bffffffff-2019-06,3
84c351bffffffff-2019-09,3
84c351bffffffff-2019-12,3
84c351bffffffff-2020-12,3
84c351bffffffff-2021-04,1
84c351bffffffff-2021-07,6
84c351bffffffff-2021-11,4
84c351bffffffff-2022-02,5
84c351bffffffff-2022-07,2
84c351bffffffff-2023-10,10
84c351dffffffff-2019-10,1
84c351dffffffff-2020-11,1
84c351dffffffff-2021-08,1
84c351dffffffff-2021-12,3
84c351dffffffff-2022-01,1
84c351dffffffff-2022-02,2
84c351dffffffff-2022-03,2
84c351dffffffff-2022-11,1
84c351dffffffff-2023-09,2
84c3521ffffffff-2014-02,1
84c3521ffffffff-2016-01,1
84c3521ffffffff-2017-07,1
84c3521ffffffff-2017-09,1
84c3521ffffffff-2018-01,1
84c3521ffffffff-2018-04,1
84c3521ffffffff-2019-01,1
84c3521ffffffff-2019-11,1
84c3521ffffffff-2020-03,1
84c3521ffffffff-2020-08,1
84c3521ffffffff-2020-11,1
84c3521ffffffff-2021-01,2
84c3521ffffffff-2021-06,1
84c3521ffffffff-2021-08,6
84c3521ffffffff-2022-01,2
84c3521ffffffff-2022-07,1
84c3521ffffffff-2022-09,22
84c3521ffffffff-2022-10,4
84c3521ffffffff-2022-12,1
84c3521ffffffff-2023-01,1
84c3521ffffffff-2023-02,3
84c3521ffffffff-2023-05,1
84c3521ffffffff-2023-10,1
84c3525ffffffff-2018-01,1
84c3525ffffffff-2020-01,2
84c3525ffffffff-2020-10,1
84c3525ffffffff-2021-01,1
84c3525ffffffff-2022-01,1
84c3525ffffffff-2022-03,2
84c3525ffffffff-2023-04,2
84c3525ffffffff-2023-05,1
84c3527ffffffff-2021-09,2
84c352bffffffff-2019-08,1
84c352dffffffff-2015-10,1
84c352dffffffff-2018-01,1
84c352dffffffff-2022-01,2
84c352dffffffff-2023-01,1
84c3533ffffffff-2015-11,2
84c3533ffffffff-2021-10,1
84c3533ffffffff-2023-09,2
84c3537ffffffff-2023-08,2
84c3537ffffffff-2023-11,1
84c353bffffffff-2023-09,2
84c3543ffffffff-2014-03,1
84c3543ffffffff-2019-11,4
84c3543ffffffff-2019-12,3
84c3543ffffffff-2020-10,1
84c3543ffffffff-2021-01,1
84c3543ffffffff-2022-01,1
84c3543ffffffff-2022-02,1
84c3543ffffffff-2022-04,1
84c3543ffffffff-2023-02,1
84c3543ffffffff-2023-04,6
84c3543ffffffff-2023-05,6
84c3545ffffffff-2018-10,2
84c3545ffffffff-2021-02,2
84c3545ffffffff-2021-04,1
84c3545ffffffff-2021-09,2
84c3547ffffffff-2017-07,1
84c3547ffffffff-2018-05,1
84c3547ffffffff-2019-12,1
84c3547ffffffff-2022-02,1
84c3547ffffffff-2022-10,1
84c3547ffffffff-2023-05,2
84c3551ffffffff-2021-01,1
84c3551ffffffff-2023-08,1
84c3553ffffffff-2015-05,1
84c3553ffffffff-2015-10,1
84c3553ffffffff-2016-01,1
84c3553ffffffff-2017-10,1
84c3553ffffffff-2018-01,2
84c3553ffffffff-2018-05,2
84c3553ffffffff-2018-06,1
84c3553ffffffff-2018-10,6
84c3553ffffffff-2019-02,1
84c3553ffffffff-2019-05,3
84c3553ffffffff-2019-06,2
84c3553ffffffff-2019-07,1
84c3553ffffffff-2019-10,1
84c3553ffffffff-2019-12,1
84c3553ffffffff-2020-02,1
84c3553ffffffff-2020-05,1
84c3553ffffffff-2020-06,1
84c3553ffffffff-2020-07,2
84c3553ffffffff-2020-10,2
84c3553ffffffff-2021-01,1
84c3553ffffffff-2021-04,2
84c3553ffffffff-2021-05,1
84c3553ffffffff-2021-07,2
84c3553ffffffff-2021-09,1
84c3553ffffffff-2021-10,1
84c3553ffffffff-2021-11,3
84c3553ffffffff-2022-03,2
84c3553ffffffff-2022-05,2
84c3553ffffffff-2022-06,1
84c3553ffffffff-2022-07,1
84c3553ffffffff-2022-11,1
84c3553ffffffff-2023-04,2
84c3553ffffffff-2023-05,2
84c3553ffffffff-2023-06,2
84c3553ffffffff-2023-07,3
84c3553ffffffff-2023-08,2
84c3553ffffffff-2023-10,4
84c3555ffffffff-2018-12,2
84c3555ffffffff-2021-12,2
84c3557ffffffff-2018-04,1
84c3557ffffffff-2018-05,1
84c3557ffffffff-2018-12,2
84c3557ffffffff-2019-01,1
84c3557ffffffff-2019-03,3
84c3557ffffffff-2019-06,5
84c3557ffffffff-2019-09,3
84c3557ffffffff-2019-12,3
84c3557ffffffff-2020-03,1
84c3557ffffffff-2020-12,3
84c3557ffffffff-2021-01,1
84c3557ffffffff-2021-04,1
84c3557ffffffff-2021-07,1
84c3557ffffffff-2021-11,3
84c3557ffffffff-2022-02,2
84c3557ffffffff-2022-07,3
84c3557ffffffff-2023-02,1
84c3557ffffffff-2023-07,2
84c3557ffffffff-2023-10,5
84c3563ffffffff-2015-04,1
84c3563ffffffff-2015-07,1
84c3563ffffffff-2016-02,1
84c3563ffffffff-2016-03,1
84c3563ffffffff-2016-07,1
84c3563ffffffff-2017-04,5
84c3563ffffffff-2018-02,2
84c3563ffffffff-2019-03,2
84c3563ffffffff-2020-01,1
84c3563ffffffff-2020-11,1
84c3563ffffffff-2021-12,2
84c3563ffffffff-2022-02,1
84c3563ffffffff-2023-01,2
84c3563ffffffff-2023-04,5
84c3563ffffffff-2023-05,4
84c3563ffffffff-2023-07,6
84c3563ffffffff-2023-08,2
84c3563ffffffff-2023-09,6
84c3563ffffffff-2023-11,1
84c3567ffffffff-2020-12,2
84c3567ffffffff-2022-03,1
84c3569ffffffff-2014-03,1
84c3569ffffffff-2014-04,1
84c3569ffffffff-2015-02,1
84c3569ffffffff-2015-03,1
84c3569ffffffff-2015-12,1
84c3569ffffffff-2016-01,1
84c3569ffffffff-2016-02,1
84c3569ffffffff-2016-09,1
84c3569ffffffff-2016-10,1
84c3569ffffffff-2016-12,1
84c3569ffffffff-2017-01,3
84c3569ffffffff-2018-03,1
84c3569ffffffff-2019-01,1
84c3569ffffffff-2019-02,2
84c3569ffffffff-2019-04,1
84c3569ffffffff-2019-06,3
84c3569ffffffff-2019-10,10
84c3569ffffffff-2019-11,6
84c3569ffffffff-2019-12,1
84c3569ffffffff-2020-01,1
84c3569ffffffff-2020-02,1
84c3569ffffffff-2020-03,1
84c3569ffffffff-2020-07,1
84c3569ffffffff-2020-12,2
84c3569ffffffff-2021-02,3
84c3569ffffffff-2021-04,1
84c3569ffffffff-2021-05,1
84c3569ffffffff-2021-07,1
84c3569ffffffff-2021-12,2
84c3569ffffffff-2022-03,3
84c3569ffffffff-2022-04,3
84c3569ffffffff-2023-02,1
84c3569ffffffff-2023-03,1
84c3569ffffffff-2023-06,1
84c3569ffffffff-2023-10,1
84c356bffffffff-2021-12,1
84c356dffffffff-2018-03,1
84c356dffffffff-2018-04,1
84c356dffffffff-2018-05,1
84c356dffffffff-2018-08,1
84c356dffffffff-2018-10,3
84c356dffffffff-2018-11,1
84c356dffffffff-2018-12,2
84c356dffffffff-2019-01,1
84c356dffffffff-2019-05,1
84c356dffffffff-2019-12,1
84c356dffffffff-2020-09,1
84c356dffffffff-2021-01,2
84c356dffffffff-2021-05,1
84c356dffffffff-2021-10,4
84c356dffffffff-2022-09,2
84c356dffffffff-2022-10,5
84c356dffffffff-2022-11,2
84c356dffffffff-2023-01,1
84c3581ffffffff-2023-04,1
84c3585ffffffff-2021-01,1
84c358bffffffff-2019-08,1
84c358bffffffff-2021-02,1
84c358bffffffff-2022-08,4
84c358dffffffff-2023-03,1
84c3591ffffffff-2015-12,1
84c3593ffffffff-2019-07,1
84c3595ffffffff-2022-09,1
84c3595ffffffff-2023-06,1
84c3597ffffffff-2020-12,1
84c3597ffffffff-2021-07,1
84c3597ffffffff-2023-07,1
84c359bffffffff-2017-07,1
84c359bffffffff-2020-08,1
84c359bffffffff-2021-08,1
84c359dffffffff-2014-01,1
84c359dffffffff-2017-05,1
84c359dffffffff-2020-02,5
84c359dffffffff-2021-09,1
84c359dffffffff-2022-10,2
84c359dffffffff-2023-11,1
84c35adffffffff-2021-05,2
84c35adffffffff-2021-06,4
84c35adffffffff-2021-08,1
84c35b3ffffffff-2023-02,2
84c35bbffffffff-2021-12,1
84c35bbffffffff-2022-08,2
84c35c5ffffffff-2016-07,2
84c35c5ffffffff-2021-01,1
84c35c5ffffffff-2022-10,2
84c35c5ffffffff-2023-05,1
84c35c5ffffffff-2023-07,2
84c35c5ffffffff-2023-08,1
84c35c5ffffffff-2023-09,3
84c35c5ffffffff-2023-10,1
84c35cdffffffff-2015-05,1
84c35cdffffffff-2019-06,2
84c35cdffffffff-2020-01,1
84c35cdffffffff-2020-12,1
84c35cdffffffff-2021-03,1
84c35cdffffffff-2021-08,1
84c35cdffffffff-2021-10,1
84c35cdffffffff-2021-12,1
84c35cdffffffff-2023-02,1
84c35cdffffffff-2023-06,1
84c35cdffffffff-2023-09,8
84c35cdffffffff-2023-10,1
84c35d1ffffffff-2013-09,6
84c35d1ffffffff-2019-06,2
84c35d1ffffffff-2019-10,1
84c35d1ffffffff-2020-02,10
84c35d1ffffffff-2020-10,2
84c35d1ffffffff-2020-12,1
84c35d1ffffffff-2021-01,1
84c35d1ffffffff-2021-10,1
84c35d1ffffffff-2022-01,1
84c35d1ffffffff-2022-03,1
84c35d1ffffffff-2022-04,3
84c35d1ffffffff-2022-12,1
84c35d1ffffffff-2023-06,1
84c35d1ffffffff-2023-07,1
84c35d3ffffffff-2019-03,1
84c35d3ffffffff-2021-01,1
84c35d5ffffffff-2017-05,1
84c35d7ffffffff-2014-11,1
84c35d7ffffffff-2015-12,3
84c35d7ffffffff-2019-10,2
84c35d7ffffffff-2020-02,10
84c35d7ffffffff-2021-06,2
84c35d7ffffffff-2023-04,1
84c35d7ffffffff-2023-05,4
84c35d7ffffffff-2023-07,1
84c35d9ffffffff-2018-07,1
84c35d9ffffffff-2020-02,5
84c35d9ffffffff-2021-01,1
84c35d9ffffffff-2023-05,1
84c35d9ffffffff-2023-08,1
84c35dbffffffff-2021-01,2
84c35dbffffffff-2022-06,1
84c35ddffffffff-2015-11,1
84c35ddffffffff-2021-06,1
84c35ddffffffff-2023-07,1
84c35e9ffffffff-2018-06,1
84c35ebffffffff-2016-07,1
84c3601ffffffff-2015-06,1
84c3603ffffffff-2014-03,1
84c3603ffffffff-2019-02,2
84c3603ffffffff-2020-08,3
84c3603ffffffff-2021-12,7
84c3603ffffffff-2022-07,1
84c3603ffffffff-2022-09,3
84c3603ffffffff-2023-01,5
84c3603ffffffff-2023-07,4
84c3609ffffffff-2019-10,1
84c3609ffffffff-2021-09,3
84c3647ffffffff-2021-07,4
84c3647ffffffff-2022-10,12
84c364dffffffff-2013-10,1
84c364dffffffff-2016-04,1
84c364dffffffff-2018-09,1
84c364dffffffff-2019-02,2
84c364dffffffff-2020-03,4
84c364dffffffff-2020-07,1
84c364dffffffff-2020-09,1
84c364dffffffff-2020-10,2
84c364dffffffff-2020-11,1
84c364dffffffff-2021-01,1
84c364dffffffff-2021-02,2
84c364dffffffff-2021-04,1
84c364dffffffff-2021-06,1
84c364dffffffff-2021-09,1
84c364dffffffff-2021-11,1
84c364dffffffff-2023-05,1
84c364dffffffff-2023-08,2
84c364dffffffff-2023-10,3
84c3659ffffffff-2019-11,1
84c3659ffffffff-2023-05,1
84c3663ffffffff-2014-03,1
84c3663ffffffff-2015-01,1
84c3663ffffffff-2015-10,1
84c3663ffffffff-2016-03,1
84c3663ffffffff-2017-10,1
84c3663ffffffff-2018-07,1
84c3663ffffffff-2019-02,1
84c3663ffffffff-2019-03,10
84c3663ffffffff-2021-10,1
84c3663ffffffff-2021-11,2
84c3663ffffffff-2022-01,4
84c3663ffffffff-2022-03,4
84c3663ffffffff-2022-05,1
84c3663ffffffff-2023-11,2
84c3687ffffffff-2022-02,2
84c3687ffffffff-2022-10,1
84c36b1ffffffff-2018-07,1
84c36b1ffffffff-2018-08,2
84c36b3ffffffff-2023-07,2
84c36b5ffffffff-2015-08,1
84c36b5ffffffff-2017-04,6
84c36b5ffffffff-2018-07,2
84c36b5ffffffff-2018-11,1
84c36ddffffffff-2014-03,1
84c36ddffffffff-2020-04,1
84c36ddffffffff-2020-10,1
84c36ddffffffff-2023-09,1
84c3709ffffffff-2022-04,2
84c3709ffffffff-2023-10,1
84c3713ffffffff-2016-11,1
84c3713ffffffff-2019-06,1
84c3713ffffffff-2021-10,1
84c3713ffffffff-2023-01,1
84c3713ffffffff-2023-04,1
84c371bffffffff-2012-11,1
84c371bffffffff-2018-05,2
84c371dffffffff-2022-11,3
84c3729ffffffff-2018-08,2
84c3729ffffffff-2022-04,1
84c3739ffffffff-2023-06,2
84c3743ffffffff-2019-03,1
84c375dffffffff-2015-07,1
84c375dffffffff-2017-05,5
84c3767ffffffff-2016-10,1
84c3767ffffffff-2017-05,1
84c3767ffffffff-2018-03,1
84c3767ffffffff-2019-10,1
84c3767ffffffff-2020-12,1
84c3767ffffffff-2021-07,2
84c3767ffffffff-2021-12,6
84c3767ffffffff-2022-12,1
84c376dffffffff-2014-12,1
84c376dffffffff-2015-01,2
84c376dffffffff-2015-06,1
84c376dffffffff-2015-07,3
84c376dffffffff-2015-10,2
84c376dffffffff-2015-11,1
84c376dffffffff-2015-12,1
84c376dffffffff-2016-01,3
84c376dffffffff-2016-07,1
84c376dffffffff-2016-10,1
84c376dffffffff-2017-02,1
84c376dffffffff-2017-03,10
84c376dffffffff-2017-05,1
84c376dffffffff-2017-10,1
84c376dffffffff-2017-12,1
84c376dffffffff-2018-02,1
84c376dffffffff-2018-03,2
84c376dffffffff-2018-04,1
84c376dffffffff-2018-05,4
84c376dffffffff-2018-08,1
84c376dffffffff-2018-09,1
84c376dffffffff-2018-10,3
84c376dffffffff-2018-12,2
84c376dffffffff-2019-01,2
84c376dffffffff-2019-03,3
84c376dffffffff-2019-05,1
84c376dffffffff-2019-08,1
84c376dffffffff-2019-09,2
84c376dffffffff-2019-10,2
84c376dffffffff-2020-01,1
84c376dffffffff-2020-02,2
84c376dffffffff-2020-03,1
84c376dffffffff-2020-10,2
84c376dffffffff-2021-01,1
84c376dffffffff-2021-04,1
84c376dffffffff-2021-05,2
84c376dffffffff-2021-07,21
84c376dffffffff-2021-08,3
84c376dffffffff-2021-10,7
84c376dffffffff-2021-11,3
84c376dffffffff-2021-12,10
84c376dffffffff-2022-02,8
84c376dffffffff-2022-04,11
84c376dffffffff-2022-05,13
84c376dffffffff-2022-07,3
84c376dffffffff-2022-08,3
84c376dffffffff-2022-11,3
84c376dffffffff-2022-12,3
84c376dffffffff-2023-03,19
84c376dffffffff-2023-04,9
84c376dffffffff-2023-07,4
84c376dffffffff-2023-09,1
84c376dffffffff-2023-10,10
84c376dffffffff-2023-11,5
84ce121ffffffff-2018-12,1
84ce803ffffffff-2021-02,1
84ce807ffffffff-2017-10,1
84ce807ffffffff-2020-02,1
84ce807ffffffff-2021-01,1
84ce807ffffffff-2021-07,11
84ce807ffffffff-2022-12,2
84ce807ffffffff-2023-01,1
84ce807ffffffff-2023-05,4
84ce809ffffffff-2013-09,2
84ce809ffffffff-2013-10,3
84ce809ffffffff-2014-01,1
84ce809ffffffff-2014-11,2
84ce809ffffffff-2016-02,1
84ce809ffffffff-2016-03,2
84ce809ffffffff-2019-08,4
84ce809ffffffff-2019-09,3
84ce809ffffffff-2019-10,2
84ce809ffffffff-2019-12,4
84ce809ffffffff-2020-08,13
84ce809ffffffff-2020-09,2
84ce809ffffffff-2020-10,15
84ce809ffffffff-2020-11,6
84ce809ffffffff-2022-06,2
84ce809ffffffff-2023-07,11
84ce809ffffffff-2023-08,2
84ce809ffffffff-2023-09,4
84ce809ffffffff-2023-10,14
84ce809ffffffff-2023-11,14
84ce80bffffffff-2017-03,1
84ce80bffffffff-2020-06,1
84ce80bffffffff-2020-12,1
84ce80bffffffff-2021-01,2
84ce80bffffffff-2021-06,3
84ce80bffffffff-2022-09,2
84ce80bffffffff-2023-08,1
84ce80dffffffff-2019-09,2
84ce80dffffffff-2019-12,2
84ce80dffffffff-2020-02,4
84ce80dffffffff-2020-10,2
84ce80dffffffff-2022-10,1
84ce80dffffffff-2022-11,3
84ce80dffffffff-2023-02,1
84ce80dffffffff-2023-09,4
84ce80dffffffff-2023-10,12
84ce80dffffffff-2023-11,2
84ce81dffffffff-2013-01,1
84ce821ffffffff-2022-01,1
84ce821ffffffff-2023-10,1
84ce823ffffffff-2019-10,1
84ce823ffffffff-2020-01,3
84ce823ffffffff-2022-01,1
84ce823ffffffff-2023-10,1
84ce827ffffffff-2016-11,1
84ce827ffffffff-2019-04,2
84ce827ffffffff-2019-05,2
84ce827ffffffff-2019-11,2
84ce827ffffffff-2020-01,1
84ce827ffffffff-2020-03,1
84ce827ffffffff-2020-09,1
84ce827ffffffff-2021-04,2
84ce827ffffffff-2021-06,2
84ce827ffffffff-2021-07,2
84ce827ffffffff-2021-09,1
84ce827ffffffff-2021-12,1
84ce827ffffffff-2022-01,2
84ce827ffffffff-2022-02,1
84ce827ffffffff-2022-04,1
84ce827ffffffff-2022-08,1
84ce827ffffffff-2022-09,1
84ce827ffffffff-2023-02,5
84ce827ffffffff-2023-03,2
84ce827ffffffff-2023-04,2
84ce827ffffffff-2023-09,2
84ce827ffffffff-2023-10,6
84ce82bffffffff-2018-01,1
84ce82bffffffff-2018-09,1
84ce82bffffffff-2020-02,5
84ce82bffffffff-2020-03,1
84ce82bffffffff-2020-12,2
84ce82bffffffff-2022-09,2
84ce82bffffffff-2022-10,1
84ce82bffffffff-2023-02,2
84ce82bffffffff-2023-11,7
84ce831ffffffff-2023-10,4
84ce833ffffffff-2020-12,1
84ce835ffffffff-2016-11,1
84ce835ffffffff-2017-04,1
84ce835ffffffff-2017-06,1
84ce835ffffffff-2017-10,2
84ce835ffffffff-2019-09,2
84ce835ffffffff-2019-10,2
84ce835ffffffff-2019-12,1
84ce835ffffffff-2020-10,1
84ce835ffffffff-2023-10,1
84ce839ffffffff-2022-11,1
84ce83dffffffff-2016-02,1
84ce83dffffffff-2017-04,3
84ce83dffffffff-2019-10,3
84ce83dffffffff-2019-11,1
84ce83dffffffff-2020-02,2
84ce83dffffffff-2020-03,2
84ce83dffffffff-2021-01,3
84ce83dffffffff-2021-02,1
84ce83dffffffff-2021-06,1
84ce83dffffffff-2021-09,1
84ce83dffffffff-2021-12,2
84ce83dffffffff-2022-09,2
84ce83dffffffff-2022-10,3
84ce83dffffffff-2022-12,2
84ce83dffffffff-2023-01,2
84ce83dffffffff-2023-10,4
84ce83dffffffff-2023-11,6
84ce843ffffffff-2020-11,9
84ce847ffffffff-2019-10,6
84ce847ffffffff-2020-02,1
84ce847ffffffff-2020-10,8
84ce847ffffffff-2023-10,10
84ce847ffffffff-2023-11,2
84ce84bffffffff-2022-12,1
84ce855ffffffff-2020-02,1
84ce857ffffffff-2020-02,1
84ce85bffffffff-2012-03,1
84ce865ffffffff-2020-02,3
84ce865ffffffff-2022-10,3
84ce881ffffffff-2019-01,1
84ce8c7ffffffff-2023-07,9
84ce8c9ffffffff-2023-06,8
84ce909ffffffff-2021-11,3
84ce909ffffffff-2021-12,2
84ce909ffffffff-2022-09,3
84ce909ffffffff-2022-11,1
84ce909ffffffff-2023-01,2
84ce909ffffffff-2023-02,3
84ce909ffffffff-2023-11,5
84ce911ffffffff-2022-05,4
84ce913ffffffff-2020-01,2
84ce913ffffffff-2022-06,2
84ce913ffffffff-2022-10,2
84ce917ffffffff-2019-05,1
84ce917ffffffff-2019-06,2
84ce917ffffffff-2022-09,2
84ce917ffffffff-2023-04,1
84ce917ffffffff-2023-07,1
84ce91bffffffff-2022-01,1
84ce91bffffffff-2022-05,2
84ce931ffffffff-2015-05,1
84ce931ffffffff-2015-07,1
84ce931ffffffff-2018-03,2
84ce931ffffffff-2019-10,1
84ce931ffffffff-2021-03,3
84ce931ffffffff-2021-05,3
84ce931ffffffff-2021-10,1
84ce931ffffffff-2021-11,4
84ce931ffffffff-2021-12,2
84ce931ffffffff-2022-07,2
84ce931ffffffff-2022-10,1
84ce931ffffffff-2023-06,1
84ce931ffffffff-2023-07,3
84ce931ffffffff-2023-09,2
84ce931ffffffff-2023-10,5
84ce931ffffffff-2023-11,2
84ce933ffffffff-2015-06,1
84ce933ffffffff-2015-08,1
84ce933ffffffff-2019-04,1
84ce933ffffffff-2019-05,4
84ce933ffffffff-2021-07,3
84ce933ffffffff-2021-08,2
84ce933ffffffff-2021-09,2
84ce933ffffffff-2023-07,2
84ce933ffffffff-2023-09,4
84ce935ffffffff-2015-06,1
84ce935ffffffff-2015-07,3
84ce935ffffffff-2015-11,1
84ce935ffffffff-2016-07,1
84ce935ffffffff-2016-08,1
84ce935ffffffff-2016-10,1
84ce935ffffffff-2017-02,1
84ce935ffffffff-2018-05,2
84ce935ffffffff-2019-06,6
84ce935ffffffff-2019-12,2
84ce935ffffffff-2020-11,1
84ce935ffffffff-2021-03,1
84ce935ffffffff-2021-08,2
84ce935ffffffff-2022-04,2
84ce935ffffffff-2022-05,10
84ce935ffffffff-2022-06,9
84ce935ffffffff-2022-08,3
84ce935ffffffff-2022-09,2
84ce935ffffffff-2022-10,13
84ce935ffffffff-2023-01,1
84ce935ffffffff-2023-06,2
84ce935ffffffff-2023-10,7
84ce935ffffffff-2023-11,1
84ce937ffffffff-2012-08,1
84ce937ffffffff-2014-12,2
84ce937ffffffff-2015-07,3
84ce937ffffffff-2015-08,1
84ce937ffffffff-2015-11,1
84ce937ffffffff-2017-03,1
84ce937ffffffff-2017-10,2
84ce937ffffffff-2018-03,7
84ce937ffffffff-2018-05,1
84ce937ffffffff-2018-06,2
84ce937ffffffff-2018-08,1
84ce937ffffffff-2018-09,2
84ce937ffffffff-2018-10,1
84ce937ffffffff-2018-12,1
84ce937ffffffff-2019-02,2
84ce937ffffffff-2019-04,3
84ce937ffffffff-2019-05,4
84ce937ffffffff-2019-06,2
84ce937ffffffff-2019-07,1
84ce937ffffffff-2019-10,2
84ce937ffffffff-2019-11,1
84ce937ffffffff-2020-05,2
84ce937ffffffff-2020-10,3
84ce937ffffffff-2021-01,2
84ce937ffffffff-2021-03,4
84ce937ffffffff-2021-07,10
84ce937ffffffff-2021-08,1
84ce937ffffffff-2021-09,6
84ce937ffffffff-2021-10,9
84ce937ffffffff-2022-05,7
84ce937ffffffff-2022-06,9
84ce937ffffffff-2022-07,16
84ce937ffffffff-2022-08,8
84ce937ffffffff-2022-09,4
84ce937ffffffff-2022-10,6
84ce937ffffffff-2023-04,1
84ce937ffffffff-2023-05,2
84ce937ffffffff-2023-06,3
84ce937ffffffff-2023-07,4
84ce937ffffffff-2023-08,4
84ce937ffffffff-2023-09,1
84ce937ffffffff-2023-10,8
84ce937ffffffff-2023-11,3
84ce93bffffffff-2014-12,1
84ce93bffffffff-2019-05,2
84ce93bffffffff-2021-05,2
84ce93bffffffff-2022-10,3
84ce93bffffffff-2023-05,1
84ce943ffffffff-2021-09,1
84ce943ffffffff-2021-10,2
84ce94dffffffff-2012-10,1
84ce955ffffffff-2016-02,1
84ce955ffffffff-2017-11,2
84ce955ffffffff-2017-12,10
84ce955ffffffff-2018-10,4
84ce969ffffffff-2020-12,1
84ce96dffffffff-2021-11,7
84ce96dffffffff-2023-03,5
84ce96dffffffff-2023-05,1
84ce981ffffffff-2017-04,1
84ce981ffffffff-2019-10,2
84ce981ffffffff-2021-03,1
84ce981ffffffff-2021-04,1
84ce981ffffffff-2021-07,2
84ce983ffffffff-2017-03,1
84ce983ffffffff-2017-05,7
84ce983ffffffff-2017-09,1
84ce983ffffffff-2018-04,3
84ce983ffffffff-2018-09,1
84ce983ffffffff-2019-01,7
84ce983ffffffff-2019-02,4
84ce983ffffffff-2019-06,1
84ce983ffffffff-2019-09,2
84ce983ffffffff-2019-10,3
84ce983ffffffff-2019-11,1
84ce983ffffffff-2020-02,2
84ce983ffffffff-2020-03,2
84ce983ffffffff-2020-10,10
84ce983ffffffff-2020-11,5
84ce983ffffffff-2020-12,3
84ce983ffffffff-2021-02,4
84ce983ffffffff-2021-03,3
84ce983ffffffff-2021-04,3
84ce983ffffffff-2021-06,2
84ce983ffffffff-2021-07,3
84ce983ffffffff-2021-08,3
84ce983ffffffff-2021-09,3
84ce983ffffffff-2021-10,2
84ce983ffffffff-2021-11,2
84ce983ffffffff-2021-12,2
84ce983ffffffff-2022-03,2
84ce983ffffffff-2022-05,1
84ce983ffffffff-2022-08,1
84ce983ffffffff-2022-09,2
84ce983ffffffff-2022-12,3
84ce983ffffffff-2023-03,1
84ce983ffffffff-2023-04,1
84ce983ffffffff-2023-09,3
84ce983ffffffff-2023-10,1
84ce985ffffffff-2018-05,4
84ce987ffffffff-2018-09,1
84ce987ffffffff-2020-03,1
84ce989ffffffff-2014-11,1
84ce989ffffffff-2015-04,1
84ce989ffffffff-2015-05,6
84ce989ffffffff-2015-06,4
84ce989ffffffff-2015-07,6
84ce989ffffffff-2015-08,3
84ce989ffffffff-2015-09,1
84ce989ffffffff-2015-10,7
84ce989ffffffff-2015-11,3
84ce989ffffffff-2016-03,1
84ce989ffffffff-2016-04,2
84ce989ffffffff-2016-05,7
84ce989ffffffff-2016-10,11
84ce989ffffffff-2017-02,1
84ce989ffffffff-2017-04,3
84ce989ffffffff-2017-05,14
84ce989ffffffff-2017-06,9
84ce989ffffffff-2017-07,2
84ce989ffffffff-2017-08,2
84ce989ffffffff-2017-09,3
84ce989ffffffff-2017-12,3
84ce989ffffffff-2018-04,1
84ce989ffffffff-2018-05,1
84ce989ffffffff-2018-06,6
84ce989ffffffff-2018-07,4
84ce989ffffffff-2018-08,7
84ce989ffffffff-2018-09,4
84ce989ffffffff-2018-10,8
84ce989ffffffff-2019-03,2
84ce989ffffffff-2019-04,2
84ce989ffffffff-2019-05,13
84ce989ffffffff-2019-06,4
84ce989ffffffff-2019-07,6
84ce989ffffffff-2019-09,30
84ce989ffffffff-2019-10,9
84ce989ffffffff-2019-11,1
84ce989ffffffff-2019-12,2
84ce989ffffffff-2020-01,1
84ce989ffffffff-2020-02,4
84ce989ffffffff-2020-03,5
84ce989ffffffff-2020-04,2
84ce989ffffffff-2020-05,1
84ce989ffffffff-2020-06,1
84ce989ffffffff-2020-07,4
84ce989ffffffff-2020-08,7
84ce989ffffffff-2020-09,1
84ce989ffffffff-2020-10,5
84ce989ffffffff-2020-11,4
84ce989ffffffff-2021-01,8
84ce989ffffffff-2021-02,5
84ce989ffffffff-2021-03,1
84ce989ffffffff-2021-04,2
84ce989ffffffff-2021-05,7
84ce989ffffffff-2021-06,2
84ce989ffffffff-2021-07,22
84ce989ffffffff-2021-08,3
84ce989ffffffff-2021-09,1
84ce989ffffffff-2021-10,6
84ce989ffffffff-2021-11,2
84ce989ffffffff-2022-03,2
84ce989ffffffff-2022-04,10
84ce989ffffffff-2022-05,4
84ce989ffffffff-2022-06,1
84ce989ffffffff-2022-08,1
84ce989ffffffff-2022-10,8
84ce989ffffffff-2023-01,2
84ce989ffffffff-2023-05,1
84ce989ffffffff-2023-09,2
84ce989ffffffff-2023-10,2
84ce98bffffffff-2019-03,3
84ce98dffffffff-2017-10,1
84ce98dffffffff-2018-05,4
84ce98dffffffff-2018-09,1
84ce98dffffffff-2018-10,4
84ce98dffffffff-2019-02,2
84ce98dffffffff-2019-03,1
84ce98dffffffff-2019-04,2
84ce98dffffffff-2019-05,5
84ce98dffffffff-2019-06,2
84ce98dffffffff-2019-10,2
84ce98dffffffff-2019-11,1
84ce98dffffffff-2020-02,5
84ce98dffffffff-2020-05,2
84ce98dffffffff-2020-07,2
84ce98dffffffff-2020-08,2
84ce98dffffffff-2020-09,5
84ce98dffffffff-2020-10,3
84ce98dffffffff-2020-11,1
84ce98dffffffff-2021-01,2
84ce98dffffffff-2021-02,5
84ce98dffffffff-2021-03,2
84ce98dffffffff-2021-04,1
84ce98dffffffff-2021-05,6
84ce98dffffffff-2021-07,5
84ce98dffffffff-2021-09,4
84ce98dffffffff-2021-10,3
84ce98dffffffff-2022-02,1
84ce98dffffffff-2022-05,1
84ce98dffffffff-2022-09,1
84ce98dffffffff-2022-10,2
84ce98dffffffff-2023-04,1
84ce98dffffffff-2023-05,1
84ce98dffffffff-2023-08,1
84ce98dffffffff-2023-11,2
84ce995ffffffff-2019-05,4
84ce995ffffffff-2020-02,1
84ce995ffffffff-2020-03,1
84ce995ffffffff-2020-11,5
84ce995ffffffff-2020-12,1
84ce995ffffffff-2021-02,1
84ce995ffffffff-2022-02,1
84ce995ffffffff-2023-02,2
84ce997ffffffff-2022-02,1
84ce997ffffffff-2022-04,2
84ce997ffffffff-2023-01,1
84ce9a9ffffffff-2021-08,2
84ce9abffffffff-2019-05,1
84ce9b1ffffffff-2023-01,1
84ce9b3ffffffff-2020-02,1
84ce9b5ffffffff-2012-04,2
84ce9b5ffffffff-2012-11,1
84ce9b5ffffffff-2013-10,1
84ce9b5ffffffff-2013-12,1
84ce9b5ffffffff-2014-12,1
84ce9b5ffffffff-2015-02,1
84ce9b5ffffffff-2016-01,3
84ce9b5ffffffff-2016-10,1
84ce9b5ffffffff-2017-10,1
84ce9b5ffffffff-2017-11,4
84ce9b5ffffffff-2018-02,1
84ce9b5ffffffff-2018-03,2
84ce9b5ffffffff-2018-10,4
84ce9b5ffffffff-2018-12,1
84ce9b5ffffffff-2019-01,2
84ce9b5ffffffff-2019-11,1
84ce9b5ffffffff-2020-01,1
84ce9b5ffffffff-2021-01,24
84ce9b5ffffffff-2021-02,3
84ce9b5ffffffff-2021-03,6
84ce9b5ffffffff-2021-10,1
84ce9b5ffffffff-2022-01,9
84ce9b5ffffffff-2022-10,1
84ce9b5ffffffff-2022-12,2
84ce9b5ffffffff-2023-03,6
84ce9b5ffffffff-2023-11,1
84ce9bbffffffff-2020-01,1
84ce9bbffffffff-2020-02,2
84ce9bbffffffff-2022-02,1
84ce9bdffffffff-2015-04,1
84ce9bdffffffff-2015-05,2
84ce9bdffffffff-2016-07,1
84ce9bdffffffff-2017-04,1
84ce9bdffffffff-2017-05,4
84ce9bdffffffff-2017-11,1
84ce9bdffffffff-2018-05,9
84ce9bdffffffff-2018-06,1
84ce9bdffffffff-2019-03,1
84ce9bdffffffff-2019-04,1
84ce9bdffffffff-2019-05,2
84ce9bdffffffff-2020-02,2
84ce9bdffffffff-2020-03,1
84ce9bdffffffff-2020-05,1
84ce9bdffffffff-2021-01,2
84ce9c1ffffffff-2018-05,3
84ce9c3ffffffff-2013-11,1
84ce9c3ffffffff-2014-11,1
84ce9c3ffffffff-2015-06,1
84ce9c3ffffffff-2015-09,1
84ce9c3ffffffff-2015-10,1
84ce9c3ffffffff-2016-03,2
84ce9c3ffffffff-2016-11,2
84ce9c3ffffffff-2017-02,1
84ce9c3ffffffff-2017-04,1
84ce9c3ffffffff-2017-10,1
84ce9c3ffffffff-2017-11,3
84ce9c3ffffffff-2018-03,1
84ce9c3ffffffff-2018-04,3
84ce9c3ffffffff-2018-05,3
84ce9c3ffffffff-2018-09,2
84ce9c3ffffffff-2018-10,3
84ce9c3ffffffff-2018-11,2
84ce9c3ffffffff-2019-01,1
84ce9c3ffffffff-2019-02,6
84ce9c3ffffffff-2019-04,3
84ce9c3ffffffff-2019-10,1
84ce9c3ffffffff-2019-12,7
84ce9c3ffffffff-2020-02,8
84ce9c3ffffffff-2021-02,4
84ce9c3ffffffff-2021-03,6
84ce9c3ffffffff-2021-08,1
84ce9c3ffffffff-2021-10,9
84ce9c3ffffffff-2021-11,2
84ce9c3ffffffff-2021-12,11
84ce9c3ffffffff-2022-01,1
84ce9c3ffffffff-2022-02,4
84ce9c3ffffffff-2022-03,3
84ce9c3ffffffff-2022-04,2
84ce9c3ffffffff-2022-10,2
84ce9c3ffffffff-2022-11,2
84ce9c3ffffffff-2023-01,3
84ce9c3ffffffff-2023-02,3
84ce9c3ffffffff-2023-05,4
84ce9c3ffffffff-2023-06,1
84ce9c3ffffffff-2023-10,2
84ce9c3ffffffff-2023-11,1
84ce9c7ffffffff-2012-04,1
84ce9c7ffffffff-2013-08,1
84ce9c7ffffffff-2013-11,1
84ce9c7ffffffff-2015-05,1
84ce9c7ffffffff-2015-06,2
84ce9c7ffffffff-2015-09,1
84ce9c7ffffffff-2015-10,2
84ce9c7ffffffff-2015-11,2
84ce9c7ffffffff-2015-12,1
84ce9c7ffffffff-2016-10,2
84ce9c7ffffffff-2016-11,1
84ce9c7ffffffff-2017-05,5
84ce9c7ffffffff-2017-06,2
84ce9c7ffffffff-2017-07,2
84ce9c7ffffffff-2017-10,14
84ce9c7ffffffff-2017-11,9
84ce9c7ffffffff-2017-12,3
84ce9c7ffffffff-2018-04,4
84ce9c7ffffffff-2018-05,14
84ce9c7ffffffff-2018-06,3
84ce9c7ffffffff-2018-07,3
84ce9c7ffffffff-2018-08,8
84ce9c7ffffffff-2018-09,6
84ce9c7ffffffff-2018-10,2
84ce9c7ffffffff-2018-11,1
84ce9c7ffffffff-2019-01,3
84ce9c7ffffffff-2019-02,5
84ce9c7ffffffff-2019-03,2
84ce9c7ffffffff-2019-04,6
84ce9c7ffffffff-2019-05,11
84ce9c7ffffffff-2019-06,4
84ce9c7ffffffff-2019-08,11
84ce9c7ffffffff-2019-09,19
84ce9c7ffffffff-2019-10,10
84ce9c7ffffffff-2019-11,9
84ce9c7ffffffff-2020-01,1
84ce9c7ffffffff-2020-02,9
84ce9c7ffffffff-2020-03,1
84ce9c7ffffffff-2020-07,2
84ce9c7ffffffff-2020-09,1
84ce9c7ffffffff-2020-10,8
84ce9c7ffffffff-2020-11,6
84ce9c7ffffffff-2021-01,4
84ce9c7ffffffff-2021-02,2
84ce9c7ffffffff-2021-03,9
84ce9c7ffffffff-2021-04,7
84ce9c7ffffffff-2021-05,5
84ce9c7ffffffff-2021-07,10
84ce9c7ffffffff-2021-08,18
84ce9c7ffffffff-2021-09,18
84ce9c7ffffffff-2021-10,11
84ce9c7ffffffff-2022-01,17
84ce9c7ffffffff-2022-02,2
84ce9c7ffffffff-2022-03,2
84ce9c7ffffffff-2022-04,2
84ce9c7ffffffff-2022-05,5
84ce9c7ffffffff-2022-09,4
84ce9c7ffffffff-2022-10,3
84ce9c7ffffffff-2022-12,2
84ce9c7ffffffff-2023-01,7
84ce9c7ffffffff-2023-02,4
84ce9c7ffffffff-2023-03,13
84ce9c7ffffffff-2023-04,2
84ce9c7ffffffff-2023-05,4
84ce9c7ffffffff-2023-06,1
84ce9c7ffffffff-2023-09,2
84ce9c7ffffffff-2023-10,12
84ce9c7ffffffff-2023-11,13
84ce9c9ffffffff-2017-10,1
84ce9c9ffffffff-2018-06,2
84ce9c9ffffffff-2018-11,2
84ce9c9ffffffff-2021-01,1
84ce9cdffffffff-2018-08,1
84ce9cdffffffff-2020-02,2
84ce9cdffffffff-2021-10,1
84ce9cdffffffff-2022-10,1
84ce9cdffffffff-2022-11,1
84ce9cdffffffff-2022-12,1
84ce9cdffffffff-2023-02,1
84ce9cdffffffff-2023-04,1
84ce9cdffffffff-2023-09,1
84ce9cdffffffff-2023-11,1
84ce9d1ffffffff-2019-10,1
84ce9d1ffffffff-2020-12,1
84ce9d1ffffffff-2023-10,6
84ce9d5ffffffff-2023-10,1
84ce9d7ffffffff-2019-07,3
84ce9d7ffffffff-2019-08,1
84ce9d7ffffffff-2020-08,1
84ce9d7ffffffff-2021-08,1
84ce9d7ffffffff-2021-09,1
84ce9d7ffffffff-2021-11,9
84ce9d7ffffffff-2022-11,2
84ce9d7ffffffff-2023-07,3
84ce9d7ffffffff-2023-08,3
84ce9d7ffffffff-2023-09,3
84ce9d7ffffffff-2023-10,11
84ce9d7ffffffff-2023-11,1
84ce9d9ffffffff-2021-02,1
84ce9ddffffffff-2014-12,1
84ce9ddffffffff-2015-09,1
84ce9ddffffffff-2016-11,2
84ce9ddffffffff-2020-03,5
84ce9ddffffffff-2020-09,1
84ce9ddffffffff-2021-07,3
84ce9ddffffffff-2021-09,1
84ce9ddffffffff-2021-10,1
84ce9ddffffffff-2021-11,19
84ce9ddffffffff-2022-01,3
84ce9ddffffffff-2022-02,1
84ce9ddffffffff-2022-09,1
84ce9ddffffffff-2022-10,2
84ce9ddffffffff-2023-01,4
84ce9ddffffffff-2023-05,1
84ce9ddffffffff-2023-10,4
84ce9ddffffffff-2023-11,1
84ce9e3ffffffff-2017-10,4
84ce9e3ffffffff-2018-08,1
84ce9e3ffffffff-2018-09,1
84ce9e3ffffffff-2018-10,3
84ce9e3ffffffff-2018-11,2
84ce9e3ffffffff-2019-08,1
84ce9e3ffffffff-2019-09,2
84ce9e3ffffffff-2019-10,1
84ce9e3ffffffff-2019-11,1
84ce9e3ffffffff-2020-08,1
84ce9e3ffffffff-2020-09,2
84ce9e3ffffffff-2020-10,6
84ce9e3ffffffff-2020-11,1
84ce9e3ffffffff-2021-01,1
84ce9e3ffffffff-2021-07,1
84ce9e3ffffffff-2021-08,1
84ce9e3ffffffff-2021-09,2
84ce9e3ffffffff-2021-10,2
84ce9e3ffffffff-2022-10,1
84ce9e3ffffffff-2023-02,1
84ce9e3ffffffff-2023-04,1
84ce9e3ffffffff-2023-05,1
84ce9e3ffffffff-2023-09,1
84ce9e3ffffffff-2023-10,2
84ce9e5ffffffff-2018-05,6
84ce9ebffffffff-2021-07,1
84ce9ebffffffff-2021-10,3
84ce9edffffffff-2022-07,1
84ce9edffffffff-2022-09,1
84ce9edffffffff-2022-10,1
84cea05ffffffff-2014-11,1
84cea05ffffffff-2016-01,1
84cea05ffffffff-2016-12,1
84cea05ffffffff-2017-07,1
84cea05ffffffff-2018-09,1
84cea05ffffffff-2019-11,2
84cea05ffffffff-2019-12,2
84cea05ffffffff-2020-01,1
84cea05ffffffff-2020-12,2
84cea05ffffffff-2021-09,1
84cea05ffffffff-2021-10,1
84cea05ffffffff-2022-05,1
84cea05ffffffff-2022-07,3
84cea05ffffffff-2022-10,1
84cea05ffffffff-2022-11,1
84cea05ffffffff-2023-05,3
84cea05ffffffff-2023-10,1
84cea07ffffffff-2012-03,1
84cea07ffffffff-2012-09,1
84cea07ffffffff-2013-07,2
84cea07ffffffff-2013-09,2
84cea07ffffffff-2013-10,1
84cea07ffffffff-2014-05,1
84cea07ffffffff-2014-07,2
84cea07ffffffff-2014-10,1
84cea07ffffffff-2015-02,1
84cea07ffffffff-2015-06,1
84cea07ffffffff-2015-07,1
84cea07ffffffff-2015-11,3
84cea07ffffffff-2016-09,1
84cea07ffffffff-2016-11,2
84cea07ffffffff-2016-12,1
84cea07ffffffff-2017-09,5
84cea07ffffffff-2018-05,1
84cea07ffffffff-2018-07,1
84cea07ffffffff-2018-08,1
84cea07ffffffff-2018-10,4
84cea07ffffffff-2018-11,1
84cea07ffffffff-2018-12,1
84cea07ffffffff-2019-02,5
84cea07ffffffff-2019-03,2
84cea07ffffffff-2019-06,1
84cea07ffffffff-2019-10,6
84cea07ffffffff-2019-11,1
84cea07ffffffff-2019-12,1
84cea07ffffffff-2020-01,3
84cea07ffffffff-2020-07,3
84cea07ffffffff-2020-08,6
84cea07ffffffff-2020-09,2
84cea07ffffffff-2020-10,15
84cea07ffffffff-2021-03,1
84cea07ffffffff-2021-05,4
84cea07ffffffff-2021-07,7
84cea07ffffffff-2021-08,5
84cea07ffffffff-2021-09,11
84cea07ffffffff-2021-10,19
84cea07ffffffff-2021-11,13
84cea07ffffffff-2021-12,6
84cea07ffffffff-2022-01,4
84cea07ffffffff-2022-02,2
84cea07ffffffff-2022-04,1
84cea07ffffffff-2022-05,6
84cea07ffffffff-2022-07,3
84cea07ffffffff-2022-08,21
84cea07ffffffff-2022-09,31
84cea07ffffffff-2022-10,13
84cea07ffffffff-2022-11,9
84cea07ffffffff-2022-12,1
84cea07ffffffff-2023-01,7
84cea07ffffffff-2023-02,2
84cea07ffffffff-2023-06,2
84cea07ffffffff-2023-07,5
84cea07ffffffff-2023-08,5
84cea07ffffffff-2023-09,6
84cea07ffffffff-2023-10,10
84cea07ffffffff-2023-11,1
84cea0dffffffff-2023-01,2
84cea17ffffffff-2020-07,1
84cea17ffffffff-2021-06,2
84cea17ffffffff-2023-08,11
84cea17ffffffff-2023-09,1
84cea21ffffffff-2022-08,2
84cea21ffffffff-2023-02,1
84cea25ffffffff-2012-11,1
84cea25ffffffff-2013-11,1
84cea25ffffffff-2016-12,2
84cea25ffffffff-2018-12,1
84cea25ffffffff-2019-10,2
84cea25ffffffff-2021-11,1
84cea25ffffffff-2021-12,1
84cea25ffffffff-2022-12,1
84cea27ffffffff-2019-05,1
84cea27ffffffff-2019-12,2
84cea27ffffffff-2020-01,2
84cea27ffffffff-2020-05,1
84cea27ffffffff-2020-08,2
84cea27ffffffff-2021-07,1
84cea27ffffffff-2021-10,1
84cea27ffffffff-2022-08,2
84cea27ffffffff-2022-12,1
84cea29ffffffff-2013-12,1
84cea29ffffffff-2014-07,3
84cea29ffffffff-2015-02,1
84cea29ffffffff-2015-07,2
84cea29ffffffff-2016-02,2
84cea29ffffffff-2016-07,1
84cea29ffffffff-2016-09,1
84cea29ffffffff-2016-10,1
84cea29ffffffff-2016-12,1
84cea29ffffffff-2017-02,1
84cea29ffffffff-2018-07,1
84cea29ffffffff-2018-11,1
84cea29ffffffff-2022-10,2
84cea2bffffffff-2012-08,1
84cea2bffffffff-2012-09,1
84cea2bffffffff-2013-07,1
84cea2bffffffff-2014-02,1
84cea2bffffffff-2014-07,2
84cea2bffffffff-2014-08,1
84cea2bffffffff-2015-02,1
84cea2bffffffff-2015-05,1
84cea2bffffffff-2015-11,1
84cea2bffffffff-2016-02,4
84cea2bffffffff-2016-05,1
84cea2bffffffff-2016-10,1
84cea2bffffffff-2017-02,1
84cea2bffffffff-2017-03,1
84cea2bffffffff-2017-04,1
84cea2bffffffff-2020-01,1
84cea2bffffffff-2020-10,3
84cea2bffffffff-2021-03,1
84cea2bffffffff-2021-07,2
84cea2bffffffff-2021-10,2
84cea2bffffffff-2021-12,2
84cea2bffffffff-2022-10,3
84cea2bffffffff-2023-01,1
84cea2bffffffff-2023-02,1
84cea2bffffffff-2023-05,2
84cea2bffffffff-2023-11,1
84cea31ffffffff-2016-09,2
84cea31ffffffff-2021-11,1
84cea31ffffffff-2022-09,3
84cea31ffffffff-2023-01,1
84cea35ffffffff-2012-01,1
84cea35ffffffff-2014-12,1
84cea35ffffffff-2015-01,2
84cea35ffffffff-2017-01,1
84cea35ffffffff-2019-12,1
84cea35ffffffff-2021-07,2
84cea35ffffffff-2021-08,1
84cea35ffffffff-2021-10,2
84cea35ffffffff-2021-11,1
84cea35ffffffff-2021-12,2
84cea35ffffffff-2022-01,4
84cea35ffffffff-2022-05,1
84cea37ffffffff-2015-11,1
84cea37ffffffff-2020-10,1
84cea37ffffffff-2021-10,1
84cea37ffffffff-2022-10,1
84cea39ffffffff-2019-11,1
84cea3dffffffff-2012-12,1
84cea3dffffffff-2013-03,1
84cea3dffffffff-2013-07,2
84cea3dffffffff-2013-09,1
84cea3dffffffff-2013-10,2
84cea3dffffffff-2014-07,3
84cea3dffffffff-2014-11,1
84cea3dffffffff-2014-12,1
84cea3dffffffff-2015-05,1
84cea3dffffffff-2015-07,1
84cea3dffffffff-2015-09,4
84cea3dffffffff-2015-10,8
84cea3dffffffff-2015-11,3
84cea3dffffffff-2015-12,4
84cea3dffffffff-2016-06,1
84cea3dffffffff-2016-09,1
84cea3dffffffff-2017-01,1
84cea3dffffffff-2017-02,1
84cea3dffffffff-2017-09,3
84cea3dffffffff-2018-12,1
84cea3dffffffff-2019-11,1
84cea3dffffffff-2019-12,1
84cea3dffffffff-2020-09,5
84cea3dffffffff-2020-10,5
84cea3dffffffff-2020-11,1
84cea3dffffffff-2021-09,1
84cea3dffffffff-2021-10,2
84cea3dffffffff-2022-03,1
84cea3dffffffff-2022-09,1
84cea3dffffffff-2022-10,7
84cea3dffffffff-2022-11,4
84cea3dffffffff-2022-12,2
84cea3dffffffff-2023-01,9
84cea3dffffffff-2023-08,1
84cea3dffffffff-2023-09,2
84cea3dffffffff-2023-11,1
84cea41ffffffff-2023-01,1
84cea43ffffffff-2018-02,1
84cea43ffffffff-2019-04,1
84cea43ffffffff-2021-11,1
84cea43ffffffff-2022-05,1
84cea43ffffffff-2023-02,1
84cea49ffffffff-2016-01,2
84cea4bffffffff-2015-09,1
84cea67ffffffff-2018-02,1
84cea69ffffffff-2019-11,1
84cea69ffffffff-2021-09,1
84cea6bffffffff-2012-10,1
84cea6bffffffff-2019-01,1
84cea6bffffffff-2020-01,1
84cea85ffffffff-2012-02,1
84cea85ffffffff-2013-10,1
84cea85ffffffff-2014-04,2
84cea85ffffffff-2015-01,3
84cea85ffffffff-2015-05,1
84cea85ffffffff-2015-08,1
84cea85ffffffff-2015-10,1
84cea85ffffffff-2015-11,2
84cea85ffffffff-2015-12,1
84cea85ffffffff-2016-03,1
84cea85ffffffff-2016-04,7
84cea85ffffffff-2016-05,3
84cea85ffffffff-2016-09,2
84cea85ffffffff-2017-03,3
84cea85ffffffff-2017-04,1
84cea85ffffffff-2017-05,2
84cea85ffffffff-2017-07,1
84cea85ffffffff-2017-10,2
84cea85ffffffff-2018-01,2
84cea85ffffffff-2018-02,2
84cea85ffffffff-2018-03,1
84cea85ffffffff-2018-05,6
84cea85ffffffff-2018-07,1
84cea85ffffffff-2018-08,1
84cea85ffffffff-2018-10,3
84cea85ffffffff-2019-01,1
84cea85ffffffff-2019-02,4
84cea85ffffffff-2019-03,1
84cea85ffffffff-2019-04,4
84cea85ffffffff-2019-05,40
84cea85ffffffff-2019-06,7
84cea85ffffffff-2019-07,15
84cea85ffffffff-2019-08,1
84cea85ffffffff-2019-09,11
84cea85ffffffff-2019-10,4
84cea85ffffffff-2019-11,1
84cea85ffffffff-2019-12,10
84cea85ffffffff-2020-01,8
84cea85ffffffff-2020-02,11
84cea85ffffffff-2020-03,3
84cea85ffffffff-2020-04,2
84cea85ffffffff-2020-05,2
84cea85ffffffff-2020-06,1
84cea85ffffffff-2020-08,2
84cea85ffffffff-2020-09,3
84cea85ffffffff-2020-10,4
84cea85ffffffff-2020-11,2
84cea85ffffffff-2020-12,3
84cea85ffffffff-2021-01,1
84cea85ffffffff-2021-03,3
84cea85ffffffff-2021-05,8
84cea85ffffffff-2021-06,9
84cea85ffffffff-2021-07,23
84cea85ffffffff-2021-08,3
84cea85ffffffff-2021-09,7
84cea85ffffffff-2021-10,7
84cea85ffffffff-2021-11,3
84cea85ffffffff-2022-01,8
84cea85ffffffff-2022-02,5
84cea85ffffffff-2022-03,20
84cea85ffffffff-2022-04,25
84cea85ffffffff-2022-05,36
84cea85ffffffff-2022-06,18
84cea85ffffffff-2022-07,18
84cea85ffffffff-2022-09,3
84cea85ffffffff-2022-10,10
84cea85ffffffff-2022-11,2
84cea85ffffffff-2022-12,3
84cea85ffffffff-2023-01,13
84cea85ffffffff-2023-02,19
84cea85ffffffff-2023-03,15
84cea85ffffffff-2023-04,43
84cea85ffffffff-2023-05,1
84cea85ffffffff-2023-06,25
84cea85ffffffff-2023-07,29
84cea85ffffffff-2023-08,5
84cea85ffffffff-2023-09,5
84cea85ffffffff-2023-10,13
84cea87ffffffff-2022-06,3
84cea89ffffffff-2019-05,1
84cea89ffffffff-2023-01,1
84cea89ffffffff-2023-04,1
84cea8dffffffff-2012-07,1
84cea8dffffffff-2013-07,1
84cea8dffffffff-2013-10,8
84cea8dffffffff-2014-04,1
84cea8dffffffff-2014-07,1
84cea8dffffffff-2014-08,2
84cea8dffffffff-2015-05,1
84cea8dffffffff-2015-08,1
84cea8dffffffff-2016-02,2
84cea8dffffffff-2016-03,1
84cea8dffffffff-2016-05,1
84cea8dffffffff-2016-07,1
84cea8dffffffff-2016-08,1
84cea8dffffffff-2016-11,1
84cea8dffffffff-2017-03,4
84cea8dffffffff-2017-05,2
84cea8dffffffff-2017-07,5
84cea8dffffffff-2018-02,1
84cea8dffffffff-2018-03,2
84cea8dffffffff-2018-05,17
84cea8dffffffff-2018-07,8
84cea8dffffffff-2018-08,8
84cea8dffffffff-2018-09,1
84cea8dffffffff-2018-12,3
84cea8dffffffff-2019-01,2
84cea8dffffffff-2019-02,3
84cea8dffffffff-2019-03,11
84cea8dffffffff-2019-05,12
84cea8dffffffff-2019-06,15
84cea8dffffffff-2019-07,10
84cea8dffffffff-2019-08,5
84cea8dffffffff-2020-01,1
84cea8dffffffff-2020-02,5
84cea8dffffffff-2020-05,2
84cea8dffffffff-2020-06,4
84cea8dffffffff-2020-09,4
84cea8dffffffff-2021-03,3
84cea8dffffffff-2021-04,3
84cea8dffffffff-2021-05,16
84cea8dffffffff-2021-06,8
84cea8dffffffff-2021-07,17
84cea8dffffffff-2021-08,2
84cea8dffffffff-2021-10,2
84cea8dffffffff-2021-11,1
84cea8dffffffff-2022-01,5
84cea8dffffffff-2022-02,1
84cea8dffffffff-2022-03,6
84cea8dffffffff-2022-04,4
84cea8dffffffff-2022-05,12
84cea8dffffffff-2022-06,15
84cea8dffffffff-2022-07,3
84cea8dffffffff-2022-08,2
84cea8dffffffff-2022-09,1
84cea8dffffffff-2022-12,1
84cea8dffffffff-2023-02,3
84cea8dffffffff-2023-04,12
84cea8dffffffff-2023-05,24
84cea8dffffffff-2023-06,3
84cea8dffffffff-2023-07,50
84cea8dffffffff-2023-08,3
84cea8dffffffff-2023-09,3
84ceaa7ffffffff-2017-11,1
84ceaa7ffffffff-2023-06,3
84ceaa9ffffffff-2017-10,1
84ceaa9ffffffff-2019-01,1
84ceaa9ffffffff-2021-10,1
84ceaa9ffffffff-2021-11,1
84ceaa9ffffffff-2021-12,1
84ceaa9ffffffff-2023-06,1
84ceac1ffffffff-2023-01,2
84ceac1ffffffff-2023-04,3
84ceac1ffffffff-2023-08,2
84ceac5ffffffff-2013-04,1
84ceac5ffffffff-2017-05,2
84ceac5ffffffff-2017-07,3
84ceac5ffffffff-2018-05,1
84ceac5ffffffff-2018-06,1
84ceac5ffffffff-2018-07,1
84ceac5ffffffff-2019-07,1
84ceac5ffffffff-2020-02,1
84ceac5ffffffff-2020-06,1
84ceac5ffffffff-2020-07,1
84ceac5ffffffff-2020-10,1
84ceac5ffffffff-2022-03,3
84ceac5ffffffff-2022-07,6
84ceac5ffffffff-2023-01,1
84ceac5ffffffff-2023-03,1
84ceac5ffffffff-2023-05,3
84ceac5ffffffff-2023-06,2
84ceac5ffffffff-2023-07,15
84ceac5ffffffff-2023-09,3
84ceac7ffffffff-2012-01,2
84ceac7ffffffff-2014-05,1
84ceac7ffffffff-2016-02,2
84ceac7ffffffff-2016-05,1
84ceac7ffffffff-2017-01,3
84ceac7ffffffff-2017-02,2
84ceac7ffffffff-2017-06,1
84ceac7ffffffff-2017-07,11
84ceac7ffffffff-2017-08,2
84ceac7ffffffff-2018-05,4
84ceac7ffffffff-2018-06,1
84ceac7ffffffff-2018-08,2
84ceac7ffffffff-2019-02,1
84ceac7ffffffff-2019-04,1
84ceac7ffffffff-2019-05,3
84ceac7ffffffff-2019-06,1
84ceac7ffffffff-2019-08,1
84ceac7ffffffff-2020-03,3
84ceac7ffffffff-2020-04,2
84ceac7ffffffff-2020-05,8
84ceac7ffffffff-2020-06,2
84ceac7ffffffff-2020-07,1
84ceac7ffffffff-2020-10,2
84ceac7ffffffff-2021-04,13
84ceac7ffffffff-2021-05,3
84ceac7ffffffff-2021-06,4
84ceac7ffffffff-2021-07,8
84ceac7ffffffff-2021-08,3
84ceac7ffffffff-2021-11,2
84ceac7ffffffff-2021-12,2
84ceac7ffffffff-2022-01,1
84ceac7ffffffff-2022-02,1
84ceac7ffffffff-2022-03,8
84ceac7ffffffff-2022-04,1
84ceac7ffffffff-2022-05,4
84ceac7ffffffff-2022-06,2
84ceac7ffffffff-2022-07,3
84ceac7ffffffff-2022-08,2
84ceac7ffffffff-2023-01,2
84ceac7ffffffff-2023-03,1
84ceac7ffffffff-2023-04,2
84ceac7ffffffff-2023-05,8
84ceac7ffffffff-2023-06,4
84ceac7ffffffff-2023-07,15
84ceac7ffffffff-2023-08,1
84ceac7ffffffff-2023-09,1
84ceacdffffffff-2018-05,1
84ceacdffffffff-2021-05,6
84ceacdffffffff-2021-06,2
84ceacdffffffff-2022-06,2
84ceacdffffffff-2023-04,1
84ceacdffffffff-2023-05,5
84ceacdffffffff-2023-06,1
84ceacdffffffff-2023-07,8
84ceae1ffffffff-2023-05,1
84ceae1ffffffff-2023-09,1
84ceae1ffffffff-2023-10,5
84ceae3ffffffff-2020-07,2
84ceae3ffffffff-2021-06,2
84ceae3ffffffff-2021-07,1
84ceae3ffffffff-2022-03,1
84ceae3ffffffff-2022-07,7
84ceae3ffffffff-2022-08,4
84ceae3ffffffff-2023-02,1
84ceae3ffffffff-2023-06,3
84ceae3ffffffff-2023-07,10
84ceae5ffffffff-2020-02,3
84ceae7ffffffff-2018-07,2
84ceae7ffffffff-2018-09,3
84ceae7ffffffff-2018-10,2
84ceae7ffffffff-2019-07,1
84ceae7ffffffff-2019-09,1
84ceae7ffffffff-2020-02,1
84ceae7ffffffff-2020-06,11
84ceae7ffffffff-2020-07,11
84ceae7ffffffff-2021-06,1
84ceae7ffffffff-2021-07,14
84ceae7ffffffff-2021-08,8
84ceae7ffffffff-2021-09,7
84ceae7ffffffff-2021-10,10
84ceae7ffffffff-2021-11,1
84ceae7ffffffff-2021-12,1
84ceae7ffffffff-2022-03,1
84ceae7ffffffff-2022-05,19
84ceae7ffffffff-2022-06,13
84ceae7ffffffff-2022-07,21
84ceae7ffffffff-2022-08,5
84ceae7ffffffff-2022-09,2
84ceae7ffffffff-2023-04,1
84ceae7ffffffff-2023-05,13
84ceae7ffffffff-2023-06,26
84ceae7ffffffff-2023-07,63
84ceae7ffffffff-2023-08,6
84ceae7ffffffff-2023-09,4
84ceae7ffffffff-2023-10,3
84ceaebffffffff-2022-01,1
84ceb01ffffffff-2023-01,2
84ceb15ffffffff-2023-01,2
84ceb31ffffffff-2012-10,1
84ceb31ffffffff-2020-02,3
84ceb31ffffffff-2023-03,3
84ceb35ffffffff-2020-02,3
84ceb37ffffffff-2017-11,1
84ceb37ffffffff-2020-02,3
84ceb59ffffffff-2018-02,1
84cf105ffffffff-2016-06,1
84cf105ffffffff-2020-05,1
84cf105ffffffff-2020-07,3
84cf121ffffffff-2012-12,1
84cf121ffffffff-2013-10,12
84cf121ffffffff-2015-01,1
84cf121ffffffff-2015-09,1
84cf121ffffffff-2017-01,1
84cf121ffffffff-2018-01,1
84cf121ffffffff-2018-02,1
84cf121ffffffff-2018-04,1
84cf121ffffffff-2018-10,1
84cf121ffffffff-2018-12,6
84cf121ffffffff-2019-01,1
84cf121ffffffff-2019-02,2
84cf121ffffffff-2019-10,4
84cf121ffffffff-2019-12,1
84cf121ffffffff-2020-01,1
84cf121ffffffff-2021-10,1
84cf121ffffffff-2021-11,1
84cf121ffffffff-2021-12,3
84cf121ffffffff-2022-09,1
84cf121ffffffff-2023-01,12
84cf121ffffffff-2023-02,1
84cf121ffffffff-2023-04,2
84cf121ffffffff-2023-09,7
84cf121ffffffff-2023-10,6
84cf121ffffffff-2023-11,2
84cf123ffffffff-2013-02,1
84cf123ffffffff-2013-04,2
84cf123ffffffff-2013-10,8
84cf123ffffffff-2013-11,2
84cf123ffffffff-2013-12,4
84cf123ffffffff-2014-04,4
84cf123ffffffff-2014-10,1
84cf123ffffffff-2015-02,1
84cf123ffffffff-2015-10,1
84cf123ffffffff-2015-12,2
84cf123ffffffff-2016-02,4
84cf123ffffffff-2016-05,4
84cf123ffffffff-2016-09,1
84cf123ffffffff-2016-10,4
84cf123ffffffff-2016-11,1
84cf123ffffffff-2017-01,4
84cf123ffffffff-2017-02,2
84cf123ffffffff-2017-03,5
84cf123ffffffff-2017-10,2
84cf123ffffffff-2017-11,2
84cf123ffffffff-2018-01,8
84cf123ffffffff-2018-02,5
84cf123ffffffff-2018-03,1
84cf123ffffffff-2018-04,6
84cf123ffffffff-2018-05,5
84cf123ffffffff-2018-06,2
84cf123ffffffff-2018-08,3
84cf123ffffffff-2018-09,2
84cf123ffffffff-2018-10,8
84cf123ffffffff-2018-11,1
84cf123ffffffff-2019-01,12
84cf123ffffffff-2019-02,9
84cf123ffffffff-2019-03,8
84cf123ffffffff-2019-04,2
84cf123ffffffff-2019-06,1
84cf123ffffffff-2019-08,1
84cf123ffffffff-2019-09,1
84cf123ffffffff-2019-10,7
84cf123ffffffff-2019-11,18
84cf123ffffffff-2019-12,14
84cf123ffffffff-2020-01,13
84cf123ffffffff-2020-02,7
84cf123ffffffff-2020-03,13
84cf123ffffffff-2020-09,2
84cf123ffffffff-2020-12,4
84cf123ffffffff-2021-01,3
84cf123ffffffff-2021-03,2
84cf123ffffffff-2021-04,1
84cf123ffffffff-2021-08,1
84cf123ffffffff-2021-09,18
84cf123ffffffff-2021-10,6
84cf123ffffffff-2021-11,8
84cf123ffffffff-2021-12,3
84cf123ffffffff-2022-01,5
84cf123ffffffff-2022-02,11
84cf123ffffffff-2022-04,1
84cf123ffffffff-2022-09,2
84cf123ffffffff-2022-10,20
84cf123ffffffff-2022-11,28
84cf123ffffffff-2022-12,9
84cf123ffffffff-2023-01,8
84cf123ffffffff-2023-02,10
84cf123ffffffff-2023-09,2
84cf123ffffffff-2023-10,12
84cf123ffffffff-2023-11,29
84cf125ffffffff-2013-12,1
84cf125ffffffff-2014-01,2
84cf125ffffffff-2016-12,2
84cf125ffffffff-2017-09,2
84cf125ffffffff-2017-10,1
84cf125ffffffff-2017-12,1
84cf125ffffffff-2018-04,1
84cf125ffffffff-2018-10,1
84cf125ffffffff-2018-12,1
84cf125ffffffff-2019-04,3
84cf125ffffffff-2019-11,1
84cf125ffffffff-2020-01,3
84cf125ffffffff-2021-12,3
84cf125ffffffff-2022-08,1
84cf125ffffffff-2023-01,2
84cf125ffffffff-2023-02,1
84cf125ffffffff-2023-09,2
84cf127ffffffff-2013-09,1
84cf127ffffffff-2014-09,3
84cf127ffffffff-2015-10,2
84cf127ffffffff-2016-09,1
84cf127ffffffff-2016-10,1
84cf127ffffffff-2017-01,3
84cf127ffffffff-2018-10,2
84cf127ffffffff-2021-03,1
84cf127ffffffff-2022-01,2
84cf127ffffffff-2022-10,1
84cf127ffffffff-2023-01,1
84cf129ffffffff-2012-09,2
84cf129ffffffff-2013-04,1
84cf129ffffffff-2013-05,1
84cf129ffffffff-2013-08,1
84cf129ffffffff-2013-09,3
84cf129ffffffff-2013-10,8
84cf129ffffffff-2013-12,1
84cf129ffffffff-2014-02,1
84cf129ffffffff-2014-03,3
84cf129ffffffff-2014-04,1
84cf129ffffffff-2014-05,2
84cf129ffffffff-2014-06,6
84cf129ffffffff-2014-07,15
84cf129ffffffff-2014-08,1
84cf129ffffffff-2014-10,2
84cf129ffffffff-2015-01,1
84cf129ffffffff-2015-03,1
84cf129ffffffff-2015-04,2
84cf129ffffffff-2015-05,1
84cf129ffffffff-2015-07,4
84cf129ffffffff-2015-08,1
84cf129ffffffff-2015-11,1
84cf129ffffffff-2016-01,1
84cf129ffffffff-2016-03,1
84cf129ffffffff-2016-06,2
84cf129ffffffff-2016-09,1
84cf129ffffffff-2016-11,1
84cf129ffffffff-2016-12,3
84cf129ffffffff-2017-01,1
84cf129ffffffff-2017-03,4
84cf129ffffffff-2017-07,2
84cf129ffffffff-2018-01,3
84cf129ffffffff-2018-02,4
84cf129ffffffff-2018-06,5
84cf129ffffffff-2018-07,7
84cf129ffffffff-2018-12,3
84cf129ffffffff-2019-02,4
84cf129ffffffff-2019-03,2
84cf129ffffffff-2019-04,5
84cf129ffffffff-2019-05,1
84cf129ffffffff-2019-12,1
84cf129ffffffff-2020-01,2
84cf129ffffffff-2020-02,2
84cf129ffffffff-2020-03,2
84cf129ffffffff-2020-05,2
84cf129ffffffff-2020-06,7
84cf129ffffffff-2020-07,10
84cf129ffffffff-2020-08,11
84cf129ffffffff-2021-02,1
84cf129ffffffff-2021-03,6
84cf129ffffffff-2021-04,1
84cf129ffffffff-2021-05,2
84cf129ffffffff-2021-06,6
84cf129ffffffff-2021-07,5
84cf129ffffffff-2021-11,3
84cf129ffffffff-2022-01,1
84cf129ffffffff-2022-02,22
84cf129ffffffff-2022-03,9
84cf129ffffffff-2022-04,4
84cf129ffffffff-2022-05,3
84cf129ffffffff-2022-07,2
84cf129ffffffff-2022-08,3
84cf129ffffffff-2022-09,1
84cf129ffffffff-2022-10,12
84cf129ffffffff-2022-11,8
84cf129ffffffff-2022-12,1
84cf129ffffffff-2023-01,7
84cf129ffffffff-2023-02,6
84cf129ffffffff-2023-03,12
84cf129ffffffff-2023-04,12
84cf129ffffffff-2023-05,11
84cf129ffffffff-2023-06,3
84cf129ffffffff-2023-07,4
84cf129ffffffff-2023-09,2
84cf129ffffffff-2023-11,3
84cf12bffffffff-2012-02,1
84cf12bffffffff-2014-06,1
84cf12bffffffff-2014-09,2
84cf12bffffffff-2015-10,3
84cf12bffffffff-2016-06,1
84cf12bffffffff-2016-07,2
84cf12bffffffff-2016-10,1
84cf12bffffffff-2016-11,1
84cf12bffffffff-2017-02,1
84cf12bffffffff-2017-03,1
84cf12bffffffff-2017-10,1
84cf12bffffffff-2018-02,4
84cf12bffffffff-2018-04,1
84cf12bffffffff-2018-06,2
84cf12bffffffff-2018-07,1
84cf12bffffffff-2018-09,2
84cf12bffffffff-2018-10,1
84cf12bffffffff-2018-11,1
84cf12bffffffff-2018-12,1
84cf12bffffffff-2019-01,1
84cf12bffffffff-2019-06,3
84cf12bffffffff-2019-09,3
84cf12bffffffff-2019-10,3
84cf12bffffffff-2019-11,6
84cf12bffffffff-2019-12,1
84cf12bffffffff-2020-01,1
84cf12bffffffff-2020-03,3
84cf12bffffffff-2020-04,1
84cf12bffffffff-2020-05,1
84cf12bffffffff-2020-06,3
84cf12bffffffff-2020-09,1
84cf12bffffffff-2020-10,3
84cf12bffffffff-2020-11,3
84cf12bffffffff-2021-01,3
84cf12bffffffff-2021-02,2
84cf12bffffffff-2021-03,2
84cf12bffffffff-2021-09,7
84cf12bffffffff-2021-10,5
84cf12bffffffff-2021-12,2
84cf12bffffffff-2022-02,2
84cf12bffffffff-2022-04,1
84cf12bffffffff-2022-05,2
84cf12bffffffff-2022-09,1
84cf12bffffffff-2022-10,4
84cf12bffffffff-2022-11,6
84cf12bffffffff-2022-12,8
84cf12bffffffff-2023-01,1
84cf12bffffffff-2023-02,9
84cf12bffffffff-2023-03,3
84cf12bffffffff-2023-04,5
84cf12bffffffff-2023-06,1
84cf12bffffffff-2023-07,3
84cf12bffffffff-2023-09,10
84cf12bffffffff-2023-10,3
84cf12bffffffff-2023-11,1
84cf12dffffffff-2021-12,2
84cf135ffffffff-2013-11,1
84cf135ffffffff-2017-03,1
84cf135ffffffff-2018-07,1
84cf135ffffffff-2022-12,1
84cf135ffffffff-2023-01,1
84cf135ffffffff-2023-02,1
84cf13dffffffff-2014-10,1
84cf13dffffffff-2015-11,1
84cf13dffffffff-2018-03,1
84cf13dffffffff-2019-01,1
84cf13dffffffff-2019-04,1
84cf13dffffffff-2021-03,1
84cf13dffffffff-2022-02,1
84cf13dffffffff-2023-10,1
84cf13dffffffff-2023-11,1
84cf14dffffffff-2023-02,1
84cf163ffffffff-2014-06,1
84cf163ffffffff-2014-08,2
84cf163ffffffff-2015-03,2
84cf163ffffffff-2015-07,6
84cf163ffffffff-2017-02,2
84cf163ffffffff-2017-07,1
84cf163ffffffff-2018-06,1
84cf163ffffffff-2019-10,1
84cf163ffffffff-2020-06,3
84cf163ffffffff-2020-07,2
84cf163ffffffff-2020-08,5
84cf163ffffffff-2021-05,2
84cf163ffffffff-2021-06,2
84cf163ffffffff-2022-03,1
84cf163ffffffff-2022-05,2
84cf163ffffffff-2023-04,3
84cf163ffffffff-2023-05,2
84cf163ffffffff-2023-10,2
84cf165ffffffff-2013-10,2
84cf165ffffffff-2014-10,1
84cf165ffffffff-2015-02,1
84cf165ffffffff-2016-09,1
84cf165ffffffff-2016-12,2
84cf165ffffffff-2017-09,1
84cf165ffffffff-2017-10,1
84cf165ffffffff-2017-12,1
84cf165ffffffff-2018-11,1
84cf165ffffffff-2018-12,1
84cf165ffffffff-2019-01,1
84cf165ffffffff-2019-02,1
84cf165ffffffff-2019-09,1
84cf165ffffffff-2019-10,4
84cf165ffffffff-2019-12,10
84cf165ffffffff-2020-01,3
84cf165ffffffff-2020-12,3
84cf165ffffffff-2021-01,2
84cf165ffffffff-2021-09,5
84cf165ffffffff-2021-10,2
84cf165ffffffff-2022-03,3
84cf165ffffffff-2022-09,19
84cf165ffffffff-2022-10,24
84cf165ffffffff-2023-01,6
84cf165ffffffff-2023-02,3
84cf165ffffffff-2023-04,1
84cf165ffffffff-2023-08,9
84cf165ffffffff-2023-10,2
84cf167ffffffff-2015-12,2
84cf167ffffffff-2017-01,3
84cf167ffffffff-2017-09,1
84cf167ffffffff-2019-04,1
84cf167ffffffff-2019-11,1
84cf167ffffffff-2020-02,2
84cf167ffffffff-2022-03,6
84cf167ffffffff-2022-04,1
84cf167ffffffff-2022-10,3
84cf167ffffffff-2022-11,2
84cf167ffffffff-2023-01,1
84cf167ffffffff-2023-02,3
84cf167ffffffff-2023-09,9
84cf169ffffffff-2021-01,1
84cf169ffffffff-2023-05,1
84cf16dffffffff-2012-02,1
84cf16dffffffff-2013-09,1
84cf16dffffffff-2013-12,2
84cf16dffffffff-2015-11,1
84cf16dffffffff-2016-09,1
84cf16dffffffff-2016-11,1
84cf16dffffffff-2016-12,1
84cf16dffffffff-2017-09,1
84cf16dffffffff-2017-10,1
84cf16dffffffff-2017-11,6
84cf16dffffffff-2017-12,1
84cf16dffffffff-2018-01,2
84cf16dffffffff-2018-02,2
84cf16dffffffff-2018-04,1
84cf16dffffffff-2018-05,1
84cf16dffffffff-2018-06,3
84cf16dffffffff-2018-08,4
84cf16dffffffff-2018-09,1
84cf16dffffffff-2018-10,2
84cf16dffffffff-2018-11,4
84cf16dffffffff-2018-12,7
84cf16dffffffff-2019-01,16
84cf16dffffffff-2019-02,6
84cf16dffffffff-2019-03,3
84cf16dffffffff-2019-04,3
84cf16dffffffff-2019-06,4
84cf16dffffffff-2019-10,4
84cf16dffffffff-2019-11,3
84cf16dffffffff-2019-12,13
84cf16dffffffff-2020-01,6
84cf16dffffffff-2020-02,12
84cf16dffffffff-2020-03,8
84cf16dffffffff-2020-09,2
84cf16dffffffff-2020-11,7
84cf16dffffffff-2020-12,6
84cf16dffffffff-2021-01,3
84cf16dffffffff-2021-02,5
84cf16dffffffff-2021-03,2
84cf16dffffffff-2021-06,2
84cf16dffffffff-2021-08,1
84cf16dffffffff-2021-10,4
84cf16dffffffff-2021-11,5
84cf16dffffffff-2021-12,13
84cf16dffffffff-2022-01,6
84cf16dffffffff-2022-02,17
84cf16dffffffff-2022-03,3
84cf16dffffffff-2022-04,2
84cf16dffffffff-2022-05,1
84cf16dffffffff-2022-09,1
84cf16dffffffff-2022-10,4
84cf16dffffffff-2022-11,8
84cf16dffffffff-2023-02,1
84cf16dffffffff-2023-03,2
84cf16dffffffff-2023-05,1
84cf16dffffffff-2023-10,9
84cf16dffffffff-2023-11,1
84cf813ffffffff-2016-12,2
84cf813ffffffff-2017-06,2
84cf813ffffffff-2017-08,1
84cf813ffffffff-2018-11,2
84cf813ffffffff-2020-05,1
84cf813ffffffff-2020-11,1
84cf813ffffffff-2020-12,4
84cf813ffffffff-2021-09,1
84cf813ffffffff-2021-10,2
84cf829ffffffff-2021-12,2
84cf831ffffffff-2019-04,1
84cf83bffffffff-2021-08,1
84cf83bffffffff-2021-09,3
84cf851ffffffff-2019-11,4
84cf851ffffffff-2020-01,1
84cf851ffffffff-2021-03,1
84cf851ffffffff-2022-11,1
84cf851ffffffff-2023-11,3
84cf853ffffffff-2012-02,1
84cf853ffffffff-2012-11,1
84cf853ffffffff-2012-12,2
84cf853ffffffff-2013-12,1
84cf853ffffffff-2014-01,2
84cf853ffffffff-2014-02,1
84cf853ffffffff-2014-12,2
84cf853ffffffff-2015-02,1
84cf853ffffffff-2016-02,1
84cf853ffffffff-2016-12,8
84cf853ffffffff-2017-01,1
84cf853ffffffff-2017-02,2
84cf853ffffffff-2017-09,1
84cf853ffffffff-2017-10,4
84cf853ffffffff-2017-12,1
84cf853ffffffff-2018-01,2
84cf853ffffffff-2018-02,6
84cf853ffffffff-2018-03,1
84cf853ffffffff-2018-04,2
84cf853ffffffff-2018-11,4
84cf853ffffffff-2018-12,1
84cf853ffffffff-2019-01,3
84cf853ffffffff-2019-02,2
84cf853ffffffff-2019-11,33
84cf853ffffffff-2019-12,5
84cf853ffffffff-2020-01,4
84cf853ffffffff-2020-02,1
84cf853ffffffff-2020-11,2
84cf853ffffffff-2021-01,5
84cf853ffffffff-2021-02,1
84cf853ffffffff-2021-03,2
84cf853ffffffff-2021-11,8
84cf853ffffffff-2021-12,6
84cf853ffffffff-2022-01,4
84cf853ffffffff-2022-02,3
84cf853ffffffff-2022-10,5
84cf853ffffffff-2022-11,21
84cf853ffffffff-2022-12,22
84cf853ffffffff-2023-01,2
84cf853ffffffff-2023-02,12
84cf853ffffffff-2023-03,10
84cf853ffffffff-2023-04,1
84cf853ffffffff-2023-09,19
84cf853ffffffff-2023-10,8
84cf853ffffffff-2023-11,20
84cf85bffffffff-2017-09,2
84cf85bffffffff-2022-10,5
84cf85bffffffff-2023-03,3
84cf865ffffffff-2015-03,2
84cf869ffffffff-2023-08,1
84cf881ffffffff-2012-05,1
84cf881ffffffff-2019-07,5
84cf881ffffffff-2020-08,1
84cf881ffffffff-2020-11,1
84cf881ffffffff-2021-02,2
84cf881ffffffff-2021-04,1
84cf881ffffffff-2021-06,1
84cf881ffffffff-2021-07,3
84cf881ffffffff-2021-10,2
84cf881ffffffff-2021-11,2
84cf881ffffffff-2022-01,1
84cf881ffffffff-2022-03,6
84cf881ffffffff-2022-04,1
84cf881ffffffff-2023-01,2
84cf881ffffffff-2023-02,1
84cf881ffffffff-2023-07,3
84cf881ffffffff-2023-11,1
84cf885ffffffff-2015-06,5
84cf885ffffffff-2023-07,2
84cf887ffffffff-2012-02,3
84cf887ffffffff-2012-10,1
84cf887ffffffff-2013-02,3
84cf887ffffffff-2014-01,2
84cf887ffffffff-2014-02,3
84cf887ffffffff-2014-10,1
84cf887ffffffff-2015-04,1
84cf887ffffffff-2015-05,1
84cf887ffffffff-2015-06,1
84cf887ffffffff-2015-10,1
84cf887ffffffff-2015-11,1
84cf887ffffffff-2017-02,1
84cf887ffffffff-2017-05,1
84cf887ffffffff-2017-10,2
84cf887ffffffff-2018-02,2
84cf887ffffffff-2018-06,2
84cf887ffffffff-2019-03,2
84cf887ffffffff-2019-07,5
84cf887ffffffff-2019-10,3
84cf887ffffffff-2019-11,2
84cf887ffffffff-2019-12,1
84cf887ffffffff-2020-02,1
84cf887ffffffff-2020-08,1
84cf887ffffffff-2020-09,1
84cf887ffffffff-2020-11,2
84cf887ffffffff-2020-12,2
84cf887ffffffff-2021-01,5
84cf887ffffffff-2021-02,1
84cf887ffffffff-2021-03,4
84cf887ffffffff-2021-05,2
84cf887ffffffff-2021-06,3
84cf887ffffffff-2021-07,8
84cf887ffffffff-2021-08,5
84cf887ffffffff-2021-09,9
84cf887ffffffff-2021-10,11
84cf887ffffffff-2021-11,6
84cf887ffffffff-2021-12,8
84cf887ffffffff-2022-02,2
84cf887ffffffff-2022-04,1
84cf887ffffffff-2022-09,1
84cf887ffffffff-2022-10,3
84cf887ffffffff-2022-11,1
84cf887ffffffff-2023-01,5
84cf887ffffffff-2023-02,1
84cf887ffffffff-2023-03,1
84cf887ffffffff-2023-04,1
84cf887ffffffff-2023-06,1
84cf887ffffffff-2023-08,7
84cf887ffffffff-2023-09,3
84cf887ffffffff-2023-10,6
84cf887ffffffff-2023-11,9
84cf889ffffffff-2020-02,1
84cf889ffffffff-2020-10,3
84cf889ffffffff-2020-11,1
84cf889ffffffff-2021-09,1
84cf889ffffffff-2022-07,2
84cf889ffffffff-2023-11,2
84cf88dffffffff-2012-05,2
84cf88dffffffff-2015-04,2
84cf88dffffffff-2018-03,1
84cf88dffffffff-2018-11,1
84cf88dffffffff-2020-06,2
84cf88dffffffff-2022-01,1
84cf88dffffffff-2022-02,2
84cf88dffffffff-2022-03,1
84cf88dffffffff-2022-05,1
84cf88dffffffff-2022-07,2
84cf88dffffffff-2023-02,1
84cf88dffffffff-2023-03,1
84cf8a3ffffffff-2012-01,3
84cf8a3ffffffff-2013-01,1
84cf8a3ffffffff-2013-10,1
84cf8a3ffffffff-2013-12,1
84cf8a3ffffffff-2014-02,5
84cf8a3ffffffff-2015-07,5
84cf8a3ffffffff-2015-08,3
84cf8a3ffffffff-2016-08,1
84cf8a3ffffffff-2019-01,6
84cf8a3ffffffff-2020-11,3
84cf8a3ffffffff-2020-12,13
84cf8a3ffffffff-2021-01,2
84cf8a3ffffffff-2021-03,1
84cf8a3ffffffff-2021-04,4
84cf8a3ffffffff-2021-05,1
84cf8a3ffffffff-2021-09,1
84cf8a3ffffffff-2021-10,2
84cf8a3ffffffff-2021-12,2
84cf8a3ffffffff-2022-01,2
84cf8a3ffffffff-2022-03,8
84cf8a3ffffffff-2022-09,2
84cf8a3ffffffff-2022-10,4
84cf8a3ffffffff-2022-11,1
84cf8a3ffffffff-2023-02,8
84cf8a3ffffffff-2023-04,1
84cf8a3ffffffff-2023-09,10
84cf8a3ffffffff-2023-10,7
84cf8a3ffffffff-2023-11,1
84cf8abffffffff-2023-03,1
84cf8abffffffff-2023-11,1
84cf8adffffffff-2022-11,1
84cf8b3ffffffff-2021-09,1
84cf8b5ffffffff-2021-11,1
84cf8bdffffffff-2012-01,2
84cf8bdffffffff-2012-04,1
84cf8bdffffffff-2013-10,3
84cf8bdffffffff-2013-12,1
84cf8bdffffffff-2014-02,1
84cf8bdffffffff-2014-07,5
84cf8bdffffffff-2015-10,3
84cf8bdffffffff-2015-11,1
84cf8bdffffffff-2015-12,2
84cf8bdffffffff-2016-10,1
84cf8bdffffffff-2017-01,3
84cf8bdffffffff-2017-10,1
84cf8bdffffffff-2018-11,2
84cf8bdffffffff-2019-01,3
84cf8bdffffffff-2019-10,2
84cf8bdffffffff-2020-09,4
84cf8bdffffffff-2020-12,5
84cf8bdffffffff-2021-01,3
84cf8bdffffffff-2021-07,9
84cf8bdffffffff-2021-08,2
84cf8bdffffffff-2021-09,8
84cf8bdffffffff-2021-10,8
84cf8bdffffffff-2021-11,8
84cf8bdffffffff-2021-12,4
84cf8bdffffffff-2022-03,2
84cf8bdffffffff-2022-11,2
84cf8bdffffffff-2023-02,4
84cf8bdffffffff-2023-08,1
84cf8bdffffffff-2023-09,1
84cf8bdffffffff-2023-10,3
84cf8bdffffffff-2023-11,1
84cf8c1ffffffff-2012-11,1
84cf8c1ffffffff-2016-02,2
84cf8c1ffffffff-2016-12,1
84cf8c1ffffffff-2017-03,2
84cf8c1ffffffff-2018-01,1
84cf8c1ffffffff-2019-01,4
84cf8c1ffffffff-2019-12,4
84cf8c1ffffffff-2021-02,2
84cf8c1ffffffff-2021-11,4
84cf8c1ffffffff-2021-12,2
84cf8c1ffffffff-2022-01,1
84cf8c1ffffffff-2022-11,4
84cf8c1ffffffff-2023-04,2
84cf8c3ffffffff-2012-12,1
84cf8c3ffffffff-2014-11,2
84cf8c3ffffffff-2015-01,1
84cf8c3ffffffff-2015-02,1
84cf8c3ffffffff-2015-03,1
84cf8c3ffffffff-2018-01,1
84cf8c3ffffffff-2018-11,1
84cf8c3ffffffff-2019-12,1
84cf8c3ffffffff-2020-02,1
84cf8c3ffffffff-2020-03,2
84cf8c3ffffffff-2020-09,1
84cf8c3ffffffff-2020-10,1
84cf8c3ffffffff-2020-11,1
84cf8c3ffffffff-2021-05,1
84cf8c3ffffffff-2021-10,2
84cf8c3ffffffff-2022-02,2
84cf8c3ffffffff-2022-03,3
84cf8c3ffffffff-2022-10,2
84cf8c3ffffffff-2022-11,3
84cf8c3ffffffff-2023-10,2
84cf8c3ffffffff-2023-11,1
84cf8c5ffffffff-2014-01,4
84cf8c5ffffffff-2015-02,1
84cf8c5ffffffff-2015-03,2
84cf8c5ffffffff-2015-04,7
84cf8c5ffffffff-2015-11,2
84cf8c5ffffffff-2015-12,3
84cf8c5ffffffff-2016-01,4
84cf8c5ffffffff-2016-02,17
84cf8c5ffffffff-2016-03,8
84cf8c5ffffffff-2017-01,1
84cf8c5ffffffff-2017-10,1
84cf8c5ffffffff-2017-12,2
84cf8c5ffffffff-2018-04,1
84cf8c5ffffffff-2018-10,11
84cf8c5ffffffff-2018-11,8
84cf8c5ffffffff-2018-12,3
84cf8c5ffffffff-2019-01,9
84cf8c5ffffffff-2019-02,7
84cf8c5ffffffff-2019-03,13
84cf8c5ffffffff-2019-04,2
84cf8c5ffffffff-2019-09,5
84cf8c5ffffffff-2019-10,3
84cf8c5ffffffff-2019-12,15
84cf8c5ffffffff-2020-01,2
84cf8c5ffffffff-2020-02,3
84cf8c5ffffffff-2020-03,1
84cf8c5ffffffff-2020-04,2
84cf8c5ffffffff-2020-05,6
84cf8c5ffffffff-2020-10,3
84cf8c5ffffffff-2020-11,2
84cf8c5ffffffff-2020-12,2
84cf8c5ffffffff-2021-01,14
84cf8c5ffffffff-2021-10,2
84cf8c5ffffffff-2021-12,3
84cf8c5ffffffff-2022-01,2
84cf8c5ffffffff-2022-02,10
84cf8c5ffffffff-2022-03,4
84cf8c5ffffffff-2022-04,15
84cf8c5ffffffff-2022-10,1
84cf8c5ffffffff-2023-01,10
84cf8c5ffffffff-2023-02,2
84cf8c5ffffffff-2023-04,1
84cf8c5ffffffff-2023-10,9
84cf8c5ffffffff-2023-11,6
84cf8c7ffffffff-2013-02,1
84cf8c7ffffffff-2017-03,1
84cf8c7ffffffff-2017-10,1
84cf8c7ffffffff-2018-10,2
84cf8c7ffffffff-2019-01,6
84cf8c7ffffffff-2019-09,1
84cf8c7ffffffff-2019-12,3
84cf8c7ffffffff-2020-01,1
84cf8c7ffffffff-2020-10,1
84cf8c7ffffffff-2020-11,3
84cf8c7ffffffff-2021-08,1
84cf8c7ffffffff-2021-09,3
84cf8c7ffffffff-2022-09,1
84cf8c7ffffffff-2022-11,3
84cf8c7ffffffff-2023-02,2
84cf8c7ffffffff-2023-09,1
84cf8c7ffffffff-2023-10,4
84cf8c7ffffffff-2023-11,3
84cf8c9ffffffff-2012-02,1
84cf8c9ffffffff-2019-01,1
84cf8c9ffffffff-2019-12,1
84cf8c9ffffffff-2021-03,7
84cf8c9ffffffff-2022-10,2
84cf8c9ffffffff-2022-11,2
84cf8c9ffffffff-2023-02,1
84cf8cdffffffff-2016-03,3
84cf8cdffffffff-2016-12,2
84cf8cdffffffff-2019-03,5
84cf8cdffffffff-2020-02,1
84cf8d5ffffffff-2014-12,1
84cf8d5ffffffff-2022-07,2
84cf8ddffffffff-2018-09,1
84cf8ddffffffff-2023-10,1
84cf8e1ffffffff-2018-05,1
84cf8e1ffffffff-2018-12,3
84cf8e1ffffffff-2019-01,1
84cf8e1ffffffff-2020-01,1
84cf8e1ffffffff-2021-11,1
84cf8e1ffffffff-2022-02,2
84cf8e1ffffffff-2022-03,1
84cf8e1ffffffff-2023-02,1
84cf8e1ffffffff-2023-03,2
84cf8e1ffffffff-2023-10,3
84cf8e3ffffffff-2021-11,2
84cf8e9ffffffff-2015-12,2
84cf8e9ffffffff-2016-02,6
84cf8e9ffffffff-2016-04,1
84cf8e9ffffffff-2016-12,1
84cf8e9ffffffff-2017-03,1
84cf8e9ffffffff-2017-09,1
84cf8e9ffffffff-2017-10,1
84cf8e9ffffffff-2017-12,7
84cf8e9ffffffff-2018-11,1
84cf8e9ffffffff-2018-12,1
84cf8e9ffffffff-2019-01,5
84cf8e9ffffffff-2019-05,2
84cf8e9ffffffff-2019-11,3
84cf8e9ffffffff-2019-12,14
84cf8e9ffffffff-2020-04,3
84cf8e9ffffffff-2020-09,2
84cf8e9ffffffff-2020-11,5
84cf8e9ffffffff-2020-12,8
84cf8e9ffffffff-2021-01,7
84cf8e9ffffffff-2021-02,2
84cf8e9ffffffff-2021-03,3
84cf8e9ffffffff-2021-05,5
84cf8e9ffffffff-2021-06,2
84cf8e9ffffffff-2021-07,3
84cf8e9ffffffff-2021-10,2
84cf8e9ffffffff-2021-11,1
84cf8e9ffffffff-2022-03,2
84cf8e9ffffffff-2022-04,11
84cf8e9ffffffff-2022-09,1
84cf8e9ffffffff-2022-10,1
84cf8e9ffffffff-2022-11,4
84cf8e9ffffffff-2023-03,2
84cf8e9ffffffff-2023-04,6
84cf8e9ffffffff-2023-05,2
84cf8e9ffffffff-2023-09,1
84cf8e9ffffffff-2023-10,3
84cf8ebffffffff-2016-02,4
84cf8ebffffffff-2016-03,4
84cf8ebffffffff-2017-01,10
84cf8ebffffffff-2017-02,31
84cf8ebffffffff-2017-10,1
84cf8ebffffffff-2018-01,5
84cf8ebffffffff-2018-02,6
84cf8ebffffffff-2018-03,10
84cf8ebffffffff-2018-12,4
84cf8ebffffffff-2019-01,9
84cf8ebffffffff-2019-02,3
84cf8ebffffffff-2019-03,1
84cf8ebffffffff-2019-11,2
84cf8ebffffffff-2020-01,1
84cf8ebffffffff-2020-02,2
84cf8ebffffffff-2020-03,2
84cf8ebffffffff-2020-04,14
84cf8ebffffffff-2020-06,2
84cf8ebffffffff-2020-11,2
84cf8ebffffffff-2020-12,53
84cf8ebffffffff-2021-01,4
84cf8ebffffffff-2021-02,4
84cf8ebffffffff-2021-03,1
84cf8ebffffffff-2021-04,1
84cf8ebffffffff-2021-11,3
84cf8ebffffffff-2021-12,2
84cf8ebffffffff-2022-01,12
84cf8ebffffffff-2022-02,2
84cf8ebffffffff-2022-03,17
84cf8ebffffffff-2022-04,3
84cf8ebffffffff-2023-02,17
84cf8ebffffffff-2023-03,14
84cf8ebffffffff-2023-04,5
84cf8edffffffff-2019-10,1
84cf8edffffffff-2021-09,1
84cf8edffffffff-2021-11,6
84cf8edffffffff-2022-02,6
84cf8edffffffff-2022-05,1
84cf8edffffffff-2022-09,1
84cf8edffffffff-2022-11,2
84cf8edffffffff-2023-03,4
84cf8edffffffff-2023-10,1
84cf909ffffffff-2022-12,1
84cf909ffffffff-2023-11,1
84cf90bffffffff-2020-12,1
84cf911ffffffff-2019-11,1
84cf913ffffffff-2015-04,1
84cf913ffffffff-2017-09,1
84cf913ffffffff-2018-12,4
84cf913ffffffff-2019-01,1
84cf913ffffffff-2019-09,1
84cf913ffffffff-2019-10,1
84cf913ffffffff-2019-11,1
84cf913ffffffff-2019-12,3
84cf913ffffffff-2020-01,1
84cf913ffffffff-2020-02,1
84cf913ffffffff-2020-04,2
84cf913ffffffff-2020-05,11
84cf913ffffffff-2020-06,1
84cf913ffffffff-2020-08,2
84cf913ffffffff-2020-09,3
84cf913ffffffff-2020-10,8
84cf913ffffffff-2020-11,3
84cf913ffffffff-2020-12,5
84cf913ffffffff-2021-01,2
84cf913ffffffff-2021-02,3
84cf913ffffffff-2021-03,1
84cf913ffffffff-2021-04,3
84cf913ffffffff-2021-05,1
84cf913ffffffff-2021-06,1
84cf913ffffffff-2021-07,2
84cf913ffffffff-2021-09,1
84cf913ffffffff-2021-10,5
84cf913ffffffff-2021-12,1
84cf913ffffffff-2022-01,1
84cf913ffffffff-2022-02,2
84cf913ffffffff-2022-04,1
84cf913ffffffff-2022-06,1
84cf913ffffffff-2022-08,1
84cf913ffffffff-2022-09,2
84cf913ffffffff-2022-10,5
84cf913ffffffff-2022-11,1
84cf913ffffffff-2023-06,1
84cf913ffffffff-2023-07,2
84cf913ffffffff-2023-10,1
84cf913ffffffff-2023-11,1
84cf943ffffffff-2013-11,2
84cf943ffffffff-2014-01,1
84cf943ffffffff-2014-05,1
84cf943ffffffff-2014-10,1
84cf943ffffffff-2015-01,2
84cf943ffffffff-2015-03,2
84cf943ffffffff-2015-04,1
84cf943ffffffff-2015-09,3
84cf943ffffffff-2015-10,2
84cf943ffffffff-2015-11,2
84cf943ffffffff-2016-02,1
84cf943ffffffff-2016-08,3
84cf943ffffffff-2016-10,4
84cf943ffffffff-2016-11,1
84cf943ffffffff-2017-01,3
84cf943ffffffff-2017-04,1
84cf943ffffffff-2017-10,7
84cf943ffffffff-2017-11,2
84cf943ffffffff-2018-01,8
84cf943ffffffff-2018-02,5
84cf943ffffffff-2018-03,7
84cf943ffffffff-2018-04,9
84cf943ffffffff-2018-05,12
84cf943ffffffff-2018-06,2
84cf943ffffffff-2018-07,1
84cf943ffffffff-2018-10,8
84cf943ffffffff-2018-11,3
84cf943ffffffff-2018-12,8
84cf943ffffffff-2019-01,3
84cf943ffffffff-2019-03,6
84cf943ffffffff-2019-04,1
84cf943ffffffff-2019-05,3
84cf943ffffffff-2019-08,1
84cf943ffffffff-2019-09,2
84cf943ffffffff-2019-10,9
84cf943ffffffff-2019-11,6
84cf943ffffffff-2019-12,4
84cf943ffffffff-2020-01,7
84cf943ffffffff-2020-03,2
84cf943ffffffff-2020-05,11
84cf943ffffffff-2020-06,5
84cf943ffffffff-2020-07,3
84cf943ffffffff-2020-08,5
84cf943ffffffff-2020-10,29
84cf943ffffffff-2020-11,27
84cf943ffffffff-2020-12,7
84cf943ffffffff-2021-01,6
84cf943ffffffff-2021-02,4
84cf943ffffffff-2021-03,4
84cf943ffffffff-2021-04,4
84cf943ffffffff-2021-05,5
84cf943ffffffff-2021-06,7
84cf943ffffffff-2021-07,5
84cf943ffffffff-2021-08,7
84cf943ffffffff-2021-09,4
84cf943ffffffff-2021-10,10
84cf943ffffffff-2021-11,3
84cf943ffffffff-2021-12,2
84cf943ffffffff-2022-01,5
84cf943ffffffff-2022-02,2
84cf943ffffffff-2022-04,4
84cf943ffffffff-2022-05,7
84cf943ffffffff-2022-06,3
84cf943ffffffff-2022-09,3
84cf943ffffffff-2022-10,13
84cf943ffffffff-2022-11,11
84cf943ffffffff-2023-01,8
84cf943ffffffff-2023-02,1
84cf943ffffffff-2023-03,9
84cf943ffffffff-2023-04,2
84cf943ffffffff-2023-05,3
84cf943ffffffff-2023-08,1
84cf943ffffffff-2023-10,6
84cf943ffffffff-2023-11,3
84cf94bffffffff-2015-10,1
84cf94bffffffff-2023-10,1
84cf951ffffffff-2016-10,1
84cf955ffffffff-2016-09,1
84cf955ffffffff-2018-12,2
84cf959ffffffff-2021-01,2
84cf959ffffffff-2021-02,2
84cf95dffffffff-2015-10,1
84cf95dffffffff-2023-11,1
84cf989ffffffff-2014-03,1
84cf989ffffffff-2014-07,1
84cf989ffffffff-2015-01,1
84cf989ffffffff-2015-05,1
84cf989ffffffff-2016-01,2
84cf989ffffffff-2017-01,1
84cf989ffffffff-2017-08,1
84cf989ffffffff-2018-02,2
84cf989ffffffff-2018-12,1
84cf989ffffffff-2019-02,1
84cf989ffffffff-2019-12,2
84cf989ffffffff-2020-04,1
84cf989ffffffff-2020-09,1
84cf989ffffffff-2020-10,3
84cf989ffffffff-2020-11,1
84cf989ffffffff-2020-12,1
84cf989ffffffff-2021-03,1
84cf989ffffffff-2021-12,1
84cf989ffffffff-2022-10,1
84cf989ffffffff-2023-11,1
84cf98bffffffff-2013-01,2
84cf98bffffffff-2015-09,1
84cf98bffffffff-2017-05,2
84cf98bffffffff-2017-08,6
84cf98bffffffff-2017-10,3
84cf98bffffffff-2018-02,17
84cf98bffffffff-2019-10,1
84cf98bffffffff-2019-11,2
84cf98bffffffff-2020-02,6
84cf98bffffffff-2020-05,1
84cf98bffffffff-2020-10,1
84cf98bffffffff-2020-12,4
84cf98bffffffff-2021-01,2
84cf98bffffffff-2021-02,3
84cf98bffffffff-2021-06,1
84cf98bffffffff-2021-09,1
84cf98bffffffff-2022-06,1
84cf98bffffffff-2022-10,2
84cf98bffffffff-2023-03,1
84cf98bffffffff-2023-10,2
84cf999ffffffff-2023-10,1
84cf9adffffffff-2022-11,1
84cf9adffffffff-2023-01,1
84cf9d3ffffffff-2016-10,1
84cf9d3ffffffff-2018-02,3
84cf9d3ffffffff-2019-02,2
84cf9d3ffffffff-2020-01,2
84cf9d3ffffffff-2021-01,1
84cf9d3ffffffff-2021-10,1
84cf9d3ffffffff-2021-11,2
84cf9d3ffffffff-2022-11,1
84cf9d5ffffffff-2014-02,1
84cf9d5ffffffff-2014-04,1
84cf9d5ffffffff-2020-06,1
84cf9d5ffffffff-2020-07,1
84cf9d5ffffffff-2020-09,1
84cf9d5ffffffff-2021-03,1
84cf9e1ffffffff-2012-02,1
84cf9e1ffffffff-2014-01,1
84cf9e1ffffffff-2014-03,1
84cf9e1ffffffff-2015-11,1
84cf9e1ffffffff-2018-03,1
84cf9e1ffffffff-2018-12,1
84cf9e1ffffffff-2019-01,5
84cf9e1ffffffff-2019-04,1
84cf9e1ffffffff-2019-10,1
84cf9e1ffffffff-2019-12,1
84cf9e1ffffffff-2020-01,1
84cf9e1ffffffff-2020-02,1
84cf9e1ffffffff-2020-04,2
84cf9e1ffffffff-2020-11,1
84cf9e1ffffffff-2020-12,3
84cf9e1ffffffff-2021-01,2
84cf9e1ffffffff-2021-02,9
84cf9e1ffffffff-2021-03,7
84cf9e1ffffffff-2021-04,9
84cf9e1ffffffff-2021-07,3
84cf9e1ffffffff-2021-08,1
84cf9e1ffffffff-2021-09,1
84cf9e1ffffffff-2021-10,3
84cf9e1ffffffff-2021-11,1
84cf9e1ffffffff-2021-12,1
84cf9e1ffffffff-2022-01,1
84cf9e1ffffffff-2022-02,5
84cf9e1ffffffff-2022-03,2
84cf9e1ffffffff-2022-05,2
84cf9e1ffffffff-2022-06,5
84cf9e1ffffffff-2022-07,1
84cf9e1ffffffff-2022-08,1
84cf9e1ffffffff-2022-10,2
84cf9e1ffffffff-2022-12,1
84cf9e1ffffffff-2023-02,6
84cf9e1ffffffff-2023-03,3
84cf9e1ffffffff-2023-05,1
84cf9e1ffffffff-2023-06,1
84cf9e1ffffffff-2023-07,2
84cf9e1ffffffff-2023-08,3
84cf9e1ffffffff-2023-11,1
84cf9e9ffffffff-2014-11,2
84cf9e9ffffffff-2014-12,1
84cf9e9ffffffff-2016-04,2
84cf9e9ffffffff-2017-02,1
84cf9e9ffffffff-2019-10,1
84cf9e9ffffffff-2019-11,1
84cf9e9ffffffff-2019-12,1
84cf9e9ffffffff-2020-04,6
84cf9e9ffffffff-2020-05,2
84cf9e9ffffffff-2020-06,3
84cf9e9ffffffff-2020-08,4
84cf9e9ffffffff-2020-09,2
84cf9e9ffffffff-2020-10,5
84cf9e9ffffffff-2021-01,1
84cf9e9ffffffff-2021-03,4
84cf9e9ffffffff-2021-04,1
84cf9e9ffffffff-2021-08,1
84cf9e9ffffffff-2021-10,2
84cf9e9ffffffff-2021-12,2
84cf9e9ffffffff-2022-01,1
84cf9e9ffffffff-2022-02,2
84cf9e9ffffffff-2022-03,2
84cf9e9ffffffff-2022-04,1
84cf9e9ffffffff-2022-09,2
84cf9e9ffffffff-2022-12,1
84cf9e9ffffffff-2023-03,3
84cf9e9ffffffff-2023-07,1
84cf9e9ffffffff-2023-10,1
84cfa01ffffffff-2018-09,2
84cfa01ffffffff-2022-09,3
84cfa05ffffffff-2013-01,1
84cfa05ffffffff-2020-09,19
84cfa05ffffffff-2021-02,2
84cfa05ffffffff-2021-08,2
84cfa05ffffffff-2021-09,3
84cfa05ffffffff-2021-11,9
84cfa05ffffffff-2021-12,4
84cfa07ffffffff-2021-08,2
84cfa09ffffffff-2013-01,1
84cfa09ffffffff-2013-11,1
84cfa09ffffffff-2014-11,1
84cfa09ffffffff-2015-01,1
84cfa09ffffffff-2015-09,3
84cfa09ffffffff-2015-10,1
84cfa09ffffffff-2015-12,1
84cfa09ffffffff-2016-02,1
84cfa09ffffffff-2016-07,1
84cfa09ffffffff-2016-09,3
84cfa09ffffffff-2016-11,2
84cfa09ffffffff-2016-12,4
84cfa09ffffffff-2017-08,2
84cfa09ffffffff-2017-09,2
84cfa09ffffffff-2017-11,1
84cfa09ffffffff-2018-01,2
84cfa09ffffffff-2018-03,3
84cfa09ffffffff-2018-08,2
84cfa09ffffffff-2018-09,7
84cfa09ffffffff-2018-10,2
84cfa09ffffffff-2019-01,7
84cfa09ffffffff-2019-09,1
84cfa09ffffffff-2019-11,2
84cfa09ffffffff-2019-12,5
84cfa09ffffffff-2020-01,7
84cfa09ffffffff-2020-02,1
84cfa09ffffffff-2020-11,4
84cfa09ffffffff-2020-12,3
84cfa09ffffffff-2021-07,2
84cfa09ffffffff-2021-09,7
84cfa09ffffffff-2021-10,3
84cfa09ffffffff-2021-11,14
84cfa09ffffffff-2022-09,3
84cfa09ffffffff-2022-10,2
84cfa09ffffffff-2022-12,1
84cfa09ffffffff-2023-01,5
84cfa09ffffffff-2023-08,13
84cfa09ffffffff-2023-09,2
84cfa09ffffffff-2023-10,7
84cfa09ffffffff-2023-11,1
84cfa0dffffffff-2012-02,1
84cfa0dffffffff-2015-04,4
84cfa0dffffffff-2016-09,4
84cfa0dffffffff-2017-10,1
84cfa0dffffffff-2017-11,3
84cfa0dffffffff-2018-01,3
84cfa0dffffffff-2018-02,3
84cfa0dffffffff-2018-09,3
84cfa0dffffffff-2018-10,2
84cfa0dffffffff-2019-03,2
84cfa0dffffffff-2020-02,3
84cfa0dffffffff-2021-04,2
84cfa0dffffffff-2021-10,3
84cfa0dffffffff-2021-12,2
84cfa13ffffffff-2013-12,2
84cfa13ffffffff-2014-11,3
84cfa13ffffffff-2016-02,1
84cfa13ffffffff-2018-11,2
84cfa13ffffffff-2021-12,1
84cfa15ffffffff-2015-02,1
84cfa17ffffffff-2018-04,2
84cfa17ffffffff-2019-04,7
84cfa17ffffffff-2020-01,1
84cfa17ffffffff-2021-04,7
84cfa17ffffffff-2022-02,2
84cfa19ffffffff-2017-04,5
84cfa19ffffffff-2018-04,1
84cfa19ffffffff-2018-12,2
84cfa19ffffffff-2023-01,1
84cfa19ffffffff-2023-09,1
84cfa1bffffffff-2018-01,1
84cfa21ffffffff-2016-11,3
84cfa21ffffffff-2018-08,5
84cfa21ffffffff-2020-06,3
84cfa21ffffffff-2021-08,2
84cfa21ffffffff-2022-06,3
84cfa21ffffffff-2022-07,10
84cfa21ffffffff-2022-10,1
84cfa21ffffffff-2022-11,1
84cfa21ffffffff-2023-01,1
84cfa21ffffffff-2023-07,2
84cfa21ffffffff-2023-08,3
84cfa21ffffffff-2023-11,1
84cfa23ffffffff-2013-02,1
84cfa23ffffffff-2017-01,1
84cfa23ffffffff-2017-10,1
84cfa23ffffffff-2018-05,3
84cfa23ffffffff-2018-12,1
84cfa23ffffffff-2019-07,3
84cfa23ffffffff-2019-08,1
84cfa23ffffffff-2020-06,2
84cfa23ffffffff-2021-06,3
84cfa23ffffffff-2021-07,6
84cfa23ffffffff-2021-08,5
84cfa23ffffffff-2022-04,1
84cfa23ffffffff-2022-05,2
84cfa23ffffffff-2022-06,1
84cfa23ffffffff-2022-07,34
84cfa23ffffffff-2022-08,15
84cfa23ffffffff-2022-09,1
84cfa23ffffffff-2023-08,13
84cfa27ffffffff-2018-03,4
84cfa27ffffffff-2018-06,4
84cfa2bffffffff-2014-12,1
84cfa2bffffffff-2015-01,1
84cfa2bffffffff-2016-09,3
84cfa2bffffffff-2016-11,1
84cfa2bffffffff-2018-01,1
84cfa2bffffffff-2018-09,2
84cfa2bffffffff-2019-09,1
84cfa2bffffffff-2020-09,3
84cfa2bffffffff-2022-03,2
84cfa2bffffffff-2022-08,6
84cfa2bffffffff-2022-09,3
84cfa2bffffffff-2023-11,1
84cfa35ffffffff-2017-02,2
84cfa35ffffffff-2020-02,4
84cfa35ffffffff-2020-12,4
84cfa35ffffffff-2021-02,2
84cfa35ffffffff-2021-09,1
84cfa35ffffffff-2021-10,1
84cfa35ffffffff-2021-12,7
84cfa35ffffffff-2022-08,2
84cfa41ffffffff-2015-10,1
84cfa41ffffffff-2017-12,2
84cfa41ffffffff-2018-09,2
84cfa41ffffffff-2018-11,1
84cfa41ffffffff-2018-12,2
84cfa43ffffffff-2021-08,3
84cfa43ffffffff-2021-09,6
84cfa43ffffffff-2023-11,7
84cfa45ffffffff-2015-02,3
84cfa45ffffffff-2015-06,3
84cfa45ffffffff-2016-01,1
84cfa45ffffffff-2016-02,2
84cfa45ffffffff-2016-03,4
84cfa45ffffffff-2016-05,5
84cfa45ffffffff-2016-06,1
84cfa45ffffffff-2016-11,3
84cfa45ffffffff-2018-07,7
84cfa45ffffffff-2019-03,3
84cfa45ffffffff-2019-07,2
84cfa45ffffffff-2021-06,8
84cfa45ffffffff-2021-07,4
84cfa45ffffffff-2022-05,10
84cfa45ffffffff-2022-06,5
84cfa45ffffffff-2022-07,13
84cfa45ffffffff-2022-09,8
84cfa45ffffffff-2022-10,8
84cfa45ffffffff-2023-07,10
84cfa45ffffffff-2023-08,1
84cfa47ffffffff-2012-01,10
84cfa47ffffffff-2012-02,10
84cfa47ffffffff-2012-03,5
84cfa47ffffffff-2012-04,1
84cfa47ffffffff-2013-01,8
84cfa47ffffffff-2013-02,6
84cfa47ffffffff-2013-03,2
84cfa47ffffffff-2013-05,1
84cfa47ffffffff-2013-07,3
84cfa47ffffffff-2013-08,4
84cfa47ffffffff-2013-09,3
84cfa47ffffffff-2013-10,2
84cfa47ffffffff-2013-11,5
84cfa47ffffffff-2013-12,11
84cfa47ffffffff-2014-01,26
84cfa47ffffffff-2014-02,29
84cfa47ffffffff-2014-03,20
84cfa47ffffffff-2014-04,9
84cfa47ffffffff-2014-05,1
84cfa47ffffffff-2014-07,5
84cfa47ffffffff-2014-08,5
84cfa47ffffffff-2014-09,6
84cfa47ffffffff-2014-10,4
84cfa47ffffffff-2014-11,5
84cfa47ffffffff-2015-01,23
84cfa47ffffffff-2015-02,64
84cfa47ffffffff-2015-03,50
84cfa47ffffffff-2015-04,27
84cfa47ffffffff-2015-05,19
84cfa47ffffffff-2015-06,13
84cfa47ffffffff-2015-07,20
84cfa47ffffffff-2015-08,13
84cfa47ffffffff-2015-09,39
84cfa47ffffffff-2015-10,34
84cfa47ffffffff-2015-11,14
84cfa47ffffffff-2015-12,9
84cfa47ffffffff-2016-01,10
84cfa47ffffffff-2016-02,6
84cfa47ffffffff-2016-03,18
84cfa47ffffffff-2016-04,6
84cfa47ffffffff-2016-05,5
84cfa47ffffffff-2016-06,15
84cfa47ffffffff-2016-07,19
84cfa47ffffffff-2016-08,15
84cfa47ffffffff-2016-09,35
84cfa47ffffffff-2016-10,68
84cfa47ffffffff-2016-11,41
84cfa47ffffffff-2016-12,22
84cfa47ffffffff-2017-01,29
84cfa47ffffffff-2017-02,20
84cfa47ffffffff-2017-03,20
84cfa47ffffffff-2017-04,21
84cfa47ffffffff-2017-05,16
84cfa47ffffffff-2017-06,5
84cfa47ffffffff-2017-07,6
84cfa47ffffffff-2017-08,12
84cfa47ffffffff-2017-09,12
84cfa47ffffffff-2017-10,13
84cfa47ffffffff-2017-11,18
84cfa47ffffffff-2017-12,48
84cfa47ffffffff-2018-01,71
84cfa47ffffffff-2018-02,57
84cfa47ffffffff-2018-03,62
84cfa47ffffffff-2018-04,9
84cfa47ffffffff-2018-05,9
84cfa47ffffffff-2018-06,24
84cfa47ffffffff-2018-07,63
84cfa47ffffffff-2018-08,33
84cfa47ffffffff-2018-09,51
84cfa47ffffffff-2018-10,112
84cfa47ffffffff-2018-11,73
84cfa47ffffffff-2018-12,46
84cfa47ffffffff-2019-01,88
84cfa47ffffffff-2019-02,80
84cfa47ffffffff-2019-03,54
84cfa47ffffffff-2019-04,43
84cfa47ffffffff-2019-05,35
84cfa47ffffffff-2019-06,16
84cfa47ffffffff-2019-07,32
84cfa47ffffffff-2019-08,36
84cfa47ffffffff-2019-09,54
84cfa47ffffffff-2019-10,59
84cfa47ffffffff-2019-11,18
84cfa47ffffffff-2019-12,22
84cfa47ffffffff-2020-01,40
84cfa47ffffffff-2020-02,34
84cfa47ffffffff-2020-03,19
84cfa47ffffffff-2020-05,19
84cfa47ffffffff-2020-06,11
84cfa47ffffffff-2020-07,14
84cfa47ffffffff-2020-08,7
84cfa47ffffffff-2020-09,12
84cfa47ffffffff-2020-10,47
84cfa47ffffffff-2020-11,18
84cfa47ffffffff-2020-12,20
84cfa47ffffffff-2021-01,20
84cfa47ffffffff-2021-02,18
84cfa47ffffffff-2021-03,5
84cfa47ffffffff-2021-04,7
84cfa47ffffffff-2021-05,3
84cfa47ffffffff-2021-06,27
84cfa47ffffffff-2021-07,40
84cfa47ffffffff-2021-08,18
84cfa47ffffffff-2021-09,47
84cfa47ffffffff-2021-10,66
84cfa47ffffffff-2021-11,37
84cfa47ffffffff-2021-12,14
84cfa47ffffffff-2022-01,34
84cfa47ffffffff-2022-02,31
84cfa47ffffffff-2022-03,33
84cfa47ffffffff-2022-04,28
84cfa47ffffffff-2022-05,43
84cfa47ffffffff-2022-06,45
84cfa47ffffffff-2022-07,29
84cfa47ffffffff-2022-08,70
84cfa47ffffffff-2022-09,71
84cfa47ffffffff-2022-10,46
84cfa47ffffffff-2022-11,37
84cfa47ffffffff-2022-12,27
84cfa47ffffffff-2023-01,38
84cfa47ffffffff-2023-02,28
84cfa47ffffffff-2023-03,42
84cfa47ffffffff-2023-04,13
84cfa47ffffffff-2023-05,36
84cfa47ffffffff-2023-06,25
84cfa47ffffffff-2023-07,12
84cfa47ffffffff-2023-08,33
84cfa47ffffffff-2023-09,48
84cfa47ffffffff-2023-10,32
84cfa47ffffffff-2023-11,25
84cfa49ffffffff-2012-05,2
84cfa49ffffffff-2012-11,2
84cfa49ffffffff-2013-03,1
84cfa49ffffffff-2013-08,1
84cfa49ffffffff-2013-10,8
84cfa49ffffffff-2013-11,3
84cfa49ffffffff-2013-12,1
84cfa49ffffffff-2014-01,6
84cfa49ffffffff-2014-10,11
84cfa49ffffffff-2014-11,1
84cfa49ffffffff-2014-12,4
84cfa49ffffffff-2015-11,2
84cfa49ffffffff-2016-09,3
84cfa49ffffffff-2016-11,11
84cfa49ffffffff-2017-02,9
84cfa49ffffffff-2017-03,1
84cfa49ffffffff-2017-11,11
84cfa49ffffffff-2017-12,1
84cfa49ffffffff-2018-01,2
84cfa49ffffffff-2018-02,4
84cfa49ffffffff-2018-03,2
84cfa49ffffffff-2018-10,4
84cfa49ffffffff-2018-11,15
84cfa49ffffffff-2018-12,5
84cfa49ffffffff-2019-01,4
84cfa49ffffffff-2019-04,3
84cfa49ffffffff-2019-05,9
84cfa49ffffffff-2019-10,2
84cfa49ffffffff-2019-11,29
84cfa49ffffffff-2019-12,11
84cfa49ffffffff-2020-01,1
84cfa49ffffffff-2020-05,1
84cfa49ffffffff-2020-08,4
84cfa49ffffffff-2020-10,2
84cfa49ffffffff-2020-12,3
84cfa49ffffffff-2021-02,1
84cfa49ffffffff-2021-03,3
84cfa49ffffffff-2021-04,1
84cfa49ffffffff-2021-06,1
84cfa49ffffffff-2021-07,2
84cfa49ffffffff-2021-10,5
84cfa49ffffffff-2021-12,5
84cfa49ffffffff-2022-01,3
84cfa49ffffffff-2022-04,1
84cfa49ffffffff-2022-08,4
84cfa49ffffffff-2022-10,17
84cfa49ffffffff-2022-11,33
84cfa49ffffffff-2022-12,16
84cfa49ffffffff-2023-01,23
84cfa49ffffffff-2023-02,11
84cfa49ffffffff-2023-03,5
84cfa49ffffffff-2023-04,5
84cfa49ffffffff-2023-05,1
84cfa49ffffffff-2023-08,2
84cfa49ffffffff-2023-09,1
84cfa49ffffffff-2023-10,3
84cfa4bffffffff-2012-03,1
84cfa4bffffffff-2012-12,1
84cfa4bffffffff-2013-10,1
84cfa4bffffffff-2014-12,2
84cfa4bffffffff-2015-01,2
84cfa4bffffffff-2015-10,3
84cfa4bffffffff-2015-11,1
84cfa4bffffffff-2016-10,1
84cfa4bffffffff-2016-11,2
84cfa4bffffffff-2017-03,1
84cfa4bffffffff-2017-11,2
84cfa4bffffffff-2018-01,2
84cfa4bffffffff-2018-02,3
84cfa4bffffffff-2018-10,1
84cfa4bffffffff-2018-11,3
84cfa4bffffffff-2018-12,2
84cfa4bffffffff-2019-01,1
84cfa4bffffffff-2019-03,2
84cfa4bffffffff-2019-11,1
84cfa4bffffffff-2020-01,2
84cfa4bffffffff-2020-02,1
84cfa4bffffffff-2020-12,1
84cfa4bffffffff-2021-01,2
84cfa4bffffffff-2021-02,2
84cfa4bffffffff-2021-03,5
84cfa4bffffffff-2021-10,2
84cfa4bffffffff-2021-11,2
84cfa4bffffffff-2021-12,5
84cfa4bffffffff-2022-01,2
84cfa4bffffffff-2022-03,3
84cfa4bffffffff-2022-04,1
84cfa4bffffffff-2022-10,4
84cfa4bffffffff-2022-11,5
84cfa4bffffffff-2023-02,2
84cfa4bffffffff-2023-04,2
84cfa4bffffffff-2023-09,1
84cfa4bffffffff-2023-10,4
84cfa4bffffffff-2023-11,2
84cfa4dffffffff-2014-11,1
84cfa4dffffffff-2015-10,1
84cfa4dffffffff-2016-12,3
84cfa4dffffffff-2018-05,2
84cfa4dffffffff-2018-06,4
84cfa4dffffffff-2018-10,2
84cfa4dffffffff-2019-08,1
84cfa4dffffffff-2020-01,3
84cfa51ffffffff-2017-02,1
84cfa51ffffffff-2019-01,1
84cfa55ffffffff-2014-10,1
84cfa55ffffffff-2015-10,1
84cfa55ffffffff-2016-10,1
84cfa55ffffffff-2017-02,1
84cfa55ffffffff-2017-04,2
84cfa55ffffffff-2019-01,1
84cfa55ffffffff-2020-01,3
84cfa55ffffffff-2020-11,2
84cfa55ffffffff-2020-12,1
84cfa57ffffffff-2015-10,4
84cfa57ffffffff-2023-02,1
84cfa59ffffffff-2013-10,2
84cfa59ffffffff-2016-01,1
84cfa59ffffffff-2018-10,2
84cfa59ffffffff-2018-11,3
84cfa59ffffffff-2019-01,3
84cfa59ffffffff-2020-09,2
84cfa59ffffffff-2020-12,4
84cfa59ffffffff-2021-01,2
84cfa59ffffffff-2022-11,1
84cfa5bffffffff-2021-12,4
84cfa5bffffffff-2022-03,3
84cfa5bffffffff-2022-10,3
84cfa5bffffffff-2023-01,3
84cfa5dffffffff-2021-10,6
84cfa5dffffffff-2021-12,11
84cfa5dffffffff-2022-10,2
84cfa5dffffffff-2023-02,2
84cfa5dffffffff-2023-03,1
84cfa5dffffffff-2023-10,4
84cfa81ffffffff-2012-02,1
84cfa81ffffffff-2016-11,2
84cfa81ffffffff-2018-10,1
84cfa81ffffffff-2018-12,1
84cfa81ffffffff-2019-02,2
84cfa81ffffffff-2019-08,1
84cfa81ffffffff-2020-02,1
84cfa81ffffffff-2020-10,1
84cfa81ffffffff-2021-02,4
84cfa81ffffffff-2021-04,2
84cfa81ffffffff-2021-07,1
84cfa81ffffffff-2021-09,1
84cfa81ffffffff-2021-10,2
84cfa81ffffffff-2022-02,3
84cfa81ffffffff-2022-03,2
84cfa81ffffffff-2022-10,2
84cfa81ffffffff-2022-11,2
84cfa81ffffffff-2022-12,1
84cfa81ffffffff-2023-02,2
84cfa81ffffffff-2023-10,1
84cfa89ffffffff-2014-03,1
84cfa89ffffffff-2014-09,1
84cfa89ffffffff-2015-03,2
84cfa89ffffffff-2017-03,2
84cfa89ffffffff-2018-10,1
84cfa89ffffffff-2018-11,1
84cfa89ffffffff-2020-06,1
84cfa89ffffffff-2021-03,1
84cfa89ffffffff-2022-01,1
84cfa89ffffffff-2022-06,1
84cfa89ffffffff-2022-11,1
84cfa89ffffffff-2023-03,1
84cfaa1ffffffff-2013-12,2
84cfaa1ffffffff-2015-02,1
84cfaa1ffffffff-2015-03,5
84cfaa1ffffffff-2016-02,3
84cfaa1ffffffff-2016-03,28
84cfaa1ffffffff-2017-01,58
84cfaa1ffffffff-2017-02,2
84cfaa1ffffffff-2017-12,2
84cfaa1ffffffff-2018-01,4
84cfaa1ffffffff-2018-03,2
84cfaa1ffffffff-2019-01,61
84cfaa1ffffffff-2019-02,89
84cfaa1ffffffff-2020-02,9
84cfaa1ffffffff-2021-01,85
84cfaa1ffffffff-2021-02,10
84cfaa1ffffffff-2021-03,3
84cfaa1ffffffff-2021-10,4
84cfaa1ffffffff-2021-11,1
84cfaa1ffffffff-2021-12,21
84cfaa1ffffffff-2022-01,26
84cfaa1ffffffff-2022-02,47
84cfaa1ffffffff-2022-12,15
84cfaa1ffffffff-2023-01,126
84cfaa1ffffffff-2023-02,67
84cfaa1ffffffff-2023-03,52
84cfaa1ffffffff-2023-04,9
84cfaa1ffffffff-2023-10,3
84cfaa1ffffffff-2023-11,22
84cfaa3ffffffff-2021-03,18
84cfaa3ffffffff-2021-12,1
84cfaa3ffffffff-2022-10,2
84cfaa3ffffffff-2023-01,1
84cfaa5ffffffff-2016-02,1
84cfaa5ffffffff-2023-01,1
84cfaa7ffffffff-2022-03,8
84cfaa9ffffffff-2018-03,1
84cfaa9ffffffff-2021-03,1
84cfaa9ffffffff-2023-03,1
84cfaabffffffff-2013-10,1
84cfaabffffffff-2022-01,3
84cfaadffffffff-2012-11,1
84cfaadffffffff-2012-12,1
84cfaadffffffff-2013-12,4
84cfaadffffffff-2015-01,1
84cfaadffffffff-2016-03,1
84cfaadffffffff-2016-04,1
84cfaadffffffff-2016-11,3
84cfaadffffffff-2016-12,2
84cfaadffffffff-2017-01,28
84cfaadffffffff-2017-02,3
84cfaadffffffff-2017-09,1
84cfaadffffffff-2017-10,8
84cfaadffffffff-2017-11,2
84cfaadffffffff-2017-12,1
84cfaadffffffff-2018-02,3
84cfaadffffffff-2018-04,2
84cfaadffffffff-2018-11,7
84cfaadffffffff-2018-12,1
84cfaadffffffff-2019-01,8
84cfaadffffffff-2019-02,2
84cfaadffffffff-2019-03,8
84cfaadffffffff-2019-10,1
84cfaadffffffff-2019-11,1
84cfaadffffffff-2019-12,1
84cfaadffffffff-2020-01,1
84cfaadffffffff-2020-02,4
84cfaadffffffff-2020-11,2
84cfaadffffffff-2020-12,8
84cfaadffffffff-2021-01,6
84cfaadffffffff-2021-02,3
84cfaadffffffff-2021-03,1
84cfaadffffffff-2021-10,3
84cfaadffffffff-2021-12,29
84cfaadffffffff-2022-01,4
84cfaadffffffff-2022-02,6
84cfaadffffffff-2022-03,1
84cfaadffffffff-2022-04,3
84cfaadffffffff-2022-09,4
84cfaadffffffff-2022-11,11
84cfaadffffffff-2022-12,4
84cfaadffffffff-2023-01,8
84cfaadffffffff-2023-02,16
84cfaadffffffff-2023-10,5
84cfaadffffffff-2023-11,12
84cfab5ffffffff-2021-03,1
84cfab5ffffffff-2021-11,1
84cfac3ffffffff-2020-03,1
84cfac3ffffffff-2022-02,1
84cfac5ffffffff-2019-12,1
84cfac5ffffffff-2020-08,1
84cfac5ffffffff-2022-11,1
84cfac7ffffffff-2013-12,1
84cfac7ffffffff-2016-12,1
84cfac7ffffffff-2017-04,4
84cfac7ffffffff-2018-04,2
84cfac7ffffffff-2019-10,1
84cfac7ffffffff-2020-02,2
84cfac7ffffffff-2021-02,1
84cfac7ffffffff-2021-08,1
84cfac7ffffffff-2021-09,1
84cfac7ffffffff-2022-02,2
84cfac7ffffffff-2022-10,2
84cfac7ffffffff-2022-11,2
84cfac7ffffffff-2022-12,2
84cfac7ffffffff-2023-09,4
84cfac9ffffffff-2014-11,4
84cfac9ffffffff-2014-12,2
84cfac9ffffffff-2015-03,2
84cfac9ffffffff-2015-10,2
84cfac9ffffffff-2017-01,1
84cfac9ffffffff-2017-03,3
84cfac9ffffffff-2017-07,1
84cfac9ffffffff-2017-11,2
84cfac9ffffffff-2018-03,3
84cfac9ffffffff-2018-04,2
84cfac9ffffffff-2018-07,1
84cfac9ffffffff-2018-08,1
84cfac9ffffffff-2018-11,3
84cfac9ffffffff-2019-02,1
84cfac9ffffffff-2019-03,2
84cfac9ffffffff-2019-05,1
84cfac9ffffffff-2019-06,2
84cfac9ffffffff-2019-10,3
84cfac9ffffffff-2019-11,5
84cfac9ffffffff-2019-12,1
84cfac9ffffffff-2020-01,3
84cfac9ffffffff-2020-02,2
84cfac9ffffffff-2020-03,1
84cfac9ffffffff-2020-09,1
84cfac9ffffffff-2020-10,1
84cfac9ffffffff-2020-11,1
84cfac9ffffffff-2021-01,1
84cfac9ffffffff-2021-02,4
84cfac9ffffffff-2021-03,8
84cfac9ffffffff-2021-05,1
84cfac9ffffffff-2021-07,4
84cfac9ffffffff-2021-08,1
84cfac9ffffffff-2021-11,4
84cfac9ffffffff-2021-12,8
84cfac9ffffffff-2022-07,2
84cfac9ffffffff-2022-09,1
84cfac9ffffffff-2022-10,5
84cfac9ffffffff-2022-11,10
84cfac9ffffffff-2022-12,7
84cfac9ffffffff-2023-01,5
84cfac9ffffffff-2023-03,2
84cfac9ffffffff-2023-04,1
84cfac9ffffffff-2023-09,1
84cfac9ffffffff-2023-10,26
84cfacbffffffff-2014-03,1
84cfacbffffffff-2021-09,1
84cfacdffffffff-2012-02,1
84cfacdffffffff-2012-03,1
84cfacdffffffff-2012-09,1
84cfacdffffffff-2012-10,1
84cfacdffffffff-2012-11,3
84cfacdffffffff-2012-12,6
84cfacdffffffff-2013-01,1
84cfacdffffffff-2013-02,1
84cfacdffffffff-2013-03,5
84cfacdffffffff-2013-04,2
84cfacdffffffff-2013-07,1
84cfacdffffffff-2013-10,3
84cfacdffffffff-2013-11,5
84cfacdffffffff-2013-12,15
84cfacdffffffff-2014-01,2
84cfacdffffffff-2014-02,2
84cfacdffffffff-2014-03,2
84cfacdffffffff-2014-05,2
84cfacdffffffff-2014-06,16
84cfacdffffffff-2014-07,5
84cfacdffffffff-2014-08,5
84cfacdffffffff-2014-09,2
84cfacdffffffff-2014-10,2
84cfacdffffffff-2014-11,8
84cfacdffffffff-2014-12,8
84cfacdffffffff-2015-01,8
84cfacdffffffff-2015-02,3
84cfacdffffffff-2015-03,6
84cfacdffffffff-2015-04,4
84cfacdffffffff-2015-05,8
84cfacdffffffff-2015-07,2
84cfacdffffffff-2015-08,1
84cfacdffffffff-2015-09,4
84cfacdffffffff-2015-10,14
84cfacdffffffff-2015-11,7
84cfacdffffffff-2015-12,9
84cfacdffffffff-2016-01,8
84cfacdffffffff-2016-02,5
84cfacdffffffff-2016-03,4
84cfacdffffffff-2016-04,1
84cfacdffffffff-2016-05,9
84cfacdffffffff-2016-06,1
84cfacdffffffff-2016-09,6
84cfacdffffffff-2016-10,21
84cfacdffffffff-2016-11,15
84cfacdffffffff-2016-12,11
84cfacdffffffff-2017-01,43
84cfacdffffffff-2017-02,11
84cfacdffffffff-2017-03,3
84cfacdffffffff-2017-04,6
84cfacdffffffff-2017-05,11
84cfacdffffffff-2017-06,2
84cfacdffffffff-2017-07,3
84cfacdffffffff-2017-08,4
84cfacdffffffff-2017-09,18
84cfacdffffffff-2017-10,13
84cfacdffffffff-2017-11,8
84cfacdffffffff-2017-12,19
84cfacdffffffff-2018-01,18
84cfacdffffffff-2018-02,22
84cfacdffffffff-2018-03,7
84cfacdffffffff-2018-04,1
84cfacdffffffff-2018-05,2
84cfacdffffffff-2018-06,4
84cfacdffffffff-2018-07,6
84cfacdffffffff-2018-08,13
84cfacdffffffff-2018-09,6
84cfacdffffffff-2018-10,31
84cfacdffffffff-2018-11,36
84cfacdffffffff-2018-12,20
84cfacdffffffff-2019-01,24
84cfacdffffffff-2019-02,26
84cfacdffffffff-2019-03,7
84cfacdffffffff-2019-04,8
84cfacdffffffff-2019-05,10
84cfacdffffffff-2019-07,1
84cfacdffffffff-2019-09,2
84cfacdffffffff-2019-10,11
84cfacdffffffff-2019-11,33
84cfacdffffffff-2019-12,25
84cfacdffffffff-2020-01,23
84cfacdffffffff-2020-02,20
84cfacdffffffff-2020-03,7
84cfacdffffffff-2020-04,1
84cfacdffffffff-2020-05,9
84cfacdffffffff-2020-06,5
84cfacdffffffff-2020-07,13
84cfacdffffffff-2020-08,3
84cfacdffffffff-2020-09,9
84cfacdffffffff-2020-10,8
84cfacdffffffff-2020-11,4
84cfacdffffffff-2020-12,1
84cfacdffffffff-2021-01,14
84cfacdffffffff-2021-02,12
84cfacdffffffff-2021-03,15
84cfacdffffffff-2021-04,10
84cfacdffffffff-2021-05,22
84cfacdffffffff-2021-06,8
84cfacdffffffff-2021-07,11
84cfacdffffffff-2021-08,7
84cfacdffffffff-2021-09,9
84cfacdffffffff-2021-10,27
84cfacdffffffff-2021-11,16
84cfacdffffffff-2021-12,11
84cfacdffffffff-2022-01,28
84cfacdffffffff-2022-02,22
84cfacdffffffff-2022-03,8
84cfacdffffffff-2022-04,6
84cfacdffffffff-2022-05,6
84cfacdffffffff-2022-06,4
84cfacdffffffff-2022-07,1
84cfacdffffffff-2022-08,2
84cfacdffffffff-2022-09,12
84cfacdffffffff-2022-10,65
84cfacdffffffff-2022-11,70
84cfacdffffffff-2022-12,70
84cfacdffffffff-2023-01,63
84cfacdffffffff-2023-02,42
84cfacdffffffff-2023-03,29
84cfacdffffffff-2023-04,29
84cfacdffffffff-2023-05,7
84cfacdffffffff-2023-06,1
84cfacdffffffff-2023-07,10
84cfacdffffffff-2023-08,1
84cfacdffffffff-2023-09,17
84cfacdffffffff-2023-10,69
84cfacdffffffff-2023-11,76
84cfae1ffffffff-2013-12,1
84cfae1ffffffff-2015-02,1
84cfae1ffffffff-2016-11,1
84cfae3ffffffff-2013-01,1
84cfae3ffffffff-2014-01,3
84cfae3ffffffff-2015-01,3
84cfae3ffffffff-2015-02,11
84cfae3ffffffff-2015-04,4
84cfae3ffffffff-2016-02,2
84cfae3ffffffff-2016-03,3
84cfae3ffffffff-2016-11,3
84cfae3ffffffff-2021-01,1
84cfae3ffffffff-2023-02,1
84cfae7ffffffff-2016-03,1
84cfae7ffffffff-2016-04,1
84cfae7ffffffff-2016-09,7
84cfae7ffffffff-2020-01,2
84cfae7ffffffff-2020-12,4
84cfae7ffffffff-2021-03,2
84cfae7ffffffff-2021-12,3
84cfae7ffffffff-2022-01,1
84cfae7ffffffff-2022-02,1
84cfae7ffffffff-2023-02,3
84cfae7ffffffff-2023-09,18
84cfaebffffffff-2015-01,1
84cfaebffffffff-2021-04,1
84cfaebffffffff-2023-01,1
84cfb11ffffffff-2021-04,1
84cfb13ffffffff-2013-12,4
84cfb13ffffffff-2014-11,1
84cfb13ffffffff-2015-01,1
84cfb13ffffffff-2015-10,1
84cfb13ffffffff-2016-11,1
84cfb13ffffffff-2016-12,1
84cfb13ffffffff-2017-01,1
84cfb13ffffffff-2017-02,2
84cfb13ffffffff-2017-12,1
84cfb13ffffffff-2018-02,2
84cfb13ffffffff-2018-05,2
84cfb13ffffffff-2018-07,2
84cfb13ffffffff-2018-10,1
84cfb13ffffffff-2018-12,3
84cfb13ffffffff-2019-01,7
84cfb13ffffffff-2019-03,1
84cfb13ffffffff-2019-04,1
84cfb13ffffffff-2019-08,1
84cfb13ffffffff-2019-10,2
84cfb13ffffffff-2019-12,2
84cfb13ffffffff-2020-01,4
84cfb13ffffffff-2021-04,7
84cfb13ffffffff-2021-06,1
84cfb13ffffffff-2021-07,4
84cfb13ffffffff-2021-10,1
84cfb13ffffffff-2021-12,7
84cfb13ffffffff-2022-01,1
84cfb13ffffffff-2022-02,1
84cfb13ffffffff-2022-03,3
84cfb13ffffffff-2022-04,2
84cfb13ffffffff-2022-05,4
84cfb13ffffffff-2022-07,1
84cfb13ffffffff-2022-10,1
84cfb13ffffffff-2022-12,2
84cfb13ffffffff-2023-01,1
84cfb13ffffffff-2023-02,6
84cfb13ffffffff-2023-03,1
84cfb13ffffffff-2023-04,1
84cfb13ffffffff-2023-10,2
84cfb13ffffffff-2023-11,1
84df419ffffffff-2021-11,6
84df419ffffffff-2021-12,8
84df419ffffffff-2022-10,19
84df419ffffffff-2022-11,9
84df419ffffffff-2022-12,8
84df419ffffffff-2023-01,6
84df419ffffffff-2023-02,10
84df419ffffffff-2023-03,3
84df419ffffffff-2023-04,3
84df419ffffffff-2023-10,4
84df419ffffffff-2023-11,1
84df41bffffffff-2013-11,1
84df41bffffffff-2020-12,1
84df41bffffffff-2021-05,2
84df41bffffffff-2023-04,2
84df457ffffffff-2023-01,1
84df457ffffffff-2023-03,1
84df4d9ffffffff-2016-05,2
84df4d9ffffffff-2017-02,2
84df4d9ffffffff-2017-05,2
84df4d9ffffffff-2017-11,1
84df4d9ffffffff-2020-08,2
84df4d9ffffffff-2021-06,1
84df4d9ffffffff-2021-07,2
84df4d9ffffffff-2023-04,3
84df4d9ffffffff-2023-05,1
84df4d9ffffffff-2023-08,2
84df683ffffffff-2012-11,1
84df683ffffffff-2013-10,6
84df683ffffffff-2013-11,1
84df683ffffffff-2013-12,1
84df683ffffffff-2014-01,1
84df683ffffffff-2014-04,1
84df683ffffffff-2014-12,2
84df683ffffffff-2015-03,3
84df683ffffffff-2015-04,18
84df683ffffffff-2015-05,5
84df683ffffffff-2015-06,6
84df683ffffffff-2015-10,1
84df683ffffffff-2015-11,6
84df683ffffffff-2016-02,1
84df683ffffffff-2016-03,5
84df683ffffffff-2016-05,2
84df683ffffffff-2016-12,2
84df683ffffffff-2017-01,10
84df683ffffffff-2017-02,24
84df683ffffffff-2017-03,4
84df683ffffffff-2017-04,7
84df683ffffffff-2017-05,2
84df683ffffffff-2017-11,1
84df683ffffffff-2017-12,1
84df683ffffffff-2018-01,1
84df683ffffffff-2018-02,2
84df683ffffffff-2018-03,3
84df683ffffffff-2018-04,1
84df683ffffffff-2018-05,2
84df683ffffffff-2018-07,1
84df683ffffffff-2018-08,3
84df683ffffffff-2018-12,6
84df683ffffffff-2019-02,13
84df683ffffffff-2019-03,6
84df683ffffffff-2019-04,4
84df683ffffffff-2019-05,1
84df683ffffffff-2019-06,1
84df683ffffffff-2019-08,1
84df683ffffffff-2019-10,2
84df683ffffffff-2019-11,1
84df683ffffffff-2019-12,1
84df683ffffffff-2020-04,3
84df683ffffffff-2020-05,6
84df683ffffffff-2020-07,1
84df683ffffffff-2021-03,7
84df683ffffffff-2021-04,2
84df683ffffffff-2021-05,1
84df683ffffffff-2021-06,6
84df683ffffffff-2021-08,2
84df683ffffffff-2021-11,2
84df683ffffffff-2021-12,10
84df683ffffffff-2022-02,10
84df683ffffffff-2022-03,5
84df683ffffffff-2022-04,8
84df683ffffffff-2022-10,19
84df683ffffffff-2023-01,11
84df683ffffffff-2023-03,7
84df683ffffffff-2023-04,4
84df683ffffffff-2023-07,2
84df683ffffffff-2023-09,2
84df683ffffffff-2023-10,2
84df683ffffffff-2023-11,11
84df687ffffffff-2013-11,2
84df687ffffffff-2014-10,10
84df687ffffffff-2014-11,1
84df687ffffffff-2015-10,1
84df687ffffffff-2015-11,2
84df687ffffffff-2015-12,1
84df687ffffffff-2016-01,1
84df687ffffffff-2016-03,1
84df687ffffffff-2016-11,23
84df687ffffffff-2016-12,2
84df687ffffffff-2017-01,3
84df687ffffffff-2017-02,4
84df687ffffffff-2017-03,4
84df687ffffffff-2017-04,1
84df687ffffffff-2018-01,1
84df687ffffffff-2018-03,2
84df687ffffffff-2018-05,1
84df687ffffffff-2018-10,1
84df687ffffffff-2018-11,3
84df687ffffffff-2018-12,4
84df687ffffffff-2019-01,3
84df687ffffffff-2019-02,2
84df687ffffffff-2019-11,12
84df687ffffffff-2019-12,4
84df687ffffffff-2020-01,3
84df687ffffffff-2020-02,1
84df687ffffffff-2020-04,1
84df687ffffffff-2020-05,6
84df687ffffffff-2020-10,1
84df687ffffffff-2020-12,2
84df687ffffffff-2021-03,2
84df687ffffffff-2021-04,3
84df687ffffffff-2021-12,5
84df687ffffffff-2022-02,2
84df687ffffffff-2022-11,4
84df687ffffffff-2022-12,4
84df687ffffffff-2023-01,15
84df687ffffffff-2023-08,2
84df687ffffffff-2023-11,3
84df689ffffffff-2013-04,1
84df689ffffffff-2014-05,1
84df689ffffffff-2015-03,2
84df689ffffffff-2015-09,1
84df689ffffffff-2016-02,1
84df689ffffffff-2016-05,2
84df689ffffffff-2016-06,2
84df689ffffffff-2016-07,3
84df689ffffffff-2016-08,2
84df689ffffffff-2017-04,3
84df689ffffffff-2018-02,3
84df689ffffffff-2018-04,2
84df689ffffffff-2018-05,4
84df689ffffffff-2018-06,3
84df689ffffffff-2018-07,2
84df689ffffffff-2018-08,2
84df689ffffffff-2021-03,1
84df689ffffffff-2022-07,2
84df689ffffffff-2023-04,1
84df689ffffffff-2023-06,4
84df68bffffffff-2012-04,3
84df68bffffffff-2012-05,2
84df68bffffffff-2012-06,5
84df68bffffffff-2012-07,3
84df68bffffffff-2012-08,2
84df68bffffffff-2013-01,1
84df68bffffffff-2013-03,2
84df68bffffffff-2013-04,3
84df68bffffffff-2013-06,3
84df68bffffffff-2013-07,2
84df68bffffffff-2013-08,1
84df68bffffffff-2014-03,2
84df68bffffffff-2014-04,1
84df68bffffffff-2014-05,6
84df68bffffffff-2014-06,1
84df68bffffffff-2014-07,6
84df68bffffffff-2014-08,7
84df68bffffffff-2015-03,1
84df68bffffffff-2015-04,4
84df68bffffffff-2015-05,2
84df68bffffffff-2015-06,8
84df68bffffffff-2015-07,2
84df68bffffffff-2016-02,7
84df68bffffffff-2016-03,2
84df68bffffffff-2016-05,2
84df68bffffffff-2016-06,6
84df68bffffffff-2016-07,4
84df68bffffffff-2016-08,5
84df68bffffffff-2016-11,6
84df68bffffffff-2017-06,1
84df68bffffffff-2017-07,2
84df68bffffffff-2018-05,4
84df68bffffffff-2018-07,4
84df68bffffffff-2018-08,4
84df68bffffffff-2019-07,15
84df68bffffffff-2019-08,1
84df68bffffffff-2019-09,1
84df68bffffffff-2019-10,1
84df68bffffffff-2020-03,2
84df68bffffffff-2020-05,4
84df68bffffffff-2020-06,1
84df68bffffffff-2020-07,5
84df68bffffffff-2020-08,3
84df68bffffffff-2021-05,1
84df68bffffffff-2021-06,7
84df68bffffffff-2021-07,3
84df68bffffffff-2022-05,1
84df68bffffffff-2022-06,1
84df68bffffffff-2022-07,4
84df68bffffffff-2022-08,1
84df68bffffffff-2022-10,2
84df68bffffffff-2023-01,5
84df68bffffffff-2023-03,2
84df68bffffffff-2023-04,11
84df68bffffffff-2023-07,1
84df68bffffffff-2023-08,1
84df691ffffffff-2013-11,1
84df691ffffffff-2015-12,1
84df691ffffffff-2016-09,1
84df691ffffffff-2016-10,2
84df691ffffffff-2016-12,2
84df691ffffffff-2017-01,3
84df691ffffffff-2017-06,1
84df691ffffffff-2017-10,1
84df691ffffffff-2017-12,5
84df691ffffffff-2018-01,3
84df691ffffffff-2018-02,3
84df691ffffffff-2018-04,1
84df691ffffffff-2018-05,3
84df691ffffffff-2018-12,1
84df691ffffffff-2019-01,1
84df691ffffffff-2019-04,1
84df691ffffffff-2019-09,1
84df691ffffffff-2019-10,1
84df691ffffffff-2019-11,1
84df691ffffffff-2019-12,6
84df691ffffffff-2020-01,3
84df691ffffffff-2020-03,5
84df691ffffffff-2020-10,2
84df691ffffffff-2020-11,7
84df691ffffffff-2020-12,4
84df691ffffffff-2021-01,1
84df691ffffffff-2021-02,6
84df691ffffffff-2021-03,2
84df691ffffffff-2021-04,1
84df691ffffffff-2021-05,1
84df691ffffffff-2021-06,5
84df691ffffffff-2021-07,4
84df691ffffffff-2021-08,2
84df691ffffffff-2021-10,3
84df691ffffffff-2021-12,4
84df691ffffffff-2022-01,1
84df691ffffffff-2022-02,3
84df691ffffffff-2022-03,3
84df691ffffffff-2022-04,1
84df691ffffffff-2022-05,5
84df691ffffffff-2022-08,2
84df691ffffffff-2022-11,2
84df691ffffffff-2022-12,1
84df691ffffffff-2023-01,3
84df691ffffffff-2023-03,4
84df691ffffffff-2023-04,1
84df691ffffffff-2023-07,4
84df691ffffffff-2023-08,4
84df691ffffffff-2023-09,2
84df691ffffffff-2023-10,3
84df693ffffffff-2019-11,1
84df693ffffffff-2019-12,1
84df693ffffffff-2020-02,1
84df693ffffffff-2020-03,1
84df693ffffffff-2020-11,2
84df693ffffffff-2020-12,2
84df693ffffffff-2021-01,5
84df693ffffffff-2021-03,4
84df693ffffffff-2021-11,1
84df693ffffffff-2022-02,3
84df693ffffffff-2023-04,1
84df693ffffffff-2023-10,9
84df693ffffffff-2023-11,1
84df695ffffffff-2017-02,5
84df695ffffffff-2019-12,1
84df695ffffffff-2020-04,2
84df695ffffffff-2021-03,1
84df695ffffffff-2021-10,4
84df695ffffffff-2022-03,1
84df695ffffffff-2022-04,1
84df695ffffffff-2022-09,2
84df695ffffffff-2022-10,1
84df695ffffffff-2022-11,1
84df695ffffffff-2023-01,5
84df695ffffffff-2023-02,1
84df695ffffffff-2023-06,2
84df695ffffffff-2023-07,1
84df695ffffffff-2023-08,1
84df695ffffffff-2023-10,1
84df697ffffffff-2012-05,1
84df697ffffffff-2014-01,3
84df697ffffffff-2016-09,5
84df697ffffffff-2016-10,1
84df697ffffffff-2016-11,1
84df697ffffffff-2016-12,1
84df697ffffffff-2017-02,4
84df697ffffffff-2017-03,8
84df697ffffffff-2017-08,2
84df697ffffffff-2017-09,1
84df697ffffffff-2018-01,4
84df697ffffffff-2018-02,1
84df697ffffffff-2018-05,2
84df697ffffffff-2018-10,10
84df697ffffffff-2018-12,2
84df697ffffffff-2019-02,1
84df697ffffffff-2019-03,3
84df697ffffffff-2019-05,6
84df697ffffffff-2019-10,2
84df697ffffffff-2019-11,14
84df697ffffffff-2019-12,4
84df697ffffffff-2020-02,1
84df697ffffffff-2020-03,3
84df697ffffffff-2020-08,7
84df697ffffffff-2020-09,6
84df697ffffffff-2020-10,2
84df697ffffffff-2020-12,4
84df697ffffffff-2021-01,2
84df697ffffffff-2021-02,7
84df697ffffffff-2021-03,1
84df697ffffffff-2021-04,1
84df697ffffffff-2021-10,4
84df697ffffffff-2021-11,8
84df697ffffffff-2021-12,4
84df697ffffffff-2022-01,4
84df697ffffffff-2022-02,10
84df697ffffffff-2022-03,3
84df697ffffffff-2022-04,2
84df697ffffffff-2022-08,6
84df697ffffffff-2022-09,2
84df697ffffffff-2022-10,2
84df697ffffffff-2022-11,1
84df697ffffffff-2022-12,8
84df697ffffffff-2023-01,3
84df697ffffffff-2023-02,7
84df697ffffffff-2023-04,6
84df697ffffffff-2023-08,1
84df697ffffffff-2023-09,2
84df697ffffffff-2023-10,7
84df697ffffffff-2023-11,2
84df699ffffffff-2012-04,1
84df699ffffffff-2012-05,3
84df699ffffffff-2012-11,1
84df699ffffffff-2013-04,1
84df699ffffffff-2013-06,2
84df699ffffffff-2013-07,4
84df699ffffffff-2013-10,8
84df699ffffffff-2013-11,1
84df699ffffffff-2013-12,1
84df699ffffffff-2014-01,9
84df699ffffffff-2014-04,1
84df699ffffffff-2014-05,8
84df699ffffffff-2014-09,4
84df699ffffffff-2014-10,5
84df699ffffffff-2014-11,2
84df699ffffffff-2014-12,4
84df699ffffffff-2015-01,1
84df699ffffffff-2015-02,11
84df699ffffffff-2015-03,1
84df699ffffffff-2015-04,13
84df699ffffffff-2015-06,4
84df699ffffffff-2015-07,6
84df699ffffffff-2015-10,3
84df699ffffffff-2015-11,12
84df699ffffffff-2015-12,2
84df699ffffffff-2016-01,3
84df699ffffffff-2016-02,11
84df699ffffffff-2016-03,5
84df699ffffffff-2016-05,5
84df699ffffffff-2016-06,6
84df699ffffffff-2016-07,13
84df699ffffffff-2016-09,2
84df699ffffffff-2016-10,1
84df699ffffffff-2016-11,3
84df699ffffffff-2016-12,3
84df699ffffffff-2017-01,2
84df699ffffffff-2017-02,5
84df699ffffffff-2017-03,3
84df699ffffffff-2017-04,5
84df699ffffffff-2017-10,2
84df699ffffffff-2017-11,4
84df699ffffffff-2017-12,1
84df699ffffffff-2018-01,4
84df699ffffffff-2018-02,7
84df699ffffffff-2018-03,19
84df699ffffffff-2018-04,3
84df699ffffffff-2018-05,1
84df699ffffffff-2018-06,2
84df699ffffffff-2018-08,3
84df699ffffffff-2018-09,4
84df699ffffffff-2018-11,2
84df699ffffffff-2019-01,9
84df699ffffffff-2019-02,6
84df699ffffffff-2019-03,1
84df699ffffffff-2019-04,2
84df699ffffffff-2019-05,2
84df699ffffffff-2019-06,4
84df699ffffffff-2019-08,1
84df699ffffffff-2019-10,1
84df699ffffffff-2019-11,3
84df699ffffffff-2019-12,4
84df699ffffffff-2020-01,2
84df699ffffffff-2020-02,3
84df699ffffffff-2020-03,2
84df699ffffffff-2020-09,5
84df699ffffffff-2020-10,2
84df699ffffffff-2020-11,2
84df699ffffffff-2021-02,6
84df699ffffffff-2021-03,1
84df699ffffffff-2021-04,2
84df699ffffffff-2021-06,7
84df699ffffffff-2021-07,2
84df699ffffffff-2021-08,3
84df699ffffffff-2021-09,3
84df699ffffffff-2021-10,8
84df699ffffffff-2021-11,3
84df699ffffffff-2021-12,12
84df699ffffffff-2022-01,2
84df699ffffffff-2022-02,1
84df699ffffffff-2022-03,1
84df699ffffffff-2022-08,4
84df699ffffffff-2022-09,1
84df699ffffffff-2022-11,2
84df699ffffffff-2022-12,15
84df699ffffffff-2023-01,1
84df699ffffffff-2023-02,4
84df699ffffffff-2023-03,1
84df699ffffffff-2023-04,3
84df699ffffffff-2023-06,1
84df699ffffffff-2023-07,3
84df699ffffffff-2023-10,1
84df69bffffffff-2017-01,2
84df69bffffffff-2018-01,2
84df69bffffffff-2018-03,2
84df69bffffffff-2020-03,3
84df69bffffffff-2020-09,4
84df69bffffffff-2020-11,10
84df69bffffffff-2020-12,2
84df69bffffffff-2021-02,5
84df69bffffffff-2021-09,2
84df69bffffffff-2022-03,1
84df69bffffffff-2023-01,4
84df69bffffffff-2023-03,2
84df69bffffffff-2023-04,4
84df69dffffffff-2012-05,2
84df69dffffffff-2012-06,2
84df69dffffffff-2012-07,2
84df69dffffffff-2012-08,7
84df69dffffffff-2012-09,1
84df69dffffffff-2013-02,1
84df69dffffffff-2013-03,1
84df69dffffffff-2013-06,4
84df69dffffffff-2013-07,4
84df69dffffffff-2013-08,3
84df69dffffffff-2013-09,1
84df69dffffffff-2013-11,1
84df69dffffffff-2014-01,1
84df69dffffffff-2014-02,3
84df69dffffffff-2014-03,4
84df69dffffffff-2014-04,4
84df69dffffffff-2014-05,4
84df69dffffffff-2014-06,2
84df69dffffffff-2014-07,10
84df69dffffffff-2014-08,5
84df69dffffffff-2014-10,5
84df69dffffffff-2014-11,4
84df69dffffffff-2014-12,1
84df69dffffffff-2015-01,1
84df69dffffffff-2015-02,8
84df69dffffffff-2015-03,6
84df69dffffffff-2015-04,6
84df69dffffffff-2015-05,6
84df69dffffffff-2015-06,8
84df69dffffffff-2015-07,10
84df69dffffffff-2015-08,3
84df69dffffffff-2016-01,1
84df69dffffffff-2016-02,2
84df69dffffffff-2016-03,1
84df69dffffffff-2016-06,2
84df69dffffffff-2016-07,3
84df69dffffffff-2016-08,8
84df69dffffffff-2016-09,22
84df69dffffffff-2016-10,12
84df69dffffffff-2016-11,15
84df69dffffffff-2016-12,2
84df69dffffffff-2017-01,3
84df69dffffffff-2017-02,1
84df69dffffffff-2017-03,14
84df69dffffffff-2017-07,6
84df69dffffffff-2017-08,6
84df69dffffffff-2017-10,4
84df69dffffffff-2018-02,5
84df69dffffffff-2018-03,3
84df69dffffffff-2018-04,10
84df69dffffffff-2018-05,12
84df69dffffffff-2018-06,12
84df69dffffffff-2018-07,6
84df69dffffffff-2018-08,5
84df69dffffffff-2018-09,2
84df69dffffffff-2018-10,2
84df69dffffffff-2018-11,2
84df69dffffffff-2018-12,3
84df69dffffffff-2019-01,4
84df69dffffffff-2019-02,3
84df69dffffffff-2019-04,8
84df69dffffffff-2019-05,12
84df69dffffffff-2019-06,12
84df69dffffffff-2019-07,15
84df69dffffffff-2019-08,7
84df69dffffffff-2019-09,8
84df69dffffffff-2019-11,2
84df69dffffffff-2020-01,8
84df69dffffffff-2020-02,26
84df69dffffffff-2020-03,21
84df69dffffffff-2020-05,26
84df69dffffffff-2020-06,8
84df69dffffffff-2020-07,10
84df69dffffffff-2020-08,12
84df69dffffffff-2020-09,5
84df69dffffffff-2020-10,6
84df69dffffffff-2020-12,2
84df69dffffffff-2021-01,22
84df69dffffffff-2021-02,1
84df69dffffffff-2021-03,16
84df69dffffffff-2021-04,4
84df69dffffffff-2021-05,7
84df69dffffffff-2021-06,2
84df69dffffffff-2021-07,14
84df69dffffffff-2021-08,21
84df69dffffffff-2021-09,16
84df69dffffffff-2021-10,18
84df69dffffffff-2021-11,24
84df69dffffffff-2021-12,20
84df69dffffffff-2022-01,30
84df69dffffffff-2022-02,28
84df69dffffffff-2022-03,7
84df69dffffffff-2022-04,5
84df69dffffffff-2022-05,14
84df69dffffffff-2022-06,11
84df69dffffffff-2022-07,2
84df69dffffffff-2022-08,15
84df69dffffffff-2022-09,9
84df69dffffffff-2022-10,32
84df69dffffffff-2022-11,50
84df69dffffffff-2022-12,50
84df69dffffffff-2023-01,55
84df69dffffffff-2023-02,32
84df69dffffffff-2023-03,14
84df69dffffffff-2023-04,8
84df69dffffffff-2023-05,12
84df69dffffffff-2023-06,6
84df69dffffffff-2023-07,9
84df69dffffffff-2023-08,11
84df69dffffffff-2023-09,16
84df69dffffffff-2023-10,32
84df69dffffffff-2023-11,42
84df6a3ffffffff-2014-01,1
84df6a3ffffffff-2016-02,2
84df6a3ffffffff-2016-08,1
84df6a3ffffffff-2019-12,1
84df6a3ffffffff-2021-12,4
84df6a3ffffffff-2022-02,4
84df6a3ffffffff-2022-11,1
84df6a3ffffffff-2023-01,3
84df6a3ffffffff-2023-03,3
84df6a3ffffffff-2023-10,6
84df6a3ffffffff-2023-11,8
84df6a5ffffffff-2021-10,5
84df6a5ffffffff-2022-10,1
84df6a5ffffffff-2023-01,2
84df6a5ffffffff-2023-02,1
84df6a5ffffffff-2023-05,2
84df6a7ffffffff-2013-12,1
84df6a7ffffffff-2014-01,2
84df6a7ffffffff-2014-02,1
84df6a7ffffffff-2014-03,1
84df6a7ffffffff-2015-07,1
84df6a7ffffffff-2016-02,1
84df6a7ffffffff-2016-05,3
84df6a7ffffffff-2018-02,1
84df6a7ffffffff-2019-01,2
84df6a7ffffffff-2021-01,1
84df6a7ffffffff-2021-03,2
84df6a7ffffffff-2021-05,3
84df6a7ffffffff-2021-10,3
84df6a7ffffffff-2021-12,17
84df6a7ffffffff-2022-01,3
84df6a7ffffffff-2022-02,7
84df6a7ffffffff-2022-03,1
84df6a7ffffffff-2022-04,4
84df6a7ffffffff-2022-05,2
84df6a7ffffffff-2022-06,4
84df6a7ffffffff-2022-09,4
84df6a7ffffffff-2022-10,17
84df6a7ffffffff-2022-11,25
84df6a7ffffffff-2022-12,11
84df6a7ffffffff-2023-01,11
84df6a7ffffffff-2023-02,4
84df6a7ffffffff-2023-03,7
84df6a7ffffffff-2023-04,1
84df6a7ffffffff-2023-09,5
84df6a7ffffffff-2023-10,9
84df6a7ffffffff-2023-11,7
84df6abffffffff-2016-02,4
84df6abffffffff-2019-11,1
84df6abffffffff-2019-12,1
84df6abffffffff-2020-01,4
84df6abffffffff-2020-02,1
84df6abffffffff-2020-03,1
84df6abffffffff-2020-04,2
84df6abffffffff-2020-12,1
84df6abffffffff-2021-03,2
84df6abffffffff-2021-09,4
84df6abffffffff-2021-10,4
84df6abffffffff-2021-12,1
84df6abffffffff-2022-12,2
84df6adffffffff-2017-12,1
84df6b1ffffffff-2014-01,2
84df6b1ffffffff-2016-01,1
84df6b1ffffffff-2017-04,3
84df6b1ffffffff-2017-12,1
84df6b1ffffffff-2018-12,2
84df6b1ffffffff-2019-08,1
84df6b1ffffffff-2020-12,4
84df6b1ffffffff-2021-04,2
84df6b1ffffffff-2021-10,10
84df6b1ffffffff-2021-12,4
84df6b1ffffffff-2022-10,1
84df6b3ffffffff-2019-02,2
84df6b3ffffffff-2022-08,2
84df6b5ffffffff-2014-12,1
84df6b5ffffffff-2015-07,1
84df6b5ffffffff-2016-10,1
84df6b5ffffffff-2016-12,1
84df6b5ffffffff-2017-08,2
84df6b5ffffffff-2018-01,6
84df6b5ffffffff-2018-03,2
84df6b5ffffffff-2020-02,1
84df6b5ffffffff-2021-01,1
84df6b5ffffffff-2022-03,1
84df6b5ffffffff-2022-09,7
84df6b5ffffffff-2022-10,1
84df6b5ffffffff-2022-11,1
84df6b5ffffffff-2022-12,8
84df6b5ffffffff-2023-01,6
84df6b5ffffffff-2023-03,6
84df6b5ffffffff-2023-04,6
84df6b5ffffffff-2023-10,14
84df6b5ffffffff-2023-11,3
84df6b7ffffffff-2016-02,2
84df6b7ffffffff-2019-02,2
84df6b7ffffffff-2019-12,1
84df6b7ffffffff-2021-01,2
84df6b7ffffffff-2022-02,1
84df6b7ffffffff-2022-05,4
84df6b7ffffffff-2022-11,1
84df6b7ffffffff-2022-12,8
84df6b7ffffffff-2023-04,1
84df6b9ffffffff-2013-10,6
84df6b9ffffffff-2018-01,1
84df6b9ffffffff-2019-01,1
84df6bbffffffff-2014-01,1
84df6bbffffffff-2014-10,1
84df6bbffffffff-2016-11,1
84df6bbffffffff-2017-01,4
84df6bbffffffff-2017-02,2
84df6bbffffffff-2017-04,3
84df6bbffffffff-2017-12,1
84df6bbffffffff-2018-01,4
84df6bbffffffff-2018-11,2
84df6bbffffffff-2018-12,4
84df6bbffffffff-2019-02,2
84df6bbffffffff-2019-11,1
84df6bbffffffff-2019-12,2
84df6bbffffffff-2020-12,4
84df6bbffffffff-2021-04,3
84df6bbffffffff-2021-05,6
84df6bbffffffff-2021-10,10
84df6bbffffffff-2021-12,3
84df6bbffffffff-2022-01,1
84df6bbffffffff-2022-02,2
84df6bbffffffff-2022-03,2
84df6bbffffffff-2022-05,3
84df6bbffffffff-2022-12,2
84df6bbffffffff-2023-01,1
84df6bbffffffff-2023-03,1
84df6bbffffffff-2023-05,3
84df6bbffffffff-2023-08,1
84df6bbffffffff-2023-11,17
84df6bdffffffff-2015-12,2
84df6bdffffffff-2016-03,3
84df6bdffffffff-2016-10,2
84df6bdffffffff-2017-12,1
84df6bdffffffff-2018-01,3
84df6bdffffffff-2018-07,1
84df6bdffffffff-2018-12,1
84df6bdffffffff-2019-04,1
84df6bdffffffff-2019-06,1
84df6bdffffffff-2019-10,1
84df6bdffffffff-2019-11,6
84df6bdffffffff-2019-12,1
84df6bdffffffff-2020-01,3
84df6bdffffffff-2020-02,2
84df6bdffffffff-2020-04,1
84df6bdffffffff-2020-05,4
84df6bdffffffff-2020-10,1
84df6bdffffffff-2021-02,1
84df6bdffffffff-2021-03,4
84df6bdffffffff-2021-05,6
84df6bdffffffff-2022-02,5
84df6bdffffffff-2022-03,1
84df6bdffffffff-2022-12,1
84df6bdffffffff-2023-10,1
84df6bdffffffff-2023-11,1
84df6d3ffffffff-2017-06,1
84df6d3ffffffff-2022-11,2
84df6d5ffffffff-2017-02,2
84df6d5ffffffff-2021-02,1
84df6d5ffffffff-2022-03,1
84df6d5ffffffff-2023-01,2
84df6d5ffffffff-2023-04,1
84df6d7ffffffff-2012-11,1
84df6d7ffffffff-2013-10,4
84df6d7ffffffff-2013-12,1
84df6d7ffffffff-2014-01,2
84df6d7ffffffff-2014-05,3
84df6d7ffffffff-2014-10,1
84df6d7ffffffff-2014-11,1
84df6d7ffffffff-2015-07,2
84df6d7ffffffff-2016-01,1
84df6d7ffffffff-2016-09,1
84df6d7ffffffff-2016-11,4
84df6d7ffffffff-2016-12,1
84df6d7ffffffff-2017-05,1
84df6d7ffffffff-2018-06,3
84df6d7ffffffff-2018-07,2
84df6d7ffffffff-2019-07,1
84df6d7ffffffff-2019-11,1
84df6d7ffffffff-2020-02,1
84df6d7ffffffff-2020-05,1
84df6d7ffffffff-2020-07,2
84df6d7ffffffff-2020-08,1
84df6d7ffffffff-2021-05,1
84df6d7ffffffff-2021-11,1
84df6d7ffffffff-2022-01,2
84df6d7ffffffff-2022-04,1
84df6d7ffffffff-2022-10,1
84df6d7ffffffff-2022-11,1
84df6d7ffffffff-2023-03,6
84df6d7ffffffff-2023-04,1
84df6d7ffffffff-2023-05,1
84df6d7ffffffff-2023-09,1
