index,n
84209a5ffffffff-2017-05,3
84209a5ffffffff-2017-10,1
84209a5ffffffff-2018-04,2
84209a5ffffffff-2019-05,2
84209a5ffffffff-2019-06,3
84209a5ffffffff-2019-07,2
84209a5ffffffff-2020-04,30
84209a5ffffffff-2020-05,35
84209a5ffffffff-2020-06,17
84209a5ffffffff-2020-07,5
84209a5ffffffff-2020-08,2
84209a5ffffffff-2021-04,2
84209a5ffffffff-2021-05,14
84209a5ffffffff-2021-06,9
84209a5ffffffff-2021-07,2
84209a5ffffffff-2021-08,1
84209a5ffffffff-2022-03,1
84209a5ffffffff-2022-04,17
84209a5ffffffff-2022-05,25
84209a5ffffffff-2022-07,1
84209a5ffffffff-2023-04,20
84209a5ffffffff-2023-05,9
84209a5ffffffff-2023-06,21
84209a5ffffffff-2023-07,2
842c10bffffffff-2021-05,2
842c123ffffffff-2016-07,1
842c131ffffffff-2022-05,3
842c145ffffffff-2019-05,2
842c147ffffffff-2023-09,1
842c14bffffffff-2021-05,1
842c1adffffffff-2020-05,1
842c32bffffffff-2015-05,2
842c32dffffffff-2022-05,3
842c32dffffffff-2023-06,2
842c363ffffffff-2016-06,1
842c367ffffffff-2022-06,2
842c367ffffffff-2023-05,2
842c367ffffffff-2023-06,3
842c367ffffffff-2023-07,1
842c819ffffffff-2022-04,1
842c821ffffffff-2023-04,1
842c821ffffffff-2023-05,1
842c821ffffffff-2023-09,1
842c833ffffffff-2016-04,6
842c833ffffffff-2017-04,1
842c833ffffffff-2017-07,1
842c833ffffffff-2018-04,1
842c833ffffffff-2022-04,6
842c835ffffffff-2020-06,1
842c835ffffffff-2020-07,1
842c835ffffffff-2021-05,2
842c835ffffffff-2021-07,1
842c837ffffffff-2022-06,1
842c8a5ffffffff-2021-05,1
842c8a9ffffffff-2018-06,1
842c8a9ffffffff-2019-06,1
842c8abffffffff-2020-06,1
842c903ffffffff-2014-09,2
842c903ffffffff-2015-03,1
842c903ffffffff-2015-04,3
842c903ffffffff-2015-08,2
842c903ffffffff-2018-03,1
842c903ffffffff-2019-05,1
842c903ffffffff-2019-10,1
842c903ffffffff-2021-04,2
842c903ffffffff-2021-09,1
842c903ffffffff-2023-02,3
842c915ffffffff-2019-04,1
842c915ffffffff-2023-04,2
842c917ffffffff-2023-03,1
842c931ffffffff-2014-04,9
842c931ffffffff-2019-04,1
842c933ffffffff-2014-04,2
842c933ffffffff-2015-05,1
842c933ffffffff-2015-07,1
842c93bffffffff-2012-09,1
842c93bffffffff-2014-04,9
842c93bffffffff-2014-05,3
842c93bffffffff-2014-06,5
842c93bffffffff-2014-08,2
842c93bffffffff-2014-09,3
842c93bffffffff-2015-04,23
842c93bffffffff-2015-05,1
842c93bffffffff-2015-06,1
842c93bffffffff-2015-09,4
842c93bffffffff-2016-09,4
842c93bffffffff-2016-11,1
842c93bffffffff-2016-12,3
842c93bffffffff-2017-03,2
842c93bffffffff-2017-04,9
842c93bffffffff-2017-09,5
842c93bffffffff-2017-11,2
842c93bffffffff-2018-05,1
842c93bffffffff-2018-08,1
842c93bffffffff-2018-09,2
842c93bffffffff-2018-10,1
842c93bffffffff-2019-04,1
842c93bffffffff-2019-09,3
842c93bffffffff-2020-09,1
842c93bffffffff-2021-08,1
842c93bffffffff-2023-01,1
842c93bffffffff-2023-03,1
842c981ffffffff-2021-05,1
842c987ffffffff-2022-03,1
842c987ffffffff-2022-04,6
842c987ffffffff-2022-05,1
842c987ffffffff-2022-06,1
842c987ffffffff-2023-05,1
842c987ffffffff-2023-06,3
842c987ffffffff-2023-09,1
842c9abffffffff-2023-05,1
842c9bbffffffff-2022-05,1
842c9c5ffffffff-2017-12,2
842c9c9ffffffff-2021-04,2
842c9c9ffffffff-2021-05,2
842c9c9ffffffff-2021-08,1
842c9c9ffffffff-2023-09,1
842c9d9ffffffff-2022-04,9
842c9ddffffffff-2020-04,1
842c9ddffffffff-2021-05,1
842c9ddffffffff-2022-04,1
842c9ddffffffff-2022-05,1
842c9ddffffffff-2022-08,1
842c9ddffffffff-2022-09,1
842c9edffffffff-2016-04,2
842ca03ffffffff-2017-05,2
842ca03ffffffff-2017-06,1
842ca03ffffffff-2017-07,2
842ca03ffffffff-2017-08,1
842ca03ffffffff-2017-09,1
842ca03ffffffff-2017-10,1
842ca03ffffffff-2018-05,7
842ca03ffffffff-2018-06,4
842ca03ffffffff-2018-07,1
842ca07ffffffff-2021-05,1
842cac3ffffffff-2016-05,3
842cac3ffffffff-2016-07,1
842cac3ffffffff-2017-06,1
842cac3ffffffff-2018-05,2
842cac3ffffffff-2019-05,6
842cac3ffffffff-2022-05,7
842cac5ffffffff-2016-05,1
842cb19ffffffff-2023-05,1
842cce3ffffffff-2016-06,1
842cd45ffffffff-2019-05,3
842da81ffffffff-2012-06,1
842da81ffffffff-2013-05,10
842da81ffffffff-2013-06,2
842da81ffffffff-2014-05,6
842da81ffffffff-2015-05,3
842da81ffffffff-2015-06,1
842da81ffffffff-2017-04,5
842da81ffffffff-2017-06,1
842da81ffffffff-2018-05,4
842da81ffffffff-2018-08,1
842da81ffffffff-2019-05,1
842da81ffffffff-2019-06,6
842da81ffffffff-2020-05,8
842da81ffffffff-2020-06,4
842da81ffffffff-2021-04,4
842da81ffffffff-2021-05,3
842da81ffffffff-2021-06,2
842da81ffffffff-2022-05,22
842da81ffffffff-2022-07,1
842da81ffffffff-2023-04,3
842da81ffffffff-2023-05,12
842da81ffffffff-2023-06,8
842da81ffffffff-2023-07,13
842da83ffffffff-2021-07,2
842da83ffffffff-2022-05,2
842da83ffffffff-2023-07,1
842da83ffffffff-2023-08,1
842da89ffffffff-2019-05,1
842da89ffffffff-2023-07,1
842da8bffffffff-2018-05,1
842da8bffffffff-2023-04,1
842da8bffffffff-2023-05,3
842da8dffffffff-2021-05,1
842da95ffffffff-2017-06,2
842da95ffffffff-2021-05,1
842da9dffffffff-2019-06,2
842dab9ffffffff-2023-07,1
842dad7ffffffff-2015-05,2
842db11ffffffff-2022-06,29
842db11ffffffff-2022-07,43
842db11ffffffff-2023-05,26
842db11ffffffff-2023-06,39
843c025ffffffff-2013-04,1
843c025ffffffff-2022-04,1
843c025ffffffff-2022-05,1
843c025ffffffff-2023-01,1
843c029ffffffff-2018-09,1
843c02dffffffff-2023-04,3
843c02dffffffff-2023-08,1
843c065ffffffff-2017-10,4
843c065ffffffff-2020-12,1
843c065ffffffff-2022-03,1
843c103ffffffff-2020-11,1
843c103ffffffff-2021-05,2
843c125ffffffff-2022-02,1
843c137ffffffff-2022-03,3
843c145ffffffff-2023-02,1
843c155ffffffff-2018-02,3
843c157ffffffff-2018-12,1
843c157ffffffff-2019-01,1
843c159ffffffff-2012-03,1
843c159ffffffff-2014-03,1
843c159ffffffff-2014-04,2
843c159ffffffff-2015-04,2
843c159ffffffff-2016-03,1
843c159ffffffff-2016-04,1
843c159ffffffff-2016-05,2
843c159ffffffff-2017-02,2
843c159ffffffff-2017-04,1
843c159ffffffff-2018-01,1
843c159ffffffff-2018-03,4
843c159ffffffff-2019-04,1
843c159ffffffff-2019-12,1
843c159ffffffff-2020-12,1
843c159ffffffff-2021-01,1
843c159ffffffff-2021-02,1
843c159ffffffff-2021-06,1
843c159ffffffff-2022-01,1
843c159ffffffff-2022-04,3
843c159ffffffff-2022-07,1
843c159ffffffff-2023-01,4
843c159ffffffff-2023-03,2
843c159ffffffff-2023-04,2
843c15bffffffff-2022-02,1
843c15bffffffff-2022-03,1
843c15bffffffff-2022-10,2
843c15bffffffff-2023-03,1
843c15dffffffff-2023-11,1
843c161ffffffff-2016-05,1
843c165ffffffff-2020-03,1
843c1a9ffffffff-2021-07,2
843c1a9ffffffff-2021-09,1
843c1c3ffffffff-2014-04,1
843c1c3ffffffff-2020-09,3
843c1c3ffffffff-2022-04,1
843c1c3ffffffff-2022-08,1
843c1d7ffffffff-2022-05,1
843c1e5ffffffff-2021-01,1
843c1ebffffffff-2020-03,1
843c305ffffffff-2022-03,1
843c323ffffffff-2016-11,1
843c325ffffffff-2022-02,1
843c329ffffffff-2016-12,2
843c32bffffffff-2023-03,4
843c333ffffffff-2013-02,1
843c333ffffffff-2020-11,1
843c333ffffffff-2021-02,1
843c333ffffffff-2022-01,1
843c333ffffffff-2022-03,1
843c333ffffffff-2022-04,3
843c333ffffffff-2023-02,1
843c333ffffffff-2023-03,9
843c333ffffffff-2023-04,1
843c335ffffffff-2014-02,2
843c335ffffffff-2017-05,3
843c335ffffffff-2019-10,1
843c335ffffffff-2021-12,1
843c335ffffffff-2022-04,2
843c335ffffffff-2022-12,1
843c335ffffffff-2023-01,1
843c335ffffffff-2023-02,5
843c335ffffffff-2023-11,1
843c337ffffffff-2019-04,1
843c337ffffffff-2020-11,2
843c33dffffffff-2019-03,1
843c33dffffffff-2021-03,3
843c33dffffffff-2022-04,2
843c33dffffffff-2022-10,1
843c345ffffffff-2023-04,1
843c361ffffffff-2018-11,1
843c361ffffffff-2019-01,1
843c361ffffffff-2021-12,1
843c361ffffffff-2022-12,3
843c367ffffffff-2023-02,1
843c369ffffffff-2012-12,2
843c369ffffffff-2013-05,1
843c369ffffffff-2015-03,1
843c369ffffffff-2016-03,3
843c369ffffffff-2017-04,4
843c369ffffffff-2018-05,3
843c369ffffffff-2019-03,2
843c369ffffffff-2019-04,1
843c369ffffffff-2021-12,1
843c369ffffffff-2022-03,2
843c369ffffffff-2022-04,2
843c369ffffffff-2022-11,3
843c369ffffffff-2022-12,1
843c369ffffffff-2023-03,2
843c369ffffffff-2023-04,11
843c369ffffffff-2023-05,5
843c369ffffffff-2023-06,1
843c369ffffffff-2023-07,1
843c369ffffffff-2023-09,1
843c36bffffffff-2012-11,2
843c36bffffffff-2013-05,1
843c36bffffffff-2014-04,1
843c36bffffffff-2015-03,3
843c36bffffffff-2017-04,2
843c36bffffffff-2018-03,1
843c36bffffffff-2018-05,3
843c36bffffffff-2019-04,1
843c36bffffffff-2019-05,4
843c36bffffffff-2020-01,1
843c36bffffffff-2020-03,7
843c36bffffffff-2022-04,1
843c36bffffffff-2023-11,1
843c36dffffffff-2018-03,1
843c36dffffffff-2023-10,1
843c801ffffffff-2021-02,2
843c801ffffffff-2021-03,3
843c801ffffffff-2021-04,8
843c801ffffffff-2021-05,2
843c801ffffffff-2021-09,3
843c801ffffffff-2022-02,4
843c801ffffffff-2023-02,3
843c805ffffffff-2019-03,1
843c805ffffffff-2019-04,1
843c805ffffffff-2021-02,2
843c805ffffffff-2021-06,3
843c805ffffffff-2021-11,2
843c805ffffffff-2021-12,2
843c805ffffffff-2022-03,2
843c807ffffffff-2023-06,1
843c809ffffffff-2017-06,2
843c809ffffffff-2019-01,1
843c809ffffffff-2020-03,1
843c809ffffffff-2021-03,1
843c809ffffffff-2022-11,1
843c809ffffffff-2022-12,1
843c809ffffffff-2023-01,1
843c80dffffffff-2020-03,2
843c80dffffffff-2021-01,1
843c80dffffffff-2021-02,2
843c80dffffffff-2021-03,5
843c80dffffffff-2021-05,1
843c80dffffffff-2021-10,3
843c80dffffffff-2022-04,1
843c80dffffffff-2023-02,1
843c80dffffffff-2023-11,1
843c813ffffffff-2019-03,1
843c817ffffffff-2023-02,2
843c817ffffffff-2023-04,2
843c829ffffffff-2023-05,2
843c82dffffffff-2023-05,2
843c831ffffffff-2013-04,1
843c831ffffffff-2017-05,1
843c831ffffffff-2018-04,2
843c839ffffffff-2018-12,1
843c839ffffffff-2019-06,9
843c839ffffffff-2023-03,32
843c839ffffffff-2023-07,2
843c83bffffffff-2023-03,2
843c841ffffffff-2019-12,1
843c841ffffffff-2020-04,1
843c841ffffffff-2020-05,1
843c841ffffffff-2020-11,11
843c841ffffffff-2021-02,1
843c841ffffffff-2021-03,2
843c841ffffffff-2021-05,18
843c841ffffffff-2021-06,1
843c841ffffffff-2022-01,6
843c841ffffffff-2022-02,3
843c841ffffffff-2022-03,6
843c841ffffffff-2022-09,1
843c841ffffffff-2022-10,1
843c841ffffffff-2022-11,1
843c841ffffffff-2023-01,25
843c841ffffffff-2023-05,16
843c841ffffffff-2023-06,12
843c841ffffffff-2023-11,7
843c843ffffffff-2017-03,4
843c843ffffffff-2017-05,1
843c843ffffffff-2017-06,1
843c843ffffffff-2017-10,2
843c843ffffffff-2019-04,2
843c843ffffffff-2021-01,2
843c843ffffffff-2021-03,1
843c843ffffffff-2023-01,4
843c843ffffffff-2023-02,3
843c843ffffffff-2023-03,2
843c845ffffffff-2015-06,3
843c845ffffffff-2018-02,1
843c847ffffffff-2013-02,1
843c849ffffffff-2023-05,1
843c84bffffffff-2016-03,2
843c84bffffffff-2016-09,1
843c84bffffffff-2018-02,2
843c84bffffffff-2020-11,1
843c84dffffffff-2017-10,2
843c84dffffffff-2019-03,1
843c84dffffffff-2022-01,1
843c84dffffffff-2022-03,1
843c855ffffffff-2020-12,1
843c855ffffffff-2021-03,2
843c855ffffffff-2021-12,1
843c855ffffffff-2023-04,1
843c859ffffffff-2018-01,1
843c85dffffffff-2016-12,1
843c85dffffffff-2018-04,1
843c863ffffffff-2021-02,1
843c863ffffffff-2021-03,1
843c863ffffffff-2022-04,2
843c863ffffffff-2022-06,1
843c867ffffffff-2014-08,1
843c869ffffffff-2018-02,1
843c8c1ffffffff-2023-03,2
843c8c5ffffffff-2023-01,1
843c8c7ffffffff-2016-04,1
843c8c7ffffffff-2018-03,1
843c8c7ffffffff-2018-05,2
843c8c7ffffffff-2019-03,1
843c8c7ffffffff-2021-03,2
843c8c7ffffffff-2022-02,1
843c8c7ffffffff-2022-03,1
843c8c7ffffffff-2022-04,4
843c8c7ffffffff-2022-07,2
843c8c7ffffffff-2023-03,1
843c8c7ffffffff-2023-04,2
843c8c9ffffffff-2019-11,1
843c8c9ffffffff-2022-04,1
843c8c9ffffffff-2022-05,4
843c8cbffffffff-2019-05,4
843c8cbffffffff-2020-03,1
843c8cbffffffff-2021-02,7
843c8cbffffffff-2021-04,2
843c8cbffffffff-2022-02,6
843c8cbffffffff-2022-03,1
843c8cbffffffff-2023-02,5
843c8cbffffffff-2023-03,1
843c8cbffffffff-2023-04,5
843c8d9ffffffff-2019-12,1
843c8d9ffffffff-2022-02,3
843c8edffffffff-2017-12,2
843c8edffffffff-2018-03,1
843c8edffffffff-2019-03,1
843c907ffffffff-2023-02,2
843c909ffffffff-2013-01,1
843c909ffffffff-2015-05,1
843c909ffffffff-2016-11,1
843c909ffffffff-2017-03,1
843c909ffffffff-2017-09,1
843c909ffffffff-2017-12,1
843c909ffffffff-2018-01,1
843c909ffffffff-2018-02,1
843c909ffffffff-2018-11,1
843c909ffffffff-2019-02,2
843c909ffffffff-2020-03,2
843c909ffffffff-2022-04,1
843c909ffffffff-2022-11,3
843c909ffffffff-2022-12,1
843c909ffffffff-2023-01,6
843c909ffffffff-2023-02,2
843c909ffffffff-2023-03,1
843c909ffffffff-2023-04,3
843c90bffffffff-2021-02,1
843c90bffffffff-2022-10,1
843c90bffffffff-2023-02,2
843c915ffffffff-2018-03,1
843c925ffffffff-2020-12,1
843c925ffffffff-2021-11,1
843c929ffffffff-2019-02,4
843c929ffffffff-2021-03,5
843c929ffffffff-2022-06,4
843c929ffffffff-2023-02,3
843c929ffffffff-2023-03,1
843c92dffffffff-2022-04,3
843c92dffffffff-2023-02,5
843c92dffffffff-2023-03,4
843c92dffffffff-2023-06,1
843c931ffffffff-2017-12,1
843c931ffffffff-2020-09,1
843c931ffffffff-2021-12,1
843c943ffffffff-2014-02,1
843c943ffffffff-2015-03,2
843c943ffffffff-2016-11,1
843c943ffffffff-2016-12,1
843c943ffffffff-2017-02,2
843c943ffffffff-2017-03,2
843c943ffffffff-2017-11,1
843c943ffffffff-2017-12,3
843c943ffffffff-2018-01,5
843c943ffffffff-2018-02,1
843c943ffffffff-2018-04,1
843c943ffffffff-2018-06,4
843c943ffffffff-2018-10,4
843c943ffffffff-2018-11,2
843c943ffffffff-2019-01,5
843c943ffffffff-2019-02,2
843c943ffffffff-2020-02,2
843c943ffffffff-2023-05,1
843c943ffffffff-2023-11,1
843c945ffffffff-2021-02,9
843c945ffffffff-2021-03,9
843c945ffffffff-2021-04,2
843c945ffffffff-2023-02,2
843c945ffffffff-2023-04,1
843c947ffffffff-2017-09,1
843c947ffffffff-2019-02,1
843c947ffffffff-2019-03,1
843c947ffffffff-2022-02,6
843c947ffffffff-2022-11,7
843c947ffffffff-2023-03,8
843c947ffffffff-2023-04,10
843c947ffffffff-2023-05,3
843c94bffffffff-2017-10,2
843c94bffffffff-2019-10,1
843c951ffffffff-2018-02,1
843c951ffffffff-2023-11,1
843c953ffffffff-2023-04,2
843c959ffffffff-2014-04,1
843c959ffffffff-2017-09,4
843c959ffffffff-2017-10,2
843c959ffffffff-2017-11,6
843c959ffffffff-2018-09,1
843c959ffffffff-2021-11,1
843c959ffffffff-2023-04,1
843c95bffffffff-2023-06,3
843c967ffffffff-2021-01,1
843c967ffffffff-2021-02,8
843c967ffffffff-2021-12,2
843c967ffffffff-2023-01,1
843c967ffffffff-2023-02,7
843c967ffffffff-2023-03,1
843c967ffffffff-2023-04,4
843ca01ffffffff-2018-02,1
843ca01ffffffff-2021-01,2
843ca03ffffffff-2022-05,10
843ca05ffffffff-2018-02,1
843ca07ffffffff-2018-02,3
843ca0bffffffff-2018-05,2
843ca11ffffffff-2022-02,1
843ca11ffffffff-2022-04,1
843ca11ffffffff-2022-10,1
843ca11ffffffff-2023-02,1
843ca13ffffffff-2015-06,1
843ca13ffffffff-2020-04,1
843ca13ffffffff-2021-04,1
843ca15ffffffff-2022-02,2
843ca15ffffffff-2022-06,2
843ca17ffffffff-2021-04,2
843ca21ffffffff-2017-07,1
843ca21ffffffff-2020-02,1
843ca21ffffffff-2021-05,1
843ca21ffffffff-2022-02,6
843ca25ffffffff-2016-11,2
843ca25ffffffff-2016-12,1
843ca25ffffffff-2017-01,3
843ca25ffffffff-2017-06,1
843ca25ffffffff-2017-11,1
843ca25ffffffff-2017-12,2
843ca25ffffffff-2018-02,2
843ca25ffffffff-2018-04,1
843ca25ffffffff-2018-12,2
843ca25ffffffff-2019-01,1
843ca25ffffffff-2019-02,1
843ca25ffffffff-2019-04,1
843ca25ffffffff-2019-05,1
843ca25ffffffff-2019-10,1
843ca25ffffffff-2020-02,8
843ca25ffffffff-2020-03,1
843ca25ffffffff-2020-10,1
843ca25ffffffff-2020-12,4
843ca25ffffffff-2021-03,2
843ca25ffffffff-2021-05,1
843ca25ffffffff-2021-06,1
843ca25ffffffff-2021-09,2
843ca25ffffffff-2021-10,1
843ca25ffffffff-2022-01,1
843ca25ffffffff-2022-02,13
843ca25ffffffff-2022-03,1
843ca25ffffffff-2022-09,2
843ca25ffffffff-2022-12,3
843ca25ffffffff-2023-02,19
843ca25ffffffff-2023-03,1
843ca25ffffffff-2023-05,4
843ca27ffffffff-2017-10,11
843ca27ffffffff-2017-11,14
843ca27ffffffff-2017-12,8
843ca27ffffffff-2018-01,2
843ca27ffffffff-2018-04,1
843ca27ffffffff-2018-12,2
843ca27ffffffff-2019-02,1
843ca27ffffffff-2019-10,1
843ca27ffffffff-2019-11,1
843ca27ffffffff-2020-01,1
843ca29ffffffff-2023-11,2
843ca2bffffffff-2022-10,1
843ca2dffffffff-2015-04,1
843ca2dffffffff-2017-05,1
843ca2dffffffff-2017-12,1
843ca2dffffffff-2019-05,1
843ca2dffffffff-2020-05,3
843ca2dffffffff-2020-06,1
843ca2dffffffff-2020-12,1
843ca2dffffffff-2021-01,1
843ca2dffffffff-2021-03,1
843ca2dffffffff-2022-02,2
843ca2dffffffff-2022-12,1
843ca2dffffffff-2023-03,22
843ca2dffffffff-2023-05,4
843ca31ffffffff-2018-02,9
843ca31ffffffff-2021-02,1
843ca33ffffffff-2019-05,1
843ca33ffffffff-2021-12,2
843ca33ffffffff-2023-05,1
843ca39ffffffff-2022-03,1
843ca39ffffffff-2022-06,1
843ca3dffffffff-2022-07,1
843ca41ffffffff-2017-10,1
843ca41ffffffff-2018-03,3
843ca41ffffffff-2022-05,3
843ca41ffffffff-2023-03,118
843ca45ffffffff-2018-02,1
843ca45ffffffff-2023-03,182
843ca47ffffffff-2014-05,1
843ca47ffffffff-2023-03,441
843ca49ffffffff-2021-03,1
843ca4dffffffff-2017-05,1
843ca4dffffffff-2022-05,2
843ca4dffffffff-2023-03,1
843ca51ffffffff-2023-03,12
843ca5dffffffff-2018-02,1
843ca5dffffffff-2023-03,36
843ca65ffffffff-2023-05,1
843ca67ffffffff-2015-04,1
843ca67ffffffff-2016-11,1
843ca67ffffffff-2018-12,1
843ca69ffffffff-2019-01,1
843ca69ffffffff-2021-01,3
843ca69ffffffff-2022-12,1
843ca69ffffffff-2023-03,1
843ca83ffffffff-2014-05,2
843ca85ffffffff-2019-10,1
843ca85ffffffff-2022-03,1
843ca85ffffffff-2022-05,7
843ca85ffffffff-2023-03,1
843ca85ffffffff-2023-04,3
843ca87ffffffff-2018-02,1
843ca87ffffffff-2018-10,1
843ca87ffffffff-2019-03,1
843ca87ffffffff-2019-11,4
843ca87ffffffff-2020-03,1
843ca87ffffffff-2020-12,2
843ca87ffffffff-2021-03,1
843ca87ffffffff-2021-09,2
843ca87ffffffff-2021-10,2
843ca87ffffffff-2021-12,7
843ca87ffffffff-2022-03,1
843ca87ffffffff-2022-05,3
843ca87ffffffff-2023-01,3
843ca87ffffffff-2023-02,4
843ca87ffffffff-2023-03,2
843ca87ffffffff-2023-07,1
843ca87ffffffff-2023-09,2
843ca87ffffffff-2023-11,4
843ca8dffffffff-2022-03,1
843ca8dffffffff-2022-04,1
843ca8dffffffff-2022-05,2
843ca8dffffffff-2023-10,1
843ca8dffffffff-2023-11,1
843ca95ffffffff-2019-05,1
843ca95ffffffff-2023-03,2
843ca97ffffffff-2020-10,1
843ca97ffffffff-2021-04,5
843ca97ffffffff-2021-11,1
843ca97ffffffff-2022-07,1
843ca97ffffffff-2022-10,1
843ca97ffffffff-2023-04,4
843ca97ffffffff-2023-05,3
843ca97ffffffff-2023-08,1
843ca9dffffffff-2017-06,1
843ca9dffffffff-2020-09,11
843ca9dffffffff-2022-05,2
843ca9dffffffff-2022-08,3
843cab1ffffffff-2016-01,1
843cab1ffffffff-2021-03,6
843cab1ffffffff-2021-04,11
843cab1ffffffff-2022-11,7
843cab1ffffffff-2022-12,5
843cab1ffffffff-2023-01,2
843cab1ffffffff-2023-02,4
843cab1ffffffff-2023-04,2
843cab1ffffffff-2023-11,2
843cab5ffffffff-2017-02,1
843cab7ffffffff-2018-04,1
843cab9ffffffff-2020-02,4
843cab9ffffffff-2021-02,1
843cab9ffffffff-2021-08,1
843cab9ffffffff-2021-09,3
843cab9ffffffff-2021-10,1
843cab9ffffffff-2021-12,7
843cab9ffffffff-2022-01,1
843cab9ffffffff-2022-02,2
843cab9ffffffff-2022-05,2
843cab9ffffffff-2022-06,1
843cab9ffffffff-2022-11,4
843cab9ffffffff-2022-12,6
843cab9ffffffff-2023-01,10
843cab9ffffffff-2023-02,3
843cab9ffffffff-2023-05,2
843cabdffffffff-2014-01,1
843cabdffffffff-2019-02,1
843cabdffffffff-2019-03,1
843cabdffffffff-2019-07,1
843cabdffffffff-2020-07,1
843cabdffffffff-2020-10,1
843cabdffffffff-2021-03,2
843cabdffffffff-2021-04,1
843cabdffffffff-2022-01,1
843cabdffffffff-2022-03,2
843cabdffffffff-2022-04,1
843cabdffffffff-2022-05,4
843cabdffffffff-2022-11,1
843cabdffffffff-2023-01,1
843cabdffffffff-2023-02,1
843cabdffffffff-2023-03,2
843cabdffffffff-2023-10,1
843cabdffffffff-2023-11,2
843cac3ffffffff-2018-01,1
843cac3ffffffff-2022-04,2
843cac3ffffffff-2022-05,1
843cac3ffffffff-2023-02,2
843cac9ffffffff-2020-04,1
843cad1ffffffff-2022-02,2
843cad3ffffffff-2022-03,1
843cad3ffffffff-2022-04,1
843caddffffffff-2022-02,3
843caddffffffff-2022-03,2
843caddffffffff-2022-05,1
843cae3ffffffff-2019-02,1
843cae5ffffffff-2018-01,2
843cae5ffffffff-2018-02,1
843cae5ffffffff-2019-02,3
843cae9ffffffff-2023-02,2
843caebffffffff-2023-02,2
843cb01ffffffff-2017-12,1
843cb01ffffffff-2019-01,2
843cb01ffffffff-2020-12,1
843cb01ffffffff-2021-04,1
843cb01ffffffff-2023-06,1
843cb01ffffffff-2023-09,2
843cb03ffffffff-2014-12,1
843cb03ffffffff-2015-05,1
843cb03ffffffff-2016-10,1
843cb03ffffffff-2019-01,1
843cb03ffffffff-2019-02,7
843cb03ffffffff-2019-03,1
843cb03ffffffff-2019-11,15
843cb03ffffffff-2019-12,1
843cb03ffffffff-2020-10,1
843cb03ffffffff-2020-11,1
843cb03ffffffff-2020-12,3
843cb03ffffffff-2021-01,5
843cb03ffffffff-2021-04,1
843cb03ffffffff-2021-06,1
843cb03ffffffff-2021-09,1
843cb03ffffffff-2021-10,2
843cb03ffffffff-2021-11,1
843cb03ffffffff-2022-01,2
843cb03ffffffff-2022-02,4
843cb03ffffffff-2022-03,1
843cb03ffffffff-2022-04,1
843cb03ffffffff-2022-09,1
843cb03ffffffff-2022-11,3
843cb03ffffffff-2022-12,2
843cb03ffffffff-2023-02,2
843cb03ffffffff-2023-04,1
843cb07ffffffff-2015-02,2
843cb07ffffffff-2018-05,1
843cb07ffffffff-2018-12,2
843cb07ffffffff-2019-02,10
843cb07ffffffff-2021-03,5
843cb07ffffffff-2023-03,1
843cb09ffffffff-2014-06,2
843cb09ffffffff-2016-06,1
843cb09ffffffff-2019-04,2
843cb09ffffffff-2021-01,1
843cb09ffffffff-2021-02,4
843cb09ffffffff-2021-04,10
843cb09ffffffff-2021-05,3
843cb09ffffffff-2021-12,1
843cb09ffffffff-2022-02,2
843cb09ffffffff-2022-04,2
843cb09ffffffff-2023-03,2
843cb09ffffffff-2023-04,2
843cb09ffffffff-2023-06,4
843cb0bffffffff-2017-09,1
843cb0bffffffff-2018-11,3
843cb0bffffffff-2019-01,5
843cb0bffffffff-2019-02,4
843cb0bffffffff-2020-01,4
843cb0bffffffff-2020-03,1
843cb0bffffffff-2020-11,2
843cb0bffffffff-2020-12,2
843cb0bffffffff-2021-01,1
843cb0bffffffff-2021-02,8
843cb0bffffffff-2021-10,1
843cb0bffffffff-2021-12,1
843cb0bffffffff-2023-03,2
843cb0bffffffff-2023-04,1
843cb0bffffffff-2023-10,1
843cb0dffffffff-2020-10,1
843cb0dffffffff-2021-12,1
843cb0dffffffff-2022-02,3
843cb0dffffffff-2022-03,2
843cb0dffffffff-2022-12,2
843cb0dffffffff-2023-01,1
843cb0dffffffff-2023-02,1
843cb0dffffffff-2023-03,2
843cb0dffffffff-2023-04,3
843cb0dffffffff-2023-10,1
843cb11ffffffff-2013-02,1
843cb11ffffffff-2013-05,1
843cb11ffffffff-2014-03,1
843cb11ffffffff-2014-04,1
843cb11ffffffff-2014-07,1
843cb11ffffffff-2016-12,1
843cb11ffffffff-2017-06,1
843cb11ffffffff-2017-09,1
843cb11ffffffff-2017-10,1
843cb11ffffffff-2017-11,1
843cb11ffffffff-2018-01,2
843cb11ffffffff-2018-02,1
843cb11ffffffff-2018-03,5
843cb11ffffffff-2018-04,2
843cb11ffffffff-2018-05,6
843cb11ffffffff-2018-08,2
843cb11ffffffff-2018-11,5
843cb11ffffffff-2018-12,2
843cb11ffffffff-2019-01,6
843cb11ffffffff-2019-02,6
843cb11ffffffff-2019-03,8
843cb11ffffffff-2019-04,7
843cb11ffffffff-2019-05,5
843cb11ffffffff-2019-06,1
843cb11ffffffff-2019-11,12
843cb11ffffffff-2019-12,6
843cb11ffffffff-2020-01,8
843cb11ffffffff-2020-02,15
843cb11ffffffff-2020-03,1
843cb11ffffffff-2020-05,3
843cb11ffffffff-2020-06,1
843cb11ffffffff-2020-08,1
843cb11ffffffff-2020-09,2
843cb11ffffffff-2020-10,3
843cb11ffffffff-2020-11,9
843cb11ffffffff-2020-12,11
843cb11ffffffff-2021-01,10
843cb11ffffffff-2021-02,16
843cb11ffffffff-2021-03,3
843cb11ffffffff-2022-01,2
843cb11ffffffff-2022-02,9
843cb11ffffffff-2022-03,9
843cb11ffffffff-2022-05,2
843cb11ffffffff-2022-11,2
843cb11ffffffff-2022-12,7
843cb11ffffffff-2023-01,4
843cb11ffffffff-2023-02,5
843cb11ffffffff-2023-03,6
843cb11ffffffff-2023-09,1
843cb11ffffffff-2023-10,1
843cb11ffffffff-2023-11,1
843cb13ffffffff-2012-04,1
843cb13ffffffff-2014-06,1
843cb13ffffffff-2014-08,1
843cb13ffffffff-2016-02,1
843cb13ffffffff-2017-12,8
843cb13ffffffff-2018-03,1
843cb13ffffffff-2018-04,3
843cb13ffffffff-2019-02,2
843cb13ffffffff-2019-03,3
843cb13ffffffff-2019-04,2
843cb13ffffffff-2019-05,1
843cb13ffffffff-2019-10,1
843cb13ffffffff-2021-03,20
843cb13ffffffff-2022-02,4
843cb13ffffffff-2023-02,11
843cb15ffffffff-2013-04,1
843cb15ffffffff-2013-10,1
843cb15ffffffff-2014-04,1
843cb15ffffffff-2014-12,1
843cb15ffffffff-2016-02,1
843cb15ffffffff-2016-04,1
843cb15ffffffff-2016-07,1
843cb15ffffffff-2016-09,1
843cb15ffffffff-2016-11,1
843cb15ffffffff-2017-03,2
843cb15ffffffff-2017-04,1
843cb15ffffffff-2017-05,5
843cb15ffffffff-2017-09,3
843cb15ffffffff-2017-10,11
843cb15ffffffff-2018-02,5
843cb15ffffffff-2018-03,17
843cb15ffffffff-2018-05,6
843cb15ffffffff-2018-06,1
843cb15ffffffff-2018-09,1
843cb15ffffffff-2018-10,3
843cb15ffffffff-2018-11,2
843cb15ffffffff-2019-02,4
843cb15ffffffff-2019-03,2
843cb15ffffffff-2019-05,2
843cb15ffffffff-2019-10,2
843cb15ffffffff-2019-11,5
843cb15ffffffff-2019-12,1
843cb15ffffffff-2020-02,7
843cb15ffffffff-2020-05,5
843cb15ffffffff-2020-07,2
843cb15ffffffff-2020-10,9
843cb15ffffffff-2020-12,1
843cb15ffffffff-2021-02,11
843cb15ffffffff-2021-03,6
843cb15ffffffff-2021-04,1
843cb15ffffffff-2021-05,1
843cb15ffffffff-2021-08,2
843cb15ffffffff-2021-09,4
843cb15ffffffff-2021-10,5
843cb15ffffffff-2021-11,1
843cb15ffffffff-2022-01,4
843cb15ffffffff-2022-02,5
843cb15ffffffff-2022-03,2
843cb15ffffffff-2022-04,1
843cb15ffffffff-2022-05,2
843cb15ffffffff-2022-08,1
843cb15ffffffff-2022-10,1
843cb15ffffffff-2022-11,9
843cb15ffffffff-2023-01,4
843cb15ffffffff-2023-02,3
843cb15ffffffff-2023-03,4
843cb15ffffffff-2023-04,1
843cb15ffffffff-2023-05,1
843cb15ffffffff-2023-11,1
843cb17ffffffff-2013-10,1
843cb17ffffffff-2015-11,1
843cb17ffffffff-2017-06,3
843cb17ffffffff-2018-08,4
843cb17ffffffff-2021-02,1
843cb17ffffffff-2022-02,1
843cb17ffffffff-2022-11,1
843cb19ffffffff-2013-09,1
843cb19ffffffff-2015-12,1
843cb19ffffffff-2017-05,3
843cb19ffffffff-2020-03,2
843cb19ffffffff-2020-12,1
843cb19ffffffff-2021-01,1
843cb19ffffffff-2021-03,4
843cb19ffffffff-2021-10,14
843cb19ffffffff-2021-11,8
843cb19ffffffff-2021-12,10
843cb19ffffffff-2022-01,1
843cb19ffffffff-2022-02,3
843cb19ffffffff-2022-03,5
843cb19ffffffff-2022-04,2
843cb19ffffffff-2022-05,9
843cb19ffffffff-2022-07,1
843cb19ffffffff-2022-12,1
843cb19ffffffff-2023-01,7
843cb19ffffffff-2023-02,8
843cb19ffffffff-2023-03,2
843cb19ffffffff-2023-04,3
843cb19ffffffff-2023-05,10
843cb19ffffffff-2023-06,1
843cb19ffffffff-2023-10,2
843cb19ffffffff-2023-11,4
843cb1bffffffff-2015-01,1
843cb1bffffffff-2018-03,1
843cb1bffffffff-2018-04,1
843cb1bffffffff-2018-05,1
843cb1bffffffff-2020-02,3
843cb1bffffffff-2021-02,1
843cb1bffffffff-2021-03,2
843cb1bffffffff-2022-12,1
843cb1bffffffff-2023-03,4
843cb1dffffffff-2014-01,1
843cb1dffffffff-2014-02,1
843cb1dffffffff-2015-01,1
843cb1dffffffff-2015-02,1
843cb1dffffffff-2015-03,1
843cb1dffffffff-2015-11,3
843cb1dffffffff-2015-12,2
843cb1dffffffff-2016-01,2
843cb1dffffffff-2016-03,3
843cb1dffffffff-2016-05,1
843cb1dffffffff-2016-09,1
843cb1dffffffff-2016-11,16
843cb1dffffffff-2016-12,5
843cb1dffffffff-2017-01,3
843cb1dffffffff-2017-02,5
843cb1dffffffff-2017-04,1
843cb1dffffffff-2017-05,1
843cb1dffffffff-2017-07,2
843cb1dffffffff-2017-08,5
843cb1dffffffff-2017-09,1
843cb1dffffffff-2017-10,11
843cb1dffffffff-2017-11,1
843cb1dffffffff-2017-12,28
843cb1dffffffff-2018-01,4
843cb1dffffffff-2018-02,21
843cb1dffffffff-2018-03,47
843cb1dffffffff-2018-04,29
843cb1dffffffff-2018-05,21
843cb1dffffffff-2018-06,3
843cb1dffffffff-2018-07,1
843cb1dffffffff-2018-08,1
843cb1dffffffff-2018-09,3
843cb1dffffffff-2018-10,8
843cb1dffffffff-2018-11,15
843cb1dffffffff-2018-12,9
843cb1dffffffff-2019-01,37
843cb1dffffffff-2019-02,12
843cb1dffffffff-2019-03,15
843cb1dffffffff-2019-04,14
843cb1dffffffff-2019-05,4
843cb1dffffffff-2019-06,11
843cb1dffffffff-2019-09,8
843cb1dffffffff-2019-10,7
843cb1dffffffff-2019-11,11
843cb1dffffffff-2019-12,12
843cb1dffffffff-2020-01,2
843cb1dffffffff-2020-02,21
843cb1dffffffff-2020-03,4
843cb1dffffffff-2020-04,13
843cb1dffffffff-2020-05,23
843cb1dffffffff-2020-06,8
843cb1dffffffff-2020-08,6
843cb1dffffffff-2020-10,3
843cb1dffffffff-2020-11,17
843cb1dffffffff-2020-12,7
843cb1dffffffff-2021-01,14
843cb1dffffffff-2021-02,24
843cb1dffffffff-2021-03,22
843cb1dffffffff-2021-04,6
843cb1dffffffff-2021-05,18
843cb1dffffffff-2021-06,5
843cb1dffffffff-2021-09,3
843cb1dffffffff-2021-10,5
843cb1dffffffff-2021-11,5
843cb1dffffffff-2021-12,2
843cb1dffffffff-2022-01,1
843cb1dffffffff-2022-02,19
843cb1dffffffff-2022-03,5
843cb1dffffffff-2022-04,5
843cb1dffffffff-2022-05,6
843cb1dffffffff-2022-08,1
843cb1dffffffff-2022-11,2
843cb1dffffffff-2022-12,11
843cb1dffffffff-2023-01,5
843cb1dffffffff-2023-02,10
843cb1dffffffff-2023-03,3
843cb1dffffffff-2023-05,3
843cb1dffffffff-2023-09,1
843cb25ffffffff-2019-03,1
843cb31ffffffff-2019-05,1
843cb33ffffffff-2014-02,2
843cb33ffffffff-2019-05,3
843cb33ffffffff-2022-03,1
843cb35ffffffff-2015-02,1
843cb35ffffffff-2015-03,1
843cb39ffffffff-2013-11,2
843cb39ffffffff-2015-03,1
843cb39ffffffff-2017-02,1
843cb39ffffffff-2017-04,1
843cb39ffffffff-2017-05,3
843cb39ffffffff-2017-12,6
843cb39ffffffff-2018-01,4
843cb39ffffffff-2018-04,3
843cb39ffffffff-2018-05,1
843cb39ffffffff-2018-06,1
843cb39ffffffff-2019-02,31
843cb39ffffffff-2019-03,12
843cb39ffffffff-2019-04,1
843cb39ffffffff-2019-05,3
843cb39ffffffff-2019-07,1
843cb39ffffffff-2019-12,4
843cb39ffffffff-2020-01,3
843cb39ffffffff-2020-02,2
843cb39ffffffff-2020-03,2
843cb39ffffffff-2020-05,9
843cb39ffffffff-2020-06,1
843cb39ffffffff-2021-03,2
843cb39ffffffff-2023-01,9
843cb39ffffffff-2023-03,2
843cb39ffffffff-2023-04,7
843cb39ffffffff-2023-11,1
843cb3bffffffff-2013-11,2
843cb3bffffffff-2014-07,1
843cb3bffffffff-2015-11,2
843cb3bffffffff-2016-12,3
843cb3bffffffff-2019-12,1
843cb3bffffffff-2020-02,8
843cb3bffffffff-2020-03,2
843cb3bffffffff-2021-01,3
843cb3bffffffff-2021-02,1
843cb3bffffffff-2023-01,1
843cb3dffffffff-2016-03,2
843cb3dffffffff-2019-03,1
843cb3dffffffff-2020-02,1
843cb3dffffffff-2020-03,4
843cb41ffffffff-2017-06,2
843cb41ffffffff-2018-05,1
843cb41ffffffff-2019-02,6
843cb41ffffffff-2019-10,2
843cb41ffffffff-2019-11,1
843cb41ffffffff-2020-01,2
843cb41ffffffff-2020-06,1
843cb41ffffffff-2020-12,1
843cb41ffffffff-2021-02,1
843cb41ffffffff-2021-03,6
843cb41ffffffff-2021-05,2
843cb41ffffffff-2021-12,2
843cb41ffffffff-2022-01,3
843cb41ffffffff-2022-02,3
843cb41ffffffff-2022-03,3
843cb41ffffffff-2022-05,2
843cb41ffffffff-2022-06,1
843cb41ffffffff-2022-10,1
843cb41ffffffff-2022-11,1
843cb41ffffffff-2022-12,1
843cb41ffffffff-2023-02,7
843cb41ffffffff-2023-03,2
843cb41ffffffff-2023-04,2
843cb41ffffffff-2023-06,1
843cb41ffffffff-2023-10,2
843cb43ffffffff-2017-03,3
843cb43ffffffff-2022-04,3
843cb45ffffffff-2013-05,1
843cb45ffffffff-2015-04,1
843cb45ffffffff-2015-05,1
843cb45ffffffff-2015-10,1
843cb45ffffffff-2017-01,1
843cb45ffffffff-2018-03,1
843cb45ffffffff-2018-05,2
843cb45ffffffff-2019-03,9
843cb45ffffffff-2019-04,1
843cb45ffffffff-2019-10,2
843cb45ffffffff-2019-12,1
843cb45ffffffff-2020-04,14
843cb45ffffffff-2020-05,6
843cb45ffffffff-2020-11,4
843cb45ffffffff-2020-12,2
843cb45ffffffff-2021-01,5
843cb45ffffffff-2021-02,3
843cb45ffffffff-2021-03,2
843cb45ffffffff-2021-04,7
843cb45ffffffff-2021-05,2
843cb45ffffffff-2021-06,2
843cb45ffffffff-2022-01,2
843cb45ffffffff-2022-02,1
843cb45ffffffff-2022-03,1
843cb45ffffffff-2022-04,9
843cb45ffffffff-2022-05,4
843cb45ffffffff-2022-06,7
843cb45ffffffff-2022-11,8
843cb45ffffffff-2022-12,1
843cb45ffffffff-2023-01,65
843cb45ffffffff-2023-02,5
843cb45ffffffff-2023-04,3
843cb45ffffffff-2023-05,15
843cb45ffffffff-2023-06,4
843cb45ffffffff-2023-11,2
843cb47ffffffff-2016-12,2
843cb47ffffffff-2020-01,2
843cb47ffffffff-2020-06,1
843cb47ffffffff-2020-12,3
843cb47ffffffff-2021-02,2
843cb47ffffffff-2021-06,1
843cb47ffffffff-2021-12,2
843cb47ffffffff-2022-02,1
843cb47ffffffff-2022-03,8
843cb47ffffffff-2022-04,8
843cb47ffffffff-2022-05,12
843cb47ffffffff-2022-06,5
843cb47ffffffff-2022-08,1
843cb47ffffffff-2022-10,5
843cb47ffffffff-2022-11,7
843cb47ffffffff-2022-12,5
843cb47ffffffff-2023-01,28
843cb47ffffffff-2023-02,37
843cb47ffffffff-2023-03,11
843cb47ffffffff-2023-04,10
843cb47ffffffff-2023-05,10
843cb47ffffffff-2023-06,1
843cb47ffffffff-2023-10,1
843cb47ffffffff-2023-11,6
843cb49ffffffff-2016-05,1
843cb49ffffffff-2016-12,1
843cb49ffffffff-2018-04,1
843cb49ffffffff-2021-01,1
843cb49ffffffff-2023-02,2
843cb4bffffffff-2015-03,1
843cb4bffffffff-2019-03,1
843cb4bffffffff-2020-06,2
843cb4bffffffff-2021-01,4
843cb4bffffffff-2021-02,2
843cb4bffffffff-2021-05,1
843cb4bffffffff-2022-03,2
843cb4bffffffff-2022-04,14
843cb4bffffffff-2022-06,1
843cb4bffffffff-2023-02,2
843cb4dffffffff-2013-04,2
843cb4dffffffff-2017-02,1
843cb4dffffffff-2021-03,2
843cb4dffffffff-2022-01,63
843cb4dffffffff-2022-02,1
843cb4dffffffff-2022-05,89
843cb4dffffffff-2022-11,1
843cb4dffffffff-2022-12,8
843cb4dffffffff-2023-03,2
843cb4dffffffff-2023-04,1
843cb4dffffffff-2023-06,2
843cb4dffffffff-2023-10,3
843cb4dffffffff-2023-11,3
843cb51ffffffff-2013-12,4
843cb51ffffffff-2017-03,6
843cb51ffffffff-2017-12,6
843cb51ffffffff-2019-01,1
843cb51ffffffff-2019-02,3
843cb51ffffffff-2019-03,1
843cb51ffffffff-2020-12,5
843cb51ffffffff-2021-03,9
843cb51ffffffff-2022-02,3
843cb51ffffffff-2022-04,2
843cb51ffffffff-2022-06,1
843cb51ffffffff-2023-01,1
843cb51ffffffff-2023-02,10
843cb51ffffffff-2023-04,2
843cb51ffffffff-2023-06,2
843cb55ffffffff-2018-12,3
843cb55ffffffff-2020-05,1
843cb55ffffffff-2021-04,1
843cb55ffffffff-2023-03,1
843cb57ffffffff-2017-12,1
843cb57ffffffff-2021-11,1
843cb57ffffffff-2023-01,1
843cb59ffffffff-2017-03,36
843cb59ffffffff-2021-01,9
843cb59ffffffff-2022-02,43
843cb59ffffffff-2022-06,15
843cb59ffffffff-2023-02,47
843cb59ffffffff-2023-06,66
843cb5bffffffff-2012-12,1
843cb5bffffffff-2014-05,1
843cb5bffffffff-2015-04,1
843cb5bffffffff-2016-01,1
843cb5dffffffff-2013-02,1
843cb5dffffffff-2014-02,1
843cb5dffffffff-2015-10,1
843cb5dffffffff-2015-12,3
843cb5dffffffff-2016-01,1
843cb5dffffffff-2016-02,3
843cb5dffffffff-2016-03,2
843cb5dffffffff-2016-04,1
843cb5dffffffff-2016-05,1
843cb5dffffffff-2016-10,2
843cb5dffffffff-2016-12,3
843cb5dffffffff-2017-01,4
843cb5dffffffff-2017-02,12
843cb5dffffffff-2017-03,29
843cb5dffffffff-2017-04,1
843cb5dffffffff-2017-05,5
843cb5dffffffff-2017-06,2
843cb5dffffffff-2017-11,7
843cb5dffffffff-2017-12,1
843cb5dffffffff-2018-01,11
843cb5dffffffff-2018-02,12
843cb5dffffffff-2018-03,57
843cb5dffffffff-2018-04,89
843cb5dffffffff-2018-05,12
843cb5dffffffff-2018-10,3
843cb5dffffffff-2018-11,6
843cb5dffffffff-2018-12,8
843cb5dffffffff-2019-01,6
843cb5dffffffff-2019-02,10
843cb5dffffffff-2019-03,17
843cb5dffffffff-2019-04,2
843cb5dffffffff-2019-05,1
843cb5dffffffff-2019-12,2
843cb5dffffffff-2020-01,2
843cb5dffffffff-2020-02,5
843cb5dffffffff-2020-03,1
843cb5dffffffff-2020-04,4
843cb5dffffffff-2020-05,19
843cb5dffffffff-2021-02,48
843cb5dffffffff-2021-03,37
843cb5dffffffff-2021-04,32
843cb5dffffffff-2021-05,18
843cb5dffffffff-2021-08,2
843cb5dffffffff-2021-09,1
843cb5dffffffff-2021-10,2
843cb5dffffffff-2021-11,2
843cb5dffffffff-2021-12,4
843cb5dffffffff-2022-01,2
843cb5dffffffff-2022-02,49
843cb5dffffffff-2022-03,67
843cb5dffffffff-2022-04,146
843cb5dffffffff-2022-05,140
843cb5dffffffff-2022-06,34
843cb5dffffffff-2022-10,4
843cb5dffffffff-2022-11,2
843cb5dffffffff-2022-12,1
843cb5dffffffff-2023-01,32
843cb5dffffffff-2023-02,125
843cb5dffffffff-2023-03,166
843cb5dffffffff-2023-04,119
843cb5dffffffff-2023-05,132
843cb5dffffffff-2023-06,88
843cb5dffffffff-2023-07,1
843cb5dffffffff-2023-10,3
843cb5dffffffff-2023-11,2
843cb61ffffffff-2018-04,2
843cb61ffffffff-2018-11,1
843cb61ffffffff-2018-12,2
843cb61ffffffff-2019-01,1
843cb61ffffffff-2019-02,2
843cb61ffffffff-2020-01,1
843cb61ffffffff-2020-02,3
843cb61ffffffff-2020-03,2
843cb61ffffffff-2020-05,3
843cb61ffffffff-2020-06,1
843cb61ffffffff-2020-07,2
843cb61ffffffff-2021-01,1
843cb61ffffffff-2021-03,4
843cb61ffffffff-2021-04,2
843cb61ffffffff-2021-05,2
843cb61ffffffff-2021-06,1
843cb61ffffffff-2022-12,3
843cb61ffffffff-2023-03,1
843cb63ffffffff-2017-06,1
843cb63ffffffff-2023-05,1
843cb65ffffffff-2012-06,2
843cb65ffffffff-2012-12,2
843cb65ffffffff-2013-04,2
843cb65ffffffff-2013-05,6
843cb65ffffffff-2015-02,2
843cb65ffffffff-2015-03,5
843cb65ffffffff-2015-04,1
843cb65ffffffff-2015-05,2
843cb65ffffffff-2015-12,1
843cb65ffffffff-2016-02,1
843cb65ffffffff-2016-03,2
843cb65ffffffff-2016-04,2
843cb65ffffffff-2016-11,3
843cb65ffffffff-2017-03,4
843cb65ffffffff-2017-05,1
843cb65ffffffff-2017-12,1
843cb65ffffffff-2018-04,1
843cb65ffffffff-2018-05,1
843cb65ffffffff-2018-06,1
843cb65ffffffff-2018-12,1
843cb65ffffffff-2019-02,2
843cb65ffffffff-2019-03,2
843cb65ffffffff-2019-04,2
843cb65ffffffff-2019-05,5
843cb65ffffffff-2019-12,1
843cb65ffffffff-2020-01,1
843cb65ffffffff-2020-03,1
843cb65ffffffff-2021-01,1
843cb65ffffffff-2021-03,1
843cb65ffffffff-2022-01,3
843cb65ffffffff-2022-03,1
843cb65ffffffff-2022-04,2
843cb65ffffffff-2022-05,4
843cb65ffffffff-2022-11,2
843cb65ffffffff-2022-12,1
843cb65ffffffff-2023-01,3
843cb65ffffffff-2023-02,1
843cb65ffffffff-2023-03,3
843cb65ffffffff-2023-04,2
843cb65ffffffff-2023-05,3
843cb65ffffffff-2023-11,4
843cb67ffffffff-2018-04,1
843cb67ffffffff-2018-05,3
843cb67ffffffff-2019-01,1
843cb67ffffffff-2019-04,1
843cb67ffffffff-2019-05,3
843cb67ffffffff-2020-05,1
843cb67ffffffff-2022-04,1
843cb67ffffffff-2023-01,1
843cb69ffffffff-2015-12,1
843cb69ffffffff-2016-03,3
843cb69ffffffff-2016-05,1
843cb69ffffffff-2016-07,1
843cb69ffffffff-2017-02,2
843cb69ffffffff-2017-06,1
843cb69ffffffff-2018-01,1
843cb69ffffffff-2019-11,5
843cb69ffffffff-2020-10,1
843cb69ffffffff-2020-11,7
843cb69ffffffff-2021-11,3
843cb69ffffffff-2021-12,6
843cb69ffffffff-2022-03,4
843cb69ffffffff-2022-04,1
843cb69ffffffff-2022-12,3
843cb69ffffffff-2023-01,3
843cb69ffffffff-2023-03,5
843cb69ffffffff-2023-04,6
843cb69ffffffff-2023-05,5
843cb69ffffffff-2023-11,2
843cb6bffffffff-2018-04,2
843cb6bffffffff-2018-11,2
843cb6bffffffff-2019-05,1
843cb6bffffffff-2020-02,1
843cb6bffffffff-2020-06,1
843cb6bffffffff-2020-11,3
843cb6bffffffff-2021-03,22
843cb6bffffffff-2021-05,1
843cb6bffffffff-2021-06,3
843cb6bffffffff-2021-11,1
843cb6bffffffff-2022-02,15
843cb6bffffffff-2022-03,1
843cb6bffffffff-2022-04,14
843cb6bffffffff-2022-06,1
843cb6bffffffff-2022-11,2
843cb6bffffffff-2022-12,3
843cb6bffffffff-2023-01,21
843cb6bffffffff-2023-02,9
843cb6bffffffff-2023-03,7
843cb6bffffffff-2023-05,2
843cb6dffffffff-2013-05,2
843cb6dffffffff-2017-04,3
843cb6dffffffff-2017-12,2
843cb6dffffffff-2018-04,1
843cb6dffffffff-2018-08,1
843cb6dffffffff-2019-01,4
843cb6dffffffff-2019-02,15
843cb6dffffffff-2019-05,4
843cb6dffffffff-2019-06,2
843cb6dffffffff-2019-11,1
843cb6dffffffff-2020-01,1
843cb6dffffffff-2020-02,4
843cb6dffffffff-2020-03,2
843cb6dffffffff-2020-09,1
843cb6dffffffff-2020-10,1
843cb6dffffffff-2021-03,4
843cb6dffffffff-2021-04,1
843cb6dffffffff-2021-06,1
843cb6dffffffff-2021-11,5
843cb6dffffffff-2021-12,3
843cb6dffffffff-2022-01,3
843cb6dffffffff-2022-02,6
843cb6dffffffff-2022-03,15
843cb6dffffffff-2022-06,1
843cb6dffffffff-2022-08,1
843cb6dffffffff-2022-10,5
843cb6dffffffff-2022-11,1
843cb6dffffffff-2023-03,8
843cb6dffffffff-2023-04,1
843cb6dffffffff-2023-05,9
843cb6dffffffff-2023-11,3
843cf6dffffffff-2022-03,1
843d101ffffffff-2016-04,14
843d101ffffffff-2016-05,6
843d101ffffffff-2018-04,8
843d101ffffffff-2018-05,16
843d101ffffffff-2018-06,8
843d101ffffffff-2019-04,7
843d101ffffffff-2019-05,6
843d101ffffffff-2019-06,22
843d101ffffffff-2019-07,1
843d101ffffffff-2020-04,1
843d101ffffffff-2020-05,4
843d101ffffffff-2022-02,1
843d101ffffffff-2022-03,1
843d101ffffffff-2022-04,2
843d101ffffffff-2022-06,1
843d101ffffffff-2023-04,1
843d101ffffffff-2023-05,2
843d101ffffffff-2023-06,2
843d103ffffffff-2016-05,1
843d103ffffffff-2023-06,1
843d105ffffffff-2017-04,1
843d105ffffffff-2019-03,1
843d105ffffffff-2020-06,2
843d107ffffffff-2012-04,1
843d107ffffffff-2012-06,1
843d107ffffffff-2013-05,2
843d107ffffffff-2014-04,3
843d107ffffffff-2015-04,1
843d107ffffffff-2016-02,1
843d107ffffffff-2016-03,1
843d107ffffffff-2016-04,1
843d107ffffffff-2016-05,3
843d107ffffffff-2016-06,2
843d107ffffffff-2017-02,1
843d107ffffffff-2017-03,2
843d107ffffffff-2017-04,8
843d107ffffffff-2017-05,7
843d107ffffffff-2017-06,1
843d107ffffffff-2017-11,2
843d107ffffffff-2018-02,3
843d107ffffffff-2018-03,1
843d107ffffffff-2018-04,7
843d107ffffffff-2018-05,9
843d107ffffffff-2018-06,4
843d107ffffffff-2018-08,1
843d107ffffffff-2019-03,1
843d107ffffffff-2019-04,49
843d107ffffffff-2019-05,10
843d107ffffffff-2019-06,11
843d107ffffffff-2020-02,1
843d107ffffffff-2020-04,1
843d107ffffffff-2020-05,15
843d107ffffffff-2020-06,7
843d107ffffffff-2021-02,1
843d107ffffffff-2021-04,17
843d107ffffffff-2021-05,6
843d107ffffffff-2021-06,3
843d107ffffffff-2021-07,1
843d107ffffffff-2022-03,4
843d107ffffffff-2022-04,23
843d107ffffffff-2022-05,35
843d107ffffffff-2022-06,7
843d107ffffffff-2022-12,1
843d107ffffffff-2023-02,5
843d107ffffffff-2023-03,2
843d107ffffffff-2023-04,29
843d107ffffffff-2023-05,11
843d107ffffffff-2023-06,5
843d107ffffffff-2023-10,1
843d109ffffffff-2016-04,2
843d109ffffffff-2016-06,6
843d109ffffffff-2017-06,5
843d109ffffffff-2018-02,1
843d109ffffffff-2018-03,3
843d109ffffffff-2018-04,1
843d109ffffffff-2018-05,2
843d109ffffffff-2019-02,1
843d109ffffffff-2019-03,1
843d109ffffffff-2019-04,3
843d109ffffffff-2019-05,3
843d109ffffffff-2019-06,3
843d109ffffffff-2020-03,1
843d109ffffffff-2021-02,1
843d109ffffffff-2021-04,5
843d109ffffffff-2021-07,1
843d109ffffffff-2022-04,2
843d109ffffffff-2022-05,5
843d109ffffffff-2023-04,6
843d109ffffffff-2023-05,3
843d109ffffffff-2023-06,1
843d10dffffffff-2015-06,1
843d10dffffffff-2016-03,1
843d10dffffffff-2017-02,2
843d10dffffffff-2017-04,1
843d10dffffffff-2017-05,5
843d10dffffffff-2017-06,2
843d10dffffffff-2018-08,2
843d10dffffffff-2019-05,3
843d10dffffffff-2019-07,5
843d10dffffffff-2019-09,2
843d10dffffffff-2019-10,1
843d10dffffffff-2020-06,6
843d10dffffffff-2020-07,5
843d10dffffffff-2020-08,3
843d10dffffffff-2021-03,1
843d10dffffffff-2021-04,3
843d10dffffffff-2021-05,1
843d10dffffffff-2021-06,4
843d10dffffffff-2021-07,1
843d10dffffffff-2022-02,3
843d10dffffffff-2022-05,18
843d10dffffffff-2022-06,10
843d10dffffffff-2022-07,1
843d10dffffffff-2023-04,3
843d10dffffffff-2023-05,1
843d10dffffffff-2023-06,3
843d10dffffffff-2023-09,4
843d115ffffffff-2021-04,1
843d127ffffffff-2021-04,1
843d127ffffffff-2022-06,1
843d12dffffffff-2019-03,1
843d131ffffffff-2015-06,1
843d131ffffffff-2016-04,3
843d131ffffffff-2017-04,6
843d131ffffffff-2017-06,1
843d131ffffffff-2018-01,1
843d131ffffffff-2018-06,1
843d131ffffffff-2019-03,1
843d131ffffffff-2019-04,4
843d131ffffffff-2019-05,2
843d131ffffffff-2019-06,2
843d131ffffffff-2021-04,2
843d131ffffffff-2022-04,4
843d131ffffffff-2022-05,1
843d131ffffffff-2023-03,3
843d131ffffffff-2023-05,2
843d135ffffffff-2015-04,1
843d135ffffffff-2016-04,8
843d135ffffffff-2016-05,15
843d135ffffffff-2016-06,2
843d135ffffffff-2017-03,4
843d135ffffffff-2017-04,17
843d135ffffffff-2017-05,9
843d135ffffffff-2017-06,11
843d135ffffffff-2017-07,5
843d135ffffffff-2017-08,1
843d135ffffffff-2017-09,2
843d135ffffffff-2018-03,4
843d135ffffffff-2018-04,2
843d135ffffffff-2018-06,1
843d135ffffffff-2019-03,15
843d135ffffffff-2019-04,18
843d135ffffffff-2019-05,23
843d135ffffffff-2019-06,18
843d135ffffffff-2019-07,4
843d135ffffffff-2019-08,4
843d135ffffffff-2019-11,5
843d135ffffffff-2020-03,13
843d135ffffffff-2020-04,23
843d135ffffffff-2020-05,21
843d135ffffffff-2020-06,6
843d135ffffffff-2020-07,1
843d135ffffffff-2020-09,1
843d135ffffffff-2020-11,1
843d135ffffffff-2021-04,6
843d135ffffffff-2021-05,10
843d135ffffffff-2021-06,7
843d135ffffffff-2022-04,6
843d135ffffffff-2022-05,4
843d135ffffffff-2023-03,2
843d135ffffffff-2023-04,3
843d135ffffffff-2023-05,36
843d135ffffffff-2023-06,55
843d137ffffffff-2013-04,1
843d137ffffffff-2015-04,2
843d137ffffffff-2016-04,3
843d137ffffffff-2016-06,4
843d137ffffffff-2017-04,5
843d137ffffffff-2017-05,6
843d137ffffffff-2017-06,3
843d137ffffffff-2017-07,2
843d137ffffffff-2018-03,1
843d137ffffffff-2018-04,5
843d137ffffffff-2018-05,5
843d137ffffffff-2018-06,3
843d137ffffffff-2019-03,3
843d137ffffffff-2019-04,3
843d137ffffffff-2019-05,8
843d137ffffffff-2019-06,3
843d137ffffffff-2021-04,3
843d137ffffffff-2021-06,1
843d137ffffffff-2022-03,11
843d137ffffffff-2022-04,9
843d137ffffffff-2022-05,3
843d137ffffffff-2022-07,1
843d137ffffffff-2023-03,1
843d137ffffffff-2023-04,6
843d137ffffffff-2023-05,5
843d137ffffffff-2023-06,69
843d139ffffffff-2017-03,2
843d139ffffffff-2017-06,4
843d139ffffffff-2018-01,1
843d139ffffffff-2018-02,1
843d139ffffffff-2018-04,9
843d139ffffffff-2018-05,1
843d139ffffffff-2019-04,20
843d139ffffffff-2019-05,5
843d139ffffffff-2019-06,1
843d139ffffffff-2019-07,2
843d139ffffffff-2020-03,1
843d139ffffffff-2020-04,1
843d139ffffffff-2020-05,5
843d139ffffffff-2020-06,4
843d139ffffffff-2020-07,2
843d139ffffffff-2021-03,2
843d139ffffffff-2021-04,4
843d139ffffffff-2021-05,3
843d139ffffffff-2021-06,5
843d139ffffffff-2021-07,3
843d139ffffffff-2022-03,2
843d139ffffffff-2022-04,7
843d139ffffffff-2022-05,8
843d139ffffffff-2022-06,10
843d139ffffffff-2022-07,2
843d139ffffffff-2023-03,1
843d139ffffffff-2023-04,15
843d139ffffffff-2023-05,32
843d139ffffffff-2023-06,6
843d139ffffffff-2023-07,2
843d139ffffffff-2023-08,1
843d13dffffffff-2013-02,1
843d13dffffffff-2015-01,2
843d13dffffffff-2016-03,3
843d13dffffffff-2016-04,2
843d13dffffffff-2016-05,20
843d13dffffffff-2016-06,5
843d13dffffffff-2016-08,2
843d13dffffffff-2017-03,4
843d13dffffffff-2017-04,24
843d13dffffffff-2017-05,51
843d13dffffffff-2017-06,5
843d13dffffffff-2018-02,1
843d13dffffffff-2018-03,9
843d13dffffffff-2018-04,10
843d13dffffffff-2018-05,8
843d13dffffffff-2018-06,6
843d13dffffffff-2018-09,1
843d13dffffffff-2019-03,2
843d13dffffffff-2019-04,17
843d13dffffffff-2019-05,48
843d13dffffffff-2019-06,9
843d13dffffffff-2019-12,4
843d13dffffffff-2020-03,3
843d13dffffffff-2020-05,2
843d13dffffffff-2020-06,7
843d13dffffffff-2020-07,2
843d13dffffffff-2020-09,2
843d13dffffffff-2021-01,1
843d13dffffffff-2021-03,4
843d13dffffffff-2021-04,4
843d13dffffffff-2021-05,2
843d13dffffffff-2021-06,2
843d13dffffffff-2021-07,3
843d13dffffffff-2022-03,6
843d13dffffffff-2022-04,10
843d13dffffffff-2022-05,27
843d13dffffffff-2022-06,4
843d13dffffffff-2022-11,1
843d13dffffffff-2023-03,9
843d13dffffffff-2023-04,19
843d13dffffffff-2023-05,17
843d13dffffffff-2023-06,21
843d13dffffffff-2023-07,9
843d13dffffffff-2023-08,1
843d141ffffffff-2017-04,1
843d141ffffffff-2019-04,1
843d141ffffffff-2020-05,6
843d141ffffffff-2020-06,9
843d141ffffffff-2020-07,1
843d141ffffffff-2020-09,1
843d141ffffffff-2022-06,4
843d141ffffffff-2023-02,1
843d143ffffffff-2019-05,3
843d143ffffffff-2021-04,1
843d143ffffffff-2022-04,1
843d143ffffffff-2023-06,1
843d147ffffffff-2015-09,3
843d147ffffffff-2016-04,6
843d147ffffffff-2017-03,1
843d147ffffffff-2017-05,1
843d147ffffffff-2017-06,5
843d147ffffffff-2017-07,1
843d147ffffffff-2018-02,1
843d147ffffffff-2018-05,1
843d147ffffffff-2018-06,1
843d147ffffffff-2019-04,3
843d147ffffffff-2019-05,2
843d147ffffffff-2019-06,2
843d147ffffffff-2019-07,2
843d147ffffffff-2020-01,1
843d147ffffffff-2020-05,1
843d147ffffffff-2020-06,18
843d147ffffffff-2020-07,4
843d147ffffffff-2021-03,5
843d147ffffffff-2021-04,17
843d147ffffffff-2021-05,15
843d147ffffffff-2021-06,7
843d147ffffffff-2021-07,2
843d147ffffffff-2021-08,2
843d147ffffffff-2021-09,2
843d147ffffffff-2022-03,3
843d147ffffffff-2022-04,7
843d147ffffffff-2022-05,28
843d147ffffffff-2022-06,9
843d147ffffffff-2022-07,3
843d147ffffffff-2023-03,3
843d147ffffffff-2023-04,8
843d147ffffffff-2023-05,8
843d147ffffffff-2023-06,6
843d149ffffffff-2017-04,1
843d149ffffffff-2018-03,1
843d149ffffffff-2018-04,2
843d149ffffffff-2018-05,3
843d149ffffffff-2018-06,2
843d14bffffffff-2021-05,3
843d14bffffffff-2023-04,1
843d14dffffffff-2019-03,1
843d14dffffffff-2019-06,1
843d14dffffffff-2020-05,3
843d14dffffffff-2021-06,5
843d14dffffffff-2021-08,1
843d14dffffffff-2021-10,1
843d14dffffffff-2022-01,1
843d14dffffffff-2022-03,1
843d14dffffffff-2022-09,1
843d14dffffffff-2023-04,2
843d14dffffffff-2023-09,1
843d15dffffffff-2017-06,1
843d15dffffffff-2022-04,3
843d15dffffffff-2022-05,1
843d15dffffffff-2022-06,6
843d15dffffffff-2023-05,2
843d15dffffffff-2023-06,1
843d161ffffffff-2020-04,1
843d163ffffffff-2020-04,1
843d165ffffffff-2016-06,1
843d165ffffffff-2017-04,1
843d165ffffffff-2017-05,1
843d165ffffffff-2018-03,3
843d165ffffffff-2018-04,3
843d165ffffffff-2021-04,1
843d167ffffffff-2016-05,1
843d167ffffffff-2017-04,3
843d167ffffffff-2017-05,1
843d167ffffffff-2017-06,1
843d167ffffffff-2018-03,2
843d167ffffffff-2018-04,1
843d167ffffffff-2018-07,2
843d167ffffffff-2019-12,1
843d167ffffffff-2022-05,1
843d167ffffffff-2023-05,1
843d16bffffffff-2016-05,1
843d16bffffffff-2020-07,1
843d16bffffffff-2023-08,1
843d16dffffffff-2022-08,1
843d1edffffffff-2018-04,1
843d1edffffffff-2023-04,3
843d301ffffffff-2019-06,1
843d305ffffffff-2016-05,1
843d305ffffffff-2017-04,2
843d305ffffffff-2017-05,3
843d305ffffffff-2018-06,1
843d305ffffffff-2020-06,9
843d305ffffffff-2020-07,4
843d305ffffffff-2021-06,2
843d305ffffffff-2022-04,1
843d307ffffffff-2018-05,1
843d307ffffffff-2019-04,2
843d307ffffffff-2022-05,2
843d307ffffffff-2022-06,1
843d30dffffffff-2016-05,3
843d30dffffffff-2017-05,2
843d30dffffffff-2019-05,1
843d30dffffffff-2019-06,2
843d30dffffffff-2020-04,4
843d30dffffffff-2020-05,3
843d30dffffffff-2020-06,5
843d30dffffffff-2021-03,1
843d30dffffffff-2021-04,2
843d30dffffffff-2021-05,1
843d30dffffffff-2021-06,2
843d30dffffffff-2022-04,4
843d30dffffffff-2022-05,1
843d30dffffffff-2022-06,3
843d30dffffffff-2022-07,5
843d30dffffffff-2023-04,1
843d30dffffffff-2023-06,3
843d323ffffffff-2021-05,1
843d327ffffffff-2021-04,1
843d32bffffffff-2019-04,1
843d32bffffffff-2020-06,6
843d32bffffffff-2020-07,2
843d32bffffffff-2021-06,3
843d32bffffffff-2022-05,2
843d32bffffffff-2022-06,1
843d32dffffffff-2020-06,1
843d32dffffffff-2023-06,1
843d335ffffffff-2015-05,1
843d335ffffffff-2015-06,6
843d335ffffffff-2019-05,1
843d335ffffffff-2021-05,2
843d335ffffffff-2022-04,1
843d335ffffffff-2022-05,1
843d335ffffffff-2023-05,2
843d337ffffffff-2022-05,1
843d345ffffffff-2018-05,1
843d345ffffffff-2020-04,2
843d345ffffffff-2020-05,19
843d345ffffffff-2020-06,3
843d345ffffffff-2021-02,1
843d345ffffffff-2021-04,4
843d345ffffffff-2022-05,2
843d345ffffffff-2022-06,1
843d345ffffffff-2023-04,1
843d345ffffffff-2023-05,1
843d34dffffffff-2019-05,2
843d363ffffffff-2016-02,1
843d363ffffffff-2017-04,6
843d363ffffffff-2017-05,8
843d363ffffffff-2017-06,3
843d363ffffffff-2017-07,3
843d363ffffffff-2017-08,1
843d363ffffffff-2017-11,1
843d363ffffffff-2018-05,2
843d363ffffffff-2018-07,1
843d363ffffffff-2018-08,1
843d363ffffffff-2019-04,1
843d363ffffffff-2020-04,1
843d363ffffffff-2020-05,5
843d363ffffffff-2020-06,4
843d363ffffffff-2020-07,1
843d363ffffffff-2021-02,1
843d363ffffffff-2022-04,1
843d363ffffffff-2022-05,11
843d363ffffffff-2022-06,10
843d363ffffffff-2023-05,3
843d363ffffffff-2023-06,4
843d36bffffffff-2019-04,6
843d36bffffffff-2019-05,1
843d36bffffffff-2019-06,3
843d36bffffffff-2020-05,1
843d36bffffffff-2022-03,2
843d36bffffffff-2022-04,4
843d36bffffffff-2022-05,3
843d36bffffffff-2022-06,9
843d36bffffffff-2023-05,1
843d803ffffffff-2018-01,1
843d803ffffffff-2019-09,1
843d803ffffffff-2022-03,1
843d805ffffffff-2012-12,2
843d805ffffffff-2014-04,1
843d805ffffffff-2014-12,1
843d805ffffffff-2018-01,3
843d805ffffffff-2019-01,1
843d805ffffffff-2019-05,1
843d805ffffffff-2021-03,1
843d805ffffffff-2022-04,2
843d805ffffffff-2022-05,2
843d805ffffffff-2022-12,1
843d805ffffffff-2023-11,1
843d807ffffffff-2022-04,4
843d80bffffffff-2015-09,1
843d80bffffffff-2018-05,1
843d80bffffffff-2019-02,1
843d80bffffffff-2019-11,1
843d80bffffffff-2021-08,1
843d80bffffffff-2021-10,1
843d80bffffffff-2022-03,2
843d80bffffffff-2022-07,1
843d80bffffffff-2023-09,1
843d80dffffffff-2019-11,11
843d80dffffffff-2022-04,40
843d80dffffffff-2022-05,24
843d80dffffffff-2023-05,4
843d819ffffffff-2018-01,1
843d81bffffffff-2016-12,6
843d81bffffffff-2017-02,1
843d81bffffffff-2019-03,1
843d81bffffffff-2020-03,4
843d81dffffffff-2019-09,5
843d81dffffffff-2021-07,1
843d823ffffffff-2018-01,2
843d823ffffffff-2018-02,1
843d823ffffffff-2020-02,1
843d823ffffffff-2020-03,6
843d827ffffffff-2019-03,1
843d827ffffffff-2019-04,1
843d827ffffffff-2023-11,2
843d82bffffffff-2022-05,4
843d82dffffffff-2018-01,2
843d835ffffffff-2019-04,1
843d835ffffffff-2022-02,1
843d839ffffffff-2016-02,2
843d839ffffffff-2016-03,1
843d839ffffffff-2016-05,1
843d839ffffffff-2019-01,2
843d839ffffffff-2019-03,6
843d839ffffffff-2019-06,1
843d839ffffffff-2019-10,1
843d839ffffffff-2020-01,1
843d839ffffffff-2020-03,1
843d839ffffffff-2020-11,1
843d839ffffffff-2021-09,2
843d839ffffffff-2021-11,1
843d839ffffffff-2022-04,5
843d839ffffffff-2022-09,1
843d839ffffffff-2022-10,17
843d839ffffffff-2023-02,3
843d839ffffffff-2023-11,1
843d83dffffffff-2022-02,1
843d83dffffffff-2022-10,10
843d841ffffffff-2020-02,1
843d841ffffffff-2021-04,1
843d841ffffffff-2022-03,2
843d843ffffffff-2016-12,1
843d845ffffffff-2013-01,1
843d845ffffffff-2013-03,2
843d845ffffffff-2014-01,1
843d845ffffffff-2014-02,2
843d845ffffffff-2014-03,1
843d845ffffffff-2014-05,1
843d845ffffffff-2014-06,1
843d845ffffffff-2015-01,4
843d845ffffffff-2015-02,7
843d845ffffffff-2015-03,1
843d845ffffffff-2015-05,1
843d845ffffffff-2015-06,1
843d845ffffffff-2015-07,1
843d845ffffffff-2016-01,2
843d845ffffffff-2016-02,34
843d845ffffffff-2016-05,2
843d845ffffffff-2016-06,9
843d845ffffffff-2016-12,1
843d845ffffffff-2017-02,3
843d845ffffffff-2017-03,6
843d845ffffffff-2017-06,4
843d845ffffffff-2017-12,1
843d845ffffffff-2018-02,3
843d845ffffffff-2018-03,10
843d845ffffffff-2018-04,11
843d845ffffffff-2018-05,8
843d845ffffffff-2018-06,6
843d845ffffffff-2018-10,2
843d845ffffffff-2018-12,4
843d845ffffffff-2019-01,1
843d845ffffffff-2019-02,11
843d845ffffffff-2019-03,20
843d845ffffffff-2019-04,3
843d845ffffffff-2019-05,2
843d845ffffffff-2019-06,2
843d845ffffffff-2019-10,1
843d845ffffffff-2019-11,2
843d845ffffffff-2019-12,2
843d845ffffffff-2020-01,2
843d845ffffffff-2020-02,34
843d845ffffffff-2021-03,3
843d845ffffffff-2021-04,1
843d845ffffffff-2021-10,2
843d845ffffffff-2022-03,1
843d845ffffffff-2022-04,8
843d845ffffffff-2022-05,10
843d845ffffffff-2022-06,9
843d845ffffffff-2022-12,1
843d845ffffffff-2023-02,27
843d845ffffffff-2023-03,8
843d845ffffffff-2023-04,12
843d845ffffffff-2023-05,15
843d845ffffffff-2023-06,2
843d845ffffffff-2023-08,1
843d845ffffffff-2023-10,14
843d845ffffffff-2023-11,1
843d847ffffffff-2013-06,1
843d847ffffffff-2018-01,1
843d847ffffffff-2019-11,11
843d847ffffffff-2022-04,62
843d847ffffffff-2022-05,17
843d849ffffffff-2021-03,1
843d849ffffffff-2023-01,1
843d84bffffffff-2023-05,1
843d84dffffffff-2012-01,1
843d84dffffffff-2017-03,2
843d84dffffffff-2019-08,2
843d84dffffffff-2019-12,1
843d84dffffffff-2021-12,1
843d84dffffffff-2022-03,4
843d84dffffffff-2022-08,1
843d84dffffffff-2022-09,1
843d84dffffffff-2022-10,1
843d84dffffffff-2022-12,2
843d84dffffffff-2023-01,2
843d84dffffffff-2023-03,1
843d84dffffffff-2023-05,1
843d84dffffffff-2023-09,2
843d84dffffffff-2023-10,1
843d851ffffffff-2013-03,1
843d851ffffffff-2014-02,1
843d851ffffffff-2020-02,1
843d851ffffffff-2020-10,7
843d851ffffffff-2021-02,1
843d851ffffffff-2021-04,1
843d851ffffffff-2021-07,1
843d851ffffffff-2022-10,2
843d851ffffffff-2022-12,4
843d851ffffffff-2023-02,7
843d851ffffffff-2023-03,2
843d851ffffffff-2023-09,1
843d853ffffffff-2012-04,1
843d853ffffffff-2013-03,2
843d853ffffffff-2013-10,1
843d853ffffffff-2014-02,3
843d853ffffffff-2014-03,1
843d853ffffffff-2015-02,6
843d853ffffffff-2015-11,2
843d853ffffffff-2015-12,1
843d853ffffffff-2016-12,10
843d853ffffffff-2017-02,1
843d853ffffffff-2017-03,9
843d853ffffffff-2018-01,1
843d853ffffffff-2018-02,1
843d853ffffffff-2019-01,2
843d853ffffffff-2019-02,3
843d853ffffffff-2019-03,1
843d853ffffffff-2020-02,7
843d853ffffffff-2020-10,6
843d853ffffffff-2020-11,1
843d853ffffffff-2020-12,1
843d853ffffffff-2021-03,2
843d853ffffffff-2021-07,1
843d853ffffffff-2021-10,4
843d853ffffffff-2022-03,5
843d853ffffffff-2022-04,1
843d853ffffffff-2022-09,1
843d853ffffffff-2022-10,6
843d853ffffffff-2022-11,2
843d853ffffffff-2023-02,6
843d853ffffffff-2023-03,7
843d853ffffffff-2023-10,12
843d855ffffffff-2020-02,1
843d855ffffffff-2022-10,4
843d855ffffffff-2023-03,2
843d857ffffffff-2017-08,1
843d859ffffffff-2014-02,1
843d859ffffffff-2015-07,1
843d859ffffffff-2018-01,4
843d859ffffffff-2020-02,1
843d859ffffffff-2020-10,7
843d859ffffffff-2020-11,1
843d859ffffffff-2021-04,5
843d859ffffffff-2021-05,3
843d859ffffffff-2021-06,1
843d859ffffffff-2021-07,1
843d859ffffffff-2021-10,32
843d859ffffffff-2022-01,1
843d859ffffffff-2022-02,2
843d859ffffffff-2022-03,4
843d859ffffffff-2022-04,1
843d859ffffffff-2022-05,1
843d859ffffffff-2022-10,8
843d859ffffffff-2022-12,2
843d859ffffffff-2023-03,1
843d859ffffffff-2023-09,1
843d859ffffffff-2023-10,4
843d85bffffffff-2016-02,1
843d85bffffffff-2017-02,1
843d85bffffffff-2019-05,1
843d85dffffffff-2017-11,2
843d85dffffffff-2019-04,3
843d85dffffffff-2019-05,6
843d85dffffffff-2020-10,2
843d85dffffffff-2021-12,1
843d85dffffffff-2023-01,1
843d85dffffffff-2023-02,2
843d85dffffffff-2023-03,1
843d861ffffffff-2017-11,3
843d861ffffffff-2018-01,1
843d863ffffffff-2022-04,26
843d863ffffffff-2022-05,12
843d86bffffffff-2018-01,1
843d86bffffffff-2019-11,25
843d86bffffffff-2019-12,1
843d86bffffffff-2022-04,96
843d86bffffffff-2022-05,39
843d86bffffffff-2023-04,2
843d883ffffffff-2019-04,1
843d883ffffffff-2019-10,1
843d883ffffffff-2019-11,1
843d883ffffffff-2019-12,1
843d883ffffffff-2023-04,1
843d883ffffffff-2023-06,1
843d889ffffffff-2023-11,1
843d88bffffffff-2019-06,1
843d88bffffffff-2022-11,1
843d88bffffffff-2023-04,2
843d88bffffffff-2023-05,1
843d88dffffffff-2023-02,1
843d891ffffffff-2021-05,1
843d899ffffffff-2017-05,1
843d899ffffffff-2017-11,1
843d899ffffffff-2019-02,1
843d899ffffffff-2019-06,2
843d899ffffffff-2020-02,1
843d899ffffffff-2020-03,3
843d899ffffffff-2020-06,1
843d899ffffffff-2020-07,1
843d899ffffffff-2020-10,1
843d899ffffffff-2021-03,2
843d899ffffffff-2021-09,1
843d899ffffffff-2021-11,2
843d899ffffffff-2022-04,4
843d899ffffffff-2022-05,2
843d899ffffffff-2022-06,1
843d899ffffffff-2023-02,1
843d899ffffffff-2023-03,3
843d899ffffffff-2023-04,5
843d899ffffffff-2023-05,3
843d899ffffffff-2023-06,2
843d899ffffffff-2023-10,2
843d899ffffffff-2023-11,1
843d8a1ffffffff-2020-11,4
843d8a1ffffffff-2020-12,2
843d8a3ffffffff-2018-02,1
843d8a3ffffffff-2018-03,1
843d8a5ffffffff-2018-03,1
843d8a5ffffffff-2023-03,1
843d8adffffffff-2022-03,8
843d8adffffffff-2022-06,4
843d8adffffffff-2023-09,1
843d8b1ffffffff-2017-07,1
843d8b1ffffffff-2019-10,2
843d8b1ffffffff-2022-01,1
843d8b1ffffffff-2022-03,3
843d8b1ffffffff-2022-06,2
843d8b1ffffffff-2022-08,1
843d8b1ffffffff-2022-09,1
843d8b1ffffffff-2022-10,1
843d8b1ffffffff-2022-11,2
843d8b7ffffffff-2022-08,1
843d8b7ffffffff-2022-09,1
843d8b7ffffffff-2023-02,3
843d8b7ffffffff-2023-03,2
843d8b7ffffffff-2023-10,3
843d8b9ffffffff-2022-07,2
843d8b9ffffffff-2023-11,2
843d8bdffffffff-2022-06,1
843d8bdffffffff-2022-07,1
843d8bdffffffff-2022-08,2
843d8bdffffffff-2022-11,5
843d8bdffffffff-2023-07,2
843d8bdffffffff-2023-08,2
843d8c1ffffffff-2015-11,1
843d8c1ffffffff-2015-12,1
843d8c1ffffffff-2016-02,1
843d8c1ffffffff-2016-03,3
843d8c1ffffffff-2016-04,1
843d8c3ffffffff-2012-12,1
843d8c3ffffffff-2014-10,2
843d8c3ffffffff-2014-11,10
843d8c3ffffffff-2015-11,9
843d8c3ffffffff-2016-04,4
843d8c3ffffffff-2017-03,3
843d8c3ffffffff-2017-04,1
843d8c3ffffffff-2019-10,1
843d8c3ffffffff-2019-12,1
843d8c3ffffffff-2021-02,1
843d8c3ffffffff-2021-03,1
843d8c3ffffffff-2023-08,1
843d8c5ffffffff-2017-08,1
843d8d1ffffffff-2017-02,1
843d8d1ffffffff-2018-09,10
843d8d5ffffffff-2015-05,3
843d8d5ffffffff-2015-06,4
843d8d5ffffffff-2015-09,1
843d8d5ffffffff-2015-10,8
843d8d5ffffffff-2015-11,1
843d8d5ffffffff-2015-12,5
843d8d5ffffffff-2016-03,13
843d8d5ffffffff-2016-04,3
843d8d5ffffffff-2016-05,1
843d8d5ffffffff-2017-02,3
843d8d5ffffffff-2017-04,5
843d8d5ffffffff-2017-06,6
843d8d5ffffffff-2018-03,1
843d8d5ffffffff-2019-03,2
843d8d5ffffffff-2019-06,6
843d8d5ffffffff-2019-08,5
843d8d5ffffffff-2019-10,1
843d8d5ffffffff-2019-12,1
843d8d5ffffffff-2020-03,2
843d8d5ffffffff-2020-06,1
843d8d5ffffffff-2020-07,3
843d8d5ffffffff-2020-10,1
843d8d5ffffffff-2020-12,1
843d8d5ffffffff-2021-01,4
843d8d5ffffffff-2021-03,2
843d8d5ffffffff-2021-04,1
843d8d5ffffffff-2021-06,1
843d8d5ffffffff-2021-09,8
843d8d5ffffffff-2021-10,5
843d8d5ffffffff-2021-11,3
843d8d5ffffffff-2022-03,4
843d8d5ffffffff-2022-12,1
843d8d5ffffffff-2023-02,7
843d8d5ffffffff-2023-03,5
843d8d5ffffffff-2023-04,2
843d8d5ffffffff-2023-05,3
843d8d5ffffffff-2023-06,4
843d8d5ffffffff-2023-11,1
843d8dbffffffff-2022-02,2
843d8ddffffffff-2015-03,6
843d8ddffffffff-2015-04,1
843d8ddffffffff-2015-09,1
843d8ddffffffff-2016-05,6
843d8ddffffffff-2017-03,1
843d8ddffffffff-2017-12,1
843d8ddffffffff-2018-06,13
843d8ddffffffff-2018-10,4
843d8ddffffffff-2019-01,5
843d8ddffffffff-2019-04,9
843d8ddffffffff-2019-10,1
843d8ddffffffff-2019-12,2
843d8ddffffffff-2020-02,2
843d8ddffffffff-2020-10,6
843d8ddffffffff-2020-11,2
843d8ddffffffff-2020-12,1
843d8ddffffffff-2021-02,6
843d8ddffffffff-2021-03,5
843d8ddffffffff-2021-04,2
843d8ddffffffff-2021-07,2
843d8ddffffffff-2021-12,2
843d8ddffffffff-2022-03,2
843d8ddffffffff-2022-04,2
843d8ddffffffff-2022-08,1
843d8ddffffffff-2022-09,1
843d8ddffffffff-2022-10,2
843d8ddffffffff-2022-11,2
843d8ddffffffff-2022-12,2
843d8ddffffffff-2023-01,3
843d8ddffffffff-2023-02,14
843d8ddffffffff-2023-03,6
843d8ddffffffff-2023-04,5
843d8ddffffffff-2023-05,3
843d8ddffffffff-2023-06,1
843d8ddffffffff-2023-07,3
843d8ddffffffff-2023-08,2
843d8ddffffffff-2023-10,2
843d8ddffffffff-2023-11,4
843d8e5ffffffff-2016-10,1
843d8e5ffffffff-2023-01,1
843d8e5ffffffff-2023-02,9
843d8e9ffffffff-2023-02,1
843d901ffffffff-2019-11,1
843d903ffffffff-2021-01,1
843d903ffffffff-2021-04,1
843d903ffffffff-2021-12,1
843d903ffffffff-2022-05,12
843d903ffffffff-2022-06,8
843d903ffffffff-2022-07,1
843d903ffffffff-2023-02,3
843d903ffffffff-2023-03,2
843d903ffffffff-2023-04,1
843d903ffffffff-2023-05,1
843d905ffffffff-2019-11,3
843d905ffffffff-2019-12,1
843d905ffffffff-2021-07,1
843d905ffffffff-2021-11,1
843d905ffffffff-2022-03,1
843d905ffffffff-2023-02,1
843d907ffffffff-2016-01,2
843d907ffffffff-2018-04,25
843d907ffffffff-2018-06,4
843d907ffffffff-2018-12,34
843d907ffffffff-2020-11,4
843d907ffffffff-2021-03,3
843d907ffffffff-2021-12,1
843d909ffffffff-2019-02,1
843d90bffffffff-2023-04,1
843d90dffffffff-2014-12,1
843d90dffffffff-2017-10,1
843d90dffffffff-2018-10,3
843d90dffffffff-2022-03,2
843d911ffffffff-2021-01,1
843d911ffffffff-2021-10,2
843d911ffffffff-2023-01,1
843d911ffffffff-2023-03,1
843d911ffffffff-2023-08,1
843d913ffffffff-2019-10,3
843d915ffffffff-2014-06,1
843d915ffffffff-2016-06,1
843d915ffffffff-2017-03,1
843d915ffffffff-2017-05,1
843d915ffffffff-2017-10,1
843d915ffffffff-2017-12,2
843d915ffffffff-2018-02,2
843d915ffffffff-2018-05,1
843d915ffffffff-2018-11,1
843d915ffffffff-2019-01,1
843d915ffffffff-2019-02,3
843d915ffffffff-2019-05,1
843d915ffffffff-2019-11,1
843d915ffffffff-2020-01,2
843d915ffffffff-2020-02,5
843d915ffffffff-2020-08,1
843d915ffffffff-2020-11,8
843d915ffffffff-2020-12,7
843d915ffffffff-2021-01,1
843d915ffffffff-2021-02,7
843d915ffffffff-2021-03,14
843d915ffffffff-2021-04,6
843d915ffffffff-2021-05,3
843d915ffffffff-2021-06,4
843d915ffffffff-2021-08,1
843d915ffffffff-2021-09,1
843d915ffffffff-2021-10,2
843d915ffffffff-2021-11,2
843d915ffffffff-2021-12,3
843d915ffffffff-2022-01,8
843d915ffffffff-2022-02,10
843d915ffffffff-2022-03,5
843d915ffffffff-2022-04,8
843d915ffffffff-2022-05,11
843d915ffffffff-2022-06,3
843d915ffffffff-2022-11,1
843d915ffffffff-2022-12,1
843d915ffffffff-2023-01,4
843d915ffffffff-2023-02,10
843d915ffffffff-2023-04,9
843d915ffffffff-2023-05,10
843d915ffffffff-2023-06,7
843d915ffffffff-2023-07,5
843d915ffffffff-2023-08,1
843d915ffffffff-2023-09,1
843d915ffffffff-2023-11,5
843d917ffffffff-2017-12,1
843d917ffffffff-2021-02,1
843d917ffffffff-2021-03,2
843d917ffffffff-2021-04,1
843d917ffffffff-2022-07,1
843d917ffffffff-2022-12,2
843d917ffffffff-2023-03,1
843d919ffffffff-2019-11,1
843d91dffffffff-2017-03,1
843d91dffffffff-2021-01,1
843d91dffffffff-2022-02,1
843d91dffffffff-2022-03,1
843d921ffffffff-2016-02,1
843d921ffffffff-2017-11,1
843d921ffffffff-2018-09,1
843d921ffffffff-2019-03,2
843d921ffffffff-2019-10,1
843d921ffffffff-2020-01,6
843d921ffffffff-2020-06,1
843d921ffffffff-2020-12,1
843d921ffffffff-2021-01,1
843d921ffffffff-2021-05,1
843d921ffffffff-2021-09,2
843d921ffffffff-2021-10,1
843d921ffffffff-2022-05,2
843d921ffffffff-2022-12,1
843d921ffffffff-2023-01,2
843d923ffffffff-2019-02,4
843d923ffffffff-2020-01,1
843d923ffffffff-2020-02,8
843d923ffffffff-2022-11,3
843d923ffffffff-2023-06,1
843d923ffffffff-2023-07,1
843d927ffffffff-2015-05,4
843d927ffffffff-2015-06,2
843d927ffffffff-2017-11,4
843d927ffffffff-2019-02,5
843d927ffffffff-2019-03,3
843d927ffffffff-2020-01,1
843d927ffffffff-2020-02,1
843d927ffffffff-2020-03,2
843d927ffffffff-2020-11,1
843d929ffffffff-2013-12,1
843d929ffffffff-2014-01,2
843d929ffffffff-2014-02,2
843d929ffffffff-2014-03,1
843d929ffffffff-2014-04,1
843d929ffffffff-2014-06,4
843d929ffffffff-2014-08,1
843d929ffffffff-2014-09,1
843d929ffffffff-2014-10,2
843d929ffffffff-2014-12,1
843d929ffffffff-2015-11,1
843d929ffffffff-2015-12,1
843d929ffffffff-2016-01,2
843d929ffffffff-2016-05,2
843d929ffffffff-2016-06,2
843d929ffffffff-2016-08,3
843d929ffffffff-2016-12,1
843d929ffffffff-2017-01,2
843d929ffffffff-2017-03,3
843d929ffffffff-2017-07,2
843d929ffffffff-2017-11,3
843d929ffffffff-2018-01,3
843d929ffffffff-2018-03,4
843d929ffffffff-2018-04,12
843d929ffffffff-2018-05,3
843d929ffffffff-2018-07,1
843d929ffffffff-2018-09,3
843d929ffffffff-2018-10,2
843d929ffffffff-2018-12,3
843d929ffffffff-2019-01,3
843d929ffffffff-2019-03,3
843d929ffffffff-2019-04,3
843d929ffffffff-2019-05,3
843d929ffffffff-2019-06,2
843d929ffffffff-2019-11,1
843d929ffffffff-2019-12,6
843d929ffffffff-2020-01,7
843d929ffffffff-2020-02,2
843d929ffffffff-2020-08,1
843d929ffffffff-2020-10,2
843d929ffffffff-2020-11,1
843d929ffffffff-2020-12,2
843d929ffffffff-2021-01,3
843d929ffffffff-2021-02,1
843d929ffffffff-2021-03,15
843d929ffffffff-2021-04,4
843d929ffffffff-2021-05,1
843d929ffffffff-2021-06,3
843d929ffffffff-2021-10,6
843d929ffffffff-2021-12,5
843d929ffffffff-2022-01,3
843d929ffffffff-2022-03,1
843d929ffffffff-2022-04,1
843d929ffffffff-2022-05,10
843d929ffffffff-2022-06,4
843d929ffffffff-2022-07,1
843d929ffffffff-2022-10,6
843d929ffffffff-2022-11,3
843d929ffffffff-2022-12,1
843d929ffffffff-2023-01,7
843d929ffffffff-2023-02,10
843d929ffffffff-2023-03,4
843d929ffffffff-2023-04,5
843d929ffffffff-2023-05,13
843d929ffffffff-2023-06,8
843d929ffffffff-2023-11,4
843d92bffffffff-2016-01,1
843d92bffffffff-2019-09,1
843d92bffffffff-2019-11,4
843d92bffffffff-2021-06,1
843d92bffffffff-2022-04,1
843d92bffffffff-2023-02,2
843d92bffffffff-2023-03,2
843d92dffffffff-2015-04,1
843d92dffffffff-2020-01,15
843d92dffffffff-2020-02,2
843d92dffffffff-2021-06,7
843d92dffffffff-2021-07,6
843d92dffffffff-2021-10,8
843d92dffffffff-2021-11,1
843d92dffffffff-2022-05,2
843d92dffffffff-2022-07,7
843d92dffffffff-2022-08,2
843d92dffffffff-2022-10,1
843d92dffffffff-2023-01,4
843d92dffffffff-2023-02,2
843d92dffffffff-2023-04,3
843d92dffffffff-2023-05,3
843d92dffffffff-2023-08,1
843d92dffffffff-2023-10,1
843d931ffffffff-2018-06,4
843d931ffffffff-2020-02,1
843d931ffffffff-2022-01,8
843d931ffffffff-2022-06,2
843d931ffffffff-2023-04,2
843d931ffffffff-2023-05,6
843d931ffffffff-2023-06,1
843d933ffffffff-2018-01,1
843d933ffffffff-2018-03,2
843d933ffffffff-2018-06,4
843d933ffffffff-2018-11,1
843d933ffffffff-2019-03,2
843d933ffffffff-2019-04,1
843d933ffffffff-2021-02,8
843d933ffffffff-2021-03,4
843d933ffffffff-2021-09,1
843d933ffffffff-2022-06,1
843d933ffffffff-2023-02,2
843d935ffffffff-2018-12,1
843d937ffffffff-2019-05,4
843d937ffffffff-2020-11,1
843d937ffffffff-2020-12,1
843d937ffffffff-2022-12,1
843d937ffffffff-2023-01,1
843d937ffffffff-2023-04,12
843d939ffffffff-2016-04,1
843d939ffffffff-2018-04,75
843d939ffffffff-2022-05,2
843d939ffffffff-2023-01,1
843d939ffffffff-2023-02,5
843d93bffffffff-2017-05,1
843d93bffffffff-2018-03,1
843d93bffffffff-2018-04,2
843d93bffffffff-2018-06,4
843d93bffffffff-2020-11,1
843d93bffffffff-2021-02,1
843d93bffffffff-2021-03,9
843d93bffffffff-2021-06,1
843d93bffffffff-2021-09,1
843d93bffffffff-2022-01,52
843d93bffffffff-2022-02,3
843d93bffffffff-2022-03,9
843d93bffffffff-2022-04,1
843d93bffffffff-2022-05,5
843d93bffffffff-2022-06,45
843d93bffffffff-2022-10,2
843d93bffffffff-2023-02,1
843d93bffffffff-2023-03,6
843d93bffffffff-2023-04,1
843d93bffffffff-2023-06,2
843d93bffffffff-2023-10,2
843d93dffffffff-2017-09,1
843d93dffffffff-2018-03,4
843d93dffffffff-2018-04,128
843d93dffffffff-2018-10,3
843d93dffffffff-2018-12,5
843d93dffffffff-2019-04,1
843d93dffffffff-2019-05,1
843d93dffffffff-2019-12,4
843d93dffffffff-2020-02,1
843d93dffffffff-2023-04,3
843d943ffffffff-2019-02,1
843d949ffffffff-2017-12,2
843d949ffffffff-2021-02,1
843d94bffffffff-2017-02,1
843d955ffffffff-2015-03,1
843d955ffffffff-2016-01,1
843d955ffffffff-2016-12,2
843d957ffffffff-2022-02,1
843d957ffffffff-2022-04,3
843d963ffffffff-2012-12,2
843d963ffffffff-2015-06,1
843d963ffffffff-2016-06,1
843d963ffffffff-2016-12,1
843d963ffffffff-2017-10,1
843d963ffffffff-2019-02,2
843d963ffffffff-2019-12,1
843d963ffffffff-2020-07,1
843d963ffffffff-2021-01,1
843d963ffffffff-2021-03,1
843d963ffffffff-2021-07,3
843d963ffffffff-2022-03,2
843d963ffffffff-2022-04,3
843d963ffffffff-2022-06,4
843d963ffffffff-2022-11,1
843d963ffffffff-2022-12,2
843d963ffffffff-2023-02,1
843d963ffffffff-2023-11,2
843d965ffffffff-2020-03,3
843d967ffffffff-2014-01,2
843d967ffffffff-2014-02,3
843d967ffffffff-2014-05,3
843d967ffffffff-2014-12,1
843d967ffffffff-2015-12,2
843d967ffffffff-2017-01,1
843d967ffffffff-2017-04,1
843d967ffffffff-2019-02,1
843d967ffffffff-2019-08,1
843d967ffffffff-2020-01,6
843d967ffffffff-2020-02,12
843d967ffffffff-2020-03,2
843d967ffffffff-2020-05,3
843d967ffffffff-2020-06,8
843d967ffffffff-2020-07,5
843d967ffffffff-2020-08,2
843d967ffffffff-2020-10,2
843d967ffffffff-2020-11,2
843d967ffffffff-2020-12,6
843d967ffffffff-2021-01,11
843d967ffffffff-2021-02,13
843d967ffffffff-2021-03,4
843d967ffffffff-2021-04,11
843d967ffffffff-2021-05,41
843d967ffffffff-2021-06,12
843d967ffffffff-2021-07,17
843d967ffffffff-2021-09,5
843d967ffffffff-2021-10,25
843d967ffffffff-2021-11,41
843d967ffffffff-2021-12,5
843d967ffffffff-2022-01,6
843d967ffffffff-2022-02,3
843d967ffffffff-2022-03,13
843d967ffffffff-2022-04,8
843d967ffffffff-2022-05,17
843d967ffffffff-2022-06,15
843d967ffffffff-2022-08,12
843d967ffffffff-2022-10,12
843d967ffffffff-2022-11,10
843d967ffffffff-2022-12,11
843d967ffffffff-2023-01,18
843d967ffffffff-2023-02,14
843d967ffffffff-2023-03,18
843d967ffffffff-2023-04,27
843d967ffffffff-2023-05,27
843d967ffffffff-2023-06,12
843d967ffffffff-2023-07,1
843d967ffffffff-2023-08,1
843d967ffffffff-2023-10,13
843d967ffffffff-2023-11,16
843d969ffffffff-2022-12,1
843d96bffffffff-2019-01,4
843d96bffffffff-2020-01,1
843d96bffffffff-2021-02,5
843d96bffffffff-2022-05,1
843d96dffffffff-2020-03,1
843d981ffffffff-2019-02,1
843d981ffffffff-2019-03,2
843d981ffffffff-2021-06,3
843d981ffffffff-2021-12,4
843d981ffffffff-2022-02,2
843d981ffffffff-2022-03,2
843d981ffffffff-2022-05,1
843d981ffffffff-2023-01,26
843d981ffffffff-2023-06,2
843d983ffffffff-2015-02,1
843d983ffffffff-2017-03,1
843d983ffffffff-2017-04,1
843d983ffffffff-2017-05,2
843d983ffffffff-2017-10,1
843d983ffffffff-2018-11,2
843d983ffffffff-2019-02,3
843d983ffffffff-2019-06,3
843d983ffffffff-2020-03,2
843d983ffffffff-2021-01,4
843d983ffffffff-2021-02,8
843d983ffffffff-2021-06,2
843d983ffffffff-2022-03,14
843d983ffffffff-2022-04,1
843d983ffffffff-2022-05,3
843d983ffffffff-2022-06,1
843d983ffffffff-2023-02,1
843d983ffffffff-2023-05,8
843d983ffffffff-2023-06,6
843d983ffffffff-2023-10,2
843d985ffffffff-2020-02,8
843d985ffffffff-2021-01,8
843d985ffffffff-2023-01,3
843d987ffffffff-2016-02,1
843d987ffffffff-2017-04,1
843d987ffffffff-2017-10,1
843d987ffffffff-2018-02,4
843d987ffffffff-2018-04,1
843d987ffffffff-2018-06,1
843d987ffffffff-2018-12,1
843d987ffffffff-2019-02,4
843d987ffffffff-2020-02,2
843d987ffffffff-2020-08,1
843d987ffffffff-2021-01,1
843d987ffffffff-2021-02,9
843d987ffffffff-2021-03,2
843d987ffffffff-2021-11,1
843d987ffffffff-2022-01,7
843d987ffffffff-2022-06,1
843d987ffffffff-2022-10,3
843d987ffffffff-2022-11,1
843d987ffffffff-2023-01,7
843d987ffffffff-2023-02,4
843d987ffffffff-2023-03,17
843d987ffffffff-2023-04,15
843d987ffffffff-2023-05,4
843d987ffffffff-2023-06,5
843d987ffffffff-2023-07,2
843d987ffffffff-2023-09,1
843d987ffffffff-2023-10,4
843d987ffffffff-2023-11,2
843d989ffffffff-2018-03,2
843d989ffffffff-2018-10,1
843d989ffffffff-2018-12,1
843d989ffffffff-2019-01,1
843d989ffffffff-2019-03,1
843d989ffffffff-2021-01,5
843d989ffffffff-2022-01,1
843d989ffffffff-2023-01,8
843d98bffffffff-2023-04,1
843d98dffffffff-2018-09,1
843d98dffffffff-2019-02,1
843d98dffffffff-2020-02,33
843d98dffffffff-2021-01,36
843d98dffffffff-2021-11,3
843d98dffffffff-2021-12,4
843d98dffffffff-2022-01,8
843d98dffffffff-2022-02,1
843d98dffffffff-2022-04,20
843d98dffffffff-2022-05,2
843d98dffffffff-2022-10,2
843d98dffffffff-2022-11,18
843d98dffffffff-2023-01,43
843d98dffffffff-2023-06,2
843d98dffffffff-2023-07,1
843d98dffffffff-2023-11,1
843d993ffffffff-2013-02,3
843d993ffffffff-2013-03,4
843d993ffffffff-2013-04,2
843d993ffffffff-2013-12,2
843d993ffffffff-2014-06,2
843d993ffffffff-2014-11,2
843d993ffffffff-2015-02,1
843d993ffffffff-2015-03,7
843d993ffffffff-2015-04,1
843d993ffffffff-2015-05,1
843d993ffffffff-2015-06,1
843d993ffffffff-2015-12,2
843d993ffffffff-2016-02,1
843d993ffffffff-2016-03,1
843d993ffffffff-2016-11,2
843d993ffffffff-2016-12,2
843d993ffffffff-2017-01,3
843d993ffffffff-2017-02,10
843d993ffffffff-2017-03,5
843d993ffffffff-2017-04,7
843d993ffffffff-2017-05,2
843d993ffffffff-2017-06,4
843d993ffffffff-2017-08,1
843d993ffffffff-2017-10,1
843d993ffffffff-2018-01,2
843d993ffffffff-2018-04,6
843d993ffffffff-2018-10,1
843d993ffffffff-2018-12,2
843d993ffffffff-2019-02,3
843d993ffffffff-2019-03,23
843d993ffffffff-2019-04,10
843d993ffffffff-2019-06,1
843d993ffffffff-2019-11,6
843d993ffffffff-2020-02,4
843d993ffffffff-2020-03,1
843d993ffffffff-2020-05,1
843d993ffffffff-2020-06,3
843d993ffffffff-2020-10,1
843d993ffffffff-2020-12,1
843d993ffffffff-2021-02,24
843d993ffffffff-2021-03,7
843d993ffffffff-2021-04,2
843d993ffffffff-2021-11,1
843d993ffffffff-2022-01,1
843d993ffffffff-2022-03,7
843d993ffffffff-2022-04,2
843d993ffffffff-2022-05,18
843d993ffffffff-2022-06,3
843d993ffffffff-2022-08,1
843d993ffffffff-2022-12,1
843d993ffffffff-2023-01,9
843d993ffffffff-2023-02,27
843d993ffffffff-2023-03,34
843d993ffffffff-2023-04,17
843d993ffffffff-2023-05,4
843d993ffffffff-2023-06,2
843d997ffffffff-2017-01,1
843d997ffffffff-2019-11,1
843d997ffffffff-2020-04,1
843d997ffffffff-2020-05,4
843d997ffffffff-2020-11,3
843d997ffffffff-2020-12,1
843d997ffffffff-2021-02,2
843d997ffffffff-2021-03,3
843d997ffffffff-2021-04,2
843d997ffffffff-2021-05,4
843d997ffffffff-2022-03,2
843d997ffffffff-2022-05,2
843d997ffffffff-2022-06,1
843d997ffffffff-2022-09,1
843d997ffffffff-2022-12,3
843d997ffffffff-2023-01,2
843d997ffffffff-2023-02,3
843d997ffffffff-2023-03,4
843d997ffffffff-2023-04,13
843d997ffffffff-2023-05,3
843d997ffffffff-2023-10,1
843d997ffffffff-2023-11,2
843d999ffffffff-2013-04,1
843d999ffffffff-2023-02,1
843d99dffffffff-2022-03,4
843d9a3ffffffff-2018-10,2
843d9a3ffffffff-2019-02,10
843d9a3ffffffff-2020-03,2
843d9a3ffffffff-2023-08,1
843d9a5ffffffff-2022-03,1
843d9a5ffffffff-2023-07,1
843d9a5ffffffff-2023-08,3
843d9a7ffffffff-2017-01,4
843d9a7ffffffff-2018-10,1
843d9a7ffffffff-2018-11,2
843d9a7ffffffff-2019-02,2
843d9a7ffffffff-2019-10,1
843d9a7ffffffff-2019-11,2
843d9a7ffffffff-2019-12,1
843d9a7ffffffff-2020-02,1
843d9a7ffffffff-2020-03,3
843d9a7ffffffff-2021-03,1
843d9a7ffffffff-2021-11,1
843d9a7ffffffff-2022-01,33
843d9a7ffffffff-2022-02,2
843d9a7ffffffff-2022-03,2
843d9a7ffffffff-2022-05,62
843d9a7ffffffff-2023-03,1
843d9a7ffffffff-2023-04,2
843d9a7ffffffff-2023-05,2
843d9a7ffffffff-2023-06,1
843d9a7ffffffff-2023-08,1
843d9a7ffffffff-2023-11,1
843d9abffffffff-2019-11,1
843d9abffffffff-2020-02,5
843d9abffffffff-2021-03,1
843d9abffffffff-2021-08,1
843d9abffffffff-2022-04,6
843d9abffffffff-2023-02,1
843d9abffffffff-2023-03,3
843d9adffffffff-2018-02,3
843d9adffffffff-2019-02,1
843d9adffffffff-2021-03,1
843d9adffffffff-2022-12,7
843d9b1ffffffff-2016-10,1
843d9b1ffffffff-2017-03,2
843d9b1ffffffff-2021-02,1
843d9b1ffffffff-2021-03,2
843d9b1ffffffff-2022-03,7
843d9b1ffffffff-2022-04,4
843d9b1ffffffff-2023-02,10
843d9b1ffffffff-2023-03,5
843d9b1ffffffff-2023-04,1
843d9b1ffffffff-2023-05,2
843d9b1ffffffff-2023-06,2
843d9b1ffffffff-2023-11,1
843d9b3ffffffff-2019-12,1
843d9b5ffffffff-2018-03,1
843d9b5ffffffff-2021-05,1
843d9b5ffffffff-2022-05,3
843d9b5ffffffff-2023-05,1
843d9b5ffffffff-2023-07,1
843d9b5ffffffff-2023-08,1
843d9b7ffffffff-2012-05,1
843d9b7ffffffff-2013-03,3
843d9b7ffffffff-2014-11,1
843d9b7ffffffff-2015-03,1
843d9b7ffffffff-2015-04,1
843d9b7ffffffff-2016-04,1
843d9b7ffffffff-2017-02,3
843d9b7ffffffff-2017-03,267
843d9b7ffffffff-2017-04,8
843d9b7ffffffff-2018-02,6
843d9b7ffffffff-2018-03,6
843d9b7ffffffff-2018-04,8
843d9b7ffffffff-2018-05,2
843d9b7ffffffff-2018-06,2
843d9b7ffffffff-2018-11,1
843d9b7ffffffff-2019-02,23
843d9b7ffffffff-2019-03,29
843d9b7ffffffff-2019-05,3
843d9b7ffffffff-2019-10,6
843d9b7ffffffff-2020-02,3
843d9b7ffffffff-2020-03,7
843d9b7ffffffff-2020-04,17
843d9b7ffffffff-2020-05,8
843d9b7ffffffff-2020-06,1
843d9b7ffffffff-2020-11,7
843d9b7ffffffff-2020-12,5
843d9b7ffffffff-2021-02,413
843d9b7ffffffff-2021-03,79
843d9b7ffffffff-2021-04,80
843d9b7ffffffff-2021-05,94
843d9b7ffffffff-2021-06,18
843d9b7ffffffff-2021-07,8
843d9b7ffffffff-2021-08,4
843d9b7ffffffff-2021-12,3
843d9b7ffffffff-2022-01,7
843d9b7ffffffff-2022-02,217
843d9b7ffffffff-2022-03,43
843d9b7ffffffff-2022-04,83
843d9b7ffffffff-2022-05,82
843d9b7ffffffff-2022-06,14
843d9b7ffffffff-2022-10,1
843d9b7ffffffff-2022-12,2
843d9b7ffffffff-2023-01,8
843d9b7ffffffff-2023-02,276
843d9b7ffffffff-2023-03,80
843d9b7ffffffff-2023-04,53
843d9b7ffffffff-2023-05,32
843d9b7ffffffff-2023-06,183
843d9b7ffffffff-2023-07,1
843d9b7ffffffff-2023-10,1
843d9b9ffffffff-2012-04,1
843d9b9ffffffff-2013-06,1
843d9b9ffffffff-2014-05,1
843d9b9ffffffff-2016-01,2
843d9b9ffffffff-2016-02,1
843d9b9ffffffff-2016-04,6
843d9b9ffffffff-2016-06,2
843d9b9ffffffff-2016-07,2
843d9b9ffffffff-2016-12,2
843d9b9ffffffff-2017-01,2
843d9b9ffffffff-2017-02,3
843d9b9ffffffff-2017-03,1
843d9b9ffffffff-2017-04,2
843d9b9ffffffff-2017-12,1
843d9b9ffffffff-2018-02,4
843d9b9ffffffff-2018-03,4
843d9b9ffffffff-2018-04,4
843d9b9ffffffff-2018-05,2
843d9b9ffffffff-2019-02,9
843d9b9ffffffff-2019-03,2
843d9b9ffffffff-2019-05,1
843d9b9ffffffff-2019-10,1
843d9b9ffffffff-2020-02,2
843d9b9ffffffff-2020-10,1
843d9b9ffffffff-2020-11,3
843d9b9ffffffff-2020-12,1
843d9b9ffffffff-2021-02,18
843d9b9ffffffff-2021-06,3
843d9b9ffffffff-2021-11,2
843d9b9ffffffff-2022-01,5
843d9b9ffffffff-2022-02,21
843d9b9ffffffff-2022-03,6
843d9b9ffffffff-2022-04,18
843d9b9ffffffff-2022-05,8
843d9b9ffffffff-2022-06,2
843d9b9ffffffff-2022-10,7
843d9b9ffffffff-2023-01,4
843d9b9ffffffff-2023-02,11
843d9b9ffffffff-2023-03,20
843d9b9ffffffff-2023-04,4
843d9b9ffffffff-2023-05,6
843d9b9ffffffff-2023-06,2
843d9b9ffffffff-2023-08,2
843d9b9ffffffff-2023-09,9
843d9b9ffffffff-2023-10,6
843d9b9ffffffff-2023-11,7
843d9bbffffffff-2019-12,3
843d9bbffffffff-2020-03,2
843d9bbffffffff-2021-02,3
843d9bbffffffff-2021-10,1
843d9bbffffffff-2022-02,8
843d9bdffffffff-2016-04,1
843d9bdffffffff-2018-10,2
843d9bdffffffff-2019-02,2
843d9bdffffffff-2022-02,1
843d9bdffffffff-2022-03,1
843d9bdffffffff-2023-05,2
843d9bdffffffff-2023-06,2
843d9bdffffffff-2023-11,2
843d9c3ffffffff-2023-09,1
843d9c5ffffffff-2021-02,1
843d9c5ffffffff-2021-06,1
843d9c7ffffffff-2015-10,2
843d9c7ffffffff-2020-11,1
843d9c7ffffffff-2022-03,2
843d9c7ffffffff-2022-04,8
843d9c7ffffffff-2023-02,5
843d9c7ffffffff-2023-03,1
843d9c9ffffffff-2018-01,1
843d9c9ffffffff-2018-06,1
843d9c9ffffffff-2021-02,1
843d9c9ffffffff-2022-02,1
843d9c9ffffffff-2022-03,1
843d9cbffffffff-2022-10,1
843d9d1ffffffff-2012-02,2
843d9d1ffffffff-2016-03,1
843d9d1ffffffff-2016-11,26
843d9d1ffffffff-2017-06,4
843d9d1ffffffff-2018-03,1
843d9d1ffffffff-2019-03,2
843d9d1ffffffff-2019-05,2
843d9d1ffffffff-2021-01,2
843d9d1ffffffff-2021-03,2
843d9d1ffffffff-2021-06,2
843d9d1ffffffff-2022-03,440
843d9d1ffffffff-2022-06,185
843d9d1ffffffff-2022-10,3
843d9d1ffffffff-2023-01,1
843d9d1ffffffff-2023-02,5
843d9d1ffffffff-2023-03,3
843d9d1ffffffff-2023-11,1
843d9d3ffffffff-2017-06,1
843d9d3ffffffff-2019-04,3
843d9d3ffffffff-2020-10,2
843d9d3ffffffff-2021-03,1
843d9d3ffffffff-2022-01,2
843d9d3ffffffff-2022-02,10
843d9d3ffffffff-2022-03,257
843d9d3ffffffff-2022-04,6
843d9d3ffffffff-2022-05,7
843d9d3ffffffff-2022-06,180
843d9d3ffffffff-2022-11,1
843d9d3ffffffff-2023-01,3
843d9d3ffffffff-2023-02,31
843d9d3ffffffff-2023-03,3
843d9d3ffffffff-2023-04,8
843d9d3ffffffff-2023-05,1
843d9d3ffffffff-2023-10,1
843d9d3ffffffff-2023-11,1
843d9d5ffffffff-2022-03,3
843d9d5ffffffff-2022-06,15
843d9d7ffffffff-2022-03,4
843d9d7ffffffff-2023-02,1
843d9d9ffffffff-2018-03,1
843d9d9ffffffff-2021-02,1
843d9d9ffffffff-2022-03,2
843d9dbffffffff-2016-03,1
843d9dbffffffff-2017-01,1
843d9dbffffffff-2018-02,1
843d9dbffffffff-2018-03,4
843d9dbffffffff-2019-02,1
843d9dbffffffff-2019-04,1
843d9dbffffffff-2020-03,4
843d9dbffffffff-2020-04,2
843d9dbffffffff-2020-10,1
843d9dbffffffff-2020-11,1
843d9dbffffffff-2021-01,2
843d9dbffffffff-2021-03,2
843d9dbffffffff-2021-12,1
843d9dbffffffff-2022-01,5
843d9dbffffffff-2022-03,409
843d9dbffffffff-2022-04,2
843d9dbffffffff-2022-06,163
843d9dbffffffff-2022-11,1
843d9dbffffffff-2023-02,10
843d9dbffffffff-2023-03,3
843d9dbffffffff-2023-04,11
843d9dbffffffff-2023-05,1
843d9dbffffffff-2023-06,4
843d9dbffffffff-2023-10,1
843d9dbffffffff-2023-11,2
843d9ddffffffff-2018-03,4
843d9ddffffffff-2019-04,1
843d9e1ffffffff-2023-05,1
843d9e3ffffffff-2022-11,1
843d9e5ffffffff-2012-04,1
843d9e5ffffffff-2015-04,1
843d9e5ffffffff-2015-10,1
843d9e5ffffffff-2016-03,2
843d9e5ffffffff-2017-01,3
843d9e5ffffffff-2017-07,1
843d9e5ffffffff-2017-10,1
843d9e5ffffffff-2017-12,31
843d9e5ffffffff-2018-01,68
843d9e5ffffffff-2018-02,83
843d9e5ffffffff-2018-03,381
843d9e5ffffffff-2018-04,146
843d9e5ffffffff-2018-05,84
843d9e5ffffffff-2018-06,41
843d9e5ffffffff-2018-07,3
843d9e5ffffffff-2018-08,1
843d9e5ffffffff-2018-09,6
843d9e5ffffffff-2018-10,1
843d9e5ffffffff-2018-11,7
843d9e5ffffffff-2018-12,23
843d9e5ffffffff-2019-01,53
843d9e5ffffffff-2019-02,106
843d9e5ffffffff-2019-03,42
843d9e5ffffffff-2019-04,23
843d9e5ffffffff-2019-05,17
843d9e5ffffffff-2019-06,23
843d9e5ffffffff-2019-11,9
843d9e5ffffffff-2019-12,2
843d9e5ffffffff-2020-01,11
843d9e5ffffffff-2020-02,80
843d9e5ffffffff-2020-03,37
843d9e5ffffffff-2020-04,32
843d9e5ffffffff-2020-05,17
843d9e5ffffffff-2020-06,1
843d9e5ffffffff-2020-10,1
843d9e5ffffffff-2020-11,1
843d9e5ffffffff-2021-01,2
843d9e5ffffffff-2021-02,41
843d9e5ffffffff-2021-03,430
843d9e5ffffffff-2021-04,24
843d9e5ffffffff-2021-06,1
843d9e5ffffffff-2021-08,4
843d9e5ffffffff-2021-11,3
843d9e5ffffffff-2022-02,224
843d9e5ffffffff-2022-03,11
843d9e5ffffffff-2022-04,2
843d9e5ffffffff-2022-05,3
843d9e5ffffffff-2022-06,4
843d9e5ffffffff-2022-08,3
843d9e5ffffffff-2022-09,1
843d9e5ffffffff-2022-10,1
843d9e5ffffffff-2022-12,4
843d9e5ffffffff-2023-01,10
843d9e5ffffffff-2023-02,130
843d9e5ffffffff-2023-03,8
843d9e5ffffffff-2023-04,7
843d9e5ffffffff-2023-05,8
843d9e5ffffffff-2023-06,2
843d9e5ffffffff-2023-09,1
843d9e5ffffffff-2023-10,7
843d9e5ffffffff-2023-11,1
843d9e7ffffffff-2018-02,5
843d9e7ffffffff-2018-06,2
843d9e7ffffffff-2019-02,17
843d9e7ffffffff-2019-03,9
843d9e7ffffffff-2020-02,59
843d9e7ffffffff-2021-03,65
843d9e7ffffffff-2022-02,88
843d9e7ffffffff-2022-12,28
843d9e7ffffffff-2023-02,30
843d9edffffffff-2018-04,4
843d9edffffffff-2018-06,1
843d9edffffffff-2021-09,3
843d9edffffffff-2021-11,1
843d9edffffffff-2022-01,43
843d9edffffffff-2022-02,2
843d9edffffffff-2022-06,10
843d9edffffffff-2022-10,2
843d9edffffffff-2022-12,1
843da01ffffffff-2014-07,1
843da01ffffffff-2017-07,1
843da01ffffffff-2017-08,1
843da01ffffffff-2018-09,1
843da01ffffffff-2019-01,1
843da01ffffffff-2019-08,1
843da01ffffffff-2019-10,1
843da01ffffffff-2020-02,1
843da01ffffffff-2021-09,1
843da01ffffffff-2022-02,1
843da01ffffffff-2023-08,1
843da01ffffffff-2023-10,2
843da03ffffffff-2018-05,2
843da03ffffffff-2018-06,2
843da03ffffffff-2018-07,2
843da03ffffffff-2018-08,1
843da03ffffffff-2019-03,1
843da03ffffffff-2020-01,1
843da03ffffffff-2020-06,2
843da03ffffffff-2020-08,4
843da03ffffffff-2020-12,3
843da03ffffffff-2021-02,1
843da03ffffffff-2021-03,6
843da03ffffffff-2021-04,2
843da03ffffffff-2021-05,2
843da03ffffffff-2021-06,1
843da03ffffffff-2022-05,1
843da03ffffffff-2022-07,1
843da03ffffffff-2022-08,3
843da03ffffffff-2023-02,2
843da03ffffffff-2023-03,5
843da03ffffffff-2023-04,1
843da03ffffffff-2023-05,3
843da03ffffffff-2023-09,1
843da03ffffffff-2023-10,1
843da07ffffffff-2021-07,1
843da07ffffffff-2022-02,3
843da07ffffffff-2023-10,1
843da09ffffffff-2014-02,1
843da09ffffffff-2015-12,1
843da09ffffffff-2021-02,3
843da09ffffffff-2022-01,1
843da0bffffffff-2018-08,4
843da0bffffffff-2019-11,1
843da0bffffffff-2020-01,2
843da0bffffffff-2021-05,2
843da0bffffffff-2022-02,2
843da0bffffffff-2022-10,1
843da0bffffffff-2023-02,2
843da0bffffffff-2023-10,1
843da0dffffffff-2019-03,2
843da0dffffffff-2023-08,1
843da11ffffffff-2013-07,1
843da11ffffffff-2013-11,1
843da11ffffffff-2014-02,2
843da11ffffffff-2014-03,1
843da11ffffffff-2014-04,1
843da11ffffffff-2014-05,3
843da11ffffffff-2014-06,1
843da11ffffffff-2014-07,1
843da11ffffffff-2014-08,3
843da11ffffffff-2014-09,2
843da11ffffffff-2015-02,2
843da11ffffffff-2015-03,3
843da11ffffffff-2015-04,9
843da11ffffffff-2015-05,7
843da11ffffffff-2015-06,1
843da11ffffffff-2015-07,27
843da11ffffffff-2015-08,5
843da11ffffffff-2015-10,8
843da11ffffffff-2015-11,6
843da11ffffffff-2016-01,4
843da11ffffffff-2016-02,13
843da11ffffffff-2016-03,5
843da11ffffffff-2016-04,13
843da11ffffffff-2016-05,30
843da11ffffffff-2016-06,7
843da11ffffffff-2016-07,35
843da11ffffffff-2016-08,13
843da11ffffffff-2016-09,13
843da11ffffffff-2016-10,3
843da11ffffffff-2016-11,4
843da11ffffffff-2016-12,2
843da11ffffffff-2017-01,5
843da11ffffffff-2017-02,39
843da11ffffffff-2017-03,17
843da11ffffffff-2017-04,49
843da11ffffffff-2017-05,71
843da11ffffffff-2017-06,31
843da11ffffffff-2017-07,21
843da11ffffffff-2017-08,18
843da11ffffffff-2017-09,6
843da11ffffffff-2017-10,2
843da11ffffffff-2017-12,8
843da11ffffffff-2018-01,2
843da11ffffffff-2018-02,19
843da11ffffffff-2018-03,32
843da11ffffffff-2018-04,33
843da11ffffffff-2018-05,34
843da11ffffffff-2018-06,25
843da11ffffffff-2018-07,24
843da11ffffffff-2018-08,4
843da11ffffffff-2018-09,5
843da11ffffffff-2018-10,1
843da11ffffffff-2018-11,5
843da11ffffffff-2019-01,6
843da11ffffffff-2019-02,29
843da11ffffffff-2019-03,44
843da11ffffffff-2019-04,50
843da11ffffffff-2019-05,49
843da11ffffffff-2019-06,22
843da11ffffffff-2019-07,18
843da11ffffffff-2019-08,15
843da11ffffffff-2019-09,13
843da11ffffffff-2019-10,11
843da11ffffffff-2019-11,1
843da11ffffffff-2019-12,5
843da11ffffffff-2020-01,9
843da11ffffffff-2020-02,4
843da11ffffffff-2020-03,56
843da11ffffffff-2020-04,2
843da11ffffffff-2020-05,3
843da11ffffffff-2020-06,32
843da11ffffffff-2020-07,43
843da11ffffffff-2020-08,15
843da11ffffffff-2020-09,20
843da11ffffffff-2020-10,5
843da11ffffffff-2020-11,1
843da11ffffffff-2020-12,6
843da11ffffffff-2021-01,11
843da11ffffffff-2021-02,32
843da11ffffffff-2021-03,38
843da11ffffffff-2021-04,20
843da11ffffffff-2021-05,20
843da11ffffffff-2021-06,45
843da11ffffffff-2021-07,40
843da11ffffffff-2021-08,10
843da11ffffffff-2021-09,25
843da11ffffffff-2021-10,27
843da11ffffffff-2021-11,10
843da11ffffffff-2021-12,1
843da11ffffffff-2022-01,2
843da11ffffffff-2022-02,24
843da11ffffffff-2022-03,104
843da11ffffffff-2022-04,47
843da11ffffffff-2022-05,54
843da11ffffffff-2022-06,37
843da11ffffffff-2022-07,18
843da11ffffffff-2022-08,16
843da11ffffffff-2022-09,8
843da11ffffffff-2022-10,2
843da11ffffffff-2022-11,3
843da11ffffffff-2023-01,2
843da11ffffffff-2023-02,22
843da11ffffffff-2023-03,36
843da11ffffffff-2023-04,53
843da11ffffffff-2023-05,49
843da11ffffffff-2023-06,22
843da11ffffffff-2023-07,28
843da11ffffffff-2023-08,20
843da11ffffffff-2023-09,14
843da11ffffffff-2023-10,11
843da13ffffffff-2016-02,1
843da13ffffffff-2017-02,1
843da13ffffffff-2017-07,1
843da13ffffffff-2018-11,1
843da13ffffffff-2019-01,1
843da13ffffffff-2019-07,1
843da13ffffffff-2019-10,1
843da13ffffffff-2020-01,1
843da13ffffffff-2021-10,3
843da13ffffffff-2022-04,1
843da13ffffffff-2022-05,1
843da13ffffffff-2023-01,1
843da13ffffffff-2023-02,3
843da13ffffffff-2023-04,1
843da13ffffffff-2023-06,1
843da15ffffffff-2015-02,3
843da15ffffffff-2015-03,2
843da15ffffffff-2015-07,1
843da15ffffffff-2016-01,1
843da15ffffffff-2016-07,7
843da15ffffffff-2016-08,1
843da15ffffffff-2016-09,3
843da15ffffffff-2018-02,1
843da15ffffffff-2018-03,1
843da15ffffffff-2018-05,1
843da15ffffffff-2018-10,1
843da15ffffffff-2020-01,3
843da15ffffffff-2020-03,3
843da15ffffffff-2020-08,5
843da15ffffffff-2021-03,1
843da15ffffffff-2021-05,1
843da15ffffffff-2021-06,4
843da15ffffffff-2021-07,1
843da15ffffffff-2022-08,1
843da15ffffffff-2023-02,1
843da15ffffffff-2023-08,1
843da17ffffffff-2021-10,1
843da17ffffffff-2022-09,2
843da17ffffffff-2023-01,2
843da19ffffffff-2016-05,1
843da19ffffffff-2016-06,1
843da19ffffffff-2018-09,1
843da19ffffffff-2019-11,1
843da19ffffffff-2020-12,1
843da19ffffffff-2021-02,1
843da19ffffffff-2021-03,5
843da19ffffffff-2021-11,1
843da19ffffffff-2022-02,2
843da19ffffffff-2022-04,2
843da19ffffffff-2023-03,4
843da19ffffffff-2023-05,1
843da19ffffffff-2023-07,2
843da19ffffffff-2023-08,2
843da19ffffffff-2023-09,2
843da1bffffffff-2016-05,5
843da1bffffffff-2016-06,2
843da1bffffffff-2016-10,1
843da1bffffffff-2016-11,1
843da1bffffffff-2017-12,3
843da1bffffffff-2022-04,2
843da1bffffffff-2023-03,1
843da1bffffffff-2023-07,1
843da1dffffffff-2012-11,1
843da1dffffffff-2013-11,1
843da1dffffffff-2015-02,1
843da1dffffffff-2015-03,2
843da1dffffffff-2015-05,1
843da1dffffffff-2015-07,5
843da1dffffffff-2015-08,6
843da1dffffffff-2015-09,7
843da1dffffffff-2015-10,1
843da1dffffffff-2015-12,1
843da1dffffffff-2016-01,2
843da1dffffffff-2016-03,2
843da1dffffffff-2016-04,7
843da1dffffffff-2016-06,6
843da1dffffffff-2016-07,5
843da1dffffffff-2017-02,3
843da1dffffffff-2017-05,2
843da1dffffffff-2017-07,1
843da1dffffffff-2017-08,1
843da1dffffffff-2017-10,3
843da1dffffffff-2017-11,2
843da1dffffffff-2017-12,3
843da1dffffffff-2018-02,2
843da1dffffffff-2018-03,8
843da1dffffffff-2018-04,5
843da1dffffffff-2018-05,2
843da1dffffffff-2018-06,3
843da1dffffffff-2018-07,5
843da1dffffffff-2018-08,8
843da1dffffffff-2018-09,4
843da1dffffffff-2018-10,3
843da1dffffffff-2018-11,2
843da1dffffffff-2019-02,1
843da1dffffffff-2019-03,4
843da1dffffffff-2019-04,1
843da1dffffffff-2019-06,2
843da1dffffffff-2019-07,6
843da1dffffffff-2019-08,3
843da1dffffffff-2019-09,4
843da1dffffffff-2019-10,4
843da1dffffffff-2019-11,1
843da1dffffffff-2019-12,1
843da1dffffffff-2020-01,6
843da1dffffffff-2020-03,1
843da1dffffffff-2020-04,1
843da1dffffffff-2020-05,1
843da1dffffffff-2020-06,5
843da1dffffffff-2020-07,15
843da1dffffffff-2020-08,3
843da1dffffffff-2020-09,3
843da1dffffffff-2020-10,3
843da1dffffffff-2020-11,1
843da1dffffffff-2021-02,3
843da1dffffffff-2021-03,2
843da1dffffffff-2021-05,1
843da1dffffffff-2021-06,1
843da1dffffffff-2021-07,5
843da1dffffffff-2021-09,7
843da1dffffffff-2021-10,1
843da1dffffffff-2021-11,12
843da1dffffffff-2021-12,1
843da1dffffffff-2022-01,1
843da1dffffffff-2022-02,5
843da1dffffffff-2022-03,2
843da1dffffffff-2022-04,3
843da1dffffffff-2022-06,6
843da1dffffffff-2022-07,15
843da1dffffffff-2022-08,2
843da1dffffffff-2022-09,2
843da1dffffffff-2022-10,4
843da1dffffffff-2022-11,5
843da1dffffffff-2022-12,4
843da1dffffffff-2023-01,4
843da1dffffffff-2023-02,12
843da1dffffffff-2023-03,6
843da1dffffffff-2023-04,9
843da1dffffffff-2023-05,4
843da1dffffffff-2023-06,1
843da1dffffffff-2023-07,1
843da1dffffffff-2023-08,2
843da1dffffffff-2023-09,10
843da1dffffffff-2023-10,3
843da1dffffffff-2023-11,2
843da21ffffffff-2013-12,1
843da21ffffffff-2014-02,1
843da21ffffffff-2015-05,1
843da21ffffffff-2015-10,1
843da21ffffffff-2016-01,1
843da21ffffffff-2016-03,1
843da21ffffffff-2016-04,1
843da21ffffffff-2016-12,1
843da21ffffffff-2017-02,1
843da21ffffffff-2017-03,2
843da21ffffffff-2017-04,3
843da21ffffffff-2017-05,1
843da21ffffffff-2017-06,2
843da21ffffffff-2017-09,1
843da21ffffffff-2017-12,1
843da21ffffffff-2018-01,4
843da21ffffffff-2018-02,4
843da21ffffffff-2018-04,7
843da21ffffffff-2018-05,1
843da21ffffffff-2018-06,2
843da21ffffffff-2018-08,1
843da21ffffffff-2018-09,2
843da21ffffffff-2018-10,1
843da21ffffffff-2018-11,4
843da21ffffffff-2018-12,2
843da21ffffffff-2019-02,2
843da21ffffffff-2019-06,1
843da21ffffffff-2019-07,3
843da21ffffffff-2019-08,5
843da21ffffffff-2019-09,1
843da21ffffffff-2019-10,1
843da21ffffffff-2019-11,1
843da21ffffffff-2019-12,3
843da21ffffffff-2020-01,3
843da21ffffffff-2020-02,6
843da21ffffffff-2020-05,3
843da21ffffffff-2020-06,4
843da21ffffffff-2020-07,4
843da21ffffffff-2020-08,1
843da21ffffffff-2020-10,4
843da21ffffffff-2020-11,6
843da21ffffffff-2020-12,2
843da21ffffffff-2021-01,5
843da21ffffffff-2021-02,3
843da21ffffffff-2021-03,21
843da21ffffffff-2021-04,10
843da21ffffffff-2021-05,7
843da21ffffffff-2021-06,8
843da21ffffffff-2021-07,2
843da21ffffffff-2021-08,2
843da21ffffffff-2021-09,3
843da21ffffffff-2021-10,9
843da21ffffffff-2021-11,11
843da21ffffffff-2021-12,12
843da21ffffffff-2022-01,7
843da21ffffffff-2022-02,11
843da21ffffffff-2022-03,45
843da21ffffffff-2022-04,43
843da21ffffffff-2022-05,34
843da21ffffffff-2022-06,37
843da21ffffffff-2022-07,4
843da21ffffffff-2022-08,4
843da21ffffffff-2022-09,2
843da21ffffffff-2022-10,22
843da21ffffffff-2022-11,16
843da21ffffffff-2022-12,5
843da21ffffffff-2023-01,7
843da21ffffffff-2023-02,17
843da21ffffffff-2023-03,45
843da21ffffffff-2023-04,33
843da21ffffffff-2023-05,22
843da21ffffffff-2023-06,8
843da21ffffffff-2023-07,13
843da21ffffffff-2023-08,18
843da21ffffffff-2023-09,4
843da21ffffffff-2023-10,30
843da21ffffffff-2023-11,19
843da23ffffffff-2016-01,1
843da23ffffffff-2018-01,1
843da23ffffffff-2018-03,1
843da23ffffffff-2021-07,2
843da23ffffffff-2022-04,3
843da23ffffffff-2023-08,1
843da25ffffffff-2015-10,1
843da25ffffffff-2016-12,1
843da25ffffffff-2018-06,1
843da25ffffffff-2018-07,1
843da25ffffffff-2018-08,1
843da25ffffffff-2018-09,1
843da25ffffffff-2018-10,3
843da25ffffffff-2020-07,1
843da25ffffffff-2020-08,1
843da25ffffffff-2020-09,2
843da25ffffffff-2020-10,6
843da25ffffffff-2020-11,7
843da25ffffffff-2020-12,14
843da25ffffffff-2021-01,1
843da25ffffffff-2021-02,1
843da25ffffffff-2021-06,1
843da25ffffffff-2021-07,1
843da25ffffffff-2021-08,3
843da25ffffffff-2021-09,1
843da25ffffffff-2021-10,1
843da25ffffffff-2021-11,1
843da25ffffffff-2021-12,1
843da25ffffffff-2022-07,11
843da25ffffffff-2022-09,2
843da25ffffffff-2022-12,1
843da25ffffffff-2023-01,3
843da25ffffffff-2023-02,6
843da25ffffffff-2023-03,1
843da25ffffffff-2023-04,1
843da25ffffffff-2023-05,1
843da25ffffffff-2023-06,2
843da25ffffffff-2023-07,9
843da25ffffffff-2023-08,1
843da25ffffffff-2023-09,1
843da25ffffffff-2023-10,1
843da25ffffffff-2023-11,2
843da27ffffffff-2020-04,1
843da27ffffffff-2020-08,1
843da27ffffffff-2021-02,3
843da27ffffffff-2021-03,4
843da27ffffffff-2021-04,1
843da27ffffffff-2021-07,3
843da27ffffffff-2021-09,2
843da27ffffffff-2021-10,3
843da27ffffffff-2022-03,2
843da27ffffffff-2022-04,1
843da27ffffffff-2022-05,1
843da27ffffffff-2022-06,1
843da27ffffffff-2022-07,2
843da27ffffffff-2022-08,1
843da27ffffffff-2022-09,2
843da27ffffffff-2022-10,2
843da27ffffffff-2023-01,1
843da27ffffffff-2023-03,2
843da27ffffffff-2023-05,2
843da27ffffffff-2023-06,1
843da29ffffffff-2020-02,1
843da29ffffffff-2022-01,1
843da29ffffffff-2023-04,1
843da2bffffffff-2016-07,2
843da2bffffffff-2019-02,1
843da2bffffffff-2021-04,3
843da2bffffffff-2021-08,1
843da2bffffffff-2021-09,1
843da2bffffffff-2022-03,1
843da2bffffffff-2023-05,1
843da2bffffffff-2023-07,1
843da2bffffffff-2023-08,2
843da2dffffffff-2018-12,5
843da2dffffffff-2020-06,1
843da2dffffffff-2020-07,2
843da2dffffffff-2021-04,2
843da2dffffffff-2021-07,1
843da2dffffffff-2021-08,3
843da2dffffffff-2022-07,6
843da2dffffffff-2022-08,1
843da2dffffffff-2022-09,1
843da2dffffffff-2022-10,1
843da2dffffffff-2023-09,5
843da2dffffffff-2023-10,1
843da2dffffffff-2023-11,1
843da31ffffffff-2021-12,1
843da33ffffffff-2013-01,1
843da33ffffffff-2015-03,1
843da33ffffffff-2016-02,3
843da33ffffffff-2018-02,1
843da33ffffffff-2019-11,1
843da33ffffffff-2019-12,2
843da33ffffffff-2020-01,2
843da33ffffffff-2020-02,4
843da33ffffffff-2020-10,23
843da33ffffffff-2020-11,1
843da33ffffffff-2021-09,1
843da33ffffffff-2021-10,5
843da33ffffffff-2022-10,3
843da33ffffffff-2022-11,1
843da33ffffffff-2022-12,3
843da33ffffffff-2023-01,2
843da33ffffffff-2023-04,1
843da37ffffffff-2012-02,2
843da37ffffffff-2012-03,2
843da37ffffffff-2012-04,3
843da37ffffffff-2012-10,4
843da37ffffffff-2012-11,2
843da37ffffffff-2012-12,4
843da37ffffffff-2013-01,12
843da37ffffffff-2013-02,4
843da37ffffffff-2013-03,7
843da37ffffffff-2013-06,1
843da37ffffffff-2013-09,1
843da37ffffffff-2013-10,2
843da37ffffffff-2013-11,3
843da37ffffffff-2013-12,3
843da37ffffffff-2014-02,9
843da37ffffffff-2014-03,2
843da37ffffffff-2014-08,1
843da37ffffffff-2014-09,1
843da37ffffffff-2014-10,2
843da37ffffffff-2014-11,14
843da37ffffffff-2014-12,10
843da37ffffffff-2015-01,3
843da37ffffffff-2015-02,28
843da37ffffffff-2015-03,10
843da37ffffffff-2015-06,1
843da37ffffffff-2015-09,3
843da37ffffffff-2015-10,4
843da37ffffffff-2015-11,11
843da37ffffffff-2015-12,10
843da37ffffffff-2016-01,4
843da37ffffffff-2016-02,48
843da37ffffffff-2016-03,4
843da37ffffffff-2016-04,3
843da37ffffffff-2016-07,2
843da37ffffffff-2016-08,2
843da37ffffffff-2016-09,10
843da37ffffffff-2016-10,8
843da37ffffffff-2016-11,13
843da37ffffffff-2016-12,23
843da37ffffffff-2017-01,14
843da37ffffffff-2017-02,17
843da37ffffffff-2017-03,25
843da37ffffffff-2017-04,7
843da37ffffffff-2017-08,4
843da37ffffffff-2017-09,5
843da37ffffffff-2017-10,4
843da37ffffffff-2017-11,5
843da37ffffffff-2017-12,25
843da37ffffffff-2018-01,26
843da37ffffffff-2018-02,24
843da37ffffffff-2018-03,25
843da37ffffffff-2018-04,10
843da37ffffffff-2018-06,2
843da37ffffffff-2018-07,3
843da37ffffffff-2018-08,2
843da37ffffffff-2018-09,4
843da37ffffffff-2018-10,7
843da37ffffffff-2018-11,2
843da37ffffffff-2018-12,7
843da37ffffffff-2019-01,5
843da37ffffffff-2019-02,37
843da37ffffffff-2019-03,27
843da37ffffffff-2019-04,10
843da37ffffffff-2019-07,2
843da37ffffffff-2019-08,5
843da37ffffffff-2019-09,3
843da37ffffffff-2019-10,9
843da37ffffffff-2019-11,17
843da37ffffffff-2019-12,6
843da37ffffffff-2020-01,26
843da37ffffffff-2020-02,62
843da37ffffffff-2020-03,9
843da37ffffffff-2020-05,2
843da37ffffffff-2020-06,2
843da37ffffffff-2020-07,1
843da37ffffffff-2020-08,2
843da37ffffffff-2020-09,47
843da37ffffffff-2020-10,90
843da37ffffffff-2020-11,24
843da37ffffffff-2020-12,2
843da37ffffffff-2021-01,9
843da37ffffffff-2021-02,55
843da37ffffffff-2021-03,144
843da37ffffffff-2021-04,187
843da37ffffffff-2021-05,104
843da37ffffffff-2021-06,61
843da37ffffffff-2021-07,26
843da37ffffffff-2021-08,10
843da37ffffffff-2021-09,14
843da37ffffffff-2021-10,271
843da37ffffffff-2021-11,15
843da37ffffffff-2021-12,6
843da37ffffffff-2022-01,22
843da37ffffffff-2022-02,38
843da37ffffffff-2022-03,75
843da37ffffffff-2022-04,3
843da37ffffffff-2022-05,30
843da37ffffffff-2022-06,7
843da37ffffffff-2022-07,7
843da37ffffffff-2022-08,6
843da37ffffffff-2022-09,5
843da37ffffffff-2022-10,99
843da37ffffffff-2022-11,14
843da37ffffffff-2022-12,20
843da37ffffffff-2023-01,24
843da37ffffffff-2023-02,110
843da37ffffffff-2023-03,65
843da37ffffffff-2023-04,24
843da37ffffffff-2023-05,6
843da37ffffffff-2023-06,3
843da37ffffffff-2023-07,5
843da37ffffffff-2023-08,4
843da37ffffffff-2023-09,9
843da37ffffffff-2023-10,29
843da37ffffffff-2023-11,15
843da39ffffffff-2022-03,1
843da39ffffffff-2023-04,1
843da3bffffffff-2021-03,1
843da3bffffffff-2021-04,2
843da3bffffffff-2021-07,1
843da3bffffffff-2022-07,2
843da3dffffffff-2014-03,2
843da3dffffffff-2016-10,1
843da3dffffffff-2016-12,1
843da3dffffffff-2017-02,1
843da3dffffffff-2017-05,1
843da3dffffffff-2017-06,4
843da3dffffffff-2017-07,5
843da3dffffffff-2017-08,4
843da3dffffffff-2017-10,2
843da3dffffffff-2017-11,3
843da3dffffffff-2018-03,2
843da3dffffffff-2018-06,4
843da3dffffffff-2018-07,2
843da3dffffffff-2018-08,2
843da3dffffffff-2018-09,1
843da3dffffffff-2018-10,3
843da3dffffffff-2018-12,2
843da3dffffffff-2019-01,2
843da3dffffffff-2019-07,1
843da3dffffffff-2019-12,1
843da3dffffffff-2020-03,3
843da3dffffffff-2020-07,2
843da3dffffffff-2020-12,1
843da3dffffffff-2021-03,5
843da3dffffffff-2021-04,57
843da3dffffffff-2021-05,104
843da3dffffffff-2021-06,116
843da3dffffffff-2021-07,101
843da3dffffffff-2021-08,64
843da3dffffffff-2021-09,77
843da3dffffffff-2021-10,73
843da3dffffffff-2021-11,45
843da3dffffffff-2021-12,35
843da3dffffffff-2022-01,68
843da3dffffffff-2022-02,57
843da3dffffffff-2022-03,62
843da3dffffffff-2022-04,72
843da3dffffffff-2022-05,64
843da3dffffffff-2022-06,47
843da3dffffffff-2022-07,48
843da3dffffffff-2022-08,27
843da3dffffffff-2022-09,54
843da3dffffffff-2022-10,47
843da3dffffffff-2022-11,24
843da3dffffffff-2022-12,20
843da3dffffffff-2023-01,17
843da3dffffffff-2023-02,24
843da3dffffffff-2023-03,36
843da3dffffffff-2023-04,40
843da3dffffffff-2023-05,26
843da3dffffffff-2023-06,22
843da3dffffffff-2023-07,39
843da3dffffffff-2023-08,25
843da3dffffffff-2023-09,7
843da3dffffffff-2023-10,4
843da3dffffffff-2023-11,2
843da41ffffffff-2018-12,1
843da41ffffffff-2019-09,1
843da43ffffffff-2018-06,1
843da45ffffffff-2015-02,1
843da45ffffffff-2019-01,1
843da45ffffffff-2019-05,1
843da45ffffffff-2023-01,1
843da51ffffffff-2018-12,1
843da51ffffffff-2019-01,1
843da51ffffffff-2019-07,1
843da51ffffffff-2019-10,1
843da51ffffffff-2020-01,1
843da51ffffffff-2020-08,1
843da53ffffffff-2017-04,1
843da53ffffffff-2019-05,1
843da53ffffffff-2021-06,1
843da55ffffffff-2015-04,1
843da55ffffffff-2016-06,1
843da55ffffffff-2018-10,2
843da55ffffffff-2019-08,1
843da55ffffffff-2022-01,1
843da55ffffffff-2022-02,1
843da57ffffffff-2012-04,1
843da57ffffffff-2014-04,2
843da57ffffffff-2017-02,1
843da57ffffffff-2018-02,1
843da57ffffffff-2018-08,2
843da57ffffffff-2018-12,1
843da57ffffffff-2019-05,1
843da57ffffffff-2020-07,1
843da57ffffffff-2020-08,3
843da57ffffffff-2020-11,1
843da57ffffffff-2020-12,1
843da57ffffffff-2022-03,1
843da57ffffffff-2022-04,1
843da57ffffffff-2022-11,1
843da57ffffffff-2023-06,2
843da57ffffffff-2023-10,1
843da59ffffffff-2018-06,1
843da59ffffffff-2022-08,1
843da59ffffffff-2022-11,1
843da59ffffffff-2023-04,1
843da5dffffffff-2016-09,1
843da5dffffffff-2017-03,1
843da5dffffffff-2017-04,1
843da5dffffffff-2018-12,1
843da5dffffffff-2019-09,2
843da5dffffffff-2022-03,1
843da5dffffffff-2023-11,1
843da61ffffffff-2017-01,1
843da61ffffffff-2019-02,1
843da61ffffffff-2020-01,2
843da61ffffffff-2021-01,1
843da61ffffffff-2021-02,1
843da61ffffffff-2021-03,1
843da61ffffffff-2021-04,5
843da61ffffffff-2021-05,18
843da61ffffffff-2021-06,29
843da61ffffffff-2021-07,2
843da61ffffffff-2021-09,4
843da61ffffffff-2021-11,1
843da61ffffffff-2021-12,1
843da61ffffffff-2022-02,3
843da61ffffffff-2022-04,1
843da63ffffffff-2019-01,1
843da63ffffffff-2019-02,1
843da63ffffffff-2019-09,1
843da63ffffffff-2020-02,1
843da63ffffffff-2020-08,3
843da63ffffffff-2020-10,2
843da63ffffffff-2020-11,7
843da63ffffffff-2020-12,5
843da63ffffffff-2021-01,4
843da63ffffffff-2021-02,2
843da63ffffffff-2021-03,5
843da63ffffffff-2021-04,3
843da63ffffffff-2021-05,14
843da63ffffffff-2021-06,8
843da63ffffffff-2021-07,2
843da63ffffffff-2021-08,2
843da63ffffffff-2021-09,5
843da63ffffffff-2021-10,1
843da63ffffffff-2021-11,8
843da63ffffffff-2021-12,5
843da63ffffffff-2022-01,3
843da63ffffffff-2022-02,2
843da63ffffffff-2022-03,1
843da63ffffffff-2022-04,3
843da63ffffffff-2022-06,4
843da63ffffffff-2022-07,6
843da63ffffffff-2022-08,7
843da63ffffffff-2022-09,7
843da63ffffffff-2022-10,7
843da63ffffffff-2022-11,4
843da63ffffffff-2022-12,4
843da63ffffffff-2023-01,1
843da63ffffffff-2023-02,6
843da63ffffffff-2023-03,7
843da63ffffffff-2023-04,7
843da63ffffffff-2023-05,1
843da63ffffffff-2023-06,3
843da63ffffffff-2023-07,2
843da63ffffffff-2023-08,3
843da63ffffffff-2023-09,1
843da63ffffffff-2023-10,2
843da63ffffffff-2023-11,9
843da65ffffffff-2018-07,1
843da65ffffffff-2021-06,1
843da65ffffffff-2022-02,1
843da65ffffffff-2022-07,2
843da65ffffffff-2022-12,1
843da65ffffffff-2023-06,1
843da67ffffffff-2020-05,1
843da67ffffffff-2020-08,7
843da67ffffffff-2020-11,4
843da67ffffffff-2020-12,8
843da67ffffffff-2021-01,5
843da67ffffffff-2021-02,6
843da67ffffffff-2021-03,7
843da67ffffffff-2021-04,17
843da67ffffffff-2021-05,25
843da67ffffffff-2021-06,16
843da67ffffffff-2021-07,10
843da67ffffffff-2021-08,2
843da67ffffffff-2021-09,7
843da67ffffffff-2021-11,7
843da67ffffffff-2021-12,10
843da67ffffffff-2022-01,5
843da67ffffffff-2022-02,2
843da67ffffffff-2022-03,12
843da67ffffffff-2022-04,5
843da67ffffffff-2022-05,2
843da67ffffffff-2022-06,10
843da67ffffffff-2022-07,6
843da67ffffffff-2022-08,12
843da67ffffffff-2022-09,2
843da67ffffffff-2022-10,3
843da67ffffffff-2022-11,5
843da67ffffffff-2022-12,3
843da67ffffffff-2023-01,4
843da67ffffffff-2023-03,3
843da67ffffffff-2023-04,2
843da67ffffffff-2023-05,1
843da67ffffffff-2023-06,1
843da67ffffffff-2023-08,1
843da67ffffffff-2023-09,5
843da67ffffffff-2023-11,3
843da69ffffffff-2012-02,2
843da69ffffffff-2012-07,1
843da69ffffffff-2012-09,1
843da69ffffffff-2013-02,2
843da69ffffffff-2014-11,3
843da69ffffffff-2014-12,3
843da69ffffffff-2015-02,1
843da69ffffffff-2015-05,1
843da69ffffffff-2015-09,2
843da69ffffffff-2015-10,1
843da69ffffffff-2015-11,1
843da69ffffffff-2015-12,2
843da69ffffffff-2016-01,1
843da69ffffffff-2016-02,6
843da69ffffffff-2016-10,16
843da69ffffffff-2016-11,3
843da69ffffffff-2016-12,3
843da69ffffffff-2017-01,2
843da69ffffffff-2017-09,8
843da69ffffffff-2017-10,1
843da69ffffffff-2017-11,1
843da69ffffffff-2017-12,4
843da69ffffffff-2018-01,3
843da69ffffffff-2018-02,1
843da69ffffffff-2018-08,1
843da69ffffffff-2018-09,2
843da69ffffffff-2018-10,12
843da69ffffffff-2018-11,1
843da69ffffffff-2018-12,6
843da69ffffffff-2019-01,3
843da69ffffffff-2019-02,4
843da69ffffffff-2019-06,9
843da69ffffffff-2019-09,12
843da69ffffffff-2019-10,1
843da69ffffffff-2019-11,12
843da69ffffffff-2020-01,2
843da69ffffffff-2020-02,3
843da69ffffffff-2020-03,1
843da69ffffffff-2020-07,1
843da69ffffffff-2020-09,5
843da69ffffffff-2020-10,10
843da69ffffffff-2020-11,6
843da69ffffffff-2021-01,1
843da69ffffffff-2021-02,6
843da69ffffffff-2021-03,7
843da69ffffffff-2021-08,1
843da69ffffffff-2021-09,3
843da69ffffffff-2021-10,11
843da69ffffffff-2021-11,4
843da69ffffffff-2021-12,6
843da69ffffffff-2022-01,26
843da69ffffffff-2022-02,10
843da69ffffffff-2022-03,3
843da69ffffffff-2022-07,1
843da69ffffffff-2022-08,1
843da69ffffffff-2022-09,3
843da69ffffffff-2022-10,33
843da69ffffffff-2022-11,19
843da69ffffffff-2022-12,4
843da69ffffffff-2023-01,24
843da69ffffffff-2023-02,21
843da69ffffffff-2023-04,1
843da69ffffffff-2023-08,3
843da69ffffffff-2023-09,2
843da69ffffffff-2023-10,19
843da69ffffffff-2023-11,4
843da6bffffffff-2022-12,1
843da6bffffffff-2023-04,1
843da6bffffffff-2023-09,1
843da6bffffffff-2023-10,1
843da6bffffffff-2023-11,2
843da6dffffffff-2015-09,2
843da6dffffffff-2018-12,5
843da6dffffffff-2020-12,1
843da6dffffffff-2021-02,1
843da6dffffffff-2022-07,1
843da81ffffffff-2020-01,2
843da81ffffffff-2020-02,1
843da81ffffffff-2021-09,2
843da81ffffffff-2022-06,1
843da85ffffffff-2022-04,1
843da91ffffffff-2018-05,1
843da91ffffffff-2023-04,1
843da93ffffffff-2013-05,1
843da93ffffffff-2020-03,1
843da93ffffffff-2020-04,1
843da93ffffffff-2020-05,1
843da93ffffffff-2022-04,7
843da93ffffffff-2022-07,1
843da93ffffffff-2022-08,2
843da93ffffffff-2022-11,1
843da93ffffffff-2023-03,2
843da93ffffffff-2023-04,1
843da93ffffffff-2023-05,1
843da95ffffffff-2014-05,1
843da95ffffffff-2016-05,1
843da95ffffffff-2018-06,1
843da95ffffffff-2018-12,2
843da95ffffffff-2019-03,1
843da95ffffffff-2019-06,2
843da95ffffffff-2019-11,1
843da95ffffffff-2022-02,1
843da95ffffffff-2022-04,2
843da95ffffffff-2022-05,3
843da95ffffffff-2023-04,10
843da97ffffffff-2012-04,1
843da97ffffffff-2015-03,1
843da97ffffffff-2016-06,1
843da97ffffffff-2019-06,3
843da97ffffffff-2020-02,1
843da97ffffffff-2020-11,1
843da97ffffffff-2022-05,1
843da97ffffffff-2023-04,12
843da97ffffffff-2023-05,5
843da99ffffffff-2016-04,1
843da99ffffffff-2016-11,1
843da99ffffffff-2018-02,2
843da99ffffffff-2018-04,2
843da99ffffffff-2018-05,1
843da99ffffffff-2020-03,4
843da99ffffffff-2022-03,1
843da99ffffffff-2022-08,2
843da99ffffffff-2022-10,1
843da99ffffffff-2023-03,1
843da99ffffffff-2023-04,3
843da99ffffffff-2023-10,1
843da9bffffffff-2013-11,1
843da9dffffffff-2013-05,1
843da9dffffffff-2013-06,1
843da9dffffffff-2016-05,1
843da9dffffffff-2017-06,1
843da9dffffffff-2018-02,1
843da9dffffffff-2018-03,1
843da9dffffffff-2018-06,2
843da9dffffffff-2018-09,1
843da9dffffffff-2018-12,2
843da9dffffffff-2019-03,1
843da9dffffffff-2020-03,1
843da9dffffffff-2020-06,1
843da9dffffffff-2022-03,1
843da9dffffffff-2022-04,1
843da9dffffffff-2022-05,5
843da9dffffffff-2023-01,3
843da9dffffffff-2023-04,12
843da9dffffffff-2023-05,7
843daa5ffffffff-2015-08,1
843daa5ffffffff-2015-12,4
843daa5ffffffff-2017-10,1
843daa5ffffffff-2020-02,3
843daa5ffffffff-2022-01,1
843daa5ffffffff-2022-10,2
843daa5ffffffff-2022-12,2
843daa5ffffffff-2023-01,1
843daa5ffffffff-2023-03,1
843daa7ffffffff-2017-12,1
843dab5ffffffff-2020-11,1
843dab9ffffffff-2023-06,1
843dabdffffffff-2013-09,1
843dac1ffffffff-2017-05,4
843dac9ffffffff-2014-09,1
843dac9ffffffff-2019-04,2
843dac9ffffffff-2019-05,1
843dac9ffffffff-2019-06,1
843dac9ffffffff-2019-07,1
843dac9ffffffff-2020-03,1
843dac9ffffffff-2020-05,2
843dac9ffffffff-2020-06,25
843dac9ffffffff-2020-07,5
843dac9ffffffff-2020-11,1
843dac9ffffffff-2021-03,5
843dac9ffffffff-2021-04,4
843dac9ffffffff-2021-05,5
843dac9ffffffff-2021-06,37
843dac9ffffffff-2021-07,20
843dac9ffffffff-2021-08,3
843dac9ffffffff-2021-09,2
843dac9ffffffff-2021-10,1
843dac9ffffffff-2022-01,1
843dac9ffffffff-2022-02,2
843dac9ffffffff-2022-03,13
843dac9ffffffff-2022-04,7
843dac9ffffffff-2022-05,4
843dac9ffffffff-2022-06,12
843dac9ffffffff-2022-07,6
843dac9ffffffff-2022-08,1
843dac9ffffffff-2022-09,1
843dac9ffffffff-2022-11,2
843dac9ffffffff-2023-03,6
843dac9ffffffff-2023-04,7
843dac9ffffffff-2023-05,13
843dac9ffffffff-2023-06,7
843dac9ffffffff-2023-07,4
843dac9ffffffff-2023-10,2
843dacbffffffff-2019-05,3
843dad1ffffffff-2014-04,1
843dad1ffffffff-2016-04,2
843dad1ffffffff-2016-05,2
843dad1ffffffff-2016-07,1
843dad1ffffffff-2017-05,5
843dad1ffffffff-2017-06,11
843dad1ffffffff-2017-07,2
843dad1ffffffff-2017-11,1
843dad1ffffffff-2018-03,5
843dad1ffffffff-2018-04,9
843dad1ffffffff-2018-05,1
843dad1ffffffff-2018-06,6
843dad1ffffffff-2018-07,1
843dad1ffffffff-2019-03,2
843dad1ffffffff-2019-04,5
843dad1ffffffff-2019-05,3
843dad1ffffffff-2019-07,2
843dad1ffffffff-2020-03,4
843dad1ffffffff-2020-05,13
843dad1ffffffff-2020-06,5
843dad1ffffffff-2021-03,2
843dad1ffffffff-2021-04,10
843dad1ffffffff-2021-05,18
843dad1ffffffff-2021-06,2
843dad1ffffffff-2022-03,2
843dad1ffffffff-2022-04,10
843dad1ffffffff-2022-05,9
843dad1ffffffff-2022-06,1
843dad1ffffffff-2022-07,1
843dad1ffffffff-2023-03,10
843dad1ffffffff-2023-04,23
843dad1ffffffff-2023-05,18
843dad1ffffffff-2023-06,19
843dad3ffffffff-2016-04,1
843dad5ffffffff-2014-01,2
843dad5ffffffff-2016-02,1
843dad5ffffffff-2017-03,2
843dad5ffffffff-2017-06,7
843dad5ffffffff-2017-11,1
843dad5ffffffff-2018-01,2
843dad5ffffffff-2018-07,2
843dad5ffffffff-2019-02,2
843dad5ffffffff-2020-01,3
843dad5ffffffff-2020-02,3
843dad5ffffffff-2020-03,10
843dad5ffffffff-2020-06,3
843dad5ffffffff-2020-07,1
843dad5ffffffff-2021-03,1
843dad5ffffffff-2021-06,3
843dad5ffffffff-2021-09,1
843dad5ffffffff-2022-02,5
843dad5ffffffff-2022-06,1
843dad5ffffffff-2023-03,1
843dad5ffffffff-2023-04,1
843dad5ffffffff-2023-06,2
843dad7ffffffff-2019-04,7
843dad7ffffffff-2021-04,1
843dad9ffffffff-2014-02,1
843dad9ffffffff-2017-05,1
843dad9ffffffff-2018-05,1
843dad9ffffffff-2019-04,3
843dad9ffffffff-2022-04,2
843dad9ffffffff-2022-05,2
843dad9ffffffff-2022-06,1
843dad9ffffffff-2023-05,4
843dad9ffffffff-2023-06,1
843daddffffffff-2013-05,2
843daddffffffff-2014-07,3
843daddffffffff-2014-11,1
843daddffffffff-2015-02,1
843daddffffffff-2015-03,2
843daddffffffff-2015-04,1
843daddffffffff-2015-06,6
843daddffffffff-2015-07,2
843daddffffffff-2016-02,2
843daddffffffff-2016-03,1
843daddffffffff-2016-04,15
843daddffffffff-2016-05,18
843daddffffffff-2016-06,20
843daddffffffff-2016-07,1
843daddffffffff-2016-12,2
843daddffffffff-2017-03,1
843daddffffffff-2017-04,11
843daddffffffff-2017-05,16
843daddffffffff-2017-06,20
843daddffffffff-2017-07,2
843daddffffffff-2017-09,1
843daddffffffff-2018-03,7
843daddffffffff-2018-04,14
843daddffffffff-2018-05,20
843daddffffffff-2018-06,2
843daddffffffff-2018-07,6
843daddffffffff-2019-03,1
843daddffffffff-2019-04,5
843daddffffffff-2019-05,9
843daddffffffff-2019-06,2
843daddffffffff-2020-03,1
843daddffffffff-2020-04,19
843daddffffffff-2020-05,21
843daddffffffff-2020-06,13
843daddffffffff-2020-09,2
843daddffffffff-2021-02,2
843daddffffffff-2021-03,3
843daddffffffff-2021-04,1
843daddffffffff-2021-05,7
843daddffffffff-2021-06,4
843daddffffffff-2021-12,2
843daddffffffff-2022-03,6
843daddffffffff-2022-04,14
843daddffffffff-2022-05,13
843daddffffffff-2022-06,11
843daddffffffff-2022-07,8
843daddffffffff-2022-11,6
843daddffffffff-2023-03,3
843daddffffffff-2023-04,27
843daddffffffff-2023-05,8
843daddffffffff-2023-06,70
843daddffffffff-2023-09,1
843dae1ffffffff-2019-02,2
843dae1ffffffff-2019-12,2
843dae1ffffffff-2020-03,1
843dae1ffffffff-2020-07,2
843dae1ffffffff-2021-02,1
843dae1ffffffff-2021-04,1
843dae1ffffffff-2021-05,2
843dae1ffffffff-2022-04,1
843dae1ffffffff-2022-07,1
843dae1ffffffff-2023-02,1
843dae1ffffffff-2023-06,1
843dae5ffffffff-2018-06,1
843dae5ffffffff-2020-06,1
843dae7ffffffff-2020-04,2
843dae7ffffffff-2020-07,1
843dae7ffffffff-2020-11,1
843dae7ffffffff-2020-12,2
843dae7ffffffff-2021-01,2
843dae7ffffffff-2021-02,1
843dae7ffffffff-2022-06,3
843dae7ffffffff-2023-03,2
843dae9ffffffff-2017-05,1
843db01ffffffff-2016-06,1
843db01ffffffff-2019-02,2
843db01ffffffff-2023-02,1
843db01ffffffff-2023-03,3
843db03ffffffff-2014-09,1
843db03ffffffff-2018-02,1
843db03ffffffff-2018-09,1
843db03ffffffff-2023-03,3
843db05ffffffff-2023-02,1
843db05ffffffff-2023-03,1
843db07ffffffff-2017-05,1
843db07ffffffff-2019-02,2
843db07ffffffff-2019-06,1
843db07ffffffff-2019-11,1
843db07ffffffff-2020-02,1
843db07ffffffff-2020-03,1
843db07ffffffff-2020-06,2
843db07ffffffff-2021-03,1
843db07ffffffff-2021-12,1
843db07ffffffff-2022-02,2
843db07ffffffff-2022-03,2
843db07ffffffff-2022-06,1
843db07ffffffff-2023-01,1
843db07ffffffff-2023-02,26
843db07ffffffff-2023-03,3
843db09ffffffff-2022-02,2
843db0bffffffff-2023-02,5
843db0bffffffff-2023-08,2
843db0bffffffff-2023-10,3
843db0dffffffff-2023-02,1
843db13ffffffff-2012-03,1
843db13ffffffff-2013-01,1
843db13ffffffff-2014-01,1
843db13ffffffff-2014-05,2
843db13ffffffff-2014-09,1
843db13ffffffff-2014-10,3
843db13ffffffff-2014-11,12
843db13ffffffff-2014-12,10
843db13ffffffff-2015-01,3
843db13ffffffff-2015-02,5
843db13ffffffff-2015-03,6
843db13ffffffff-2015-04,2
843db13ffffffff-2015-05,1
843db13ffffffff-2015-10,2
843db13ffffffff-2015-11,8
843db13ffffffff-2015-12,5
843db13ffffffff-2016-01,11
843db13ffffffff-2016-02,26
843db13ffffffff-2016-03,1
843db13ffffffff-2016-05,2
843db13ffffffff-2016-06,1
843db13ffffffff-2016-10,7
843db13ffffffff-2016-11,7
843db13ffffffff-2016-12,2
843db13ffffffff-2017-02,10
843db13ffffffff-2017-03,16
843db13ffffffff-2017-04,5
843db13ffffffff-2017-05,5
843db13ffffffff-2017-06,11
843db13ffffffff-2017-10,2
843db13ffffffff-2017-11,5
843db13ffffffff-2017-12,6
843db13ffffffff-2018-01,3
843db13ffffffff-2018-02,9
843db13ffffffff-2018-03,11
843db13ffffffff-2018-04,12
843db13ffffffff-2018-05,7
843db13ffffffff-2018-06,22
843db13ffffffff-2018-07,4
843db13ffffffff-2018-10,4
843db13ffffffff-2018-11,2
843db13ffffffff-2018-12,2
843db13ffffffff-2019-01,5
843db13ffffffff-2019-02,11
843db13ffffffff-2019-03,55
843db13ffffffff-2019-04,1
843db13ffffffff-2019-05,1
843db13ffffffff-2019-06,10
843db13ffffffff-2019-08,1
843db13ffffffff-2019-12,3
843db13ffffffff-2020-01,14
843db13ffffffff-2020-02,23
843db13ffffffff-2020-03,3
843db13ffffffff-2020-12,1
843db13ffffffff-2021-04,2
843db13ffffffff-2021-05,5
843db13ffffffff-2021-06,2
843db13ffffffff-2021-07,2
843db13ffffffff-2021-11,1
843db13ffffffff-2022-03,2
843db13ffffffff-2022-04,14
843db13ffffffff-2022-05,2
843db13ffffffff-2022-06,11
843db13ffffffff-2022-10,9
843db13ffffffff-2022-12,1
843db13ffffffff-2023-01,8
843db13ffffffff-2023-02,18
843db13ffffffff-2023-03,6
843db13ffffffff-2023-04,21
843db13ffffffff-2023-05,13
843db13ffffffff-2023-06,1
843db13ffffffff-2023-07,5
843db13ffffffff-2023-10,28
843db15ffffffff-2017-11,3
843db15ffffffff-2022-02,1
843db15ffffffff-2022-05,5
843db19ffffffff-2017-03,2
843db19ffffffff-2019-01,1
843db1bffffffff-2019-10,1
843db1bffffffff-2021-05,8
843db1bffffffff-2021-07,2
843db1bffffffff-2022-03,1
843db21ffffffff-2022-12,1
843db23ffffffff-2021-01,3
843db23ffffffff-2021-03,2
843db23ffffffff-2021-04,1
843db25ffffffff-2014-11,5
843db25ffffffff-2018-03,2
843db25ffffffff-2019-01,4
843db25ffffffff-2019-02,2
843db25ffffffff-2019-03,1
843db25ffffffff-2019-05,3
843db25ffffffff-2022-01,1
843db25ffffffff-2022-07,1
843db27ffffffff-2021-01,3
843db27ffffffff-2021-03,1
843db27ffffffff-2022-10,1
843db27ffffffff-2023-02,1
843db29ffffffff-2020-03,2
843db29ffffffff-2023-02,1
843db29ffffffff-2023-10,1
843db2bffffffff-2016-06,1
843db2bffffffff-2019-02,1
843db2bffffffff-2020-05,1
843db2bffffffff-2020-06,1
843db2bffffffff-2020-11,1
843db2bffffffff-2021-01,1
843db2bffffffff-2021-04,1
843db2bffffffff-2021-06,1
843db2bffffffff-2022-03,3
843db2bffffffff-2022-11,1
843db2bffffffff-2023-03,1
843db2bffffffff-2023-04,5
843db2bffffffff-2023-05,2
843db2bffffffff-2023-11,2
843db2dffffffff-2017-12,2
843db2dffffffff-2018-10,1
843db2dffffffff-2018-12,1
843db2dffffffff-2019-02,3
843db2dffffffff-2019-05,1
843db2dffffffff-2019-06,1
843db2dffffffff-2020-02,1
843db2dffffffff-2021-04,3
843db2dffffffff-2022-03,6
843db2dffffffff-2022-04,4
843db2dffffffff-2022-05,12
843db2dffffffff-2022-07,1
843db2dffffffff-2022-09,1
843db2dffffffff-2022-11,3
843db2dffffffff-2023-01,6
843db2dffffffff-2023-02,4
843db2dffffffff-2023-03,2
843db2dffffffff-2023-04,1
843db2dffffffff-2023-05,7
843db2dffffffff-2023-06,2
843db2dffffffff-2023-10,1
843db31ffffffff-2017-12,6
843db31ffffffff-2019-02,1
843db31ffffffff-2020-02,3
843db31ffffffff-2020-03,1
843db31ffffffff-2021-02,15
843db31ffffffff-2021-04,2
843db31ffffffff-2021-08,1
843db31ffffffff-2021-10,1
843db31ffffffff-2022-01,2
843db31ffffffff-2022-02,1
843db31ffffffff-2022-03,39
843db31ffffffff-2022-04,1
843db31ffffffff-2022-07,1
843db31ffffffff-2023-03,9
843db31ffffffff-2023-07,1
843db31ffffffff-2023-10,2
843db33ffffffff-2018-10,2
843db33ffffffff-2019-10,1
843db33ffffffff-2021-04,1
843db33ffffffff-2021-06,1
843db33ffffffff-2021-10,2
843db33ffffffff-2022-09,1
843db33ffffffff-2023-02,3
843db33ffffffff-2023-03,1
843db35ffffffff-2015-01,2
843db35ffffffff-2017-12,12
843db35ffffffff-2018-02,13
843db35ffffffff-2019-02,38
843db35ffffffff-2020-01,11
843db35ffffffff-2020-02,99
843db35ffffffff-2021-02,164
843db35ffffffff-2021-10,3
843db35ffffffff-2022-03,284
843db35ffffffff-2023-03,123
843db35ffffffff-2023-04,1
843db35ffffffff-2023-09,2
843db37ffffffff-2019-02,24
843db37ffffffff-2020-02,43
843db37ffffffff-2021-02,21
843db37ffffffff-2022-03,65
843db37ffffffff-2023-03,55
843db39ffffffff-2015-02,1
843db39ffffffff-2016-02,6
843db39ffffffff-2017-12,2
843db39ffffffff-2018-11,1
843db39ffffffff-2019-11,1
843db39ffffffff-2020-10,2
843db39ffffffff-2020-11,1
843db39ffffffff-2021-03,1
843db39ffffffff-2021-05,1
843db39ffffffff-2021-06,1
843db39ffffffff-2022-03,2
843db39ffffffff-2023-02,6
843db39ffffffff-2023-03,10
843db3bffffffff-2015-10,1
843db3bffffffff-2018-02,1
843db3bffffffff-2020-02,2
843db3bffffffff-2021-06,2
843db3bffffffff-2021-11,1
843db3bffffffff-2022-01,2
843db3bffffffff-2022-02,1
843db3bffffffff-2022-03,1
843db3bffffffff-2022-04,2
843db3bffffffff-2022-05,2
843db3bffffffff-2022-07,1
843db3bffffffff-2022-08,2
843db3bffffffff-2022-09,1
843db3bffffffff-2023-02,3
843db3bffffffff-2023-04,1
843db3bffffffff-2023-06,1
843db3bffffffff-2023-08,1
843db3bffffffff-2023-09,1
843db3bffffffff-2023-10,1
843db3dffffffff-2019-08,1
843db3dffffffff-2019-12,1
843db3dffffffff-2020-06,1
843db3dffffffff-2020-09,1
843db3dffffffff-2020-11,1
843db3dffffffff-2020-12,2
843db3dffffffff-2021-02,2
843db3dffffffff-2022-01,1
843db3dffffffff-2022-06,1
843db3dffffffff-2022-12,1
843db3dffffffff-2023-02,11
843db3dffffffff-2023-03,2
843db3dffffffff-2023-04,1
843db3dffffffff-2023-05,5
843db3dffffffff-2023-06,2
843db3dffffffff-2023-11,2
843db41ffffffff-2021-12,1
843db41ffffffff-2022-10,1
843db43ffffffff-2023-02,1
843db47ffffffff-2021-02,1
843db49ffffffff-2016-08,2
843db49ffffffff-2022-09,1
843db49ffffffff-2023-09,4
843db4dffffffff-2016-08,1
843db4dffffffff-2022-02,1
843db4dffffffff-2023-02,1
843db51ffffffff-2016-08,3
843db51ffffffff-2019-05,2
843db51ffffffff-2019-07,1
843db51ffffffff-2019-08,2
843db51ffffffff-2020-07,1
843db51ffffffff-2020-10,1
843db51ffffffff-2020-12,1
843db51ffffffff-2021-08,3
843db51ffffffff-2022-02,1
843db51ffffffff-2022-07,4
843db51ffffffff-2022-08,7
843db51ffffffff-2023-02,2
843db51ffffffff-2023-08,1
843db51ffffffff-2023-09,2
843db51ffffffff-2023-10,3
843db53ffffffff-2021-10,1
843db53ffffffff-2022-03,2
843db53ffffffff-2022-05,1
843db53ffffffff-2022-07,2
843db53ffffffff-2022-10,1
843db53ffffffff-2023-03,1
843db53ffffffff-2023-04,4
843db53ffffffff-2023-05,7
843db53ffffffff-2023-06,2
843db55ffffffff-2016-07,2
843db55ffffffff-2016-08,9
843db55ffffffff-2017-08,1
843db55ffffffff-2019-02,1
843db55ffffffff-2019-08,5
843db55ffffffff-2020-08,1
843db55ffffffff-2022-07,10
843db55ffffffff-2022-08,15
843db55ffffffff-2023-08,5
843db57ffffffff-2012-07,1
843db57ffffffff-2014-08,2
843db57ffffffff-2015-07,1
843db57ffffffff-2016-08,1
843db57ffffffff-2018-07,4
843db57ffffffff-2018-08,7
843db57ffffffff-2019-07,3
843db57ffffffff-2019-08,26
843db57ffffffff-2019-09,7
843db57ffffffff-2020-04,1
843db57ffffffff-2020-09,3
843db57ffffffff-2021-08,16
843db57ffffffff-2022-03,1
843db57ffffffff-2022-04,1
843db57ffffffff-2022-07,4
843db57ffffffff-2022-08,12
843db57ffffffff-2023-07,3
843db57ffffffff-2023-08,29
843db5bffffffff-2014-12,1
843db5bffffffff-2015-08,1
843db5bffffffff-2018-02,1
843db5bffffffff-2019-12,1
843db5bffffffff-2020-05,1
843db5bffffffff-2020-10,1
843db5bffffffff-2020-12,2
843db5bffffffff-2022-02,1
843db5bffffffff-2022-05,1
843db5bffffffff-2022-08,1
843db5bffffffff-2022-10,2
843db5bffffffff-2023-02,2
843db5bffffffff-2023-03,2
843db5bffffffff-2023-10,1
843db61ffffffff-2015-05,1
843db61ffffffff-2016-10,1
843db61ffffffff-2017-01,1
843db61ffffffff-2017-11,1
843db61ffffffff-2018-02,2
843db61ffffffff-2018-03,2
843db61ffffffff-2018-11,1
843db61ffffffff-2019-01,2
843db61ffffffff-2019-02,1
843db61ffffffff-2019-05,7
843db61ffffffff-2020-02,4
843db61ffffffff-2021-11,1
843db61ffffffff-2021-12,1
843db61ffffffff-2022-01,3
843db61ffffffff-2022-04,2
843db61ffffffff-2022-06,7
843db61ffffffff-2022-09,1
843db61ffffffff-2023-05,3
843db63ffffffff-2017-11,1
843db63ffffffff-2021-12,5
843db65ffffffff-2022-03,1
843db65ffffffff-2022-04,4
843db65ffffffff-2022-06,10
843db65ffffffff-2022-08,4
843db65ffffffff-2023-05,3
843db65ffffffff-2023-07,1
843db67ffffffff-2014-01,1
843db67ffffffff-2014-11,6
843db67ffffffff-2015-03,1
843db67ffffffff-2016-04,1
843db67ffffffff-2017-11,2
843db67ffffffff-2017-12,2
843db67ffffffff-2018-01,1
843db67ffffffff-2018-03,1
843db67ffffffff-2018-04,1
843db67ffffffff-2018-11,5
843db67ffffffff-2018-12,1
843db67ffffffff-2019-01,1
843db67ffffffff-2019-02,9
843db67ffffffff-2019-03,3
843db67ffffffff-2019-05,3
843db67ffffffff-2019-06,4
843db67ffffffff-2019-10,1
843db67ffffffff-2020-02,3
843db67ffffffff-2020-03,7
843db67ffffffff-2021-01,1
843db67ffffffff-2021-07,1
843db67ffffffff-2021-10,3
843db67ffffffff-2022-02,1
843db67ffffffff-2022-03,7
843db67ffffffff-2022-05,1
843db67ffffffff-2022-06,1
843db67ffffffff-2022-09,1
843db67ffffffff-2022-10,1
843db67ffffffff-2022-11,6
843db67ffffffff-2023-01,2
843db67ffffffff-2023-02,17
843db67ffffffff-2023-03,21
843db67ffffffff-2023-04,11
843db67ffffffff-2023-05,4
843db67ffffffff-2023-06,3
843db67ffffffff-2023-07,2
843db67ffffffff-2023-10,3
843db67ffffffff-2023-11,3
843db69ffffffff-2018-03,4
843db69ffffffff-2019-02,1
843db69ffffffff-2022-02,2
843db6bffffffff-2022-05,1
843db6bffffffff-2023-05,5
843db6bffffffff-2023-07,3
843db6dffffffff-2016-02,1
843db6dffffffff-2016-03,1
843db6dffffffff-2017-11,1
843db6dffffffff-2018-03,7
843db6dffffffff-2019-03,1
843db6dffffffff-2019-11,3
843db6dffffffff-2019-12,1
843db6dffffffff-2020-03,1
843db6dffffffff-2020-08,4
843db6dffffffff-2021-02,1
843db6dffffffff-2021-03,2
843db6dffffffff-2021-11,3
843db6dffffffff-2021-12,4
843db6dffffffff-2022-01,1
843db6dffffffff-2022-02,4
843db6dffffffff-2022-03,3
843db6dffffffff-2022-04,11
843db6dffffffff-2022-05,25
843db6dffffffff-2022-06,10
843db6dffffffff-2022-08,1
843db6dffffffff-2022-09,17
843db6dffffffff-2022-10,11
843db6dffffffff-2022-11,10
843db6dffffffff-2022-12,4
843db6dffffffff-2023-01,10
843db6dffffffff-2023-02,10
843db6dffffffff-2023-03,17
843db6dffffffff-2023-04,30
843db6dffffffff-2023-05,11
843db6dffffffff-2023-06,15
843db6dffffffff-2023-07,7
843db6dffffffff-2023-08,4
843db6dffffffff-2023-09,2
843db6dffffffff-2023-10,2
843db6dffffffff-2023-11,1
843e689ffffffff-2017-09,7
8442085ffffffff-2022-03,1
84420a7ffffffff-2021-05,1
84421d3ffffffff-2022-05,1
8442221ffffffff-2023-03,2
8442253ffffffff-2023-04,2
8442253ffffffff-2023-10,1
8442305ffffffff-2022-03,4
844230dffffffff-2022-03,4
8442331ffffffff-2016-03,3
8442339ffffffff-2016-03,3
844233bffffffff-2022-03,6
844233bffffffff-2023-03,2
8442425ffffffff-2022-03,1
8442427ffffffff-2022-03,5
8442481ffffffff-2022-06,1
8442483ffffffff-2018-10,1
844248dffffffff-2022-05,2
844248dffffffff-2023-04,1
844248dffffffff-2023-05,1
844248dffffffff-2023-06,2
8442493ffffffff-2019-04,2
8442493ffffffff-2019-12,1
8442493ffffffff-2020-06,2
8442493ffffffff-2020-07,3
8442493ffffffff-2020-08,8
8442493ffffffff-2020-09,5
8442493ffffffff-2021-04,2
8442493ffffffff-2021-05,2
8442493ffffffff-2021-07,2
8442493ffffffff-2021-08,1
8442493ffffffff-2023-08,1
8442495ffffffff-2021-06,1
8442497ffffffff-2021-06,3
8442499ffffffff-2023-01,1
8442499ffffffff-2023-07,1
844249bffffffff-2018-07,1
844249bffffffff-2018-08,1
844249bffffffff-2019-07,1
844249dffffffff-2019-04,1
844249dffffffff-2020-05,7
844249dffffffff-2020-06,2
844249dffffffff-2021-03,2
844249dffffffff-2021-04,2
844249dffffffff-2021-05,4
844249dffffffff-2021-06,2
844249dffffffff-2022-05,1
844249dffffffff-2023-05,2
84424a3ffffffff-2019-10,1
84424a3ffffffff-2020-11,1
84424b1ffffffff-2016-04,1
84424b1ffffffff-2017-04,1
84424b1ffffffff-2017-10,1
84424b1ffffffff-2021-07,1
84424b5ffffffff-2016-10,1
84424b5ffffffff-2021-08,1
84424b5ffffffff-2021-10,1
84424b5ffffffff-2023-08,3
84424b7ffffffff-2018-05,1
84424b7ffffffff-2023-11,1
84424d3ffffffff-2017-04,1
84424d3ffffffff-2020-05,1
84424d3ffffffff-2020-10,1
84424d3ffffffff-2021-04,1
84424d3ffffffff-2022-09,1
844250dffffffff-2021-06,1
8442515ffffffff-2019-09,1
8442515ffffffff-2022-06,1
8442515ffffffff-2023-01,1
8442515ffffffff-2023-02,6
8442531ffffffff-2012-11,1
8442531ffffffff-2013-10,3
8442531ffffffff-2014-11,3
8442531ffffffff-2015-03,2
8442531ffffffff-2015-10,1
8442531ffffffff-2016-08,5
8442531ffffffff-2016-12,1
8442531ffffffff-2017-03,2
8442531ffffffff-2017-04,1
8442531ffffffff-2018-03,4
8442531ffffffff-2018-04,1
8442531ffffffff-2018-09,1
8442531ffffffff-2020-02,1
8442531ffffffff-2020-03,1
8442531ffffffff-2020-07,1
8442531ffffffff-2021-10,3
8442531ffffffff-2022-02,5
8442531ffffffff-2022-03,4
8442531ffffffff-2022-08,5
8442531ffffffff-2022-10,1
8442531ffffffff-2022-12,5
8442531ffffffff-2023-01,1
8442531ffffffff-2023-02,7
8442531ffffffff-2023-03,1
8442531ffffffff-2023-07,1
8442531ffffffff-2023-08,3
8442531ffffffff-2023-11,1
8442533ffffffff-2015-03,1
8442533ffffffff-2015-04,4
8442533ffffffff-2015-08,1
8442533ffffffff-2016-07,2
8442533ffffffff-2016-08,3
8442533ffffffff-2018-09,4
8442533ffffffff-2019-03,4
8442533ffffffff-2020-02,1
8442533ffffffff-2020-03,2
8442533ffffffff-2020-07,1
8442533ffffffff-2021-02,1
8442533ffffffff-2021-05,14
8442533ffffffff-2021-06,1
8442533ffffffff-2021-07,1
8442533ffffffff-2021-08,1
8442533ffffffff-2021-09,2
8442533ffffffff-2022-02,5
8442533ffffffff-2022-03,4
8442533ffffffff-2022-05,12
8442533ffffffff-2022-09,1
8442533ffffffff-2022-11,2
8442533ffffffff-2023-02,6
8442533ffffffff-2023-08,2
8442533ffffffff-2023-10,2
8442537ffffffff-2022-11,1
844253bffffffff-2017-04,1
844253bffffffff-2021-06,1
844253bffffffff-2022-02,6
844253bffffffff-2022-03,2
844253bffffffff-2023-02,2
844253bffffffff-2023-09,1
8442541ffffffff-2023-03,1
8442541ffffffff-2023-06,1
8442545ffffffff-2020-08,1
8442545ffffffff-2021-01,1
8442545ffffffff-2021-07,1
8442545ffffffff-2021-09,1
8442545ffffffff-2023-03,1
8442547ffffffff-2023-03,1
844256bffffffff-2020-07,1
844256bffffffff-2020-08,1
844256bffffffff-2020-09,1
8442581ffffffff-2020-08,1
8442583ffffffff-2023-05,1
8442583ffffffff-2023-11,1
8442585ffffffff-2017-12,1
8442585ffffffff-2023-02,1
844258bffffffff-2017-07,2
844258bffffffff-2017-10,1
844258bffffffff-2019-02,3
844258bffffffff-2023-02,2
844258bffffffff-2023-05,3
8442595ffffffff-2023-11,1
844259dffffffff-2012-11,1
844259dffffffff-2015-03,1
844259dffffffff-2015-12,3
844259dffffffff-2017-02,1
844259dffffffff-2017-07,1
844259dffffffff-2017-08,4
844259dffffffff-2017-09,1
844259dffffffff-2017-11,1
844259dffffffff-2017-12,1
844259dffffffff-2018-01,1
844259dffffffff-2018-03,2
844259dffffffff-2018-06,2
844259dffffffff-2018-08,2
844259dffffffff-2018-10,7
844259dffffffff-2018-11,3
844259dffffffff-2018-12,3
844259dffffffff-2019-05,1
844259dffffffff-2019-12,1
844259dffffffff-2020-02,2
844259dffffffff-2020-05,7
844259dffffffff-2020-07,3
844259dffffffff-2020-08,2
844259dffffffff-2020-09,1
844259dffffffff-2021-02,2
844259dffffffff-2021-05,1
844259dffffffff-2021-06,1
844259dffffffff-2021-07,8
844259dffffffff-2021-09,1
844259dffffffff-2021-10,1
844259dffffffff-2022-01,2
844259dffffffff-2022-02,3
844259dffffffff-2022-03,1
844259dffffffff-2022-04,1
844259dffffffff-2022-06,1
844259dffffffff-2022-07,6
844259dffffffff-2022-08,1
844259dffffffff-2022-09,1
844259dffffffff-2022-10,1
844259dffffffff-2022-11,1
844259dffffffff-2022-12,3
844259dffffffff-2023-01,11
844259dffffffff-2023-02,10
844259dffffffff-2023-03,3
844259dffffffff-2023-05,6
844259dffffffff-2023-06,1
844259dffffffff-2023-07,1
844259dffffffff-2023-10,2
84425a3ffffffff-2018-10,1
84425a3ffffffff-2021-11,1
84425a3ffffffff-2023-10,1
84425a5ffffffff-2019-10,1
84425a5ffffffff-2019-12,1
84425a5ffffffff-2020-10,2
84425a5ffffffff-2021-09,1
84425a5ffffffff-2022-10,1
84425a5ffffffff-2023-02,1
84425a7ffffffff-2015-03,1
84425a7ffffffff-2016-01,2
84425a7ffffffff-2016-08,1
84425a7ffffffff-2016-12,3
84425a7ffffffff-2017-07,1
84425a7ffffffff-2017-08,1
84425a7ffffffff-2018-01,1
84425a7ffffffff-2018-07,3
84425a7ffffffff-2018-09,1
84425a7ffffffff-2018-10,1
84425a7ffffffff-2019-09,1
84425a7ffffffff-2019-11,1
84425a7ffffffff-2020-05,1
84425a7ffffffff-2020-07,3
84425a7ffffffff-2020-08,1
84425a7ffffffff-2020-12,1
84425a7ffffffff-2021-01,5
84425a7ffffffff-2021-02,4
84425a7ffffffff-2021-08,3
84425a7ffffffff-2021-09,2
84425a7ffffffff-2021-10,1
84425a7ffffffff-2022-02,4
84425a7ffffffff-2022-03,1
84425a7ffffffff-2022-05,1
84425a7ffffffff-2023-07,1
84425a7ffffffff-2023-09,3
84425a7ffffffff-2023-10,4
84425a9ffffffff-2018-01,1
84425a9ffffffff-2022-10,1
84425a9ffffffff-2023-01,2
84425adffffffff-2023-09,2
84425b1ffffffff-2020-08,1
84425b1ffffffff-2023-07,1
84425b3ffffffff-2017-11,1
84425d3ffffffff-2017-08,3
84425e1ffffffff-2018-01,1
84425e1ffffffff-2018-07,2
84425e1ffffffff-2018-10,2
84425e1ffffffff-2020-10,1
84425e1ffffffff-2021-12,1
84425e1ffffffff-2022-03,1
84425e1ffffffff-2022-04,1
84425e5ffffffff-2021-02,1
84425e5ffffffff-2022-03,1
84425e5ffffffff-2022-09,2
84425e5ffffffff-2023-02,1
84425e5ffffffff-2023-03,3
84425e7ffffffff-2015-03,1
84425e7ffffffff-2015-06,1
84425e7ffffffff-2016-07,1
84425e7ffffffff-2017-08,2
84425e7ffffffff-2017-12,1
84425e7ffffffff-2018-10,1
84425e7ffffffff-2019-06,1
84425e7ffffffff-2019-07,1
84425e7ffffffff-2021-05,1
84425e7ffffffff-2021-08,1
84425e7ffffffff-2022-03,1
84425e7ffffffff-2023-06,1
84425ebffffffff-2017-04,1
84425edffffffff-2023-03,1
844268bffffffff-2021-06,1
8442697ffffffff-2020-05,2
8442697ffffffff-2020-06,8
8442697ffffffff-2020-07,1
8442697ffffffff-2020-10,1
8442697ffffffff-2023-06,15
8442697ffffffff-2023-07,1
8442699ffffffff-2023-05,1
844269bffffffff-2021-04,1
844269bffffffff-2021-05,10
84426d1ffffffff-2023-04,1
8442c01ffffffff-2013-12,1
8442c01ffffffff-2014-11,1
8442c01ffffffff-2016-12,1
8442c01ffffffff-2017-11,3
8442c01ffffffff-2017-12,6
8442c01ffffffff-2018-12,1
8442c01ffffffff-2020-02,1
8442c01ffffffff-2021-07,2
8442c01ffffffff-2022-01,1
8442c01ffffffff-2022-02,1
8442c01ffffffff-2022-03,1
8442c01ffffffff-2022-04,4
8442c01ffffffff-2022-05,1
8442c01ffffffff-2022-07,2
8442c01ffffffff-2022-09,1
8442c01ffffffff-2022-10,1
8442c01ffffffff-2022-11,5
8442c01ffffffff-2023-01,6
8442c01ffffffff-2023-07,1
8442c05ffffffff-2017-02,3
8442c05ffffffff-2017-12,1
8442c05ffffffff-2019-05,2
8442c05ffffffff-2021-08,6
8442c05ffffffff-2021-09,2
8442c05ffffffff-2021-10,3
8442c05ffffffff-2021-11,1
8442c05ffffffff-2021-12,3
8442c05ffffffff-2022-01,1
8442c05ffffffff-2022-02,4
8442c05ffffffff-2022-05,2
8442c05ffffffff-2022-06,8
8442c05ffffffff-2022-07,2
8442c05ffffffff-2022-08,1
8442c05ffffffff-2022-10,2
8442c05ffffffff-2023-09,2
8442c07ffffffff-2017-12,5
8442c07ffffffff-2018-10,1
8442c07ffffffff-2018-12,1
8442c07ffffffff-2019-02,2
8442c07ffffffff-2019-11,2
8442c07ffffffff-2020-09,3
8442c07ffffffff-2021-02,1
8442c07ffffffff-2023-10,1
8442c09ffffffff-2023-09,2
8442c09ffffffff-2023-10,2
8442c0dffffffff-2015-10,1
8442c0dffffffff-2016-09,1
8442c0dffffffff-2017-09,1
8442c0dffffffff-2022-01,1
8442c0dffffffff-2022-02,2
8442c0dffffffff-2023-01,3
8442c0dffffffff-2023-02,1
8442c0dffffffff-2023-06,1
8442c11ffffffff-2020-03,1
8442c11ffffffff-2020-09,4
8442c11ffffffff-2023-01,4
8442c11ffffffff-2023-09,1
8442c13ffffffff-2013-12,1
8442c13ffffffff-2015-01,2
8442c13ffffffff-2015-03,1
8442c13ffffffff-2016-01,1
8442c13ffffffff-2016-04,1
8442c13ffffffff-2017-01,1
8442c13ffffffff-2017-11,3
8442c13ffffffff-2018-01,2
8442c13ffffffff-2018-03,1
8442c13ffffffff-2018-11,2
8442c13ffffffff-2018-12,3
8442c13ffffffff-2020-01,3
8442c13ffffffff-2020-12,1
8442c13ffffffff-2021-02,1
8442c13ffffffff-2021-12,2
8442c13ffffffff-2022-05,1
8442c13ffffffff-2022-09,1
8442c13ffffffff-2022-10,3
8442c13ffffffff-2022-12,3
8442c13ffffffff-2023-01,2
8442c13ffffffff-2023-02,8
8442c13ffffffff-2023-10,4
8442c13ffffffff-2023-11,3
8442c15ffffffff-2018-09,1
8442c17ffffffff-2017-09,1
8442c17ffffffff-2021-05,1
8442c17ffffffff-2021-07,1
8442c17ffffffff-2023-03,1
8442c19ffffffff-2014-10,1
8442c19ffffffff-2022-09,6
8442c19ffffffff-2023-02,4
8442c19ffffffff-2023-09,3
8442c1bffffffff-2014-12,1
8442c1bffffffff-2015-08,1
8442c1bffffffff-2016-01,2
8442c1bffffffff-2017-01,6
8442c1bffffffff-2018-11,2
8442c1bffffffff-2020-02,2
8442c1bffffffff-2020-03,2
8442c1bffffffff-2021-01,1
8442c1bffffffff-2021-12,1
8442c1bffffffff-2022-01,5
8442c1bffffffff-2022-12,3
8442c1bffffffff-2023-01,2
8442c1bffffffff-2023-02,4
8442c21ffffffff-2015-09,1
8442c23ffffffff-2016-10,1
8442c23ffffffff-2018-04,2
8442c23ffffffff-2021-12,1
8442c25ffffffff-2017-04,1
8442c25ffffffff-2018-11,1
8442c25ffffffff-2023-01,5
8442c27ffffffff-2012-04,1
8442c27ffffffff-2014-11,1
8442c27ffffffff-2015-01,4
8442c27ffffffff-2015-04,1
8442c27ffffffff-2015-05,3
8442c27ffffffff-2015-12,3
8442c27ffffffff-2016-01,3
8442c27ffffffff-2016-02,2
8442c27ffffffff-2016-03,1
8442c27ffffffff-2016-04,2
8442c27ffffffff-2016-05,3
8442c27ffffffff-2016-07,1
8442c27ffffffff-2016-11,1
8442c27ffffffff-2017-01,1
8442c27ffffffff-2017-03,1
8442c27ffffffff-2017-04,3
8442c27ffffffff-2017-06,2
8442c27ffffffff-2017-10,1
8442c27ffffffff-2017-12,3
8442c27ffffffff-2018-01,5
8442c27ffffffff-2018-02,5
8442c27ffffffff-2018-03,10
8442c27ffffffff-2018-04,3
8442c27ffffffff-2018-05,1
8442c27ffffffff-2018-06,2
8442c27ffffffff-2018-10,3
8442c27ffffffff-2018-11,3
8442c27ffffffff-2018-12,5
8442c27ffffffff-2019-01,4
8442c27ffffffff-2019-02,13
8442c27ffffffff-2019-03,11
8442c27ffffffff-2019-06,1
8442c27ffffffff-2019-12,5
8442c27ffffffff-2020-01,4
8442c27ffffffff-2020-02,11
8442c27ffffffff-2020-06,1
8442c27ffffffff-2020-10,9
8442c27ffffffff-2020-11,14
8442c27ffffffff-2020-12,2
8442c27ffffffff-2021-01,35
8442c27ffffffff-2021-02,10
8442c27ffffffff-2021-03,10
8442c27ffffffff-2021-04,5
8442c27ffffffff-2021-05,1
8442c27ffffffff-2021-10,1
8442c27ffffffff-2021-11,2
8442c27ffffffff-2021-12,2
8442c27ffffffff-2022-01,5
8442c27ffffffff-2022-02,5
8442c27ffffffff-2022-03,2
8442c27ffffffff-2022-04,7
8442c27ffffffff-2022-05,2
8442c27ffffffff-2022-06,12
8442c27ffffffff-2022-11,11
8442c27ffffffff-2022-12,9
8442c27ffffffff-2023-01,16
8442c27ffffffff-2023-02,9
8442c27ffffffff-2023-03,9
8442c27ffffffff-2023-04,3
8442c27ffffffff-2023-05,2
8442c27ffffffff-2023-06,1
8442c27ffffffff-2023-10,2
8442c29ffffffff-2018-06,1
8442c29ffffffff-2021-08,2
8442c29ffffffff-2022-01,2
8442c29ffffffff-2022-02,2
8442c29ffffffff-2022-03,1
8442c29ffffffff-2022-05,1
8442c29ffffffff-2022-07,2
8442c29ffffffff-2022-08,1
8442c29ffffffff-2022-09,1
8442c29ffffffff-2023-04,2
8442c29ffffffff-2023-06,2
8442c2bffffffff-2019-01,1
8442c2dffffffff-2016-04,2
8442c2dffffffff-2017-06,1
8442c2dffffffff-2018-09,1
8442c2dffffffff-2018-11,1
8442c2dffffffff-2023-01,9
8442c2dffffffff-2023-02,1
8442c2dffffffff-2023-04,1
8442c2dffffffff-2023-10,1
8442c31ffffffff-2014-07,2
8442c31ffffffff-2014-11,1
8442c31ffffffff-2015-07,2
8442c31ffffffff-2015-08,2
8442c31ffffffff-2015-09,2
8442c31ffffffff-2015-10,1
8442c31ffffffff-2016-02,2
8442c31ffffffff-2016-05,1
8442c31ffffffff-2016-07,4
8442c31ffffffff-2016-08,1
8442c31ffffffff-2017-05,1
8442c31ffffffff-2017-06,4
8442c31ffffffff-2017-07,3
8442c31ffffffff-2017-12,1
8442c31ffffffff-2018-01,2
8442c31ffffffff-2018-06,2
8442c31ffffffff-2018-07,6
8442c31ffffffff-2018-08,4
8442c31ffffffff-2019-04,2
8442c31ffffffff-2019-05,4
8442c31ffffffff-2019-07,11
8442c31ffffffff-2019-10,1
8442c31ffffffff-2020-06,1
8442c31ffffffff-2020-11,1
8442c31ffffffff-2021-03,1
8442c31ffffffff-2021-04,5
8442c31ffffffff-2021-05,4
8442c31ffffffff-2021-06,5
8442c31ffffffff-2021-07,2
8442c31ffffffff-2021-09,8
8442c31ffffffff-2021-11,1
8442c31ffffffff-2022-01,2
8442c31ffffffff-2022-06,12
8442c31ffffffff-2022-07,1
8442c31ffffffff-2022-12,1
8442c31ffffffff-2023-02,2
8442c31ffffffff-2023-05,3
8442c31ffffffff-2023-06,7
8442c31ffffffff-2023-07,1
8442c31ffffffff-2023-10,1
8442c31ffffffff-2023-11,2
8442c35ffffffff-2022-07,1
8442c37ffffffff-2017-12,1
8442c39ffffffff-2018-12,1
8442c39ffffffff-2019-04,3
8442c39ffffffff-2019-12,1
8442c39ffffffff-2020-01,1
8442c39ffffffff-2020-02,1
8442c39ffffffff-2020-10,1
8442c39ffffffff-2020-11,2
8442c39ffffffff-2021-02,3
8442c39ffffffff-2021-04,1
8442c39ffffffff-2021-09,1
8442c39ffffffff-2022-02,2
8442c39ffffffff-2022-12,1
8442c39ffffffff-2023-01,1
8442c39ffffffff-2023-02,2
8442c39ffffffff-2023-04,1
8442c39ffffffff-2023-09,1
8442c39ffffffff-2023-10,1
8442c39ffffffff-2023-11,1
8442c3dffffffff-2020-09,3
8442c3dffffffff-2020-11,1
8442c3dffffffff-2021-02,1
8442c3dffffffff-2023-08,1
8442c41ffffffff-2013-01,1
8442c41ffffffff-2013-11,3
8442c41ffffffff-2014-03,2
8442c41ffffffff-2014-12,2
8442c41ffffffff-2015-02,2
8442c41ffffffff-2015-06,2
8442c41ffffffff-2016-01,5
8442c41ffffffff-2016-05,1
8442c41ffffffff-2016-09,1
8442c41ffffffff-2017-01,6
8442c41ffffffff-2017-02,2
8442c41ffffffff-2018-01,5
8442c41ffffffff-2018-02,1
8442c41ffffffff-2018-09,6
8442c41ffffffff-2018-11,3
8442c41ffffffff-2018-12,7
8442c41ffffffff-2019-02,4
8442c41ffffffff-2019-03,1
8442c41ffffffff-2019-06,1
8442c41ffffffff-2019-08,4
8442c41ffffffff-2019-09,3
8442c41ffffffff-2019-12,1
8442c41ffffffff-2020-02,9
8442c41ffffffff-2020-06,1
8442c41ffffffff-2020-10,5
8442c41ffffffff-2020-11,1
8442c41ffffffff-2021-01,8
8442c41ffffffff-2021-02,1
8442c41ffffffff-2021-07,2
8442c41ffffffff-2021-08,1
8442c41ffffffff-2021-09,8
8442c41ffffffff-2021-10,1
8442c41ffffffff-2021-12,4
8442c41ffffffff-2022-01,5
8442c41ffffffff-2022-02,1
8442c41ffffffff-2022-05,2
8442c41ffffffff-2022-09,46
8442c41ffffffff-2022-10,2
8442c41ffffffff-2022-11,1
8442c41ffffffff-2022-12,10
8442c41ffffffff-2023-01,6
8442c41ffffffff-2023-02,8
8442c41ffffffff-2023-05,1
8442c41ffffffff-2023-06,2
8442c41ffffffff-2023-07,3
8442c41ffffffff-2023-08,1
8442c41ffffffff-2023-09,39
8442c41ffffffff-2023-10,1
8442c43ffffffff-2014-03,1
8442c43ffffffff-2015-01,1
8442c43ffffffff-2015-04,1
8442c43ffffffff-2015-08,1
8442c43ffffffff-2016-10,1
8442c43ffffffff-2017-08,2
8442c43ffffffff-2017-12,1
8442c43ffffffff-2018-01,11
8442c43ffffffff-2018-04,1
8442c43ffffffff-2018-05,2
8442c43ffffffff-2018-06,1
8442c43ffffffff-2018-09,1
8442c43ffffffff-2019-09,1
8442c43ffffffff-2020-01,1
8442c43ffffffff-2020-07,1
8442c43ffffffff-2021-09,4
8442c43ffffffff-2021-12,2
8442c43ffffffff-2022-01,2
8442c43ffffffff-2022-02,1
8442c43ffffffff-2022-05,2
8442c43ffffffff-2022-09,48
8442c43ffffffff-2022-12,2
8442c43ffffffff-2023-09,26
8442c43ffffffff-2023-10,5
8442c45ffffffff-2021-11,1
8442c47ffffffff-2015-10,1
8442c47ffffffff-2017-04,1
8442c49ffffffff-2022-09,23
8442c49ffffffff-2023-09,15
8442c4bffffffff-2013-01,2
8442c4bffffffff-2013-12,1
8442c4bffffffff-2014-11,1
8442c4bffffffff-2014-12,3
8442c4bffffffff-2015-01,2
8442c4bffffffff-2015-02,1
8442c4bffffffff-2015-04,1
8442c4bffffffff-2015-10,1
8442c4bffffffff-2015-12,1
8442c4bffffffff-2016-04,1
8442c4bffffffff-2016-09,1
8442c4bffffffff-2016-12,1
8442c4bffffffff-2017-01,6
8442c4bffffffff-2017-02,3
8442c4bffffffff-2017-03,2
8442c4bffffffff-2017-09,1
8442c4bffffffff-2017-12,2
8442c4bffffffff-2018-01,4
8442c4bffffffff-2018-06,4
8442c4bffffffff-2018-09,7
8442c4bffffffff-2018-11,3
8442c4bffffffff-2018-12,11
8442c4bffffffff-2019-02,4
8442c4bffffffff-2019-03,4
8442c4bffffffff-2019-09,9
8442c4bffffffff-2019-10,6
8442c4bffffffff-2019-11,1
8442c4bffffffff-2020-02,21
8442c4bffffffff-2020-03,1
8442c4bffffffff-2020-10,3
8442c4bffffffff-2020-12,5
8442c4bffffffff-2021-01,1
8442c4bffffffff-2021-02,1
8442c4bffffffff-2021-03,1
8442c4bffffffff-2021-09,58
8442c4bffffffff-2022-01,10
8442c4bffffffff-2022-02,3
8442c4bffffffff-2022-04,1
8442c4bffffffff-2022-05,2
8442c4bffffffff-2022-08,3
8442c4bffffffff-2022-09,122
8442c4bffffffff-2022-10,3
8442c4bffffffff-2022-11,1
8442c4bffffffff-2022-12,21
8442c4bffffffff-2023-01,13
8442c4bffffffff-2023-02,37
8442c4bffffffff-2023-05,1
8442c4bffffffff-2023-09,34
8442c4dffffffff-2014-08,1
8442c4dffffffff-2016-07,1
8442c4dffffffff-2016-08,2
8442c4dffffffff-2016-09,1
8442c4dffffffff-2016-10,3
8442c4dffffffff-2016-11,1
8442c4dffffffff-2017-01,1
8442c4dffffffff-2017-03,2
8442c4dffffffff-2017-04,1
8442c4dffffffff-2017-09,3
8442c4dffffffff-2017-10,1
8442c4dffffffff-2019-02,1
8442c4dffffffff-2022-09,4
8442c51ffffffff-2019-10,1
8442c51ffffffff-2023-09,12
8442c53ffffffff-2020-10,2
8442c53ffffffff-2021-02,2
8442c53ffffffff-2022-09,29
8442c53ffffffff-2023-02,4
8442c53ffffffff-2023-09,13
8442c55ffffffff-2021-12,1
8442c55ffffffff-2022-09,4
8442c55ffffffff-2023-09,2
8442c57ffffffff-2022-09,5
8442c57ffffffff-2023-09,13
8442c59ffffffff-2015-10,1
8442c59ffffffff-2018-12,1
8442c59ffffffff-2020-10,3
8442c59ffffffff-2021-02,2
8442c59ffffffff-2021-12,3
8442c59ffffffff-2022-09,15
8442c59ffffffff-2022-12,1
8442c59ffffffff-2023-02,3
8442c59ffffffff-2023-03,1
8442c59ffffffff-2023-09,14
8442c5bffffffff-2013-09,2
8442c5bffffffff-2015-10,2
8442c5bffffffff-2020-10,3
8442c5bffffffff-2022-09,16
8442c5bffffffff-2023-09,5
8442c5dffffffff-2013-01,1
8442c5dffffffff-2017-02,6
8442c5dffffffff-2017-12,3
8442c5dffffffff-2018-01,2
8442c5dffffffff-2018-09,17
8442c5dffffffff-2018-12,1
8442c5dffffffff-2019-09,25
8442c5dffffffff-2019-10,2
8442c5dffffffff-2020-02,2
8442c5dffffffff-2021-01,7
8442c5dffffffff-2021-09,38
8442c5dffffffff-2021-11,2
8442c5dffffffff-2022-08,1
8442c5dffffffff-2022-09,34
8442c5dffffffff-2022-10,5
8442c5dffffffff-2023-02,1
8442c5dffffffff-2023-09,6
8442c61ffffffff-2023-09,2
8442c63ffffffff-2020-11,1
8442c67ffffffff-2018-06,1
8442c67ffffffff-2019-06,1
8442c67ffffffff-2023-03,5
8442c81ffffffff-2019-02,1
8442c83ffffffff-2018-04,1
8442c83ffffffff-2022-03,10
8442c83ffffffff-2022-09,3
8442c83ffffffff-2022-12,3
8442c83ffffffff-2023-01,11
8442c83ffffffff-2023-02,4
8442c83ffffffff-2023-03,3
8442c83ffffffff-2023-04,2
8442c85ffffffff-2021-06,1
8442c85ffffffff-2023-01,7
8442c85ffffffff-2023-06,1
8442c87ffffffff-2020-02,3
8442c87ffffffff-2020-04,1
8442c87ffffffff-2021-02,2
8442c87ffffffff-2021-04,4
8442c87ffffffff-2022-03,1
8442c87ffffffff-2022-04,2
8442c87ffffffff-2022-07,2
8442c87ffffffff-2023-02,1
8442c89ffffffff-2023-04,1
8442c8bffffffff-2016-01,5
8442c8bffffffff-2019-10,1
8442c8bffffffff-2020-08,1
8442c8bffffffff-2020-09,1
8442c8bffffffff-2021-08,2
8442c8bffffffff-2021-11,1
8442c8bffffffff-2022-02,4
8442c8bffffffff-2022-10,1
8442c8bffffffff-2023-01,4
8442c8bffffffff-2023-02,2
8442c8bffffffff-2023-03,1
8442c8dffffffff-2022-07,2
8442c91ffffffff-2019-02,2
8442c93ffffffff-2017-04,1
8442c93ffffffff-2017-10,2
8442c93ffffffff-2022-03,1
8442c9dffffffff-2021-06,1
8442c9dffffffff-2022-03,2
8442c9dffffffff-2022-05,2
8442c9dffffffff-2022-10,4
8442c9dffffffff-2023-01,2
8442ca1ffffffff-2017-06,1
8442ca1ffffffff-2018-01,1
8442ca1ffffffff-2021-02,1
8442ca1ffffffff-2021-06,5
8442ca1ffffffff-2021-08,1
8442ca1ffffffff-2022-04,5
8442ca1ffffffff-2023-01,1
8442ca1ffffffff-2023-05,4
8442ca3ffffffff-2022-01,5
8442ca3ffffffff-2023-01,1
8442ca3ffffffff-2023-11,3
8442ca5ffffffff-2017-04,1
8442ca5ffffffff-2019-06,1
8442ca5ffffffff-2020-09,3
8442ca5ffffffff-2020-11,2
8442ca5ffffffff-2020-12,4
8442ca5ffffffff-2021-01,2
8442ca5ffffffff-2021-02,1
8442ca5ffffffff-2021-03,4
8442ca5ffffffff-2021-04,5
8442ca5ffffffff-2021-05,1
8442ca5ffffffff-2021-07,3
8442ca5ffffffff-2021-11,1
8442ca5ffffffff-2021-12,3
8442ca5ffffffff-2022-01,1
8442ca5ffffffff-2022-02,1
8442ca5ffffffff-2022-03,1
8442ca5ffffffff-2022-04,2
8442ca5ffffffff-2022-06,1
8442ca5ffffffff-2022-10,1
8442ca5ffffffff-2023-01,2
8442ca5ffffffff-2023-02,1
8442ca5ffffffff-2023-03,2
8442ca5ffffffff-2023-04,1
8442ca5ffffffff-2023-08,1
8442ca5ffffffff-2023-10,7
8442ca5ffffffff-2023-11,5
8442ca7ffffffff-2016-03,3
8442ca7ffffffff-2017-03,1
8442ca7ffffffff-2018-03,2
8442ca7ffffffff-2018-04,1
8442ca7ffffffff-2019-05,1
8442ca7ffffffff-2019-12,1
8442ca7ffffffff-2020-01,1
8442ca7ffffffff-2021-03,17
8442ca7ffffffff-2021-04,3
8442ca7ffffffff-2022-01,2
8442ca7ffffffff-2022-03,1
8442ca7ffffffff-2022-05,1
8442ca7ffffffff-2022-10,1
8442ca7ffffffff-2023-01,3
8442ca7ffffffff-2023-02,1
8442ca7ffffffff-2023-03,2
8442ca7ffffffff-2023-07,1
8442ca7ffffffff-2023-09,2
8442ca7ffffffff-2023-10,1
8442ca9ffffffff-2017-02,1
8442ca9ffffffff-2017-12,1
8442ca9ffffffff-2018-01,2
8442ca9ffffffff-2018-06,1
8442ca9ffffffff-2018-07,2
8442ca9ffffffff-2018-10,3
8442ca9ffffffff-2018-11,2
8442ca9ffffffff-2019-01,1
8442ca9ffffffff-2019-02,1
8442ca9ffffffff-2019-03,1
8442ca9ffffffff-2019-04,2
8442ca9ffffffff-2019-05,2
8442ca9ffffffff-2019-10,2
8442ca9ffffffff-2020-01,1
8442ca9ffffffff-2020-02,1
8442ca9ffffffff-2020-05,2
8442ca9ffffffff-2020-06,3
8442ca9ffffffff-2020-07,4
8442ca9ffffffff-2020-09,1
8442ca9ffffffff-2020-10,4
8442ca9ffffffff-2020-11,8
8442ca9ffffffff-2020-12,5
8442ca9ffffffff-2021-01,3
8442ca9ffffffff-2021-03,2
8442ca9ffffffff-2021-04,2
8442ca9ffffffff-2021-05,1
8442ca9ffffffff-2021-06,5
8442ca9ffffffff-2021-09,1
8442ca9ffffffff-2021-10,1
8442ca9ffffffff-2021-12,3
8442ca9ffffffff-2022-01,5
8442ca9ffffffff-2022-02,1
8442ca9ffffffff-2022-03,4
8442ca9ffffffff-2022-04,2
8442ca9ffffffff-2022-05,5
8442ca9ffffffff-2022-06,10
8442ca9ffffffff-2022-08,1
8442ca9ffffffff-2022-09,3
8442ca9ffffffff-2022-10,5
8442ca9ffffffff-2022-11,4
8442ca9ffffffff-2022-12,2
8442ca9ffffffff-2023-01,8
8442ca9ffffffff-2023-02,7
8442ca9ffffffff-2023-03,5
8442ca9ffffffff-2023-04,1
8442ca9ffffffff-2023-05,5
8442ca9ffffffff-2023-06,2
8442ca9ffffffff-2023-08,4
8442ca9ffffffff-2023-09,3
8442ca9ffffffff-2023-10,5
8442ca9ffffffff-2023-11,1
8442cabffffffff-2014-03,4
8442cabffffffff-2014-04,4
8442cabffffffff-2014-06,1
8442cabffffffff-2014-07,1
8442cabffffffff-2015-03,10
8442cabffffffff-2015-08,1
8442cabffffffff-2016-03,2
8442cabffffffff-2016-12,1
8442cabffffffff-2017-01,4
8442cabffffffff-2017-03,1
8442cabffffffff-2017-11,1
8442cabffffffff-2018-01,4
8442cabffffffff-2018-04,1
8442cabffffffff-2018-12,3
8442cabffffffff-2019-01,2
8442cabffffffff-2019-03,1
8442cabffffffff-2019-10,4
8442cabffffffff-2019-12,3
8442cabffffffff-2020-01,4
8442cabffffffff-2020-02,1
8442cabffffffff-2020-03,2
8442cabffffffff-2020-06,1
8442cabffffffff-2020-12,5
8442cabffffffff-2021-01,12
8442cabffffffff-2021-02,15
8442cabffffffff-2021-03,1
8442cabffffffff-2021-06,3
8442cabffffffff-2021-08,5
8442cabffffffff-2021-10,4
8442cabffffffff-2021-11,1
8442cabffffffff-2021-12,3
8442cabffffffff-2022-01,10
8442cabffffffff-2022-02,3
8442cabffffffff-2022-03,5
8442cabffffffff-2022-04,6
8442cabffffffff-2022-05,4
8442cabffffffff-2022-06,18
8442cabffffffff-2022-09,1
8442cabffffffff-2022-10,5
8442cabffffffff-2022-11,3
8442cabffffffff-2022-12,2
8442cabffffffff-2023-01,10
8442cabffffffff-2023-02,17
8442cabffffffff-2023-03,26
8442cabffffffff-2023-04,1
8442cabffffffff-2023-05,1
8442cabffffffff-2023-10,5
8442cabffffffff-2023-11,2
8442cadffffffff-2021-04,2
8442cb1ffffffff-2017-11,11
8442cb1ffffffff-2023-02,5
8442cb1ffffffff-2023-05,6
8442cb3ffffffff-2020-03,2
8442cb3ffffffff-2021-08,3
8442cb5ffffffff-2017-11,2
8442cb5ffffffff-2021-11,6
8442cb9ffffffff-2017-12,4
8442cb9ffffffff-2018-03,3
8442cb9ffffffff-2018-09,1
8442cb9ffffffff-2019-03,1
8442cb9ffffffff-2019-10,4
8442cb9ffffffff-2020-11,2
8442cb9ffffffff-2021-02,1
8442cb9ffffffff-2021-11,4
8442cb9ffffffff-2022-01,11
8442cb9ffffffff-2022-02,1
8442cb9ffffffff-2022-03,9
8442cb9ffffffff-2022-06,2
8442cb9ffffffff-2022-07,2
8442cb9ffffffff-2022-11,2
8442cb9ffffffff-2022-12,2
8442cb9ffffffff-2023-02,22
8442cb9ffffffff-2023-04,3
8442cb9ffffffff-2023-05,8
8442cb9ffffffff-2023-06,3
8442cb9ffffffff-2023-10,2
8442cbdffffffff-2016-09,1
8442cbdffffffff-2017-11,2
8442cbdffffffff-2018-03,1
8442cbdffffffff-2019-01,2
8442cbdffffffff-2019-03,1
8442cbdffffffff-2019-04,2
8442cbdffffffff-2019-10,3
8442cbdffffffff-2020-01,1
8442cbdffffffff-2020-06,1
8442cbdffffffff-2021-02,5
8442cbdffffffff-2021-03,2
8442cbdffffffff-2021-08,5
8442cbdffffffff-2021-10,3
8442cbdffffffff-2021-11,3
8442cbdffffffff-2022-02,1
8442cbdffffffff-2022-03,2
8442cbdffffffff-2022-04,14
8442cbdffffffff-2022-06,2
8442cbdffffffff-2023-01,5
8442cbdffffffff-2023-02,34
8442cbdffffffff-2023-03,4
8442cbdffffffff-2023-05,4
8442cc1ffffffff-2018-03,2
8442cc1ffffffff-2019-05,1
8442cc1ffffffff-2020-04,1
8442cc1ffffffff-2021-08,1
8442cc1ffffffff-2021-10,1
8442cc3ffffffff-2020-12,1
8442cc3ffffffff-2021-11,1
8442cc3ffffffff-2022-02,1
8442cc3ffffffff-2022-03,2
8442cc3ffffffff-2023-10,3
8442cc5ffffffff-2013-01,1
8442cc5ffffffff-2013-11,1
8442cc5ffffffff-2014-05,1
8442cc5ffffffff-2014-12,1
8442cc5ffffffff-2015-02,5
8442cc5ffffffff-2015-03,2
8442cc5ffffffff-2015-05,5
8442cc5ffffffff-2015-06,1
8442cc5ffffffff-2015-08,1
8442cc5ffffffff-2015-09,1
8442cc5ffffffff-2015-11,1
8442cc5ffffffff-2015-12,6
8442cc5ffffffff-2016-01,8
8442cc5ffffffff-2016-02,10
8442cc5ffffffff-2016-03,2
8442cc5ffffffff-2016-05,4
8442cc5ffffffff-2016-09,5
8442cc5ffffffff-2016-11,2
8442cc5ffffffff-2016-12,4
8442cc5ffffffff-2017-01,11
8442cc5ffffffff-2017-02,6
8442cc5ffffffff-2017-03,9
8442cc5ffffffff-2017-04,1
8442cc5ffffffff-2017-06,1
8442cc5ffffffff-2017-09,2
8442cc5ffffffff-2017-11,3
8442cc5ffffffff-2017-12,8
8442cc5ffffffff-2018-01,7
8442cc5ffffffff-2018-02,17
8442cc5ffffffff-2018-03,3
8442cc5ffffffff-2018-05,5
8442cc5ffffffff-2018-06,2
8442cc5ffffffff-2018-07,1
8442cc5ffffffff-2018-08,2
8442cc5ffffffff-2018-09,3
8442cc5ffffffff-2018-10,1
8442cc5ffffffff-2018-11,7
8442cc5ffffffff-2018-12,8
8442cc5ffffffff-2019-01,6
8442cc5ffffffff-2019-02,8
8442cc5ffffffff-2019-03,8
8442cc5ffffffff-2019-04,3
8442cc5ffffffff-2019-05,2
8442cc5ffffffff-2019-08,1
8442cc5ffffffff-2019-09,6
8442cc5ffffffff-2019-10,3
8442cc5ffffffff-2019-11,10
8442cc5ffffffff-2019-12,8
8442cc5ffffffff-2020-01,6
8442cc5ffffffff-2020-02,17
8442cc5ffffffff-2020-03,1
8442cc5ffffffff-2020-08,1
8442cc5ffffffff-2020-11,4
8442cc5ffffffff-2020-12,4
8442cc5ffffffff-2021-01,5
8442cc5ffffffff-2021-02,12
8442cc5ffffffff-2021-03,15
8442cc5ffffffff-2021-04,7
8442cc5ffffffff-2021-05,3
8442cc5ffffffff-2021-06,1
8442cc5ffffffff-2021-08,12
8442cc5ffffffff-2021-09,4
8442cc5ffffffff-2021-10,8
8442cc5ffffffff-2021-11,6
8442cc5ffffffff-2021-12,5
8442cc5ffffffff-2022-01,22
8442cc5ffffffff-2022-02,13
8442cc5ffffffff-2022-03,1
8442cc5ffffffff-2022-04,1
8442cc5ffffffff-2022-06,2
8442cc5ffffffff-2022-07,1
8442cc5ffffffff-2022-08,3
8442cc5ffffffff-2022-09,10
8442cc5ffffffff-2022-10,5
8442cc5ffffffff-2022-11,5
8442cc5ffffffff-2022-12,11
8442cc5ffffffff-2023-01,7
8442cc5ffffffff-2023-02,35
8442cc5ffffffff-2023-03,6
8442cc5ffffffff-2023-04,4
8442cc5ffffffff-2023-05,3
8442cc5ffffffff-2023-07,1
8442cc5ffffffff-2023-08,3
8442cc5ffffffff-2023-09,7
8442cc5ffffffff-2023-10,3
8442cc5ffffffff-2023-11,6
8442cc7ffffffff-2012-06,1
8442cc7ffffffff-2012-10,1
8442cc7ffffffff-2013-12,1
8442cc7ffffffff-2014-12,1
8442cc7ffffffff-2015-01,2
8442cc7ffffffff-2015-08,1
8442cc7ffffffff-2015-09,1
8442cc7ffffffff-2016-01,1
8442cc7ffffffff-2016-03,3
8442cc7ffffffff-2016-05,1
8442cc7ffffffff-2016-06,1
8442cc7ffffffff-2016-08,2
8442cc7ffffffff-2016-09,3
8442cc7ffffffff-2016-11,1
8442cc7ffffffff-2016-12,3
8442cc7ffffffff-2017-01,14
8442cc7ffffffff-2017-02,15
8442cc7ffffffff-2017-03,6
8442cc7ffffffff-2017-04,4
8442cc7ffffffff-2017-06,1
8442cc7ffffffff-2017-07,1
8442cc7ffffffff-2017-08,2
8442cc7ffffffff-2017-09,1
8442cc7ffffffff-2017-11,10
8442cc7ffffffff-2017-12,16
8442cc7ffffffff-2018-01,19
8442cc7ffffffff-2018-02,10
8442cc7ffffffff-2018-03,7
8442cc7ffffffff-2018-04,5
8442cc7ffffffff-2018-05,8
8442cc7ffffffff-2018-06,10
8442cc7ffffffff-2018-07,12
8442cc7ffffffff-2018-08,1
8442cc7ffffffff-2018-10,4
8442cc7ffffffff-2018-11,6
8442cc7ffffffff-2018-12,10
8442cc7ffffffff-2019-01,11
8442cc7ffffffff-2019-02,46
8442cc7ffffffff-2019-03,46
8442cc7ffffffff-2019-04,80
8442cc7ffffffff-2019-05,13
8442cc7ffffffff-2019-06,28
8442cc7ffffffff-2019-07,25
8442cc7ffffffff-2019-08,12
8442cc7ffffffff-2019-09,16
8442cc7ffffffff-2019-10,44
8442cc7ffffffff-2019-11,23
8442cc7ffffffff-2019-12,9
8442cc7ffffffff-2020-01,36
8442cc7ffffffff-2020-02,28
8442cc7ffffffff-2020-03,33
8442cc7ffffffff-2020-04,7
8442cc7ffffffff-2020-05,9
8442cc7ffffffff-2020-06,5
8442cc7ffffffff-2020-07,1
8442cc7ffffffff-2020-08,4
8442cc7ffffffff-2020-09,16
8442cc7ffffffff-2020-10,18
8442cc7ffffffff-2020-11,9
8442cc7ffffffff-2020-12,7
8442cc7ffffffff-2021-01,46
8442cc7ffffffff-2021-02,121
8442cc7ffffffff-2021-03,40
8442cc7ffffffff-2021-04,39
8442cc7ffffffff-2021-05,41
8442cc7ffffffff-2021-06,10
8442cc7ffffffff-2021-07,13
8442cc7ffffffff-2021-08,5
8442cc7ffffffff-2021-09,8
8442cc7ffffffff-2021-10,22
8442cc7ffffffff-2021-11,12
8442cc7ffffffff-2021-12,12
8442cc7ffffffff-2022-01,11
8442cc7ffffffff-2022-02,33
8442cc7ffffffff-2022-03,23
8442cc7ffffffff-2022-04,14
8442cc7ffffffff-2022-05,8
8442cc7ffffffff-2022-06,15
8442cc7ffffffff-2022-07,5
8442cc7ffffffff-2022-08,4
8442cc7ffffffff-2022-09,6
8442cc7ffffffff-2022-10,4
8442cc7ffffffff-2022-11,13
8442cc7ffffffff-2022-12,15
8442cc7ffffffff-2023-01,41
8442cc7ffffffff-2023-02,16
8442cc7ffffffff-2023-03,11
8442cc7ffffffff-2023-04,18
8442cc7ffffffff-2023-05,12
8442cc7ffffffff-2023-06,1
8442cc7ffffffff-2023-07,16
8442cc7ffffffff-2023-08,11
8442cc7ffffffff-2023-09,46
8442cc7ffffffff-2023-10,28
8442cc7ffffffff-2023-11,8
8442cc9ffffffff-2014-08,1
8442cc9ffffffff-2015-04,1
8442cc9ffffffff-2015-05,1
8442cc9ffffffff-2016-02,1
8442cc9ffffffff-2016-03,1
8442cc9ffffffff-2016-04,1
8442cc9ffffffff-2016-06,1
8442cc9ffffffff-2016-08,1
8442cc9ffffffff-2016-09,1
8442cc9ffffffff-2016-11,1
8442cc9ffffffff-2017-04,2
8442cc9ffffffff-2017-06,1
8442cc9ffffffff-2017-09,1
8442cc9ffffffff-2018-01,1
8442cc9ffffffff-2019-01,1
8442cc9ffffffff-2019-02,1
8442cc9ffffffff-2019-04,1
8442cc9ffffffff-2019-05,1
8442cc9ffffffff-2019-06,1
8442cc9ffffffff-2019-07,1
8442cc9ffffffff-2020-02,2
8442cc9ffffffff-2020-03,1
8442ccbffffffff-2015-04,1
8442ccbffffffff-2015-06,1
8442ccbffffffff-2016-08,2
8442ccbffffffff-2017-08,1
8442ccbffffffff-2020-08,1
8442ccbffffffff-2020-12,2
8442ccbffffffff-2021-04,1
8442ccbffffffff-2022-01,5
8442ccbffffffff-2022-07,2
8442ccbffffffff-2022-10,1
8442ccbffffffff-2023-05,1
8442ccbffffffff-2023-11,1
8442ccdffffffff-2019-12,1
8442ccdffffffff-2022-09,1
8442ccdffffffff-2023-01,5
8442ccdffffffff-2023-02,8
8442ccdffffffff-2023-04,1
8442cd1ffffffff-2015-10,2
8442cd1ffffffff-2016-05,1
8442cd1ffffffff-2017-03,1
8442cd1ffffffff-2018-04,1
8442cd1ffffffff-2018-06,2
8442cd1ffffffff-2018-10,4
8442cd1ffffffff-2018-11,2
8442cd1ffffffff-2019-02,1
8442cd1ffffffff-2019-12,1
8442cd1ffffffff-2020-02,2
8442cd1ffffffff-2020-03,1
8442cd1ffffffff-2021-01,4
8442cd1ffffffff-2021-03,32
8442cd1ffffffff-2021-12,4
8442cd1ffffffff-2022-02,7
8442cd1ffffffff-2022-03,3
8442cd1ffffffff-2022-05,6
8442cd1ffffffff-2022-07,1
8442cd1ffffffff-2022-08,4
8442cd1ffffffff-2022-10,3
8442cd1ffffffff-2023-01,5
8442cd1ffffffff-2023-03,12
8442cd1ffffffff-2023-10,1
8442cd3ffffffff-2023-02,1
8442cd3ffffffff-2023-03,2
8442cd3ffffffff-2023-04,2
8442cd3ffffffff-2023-05,1
8442cd3ffffffff-2023-10,1
8442cd5ffffffff-2021-05,3
8442cd5ffffffff-2021-06,1
8442cd5ffffffff-2021-07,1
8442cd5ffffffff-2021-08,4
8442cd5ffffffff-2023-02,1
8442cd7ffffffff-2019-01,4
8442cd9ffffffff-2018-11,1
8442cd9ffffffff-2023-01,4
8442cdbffffffff-2015-01,1
8442cdbffffffff-2016-07,1
8442cdbffffffff-2016-11,1
8442cdbffffffff-2017-10,4
8442cdbffffffff-2017-11,1
8442cdbffffffff-2017-12,2
8442cdbffffffff-2018-12,10
8442cdbffffffff-2019-01,10
8442cdbffffffff-2019-02,5
8442cdbffffffff-2019-03,11
8442cdbffffffff-2020-01,1
8442cdbffffffff-2020-02,2
8442cdbffffffff-2020-03,2
8442cdbffffffff-2020-06,1
8442cdbffffffff-2020-07,2
8442cdbffffffff-2021-03,6
8442cdbffffffff-2021-05,1
8442cdbffffffff-2021-07,5
8442cdbffffffff-2021-11,2
8442cdbffffffff-2022-01,6
8442cdbffffffff-2022-03,6
8442cdbffffffff-2022-05,9
8442cdbffffffff-2022-06,6
8442cdbffffffff-2022-12,1
8442cdbffffffff-2023-02,36
8442cdbffffffff-2023-05,5
8442cdbffffffff-2023-06,2
8442cdbffffffff-2023-07,2
8442cdbffffffff-2023-09,4
8442cddffffffff-2015-10,2
8442cddffffffff-2019-10,1
8442cddffffffff-2021-01,4
8442cddffffffff-2021-12,4
8442cddffffffff-2022-01,9
8442cddffffffff-2022-03,8
8442cddffffffff-2023-01,8
8442cddffffffff-2023-02,11
8442cddffffffff-2023-10,15
8442ce1ffffffff-2018-01,2
8442ce1ffffffff-2018-10,1
8442ce1ffffffff-2020-01,1
8442ce1ffffffff-2020-03,3
8442ce1ffffffff-2020-04,1
8442ce1ffffffff-2020-05,1
8442ce1ffffffff-2020-06,3
8442ce1ffffffff-2020-07,3
8442ce1ffffffff-2020-10,2
8442ce1ffffffff-2021-09,1
8442ce1ffffffff-2021-10,3
8442ce1ffffffff-2022-05,1
8442ce1ffffffff-2022-06,1
8442ce1ffffffff-2022-07,1
8442ce1ffffffff-2022-08,1
8442ce1ffffffff-2022-10,1
8442ce1ffffffff-2022-11,1
8442ce1ffffffff-2023-02,9
8442ce1ffffffff-2023-06,1
8442ce1ffffffff-2023-09,3
8442ce3ffffffff-2013-09,1
8442ce3ffffffff-2014-02,1
8442ce3ffffffff-2015-05,1
8442ce3ffffffff-2016-07,2
8442ce3ffffffff-2016-09,1
8442ce3ffffffff-2016-10,5
8442ce3ffffffff-2016-11,1
8442ce3ffffffff-2016-12,2
8442ce3ffffffff-2017-01,4
8442ce3ffffffff-2017-02,1
8442ce3ffffffff-2017-04,1
8442ce3ffffffff-2018-01,4
8442ce3ffffffff-2018-02,1
8442ce3ffffffff-2018-03,1
8442ce3ffffffff-2018-09,1
8442ce3ffffffff-2019-01,4
8442ce3ffffffff-2019-02,1
8442ce3ffffffff-2019-05,2
8442ce3ffffffff-2019-06,9
8442ce3ffffffff-2019-07,7
8442ce3ffffffff-2019-10,8
8442ce3ffffffff-2019-11,3
8442ce3ffffffff-2019-12,13
8442ce3ffffffff-2020-01,5
8442ce3ffffffff-2020-02,3
8442ce3ffffffff-2020-03,3
8442ce3ffffffff-2020-04,3
8442ce3ffffffff-2020-05,1
8442ce3ffffffff-2020-06,7
8442ce3ffffffff-2020-07,4
8442ce3ffffffff-2020-08,2
8442ce3ffffffff-2020-09,7
8442ce3ffffffff-2020-10,53
8442ce3ffffffff-2020-11,26
8442ce3ffffffff-2020-12,20
8442ce3ffffffff-2021-01,24
8442ce3ffffffff-2021-02,15
8442ce3ffffffff-2021-03,6
8442ce3ffffffff-2021-04,1
8442ce3ffffffff-2021-05,13
8442ce3ffffffff-2021-06,12
8442ce3ffffffff-2021-07,16
8442ce3ffffffff-2021-08,4
8442ce3ffffffff-2021-09,2
8442ce3ffffffff-2021-10,11
8442ce3ffffffff-2021-11,6
8442ce3ffffffff-2021-12,5
8442ce3ffffffff-2022-01,15
8442ce3ffffffff-2022-02,10
8442ce3ffffffff-2022-03,5
8442ce3ffffffff-2022-04,5
8442ce3ffffffff-2022-05,7
8442ce3ffffffff-2022-06,12
8442ce3ffffffff-2022-07,6
8442ce3ffffffff-2022-08,10
8442ce3ffffffff-2022-09,20
8442ce3ffffffff-2022-10,10
8442ce3ffffffff-2022-11,14
8442ce3ffffffff-2022-12,7
8442ce3ffffffff-2023-01,17
8442ce3ffffffff-2023-02,12
8442ce3ffffffff-2023-03,15
8442ce3ffffffff-2023-04,10
8442ce3ffffffff-2023-05,5
8442ce3ffffffff-2023-06,4
8442ce3ffffffff-2023-07,2
8442ce3ffffffff-2023-08,6
8442ce3ffffffff-2023-09,1
8442ce3ffffffff-2023-10,9
8442ce3ffffffff-2023-11,2
8442ce7ffffffff-2015-03,1
8442ce7ffffffff-2017-03,1
8442ce7ffffffff-2019-01,2
8442ce7ffffffff-2019-11,1
8442ce7ffffffff-2020-01,7
8442ce7ffffffff-2020-03,2
8442ce7ffffffff-2020-05,2
8442ce7ffffffff-2020-09,3
8442ce7ffffffff-2020-10,4
8442ce7ffffffff-2020-11,7
8442ce7ffffffff-2021-02,2
8442ce7ffffffff-2021-03,3
8442ce7ffffffff-2021-06,2
8442ce7ffffffff-2021-08,1
8442ce7ffffffff-2021-09,3
8442ce7ffffffff-2021-10,5
8442ce7ffffffff-2021-12,1
8442ce7ffffffff-2022-01,8
8442ce7ffffffff-2022-02,8
8442ce7ffffffff-2022-04,4
8442ce7ffffffff-2022-05,4
8442ce7ffffffff-2022-06,1
8442ce7ffffffff-2022-09,4
8442ce7ffffffff-2022-10,4
8442ce7ffffffff-2022-11,1
8442ce7ffffffff-2022-12,1
8442ce7ffffffff-2023-01,2
8442ce7ffffffff-2023-03,1
8442ce7ffffffff-2023-04,1
8442ce7ffffffff-2023-05,7
8442ce7ffffffff-2023-06,6
8442ce7ffffffff-2023-08,10
8442ce7ffffffff-2023-10,6
8442ce7ffffffff-2023-11,1
8442ce9ffffffff-2014-02,1
8442ce9ffffffff-2014-12,2
8442ce9ffffffff-2015-03,1
8442ce9ffffffff-2015-11,1
8442ce9ffffffff-2016-10,1
8442ce9ffffffff-2016-11,2
8442ce9ffffffff-2017-02,1
8442ce9ffffffff-2017-03,4
8442ce9ffffffff-2017-04,1
8442ce9ffffffff-2017-12,1
8442ce9ffffffff-2018-02,3
8442ce9ffffffff-2018-05,1
8442ce9ffffffff-2018-12,3
8442ce9ffffffff-2019-01,1
8442ce9ffffffff-2019-02,1
8442ce9ffffffff-2019-09,5
8442ce9ffffffff-2019-10,1
8442ce9ffffffff-2020-01,6
8442ce9ffffffff-2020-02,16
8442ce9ffffffff-2020-03,1
8442ce9ffffffff-2020-09,4
8442ce9ffffffff-2020-10,7
8442ce9ffffffff-2020-11,9
8442ce9ffffffff-2021-01,21
8442ce9ffffffff-2021-02,9
8442ce9ffffffff-2021-03,9
8442ce9ffffffff-2021-04,4
8442ce9ffffffff-2021-05,15
8442ce9ffffffff-2021-06,15
8442ce9ffffffff-2021-07,22
8442ce9ffffffff-2021-08,15
8442ce9ffffffff-2021-09,34
8442ce9ffffffff-2021-10,15
8442ce9ffffffff-2021-11,8
8442ce9ffffffff-2021-12,7
8442ce9ffffffff-2022-01,15
8442ce9ffffffff-2022-02,12
8442ce9ffffffff-2022-03,6
8442ce9ffffffff-2022-05,1
8442ce9ffffffff-2022-06,4
8442ce9ffffffff-2022-07,5
8442ce9ffffffff-2022-08,2
8442ce9ffffffff-2022-09,6
8442ce9ffffffff-2022-10,21
8442ce9ffffffff-2022-11,14
8442ce9ffffffff-2022-12,8
8442ce9ffffffff-2023-01,14
8442ce9ffffffff-2023-02,9
8442ce9ffffffff-2023-03,3
8442ce9ffffffff-2023-04,4
8442ce9ffffffff-2023-05,2
8442ce9ffffffff-2023-06,5
8442ce9ffffffff-2023-08,3
8442ce9ffffffff-2023-09,28
8442ce9ffffffff-2023-10,34
8442ce9ffffffff-2023-11,57
8442cebffffffff-2012-08,1
8442cebffffffff-2013-09,1
8442cebffffffff-2013-10,1
8442cebffffffff-2014-01,1
8442cebffffffff-2014-06,1
8442cebffffffff-2014-08,1
8442cebffffffff-2014-10,1
8442cebffffffff-2015-01,1
8442cebffffffff-2015-02,2
8442cebffffffff-2015-03,1
8442cebffffffff-2015-05,1
8442cebffffffff-2015-07,1
8442cebffffffff-2015-09,1
8442cebffffffff-2015-10,1
8442cebffffffff-2015-11,1
8442cebffffffff-2016-01,2
8442cebffffffff-2016-02,4
8442cebffffffff-2016-03,3
8442cebffffffff-2016-04,8
8442cebffffffff-2016-05,1
8442cebffffffff-2016-07,3
8442cebffffffff-2016-08,1
8442cebffffffff-2016-11,3
8442cebffffffff-2016-12,6
8442cebffffffff-2017-01,1
8442cebffffffff-2017-02,2
8442cebffffffff-2017-03,1
8442cebffffffff-2017-06,1
8442cebffffffff-2017-11,2
8442cebffffffff-2017-12,4
8442cebffffffff-2018-01,2
8442cebffffffff-2018-02,1
8442cebffffffff-2018-03,1
8442cebffffffff-2018-07,1
8442cebffffffff-2018-09,1
8442cebffffffff-2018-10,2
8442cebffffffff-2018-12,5
8442cebffffffff-2019-01,2
8442cebffffffff-2019-02,8
8442cebffffffff-2019-03,3
8442cebffffffff-2019-04,1
8442cebffffffff-2019-05,3
8442cebffffffff-2019-06,8
8442cebffffffff-2019-07,2
8442cebffffffff-2019-08,2
8442cebffffffff-2019-11,6
8442cebffffffff-2019-12,4
8442cebffffffff-2020-01,4
8442cebffffffff-2020-02,1
8442cebffffffff-2020-06,4
8442cebffffffff-2020-07,1
8442cebffffffff-2020-08,4
8442cebffffffff-2020-09,10
8442cebffffffff-2020-11,8
8442cebffffffff-2020-12,6
8442cebffffffff-2021-01,4
8442cebffffffff-2021-02,13
8442cebffffffff-2021-03,6
8442cebffffffff-2021-04,6
8442cebffffffff-2021-05,5
8442cebffffffff-2021-07,2
8442cebffffffff-2021-08,15
8442cebffffffff-2021-09,3
8442cebffffffff-2021-10,12
8442cebffffffff-2021-11,17
8442cebffffffff-2021-12,9
8442cebffffffff-2022-01,15
8442cebffffffff-2022-02,6
8442cebffffffff-2022-03,48
8442cebffffffff-2022-04,25
8442cebffffffff-2022-05,40
8442cebffffffff-2022-06,12
8442cebffffffff-2022-07,7
8442cebffffffff-2022-08,5
8442cebffffffff-2022-09,14
8442cebffffffff-2022-10,29
8442cebffffffff-2022-11,25
8442cebffffffff-2022-12,25
8442cebffffffff-2023-01,21
8442cebffffffff-2023-02,63
8442cebffffffff-2023-03,40
8442cebffffffff-2023-04,16
8442cebffffffff-2023-05,2
8442cebffffffff-2023-06,5
8442cebffffffff-2023-07,7
8442cebffffffff-2023-08,7
8442cebffffffff-2023-09,10
8442cebffffffff-2023-10,14
8442cebffffffff-2023-11,24
8442d13ffffffff-2017-12,3
8442d1bffffffff-2012-12,2
8442d1bffffffff-2014-11,1
8442d1bffffffff-2015-02,1
8442d1bffffffff-2015-05,1
8442d1bffffffff-2016-01,1
8442d1bffffffff-2016-10,1
8442d1bffffffff-2017-01,5
8442d1bffffffff-2017-04,1
8442d1bffffffff-2018-10,1
8442d1bffffffff-2019-02,1
8442d1bffffffff-2019-04,1
8442d1bffffffff-2020-12,1
8442d1bffffffff-2021-01,1
8442d1bffffffff-2021-02,1
8442d1bffffffff-2021-07,2
8442d1bffffffff-2021-09,3
8442d1bffffffff-2021-10,2
8442d1bffffffff-2021-12,1
8442d1bffffffff-2022-02,1
8442d1bffffffff-2022-04,1
8442d1bffffffff-2022-07,2
8442d1bffffffff-2022-08,1
8442d1bffffffff-2022-11,2
8442d1bffffffff-2022-12,3
8442d1bffffffff-2023-01,2
8442d1bffffffff-2023-03,1
8442d1bffffffff-2023-10,1
8442d1bffffffff-2023-11,2
8442d89ffffffff-2021-03,4
8442d89ffffffff-2023-01,2
8442d91ffffffff-2018-04,1
8442d91ffffffff-2020-11,3
8442d91ffffffff-2021-02,3
8442d91ffffffff-2022-12,1
8442d91ffffffff-2023-02,1
8442d91ffffffff-2023-09,1
8442d93ffffffff-2014-06,3
8442d93ffffffff-2016-02,10
8442d93ffffffff-2016-04,1
8442d93ffffffff-2016-05,1
8442d93ffffffff-2017-02,6
8442d93ffffffff-2018-02,7
8442d93ffffffff-2019-01,19
8442d93ffffffff-2019-02,5
8442d93ffffffff-2019-03,6
8442d93ffffffff-2019-12,5
8442d93ffffffff-2020-02,8
8442d93ffffffff-2020-04,1
8442d93ffffffff-2021-01,2
8442d93ffffffff-2021-02,3
8442d93ffffffff-2021-03,41
8442d93ffffffff-2021-04,3
8442d93ffffffff-2021-10,8
8442d93ffffffff-2021-11,1
8442d93ffffffff-2021-12,3
8442d93ffffffff-2022-01,3
8442d93ffffffff-2022-02,118
8442d93ffffffff-2022-03,10
8442d93ffffffff-2022-04,5
8442d93ffffffff-2022-05,1
8442d93ffffffff-2022-06,1
8442d93ffffffff-2022-10,10
8442d93ffffffff-2022-12,2
8442d93ffffffff-2023-01,3
8442d93ffffffff-2023-02,4
8442d93ffffffff-2023-03,1
8442d93ffffffff-2023-04,7
8442d93ffffffff-2023-05,13
8442d93ffffffff-2023-06,3
8442d93ffffffff-2023-10,1
8442d95ffffffff-2017-09,1
8442d95ffffffff-2018-04,1
8442d95ffffffff-2020-06,1
8442d95ffffffff-2020-11,1
8442d95ffffffff-2021-02,2
8442d95ffffffff-2021-05,6
8442d95ffffffff-2021-06,2
8442d95ffffffff-2021-12,1
8442d95ffffffff-2022-01,5
8442d95ffffffff-2022-03,1
8442d95ffffffff-2022-06,1
8442d95ffffffff-2023-03,2
8442d95ffffffff-2023-06,1
8442d95ffffffff-2023-10,1
8442d97ffffffff-2014-05,1
8442d97ffffffff-2014-06,1
8442d97ffffffff-2015-12,2
8442d97ffffffff-2016-04,1
8442d97ffffffff-2016-12,2
8442d97ffffffff-2017-04,1
8442d97ffffffff-2017-05,1
8442d97ffffffff-2018-01,3
8442d97ffffffff-2018-03,2
8442d97ffffffff-2018-04,2
8442d97ffffffff-2018-06,1
8442d97ffffffff-2018-10,2
8442d97ffffffff-2018-11,2
8442d97ffffffff-2019-01,1
8442d97ffffffff-2019-03,8
8442d97ffffffff-2019-05,1
8442d97ffffffff-2019-12,1
8442d97ffffffff-2020-02,2
8442d97ffffffff-2020-03,4
8442d97ffffffff-2021-01,2
8442d97ffffffff-2021-02,12
8442d97ffffffff-2021-03,9
8442d97ffffffff-2021-04,2
8442d97ffffffff-2021-07,2
8442d97ffffffff-2021-10,6
8442d97ffffffff-2021-11,1
8442d97ffffffff-2021-12,6
8442d97ffffffff-2022-01,7
8442d97ffffffff-2022-02,21
8442d97ffffffff-2022-03,25
8442d97ffffffff-2022-04,5
8442d97ffffffff-2022-05,2
8442d97ffffffff-2022-06,1
8442d97ffffffff-2022-10,16
8442d97ffffffff-2022-11,4
8442d97ffffffff-2022-12,5
8442d97ffffffff-2023-01,10
8442d97ffffffff-2023-02,9
8442d97ffffffff-2023-03,20
8442d97ffffffff-2023-04,35
8442d97ffffffff-2023-05,12
8442d99ffffffff-2020-07,1
8442d99ffffffff-2023-03,2
8442d9bffffffff-2014-04,6
8442d9bffffffff-2014-12,1
8442d9bffffffff-2015-02,6
8442d9bffffffff-2017-01,2
8442d9bffffffff-2017-04,2
8442d9bffffffff-2018-02,3
8442d9bffffffff-2019-03,2
8442d9bffffffff-2020-02,1
8442d9bffffffff-2021-02,16
8442d9bffffffff-2021-03,2
8442d9bffffffff-2021-11,1
8442d9bffffffff-2021-12,3
8442d9bffffffff-2022-02,1
8442d9bffffffff-2022-03,1
8442d9bffffffff-2023-01,2
8442d9bffffffff-2023-02,23
8442d9dffffffff-2016-04,1
8442d9dffffffff-2018-04,1
8442d9dffffffff-2021-05,1
8442d9dffffffff-2022-02,3
8442db1ffffffff-2016-01,1
8442db1ffffffff-2017-01,1
8442db1ffffffff-2017-12,2
8442db1ffffffff-2018-01,1
8442db1ffffffff-2020-11,1
8442db1ffffffff-2021-12,1
8442db1ffffffff-2023-01,1
8442db3ffffffff-2015-12,1
8442db3ffffffff-2016-01,2
8442db3ffffffff-2016-03,3
8442db3ffffffff-2017-03,1
8442db3ffffffff-2018-01,1
8442db3ffffffff-2018-04,2
8442db3ffffffff-2018-10,3
8442db3ffffffff-2018-11,5
8442db3ffffffff-2018-12,2
8442db3ffffffff-2019-01,6
8442db3ffffffff-2019-02,5
8442db3ffffffff-2019-03,3
8442db3ffffffff-2019-04,2
8442db3ffffffff-2019-05,2
8442db3ffffffff-2019-11,9
8442db3ffffffff-2020-01,7
8442db3ffffffff-2020-03,5
8442db3ffffffff-2020-10,5
8442db3ffffffff-2021-01,5
8442db3ffffffff-2021-02,1
8442db3ffffffff-2021-10,5
8442db3ffffffff-2021-11,2
8442db3ffffffff-2021-12,2
8442db3ffffffff-2022-01,3
8442db3ffffffff-2022-02,2
8442db3ffffffff-2022-03,6
8442db3ffffffff-2022-06,2
8442db3ffffffff-2022-10,1
8442db3ffffffff-2023-01,5
8442db3ffffffff-2023-02,2
8442db3ffffffff-2023-04,2
8442db3ffffffff-2023-05,1
8442db3ffffffff-2023-06,2
8442db3ffffffff-2023-10,3
8442db3ffffffff-2023-11,1
8442db5ffffffff-2014-09,1
8442db5ffffffff-2015-08,1
8442db5ffffffff-2015-11,1
8442db5ffffffff-2015-12,1
8442db5ffffffff-2016-02,1
8442db5ffffffff-2016-10,2
8442db5ffffffff-2016-11,4
8442db5ffffffff-2016-12,3
8442db5ffffffff-2017-01,1
8442db5ffffffff-2017-03,5
8442db5ffffffff-2017-05,1
8442db5ffffffff-2017-08,1
8442db5ffffffff-2017-10,8
8442db5ffffffff-2017-11,3
8442db5ffffffff-2017-12,2
8442db5ffffffff-2018-01,4
8442db5ffffffff-2018-02,1
8442db5ffffffff-2018-09,5
8442db5ffffffff-2018-10,6
8442db5ffffffff-2018-11,8
8442db5ffffffff-2018-12,2
8442db5ffffffff-2019-01,2
8442db5ffffffff-2019-02,4
8442db5ffffffff-2019-10,2
8442db5ffffffff-2019-11,2
8442db5ffffffff-2019-12,1
8442db5ffffffff-2020-02,4
8442db5ffffffff-2020-03,1
8442db5ffffffff-2020-10,4
8442db5ffffffff-2020-11,10
8442db5ffffffff-2020-12,1
8442db5ffffffff-2021-01,5
8442db5ffffffff-2021-02,3
8442db5ffffffff-2021-04,1
8442db5ffffffff-2021-08,1
8442db5ffffffff-2021-10,10
8442db5ffffffff-2021-11,2
8442db5ffffffff-2022-01,4
8442db5ffffffff-2022-02,2
8442db5ffffffff-2022-03,1
8442db5ffffffff-2022-05,1
8442db5ffffffff-2022-06,7
8442db5ffffffff-2022-07,1
8442db5ffffffff-2022-08,3
8442db5ffffffff-2022-10,7
8442db5ffffffff-2022-11,4
8442db5ffffffff-2022-12,3
8442db5ffffffff-2023-01,6
8442db5ffffffff-2023-02,6
8442db5ffffffff-2023-05,2
8442db5ffffffff-2023-06,1
8442db5ffffffff-2023-10,4
8442db5ffffffff-2023-11,3
8442db7ffffffff-2015-01,6
8442db7ffffffff-2015-02,1
8442db7ffffffff-2015-05,2
8442db7ffffffff-2016-01,7
8442db7ffffffff-2016-02,2
8442db7ffffffff-2016-03,2
8442db7ffffffff-2016-04,7
8442db7ffffffff-2016-05,7
8442db7ffffffff-2016-06,4
8442db7ffffffff-2016-11,3
8442db7ffffffff-2016-12,2
8442db7ffffffff-2017-01,15
8442db7ffffffff-2017-02,2
8442db7ffffffff-2017-03,10
8442db7ffffffff-2017-04,1
8442db7ffffffff-2017-05,8
8442db7ffffffff-2017-06,2
8442db7ffffffff-2017-07,1
8442db7ffffffff-2017-10,5
8442db7ffffffff-2017-11,3
8442db7ffffffff-2017-12,2
8442db7ffffffff-2018-01,16
8442db7ffffffff-2018-02,2
8442db7ffffffff-2018-03,6
8442db7ffffffff-2018-04,4
8442db7ffffffff-2018-05,7
8442db7ffffffff-2018-06,1
8442db7ffffffff-2018-11,2
8442db7ffffffff-2018-12,10
8442db7ffffffff-2019-01,11
8442db7ffffffff-2019-02,30
8442db7ffffffff-2019-03,4
8442db7ffffffff-2019-04,5
8442db7ffffffff-2019-05,1
8442db7ffffffff-2019-10,2
8442db7ffffffff-2019-11,3
8442db7ffffffff-2020-01,10
8442db7ffffffff-2020-02,7
8442db7ffffffff-2020-03,7
8442db7ffffffff-2020-04,20
8442db7ffffffff-2020-05,28
8442db7ffffffff-2020-06,6
8442db7ffffffff-2020-10,2
8442db7ffffffff-2021-01,20
8442db7ffffffff-2021-02,30
8442db7ffffffff-2021-03,23
8442db7ffffffff-2021-04,2
8442db7ffffffff-2021-10,1
8442db7ffffffff-2021-11,8
8442db7ffffffff-2021-12,15
8442db7ffffffff-2022-01,8
8442db7ffffffff-2022-02,25
8442db7ffffffff-2022-03,32
8442db7ffffffff-2022-04,11
8442db7ffffffff-2022-05,3
8442db7ffffffff-2022-10,9
8442db7ffffffff-2022-11,25
8442db7ffffffff-2022-12,19
8442db7ffffffff-2023-01,50
8442db7ffffffff-2023-02,186
8442db7ffffffff-2023-03,22
8442db7ffffffff-2023-04,6
8442db7ffffffff-2023-05,6
8442db7ffffffff-2023-06,1
8442db7ffffffff-2023-10,13
8442db7ffffffff-2023-11,27
8442db9ffffffff-2021-05,1
8442db9ffffffff-2021-06,1
8442dbbffffffff-2018-03,1
8442dbbffffffff-2020-05,2
8442dbbffffffff-2020-11,2
8442dbbffffffff-2020-12,6
8442dbbffffffff-2021-01,2
8442dbbffffffff-2021-02,2
8442dbbffffffff-2021-03,4
8442dbbffffffff-2021-05,7
8442dbbffffffff-2021-10,1
8442dbbffffffff-2022-02,10
8442dbbffffffff-2022-04,4
8442dbbffffffff-2022-05,4
8442dbbffffffff-2023-02,1
8442dbbffffffff-2023-04,9
8442dbbffffffff-2023-05,1
8442dbbffffffff-2023-07,1
8442dbbffffffff-2023-08,1
8442dbdffffffff-2016-04,1
8442dbdffffffff-2016-05,1
8442dbdffffffff-2016-11,1
8442dbdffffffff-2017-02,2
8442dbdffffffff-2017-03,2
8442dbdffffffff-2017-04,1
8442dbdffffffff-2019-03,2
8442dbdffffffff-2023-11,2
8442dc1ffffffff-2013-02,1
8442dc1ffffffff-2015-06,1
8442dc1ffffffff-2016-03,1
8442dc1ffffffff-2016-12,1
8442dc1ffffffff-2018-11,1
8442dc1ffffffff-2019-07,1
8442dc1ffffffff-2021-05,1
8442dc1ffffffff-2021-09,1
8442dc1ffffffff-2021-12,2
8442dc1ffffffff-2022-06,2
8442dc1ffffffff-2022-11,1
8442dc1ffffffff-2023-08,2
8442dc1ffffffff-2023-11,3
8442dc3ffffffff-2019-02,1
8442dc3ffffffff-2021-02,2
8442dc3ffffffff-2021-03,2
8442dc3ffffffff-2022-01,5
8442dc3ffffffff-2022-10,5
8442dc3ffffffff-2022-12,1
8442dc3ffffffff-2023-01,6
8442dc3ffffffff-2023-02,2
8442dc5ffffffff-2016-12,1
8442dc5ffffffff-2019-11,2
8442dc5ffffffff-2021-03,1
8442dc9ffffffff-2016-09,1
8442dc9ffffffff-2017-09,1
8442dc9ffffffff-2019-01,1
8442dc9ffffffff-2021-12,5
8442dc9ffffffff-2022-02,1
8442dc9ffffffff-2022-06,1
8442dc9ffffffff-2023-02,2
8442dc9ffffffff-2023-07,1
8442dcbffffffff-2022-06,1
8442dcdffffffff-2012-01,1
8442dcdffffffff-2012-11,1
8442dcdffffffff-2013-01,1
8442dcdffffffff-2013-02,1
8442dcdffffffff-2013-03,1
8442dcdffffffff-2013-12,1
8442dcdffffffff-2014-02,1
8442dcdffffffff-2014-04,1
8442dcdffffffff-2014-10,2
8442dcdffffffff-2014-11,4
8442dcdffffffff-2015-03,2
8442dcdffffffff-2015-04,4
8442dcdffffffff-2015-06,1
8442dcdffffffff-2015-11,4
8442dcdffffffff-2016-01,3
8442dcdffffffff-2016-02,2
8442dcdffffffff-2016-03,3
8442dcdffffffff-2016-11,4
8442dcdffffffff-2017-01,8
8442dcdffffffff-2017-02,3
8442dcdffffffff-2017-03,2
8442dcdffffffff-2017-04,1
8442dcdffffffff-2017-05,2
8442dcdffffffff-2017-07,1
8442dcdffffffff-2017-11,5
8442dcdffffffff-2017-12,5
8442dcdffffffff-2018-01,4
8442dcdffffffff-2018-02,1
8442dcdffffffff-2018-03,4
8442dcdffffffff-2018-04,1
8442dcdffffffff-2018-06,2
8442dcdffffffff-2018-12,1
8442dcdffffffff-2019-01,3
8442dcdffffffff-2019-02,8
8442dcdffffffff-2019-03,5
8442dcdffffffff-2019-04,1
8442dcdffffffff-2019-05,2
8442dcdffffffff-2019-06,1
8442dcdffffffff-2019-11,1
8442dcdffffffff-2019-12,1
8442dcdffffffff-2020-01,1
8442dcdffffffff-2020-02,39
8442dcdffffffff-2020-11,2
8442dcdffffffff-2020-12,1
8442dcdffffffff-2021-01,3
8442dcdffffffff-2021-02,7
8442dcdffffffff-2021-04,6
8442dcdffffffff-2021-10,7
8442dcdffffffff-2021-11,7
8442dcdffffffff-2021-12,15
8442dcdffffffff-2022-01,9
8442dcdffffffff-2022-02,4
8442dcdffffffff-2022-03,1
8442dcdffffffff-2022-04,9
8442dcdffffffff-2022-05,1
8442dcdffffffff-2022-06,4
8442dcdffffffff-2022-07,1
8442dcdffffffff-2022-08,1
8442dcdffffffff-2022-09,3
8442dcdffffffff-2022-11,4
8442dcdffffffff-2022-12,17
8442dcdffffffff-2023-01,9
8442dcdffffffff-2023-02,17
8442dcdffffffff-2023-03,6
8442dcdffffffff-2023-04,8
8442dcdffffffff-2023-05,10
8442dcdffffffff-2023-06,6
8442dcdffffffff-2023-09,2
8442dcdffffffff-2023-10,1
8442dcdffffffff-2023-11,3
8442dd1ffffffff-2019-02,3
8442dd1ffffffff-2019-03,2
8442dd1ffffffff-2019-08,1
8442dd1ffffffff-2019-10,1
8442dd1ffffffff-2019-11,1
8442dd1ffffffff-2020-09,1
8442dd1ffffffff-2020-11,4
8442dd1ffffffff-2021-10,2
8442dd1ffffffff-2022-02,4
8442dd1ffffffff-2022-04,2
8442dd1ffffffff-2022-07,2
8442dd1ffffffff-2022-10,3
8442dd1ffffffff-2023-02,3
8442dd1ffffffff-2023-04,3
8442dd1ffffffff-2023-10,1
8442dd3ffffffff-2023-02,1
8442dd3ffffffff-2023-10,1
8442dd5ffffffff-2021-01,3
8442dd9ffffffff-2014-02,1
8442dd9ffffffff-2016-11,2
8442dd9ffffffff-2017-06,1
8442dd9ffffffff-2017-08,2
8442dd9ffffffff-2017-12,1
8442dd9ffffffff-2018-03,2
8442dd9ffffffff-2019-03,8
8442dd9ffffffff-2019-04,3
8442dd9ffffffff-2019-10,1
8442dd9ffffffff-2020-02,8
8442dd9ffffffff-2021-01,2
8442dd9ffffffff-2021-03,1
8442dd9ffffffff-2022-11,2
8442dd9ffffffff-2023-10,2
8442dddffffffff-2017-09,2
8442dddffffffff-2020-10,1
8442dddffffffff-2021-06,1
8442dddffffffff-2022-07,1
8442e09ffffffff-2019-10,1
8442e0dffffffff-2021-05,1
8442e23ffffffff-2022-09,25
8442e23ffffffff-2023-09,8
8442e27ffffffff-2015-02,1
8442e27ffffffff-2016-01,4
8442e27ffffffff-2016-12,1
8442e27ffffffff-2017-01,3
8442e27ffffffff-2017-02,1
8442e27ffffffff-2017-12,1
8442e27ffffffff-2018-01,4
8442e27ffffffff-2018-12,2
8442e27ffffffff-2019-08,2
8442e27ffffffff-2020-03,1
8442e27ffffffff-2021-09,5
8442e27ffffffff-2022-09,21
8442e35ffffffff-2016-09,1
8442e35ffffffff-2021-11,1
8442e35ffffffff-2022-09,18
8442e35ffffffff-2023-09,7
8442e37ffffffff-2016-01,3
8442e37ffffffff-2021-12,1
8442e37ffffffff-2022-09,46
8442e37ffffffff-2022-12,1
8442e37ffffffff-2023-01,3
8442e37ffffffff-2023-09,9
8442e37ffffffff-2023-10,1
8442e39ffffffff-2019-09,1
8442e39ffffffff-2021-10,1
8442e3bffffffff-2021-10,1
8442e3bffffffff-2023-06,1
8442e41ffffffff-2017-06,1
8442e41ffffffff-2020-08,1
8442e41ffffffff-2020-12,2
8442e41ffffffff-2021-02,6
8442e41ffffffff-2021-08,1
8442e41ffffffff-2021-10,1
8442e41ffffffff-2021-11,2
8442e41ffffffff-2022-05,3
8442e41ffffffff-2022-10,2
8442e41ffffffff-2023-03,1
8442e41ffffffff-2023-04,1
8442e45ffffffff-2021-03,2
8442e47ffffffff-2016-11,1
8442e47ffffffff-2022-11,1
8442e49ffffffff-2021-05,1
8442e4bffffffff-2023-03,1
8442e4dffffffff-2023-02,1
8442e83ffffffff-2022-04,1
8442e83ffffffff-2023-03,1
8442e83ffffffff-2023-07,2
8442e87ffffffff-2023-04,1
8442e89ffffffff-2023-08,1
8442e89ffffffff-2023-10,1
8442e8bffffffff-2022-11,2
8442e8bffffffff-2023-07,1
8442e91ffffffff-2017-01,1
8442e97ffffffff-2015-02,1
8442e97ffffffff-2017-01,6
8442e97ffffffff-2018-02,1
8442e97ffffffff-2019-11,1
8442e97ffffffff-2021-08,1
8442e97ffffffff-2022-11,3
8442e97ffffffff-2023-01,1
8442e99ffffffff-2017-12,4
8442e9bffffffff-2023-01,1
8442e9dffffffff-2023-01,2
8442ea1ffffffff-2018-12,2
8442ea1ffffffff-2020-01,1
8442ea3ffffffff-2023-04,2
8442ea3ffffffff-2023-09,1
8442ea5ffffffff-2021-09,1
8442ea5ffffffff-2022-01,1
8442ea9ffffffff-2020-01,3
8442ea9ffffffff-2022-12,1
8442eb1ffffffff-2015-06,1
8442eb1ffffffff-2015-11,3
8442eb1ffffffff-2016-03,4
8442eb1ffffffff-2016-04,1
8442eb1ffffffff-2016-06,1
8442eb1ffffffff-2016-09,1
8442eb1ffffffff-2016-10,1
8442eb1ffffffff-2016-12,2
8442eb1ffffffff-2017-03,2
8442eb1ffffffff-2017-08,1
8442eb1ffffffff-2017-11,1
8442eb1ffffffff-2018-01,1
8442eb1ffffffff-2018-08,1
8442eb1ffffffff-2019-01,1
8442eb1ffffffff-2019-03,1
8442eb1ffffffff-2019-04,1
8442eb1ffffffff-2019-05,1
8442eb1ffffffff-2020-01,5
8442eb1ffffffff-2020-10,1
8442eb1ffffffff-2020-12,1
8442eb1ffffffff-2021-01,1
8442eb1ffffffff-2021-02,6
8442eb1ffffffff-2021-05,4
8442eb1ffffffff-2021-06,1
8442eb1ffffffff-2021-11,4
8442eb1ffffffff-2022-03,1
8442eb1ffffffff-2022-05,5
8442eb1ffffffff-2022-07,6
8442eb1ffffffff-2022-12,1
8442eb1ffffffff-2023-01,3
8442eb1ffffffff-2023-02,1
8442eb1ffffffff-2023-03,8
8442eb1ffffffff-2023-04,9
8442eb1ffffffff-2023-05,11
8442eb1ffffffff-2023-06,1
8442eb1ffffffff-2023-07,1
8442eb1ffffffff-2023-08,1
8442eb1ffffffff-2023-10,1
8442eb1ffffffff-2023-11,1
8442eb3ffffffff-2013-01,1
8442eb3ffffffff-2014-03,1
8442eb3ffffffff-2014-11,4
8442eb3ffffffff-2014-12,1
8442eb3ffffffff-2015-01,11
8442eb3ffffffff-2015-02,9
8442eb3ffffffff-2015-03,3
8442eb3ffffffff-2015-05,1
8442eb3ffffffff-2015-08,1
8442eb3ffffffff-2015-12,7
8442eb3ffffffff-2016-01,15
8442eb3ffffffff-2016-02,12
8442eb3ffffffff-2016-03,13
8442eb3ffffffff-2016-04,1
8442eb3ffffffff-2016-05,5
8442eb3ffffffff-2016-06,1
8442eb3ffffffff-2016-07,8
8442eb3ffffffff-2016-09,3
8442eb3ffffffff-2016-10,5
8442eb3ffffffff-2016-11,9
8442eb3ffffffff-2016-12,20
8442eb3ffffffff-2017-01,16
8442eb3ffffffff-2017-04,1
8442eb3ffffffff-2017-09,2
8442eb3ffffffff-2017-10,5
8442eb3ffffffff-2017-11,18
8442eb3ffffffff-2017-12,16
8442eb3ffffffff-2018-01,10
8442eb3ffffffff-2018-02,4
8442eb3ffffffff-2018-03,17
8442eb3ffffffff-2018-04,1
8442eb3ffffffff-2018-08,2
8442eb3ffffffff-2018-09,7
8442eb3ffffffff-2018-10,4
8442eb3ffffffff-2018-11,5
8442eb3ffffffff-2018-12,10
8442eb3ffffffff-2019-01,29
8442eb3ffffffff-2019-02,26
8442eb3ffffffff-2019-03,31
8442eb3ffffffff-2019-04,4
8442eb3ffffffff-2019-05,8
8442eb3ffffffff-2019-06,5
8442eb3ffffffff-2019-09,2
8442eb3ffffffff-2019-10,17
8442eb3ffffffff-2019-11,20
8442eb3ffffffff-2019-12,8
8442eb3ffffffff-2020-01,22
8442eb3ffffffff-2020-02,41
8442eb3ffffffff-2020-03,26
8442eb3ffffffff-2020-04,3
8442eb3ffffffff-2020-05,7
8442eb3ffffffff-2020-06,4
8442eb3ffffffff-2020-10,12
8442eb3ffffffff-2020-11,12
8442eb3ffffffff-2020-12,18
8442eb3ffffffff-2021-01,30
8442eb3ffffffff-2021-02,23
8442eb3ffffffff-2021-03,29
8442eb3ffffffff-2021-04,24
8442eb3ffffffff-2021-05,9
8442eb3ffffffff-2021-06,5
8442eb3ffffffff-2021-07,2
8442eb3ffffffff-2021-10,10
8442eb3ffffffff-2021-11,9
8442eb3ffffffff-2021-12,26
8442eb3ffffffff-2022-01,31
8442eb3ffffffff-2022-02,50
8442eb3ffffffff-2022-03,56
8442eb3ffffffff-2022-04,27
8442eb3ffffffff-2022-05,10
8442eb3ffffffff-2022-06,31
8442eb3ffffffff-2022-07,13
8442eb3ffffffff-2022-09,7
8442eb3ffffffff-2022-10,67
8442eb3ffffffff-2022-11,73
8442eb3ffffffff-2022-12,52
8442eb3ffffffff-2023-01,47
8442eb3ffffffff-2023-02,70
8442eb3ffffffff-2023-03,66
8442eb3ffffffff-2023-04,37
8442eb3ffffffff-2023-05,42
8442eb3ffffffff-2023-06,37
8442eb3ffffffff-2023-07,3
8442eb3ffffffff-2023-09,5
8442eb3ffffffff-2023-10,9
8442eb3ffffffff-2023-11,12
8442eb5ffffffff-2015-03,1
8442eb5ffffffff-2016-03,1
8442eb5ffffffff-2018-04,2
8442eb5ffffffff-2018-09,1
8442eb5ffffffff-2018-11,1
8442eb5ffffffff-2019-03,3
8442eb5ffffffff-2019-12,1
8442eb5ffffffff-2021-06,1
8442eb5ffffffff-2021-08,1
8442eb5ffffffff-2021-12,1
8442eb5ffffffff-2022-02,2
8442eb5ffffffff-2022-07,2
8442eb5ffffffff-2022-09,1
8442eb5ffffffff-2022-10,3
8442eb5ffffffff-2022-12,1
8442eb5ffffffff-2023-01,2
8442eb5ffffffff-2023-03,8
8442eb5ffffffff-2023-04,2
8442eb5ffffffff-2023-08,3
8442eb5ffffffff-2023-09,1
8442eb7ffffffff-2015-02,1
8442eb7ffffffff-2016-02,1
8442eb7ffffffff-2016-04,2
8442eb7ffffffff-2016-07,1
8442eb7ffffffff-2016-08,1
8442eb7ffffffff-2017-11,2
8442eb7ffffffff-2018-05,8
8442eb7ffffffff-2018-09,1
8442eb7ffffffff-2018-12,1
8442eb7ffffffff-2019-02,1
8442eb7ffffffff-2019-12,1
8442eb7ffffffff-2021-02,1
8442eb7ffffffff-2021-06,1
8442eb7ffffffff-2021-08,3
8442eb7ffffffff-2022-03,3
8442eb7ffffffff-2022-10,2
8442eb7ffffffff-2022-11,1
8442eb7ffffffff-2023-02,3
8442eb7ffffffff-2023-03,2
8442eb7ffffffff-2023-04,21
8442eb7ffffffff-2023-05,1
8442eb7ffffffff-2023-06,3
8442eb7ffffffff-2023-09,6
8442eb7ffffffff-2023-10,1
8442eb7ffffffff-2023-11,2
8442eb9ffffffff-2021-02,1
8442ebbffffffff-2017-01,3
8442ebbffffffff-2018-04,1
8442ebbffffffff-2019-01,9
8442ebbffffffff-2020-02,2
8442ebbffffffff-2023-01,4
8442ebbffffffff-2023-06,1
8442ebbffffffff-2023-10,1
8442ed5ffffffff-2022-11,1
8442ed5ffffffff-2023-05,1
8442ed9ffffffff-2021-03,1
8442ed9ffffffff-2021-06,1
8442ed9ffffffff-2021-08,2
8442ed9ffffffff-2021-10,1
8442ed9ffffffff-2021-12,1
8442ed9ffffffff-2022-06,1
8442ed9ffffffff-2023-03,1
8442ed9ffffffff-2023-07,1
8442ed9ffffffff-2023-08,1
8442edbffffffff-2016-08,5
8442edbffffffff-2021-12,1
8442ee1ffffffff-2023-07,1
8442ee3ffffffff-2022-09,1
8442ee7ffffffff-2023-07,1
8442eedffffffff-2021-10,2
844304dffffffff-2013-07,1
844304dffffffff-2017-05,1
8443089ffffffff-2018-04,1
8443101ffffffff-2023-03,1
8443107ffffffff-2023-07,2
844310dffffffff-2017-04,1
8443133ffffffff-2017-03,2
8443155ffffffff-2018-04,1
8443191ffffffff-2018-03,1
8443195ffffffff-2018-03,1
8443197ffffffff-2020-06,1
84431adffffffff-2017-04,1
84431adffffffff-2022-03,5
84431e3ffffffff-2013-04,5
84431e3ffffffff-2014-06,1
84431e3ffffffff-2016-03,4
84431e3ffffffff-2016-04,1
84431e3ffffffff-2017-04,1
84431e3ffffffff-2019-04,1
84431e3ffffffff-2021-04,1
84431e3ffffffff-2022-03,4
84431e3ffffffff-2023-02,6
84431e9ffffffff-2020-04,2
84431e9ffffffff-2022-03,2
84431e9ffffffff-2022-04,2
84431e9ffffffff-2022-05,1
84431e9ffffffff-2023-03,5
84431edffffffff-2022-05,1
84431edffffffff-2023-03,2
844323dffffffff-2020-05,1
8443241ffffffff-2023-09,1
844324bffffffff-2019-07,1
8443261ffffffff-2017-11,1
8443261ffffffff-2022-07,1
8443267ffffffff-2022-05,2
8443309ffffffff-2023-02,1
8443319ffffffff-2022-06,1
8443319ffffffff-2022-08,2
8443319ffffffff-2023-05,2
8443327ffffffff-2020-04,1
8443327ffffffff-2023-07,1
8443327ffffffff-2023-10,1
8443351ffffffff-2023-05,1
8443501ffffffff-2014-05,6
844361dffffffff-2016-06,1
8443813ffffffff-2014-05,1
844381bffffffff-2012-04,1
8443853ffffffff-2017-03,1
8443857ffffffff-2016-07,1
8443857ffffffff-2018-01,1
84438a1ffffffff-2019-04,1
84438a9ffffffff-2020-02,1
84438c1ffffffff-2014-09,1
84438c1ffffffff-2015-03,1
84438c1ffffffff-2015-07,1
84438c1ffffffff-2015-08,1
84438c1ffffffff-2016-08,1
84438c1ffffffff-2017-04,1
84438c1ffffffff-2022-03,1
84438c3ffffffff-2016-08,1
84438c3ffffffff-2019-04,1
84438c3ffffffff-2022-03,4
84438c7ffffffff-2021-04,2
8443a03ffffffff-2019-05,1
8443a03ffffffff-2020-04,3
8443a03ffffffff-2020-05,2
8443a03ffffffff-2020-09,2
8443a03ffffffff-2020-10,2
8443a03ffffffff-2020-12,3
8443a03ffffffff-2021-03,3
8443a03ffffffff-2021-04,1
8443a03ffffffff-2022-02,1
8443a03ffffffff-2023-04,2
8443a03ffffffff-2023-11,1
8443a11ffffffff-2021-04,2
8443a13ffffffff-2016-06,1
8443a13ffffffff-2016-08,2
8443a13ffffffff-2022-07,1
8443a13ffffffff-2023-04,3
8443a69ffffffff-2012-05,3
8443a89ffffffff-2020-04,1
8443a8dffffffff-2013-04,1
8443a8dffffffff-2015-06,3
8443a8dffffffff-2018-04,5
8443a8dffffffff-2018-05,1
8443a8dffffffff-2019-05,1
8443a8dffffffff-2022-06,1
8443a91ffffffff-2021-05,2
8443a93ffffffff-2016-03,3
8443a93ffffffff-2017-04,1
8443a93ffffffff-2022-03,2
8443a99ffffffff-2022-03,2
8443aa9ffffffff-2015-04,2
8443aa9ffffffff-2017-02,1
8443aa9ffffffff-2022-04,2
8443ac1ffffffff-2019-06,1
8443ac3ffffffff-2013-05,2
8443ac3ffffffff-2015-04,1
8443ac3ffffffff-2015-06,2
8443ac3ffffffff-2015-09,1
8443ac3ffffffff-2016-05,1
8443ac3ffffffff-2019-09,1
8443ac3ffffffff-2019-10,1
8443ac3ffffffff-2022-05,1
8443ac5ffffffff-2019-07,1
8443ac7ffffffff-2016-06,1
8443ac7ffffffff-2017-04,5
8443ac7ffffffff-2017-05,1
8443ac7ffffffff-2017-06,2
8443ac7ffffffff-2018-04,3
8443ac7ffffffff-2018-05,2
8443ac7ffffffff-2019-04,1
8443ac7ffffffff-2019-05,1
8443ac7ffffffff-2020-05,1
8443ac7ffffffff-2023-04,1
8443acbffffffff-2019-10,1
8443acdffffffff-2015-04,3
8443acdffffffff-2016-07,1
8443acdffffffff-2017-04,4
8443acdffffffff-2018-04,1
8443acdffffffff-2018-05,2
8443acdffffffff-2019-04,2
8443acdffffffff-2019-05,1
8443acdffffffff-2021-04,1
8443ad3ffffffff-2023-04,2
8443ad9ffffffff-2022-04,1
8443addffffffff-2013-04,2
8443ae5ffffffff-2014-04,1
8443ae5ffffffff-2014-05,1
8443ae5ffffffff-2015-04,2
8443ae5ffffffff-2015-05,1
8443ae5ffffffff-2017-04,2
8443ae5ffffffff-2018-04,1
8443ae5ffffffff-2018-05,1
8443ae5ffffffff-2018-06,2
8443ae5ffffffff-2019-04,2
8443ae5ffffffff-2019-05,2
8443ae5ffffffff-2023-03,2
8443aebffffffff-2016-05,1
8443aebffffffff-2017-05,1
8443aebffffffff-2022-06,1
8443aedffffffff-2017-04,1
84524d3ffffffff-2015-11,1
84524d3ffffffff-2023-11,1
845269bffffffff-2014-01,1
845269bffffffff-2014-02,1
84534cdffffffff-2021-04,2
84534d5ffffffff-2021-04,3
8453645ffffffff-2015-10,1
8453685ffffffff-2017-09,3
8453685ffffffff-2019-02,1
8453685ffffffff-2021-04,1
84536e1ffffffff-2017-10,1
8460021ffffffff-2021-01,1
8460025ffffffff-2017-12,1
8460025ffffffff-2018-02,1
8460025ffffffff-2018-12,3
8460025ffffffff-2019-02,1
8460025ffffffff-2019-06,1
8460025ffffffff-2019-10,1
8460025ffffffff-2020-11,1
8460025ffffffff-2021-08,1
8460025ffffffff-2021-12,1
8460025ffffffff-2023-01,2
8460025ffffffff-2023-03,1
8460025ffffffff-2023-09,1
8460025ffffffff-2023-11,1
846002dffffffff-2015-12,1
846002dffffffff-2016-01,1
846002dffffffff-2016-03,2
846002dffffffff-2016-10,1
846002dffffffff-2017-02,12
846002dffffffff-2017-03,3
846002dffffffff-2017-11,1
846002dffffffff-2017-12,1
846002dffffffff-2018-11,7
846002dffffffff-2018-12,2
846002dffffffff-2019-01,1
846002dffffffff-2019-02,1
846002dffffffff-2020-05,2
846002dffffffff-2020-12,2
846002dffffffff-2021-01,3
846002dffffffff-2022-03,1
846002dffffffff-2023-03,3
846002dffffffff-2023-11,2
846004dffffffff-2014-11,1
846004dffffffff-2015-01,1
846004dffffffff-2015-11,1
846004dffffffff-2016-03,1
846004dffffffff-2016-04,1
846004dffffffff-2016-07,1
846004dffffffff-2017-01,3
846004dffffffff-2019-01,1
846004dffffffff-2020-01,1
846004dffffffff-2021-05,2
846004dffffffff-2023-03,2
8460061ffffffff-2015-02,1
8460061ffffffff-2015-12,4
8460061ffffffff-2018-03,4
8460061ffffffff-2021-01,20
8460061ffffffff-2022-02,1
8460061ffffffff-2023-01,1
8460065ffffffff-2017-01,2
8460065ffffffff-2017-02,10
8460065ffffffff-2017-03,3
8460065ffffffff-2018-02,9
8460065ffffffff-2019-11,1
8460065ffffffff-2021-03,1
8460065ffffffff-2021-04,2
8460065ffffffff-2021-07,1
8460065ffffffff-2021-10,1
8460065ffffffff-2021-12,1
8460065ffffffff-2022-01,1
8460065ffffffff-2022-02,1
8460065ffffffff-2022-03,20
8460065ffffffff-2022-04,4
8460065ffffffff-2022-10,1
8460065ffffffff-2022-12,3
8460065ffffffff-2023-01,6
8460065ffffffff-2023-02,8
8460065ffffffff-2023-03,1
8460065ffffffff-2023-04,1
8460065ffffffff-2023-05,1
8460067ffffffff-2015-12,1
8460067ffffffff-2021-12,1
8460067ffffffff-2023-02,1
8460069ffffffff-2015-03,1
8460069ffffffff-2016-01,1
8460069ffffffff-2016-03,2
8460069ffffffff-2017-01,1
8460069ffffffff-2017-02,1
8460069ffffffff-2017-03,3
8460069ffffffff-2017-04,4
8460069ffffffff-2017-11,1
8460069ffffffff-2018-02,3
8460069ffffffff-2018-03,1
8460069ffffffff-2018-12,1
8460069ffffffff-2019-01,2
8460069ffffffff-2019-02,7
8460069ffffffff-2019-03,7
8460069ffffffff-2019-08,1
8460069ffffffff-2020-02,2
8460069ffffffff-2020-03,1
8460069ffffffff-2021-01,6
8460069ffffffff-2021-02,5
8460069ffffffff-2021-03,4
8460069ffffffff-2021-04,1
8460069ffffffff-2021-12,3
8460069ffffffff-2022-02,3
8460069ffffffff-2022-04,3
8460069ffffffff-2022-05,1
8460069ffffffff-2022-11,6
8460069ffffffff-2022-12,9
8460069ffffffff-2023-01,1
8460069ffffffff-2023-02,6
8460069ffffffff-2023-03,5
8460069ffffffff-2023-05,3
8460069ffffffff-2023-06,1
8460069ffffffff-2023-10,3
8460069ffffffff-2023-11,2
846006bffffffff-2023-10,1
846006dffffffff-2014-09,2
846006dffffffff-2016-02,1
846006dffffffff-2016-05,1
846006dffffffff-2019-03,16
8460103ffffffff-2016-05,1
8460103ffffffff-2020-01,1
8460103ffffffff-2020-10,1
8460103ffffffff-2023-11,1
8460105ffffffff-2018-12,1
8460105ffffffff-2020-12,6
8460107ffffffff-2019-07,1
8460111ffffffff-2020-12,4
8460113ffffffff-2020-12,1
8460115ffffffff-2017-06,1
8460115ffffffff-2019-02,1
8460115ffffffff-2020-11,1
8460115ffffffff-2021-04,2
8460115ffffffff-2022-01,1
8460115ffffffff-2022-09,1
8460115ffffffff-2022-12,4
8460115ffffffff-2023-01,1
8460115ffffffff-2023-04,2
8460115ffffffff-2023-05,1
8460119ffffffff-2014-10,2
8460119ffffffff-2021-12,1
846011dffffffff-2017-12,1
846011dffffffff-2019-12,1
846011dffffffff-2020-02,2
846011dffffffff-2020-03,4
846011dffffffff-2020-04,3
846011dffffffff-2020-11,1
846011dffffffff-2020-12,1
8460121ffffffff-2013-04,1
8460121ffffffff-2020-01,2
8460121ffffffff-2021-07,3
8460125ffffffff-2022-10,1
8460127ffffffff-2020-01,1
8460127ffffffff-2022-12,1
8460127ffffffff-2023-11,2
8460129ffffffff-2017-12,1
8460129ffffffff-2019-10,1
846012bffffffff-2020-11,1
8460131ffffffff-2017-02,1
8460131ffffffff-2017-04,3
8460131ffffffff-2018-01,1
8460131ffffffff-2019-02,1
8460131ffffffff-2019-04,2
8460131ffffffff-2020-11,1
8460131ffffffff-2020-12,2
8460131ffffffff-2021-02,1
8460131ffffffff-2021-11,2
8460131ffffffff-2022-01,1
8460131ffffffff-2022-12,6
8460131ffffffff-2023-03,6
8460131ffffffff-2023-05,2
8460133ffffffff-2015-10,2
8460133ffffffff-2015-11,1
8460133ffffffff-2016-11,2
8460133ffffffff-2016-12,9
8460133ffffffff-2017-01,7
8460133ffffffff-2017-02,3
8460133ffffffff-2017-03,9
8460133ffffffff-2017-05,4
8460133ffffffff-2018-03,1
8460133ffffffff-2019-01,1
8460135ffffffff-2019-01,3
8460135ffffffff-2021-11,1
8460135ffffffff-2021-12,1
8460135ffffffff-2023-01,1
8460135ffffffff-2023-11,1
8460137ffffffff-2022-01,1
8460137ffffffff-2023-05,1
8460139ffffffff-2014-04,1
8460139ffffffff-2016-04,1
8460139ffffffff-2017-05,1
8460139ffffffff-2018-03,1
8460139ffffffff-2019-09,1
8460139ffffffff-2021-01,4
8460139ffffffff-2021-02,1
8460139ffffffff-2021-03,1
8460139ffffffff-2021-05,1
8460139ffffffff-2022-04,3
8460139ffffffff-2023-01,1
8460139ffffffff-2023-02,1
8460139ffffffff-2023-03,4
8460139ffffffff-2023-04,3
8460139ffffffff-2023-05,1
8460139ffffffff-2023-09,1
846013bffffffff-2020-02,1
846013bffffffff-2021-02,2
846013bffffffff-2021-04,1
846013bffffffff-2021-12,3
846013dffffffff-2019-01,2
846013dffffffff-2022-05,6
846013dffffffff-2023-01,2
846013dffffffff-2023-05,1
846013dffffffff-2023-11,1
8460143ffffffff-2014-09,2
8460143ffffffff-2015-03,4
8460143ffffffff-2018-02,1
8460143ffffffff-2018-03,1
8460143ffffffff-2018-11,1
8460143ffffffff-2019-12,2
8460143ffffffff-2020-01,1
8460143ffffffff-2021-01,3
8460143ffffffff-2021-03,3
8460143ffffffff-2022-03,1
8460145ffffffff-2015-02,2
8460145ffffffff-2015-06,1
8460145ffffffff-2016-07,1
8460145ffffffff-2017-02,6
8460145ffffffff-2018-01,1
8460145ffffffff-2018-02,1
8460145ffffffff-2018-11,1
8460145ffffffff-2019-11,2
8460145ffffffff-2020-03,1
8460145ffffffff-2020-11,1
8460145ffffffff-2020-12,1
8460145ffffffff-2021-03,9
8460145ffffffff-2021-04,3
8460145ffffffff-2022-02,5
8460145ffffffff-2022-11,3
8460145ffffffff-2023-02,1
8460145ffffffff-2023-06,7
8460147ffffffff-2018-03,1
8460147ffffffff-2020-02,1
8460149ffffffff-2014-11,2
8460149ffffffff-2015-04,2
8460149ffffffff-2016-01,1
8460149ffffffff-2016-05,1
8460149ffffffff-2016-12,5
8460149ffffffff-2017-01,2
8460149ffffffff-2017-05,1
8460149ffffffff-2017-10,1
8460149ffffffff-2018-03,1
8460149ffffffff-2018-05,7
8460149ffffffff-2018-11,19
8460149ffffffff-2018-12,2
8460149ffffffff-2019-01,4
8460149ffffffff-2019-02,1
8460149ffffffff-2019-03,7
8460149ffffffff-2019-04,2
8460149ffffffff-2019-05,15
8460149ffffffff-2019-09,3
8460149ffffffff-2019-11,3
8460149ffffffff-2019-12,2
8460149ffffffff-2020-01,6
8460149ffffffff-2020-09,2
8460149ffffffff-2020-10,2
8460149ffffffff-2020-11,3
8460149ffffffff-2021-01,2
8460149ffffffff-2021-02,1
8460149ffffffff-2021-03,1
8460149ffffffff-2021-04,3
8460149ffffffff-2021-12,2
8460149ffffffff-2022-01,2
8460149ffffffff-2022-02,3
8460149ffffffff-2022-11,2
8460149ffffffff-2022-12,8
8460149ffffffff-2023-01,5
8460149ffffffff-2023-02,3
8460149ffffffff-2023-03,8
8460149ffffffff-2023-04,8
846014dffffffff-2013-07,2
846014dffffffff-2014-02,2
846014dffffffff-2016-01,1
846014dffffffff-2016-07,3
846014dffffffff-2016-08,3
846014dffffffff-2016-09,6
846014dffffffff-2016-10,1
846014dffffffff-2016-11,3
846014dffffffff-2017-01,3
846014dffffffff-2017-04,17
846014dffffffff-2017-08,6
846014dffffffff-2017-10,8
846014dffffffff-2017-11,2
846014dffffffff-2017-12,2
846014dffffffff-2018-02,2
846014dffffffff-2018-05,1
846014dffffffff-2018-06,4
846014dffffffff-2018-07,5
846014dffffffff-2018-08,2
846014dffffffff-2018-10,1
846014dffffffff-2019-03,2
846014dffffffff-2019-04,5
846014dffffffff-2019-10,1
846014dffffffff-2020-03,4
846014dffffffff-2020-06,1
846014dffffffff-2020-08,11
846014dffffffff-2020-10,1
846014dffffffff-2020-11,4
846014dffffffff-2021-01,4
846014dffffffff-2021-02,1
846014dffffffff-2021-03,6
846014dffffffff-2021-04,14
846014dffffffff-2021-08,1
846014dffffffff-2021-09,3
846014dffffffff-2021-10,5
846014dffffffff-2021-12,1
846014dffffffff-2022-01,11
846014dffffffff-2022-02,6
846014dffffffff-2022-03,9
846014dffffffff-2022-04,10
846014dffffffff-2022-08,2
846014dffffffff-2023-01,6
846014dffffffff-2023-02,52
846014dffffffff-2023-03,8
846014dffffffff-2023-04,4
846014dffffffff-2023-11,5
8460151ffffffff-2015-03,1
8460151ffffffff-2016-01,1
8460151ffffffff-2016-02,3
8460151ffffffff-2016-04,1
8460151ffffffff-2017-01,4
8460151ffffffff-2017-05,1
8460151ffffffff-2018-03,3
8460151ffffffff-2018-11,2
8460151ffffffff-2018-12,5
8460151ffffffff-2019-05,1
8460151ffffffff-2020-01,1
8460151ffffffff-2020-02,4
8460151ffffffff-2020-03,35
8460151ffffffff-2020-04,6
8460151ffffffff-2020-12,2
8460151ffffffff-2021-01,11
8460151ffffffff-2021-04,2
8460151ffffffff-2021-10,1
8460151ffffffff-2022-02,3
8460151ffffffff-2022-03,2
8460151ffffffff-2022-04,1
8460151ffffffff-2022-05,1
8460151ffffffff-2022-08,1
8460151ffffffff-2022-10,4
8460151ffffffff-2022-12,10
8460151ffffffff-2023-01,5
8460151ffffffff-2023-02,142
8460151ffffffff-2023-03,1
8460151ffffffff-2023-11,1
8460153ffffffff-2015-03,3
8460153ffffffff-2017-02,3
8460153ffffffff-2017-12,3
8460153ffffffff-2018-09,1
8460153ffffffff-2019-01,5
8460153ffffffff-2019-02,3
8460153ffffffff-2019-04,1
8460153ffffffff-2019-11,2
8460153ffffffff-2019-12,1
8460153ffffffff-2020-01,1
8460153ffffffff-2020-02,2
8460153ffffffff-2021-02,2
8460153ffffffff-2021-03,2
8460153ffffffff-2021-04,1
8460153ffffffff-2022-04,1
8460153ffffffff-2022-05,2
8460153ffffffff-2022-08,1
8460153ffffffff-2022-09,1
8460153ffffffff-2022-10,1
8460153ffffffff-2023-01,1
8460153ffffffff-2023-02,1
8460153ffffffff-2023-03,2
8460153ffffffff-2023-05,4
8460155ffffffff-2013-12,2
8460155ffffffff-2016-01,2
8460155ffffffff-2017-01,1
8460155ffffffff-2019-01,2
8460155ffffffff-2019-08,1
8460155ffffffff-2019-12,1
8460155ffffffff-2020-03,1
8460155ffffffff-2020-12,2
8460155ffffffff-2021-01,3
8460157ffffffff-2014-01,3
8460157ffffffff-2014-12,2
8460157ffffffff-2016-02,2
8460157ffffffff-2016-03,1
8460157ffffffff-2018-11,1
8460157ffffffff-2020-11,1
8460157ffffffff-2021-12,1
8460157ffffffff-2023-02,10
8460157ffffffff-2023-04,1
8460159ffffffff-2012-11,1
8460159ffffffff-2014-11,1
8460159ffffffff-2015-01,1
8460159ffffffff-2015-02,1
8460159ffffffff-2015-10,1
8460159ffffffff-2016-01,1
8460159ffffffff-2016-02,3
8460159ffffffff-2017-03,4
8460159ffffffff-2017-11,2
8460159ffffffff-2018-02,1
8460159ffffffff-2018-03,7
8460159ffffffff-2018-10,2
8460159ffffffff-2019-01,10
8460159ffffffff-2019-03,1
8460159ffffffff-2019-12,1
8460159ffffffff-2020-01,3
8460159ffffffff-2020-07,1
8460159ffffffff-2020-12,1
8460159ffffffff-2021-01,2
8460159ffffffff-2021-02,11
8460159ffffffff-2021-03,1
8460159ffffffff-2021-08,1
8460159ffffffff-2021-12,3
8460159ffffffff-2022-02,10
8460159ffffffff-2022-03,4
8460159ffffffff-2023-01,2
8460159ffffffff-2023-02,27
8460159ffffffff-2023-03,5
8460159ffffffff-2023-04,6
8460159ffffffff-2023-06,1
8460159ffffffff-2023-10,1
846015bffffffff-2012-12,2
846015bffffffff-2015-02,1
846015bffffffff-2016-12,1
846015bffffffff-2017-02,1
846015bffffffff-2017-12,4
846015bffffffff-2018-03,1
846015bffffffff-2018-09,1
846015bffffffff-2019-12,1
846015bffffffff-2020-03,3
846015bffffffff-2020-12,1
846015bffffffff-2021-01,4
846015bffffffff-2021-03,1
846015bffffffff-2021-04,1
846015bffffffff-2021-10,2
846015bffffffff-2022-01,14
846015bffffffff-2022-02,5
846015bffffffff-2022-03,10
846015bffffffff-2022-04,2
846015bffffffff-2023-01,5
846015bffffffff-2023-03,4
846015dffffffff-2015-02,2
846015dffffffff-2016-05,2
846015dffffffff-2017-11,1
846015dffffffff-2018-07,5
846015dffffffff-2019-05,4
846015dffffffff-2020-01,1
846015dffffffff-2020-03,2
846015dffffffff-2020-10,3
846015dffffffff-2020-11,1
846015dffffffff-2020-12,7
846015dffffffff-2021-01,4
846015dffffffff-2021-02,4
846015dffffffff-2021-04,1
846015dffffffff-2021-06,1
846015dffffffff-2021-10,1
846015dffffffff-2022-02,1
846015dffffffff-2022-08,2
846015dffffffff-2022-11,2
846015dffffffff-2022-12,1
846015dffffffff-2023-01,13
846015dffffffff-2023-03,7
846015dffffffff-2023-07,2
846015dffffffff-2023-11,14
8460161ffffffff-2015-01,4
8460161ffffffff-2016-09,2
8460161ffffffff-2018-07,6
8460161ffffffff-2018-08,2
8460161ffffffff-2019-06,2
8460161ffffffff-2019-07,2
8460161ffffffff-2020-08,2
8460161ffffffff-2020-10,5
8460161ffffffff-2021-02,1
8460161ffffffff-2021-07,8
8460161ffffffff-2021-11,1
8460161ffffffff-2022-02,3
8460161ffffffff-2022-03,1
8460161ffffffff-2022-04,2
8460161ffffffff-2022-05,4
8460161ffffffff-2022-06,9
8460161ffffffff-2022-09,2
8460161ffffffff-2022-10,2
8460161ffffffff-2022-11,5
8460161ffffffff-2023-01,4
8460161ffffffff-2023-06,1
8460161ffffffff-2023-07,8
8460165ffffffff-2018-01,1
8460165ffffffff-2022-11,6
8460169ffffffff-2017-02,1
8460169ffffffff-2018-11,3
8460169ffffffff-2018-12,2
8460169ffffffff-2020-11,2
8460169ffffffff-2021-01,4
8460169ffffffff-2021-11,1
8460169ffffffff-2023-11,1
846016bffffffff-2017-01,2
846016bffffffff-2017-04,2
846016bffffffff-2017-12,1
846016bffffffff-2018-04,1
846016bffffffff-2018-12,1
846016bffffffff-2019-01,1
846016bffffffff-2019-02,1
846016bffffffff-2019-03,5
846016bffffffff-2019-04,1
846016bffffffff-2019-06,1
846016bffffffff-2020-01,1
846016bffffffff-2020-02,1
846016bffffffff-2020-10,5
846016bffffffff-2022-01,2
846016bffffffff-2023-03,1
846016bffffffff-2023-04,3
846016bffffffff-2023-09,1
846016bffffffff-2023-10,3
846016dffffffff-2017-10,1
846016dffffffff-2018-01,2
846016dffffffff-2018-11,1
846016dffffffff-2018-12,12
846016dffffffff-2021-12,1
846016dffffffff-2022-11,4
846016dffffffff-2022-12,2
846016dffffffff-2023-03,1
84601edffffffff-2017-04,2
84601edffffffff-2022-01,1
8460221ffffffff-2014-01,1
8460221ffffffff-2014-02,15
8460221ffffffff-2014-03,5
8460221ffffffff-2014-04,2
8460221ffffffff-2014-12,14
8460221ffffffff-2015-01,15
8460221ffffffff-2015-02,4
8460221ffffffff-2015-03,13
8460221ffffffff-2015-05,2
8460221ffffffff-2016-01,6
8460221ffffffff-2016-02,2
8460221ffffffff-2016-04,3
8460221ffffffff-2016-05,2
8460221ffffffff-2016-06,1
8460221ffffffff-2016-09,1
8460221ffffffff-2016-10,3
8460221ffffffff-2016-11,1
8460221ffffffff-2016-12,6
8460221ffffffff-2017-01,13
8460221ffffffff-2017-02,2
8460221ffffffff-2017-04,2
8460221ffffffff-2017-05,1
8460221ffffffff-2017-10,3
8460221ffffffff-2017-11,5
8460221ffffffff-2017-12,6
8460221ffffffff-2018-01,19
8460221ffffffff-2018-02,1
8460221ffffffff-2018-05,1
8460221ffffffff-2018-11,1
8460221ffffffff-2018-12,8
8460221ffffffff-2019-01,32
8460221ffffffff-2019-02,7
8460221ffffffff-2019-03,2
8460221ffffffff-2019-05,1
8460221ffffffff-2019-11,1
8460221ffffffff-2019-12,5
8460221ffffffff-2020-01,8
8460221ffffffff-2020-02,1
8460221ffffffff-2020-03,1
8460221ffffffff-2020-04,1
8460221ffffffff-2020-05,1
8460221ffffffff-2020-11,8
8460221ffffffff-2020-12,4
8460221ffffffff-2021-01,6
8460221ffffffff-2021-02,9
8460221ffffffff-2021-04,1
8460221ffffffff-2022-01,18
8460221ffffffff-2022-02,6
8460221ffffffff-2022-05,1
8460221ffffffff-2022-12,5
8460221ffffffff-2023-01,38
8460221ffffffff-2023-02,2
8460221ffffffff-2023-04,1
8460221ffffffff-2023-05,2
8460225ffffffff-2014-04,1
8460227ffffffff-2014-02,1
8460227ffffffff-2014-12,1
8460227ffffffff-2015-02,2
8460227ffffffff-2015-03,4
8460227ffffffff-2015-04,3
8460227ffffffff-2015-10,1
8460227ffffffff-2015-12,2
8460227ffffffff-2016-01,1
8460227ffffffff-2016-03,7
8460227ffffffff-2017-01,2
8460227ffffffff-2017-04,3
8460227ffffffff-2018-02,1
8460227ffffffff-2018-03,3
8460227ffffffff-2021-11,1
8460227ffffffff-2022-02,1
8460227ffffffff-2022-12,1
8460227ffffffff-2023-03,2
8460227ffffffff-2023-04,4
8460227ffffffff-2023-10,1
8460229ffffffff-2018-05,1
8460229ffffffff-2019-11,1
8460229ffffffff-2019-12,1
8460229ffffffff-2020-02,3
8460229ffffffff-2020-03,1
8460229ffffffff-2021-01,2
8460229ffffffff-2021-02,4
8460229ffffffff-2021-03,8
8460229ffffffff-2022-01,1
846022dffffffff-2015-02,1
8460261ffffffff-2015-02,5
8460261ffffffff-2016-03,6
8460261ffffffff-2018-07,1
8460261ffffffff-2019-10,8
8460261ffffffff-2019-11,1
8460261ffffffff-2020-10,5
8460261ffffffff-2020-11,1
8460261ffffffff-2021-03,3
8460261ffffffff-2021-07,1
8460261ffffffff-2021-12,6
8460261ffffffff-2022-01,5
8460261ffffffff-2022-02,2
8460261ffffffff-2022-04,1
8460261ffffffff-2023-03,2
8460263ffffffff-2015-01,3
8460265ffffffff-2016-11,1
8460265ffffffff-2018-07,2
8460265ffffffff-2022-01,1
8460265ffffffff-2022-05,1
8460265ffffffff-2022-09,3
8460265ffffffff-2023-04,2
8460265ffffffff-2023-07,1
8460267ffffffff-2014-02,1
8460267ffffffff-2015-03,2
8460267ffffffff-2018-06,1
8460267ffffffff-2021-01,1
8460269ffffffff-2014-02,1
8460269ffffffff-2017-04,1
8460269ffffffff-2021-12,1
8460269ffffffff-2022-02,2
8460269ffffffff-2022-03,4
8460269ffffffff-2022-04,2
8460269ffffffff-2022-05,5
8460269ffffffff-2022-06,1
8460269ffffffff-2022-07,1
8460269ffffffff-2022-08,9
8460269ffffffff-2022-09,2
8460269ffffffff-2022-10,8
8460269ffffffff-2022-11,4
8460269ffffffff-2022-12,1
8460269ffffffff-2023-01,12
8460269ffffffff-2023-02,1
8460269ffffffff-2023-03,3
8460269ffffffff-2023-04,5
8460269ffffffff-2023-10,1
8460269ffffffff-2023-11,1
846026dffffffff-2014-03,2
846026dffffffff-2014-05,8
846026dffffffff-2014-11,2
846026dffffffff-2015-01,1
846026dffffffff-2015-03,6
846026dffffffff-2015-04,6
846026dffffffff-2015-12,4
846026dffffffff-2016-01,4
846026dffffffff-2016-02,6
846026dffffffff-2016-03,8
846026dffffffff-2016-11,6
846026dffffffff-2016-12,8
846026dffffffff-2017-02,7
846026dffffffff-2017-03,3
846026dffffffff-2017-08,3
846026dffffffff-2018-01,7
846026dffffffff-2018-03,30
846026dffffffff-2018-04,4
846026dffffffff-2018-06,1
846026dffffffff-2018-07,4
846026dffffffff-2018-08,1
846026dffffffff-2018-11,3
846026dffffffff-2018-12,9
846026dffffffff-2019-01,1
846026dffffffff-2019-02,7
846026dffffffff-2019-03,4
846026dffffffff-2019-10,2
846026dffffffff-2019-11,6
846026dffffffff-2019-12,8
846026dffffffff-2020-01,4
846026dffffffff-2020-02,1
846026dffffffff-2020-03,15
846026dffffffff-2020-09,1
846026dffffffff-2020-11,1
846026dffffffff-2020-12,2
846026dffffffff-2021-01,2
846026dffffffff-2021-02,5
846026dffffffff-2021-06,2
846026dffffffff-2021-07,1
846026dffffffff-2021-10,7
846026dffffffff-2021-11,1
846026dffffffff-2021-12,5
846026dffffffff-2022-01,8
846026dffffffff-2022-02,4
846026dffffffff-2022-03,7
846026dffffffff-2022-04,3
846026dffffffff-2022-05,6
846026dffffffff-2022-08,2
846026dffffffff-2022-10,2
846026dffffffff-2022-11,2
846026dffffffff-2022-12,2
846026dffffffff-2023-01,4
846026dffffffff-2023-02,4
846026dffffffff-2023-03,4
846026dffffffff-2023-04,2
846026dffffffff-2023-05,1
846026dffffffff-2023-06,1
846026dffffffff-2023-09,1
846026dffffffff-2023-11,1
8460301ffffffff-2016-01,1
8460301ffffffff-2016-03,1
8460301ffffffff-2016-09,1
8460301ffffffff-2016-12,1
8460301ffffffff-2017-12,1
8460301ffffffff-2018-01,3
8460301ffffffff-2018-03,2
8460301ffffffff-2018-12,2
8460301ffffffff-2019-01,2
8460301ffffffff-2019-06,1
8460301ffffffff-2019-07,1
8460301ffffffff-2020-01,2
8460301ffffffff-2022-02,1
8460303ffffffff-2015-11,1
8460303ffffffff-2016-03,1
8460303ffffffff-2018-02,1
8460303ffffffff-2018-03,2
8460303ffffffff-2018-05,4
8460303ffffffff-2018-12,2
8460303ffffffff-2019-01,7
8460303ffffffff-2019-11,1
8460303ffffffff-2020-01,2
8460303ffffffff-2020-02,2
8460303ffffffff-2020-09,2
8460303ffffffff-2020-10,1
8460303ffffffff-2020-11,3
8460303ffffffff-2021-01,3
8460303ffffffff-2021-02,1
8460303ffffffff-2021-09,5
8460303ffffffff-2021-11,1
8460303ffffffff-2021-12,6
8460303ffffffff-2022-01,1
8460303ffffffff-2022-02,1
8460303ffffffff-2022-10,1
8460303ffffffff-2022-11,1
8460303ffffffff-2023-02,1
8460303ffffffff-2023-03,1
8460303ffffffff-2023-09,1
8460303ffffffff-2023-10,2
8460303ffffffff-2023-11,1
8460305ffffffff-2017-05,2
8460305ffffffff-2022-10,1
8460305ffffffff-2023-07,1
8460307ffffffff-2016-01,2
8460307ffffffff-2016-02,2
8460307ffffffff-2016-06,1
8460307ffffffff-2017-01,1
8460307ffffffff-2018-01,1
8460307ffffffff-2019-01,2
8460307ffffffff-2020-11,2
8460307ffffffff-2020-12,1
8460307ffffffff-2021-05,1
8460307ffffffff-2021-11,1
8460307ffffffff-2023-07,1
846030bffffffff-2016-09,1
846030bffffffff-2019-03,1
846030bffffffff-2019-10,1
846030bffffffff-2022-03,2
8460311ffffffff-2015-05,1
8460311ffffffff-2015-10,1
8460311ffffffff-2016-01,5
8460311ffffffff-2016-03,3
8460311ffffffff-2017-02,15
8460311ffffffff-2017-04,2
8460311ffffffff-2019-11,1
8460311ffffffff-2020-01,8
8460311ffffffff-2020-02,10
8460311ffffffff-2020-03,1
8460311ffffffff-2020-08,1
8460311ffffffff-2021-03,1
8460311ffffffff-2021-12,2
8460311ffffffff-2022-02,2
8460311ffffffff-2022-04,2
8460311ffffffff-2022-07,2
8460311ffffffff-2023-04,4
8460313ffffffff-2013-12,1
8460313ffffffff-2014-01,1
8460313ffffffff-2014-03,1
8460313ffffffff-2014-09,3
8460313ffffffff-2014-11,2
8460313ffffffff-2014-12,2
8460313ffffffff-2015-01,1
8460313ffffffff-2015-02,8
8460313ffffffff-2015-03,2
8460313ffffffff-2015-05,1
8460313ffffffff-2015-11,1
8460313ffffffff-2015-12,2
8460313ffffffff-2016-01,1
8460313ffffffff-2016-02,10
8460313ffffffff-2016-03,2
8460313ffffffff-2016-04,1
8460313ffffffff-2016-05,4
8460313ffffffff-2017-01,3
8460313ffffffff-2017-02,4
8460313ffffffff-2017-03,6
8460313ffffffff-2018-02,1
8460313ffffffff-2018-03,2
8460313ffffffff-2018-09,1
8460313ffffffff-2018-12,1
8460313ffffffff-2019-02,3
8460313ffffffff-2019-04,2
8460313ffffffff-2019-05,1
8460313ffffffff-2019-11,2
8460313ffffffff-2020-02,1
8460313ffffffff-2020-03,1
8460313ffffffff-2020-11,1
8460313ffffffff-2020-12,1
8460313ffffffff-2021-02,2
8460313ffffffff-2021-03,4
8460313ffffffff-2022-01,3
8460313ffffffff-2022-02,31
8460313ffffffff-2023-01,5
8460315ffffffff-2013-10,3
8460315ffffffff-2013-12,1
8460315ffffffff-2014-01,2
8460315ffffffff-2014-04,1
8460315ffffffff-2014-11,1
8460315ffffffff-2015-04,6
8460315ffffffff-2015-08,1
8460315ffffffff-2015-11,4
8460315ffffffff-2015-12,2
8460315ffffffff-2016-01,3
8460315ffffffff-2016-02,6
8460315ffffffff-2016-03,5
8460315ffffffff-2016-04,1
8460315ffffffff-2016-10,2
8460315ffffffff-2017-01,5
8460315ffffffff-2017-02,1
8460315ffffffff-2017-03,5
8460315ffffffff-2017-04,4
8460315ffffffff-2017-05,1
8460315ffffffff-2017-10,10
8460315ffffffff-2017-12,7
8460315ffffffff-2018-01,13
8460315ffffffff-2018-02,34
8460315ffffffff-2018-03,3
8460315ffffffff-2018-04,4
8460315ffffffff-2018-05,1
8460315ffffffff-2018-10,2
8460315ffffffff-2018-11,14
8460315ffffffff-2018-12,15
8460315ffffffff-2019-01,3
8460315ffffffff-2019-03,5
8460315ffffffff-2019-04,4
8460315ffffffff-2019-05,3
8460315ffffffff-2019-09,3
8460315ffffffff-2019-10,4
8460315ffffffff-2019-11,29
8460315ffffffff-2019-12,10
8460315ffffffff-2020-01,9
8460315ffffffff-2020-02,6
8460315ffffffff-2020-03,1
8460315ffffffff-2020-04,3
8460315ffffffff-2020-05,7
8460315ffffffff-2020-06,4
8460315ffffffff-2020-10,4
8460315ffffffff-2020-11,47
8460315ffffffff-2020-12,26
8460315ffffffff-2021-01,33
8460315ffffffff-2021-02,23
8460315ffffffff-2021-03,4
8460315ffffffff-2021-04,24
8460315ffffffff-2021-05,1
8460315ffffffff-2021-09,3
8460315ffffffff-2021-11,5
8460315ffffffff-2021-12,12
8460315ffffffff-2022-01,12
8460315ffffffff-2022-02,9
8460315ffffffff-2022-03,18
8460315ffffffff-2022-04,1
8460315ffffffff-2022-10,2
8460315ffffffff-2022-11,2
8460315ffffffff-2022-12,4
8460315ffffffff-2023-01,4
8460315ffffffff-2023-02,17
8460315ffffffff-2023-03,6
8460315ffffffff-2023-04,3
8460315ffffffff-2023-05,5
8460315ffffffff-2023-07,4
8460315ffffffff-2023-10,15
8460315ffffffff-2023-11,12
8460317ffffffff-2012-01,2
8460317ffffffff-2012-02,2
8460317ffffffff-2012-03,3
8460317ffffffff-2012-04,2
8460317ffffffff-2012-05,2
8460317ffffffff-2015-01,1
8460317ffffffff-2015-11,9
8460317ffffffff-2015-12,20
8460317ffffffff-2016-01,12
8460317ffffffff-2016-02,14
8460317ffffffff-2016-03,13
8460317ffffffff-2016-04,8
8460317ffffffff-2016-10,19
8460317ffffffff-2016-11,14
8460317ffffffff-2016-12,42
8460317ffffffff-2017-01,20
8460317ffffffff-2017-02,11
8460317ffffffff-2017-03,4
8460317ffffffff-2017-04,8
8460317ffffffff-2017-05,12
8460317ffffffff-2017-09,1
8460317ffffffff-2017-10,6
8460317ffffffff-2017-11,17
8460317ffffffff-2017-12,14
8460317ffffffff-2018-01,12
8460317ffffffff-2018-02,35
8460317ffffffff-2018-03,2
8460317ffffffff-2018-04,1
8460317ffffffff-2018-05,5
8460317ffffffff-2018-10,13
8460317ffffffff-2018-11,3
8460317ffffffff-2018-12,2
8460317ffffffff-2019-01,11
8460317ffffffff-2019-02,2
8460317ffffffff-2019-03,4
8460317ffffffff-2019-04,3
8460317ffffffff-2019-05,16
8460317ffffffff-2019-09,1
8460317ffffffff-2019-10,11
8460317ffffffff-2019-11,9
8460317ffffffff-2019-12,5
8460317ffffffff-2020-01,7
8460317ffffffff-2020-02,9
8460317ffffffff-2020-03,7
8460317ffffffff-2020-04,2
8460317ffffffff-2020-05,7
8460317ffffffff-2020-06,1
8460317ffffffff-2020-07,5
8460317ffffffff-2020-08,1
8460317ffffffff-2020-10,13
8460317ffffffff-2020-11,29
8460317ffffffff-2020-12,13
8460317ffffffff-2021-01,20
8460317ffffffff-2021-02,29
8460317ffffffff-2021-03,13
8460317ffffffff-2021-04,1
8460317ffffffff-2021-09,1
8460317ffffffff-2021-10,4
8460317ffffffff-2021-11,7
8460317ffffffff-2021-12,34
8460317ffffffff-2022-01,53
8460317ffffffff-2022-02,23
8460317ffffffff-2022-03,4
8460317ffffffff-2022-04,17
8460317ffffffff-2022-05,8
8460317ffffffff-2022-06,3
8460317ffffffff-2022-10,1
8460317ffffffff-2022-11,2
8460317ffffffff-2022-12,11
8460317ffffffff-2023-01,8
8460317ffffffff-2023-02,17
8460317ffffffff-2023-03,5
8460317ffffffff-2023-04,14
8460317ffffffff-2023-05,2
8460317ffffffff-2023-11,5
8460319ffffffff-2012-12,2
8460319ffffffff-2017-03,1
8460319ffffffff-2017-04,2
8460319ffffffff-2019-01,5
8460319ffffffff-2019-03,1
8460319ffffffff-2020-01,1
8460319ffffffff-2020-03,2
8460319ffffffff-2021-01,1
8460319ffffffff-2022-04,2
846031bffffffff-2014-03,4
846031bffffffff-2014-11,1
846031bffffffff-2014-12,1
846031bffffffff-2015-01,3
846031bffffffff-2015-02,2
846031bffffffff-2015-03,3
846031bffffffff-2015-04,2
846031bffffffff-2015-10,1
846031bffffffff-2015-12,1
846031bffffffff-2016-01,8
846031bffffffff-2016-02,7
846031bffffffff-2016-04,2
846031bffffffff-2016-11,1
846031bffffffff-2017-01,2
846031bffffffff-2017-02,2
846031bffffffff-2017-03,1
846031bffffffff-2017-05,1
846031bffffffff-2017-06,4
846031bffffffff-2017-11,1
846031bffffffff-2017-12,6
846031bffffffff-2018-03,2
846031bffffffff-2018-05,1
846031bffffffff-2018-08,2
846031bffffffff-2018-10,1
846031bffffffff-2018-11,8
846031bffffffff-2018-12,6
846031bffffffff-2019-01,9
846031bffffffff-2019-02,3
846031bffffffff-2019-03,14
846031bffffffff-2019-04,8
846031bffffffff-2019-07,1
846031bffffffff-2019-10,2
846031bffffffff-2019-11,4
846031bffffffff-2019-12,1
846031bffffffff-2020-01,16
846031bffffffff-2020-02,13
846031bffffffff-2020-03,3
846031bffffffff-2020-05,4
846031bffffffff-2020-10,4
846031bffffffff-2020-11,3
846031bffffffff-2020-12,5
846031bffffffff-2021-01,2
846031bffffffff-2021-02,12
846031bffffffff-2021-03,6
846031bffffffff-2021-04,1
846031bffffffff-2021-06,2
846031bffffffff-2021-08,2
846031bffffffff-2021-10,3
846031bffffffff-2021-11,4
846031bffffffff-2021-12,4
846031bffffffff-2022-01,1
846031bffffffff-2022-03,2
846031bffffffff-2022-04,1
846031bffffffff-2023-01,2
846031bffffffff-2023-11,1
846031dffffffff-2012-11,1
846031dffffffff-2012-12,16
846031dffffffff-2013-01,1
846031dffffffff-2013-11,1
846031dffffffff-2015-02,8
846031dffffffff-2015-04,1
846031dffffffff-2015-10,8
846031dffffffff-2015-12,1
846031dffffffff-2016-01,2
846031dffffffff-2016-02,1
846031dffffffff-2016-06,6
846031dffffffff-2016-11,2
846031dffffffff-2016-12,1
846031dffffffff-2017-02,51
846031dffffffff-2017-03,1
846031dffffffff-2017-04,6
846031dffffffff-2017-05,1
846031dffffffff-2017-12,2
846031dffffffff-2018-01,12
846031dffffffff-2018-03,3
846031dffffffff-2018-10,2
846031dffffffff-2018-11,8
846031dffffffff-2018-12,4
846031dffffffff-2019-01,6
846031dffffffff-2019-02,4
846031dffffffff-2019-03,2
846031dffffffff-2019-04,1
846031dffffffff-2019-05,4
846031dffffffff-2019-06,1
846031dffffffff-2019-07,1
846031dffffffff-2019-11,1
846031dffffffff-2020-01,4
846031dffffffff-2020-02,2
846031dffffffff-2020-03,5
846031dffffffff-2020-10,1
846031dffffffff-2021-01,2
846031dffffffff-2021-02,20
846031dffffffff-2021-04,16
846031dffffffff-2021-11,2
846031dffffffff-2021-12,3
846031dffffffff-2022-01,4
846031dffffffff-2022-02,1
846031dffffffff-2022-03,5
846031dffffffff-2022-06,1
846031dffffffff-2022-07,2
846031dffffffff-2022-09,3
846031dffffffff-2022-11,16
846031dffffffff-2022-12,4
846031dffffffff-2023-01,5
846031dffffffff-2023-02,5
846031dffffffff-2023-03,12
846031dffffffff-2023-04,4
846031dffffffff-2023-11,2
8460321ffffffff-2018-02,8
8460321ffffffff-2020-05,8
8460321ffffffff-2020-10,2
8460321ffffffff-2021-02,10
8460321ffffffff-2021-03,4
8460321ffffffff-2021-04,5
8460321ffffffff-2021-05,3
8460321ffffffff-2021-07,15
8460321ffffffff-2021-08,1
8460321ffffffff-2022-03,2
8460321ffffffff-2022-06,1
8460321ffffffff-2022-12,4
8460321ffffffff-2023-01,1
8460321ffffffff-2023-02,9
8460321ffffffff-2023-03,1
8460321ffffffff-2023-09,2
8460323ffffffff-2017-12,1
8460323ffffffff-2019-04,1
8460323ffffffff-2019-05,3
8460323ffffffff-2019-10,2
8460323ffffffff-2020-01,1
8460323ffffffff-2021-04,2
8460323ffffffff-2022-01,10
8460323ffffffff-2022-02,9
8460323ffffffff-2022-03,3
8460323ffffffff-2022-04,3
8460323ffffffff-2022-05,4
8460323ffffffff-2022-06,1
8460323ffffffff-2022-10,11
8460323ffffffff-2022-11,29
8460323ffffffff-2023-01,4
8460323ffffffff-2023-02,4
8460323ffffffff-2023-03,3
8460323ffffffff-2023-05,3
8460323ffffffff-2023-09,3
8460323ffffffff-2023-10,13
8460323ffffffff-2023-11,3
8460325ffffffff-2021-02,4
8460325ffffffff-2022-01,1
8460325ffffffff-2022-02,1
8460327ffffffff-2014-01,1
8460327ffffffff-2014-02,17
8460327ffffffff-2016-01,2
8460327ffffffff-2016-05,2
8460327ffffffff-2017-07,1
8460327ffffffff-2021-02,18
8460327ffffffff-2021-11,2
8460327ffffffff-2021-12,1
8460327ffffffff-2022-03,8
8460327ffffffff-2022-04,1
8460327ffffffff-2022-10,7
8460327ffffffff-2022-11,6
8460327ffffffff-2022-12,13
8460327ffffffff-2023-01,7
8460327ffffffff-2023-02,2
8460327ffffffff-2023-03,24
8460327ffffffff-2023-04,1
8460327ffffffff-2023-06,3
8460327ffffffff-2023-07,2
8460327ffffffff-2023-09,3
8460327ffffffff-2023-10,3
8460327ffffffff-2023-11,2
8460329ffffffff-2019-02,1
8460329ffffffff-2023-02,1
8460329ffffffff-2023-06,3
846032bffffffff-2020-03,1
846032dffffffff-2017-07,1
846032dffffffff-2023-11,1
8460331ffffffff-2014-03,2
8460331ffffffff-2014-11,1
8460331ffffffff-2015-02,2
8460331ffffffff-2016-04,9
8460331ffffffff-2016-09,1
8460331ffffffff-2017-02,2
8460331ffffffff-2017-03,2
8460331ffffffff-2017-05,1
8460331ffffffff-2017-11,1
8460331ffffffff-2017-12,3
8460331ffffffff-2018-03,11
8460331ffffffff-2018-05,1
8460331ffffffff-2018-08,3
8460331ffffffff-2018-10,4
8460331ffffffff-2018-11,2
8460331ffffffff-2019-02,1
8460331ffffffff-2019-03,11
8460331ffffffff-2019-06,6
8460331ffffffff-2019-07,6
8460331ffffffff-2019-11,1
8460331ffffffff-2019-12,8
8460331ffffffff-2020-01,1
8460331ffffffff-2020-03,4
8460331ffffffff-2020-06,1
8460331ffffffff-2020-09,4
8460331ffffffff-2020-12,4
8460331ffffffff-2021-01,4
8460331ffffffff-2021-02,1
8460331ffffffff-2021-04,1
8460331ffffffff-2021-06,2
8460331ffffffff-2021-11,5
8460331ffffffff-2021-12,1
8460331ffffffff-2022-01,2
8460331ffffffff-2022-02,2
8460331ffffffff-2022-03,10
8460331ffffffff-2022-10,2
8460331ffffffff-2022-11,15
8460331ffffffff-2023-02,14
8460331ffffffff-2023-03,5
8460331ffffffff-2023-11,3
8460333ffffffff-2012-01,1
8460333ffffffff-2012-02,2
8460333ffffffff-2012-11,2
8460333ffffffff-2013-02,4
8460333ffffffff-2013-03,1
8460333ffffffff-2013-11,1
8460333ffffffff-2014-01,7
8460333ffffffff-2014-02,1
8460333ffffffff-2014-03,2
8460333ffffffff-2014-04,1
8460333ffffffff-2014-05,2
8460333ffffffff-2014-08,3
8460333ffffffff-2014-11,3
8460333ffffffff-2014-12,1
8460333ffffffff-2015-01,2
8460333ffffffff-2015-02,8
8460333ffffffff-2015-03,1
8460333ffffffff-2015-04,4
8460333ffffffff-2015-05,2
8460333ffffffff-2015-08,1
8460333ffffffff-2015-09,2
8460333ffffffff-2015-10,3
8460333ffffffff-2015-12,6
8460333ffffffff-2016-01,12
8460333ffffffff-2016-02,10
8460333ffffffff-2016-03,4
8460333ffffffff-2016-04,2
8460333ffffffff-2016-05,10
8460333ffffffff-2016-07,2
8460333ffffffff-2016-10,1
8460333ffffffff-2016-11,8
8460333ffffffff-2016-12,8
8460333ffffffff-2017-01,28
8460333ffffffff-2017-02,9
8460333ffffffff-2017-03,1
8460333ffffffff-2017-04,27
8460333ffffffff-2017-05,20
8460333ffffffff-2017-06,1
8460333ffffffff-2017-07,2
8460333ffffffff-2017-08,5
8460333ffffffff-2017-09,2
8460333ffffffff-2017-10,2
8460333ffffffff-2017-12,10
8460333ffffffff-2018-01,8
8460333ffffffff-2018-02,8
8460333ffffffff-2018-04,7
8460333ffffffff-2018-05,7
8460333ffffffff-2018-08,5
8460333ffffffff-2018-09,3
8460333ffffffff-2018-10,7
8460333ffffffff-2018-11,13
8460333ffffffff-2018-12,46
8460333ffffffff-2019-01,8
8460333ffffffff-2019-02,5
8460333ffffffff-2019-03,8
8460333ffffffff-2019-04,14
8460333ffffffff-2019-05,3
8460333ffffffff-2019-07,9
8460333ffffffff-2019-09,9
8460333ffffffff-2019-10,3
8460333ffffffff-2019-11,9
8460333ffffffff-2019-12,7
8460333ffffffff-2020-01,30
8460333ffffffff-2020-02,47
8460333ffffffff-2020-03,51
8460333ffffffff-2020-04,64
8460333ffffffff-2020-05,22
8460333ffffffff-2020-06,19
8460333ffffffff-2020-07,3
8460333ffffffff-2020-08,11
8460333ffffffff-2020-09,18
8460333ffffffff-2020-10,28
8460333ffffffff-2020-11,16
8460333ffffffff-2020-12,45
8460333ffffffff-2021-01,25
8460333ffffffff-2021-02,20
8460333ffffffff-2021-03,37
8460333ffffffff-2021-04,21
8460333ffffffff-2021-05,20
8460333ffffffff-2021-06,15
8460333ffffffff-2021-07,9
8460333ffffffff-2021-08,9
8460333ffffffff-2021-09,6
8460333ffffffff-2021-10,26
8460333ffffffff-2021-11,33
8460333ffffffff-2021-12,11
8460333ffffffff-2022-01,18
8460333ffffffff-2022-02,3
8460333ffffffff-2022-03,5
8460333ffffffff-2022-04,14
8460333ffffffff-2022-05,9
8460333ffffffff-2022-06,5
8460333ffffffff-2022-09,4
8460333ffffffff-2022-10,3
8460333ffffffff-2022-11,24
8460333ffffffff-2022-12,26
8460333ffffffff-2023-01,22
8460333ffffffff-2023-02,9
8460333ffffffff-2023-03,14
8460333ffffffff-2023-04,23
8460333ffffffff-2023-05,2
8460333ffffffff-2023-06,7
8460333ffffffff-2023-07,3
8460333ffffffff-2023-11,3
8460335ffffffff-2012-02,1
8460335ffffffff-2013-11,3
8460335ffffffff-2013-12,1
8460335ffffffff-2014-12,2
8460335ffffffff-2015-01,3
8460335ffffffff-2015-03,1
8460335ffffffff-2015-04,1
8460335ffffffff-2016-01,3
8460335ffffffff-2016-02,5
8460335ffffffff-2016-03,4
8460335ffffffff-2016-04,2
8460335ffffffff-2016-05,1
8460335ffffffff-2016-12,3
8460335ffffffff-2017-01,1
8460335ffffffff-2017-03,2
8460335ffffffff-2017-11,1
8460335ffffffff-2018-01,6
8460335ffffffff-2018-03,1
8460335ffffffff-2018-04,3
8460335ffffffff-2018-05,1
8460335ffffffff-2018-11,8
8460335ffffffff-2019-04,2
8460335ffffffff-2019-12,1
8460335ffffffff-2020-01,2
8460335ffffffff-2020-05,2
8460335ffffffff-2020-06,2
8460335ffffffff-2020-12,3
8460335ffffffff-2021-01,9
8460335ffffffff-2021-02,6
8460335ffffffff-2021-07,1
8460335ffffffff-2022-02,4
8460335ffffffff-2022-03,14
8460335ffffffff-2022-05,1
8460335ffffffff-2022-10,1
8460335ffffffff-2022-12,1
8460335ffffffff-2023-01,21
8460335ffffffff-2023-03,5
8460335ffffffff-2023-04,2
8460335ffffffff-2023-05,1
8460335ffffffff-2023-09,1
8460335ffffffff-2023-11,1
8460337ffffffff-2012-02,2
8460337ffffffff-2016-02,1
8460337ffffffff-2017-01,1
8460337ffffffff-2017-02,1
8460337ffffffff-2018-01,2
8460337ffffffff-2018-02,1
8460337ffffffff-2018-07,1
8460337ffffffff-2018-11,5
8460337ffffffff-2019-03,1
8460337ffffffff-2020-01,3
8460337ffffffff-2020-11,2
8460337ffffffff-2021-03,1
8460337ffffffff-2021-10,3
8460337ffffffff-2021-11,2
8460337ffffffff-2022-04,1
8460337ffffffff-2022-05,6
8460337ffffffff-2022-06,1
8460337ffffffff-2022-07,1
8460337ffffffff-2022-09,1
8460337ffffffff-2023-01,1
8460337ffffffff-2023-02,2
8460337ffffffff-2023-10,1
8460337ffffffff-2023-11,1
8460339ffffffff-2017-01,1
8460339ffffffff-2017-02,4
8460339ffffffff-2017-07,1
8460339ffffffff-2017-09,1
8460339ffffffff-2017-11,1
8460339ffffffff-2018-03,1
8460339ffffffff-2018-07,1
8460339ffffffff-2018-12,2
8460339ffffffff-2019-02,2
8460339ffffffff-2019-03,1
8460339ffffffff-2020-02,6
8460339ffffffff-2020-06,1
8460339ffffffff-2020-12,1
8460339ffffffff-2021-01,6
8460339ffffffff-2021-02,1
8460339ffffffff-2021-03,1
8460339ffffffff-2022-01,1
8460339ffffffff-2022-02,2
8460339ffffffff-2022-05,3
8460339ffffffff-2023-02,1
8460339ffffffff-2023-11,1
846033bffffffff-2012-01,1
846033bffffffff-2015-01,3
846033bffffffff-2015-02,4
846033bffffffff-2015-03,3
846033bffffffff-2015-04,1
846033bffffffff-2016-04,1
846033bffffffff-2016-09,1
846033bffffffff-2017-01,1
846033bffffffff-2017-06,3
846033bffffffff-2017-11,1
846033bffffffff-2018-01,3
846033bffffffff-2018-06,1
846033bffffffff-2018-07,1
846033bffffffff-2019-01,7
846033bffffffff-2019-02,1
846033bffffffff-2019-03,5
846033bffffffff-2019-05,5
846033bffffffff-2019-06,4
846033bffffffff-2019-07,3
846033bffffffff-2019-11,1
846033bffffffff-2019-12,2
846033bffffffff-2020-01,7
846033bffffffff-2020-03,2
846033bffffffff-2020-10,1
846033bffffffff-2020-11,1
846033bffffffff-2020-12,4
846033bffffffff-2021-01,2
846033bffffffff-2021-02,7
846033bffffffff-2021-03,3
846033bffffffff-2021-05,4
846033bffffffff-2021-07,5
846033bffffffff-2021-08,1
846033bffffffff-2021-11,1
846033bffffffff-2021-12,2
846033bffffffff-2022-01,1
846033bffffffff-2022-02,4
846033bffffffff-2022-03,15
846033bffffffff-2022-12,20
846033bffffffff-2023-01,19
846033bffffffff-2023-02,2
846033bffffffff-2023-03,3
846033bffffffff-2023-04,2
846033bffffffff-2023-05,5
846033bffffffff-2023-06,2
846033bffffffff-2023-07,3
846033bffffffff-2023-09,8
846033bffffffff-2023-11,1
846033dffffffff-2018-02,3
846033dffffffff-2018-10,2
846033dffffffff-2020-08,1
846033dffffffff-2021-04,1
846033dffffffff-2022-01,2
846033dffffffff-2022-06,1
846033dffffffff-2022-10,1
846033dffffffff-2022-11,1
846033dffffffff-2023-01,3
846033dffffffff-2023-03,1
846033dffffffff-2023-10,4
846033dffffffff-2023-11,1
8460341ffffffff-2016-02,1
8460341ffffffff-2022-01,1
8460341ffffffff-2022-07,1
8460343ffffffff-2016-11,1
8460343ffffffff-2018-01,1
8460343ffffffff-2020-01,1
8460343ffffffff-2021-01,2
8460343ffffffff-2021-07,1
8460345ffffffff-2019-03,6
8460345ffffffff-2019-04,3
8460345ffffffff-2021-10,1
8460345ffffffff-2021-11,2
8460345ffffffff-2023-08,3
8460349ffffffff-2020-05,2
8460349ffffffff-2020-10,2
8460349ffffffff-2020-11,2
846034bffffffff-2022-12,1
846034dffffffff-2018-01,4
8460351ffffffff-2019-01,1
8460351ffffffff-2022-12,1
8460351ffffffff-2023-03,1
8460353ffffffff-2021-10,1
8460353ffffffff-2023-08,1
8460355ffffffff-2015-12,1
8460355ffffffff-2021-01,2
8460355ffffffff-2022-02,2
8460357ffffffff-2015-12,1
8460357ffffffff-2016-12,3
8460357ffffffff-2017-04,2
8460357ffffffff-2020-08,1
8460357ffffffff-2021-04,3
8460357ffffffff-2022-01,1
8460357ffffffff-2022-03,1
8460357ffffffff-2022-05,1
8460357ffffffff-2022-06,1
846035dffffffff-2018-12,1
846035dffffffff-2022-02,1
846035dffffffff-2022-03,1
846035dffffffff-2022-09,1
8460361ffffffff-2015-11,3
8460361ffffffff-2015-12,8
8460361ffffffff-2016-01,30
8460361ffffffff-2016-02,31
8460361ffffffff-2016-03,14
8460361ffffffff-2016-04,2
8460361ffffffff-2016-05,17
8460361ffffffff-2016-06,1
8460361ffffffff-2016-11,8
8460361ffffffff-2017-01,2
8460361ffffffff-2019-02,1
8460361ffffffff-2019-12,2
8460361ffffffff-2021-01,5
8460361ffffffff-2021-02,4
8460361ffffffff-2021-03,5
8460361ffffffff-2021-04,1
8460361ffffffff-2021-05,1
8460361ffffffff-2021-08,2
8460361ffffffff-2021-09,1
8460361ffffffff-2021-11,6
8460361ffffffff-2021-12,2
8460361ffffffff-2022-05,1
8460361ffffffff-2022-10,7
8460361ffffffff-2022-11,2
8460361ffffffff-2022-12,1
8460361ffffffff-2023-01,2
8460361ffffffff-2023-06,1
8460361ffffffff-2023-09,1
8460361ffffffff-2023-11,2
8460363ffffffff-2016-01,4
8460363ffffffff-2016-02,2
8460363ffffffff-2016-03,2
8460363ffffffff-2016-05,11
8460363ffffffff-2016-06,2
8460363ffffffff-2016-11,1
8460363ffffffff-2020-03,2
8460363ffffffff-2021-01,1
8460363ffffffff-2021-02,2
8460363ffffffff-2021-03,3
8460363ffffffff-2021-04,23
8460363ffffffff-2021-12,13
8460363ffffffff-2022-03,3
8460363ffffffff-2022-09,2
8460363ffffffff-2023-01,1
8460365ffffffff-2018-02,1
8460365ffffffff-2021-01,1
8460365ffffffff-2023-01,6
8460365ffffffff-2023-02,1
8460367ffffffff-2017-04,2
8460367ffffffff-2017-05,1
8460367ffffffff-2017-11,4
8460367ffffffff-2019-02,1
8460367ffffffff-2020-06,9
8460367ffffffff-2020-07,9
8460367ffffffff-2020-09,1
8460367ffffffff-2021-01,12
8460367ffffffff-2022-01,9
8460367ffffffff-2022-07,2
8460367ffffffff-2023-01,26
8460367ffffffff-2023-02,99
8460367ffffffff-2023-03,16
8460367ffffffff-2023-04,6
8460367ffffffff-2023-05,17
8460367ffffffff-2023-06,7
8460367ffffffff-2023-08,1
8460369ffffffff-2014-12,1
8460369ffffffff-2015-02,3
8460369ffffffff-2015-09,1
8460369ffffffff-2015-11,1
8460369ffffffff-2016-02,6
8460369ffffffff-2017-02,2
8460369ffffffff-2017-10,1
8460369ffffffff-2017-11,1
8460369ffffffff-2018-02,1
8460369ffffffff-2019-07,2
8460369ffffffff-2019-12,1
8460369ffffffff-2020-01,5
8460369ffffffff-2020-02,2
8460369ffffffff-2020-05,2
8460369ffffffff-2020-06,1
8460369ffffffff-2021-01,2
8460369ffffffff-2021-02,2
8460369ffffffff-2021-10,1
8460369ffffffff-2021-11,4
8460369ffffffff-2021-12,1
8460369ffffffff-2022-01,2
8460369ffffffff-2022-02,1
8460369ffffffff-2022-04,1
8460369ffffffff-2022-09,1
8460369ffffffff-2022-10,2
8460369ffffffff-2022-11,4
8460369ffffffff-2023-02,2
8460369ffffffff-2023-03,2
846036bffffffff-2020-05,3
846036bffffffff-2020-06,4
846036dffffffff-2014-02,1
846036dffffffff-2016-01,2
846036dffffffff-2016-02,2
846036dffffffff-2017-02,1
846036dffffffff-2017-03,1
846036dffffffff-2017-12,1
846036dffffffff-2018-01,1
846036dffffffff-2018-02,2
846036dffffffff-2018-03,2
846036dffffffff-2018-04,2
846036dffffffff-2018-05,3
846036dffffffff-2018-07,1
846036dffffffff-2019-01,4
846036dffffffff-2019-04,4
846036dffffffff-2019-05,1
846036dffffffff-2020-01,3
846036dffffffff-2020-02,1
846036dffffffff-2020-03,2
846036dffffffff-2020-04,9
846036dffffffff-2020-05,9
846036dffffffff-2020-06,3
846036dffffffff-2020-11,2
846036dffffffff-2021-01,5
846036dffffffff-2021-02,5
846036dffffffff-2021-03,3
846036dffffffff-2021-04,4
846036dffffffff-2021-05,2
846036dffffffff-2021-10,1
846036dffffffff-2021-11,1
846036dffffffff-2021-12,4
846036dffffffff-2022-01,8
846036dffffffff-2022-03,10
846036dffffffff-2022-04,13
846036dffffffff-2022-05,3
846036dffffffff-2022-06,2
846036dffffffff-2022-07,2
846036dffffffff-2022-10,4
846036dffffffff-2022-11,7
846036dffffffff-2022-12,4
846036dffffffff-2023-01,2
846036dffffffff-2023-02,12
846036dffffffff-2023-03,10
846036dffffffff-2023-04,5
846036dffffffff-2023-05,2
846036dffffffff-2023-06,1
8460803ffffffff-2022-03,2
8460805ffffffff-2017-05,1
8460807ffffffff-2015-11,2
8460807ffffffff-2018-02,2
8460807ffffffff-2021-01,1
8460811ffffffff-2018-05,1
846081bffffffff-2023-05,2
846081bffffffff-2023-08,1
846081dffffffff-2019-10,1
846081dffffffff-2021-01,2
8460821ffffffff-2022-02,4
8460825ffffffff-2022-02,3
8460827ffffffff-2021-06,1
8460829ffffffff-2014-11,4
8460829ffffffff-2014-12,1
8460833ffffffff-2023-10,1
8460837ffffffff-2019-12,1
8460841ffffffff-2017-10,2
8460841ffffffff-2019-02,1
8460841ffffffff-2021-01,2
8460841ffffffff-2021-12,1
8460841ffffffff-2022-02,1
8460841ffffffff-2022-11,1
8460843ffffffff-2017-10,2
8460845ffffffff-2015-01,1
8460845ffffffff-2017-10,4
8460845ffffffff-2020-02,2
8460845ffffffff-2020-10,1
8460845ffffffff-2020-11,1
8460845ffffffff-2021-01,1
8460845ffffffff-2021-09,2
8460845ffffffff-2021-11,1
8460845ffffffff-2022-02,3
8460845ffffffff-2022-10,1
8460845ffffffff-2022-11,2
8460845ffffffff-2022-12,1
8460845ffffffff-2023-10,3
8460847ffffffff-2020-02,2
8460847ffffffff-2020-05,1
8460849ffffffff-2017-10,1
8460849ffffffff-2018-04,1
8460849ffffffff-2019-02,1
8460849ffffffff-2019-03,1
8460849ffffffff-2019-04,1
8460849ffffffff-2021-03,1
8460849ffffffff-2023-02,1
846084bffffffff-2022-02,3
846084dffffffff-2018-12,1
846084dffffffff-2020-03,2
846084dffffffff-2020-10,3
846084dffffffff-2020-11,1
846084dffffffff-2020-12,3
846084dffffffff-2021-01,3
846084dffffffff-2021-02,9
846084dffffffff-2021-06,10
846084dffffffff-2021-08,1
846084dffffffff-2021-12,4
846084dffffffff-2022-07,3
846084dffffffff-2022-08,2
846084dffffffff-2022-10,2
846084dffffffff-2023-01,1
846084dffffffff-2023-02,3
846084dffffffff-2023-05,1
846084dffffffff-2023-06,1
846084dffffffff-2023-08,2
8460853ffffffff-2022-11,1
8460857ffffffff-2021-01,1
8460857ffffffff-2021-10,1
8460857ffffffff-2022-01,3
8460857ffffffff-2023-04,1
8460857ffffffff-2023-10,1
8460859ffffffff-2023-08,1
846085dffffffff-2017-02,1
846085dffffffff-2022-01,1
846085dffffffff-2023-03,1
846085dffffffff-2023-09,1
846085dffffffff-2023-11,1
8460865ffffffff-2015-11,1
8460867ffffffff-2015-12,1
8460867ffffffff-2017-10,1
846086dffffffff-2022-01,2
846086dffffffff-2022-06,1
8460881ffffffff-2013-11,1
8460881ffffffff-2014-02,1
8460881ffffffff-2014-05,2
8460881ffffffff-2014-11,1
8460881ffffffff-2016-01,1
8460881ffffffff-2016-02,1
8460881ffffffff-2016-10,1
8460881ffffffff-2017-05,2
8460881ffffffff-2017-06,4
8460881ffffffff-2017-12,1
8460881ffffffff-2018-01,3
8460881ffffffff-2018-02,2
8460881ffffffff-2018-03,2
8460881ffffffff-2018-05,3
8460881ffffffff-2018-06,1
8460881ffffffff-2018-10,2
8460881ffffffff-2018-11,1
8460881ffffffff-2018-12,3
8460881ffffffff-2019-01,2
8460881ffffffff-2019-03,1
8460881ffffffff-2020-01,3
8460881ffffffff-2020-02,3
8460881ffffffff-2020-03,1
8460881ffffffff-2020-11,3
8460881ffffffff-2020-12,2
8460881ffffffff-2021-01,1
8460881ffffffff-2021-02,4
8460881ffffffff-2021-03,3
8460881ffffffff-2021-12,1
8460881ffffffff-2022-01,4
8460881ffffffff-2022-02,2
8460881ffffffff-2022-03,6
8460881ffffffff-2022-04,9
8460881ffffffff-2022-05,5
8460881ffffffff-2022-06,6
8460881ffffffff-2022-08,3
8460881ffffffff-2022-11,4
8460881ffffffff-2022-12,8
8460881ffffffff-2023-01,4
8460881ffffffff-2023-02,6
8460881ffffffff-2023-03,4
8460881ffffffff-2023-04,3
8460881ffffffff-2023-05,17
8460881ffffffff-2023-06,16
8460881ffffffff-2023-10,1
8460881ffffffff-2023-11,2
8460883ffffffff-2014-03,1
8460883ffffffff-2019-03,1
8460883ffffffff-2020-05,4
8460883ffffffff-2020-11,1
8460883ffffffff-2021-01,4
8460883ffffffff-2021-02,3
8460883ffffffff-2021-03,2
8460883ffffffff-2021-10,2
8460883ffffffff-2021-11,2
8460883ffffffff-2021-12,1
8460883ffffffff-2022-01,1
8460883ffffffff-2022-02,1
8460883ffffffff-2022-03,1
8460883ffffffff-2022-11,4
8460883ffffffff-2023-05,1
8460883ffffffff-2023-06,1
8460885ffffffff-2014-01,1
8460885ffffffff-2014-04,1
8460885ffffffff-2014-10,3
8460885ffffffff-2014-11,6
8460885ffffffff-2014-12,2
8460885ffffffff-2015-02,2
8460885ffffffff-2015-06,2
8460885ffffffff-2015-10,1
8460885ffffffff-2015-11,3
8460885ffffffff-2015-12,2
8460885ffffffff-2016-01,4
8460885ffffffff-2016-02,1
8460885ffffffff-2016-03,1
8460885ffffffff-2016-09,1
8460885ffffffff-2016-10,2
8460885ffffffff-2016-11,1
8460885ffffffff-2016-12,3
8460885ffffffff-2017-01,8
8460885ffffffff-2017-02,23
8460885ffffffff-2017-03,5
8460885ffffffff-2017-04,1
8460885ffffffff-2017-05,1
8460885ffffffff-2017-06,2
8460885ffffffff-2017-10,2
8460885ffffffff-2017-11,7
8460885ffffffff-2017-12,7
8460885ffffffff-2018-01,7
8460885ffffffff-2018-02,8
8460885ffffffff-2018-03,3
8460885ffffffff-2018-04,2
8460885ffffffff-2018-05,3
8460885ffffffff-2018-06,2
8460885ffffffff-2018-09,1
8460885ffffffff-2018-10,6
8460885ffffffff-2018-11,8
8460885ffffffff-2018-12,6
8460885ffffffff-2019-01,2
8460885ffffffff-2019-02,5
8460885ffffffff-2019-03,3
8460885ffffffff-2019-04,3
8460885ffffffff-2019-05,3
8460885ffffffff-2019-06,3
8460885ffffffff-2019-10,2
8460885ffffffff-2019-11,5
8460885ffffffff-2019-12,3
8460885ffffffff-2020-01,4
8460885ffffffff-2020-02,1
8460885ffffffff-2020-03,6
8460885ffffffff-2020-06,1
8460885ffffffff-2020-09,5
8460885ffffffff-2020-10,6
8460885ffffffff-2020-11,15
8460885ffffffff-2020-12,5
8460885ffffffff-2021-01,2
8460885ffffffff-2021-02,2
8460885ffffffff-2021-03,9
8460885ffffffff-2021-04,2
8460885ffffffff-2021-05,1
8460885ffffffff-2021-10,10
8460885ffffffff-2021-11,11
8460885ffffffff-2021-12,11
8460885ffffffff-2022-01,9
8460885ffffffff-2022-02,9
8460885ffffffff-2022-03,9
8460885ffffffff-2022-04,29
8460885ffffffff-2022-05,16
8460885ffffffff-2022-06,2
8460885ffffffff-2022-09,4
8460885ffffffff-2022-10,21
8460885ffffffff-2022-11,32
8460885ffffffff-2022-12,16
8460885ffffffff-2023-01,28
8460885ffffffff-2023-02,57
8460885ffffffff-2023-03,20
8460885ffffffff-2023-04,31
8460885ffffffff-2023-05,10
8460885ffffffff-2023-06,9
8460885ffffffff-2023-08,2
8460885ffffffff-2023-10,34
8460885ffffffff-2023-11,35
8460887ffffffff-2013-04,1
8460887ffffffff-2014-10,2
8460887ffffffff-2014-11,3
8460887ffffffff-2015-01,1
8460887ffffffff-2015-03,2
8460887ffffffff-2015-04,1
8460887ffffffff-2015-06,1
8460887ffffffff-2015-11,3
8460887ffffffff-2015-12,1
8460887ffffffff-2016-01,2
8460887ffffffff-2016-04,3
8460887ffffffff-2016-06,1
8460887ffffffff-2016-12,2
8460887ffffffff-2017-02,8
8460887ffffffff-2017-03,7
8460887ffffffff-2017-04,9
8460887ffffffff-2017-05,3
8460887ffffffff-2017-06,2
8460887ffffffff-2017-11,1
8460887ffffffff-2017-12,1
8460887ffffffff-2018-02,3
8460887ffffffff-2018-03,4
8460887ffffffff-2018-04,3
8460887ffffffff-2018-06,1
8460887ffffffff-2018-11,1
8460887ffffffff-2018-12,1
8460887ffffffff-2019-02,2
8460887ffffffff-2019-03,4
8460887ffffffff-2019-04,1
8460887ffffffff-2019-05,5
8460887ffffffff-2019-12,2
8460887ffffffff-2020-01,1
8460887ffffffff-2020-03,3
8460887ffffffff-2020-11,2
8460887ffffffff-2021-01,6
8460887ffffffff-2021-02,3
8460887ffffffff-2021-11,8
8460887ffffffff-2021-12,2
8460887ffffffff-2022-01,5
8460887ffffffff-2022-02,10
8460887ffffffff-2022-03,6
8460887ffffffff-2022-04,2
8460887ffffffff-2022-05,3
8460887ffffffff-2022-06,4
8460887ffffffff-2022-11,4
8460887ffffffff-2022-12,6
8460887ffffffff-2023-01,6
8460887ffffffff-2023-02,1
8460887ffffffff-2023-03,19
8460887ffffffff-2023-04,15
8460887ffffffff-2023-05,3
8460887ffffffff-2023-07,1
8460887ffffffff-2023-10,1
8460887ffffffff-2023-11,2
8460889ffffffff-2019-12,2
8460889ffffffff-2020-01,1
8460889ffffffff-2020-02,1
8460889ffffffff-2020-03,1
8460889ffffffff-2020-11,2
8460889ffffffff-2020-12,3
8460889ffffffff-2021-01,2
8460889ffffffff-2021-02,1
8460889ffffffff-2022-05,5
8460889ffffffff-2022-06,1
8460889ffffffff-2022-10,4
8460889ffffffff-2023-02,1
8460889ffffffff-2023-03,1
8460889ffffffff-2023-10,2
846088bffffffff-2012-12,1
846088bffffffff-2017-05,2
846088bffffffff-2019-02,2
846088bffffffff-2019-12,1
846088bffffffff-2020-01,2
846088bffffffff-2020-03,6
846088bffffffff-2020-05,1
846088bffffffff-2020-11,3
846088bffffffff-2020-12,2
846088bffffffff-2021-12,2
846088bffffffff-2022-02,1
846088bffffffff-2022-04,4
846088bffffffff-2022-06,1
846088bffffffff-2022-12,11
846088bffffffff-2023-01,12
846088bffffffff-2023-02,3
846088bffffffff-2023-03,11
846088bffffffff-2023-05,7
846088dffffffff-2012-01,1
846088dffffffff-2012-03,1
846088dffffffff-2012-12,1
846088dffffffff-2013-03,1
846088dffffffff-2014-02,1
846088dffffffff-2014-03,3
846088dffffffff-2014-04,2
846088dffffffff-2014-06,2
846088dffffffff-2014-10,3
846088dffffffff-2014-11,2
846088dffffffff-2014-12,2
846088dffffffff-2015-01,9
846088dffffffff-2015-02,3
846088dffffffff-2015-03,5
846088dffffffff-2015-05,4
846088dffffffff-2015-10,1
846088dffffffff-2015-11,1
846088dffffffff-2015-12,5
846088dffffffff-2016-01,13
846088dffffffff-2016-02,11
846088dffffffff-2016-03,3
846088dffffffff-2016-04,2
846088dffffffff-2016-05,3
846088dffffffff-2016-06,4
846088dffffffff-2016-10,1
846088dffffffff-2016-11,2
846088dffffffff-2016-12,14
846088dffffffff-2017-01,10
846088dffffffff-2017-02,21
846088dffffffff-2017-03,1
846088dffffffff-2017-04,1
846088dffffffff-2017-05,6
846088dffffffff-2017-06,3
846088dffffffff-2017-11,7
846088dffffffff-2017-12,2
846088dffffffff-2018-01,6
846088dffffffff-2018-02,36
846088dffffffff-2018-03,15
846088dffffffff-2018-04,4
846088dffffffff-2018-05,8
846088dffffffff-2018-09,1
846088dffffffff-2018-10,2
846088dffffffff-2018-11,10
846088dffffffff-2018-12,8
846088dffffffff-2019-01,10
846088dffffffff-2019-02,3
846088dffffffff-2019-03,1
846088dffffffff-2019-04,3
846088dffffffff-2019-05,6
846088dffffffff-2019-11,2
846088dffffffff-2019-12,5
846088dffffffff-2020-01,14
846088dffffffff-2020-02,11
846088dffffffff-2020-03,4
846088dffffffff-2020-06,2
846088dffffffff-2020-10,3
846088dffffffff-2020-11,5
846088dffffffff-2020-12,9
846088dffffffff-2021-01,17
846088dffffffff-2021-02,9
846088dffffffff-2021-03,16
846088dffffffff-2021-04,2
846088dffffffff-2021-10,6
846088dffffffff-2021-11,20
846088dffffffff-2021-12,9
846088dffffffff-2022-01,12
846088dffffffff-2022-02,46
846088dffffffff-2022-03,14
846088dffffffff-2022-04,14
846088dffffffff-2022-05,6
846088dffffffff-2022-06,9
846088dffffffff-2022-11,5
846088dffffffff-2022-12,15
846088dffffffff-2023-01,53
846088dffffffff-2023-02,46
846088dffffffff-2023-03,13
846088dffffffff-2023-04,26
846088dffffffff-2023-05,8
846088dffffffff-2023-09,1
846088dffffffff-2023-10,13
846088dffffffff-2023-11,24
8460895ffffffff-2023-01,2
846089dffffffff-2016-05,1
846089dffffffff-2019-02,1
846089dffffffff-2019-11,1
846089dffffffff-2020-03,1
846089dffffffff-2020-11,1
846089dffffffff-2021-01,2
846089dffffffff-2022-03,9
846089dffffffff-2022-11,1
846089dffffffff-2023-01,1
846089dffffffff-2023-03,3
846089dffffffff-2023-05,1
84608a1ffffffff-2016-03,1
84608a1ffffffff-2017-02,2
84608a1ffffffff-2018-01,4
84608a1ffffffff-2018-12,1
84608a1ffffffff-2020-11,1
84608a1ffffffff-2020-12,1
84608a1ffffffff-2021-01,1
84608a1ffffffff-2021-12,1
84608a1ffffffff-2023-02,19
84608a1ffffffff-2023-04,2
84608a1ffffffff-2023-05,1
84608a3ffffffff-2014-02,1
84608a3ffffffff-2015-01,1
84608a3ffffffff-2015-11,1
84608a3ffffffff-2016-02,2
84608a3ffffffff-2016-03,1
84608a3ffffffff-2017-01,4
84608a3ffffffff-2017-02,1
84608a3ffffffff-2017-03,1
84608a3ffffffff-2017-04,1
84608a3ffffffff-2017-05,1
84608a3ffffffff-2018-01,1
84608a3ffffffff-2018-10,2
84608a3ffffffff-2018-12,1
84608a3ffffffff-2019-01,2
84608a3ffffffff-2019-02,13
84608a3ffffffff-2019-03,2
84608a3ffffffff-2019-05,1
84608a3ffffffff-2019-06,2
84608a3ffffffff-2020-01,6
84608a3ffffffff-2020-02,12
84608a3ffffffff-2020-10,1
84608a3ffffffff-2020-11,1
84608a3ffffffff-2020-12,4
84608a3ffffffff-2021-01,18
84608a3ffffffff-2021-03,5
84608a3ffffffff-2021-05,3
84608a3ffffffff-2021-10,4
84608a3ffffffff-2021-11,1
84608a3ffffffff-2021-12,1
84608a3ffffffff-2022-01,6
84608a3ffffffff-2022-02,6
84608a3ffffffff-2022-03,3
84608a3ffffffff-2022-04,4
84608a3ffffffff-2022-05,1
84608a3ffffffff-2022-11,3
84608a3ffffffff-2022-12,3
84608a3ffffffff-2023-01,2
84608a3ffffffff-2023-02,8
84608a3ffffffff-2023-03,5
84608a3ffffffff-2023-04,6
84608a3ffffffff-2023-05,1
84608a3ffffffff-2023-06,1
84608a3ffffffff-2023-11,6
84608a5ffffffff-2018-04,1
84608a5ffffffff-2020-10,2
84608a5ffffffff-2021-04,1
84608a5ffffffff-2023-02,1
84608a7ffffffff-2015-01,1
84608a7ffffffff-2016-03,1
84608a7ffffffff-2020-03,1
84608a7ffffffff-2020-12,2
84608a7ffffffff-2021-03,1
84608a7ffffffff-2021-06,1
84608a7ffffffff-2021-11,1
84608a7ffffffff-2022-01,2
84608a7ffffffff-2022-05,2
84608a7ffffffff-2022-11,4
84608a7ffffffff-2023-01,2
84608a7ffffffff-2023-02,4
84608a9ffffffff-2016-02,2
84608a9ffffffff-2016-03,1
84608a9ffffffff-2017-03,1
84608a9ffffffff-2017-04,1
84608a9ffffffff-2019-11,1
84608a9ffffffff-2019-12,9
84608a9ffffffff-2020-01,2
84608a9ffffffff-2020-02,1
84608a9ffffffff-2020-03,3
84608a9ffffffff-2020-04,5
84608a9ffffffff-2020-05,4
84608a9ffffffff-2020-06,2
84608a9ffffffff-2020-07,1
84608a9ffffffff-2020-08,1
84608a9ffffffff-2020-12,4
84608a9ffffffff-2021-01,2
84608a9ffffffff-2021-02,8
84608a9ffffffff-2021-03,28
84608a9ffffffff-2021-04,22
84608a9ffffffff-2021-05,15
84608a9ffffffff-2021-06,10
84608a9ffffffff-2021-07,1
84608a9ffffffff-2021-08,1
84608a9ffffffff-2021-10,2
84608a9ffffffff-2021-11,1
84608a9ffffffff-2021-12,1
84608a9ffffffff-2022-01,17
84608a9ffffffff-2022-02,7
84608a9ffffffff-2022-03,33
84608a9ffffffff-2022-04,24
84608a9ffffffff-2022-05,23
84608a9ffffffff-2022-06,21
84608a9ffffffff-2022-10,9
84608a9ffffffff-2022-11,21
84608a9ffffffff-2022-12,17
84608a9ffffffff-2023-01,24
84608a9ffffffff-2023-02,14
84608a9ffffffff-2023-03,27
84608a9ffffffff-2023-04,3
84608a9ffffffff-2023-05,14
84608a9ffffffff-2023-06,1
84608abffffffff-2013-01,1
84608abffffffff-2014-12,2
84608abffffffff-2018-05,1
84608abffffffff-2018-11,2
84608abffffffff-2019-01,1
84608abffffffff-2019-02,1
84608abffffffff-2019-03,1
84608abffffffff-2019-05,1
84608abffffffff-2019-11,2
84608abffffffff-2020-12,2
84608abffffffff-2021-01,1
84608abffffffff-2021-02,6
84608abffffffff-2021-03,5
84608abffffffff-2021-04,1
84608abffffffff-2021-10,1
84608abffffffff-2021-12,1
84608abffffffff-2022-01,2
84608abffffffff-2022-02,6
84608abffffffff-2022-04,1
84608abffffffff-2022-06,1
84608abffffffff-2022-11,4
84608abffffffff-2023-01,1
84608abffffffff-2023-03,1
84608abffffffff-2023-04,1
84608abffffffff-2023-11,5
84608adffffffff-2016-04,1
84608adffffffff-2023-02,1
84608b1ffffffff-2013-11,1
84608b1ffffffff-2014-04,1
84608b1ffffffff-2015-10,2
84608b1ffffffff-2016-02,1
84608b1ffffffff-2017-01,3
84608b1ffffffff-2017-11,2
84608b1ffffffff-2018-01,1
84608b1ffffffff-2018-12,1
84608b1ffffffff-2019-01,2
84608b1ffffffff-2019-02,2
84608b1ffffffff-2019-03,1
84608b1ffffffff-2019-12,4
84608b1ffffffff-2020-01,1
84608b1ffffffff-2020-03,4
84608b1ffffffff-2020-10,2
84608b1ffffffff-2020-11,22
84608b1ffffffff-2020-12,2
84608b1ffffffff-2021-02,2
84608b1ffffffff-2021-03,9
84608b1ffffffff-2021-04,1
84608b1ffffffff-2021-10,1
84608b1ffffffff-2021-11,1
84608b1ffffffff-2021-12,3
84608b1ffffffff-2022-02,1
84608b1ffffffff-2022-03,5
84608b1ffffffff-2022-04,1
84608b1ffffffff-2022-05,1
84608b1ffffffff-2022-11,1
84608b1ffffffff-2022-12,1
84608b1ffffffff-2023-01,1
84608b1ffffffff-2023-02,3
84608b1ffffffff-2023-03,6
84608b1ffffffff-2023-04,2
84608b1ffffffff-2023-05,2
84608b1ffffffff-2023-10,1
84608b1ffffffff-2023-11,2
84608b5ffffffff-2012-01,1
84608b5ffffffff-2012-05,1
84608b5ffffffff-2012-12,7
84608b5ffffffff-2013-02,2
84608b5ffffffff-2013-03,1
84608b5ffffffff-2013-11,1
84608b5ffffffff-2013-12,3
84608b5ffffffff-2014-02,5
84608b5ffffffff-2014-03,2
84608b5ffffffff-2014-05,6
84608b5ffffffff-2014-06,2
84608b5ffffffff-2014-10,3
84608b5ffffffff-2014-11,5
84608b5ffffffff-2014-12,3
84608b5ffffffff-2015-01,11
84608b5ffffffff-2015-02,5
84608b5ffffffff-2015-03,4
84608b5ffffffff-2015-04,2
84608b5ffffffff-2015-05,7
84608b5ffffffff-2015-08,4
84608b5ffffffff-2015-09,1
84608b5ffffffff-2015-10,3
84608b5ffffffff-2015-11,15
84608b5ffffffff-2015-12,6
84608b5ffffffff-2016-01,7
84608b5ffffffff-2016-02,25
84608b5ffffffff-2016-03,14
84608b5ffffffff-2016-04,12
84608b5ffffffff-2016-05,14
84608b5ffffffff-2016-06,6
84608b5ffffffff-2016-07,1
84608b5ffffffff-2016-10,11
84608b5ffffffff-2016-11,21
84608b5ffffffff-2016-12,13
84608b5ffffffff-2017-01,29
84608b5ffffffff-2017-02,47
84608b5ffffffff-2017-03,30
84608b5ffffffff-2017-04,19
84608b5ffffffff-2017-05,19
84608b5ffffffff-2017-06,16
84608b5ffffffff-2017-09,2
84608b5ffffffff-2017-10,8
84608b5ffffffff-2017-11,23
84608b5ffffffff-2017-12,24
84608b5ffffffff-2018-01,22
84608b5ffffffff-2018-02,41
84608b5ffffffff-2018-03,35
84608b5ffffffff-2018-04,21
84608b5ffffffff-2018-05,21
84608b5ffffffff-2018-06,6
84608b5ffffffff-2018-10,13
84608b5ffffffff-2018-11,37
84608b5ffffffff-2018-12,28
84608b5ffffffff-2019-01,32
84608b5ffffffff-2019-02,74
84608b5ffffffff-2019-03,60
84608b5ffffffff-2019-04,39
84608b5ffffffff-2019-05,21
84608b5ffffffff-2019-06,22
84608b5ffffffff-2019-09,1
84608b5ffffffff-2019-10,6
84608b5ffffffff-2019-11,39
84608b5ffffffff-2019-12,28
84608b5ffffffff-2020-01,24
84608b5ffffffff-2020-02,38
84608b5ffffffff-2020-03,34
84608b5ffffffff-2020-04,6
84608b5ffffffff-2020-05,13
84608b5ffffffff-2020-06,9
84608b5ffffffff-2020-10,14
84608b5ffffffff-2020-11,41
84608b5ffffffff-2020-12,115
84608b5ffffffff-2021-01,143
84608b5ffffffff-2021-02,240
84608b5ffffffff-2021-03,276
84608b5ffffffff-2021-04,37
84608b5ffffffff-2021-05,19
84608b5ffffffff-2021-06,7
84608b5ffffffff-2021-07,3
84608b5ffffffff-2021-08,15
84608b5ffffffff-2021-09,9
84608b5ffffffff-2021-10,63
84608b5ffffffff-2021-11,97
84608b5ffffffff-2021-12,86
84608b5ffffffff-2022-01,50
84608b5ffffffff-2022-02,220
84608b5ffffffff-2022-03,168
84608b5ffffffff-2022-04,174
84608b5ffffffff-2022-05,85
84608b5ffffffff-2022-06,25
84608b5ffffffff-2022-09,19
84608b5ffffffff-2022-10,25
84608b5ffffffff-2022-11,134
84608b5ffffffff-2022-12,95
84608b5ffffffff-2023-01,113
84608b5ffffffff-2023-02,177
84608b5ffffffff-2023-03,54
84608b5ffffffff-2023-04,225
84608b5ffffffff-2023-05,100
84608b5ffffffff-2023-06,17
84608b5ffffffff-2023-07,8
84608b5ffffffff-2023-08,4
84608b5ffffffff-2023-09,3
84608b5ffffffff-2023-10,74
84608b5ffffffff-2023-11,79
84608b7ffffffff-2019-10,1
84608b7ffffffff-2022-10,2
84608b7ffffffff-2023-10,2
84608b9ffffffff-2012-04,1
84608b9ffffffff-2016-03,1
84608b9ffffffff-2016-05,2
84608b9ffffffff-2017-01,7
84608b9ffffffff-2017-02,1
84608b9ffffffff-2017-05,1
84608b9ffffffff-2017-11,3
84608b9ffffffff-2017-12,2
84608b9ffffffff-2018-01,1
84608b9ffffffff-2018-02,6
84608b9ffffffff-2018-03,5
84608b9ffffffff-2018-05,1
84608b9ffffffff-2018-10,20
84608b9ffffffff-2018-11,1
84608b9ffffffff-2019-02,1
84608b9ffffffff-2019-05,2
84608b9ffffffff-2020-01,1
84608b9ffffffff-2020-02,1
84608b9ffffffff-2020-03,3
84608b9ffffffff-2020-11,2
84608b9ffffffff-2020-12,4
84608b9ffffffff-2021-01,8
84608b9ffffffff-2021-02,5
84608b9ffffffff-2021-03,4
84608b9ffffffff-2021-10,7
84608b9ffffffff-2021-11,1
84608b9ffffffff-2022-01,14
84608b9ffffffff-2022-02,4
84608b9ffffffff-2022-03,6
84608b9ffffffff-2022-04,1
84608b9ffffffff-2022-05,1
84608b9ffffffff-2022-06,1
84608b9ffffffff-2022-10,1
84608b9ffffffff-2022-11,12
84608b9ffffffff-2022-12,5
84608b9ffffffff-2023-01,3
84608b9ffffffff-2023-02,3
84608b9ffffffff-2023-03,1
84608b9ffffffff-2023-04,3
84608b9ffffffff-2023-05,1
84608b9ffffffff-2023-10,1
84608b9ffffffff-2023-11,7
84608bdffffffff-2012-01,2
84608bdffffffff-2012-02,1
84608bdffffffff-2012-03,1
84608bdffffffff-2012-12,2
84608bdffffffff-2013-02,1
84608bdffffffff-2013-12,1
84608bdffffffff-2014-05,1
84608bdffffffff-2014-11,3
84608bdffffffff-2015-01,4
84608bdffffffff-2015-02,3
84608bdffffffff-2015-03,2
84608bdffffffff-2015-04,3
84608bdffffffff-2015-05,9
84608bdffffffff-2015-06,1
84608bdffffffff-2015-10,3
84608bdffffffff-2015-11,1
84608bdffffffff-2016-01,3
84608bdffffffff-2016-02,8
84608bdffffffff-2016-03,4
84608bdffffffff-2016-05,6
84608bdffffffff-2016-06,4
84608bdffffffff-2016-07,2
84608bdffffffff-2016-10,1
84608bdffffffff-2016-11,8
84608bdffffffff-2016-12,2
84608bdffffffff-2017-01,6
84608bdffffffff-2017-02,25
84608bdffffffff-2017-03,8
84608bdffffffff-2017-05,4
84608bdffffffff-2017-06,2
84608bdffffffff-2017-10,7
84608bdffffffff-2017-11,4
84608bdffffffff-2017-12,4
84608bdffffffff-2018-01,9
84608bdffffffff-2018-02,28
84608bdffffffff-2018-03,19
84608bdffffffff-2018-04,6
84608bdffffffff-2018-05,2
84608bdffffffff-2018-07,3
84608bdffffffff-2018-10,8
84608bdffffffff-2018-11,8
84608bdffffffff-2018-12,19
84608bdffffffff-2019-01,8
84608bdffffffff-2019-02,11
84608bdffffffff-2019-03,16
84608bdffffffff-2019-04,6
84608bdffffffff-2019-05,15
84608bdffffffff-2019-06,14
84608bdffffffff-2019-11,15
84608bdffffffff-2019-12,30
84608bdffffffff-2020-01,10
84608bdffffffff-2020-02,21
84608bdffffffff-2020-03,23
84608bdffffffff-2020-04,5
84608bdffffffff-2020-06,1
84608bdffffffff-2020-07,2
84608bdffffffff-2020-10,7
84608bdffffffff-2020-11,51
84608bdffffffff-2020-12,31
84608bdffffffff-2021-01,34
84608bdffffffff-2021-02,53
84608bdffffffff-2021-03,43
84608bdffffffff-2021-04,9
84608bdffffffff-2021-05,13
84608bdffffffff-2021-06,2
84608bdffffffff-2021-07,1
84608bdffffffff-2021-10,27
84608bdffffffff-2021-11,22
84608bdffffffff-2021-12,23
84608bdffffffff-2022-01,13
84608bdffffffff-2022-02,43
84608bdffffffff-2022-03,18
84608bdffffffff-2022-04,9
84608bdffffffff-2022-05,32
84608bdffffffff-2022-06,13
84608bdffffffff-2022-08,1
84608bdffffffff-2022-10,23
84608bdffffffff-2022-11,20
84608bdffffffff-2022-12,74
84608bdffffffff-2023-01,24
84608bdffffffff-2023-02,36
84608bdffffffff-2023-03,41
84608bdffffffff-2023-04,11
84608bdffffffff-2023-05,17
84608bdffffffff-2023-06,6
84608bdffffffff-2023-09,2
84608bdffffffff-2023-10,12
84608bdffffffff-2023-11,30
84608c3ffffffff-2020-12,5
84608c3ffffffff-2021-01,3
84608c3ffffffff-2021-02,2
84608c3ffffffff-2021-04,3
84608c3ffffffff-2021-06,1
84608c3ffffffff-2021-12,1
84608c3ffffffff-2022-04,1
84608c3ffffffff-2022-05,1
84608c3ffffffff-2023-04,1
84608cbffffffff-2021-01,1
84608d1ffffffff-2016-02,1
84608d1ffffffff-2016-04,1
84608d1ffffffff-2018-05,1
84608d1ffffffff-2018-12,2
84608d1ffffffff-2019-02,13
84608d1ffffffff-2019-03,1
84608d1ffffffff-2019-04,1
84608d1ffffffff-2019-05,2
84608d1ffffffff-2019-06,3
84608d1ffffffff-2019-12,2
84608d1ffffffff-2020-01,1
84608d1ffffffff-2020-02,1
84608d1ffffffff-2020-03,2
84608d1ffffffff-2021-01,4
84608d1ffffffff-2021-02,5
84608d1ffffffff-2021-03,6
84608d1ffffffff-2021-10,4
84608d1ffffffff-2021-11,1
84608d1ffffffff-2021-12,10
84608d1ffffffff-2022-02,1
84608d1ffffffff-2022-03,1
84608d1ffffffff-2022-04,4
84608d1ffffffff-2022-05,1
84608d1ffffffff-2022-11,3
84608d1ffffffff-2022-12,2
84608d1ffffffff-2023-01,2
84608d1ffffffff-2023-02,7
84608d1ffffffff-2023-03,3
84608d1ffffffff-2023-04,1
84608d1ffffffff-2023-05,4
84608d1ffffffff-2023-06,1
84608d1ffffffff-2023-11,8
84608d5ffffffff-2015-11,1
84608d5ffffffff-2016-05,2
84608d5ffffffff-2016-11,5
84608d5ffffffff-2019-04,1
84608d5ffffffff-2020-04,1
84608d5ffffffff-2020-11,2
84608d5ffffffff-2021-03,1
84608d5ffffffff-2021-10,1
84608d5ffffffff-2021-11,8
84608d5ffffffff-2021-12,6
84608d5ffffffff-2022-02,4
84608d5ffffffff-2022-03,6
84608d5ffffffff-2022-04,2
84608d5ffffffff-2022-05,3
84608d5ffffffff-2022-11,7
84608d5ffffffff-2022-12,7
84608d5ffffffff-2023-01,6
84608d5ffffffff-2023-02,3
84608d5ffffffff-2023-03,22
84608d5ffffffff-2023-04,18
84608d5ffffffff-2023-05,5
84608d5ffffffff-2023-10,1
84608d5ffffffff-2023-11,4
84608d7ffffffff-2013-12,1
84608d7ffffffff-2014-03,2
84608d7ffffffff-2016-01,1
84608d7ffffffff-2016-05,1
84608d7ffffffff-2017-01,1
84608d7ffffffff-2017-02,2
84608d7ffffffff-2018-11,1
84608d7ffffffff-2019-10,1
84608d7ffffffff-2019-11,4
84608d7ffffffff-2019-12,3
84608d7ffffffff-2020-01,1
84608d7ffffffff-2020-02,10
84608d7ffffffff-2020-03,2
84608d7ffffffff-2020-04,1
84608d7ffffffff-2020-05,2
84608d7ffffffff-2020-06,1
84608d7ffffffff-2020-10,9
84608d7ffffffff-2020-11,8
84608d7ffffffff-2020-12,3
84608d7ffffffff-2021-01,9
84608d7ffffffff-2021-02,30
84608d7ffffffff-2021-03,7
84608d7ffffffff-2021-04,5
84608d7ffffffff-2021-05,6
84608d7ffffffff-2021-07,1
84608d7ffffffff-2021-10,3
84608d7ffffffff-2021-11,7
84608d7ffffffff-2021-12,9
84608d7ffffffff-2022-01,20
84608d7ffffffff-2022-02,17
84608d7ffffffff-2022-03,16
84608d7ffffffff-2022-04,2
84608d7ffffffff-2022-05,5
84608d7ffffffff-2022-06,2
84608d7ffffffff-2022-10,2
84608d7ffffffff-2022-11,8
84608d7ffffffff-2022-12,10
84608d7ffffffff-2023-01,7
84608d7ffffffff-2023-02,27
84608d7ffffffff-2023-03,16
84608d7ffffffff-2023-04,1
84608d7ffffffff-2023-05,3
84608d7ffffffff-2023-06,1
84608d7ffffffff-2023-09,1
84608d7ffffffff-2023-10,1
84608d7ffffffff-2023-11,10
84608d9ffffffff-2020-01,1
84608d9ffffffff-2022-03,2
84608d9ffffffff-2022-05,1
84608d9ffffffff-2023-04,2
84608dbffffffff-2015-11,1
84608dbffffffff-2018-05,1
84608dbffffffff-2021-01,1
84608dbffffffff-2022-12,1
84608dbffffffff-2023-02,1
84608ddffffffff-2015-11,2
84608ddffffffff-2016-11,1
84608ddffffffff-2017-02,3
84608ddffffffff-2019-03,4
84608ddffffffff-2019-04,2
84608ddffffffff-2019-11,2
84608ddffffffff-2020-11,8
84608ddffffffff-2020-12,5
84608ddffffffff-2021-02,2
84608ddffffffff-2021-03,1
84608ddffffffff-2022-01,1
84608ddffffffff-2022-02,1
84608ddffffffff-2022-03,3
84608ddffffffff-2022-10,2
84608ddffffffff-2023-02,7
84608ddffffffff-2023-03,2
84608ddffffffff-2023-04,2
84608ddffffffff-2023-11,1
84608e3ffffffff-2016-11,2
84608e3ffffffff-2023-04,1
84608e5ffffffff-2017-05,2
84608e5ffffffff-2017-12,2
84608e5ffffffff-2018-03,2
84608e5ffffffff-2018-06,4
84608e5ffffffff-2018-10,4
84608e5ffffffff-2019-02,1
84608e5ffffffff-2019-03,1
84608e5ffffffff-2019-04,6
84608e5ffffffff-2019-05,5
84608e5ffffffff-2019-09,1
84608e5ffffffff-2019-10,2
84608e5ffffffff-2020-03,2
84608e5ffffffff-2020-09,4
84608e5ffffffff-2020-11,2
84608e5ffffffff-2022-06,1
84608e5ffffffff-2023-04,1
84608e5ffffffff-2023-07,2
84608e7ffffffff-2022-04,1
84608e9ffffffff-2014-04,1
84608e9ffffffff-2014-12,1
84608e9ffffffff-2015-02,1
84608e9ffffffff-2016-01,3
84608e9ffffffff-2016-02,1
84608e9ffffffff-2017-12,1
84608e9ffffffff-2018-03,1
84608e9ffffffff-2018-12,3
84608e9ffffffff-2019-02,1
84608e9ffffffff-2019-12,1
84608e9ffffffff-2020-12,2
84608e9ffffffff-2021-07,1
84608e9ffffffff-2021-11,2
84608e9ffffffff-2022-01,3
84608e9ffffffff-2022-03,1
84608e9ffffffff-2022-07,2
84608e9ffffffff-2023-01,1
84608e9ffffffff-2023-07,3
84608e9ffffffff-2023-08,5
84608e9ffffffff-2023-09,1
84608ebffffffff-2014-12,1
84608ebffffffff-2015-08,1
84608ebffffffff-2016-10,1
84608ebffffffff-2016-11,3
84608ebffffffff-2017-02,1
84608ebffffffff-2018-09,1
84608ebffffffff-2018-11,2
84608ebffffffff-2021-08,1
84608ebffffffff-2021-10,5
84608ebffffffff-2021-11,4
84608ebffffffff-2022-09,17
84608ebffffffff-2022-12,1
84608ebffffffff-2023-01,1
84608ebffffffff-2023-05,1
84608ebffffffff-2023-08,3
84608ebffffffff-2023-11,3
84608edffffffff-2016-03,1
84608edffffffff-2016-10,1
84608edffffffff-2022-03,1
8460901ffffffff-2013-10,1
8460901ffffffff-2014-04,1
8460901ffffffff-2014-10,3
8460901ffffffff-2015-01,1
8460901ffffffff-2015-03,3
8460901ffffffff-2015-04,2
8460901ffffffff-2015-05,5
8460901ffffffff-2015-06,1
8460901ffffffff-2015-09,1
8460901ffffffff-2015-10,2
8460901ffffffff-2015-11,4
8460901ffffffff-2016-05,1
8460901ffffffff-2017-02,6
8460901ffffffff-2017-09,5
8460901ffffffff-2017-10,5
8460901ffffffff-2017-11,6
8460901ffffffff-2017-12,3
8460901ffffffff-2018-01,6
8460901ffffffff-2018-02,7
8460901ffffffff-2018-04,3
8460901ffffffff-2018-05,1
8460901ffffffff-2018-06,4
8460901ffffffff-2018-10,3
8460901ffffffff-2018-12,1
8460901ffffffff-2019-10,8
8460901ffffffff-2019-11,5
8460901ffffffff-2020-06,1
8460901ffffffff-2020-07,3
8460901ffffffff-2020-11,1
8460901ffffffff-2020-12,2
8460901ffffffff-2021-01,1
8460901ffffffff-2021-02,3
8460901ffffffff-2021-04,1
8460901ffffffff-2021-08,1
8460901ffffffff-2021-10,1
8460901ffffffff-2021-11,5
8460901ffffffff-2021-12,2
8460901ffffffff-2022-01,1
8460901ffffffff-2022-02,25
8460901ffffffff-2022-04,3
8460901ffffffff-2022-11,2
8460901ffffffff-2022-12,1
8460901ffffffff-2023-01,1
8460901ffffffff-2023-02,11
8460901ffffffff-2023-03,4
8460901ffffffff-2023-05,2
8460901ffffffff-2023-09,1
8460901ffffffff-2023-10,1
8460901ffffffff-2023-11,3
8460903ffffffff-2022-02,2
8460903ffffffff-2023-04,1
8460903ffffffff-2023-09,1
8460905ffffffff-2016-04,2
8460905ffffffff-2018-04,2
8460905ffffffff-2022-02,2
8460907ffffffff-2015-11,1
8460907ffffffff-2017-01,1
8460907ffffffff-2017-12,1
8460909ffffffff-2015-02,1
8460909ffffffff-2016-11,1
8460909ffffffff-2017-11,1
8460909ffffffff-2022-04,1
8460909ffffffff-2022-05,1
8460909ffffffff-2023-06,2
8460909ffffffff-2023-11,1
846090bffffffff-2014-12,3
846090bffffffff-2017-09,1
846090bffffffff-2020-11,2
846090bffffffff-2022-02,3
846090dffffffff-2015-11,4
846090dffffffff-2016-03,3
846090dffffffff-2016-05,1
846090dffffffff-2016-06,2
846090dffffffff-2016-10,3
846090dffffffff-2016-11,3
846090dffffffff-2017-01,1
846090dffffffff-2017-04,1
846090dffffffff-2017-05,1
846090dffffffff-2018-02,1
846090dffffffff-2019-03,2
846090dffffffff-2019-10,1
846090dffffffff-2019-11,1
846090dffffffff-2020-05,2
846090dffffffff-2020-06,1
846090dffffffff-2020-10,3
846090dffffffff-2020-11,3
846090dffffffff-2020-12,2
846090dffffffff-2021-01,1
846090dffffffff-2021-12,1
846090dffffffff-2022-03,1
846090dffffffff-2022-04,2
846090dffffffff-2022-05,2
846090dffffffff-2022-11,4
846090dffffffff-2022-12,5
846090dffffffff-2023-01,4
846090dffffffff-2023-02,4
846090dffffffff-2023-04,3
846090dffffffff-2023-11,1
8460911ffffffff-2017-02,2
8460911ffffffff-2017-03,1
8460911ffffffff-2017-11,1
8460911ffffffff-2020-07,1
8460911ffffffff-2020-11,1
8460911ffffffff-2023-04,1
8460911ffffffff-2023-11,1
8460913ffffffff-2018-04,1
8460913ffffffff-2020-03,3
8460913ffffffff-2021-03,21
8460913ffffffff-2021-04,16
8460913ffffffff-2021-10,2
8460913ffffffff-2021-11,1
8460913ffffffff-2021-12,1
8460913ffffffff-2022-02,8
8460913ffffffff-2023-01,1
8460913ffffffff-2023-06,1
8460913ffffffff-2023-11,2
8460915ffffffff-2016-01,1
8460915ffffffff-2016-02,1
8460915ffffffff-2016-04,1
8460915ffffffff-2017-01,3
8460915ffffffff-2017-02,4
8460915ffffffff-2017-10,1
8460915ffffffff-2017-11,4
8460915ffffffff-2017-12,1
8460915ffffffff-2018-01,2
8460915ffffffff-2019-03,1
8460915ffffffff-2019-09,1
8460915ffffffff-2019-11,1
8460915ffffffff-2019-12,1
8460915ffffffff-2020-01,2
8460915ffffffff-2020-08,2
8460915ffffffff-2020-09,2
8460915ffffffff-2020-10,4
8460915ffffffff-2020-11,2
8460915ffffffff-2021-02,2
8460915ffffffff-2021-07,3
8460915ffffffff-2021-10,3
8460915ffffffff-2021-12,1
8460915ffffffff-2022-01,3
8460915ffffffff-2022-02,1
8460915ffffffff-2022-09,1
8460915ffffffff-2023-02,2
8460915ffffffff-2023-03,1
8460915ffffffff-2023-04,1
8460915ffffffff-2023-10,1
8460915ffffffff-2023-11,1
8460917ffffffff-2019-11,1
8460917ffffffff-2020-10,2
8460917ffffffff-2022-02,4
8460917ffffffff-2023-02,1
8460917ffffffff-2023-10,1
8460919ffffffff-2016-02,1
8460919ffffffff-2016-04,1
8460919ffffffff-2017-04,1
8460919ffffffff-2018-02,2
8460919ffffffff-2018-03,2
8460919ffffffff-2021-11,2
8460919ffffffff-2022-02,2
8460919ffffffff-2023-02,1
846091bffffffff-2021-01,1
846091dffffffff-2017-01,2
846091dffffffff-2017-02,2
846091dffffffff-2017-09,1
846091dffffffff-2018-02,1
846091dffffffff-2018-05,1
846091dffffffff-2019-02,1
846091dffffffff-2019-11,2
846091dffffffff-2020-07,2
846091dffffffff-2020-08,1
846091dffffffff-2021-01,1
846091dffffffff-2021-09,2
846091dffffffff-2021-11,9
846091dffffffff-2023-06,4
846091dffffffff-2023-07,1
8460921ffffffff-2017-12,3
8460921ffffffff-2022-11,1
8460921ffffffff-2023-02,15
8460923ffffffff-2017-02,1
8460923ffffffff-2021-12,1
8460923ffffffff-2022-11,2
8460923ffffffff-2023-02,16
8460923ffffffff-2023-05,6
8460925ffffffff-2013-04,2
8460925ffffffff-2014-02,1
8460925ffffffff-2015-04,1
8460925ffffffff-2015-05,1
8460925ffffffff-2016-05,1
8460925ffffffff-2017-03,1
8460925ffffffff-2017-12,6
8460925ffffffff-2018-02,3
8460925ffffffff-2018-03,20
8460925ffffffff-2018-04,20
8460925ffffffff-2018-05,8
8460925ffffffff-2019-02,41
8460925ffffffff-2019-03,19
8460925ffffffff-2019-05,3
8460925ffffffff-2020-02,13
8460925ffffffff-2020-03,1
8460925ffffffff-2020-05,3
8460925ffffffff-2021-02,1
8460925ffffffff-2021-03,117
8460925ffffffff-2022-01,1
8460925ffffffff-2022-02,41
8460925ffffffff-2023-02,66
8460925ffffffff-2023-03,2
8460925ffffffff-2023-06,2
8460927ffffffff-2014-02,1
8460927ffffffff-2015-04,1
8460927ffffffff-2016-05,1
8460927ffffffff-2017-01,1
8460927ffffffff-2017-03,3
8460927ffffffff-2017-05,1
8460927ffffffff-2017-11,1
8460927ffffffff-2017-12,2
8460927ffffffff-2018-02,13
8460927ffffffff-2018-03,80
8460927ffffffff-2018-04,10
8460927ffffffff-2018-05,3
8460927ffffffff-2019-01,2
8460927ffffffff-2019-02,105
8460927ffffffff-2019-03,1
8460927ffffffff-2019-05,1
8460927ffffffff-2020-01,1
8460927ffffffff-2020-02,118
8460927ffffffff-2020-03,2
8460927ffffffff-2020-09,1
8460927ffffffff-2020-11,1
8460927ffffffff-2021-02,1
8460927ffffffff-2021-03,137
8460927ffffffff-2021-12,1
8460927ffffffff-2022-02,135
8460927ffffffff-2022-03,1
8460927ffffffff-2022-04,1
8460927ffffffff-2022-06,2
8460927ffffffff-2022-12,3
8460927ffffffff-2023-02,101
8460927ffffffff-2023-04,1
8460929ffffffff-2012-05,1
8460929ffffffff-2016-08,1
8460929ffffffff-2018-04,2
8460929ffffffff-2022-04,7
8460929ffffffff-2023-02,1
846092bffffffff-2023-02,4
846092dffffffff-2020-10,1
846092dffffffff-2023-01,1
8460931ffffffff-2013-11,1
8460931ffffffff-2014-02,2
8460931ffffffff-2014-12,1
8460931ffffffff-2015-03,1
8460931ffffffff-2015-04,1
8460931ffffffff-2016-02,3
8460931ffffffff-2016-03,3
8460931ffffffff-2016-12,3
8460931ffffffff-2017-02,1
8460931ffffffff-2017-11,1
8460931ffffffff-2017-12,6
8460931ffffffff-2018-05,3
8460931ffffffff-2020-01,1
8460931ffffffff-2020-05,1
8460931ffffffff-2020-11,1
8460931ffffffff-2020-12,4
8460931ffffffff-2021-02,2
8460931ffffffff-2021-10,1
8460931ffffffff-2022-03,1
8460931ffffffff-2022-04,6
8460931ffffffff-2022-05,1
8460931ffffffff-2022-11,1
8460931ffffffff-2023-01,59
8460931ffffffff-2023-05,1
8460931ffffffff-2023-06,4
8460931ffffffff-2023-07,1
8460933ffffffff-2013-12,1
8460933ffffffff-2017-11,6
8460933ffffffff-2022-11,3
8460933ffffffff-2023-04,1
8460935ffffffff-2017-12,2
8460935ffffffff-2023-04,2
8460935ffffffff-2023-05,9
8460937ffffffff-2017-12,6
8460937ffffffff-2020-02,4
8460937ffffffff-2021-02,4
8460937ffffffff-2021-03,2
8460937ffffffff-2021-12,4
8460937ffffffff-2022-11,2
8460937ffffffff-2022-12,1
8460937ffffffff-2023-03,1
8460937ffffffff-2023-05,3
8460939ffffffff-2013-02,1
8460939ffffffff-2016-03,1
8460939ffffffff-2016-05,1
8460939ffffffff-2017-01,1
8460939ffffffff-2017-03,2
8460939ffffffff-2017-12,1
8460939ffffffff-2018-02,1
8460939ffffffff-2018-05,3
8460939ffffffff-2018-11,1
8460939ffffffff-2019-02,2
8460939ffffffff-2020-01,3
8460939ffffffff-2020-10,2
8460939ffffffff-2020-11,2
8460939ffffffff-2020-12,2
8460939ffffffff-2021-03,2
8460939ffffffff-2021-06,1
8460939ffffffff-2021-10,1
8460939ffffffff-2022-05,1
8460939ffffffff-2022-11,1
8460939ffffffff-2023-01,13
8460939ffffffff-2023-02,4
8460939ffffffff-2023-03,3
8460939ffffffff-2023-04,2
8460939ffffffff-2023-05,1
8460939ffffffff-2023-06,7
846093bffffffff-2013-10,2
846093bffffffff-2015-02,4
846093bffffffff-2015-08,1
846093bffffffff-2015-11,1
846093bffffffff-2016-02,6
846093bffffffff-2016-03,4
846093bffffffff-2016-04,1
846093bffffffff-2016-05,1
846093bffffffff-2016-06,2
846093bffffffff-2017-01,1
846093bffffffff-2017-02,6
846093bffffffff-2017-03,1
846093bffffffff-2017-06,3
846093bffffffff-2017-07,1
846093bffffffff-2018-02,4
846093bffffffff-2018-05,1
846093bffffffff-2018-12,1
846093bffffffff-2019-02,1
846093bffffffff-2020-03,2
846093bffffffff-2020-12,2
846093bffffffff-2021-02,2
846093bffffffff-2022-02,10
846093bffffffff-2022-04,6
846093bffffffff-2022-05,1
846093bffffffff-2023-01,98
846093bffffffff-2023-02,1
846093bffffffff-2023-03,1
846093bffffffff-2023-04,1
846093bffffffff-2023-05,1
846093bffffffff-2023-06,4
846093bffffffff-2023-11,1
846093dffffffff-2017-02,1
846093dffffffff-2023-01,4
846093dffffffff-2023-02,24
846093dffffffff-2023-04,2
846093dffffffff-2023-05,1
8460941ffffffff-2021-03,2
8460941ffffffff-2022-02,3
8460941ffffffff-2022-12,1
8460941ffffffff-2023-02,1
8460943ffffffff-2015-02,1
8460943ffffffff-2022-02,2
8460943ffffffff-2022-10,1
8460943ffffffff-2022-11,1
8460943ffffffff-2023-02,1
8460945ffffffff-2017-02,2
8460945ffffffff-2019-06,1
8460945ffffffff-2020-02,1
8460945ffffffff-2020-03,1
8460945ffffffff-2020-11,1
8460945ffffffff-2021-12,1
8460945ffffffff-2023-03,1
8460947ffffffff-2015-11,1
8460947ffffffff-2016-01,1
8460947ffffffff-2016-02,1
8460947ffffffff-2016-03,2
8460947ffffffff-2017-03,1
8460947ffffffff-2017-11,1
8460947ffffffff-2019-11,1
8460947ffffffff-2019-12,3
8460947ffffffff-2020-02,1
8460947ffffffff-2020-06,1
8460947ffffffff-2020-08,1
8460947ffffffff-2020-09,1
8460947ffffffff-2020-10,1
8460947ffffffff-2020-12,1
8460947ffffffff-2021-04,1
8460947ffffffff-2022-11,1
8460949ffffffff-2022-02,2
8460949ffffffff-2022-11,1
846094bffffffff-2016-04,4
846094bffffffff-2016-05,4
846094bffffffff-2017-04,1
846094bffffffff-2020-02,1
846094bffffffff-2021-01,1
846094bffffffff-2021-02,2
846094bffffffff-2022-04,4
846094bffffffff-2022-12,1
846094bffffffff-2023-02,2
846094bffffffff-2023-03,1
846094bffffffff-2023-04,1
846094bffffffff-2023-05,14
846094bffffffff-2023-06,3
846094bffffffff-2023-09,2
846094bffffffff-2023-10,2
846094bffffffff-2023-11,6
846094dffffffff-2013-04,1
846094dffffffff-2015-03,2
846094dffffffff-2015-04,1
846094dffffffff-2015-05,1
846094dffffffff-2015-10,1
846094dffffffff-2016-02,2
846094dffffffff-2016-03,3
846094dffffffff-2016-04,2
846094dffffffff-2016-05,1
846094dffffffff-2016-06,1
846094dffffffff-2017-02,5
846094dffffffff-2017-03,3
846094dffffffff-2017-04,1
846094dffffffff-2017-05,1
846094dffffffff-2017-06,1
846094dffffffff-2017-10,1
846094dffffffff-2017-12,1
846094dffffffff-2018-02,1
846094dffffffff-2018-11,1
846094dffffffff-2019-01,7
846094dffffffff-2019-02,2
846094dffffffff-2019-03,11
846094dffffffff-2019-05,1
846094dffffffff-2019-09,1
846094dffffffff-2019-10,6
846094dffffffff-2019-11,23
846094dffffffff-2019-12,24
846094dffffffff-2020-01,31
846094dffffffff-2020-02,64
846094dffffffff-2020-03,43
846094dffffffff-2020-04,13
846094dffffffff-2020-05,46
846094dffffffff-2020-11,4
846094dffffffff-2020-12,5
846094dffffffff-2021-01,6
846094dffffffff-2021-02,3
846094dffffffff-2021-03,16
846094dffffffff-2021-04,11
846094dffffffff-2021-05,5
846094dffffffff-2021-07,4
846094dffffffff-2021-11,5
846094dffffffff-2021-12,4
846094dffffffff-2022-01,10
846094dffffffff-2022-02,7
846094dffffffff-2022-03,5
846094dffffffff-2022-04,9
846094dffffffff-2022-05,15
846094dffffffff-2022-06,1
846094dffffffff-2022-08,1
846094dffffffff-2022-10,1
846094dffffffff-2022-11,9
846094dffffffff-2022-12,29
846094dffffffff-2023-01,39
846094dffffffff-2023-02,50
846094dffffffff-2023-03,39
846094dffffffff-2023-04,33
846094dffffffff-2023-05,42
846094dffffffff-2023-06,5
846094dffffffff-2023-10,17
846094dffffffff-2023-11,35
8460951ffffffff-2023-02,1
8460951ffffffff-2023-03,1
8460953ffffffff-2023-11,1
8460955ffffffff-2017-10,8
8460955ffffffff-2018-03,1
8460955ffffffff-2018-09,1
8460955ffffffff-2021-11,8
8460955ffffffff-2022-02,2
8460955ffffffff-2023-03,1
8460955ffffffff-2023-04,2
8460955ffffffff-2023-11,2
8460957ffffffff-2017-05,1
8460957ffffffff-2020-11,3
8460959ffffffff-2012-05,1
8460959ffffffff-2021-02,1
846095bffffffff-2016-03,2
846095bffffffff-2018-11,3
846095bffffffff-2022-02,1
846095dffffffff-2017-12,1
846095dffffffff-2018-12,1
846095dffffffff-2021-05,4
8460961ffffffff-2012-05,1
8460961ffffffff-2014-01,1
8460961ffffffff-2014-02,1
8460961ffffffff-2014-03,2
8460961ffffffff-2014-04,1
8460961ffffffff-2014-07,4
8460961ffffffff-2014-08,1
8460961ffffffff-2014-12,2
8460961ffffffff-2015-01,4
8460961ffffffff-2015-02,1
8460961ffffffff-2015-03,5
8460961ffffffff-2015-04,3
8460961ffffffff-2015-05,28
8460961ffffffff-2015-06,1
8460961ffffffff-2015-09,1
8460961ffffffff-2015-10,10
8460961ffffffff-2015-11,8
8460961ffffffff-2015-12,2
8460961ffffffff-2016-01,5
8460961ffffffff-2016-02,1
8460961ffffffff-2016-03,1
8460961ffffffff-2016-05,1
8460961ffffffff-2016-09,1
8460961ffffffff-2016-10,2
8460961ffffffff-2016-11,1
8460961ffffffff-2016-12,8
8460961ffffffff-2017-01,2
8460961ffffffff-2017-02,2
8460961ffffffff-2017-03,2
8460961ffffffff-2017-04,1
8460961ffffffff-2017-06,2
8460961ffffffff-2017-10,2
8460961ffffffff-2017-11,2
8460961ffffffff-2018-10,1
8460961ffffffff-2019-01,3
8460961ffffffff-2019-04,1
8460961ffffffff-2019-06,1
8460961ffffffff-2019-07,1
8460961ffffffff-2019-12,1
8460961ffffffff-2020-01,1
8460961ffffffff-2020-02,3
8460961ffffffff-2020-03,3
8460961ffffffff-2020-05,2
8460961ffffffff-2020-06,1
8460961ffffffff-2020-07,1
8460961ffffffff-2020-10,1
8460961ffffffff-2020-11,6
8460961ffffffff-2021-01,3
8460961ffffffff-2021-07,7
8460961ffffffff-2021-08,2
8460961ffffffff-2021-09,1
8460961ffffffff-2021-11,1
8460961ffffffff-2021-12,1
8460961ffffffff-2022-02,1
8460961ffffffff-2022-04,1
8460961ffffffff-2022-10,1
8460961ffffffff-2022-11,3
8460961ffffffff-2023-01,1
8460961ffffffff-2023-04,1
8460961ffffffff-2023-06,1
8460961ffffffff-2023-07,2
8460961ffffffff-2023-08,1
8460961ffffffff-2023-10,3
8460961ffffffff-2023-11,1
8460963ffffffff-2020-02,1
8460963ffffffff-2020-10,8
8460963ffffffff-2020-11,4
8460963ffffffff-2022-01,2
8460963ffffffff-2022-03,1
8460963ffffffff-2022-05,1
8460963ffffffff-2022-09,1
8460965ffffffff-2012-05,1
8460965ffffffff-2013-06,1
8460965ffffffff-2013-11,1
8460965ffffffff-2015-04,1
8460965ffffffff-2015-10,1
8460965ffffffff-2015-11,1
8460965ffffffff-2016-03,8
8460965ffffffff-2017-01,3
8460965ffffffff-2017-02,2
8460965ffffffff-2017-03,6
8460965ffffffff-2017-04,2
8460965ffffffff-2017-05,3
8460965ffffffff-2017-06,1
8460965ffffffff-2017-10,1
8460965ffffffff-2017-11,1
8460965ffffffff-2017-12,3
8460965ffffffff-2018-02,29
8460965ffffffff-2018-03,9
8460965ffffffff-2018-04,3
8460965ffffffff-2018-05,2
8460965ffffffff-2018-06,3
8460965ffffffff-2018-07,1
8460965ffffffff-2018-10,1
8460965ffffffff-2018-11,1
8460965ffffffff-2018-12,4
8460965ffffffff-2019-01,8
8460965ffffffff-2019-02,4
8460965ffffffff-2019-03,5
8460965ffffffff-2019-04,14
8460965ffffffff-2019-05,5
8460965ffffffff-2019-06,3
8460965ffffffff-2019-11,1
8460965ffffffff-2019-12,2
8460965ffffffff-2020-01,6
8460965ffffffff-2020-02,6
8460965ffffffff-2020-03,4
8460965ffffffff-2020-11,4
8460965ffffffff-2020-12,3
8460965ffffffff-2021-01,2
8460965ffffffff-2021-02,18
8460965ffffffff-2021-03,10
8460965ffffffff-2021-04,7
8460965ffffffff-2021-05,1
8460965ffffffff-2021-06,2
8460965ffffffff-2021-10,1
8460965ffffffff-2021-11,2
8460965ffffffff-2021-12,16
8460965ffffffff-2022-01,101
8460965ffffffff-2022-02,10
8460965ffffffff-2022-03,16
8460965ffffffff-2022-04,9
8460965ffffffff-2022-05,188
8460965ffffffff-2022-10,1
8460965ffffffff-2022-12,13
8460965ffffffff-2023-01,22
8460965ffffffff-2023-02,10
8460965ffffffff-2023-03,20
8460965ffffffff-2023-04,53
8460965ffffffff-2023-05,12
8460965ffffffff-2023-06,13
8460965ffffffff-2023-11,1
8460967ffffffff-2021-01,1
8460967ffffffff-2021-03,1
8460967ffffffff-2023-01,1
8460967ffffffff-2023-02,1
8460969ffffffff-2014-11,1
8460969ffffffff-2014-12,1
8460969ffffffff-2015-01,9
8460969ffffffff-2015-02,1
8460969ffffffff-2015-04,1
8460969ffffffff-2015-08,1
8460969ffffffff-2015-10,5
8460969ffffffff-2015-11,3
8460969ffffffff-2015-12,1
8460969ffffffff-2016-01,1
8460969ffffffff-2016-10,1
8460969ffffffff-2016-11,4
8460969ffffffff-2016-12,9
8460969ffffffff-2017-01,7
8460969ffffffff-2017-02,1
8460969ffffffff-2017-03,2
8460969ffffffff-2017-09,1
8460969ffffffff-2017-12,1
8460969ffffffff-2018-07,2
8460969ffffffff-2018-08,1
8460969ffffffff-2018-10,1
8460969ffffffff-2019-01,1
8460969ffffffff-2019-02,2
8460969ffffffff-2019-10,1
8460969ffffffff-2019-11,1
8460969ffffffff-2019-12,2
8460969ffffffff-2020-01,1
8460969ffffffff-2020-02,1
8460969ffffffff-2020-07,3
8460969ffffffff-2020-09,1
8460969ffffffff-2020-10,1
8460969ffffffff-2020-12,1
8460969ffffffff-2021-01,2
8460969ffffffff-2021-03,1
8460969ffffffff-2021-05,1
8460969ffffffff-2021-06,1
8460969ffffffff-2021-07,1
8460969ffffffff-2021-11,1
8460969ffffffff-2021-12,1
8460969ffffffff-2022-01,1
8460969ffffffff-2022-02,7
8460969ffffffff-2022-04,1
8460969ffffffff-2022-11,1
8460969ffffffff-2022-12,2
8460969ffffffff-2023-01,2
8460969ffffffff-2023-02,1
8460969ffffffff-2023-03,2
8460969ffffffff-2023-07,1
846096bffffffff-2015-04,9
846096bffffffff-2015-05,3
846096bffffffff-2015-10,8
846096bffffffff-2016-01,2
846096bffffffff-2016-03,3
846096bffffffff-2016-04,1
846096bffffffff-2016-10,1
846096bffffffff-2016-11,1
846096bffffffff-2016-12,2
846096bffffffff-2017-01,3
846096bffffffff-2017-02,1
846096bffffffff-2017-04,1
846096bffffffff-2017-10,3
846096bffffffff-2017-11,1
846096bffffffff-2017-12,1
846096bffffffff-2018-01,2
846096bffffffff-2018-12,1
846096bffffffff-2019-10,3
846096bffffffff-2019-11,1
846096bffffffff-2020-03,5
846096bffffffff-2020-05,1
846096bffffffff-2020-06,2
846096bffffffff-2020-10,4
846096bffffffff-2020-11,5
846096bffffffff-2020-12,4
846096bffffffff-2021-02,5
846096bffffffff-2021-03,3
846096bffffffff-2021-12,1
846096bffffffff-2022-04,1
846096bffffffff-2022-05,3
846096bffffffff-2022-11,2
846096bffffffff-2023-05,9
846096bffffffff-2023-10,2
846096bffffffff-2023-11,6
846096dffffffff-2018-02,3
846096dffffffff-2020-11,3
846096dffffffff-2021-03,4
846096dffffffff-2022-05,1
846096dffffffff-2023-01,2
846096dffffffff-2023-02,5
846096dffffffff-2023-04,2
846096dffffffff-2023-06,3
8460983ffffffff-2014-10,1
8460983ffffffff-2015-11,1
8460983ffffffff-2015-12,1
8460983ffffffff-2016-01,1
8460983ffffffff-2017-02,1
8460983ffffffff-2018-12,2
8460983ffffffff-2019-01,1
8460983ffffffff-2022-02,1
8460983ffffffff-2022-08,1
8460985ffffffff-2016-02,1
8460985ffffffff-2019-11,1
8460985ffffffff-2020-04,1
8460985ffffffff-2020-10,2
8460985ffffffff-2020-11,4
8460985ffffffff-2021-01,4
8460985ffffffff-2021-03,1
8460985ffffffff-2021-09,3
8460985ffffffff-2021-10,3
8460985ffffffff-2021-11,3
8460985ffffffff-2021-12,2
8460985ffffffff-2022-01,4
8460985ffffffff-2022-02,1
8460985ffffffff-2022-04,1
8460985ffffffff-2022-11,6
8460985ffffffff-2023-01,3
8460985ffffffff-2023-10,2
8460987ffffffff-2016-02,1
8460987ffffffff-2019-03,1
8460987ffffffff-2020-03,5
8460987ffffffff-2020-07,1
8460987ffffffff-2020-11,1
8460989ffffffff-2014-04,1
8460989ffffffff-2014-05,1
8460989ffffffff-2017-03,1
8460989ffffffff-2017-04,2
8460989ffffffff-2017-05,2
8460989ffffffff-2017-06,4
8460989ffffffff-2019-05,1
8460989ffffffff-2019-10,1
8460989ffffffff-2019-11,4
8460989ffffffff-2020-03,1
8460989ffffffff-2020-10,1
8460989ffffffff-2022-12,2
8460989ffffffff-2023-05,1
8460989ffffffff-2023-09,1
8460989ffffffff-2023-10,1
846098dffffffff-2015-12,2
846098dffffffff-2018-04,1
846098dffffffff-2018-10,1
846098dffffffff-2018-11,1
846098dffffffff-2019-11,1
846098dffffffff-2020-01,1
846098dffffffff-2020-10,1
846098dffffffff-2020-11,3
846098dffffffff-2020-12,1
846098dffffffff-2021-01,1
846098dffffffff-2021-11,2
846098dffffffff-2022-04,1
846098dffffffff-2022-10,2
846098dffffffff-2022-12,2
846098dffffffff-2023-01,2
846098dffffffff-2023-03,1
846098dffffffff-2023-05,2
846098dffffffff-2023-10,2
8460991ffffffff-2019-01,4
8460993ffffffff-2019-11,6
8460993ffffffff-2022-06,1
8460993ffffffff-2023-04,3
8460997ffffffff-2017-03,1
8460997ffffffff-2018-12,1
8460997ffffffff-2020-02,1
8460997ffffffff-2021-03,1
8460997ffffffff-2022-02,11
8460997ffffffff-2022-03,7
8460997ffffffff-2022-10,19
8460997ffffffff-2022-11,2
8460997ffffffff-2022-12,6
8460997ffffffff-2023-02,2
8460997ffffffff-2023-03,1
8460997ffffffff-2023-04,18
8460999ffffffff-2019-02,4
8460999ffffffff-2022-01,1
8460999ffffffff-2022-10,2
846099bffffffff-2017-12,1
846099bffffffff-2018-11,1
846099bffffffff-2019-01,25
846099bffffffff-2019-02,2
846099bffffffff-2019-03,1
846099bffffffff-2019-05,1
846099bffffffff-2020-01,2
846099bffffffff-2020-07,4
846099bffffffff-2020-09,2
846099bffffffff-2021-07,2
846099bffffffff-2021-10,2
846099bffffffff-2022-02,1
846099bffffffff-2022-03,3
846099bffffffff-2022-11,2
846099bffffffff-2023-07,1
846099bffffffff-2023-11,2
846099dffffffff-2022-10,1
84609a3ffffffff-2022-02,1
84609a5ffffffff-2016-05,1
84609a5ffffffff-2017-12,2
84609a5ffffffff-2020-02,7
84609a5ffffffff-2021-10,7
84609a5ffffffff-2023-02,3
84609a7ffffffff-2017-11,2
84609a7ffffffff-2023-02,2
84609a9ffffffff-2016-04,4
84609a9ffffffff-2020-04,1
84609a9ffffffff-2021-01,1
84609a9ffffffff-2021-02,3
84609a9ffffffff-2021-04,2
84609a9ffffffff-2021-05,2
84609a9ffffffff-2021-10,1
84609a9ffffffff-2021-11,1
84609a9ffffffff-2022-01,1
84609a9ffffffff-2022-03,4
84609a9ffffffff-2022-05,1
84609a9ffffffff-2022-11,1
84609a9ffffffff-2023-01,1
84609a9ffffffff-2023-05,8
84609a9ffffffff-2023-11,10
84609abffffffff-2023-05,2
84609abffffffff-2023-06,1
84609b3ffffffff-2019-02,3
84609b3ffffffff-2021-02,3
84609b3ffffffff-2021-03,17
84609b3ffffffff-2023-07,1
84609b5ffffffff-2018-02,2
84609b5ffffffff-2019-04,3
84609b5ffffffff-2019-05,1
84609b5ffffffff-2021-11,3
84609b7ffffffff-2012-03,2
84609b7ffffffff-2013-12,2
84609b7ffffffff-2016-03,3
84609b7ffffffff-2018-03,6
84609b7ffffffff-2018-04,2
84609b7ffffffff-2018-06,1
84609b7ffffffff-2019-01,1
84609b7ffffffff-2019-03,2
84609b7ffffffff-2019-06,3
84609b7ffffffff-2019-07,1
84609b7ffffffff-2019-12,2
84609b7ffffffff-2020-01,2
84609b7ffffffff-2021-03,1
84609b7ffffffff-2021-04,1
84609b7ffffffff-2021-11,3
84609b7ffffffff-2022-01,1
84609b7ffffffff-2022-02,14
84609b7ffffffff-2022-04,1
84609b7ffffffff-2022-05,5
84609b7ffffffff-2022-06,3
84609b7ffffffff-2022-12,2
84609b7ffffffff-2023-01,2
84609b7ffffffff-2023-02,2
84609b7ffffffff-2023-03,3
84609b7ffffffff-2023-04,1
84609b7ffffffff-2023-05,4
84609b7ffffffff-2023-07,3
84609b7ffffffff-2023-10,1
84609b7ffffffff-2023-11,2
84609b9ffffffff-2021-05,1
84609b9ffffffff-2023-11,1
84609bbffffffff-2017-03,2
84609bbffffffff-2019-04,1
84609bbffffffff-2023-03,1
84609c1ffffffff-2021-02,1
84609c3ffffffff-2019-12,4
84609c3ffffffff-2022-02,1
84609c3ffffffff-2022-12,2
84609c3ffffffff-2023-11,1
84609c5ffffffff-2018-11,1
84609c5ffffffff-2023-02,2
84609c5ffffffff-2023-03,1
84609c7ffffffff-2014-04,2
84609c7ffffffff-2014-10,2
84609c7ffffffff-2014-12,3
84609c7ffffffff-2015-08,2
84609c7ffffffff-2016-02,2
84609c7ffffffff-2016-12,2
84609c7ffffffff-2019-01,4
84609c7ffffffff-2019-11,4
84609c7ffffffff-2020-03,3
84609c7ffffffff-2020-04,1
84609c7ffffffff-2020-05,6
84609c7ffffffff-2020-06,9
84609c7ffffffff-2020-11,2
84609c7ffffffff-2021-11,1
84609c7ffffffff-2022-04,4
84609c7ffffffff-2022-05,8
84609c7ffffffff-2023-04,2
84609c7ffffffff-2023-05,1
84609c7ffffffff-2023-10,3
84609c9ffffffff-2022-02,1
84609c9ffffffff-2023-02,1
84609cbffffffff-2016-11,1
84609cbffffffff-2023-10,1
84609cdffffffff-2021-01,1
84609cdffffffff-2022-02,2
84609cdffffffff-2023-02,10
84609d5ffffffff-2019-12,4
84609d5ffffffff-2021-01,1
84609d5ffffffff-2023-11,2
84609d7ffffffff-2020-10,2
84609d7ffffffff-2023-04,1
84609d9ffffffff-2022-10,3
84609dbffffffff-2019-02,1
84609ddffffffff-2021-04,1
84609ddffffffff-2021-05,1
84609ddffffffff-2022-02,1
84609ddffffffff-2023-04,2
84609ddffffffff-2023-05,1
84609e1ffffffff-2014-12,2
84609e1ffffffff-2015-10,1
84609e1ffffffff-2015-11,1
84609e1ffffffff-2015-12,2
84609e1ffffffff-2016-01,5
84609e1ffffffff-2016-03,3
84609e1ffffffff-2016-08,2
84609e1ffffffff-2016-09,1
84609e1ffffffff-2016-11,1
84609e1ffffffff-2017-01,6
84609e1ffffffff-2017-02,1
84609e1ffffffff-2017-03,2
84609e1ffffffff-2017-04,1
84609e1ffffffff-2017-07,4
84609e1ffffffff-2017-08,6
84609e1ffffffff-2017-10,1
84609e1ffffffff-2017-11,3
84609e1ffffffff-2018-01,1
84609e1ffffffff-2018-02,2
84609e1ffffffff-2018-03,2
84609e1ffffffff-2018-05,2
84609e1ffffffff-2018-06,9
84609e1ffffffff-2018-07,3
84609e1ffffffff-2018-09,3
84609e1ffffffff-2018-10,1
84609e1ffffffff-2018-11,15
84609e1ffffffff-2018-12,1
84609e1ffffffff-2019-01,5
84609e1ffffffff-2019-02,8
84609e1ffffffff-2019-05,1
84609e1ffffffff-2019-07,4
84609e1ffffffff-2019-09,2
84609e1ffffffff-2019-11,1
84609e1ffffffff-2019-12,3
84609e1ffffffff-2020-01,2
84609e1ffffffff-2020-02,8
84609e1ffffffff-2020-05,1
84609e1ffffffff-2020-06,4
84609e1ffffffff-2020-07,2
84609e1ffffffff-2020-09,2
84609e1ffffffff-2020-10,1
84609e1ffffffff-2021-12,3
84609e1ffffffff-2022-11,2
84609e1ffffffff-2023-02,1
84609e1ffffffff-2023-04,9
84609e1ffffffff-2023-10,7
84609e3ffffffff-2015-06,1
84609e3ffffffff-2015-11,1
84609e3ffffffff-2015-12,2
84609e3ffffffff-2016-07,1
84609e3ffffffff-2016-12,2
84609e3ffffffff-2017-02,4
84609e3ffffffff-2017-05,2
84609e3ffffffff-2017-12,3
84609e3ffffffff-2018-02,11
84609e3ffffffff-2018-10,1
84609e3ffffffff-2018-11,1
84609e3ffffffff-2018-12,1
84609e3ffffffff-2019-01,2
84609e3ffffffff-2019-05,2
84609e3ffffffff-2019-06,1
84609e3ffffffff-2020-01,1
84609e3ffffffff-2020-03,1
84609e3ffffffff-2020-07,1
84609e3ffffffff-2020-10,1
84609e3ffffffff-2020-11,1
84609e3ffffffff-2021-02,1
84609e3ffffffff-2021-06,2
84609e3ffffffff-2021-08,1
84609e3ffffffff-2021-10,1
84609e3ffffffff-2021-11,1
84609e3ffffffff-2021-12,2
84609e3ffffffff-2022-01,3
84609e3ffffffff-2022-02,6
84609e3ffffffff-2022-03,2
84609e3ffffffff-2022-06,2
84609e3ffffffff-2022-08,1
84609e3ffffffff-2022-11,4
84609e3ffffffff-2022-12,2
84609e3ffffffff-2023-01,5
84609e3ffffffff-2023-02,2
84609e3ffffffff-2023-03,2
84609e3ffffffff-2023-04,5
84609e3ffffffff-2023-05,2
84609e3ffffffff-2023-10,4
84609e3ffffffff-2023-11,4
84609e5ffffffff-2017-11,1
84609e5ffffffff-2019-06,2
84609e5ffffffff-2021-01,2
84609e5ffffffff-2023-02,1
84609e7ffffffff-2017-01,1
84609e7ffffffff-2017-05,3
84609e7ffffffff-2017-06,3
84609e9ffffffff-2017-10,2
84609e9ffffffff-2017-11,1
84609e9ffffffff-2018-12,1
84609e9ffffffff-2021-02,1
84609e9ffffffff-2022-01,5
84609e9ffffffff-2022-02,4
84609e9ffffffff-2022-03,20
84609e9ffffffff-2022-05,5
84609e9ffffffff-2022-12,1
84609e9ffffffff-2023-01,2
84609e9ffffffff-2023-02,6
84609e9ffffffff-2023-03,1
84609e9ffffffff-2023-04,8
84609e9ffffffff-2023-05,4
84609e9ffffffff-2023-06,2
84609e9ffffffff-2023-09,1
84609e9ffffffff-2023-10,12
84609ebffffffff-2014-02,1
84609ebffffffff-2015-09,1
84609ebffffffff-2016-01,2
84609ebffffffff-2016-02,1
84609ebffffffff-2016-03,1
84609ebffffffff-2016-04,2
84609ebffffffff-2016-08,1
84609ebffffffff-2016-09,4
84609ebffffffff-2016-11,1
84609ebffffffff-2017-02,1
84609ebffffffff-2017-04,2
84609ebffffffff-2017-08,1
84609ebffffffff-2017-10,1
84609ebffffffff-2018-02,5
84609ebffffffff-2018-05,2
84609ebffffffff-2018-11,1
84609ebffffffff-2019-04,1
84609ebffffffff-2019-08,2
84609ebffffffff-2019-11,1
84609ebffffffff-2020-06,2
84609ebffffffff-2020-08,2
84609ebffffffff-2020-10,1
84609ebffffffff-2021-01,3
84609ebffffffff-2021-05,1
84609ebffffffff-2022-03,4
84609ebffffffff-2022-11,2
84609ebffffffff-2023-01,1
84609edffffffff-2020-12,3
84609edffffffff-2021-01,2
84609edffffffff-2021-02,15
84609edffffffff-2021-12,2
84609edffffffff-2022-01,1
84609edffffffff-2022-11,1
8460a05ffffffff-2022-12,2
8460a0dffffffff-2015-12,3
8460a0dffffffff-2018-11,1
8460a0dffffffff-2019-01,1
8460a0dffffffff-2019-03,1
8460a0dffffffff-2021-01,3
8460a13ffffffff-2012-01,1
8460a13ffffffff-2015-03,1
8460a13ffffffff-2017-02,1
8460a13ffffffff-2018-02,1
8460a13ffffffff-2018-05,1
8460a13ffffffff-2018-08,1
8460a13ffffffff-2019-02,2
8460a13ffffffff-2020-02,2
8460a13ffffffff-2021-11,1
8460a13ffffffff-2022-12,1
8460a13ffffffff-2023-03,3
8460a13ffffffff-2023-04,3
8460a13ffffffff-2023-05,3
8460a13ffffffff-2023-06,6
8460a13ffffffff-2023-09,1
8460a1bffffffff-2015-11,1
8460a1bffffffff-2016-07,1
8460a1bffffffff-2017-03,1
8460a1bffffffff-2017-07,2
8460a1bffffffff-2018-03,1
8460a1bffffffff-2018-06,1
8460a1bffffffff-2018-08,8
8460a1bffffffff-2018-09,3
8460a1bffffffff-2018-10,1
8460a1bffffffff-2018-12,2
8460a1bffffffff-2019-05,2
8460a1bffffffff-2019-08,1
8460a1bffffffff-2020-02,1
8460a1bffffffff-2020-03,1
8460a1bffffffff-2020-12,1
8460a1bffffffff-2021-03,4
8460a1bffffffff-2021-07,5
8460a1bffffffff-2021-08,1
8460a1bffffffff-2021-10,1
8460a1bffffffff-2021-11,2
8460a1bffffffff-2022-03,2
8460a1bffffffff-2022-04,2
8460a1bffffffff-2022-05,1
8460a1bffffffff-2022-08,1
8460a1bffffffff-2022-09,1
8460a1bffffffff-2022-11,1
8460a1bffffffff-2022-12,1
8460a1bffffffff-2023-01,4
8460a1bffffffff-2023-02,1
8460a1bffffffff-2023-03,4
8460a1bffffffff-2023-04,5
8460a1bffffffff-2023-05,12
8460a1bffffffff-2023-06,5
8460a1bffffffff-2023-07,3
8460a1bffffffff-2023-08,2
8460a1dffffffff-2022-02,1
8460a25ffffffff-2015-05,2
8460a25ffffffff-2015-07,1
8460a25ffffffff-2016-02,3
8460a25ffffffff-2016-03,1
8460a25ffffffff-2016-06,5
8460a25ffffffff-2016-10,6
8460a25ffffffff-2016-11,9
8460a25ffffffff-2016-12,12
8460a25ffffffff-2017-01,2
8460a25ffffffff-2017-02,11
8460a25ffffffff-2017-03,1
8460a25ffffffff-2017-10,2
8460a25ffffffff-2018-02,1
8460a25ffffffff-2018-10,2
8460a25ffffffff-2019-01,1
8460a25ffffffff-2019-02,4
8460a25ffffffff-2019-03,2
8460a25ffffffff-2019-11,1
8460a25ffffffff-2020-11,1
8460a25ffffffff-2020-12,4
8460a25ffffffff-2021-01,1
8460a25ffffffff-2021-11,2
8460a25ffffffff-2021-12,2
8460a25ffffffff-2022-02,3
8460a25ffffffff-2022-06,1
8460a25ffffffff-2022-10,2
8460a25ffffffff-2022-11,5
8460a25ffffffff-2022-12,1
8460a25ffffffff-2023-01,1
8460a25ffffffff-2023-02,2
8460a25ffffffff-2023-03,1
8460a25ffffffff-2023-05,1
8460a25ffffffff-2023-07,1
8460a25ffffffff-2023-08,1
8460a25ffffffff-2023-10,2
8460a27ffffffff-2015-01,1
8460a27ffffffff-2015-03,4
8460a27ffffffff-2015-04,1
8460a27ffffffff-2015-10,1
8460a27ffffffff-2016-01,15
8460a27ffffffff-2016-02,12
8460a27ffffffff-2016-03,12
8460a27ffffffff-2016-04,11
8460a27ffffffff-2016-05,16
8460a27ffffffff-2016-10,8
8460a27ffffffff-2016-11,7
8460a27ffffffff-2016-12,7
8460a27ffffffff-2017-01,1
8460a27ffffffff-2017-02,12
8460a27ffffffff-2017-03,3
8460a27ffffffff-2017-04,2
8460a27ffffffff-2017-05,11
8460a27ffffffff-2017-08,5
8460a27ffffffff-2017-11,6
8460a27ffffffff-2017-12,8
8460a27ffffffff-2018-01,2
8460a27ffffffff-2018-02,5
8460a27ffffffff-2018-04,3
8460a27ffffffff-2018-05,11
8460a27ffffffff-2018-06,9
8460a27ffffffff-2018-11,4
8460a27ffffffff-2018-12,8
8460a27ffffffff-2019-01,5
8460a27ffffffff-2019-02,15
8460a27ffffffff-2019-03,7
8460a27ffffffff-2019-04,8
8460a27ffffffff-2019-05,2
8460a27ffffffff-2019-06,3
8460a27ffffffff-2019-11,2
8460a27ffffffff-2019-12,2
8460a27ffffffff-2020-01,11
8460a27ffffffff-2020-02,6
8460a27ffffffff-2020-03,2
8460a27ffffffff-2020-05,1
8460a27ffffffff-2020-06,2
8460a27ffffffff-2020-08,1
8460a27ffffffff-2020-11,1
8460a27ffffffff-2020-12,10
8460a27ffffffff-2021-01,7
8460a27ffffffff-2021-03,2
8460a27ffffffff-2021-04,2
8460a27ffffffff-2021-10,1
8460a27ffffffff-2022-01,8
8460a27ffffffff-2022-02,2
8460a27ffffffff-2022-03,12
8460a27ffffffff-2022-04,1
8460a27ffffffff-2022-05,1
8460a27ffffffff-2022-06,3
8460a27ffffffff-2022-07,1
8460a27ffffffff-2022-10,1
8460a27ffffffff-2022-11,6
8460a27ffffffff-2022-12,8
8460a27ffffffff-2023-01,26
8460a27ffffffff-2023-02,4
8460a27ffffffff-2023-03,14
8460a27ffffffff-2023-04,4
8460a27ffffffff-2023-05,2
8460a27ffffffff-2023-06,4
8460a27ffffffff-2023-08,1
8460a27ffffffff-2023-09,2
8460a27ffffffff-2023-10,4
8460a27ffffffff-2023-11,6
8460a2bffffffff-2015-12,1
8460a2dffffffff-2021-02,1
8460a2dffffffff-2022-04,1
8460a31ffffffff-2019-05,2
8460a39ffffffff-2017-10,1
8460a39ffffffff-2018-01,1
8460a39ffffffff-2018-04,1
8460a39ffffffff-2018-06,2
8460a39ffffffff-2018-09,1
8460a39ffffffff-2018-10,3
8460a39ffffffff-2019-01,1
8460a39ffffffff-2020-11,3
8460a39ffffffff-2021-06,4
8460a39ffffffff-2022-01,2
8460a39ffffffff-2022-07,1
8460a39ffffffff-2022-12,8
8460a39ffffffff-2023-01,2
8460a39ffffffff-2023-03,1
8460a39ffffffff-2023-11,3
8460a41ffffffff-2019-03,1
8460a43ffffffff-2018-08,1
8460a43ffffffff-2019-12,1
8460a45ffffffff-2021-02,6
8460a45ffffffff-2021-04,1
8460a49ffffffff-2014-02,2
8460a49ffffffff-2019-03,3
8460a49ffffffff-2019-07,1
8460a49ffffffff-2019-11,2
8460a49ffffffff-2019-12,3
8460a49ffffffff-2020-03,9
8460a49ffffffff-2020-05,2
8460a49ffffffff-2020-06,1
8460a49ffffffff-2021-11,4
8460a49ffffffff-2023-09,3
8460a49ffffffff-2023-11,1
8460a4bffffffff-2019-12,1
8460a4bffffffff-2023-04,1
8460a4dffffffff-2020-02,1
8460a51ffffffff-2019-09,1
8460a59ffffffff-2022-02,2
8460a59ffffffff-2022-04,2
8460a59ffffffff-2022-06,6
8460a59ffffffff-2022-07,2
8460a5bffffffff-2017-12,1
8460a5bffffffff-2022-02,1
8460a5bffffffff-2023-01,1
8460a61ffffffff-2016-04,42
8460a61ffffffff-2016-06,7
8460a61ffffffff-2016-10,7
8460a61ffffffff-2017-02,7
8460a61ffffffff-2017-03,2
8460a61ffffffff-2017-04,1
8460a61ffffffff-2017-12,1
8460a61ffffffff-2018-04,13
8460a61ffffffff-2018-05,1
8460a61ffffffff-2019-02,16
8460a61ffffffff-2019-03,5
8460a61ffffffff-2019-04,2
8460a61ffffffff-2019-06,3
8460a61ffffffff-2019-08,3
8460a61ffffffff-2019-11,1
8460a61ffffffff-2020-01,9
8460a61ffffffff-2020-02,1
8460a61ffffffff-2020-03,7
8460a61ffffffff-2020-07,1
8460a61ffffffff-2020-08,2
8460a61ffffffff-2020-11,4
8460a61ffffffff-2020-12,2
8460a61ffffffff-2021-02,2
8460a61ffffffff-2021-03,2
8460a61ffffffff-2021-04,6
8460a61ffffffff-2021-11,3
8460a61ffffffff-2021-12,4
8460a61ffffffff-2022-01,2
8460a61ffffffff-2022-03,3
8460a61ffffffff-2022-04,6
8460a61ffffffff-2022-05,2
8460a61ffffffff-2022-11,2
8460a61ffffffff-2022-12,1
8460a61ffffffff-2023-01,1
8460a61ffffffff-2023-02,4
8460a61ffffffff-2023-03,2
8460a61ffffffff-2023-05,3
8460a61ffffffff-2023-06,1
8460a61ffffffff-2023-07,1
8460a61ffffffff-2023-08,2
8460a63ffffffff-2016-03,5
8460a63ffffffff-2019-01,1
8460a63ffffffff-2019-02,2
8460a63ffffffff-2020-01,5
8460a63ffffffff-2020-03,3
8460a63ffffffff-2021-01,1
8460a63ffffffff-2022-02,4
8460a65ffffffff-2016-01,2
8460a65ffffffff-2018-04,1
8460a65ffffffff-2023-01,1
8460a69ffffffff-2022-03,2
8460a69ffffffff-2023-02,1
8460a6bffffffff-2021-03,1
8460a6bffffffff-2022-02,2
8460a6bffffffff-2023-01,1
8460a6bffffffff-2023-11,5
8460a81ffffffff-2019-08,1
8460a83ffffffff-2016-04,5
8460a83ffffffff-2017-03,2
8460a83ffffffff-2020-11,1
8460a83ffffffff-2020-12,1
8460a83ffffffff-2021-03,3
8460a83ffffffff-2021-04,2
8460a83ffffffff-2022-05,3
8460a87ffffffff-2018-02,1
8460a87ffffffff-2019-11,1
8460a87ffffffff-2022-06,2
8460a89ffffffff-2016-05,1
8460a89ffffffff-2016-06,1
8460a89ffffffff-2017-05,1
8460a89ffffffff-2017-11,11
8460a89ffffffff-2018-06,1
8460a89ffffffff-2018-09,1
8460a89ffffffff-2018-10,1
8460a89ffffffff-2019-09,1
8460a89ffffffff-2019-10,1
8460a89ffffffff-2020-03,1
8460a89ffffffff-2021-11,1
8460a89ffffffff-2022-01,4
8460a89ffffffff-2022-04,2
8460a89ffffffff-2022-08,1
8460a89ffffffff-2023-03,1
8460a89ffffffff-2023-11,1
8460a8bffffffff-2015-02,1
8460a8bffffffff-2015-03,1
8460a8bffffffff-2015-11,6
8460a8bffffffff-2015-12,3
8460a8bffffffff-2016-02,2
8460a8bffffffff-2016-03,4
8460a8bffffffff-2016-04,6
8460a8bffffffff-2017-02,7
8460a8bffffffff-2017-03,6
8460a8bffffffff-2017-04,2
8460a8bffffffff-2017-05,13
8460a8bffffffff-2017-08,1
8460a8bffffffff-2017-11,12
8460a8bffffffff-2017-12,1
8460a8bffffffff-2018-01,2
8460a8bffffffff-2018-02,1
8460a8bffffffff-2018-03,2
8460a8bffffffff-2018-04,3
8460a8bffffffff-2019-01,1
8460a8bffffffff-2019-02,5
8460a8bffffffff-2019-04,1
8460a8bffffffff-2019-05,2
8460a8bffffffff-2019-06,1
8460a8bffffffff-2019-12,2
8460a8bffffffff-2021-02,1
8460a8bffffffff-2021-11,6
8460a8bffffffff-2021-12,5
8460a8bffffffff-2022-01,4
8460a8bffffffff-2022-03,6
8460a8bffffffff-2022-04,21
8460a8bffffffff-2022-05,8
8460a8bffffffff-2022-11,8
8460a8bffffffff-2022-12,3
8460a8bffffffff-2023-01,5
8460a8bffffffff-2023-02,11
8460a8bffffffff-2023-03,1
8460a8bffffffff-2023-04,3
8460a8bffffffff-2023-05,3
8460a8bffffffff-2023-06,1
8460a8bffffffff-2023-10,5
8460a8dffffffff-2018-01,1
8460a91ffffffff-2012-11,2
8460a91ffffffff-2012-12,2
8460a91ffffffff-2013-01,3
8460a91ffffffff-2013-11,1
8460a91ffffffff-2014-02,1
8460a91ffffffff-2014-03,2
8460a91ffffffff-2014-05,2
8460a91ffffffff-2014-11,5
8460a91ffffffff-2014-12,5
8460a91ffffffff-2015-01,2
8460a91ffffffff-2015-02,4
8460a91ffffffff-2015-03,10
8460a91ffffffff-2015-04,5
8460a91ffffffff-2015-05,1
8460a91ffffffff-2015-09,2
8460a91ffffffff-2015-10,5
8460a91ffffffff-2015-11,4
8460a91ffffffff-2015-12,2
8460a91ffffffff-2016-01,20
8460a91ffffffff-2016-02,17
8460a91ffffffff-2016-03,24
8460a91ffffffff-2016-04,8
8460a91ffffffff-2016-05,3
8460a91ffffffff-2016-06,3
8460a91ffffffff-2016-10,4
8460a91ffffffff-2016-11,10
8460a91ffffffff-2016-12,22
8460a91ffffffff-2017-01,19
8460a91ffffffff-2017-02,11
8460a91ffffffff-2017-03,6
8460a91ffffffff-2017-04,2
8460a91ffffffff-2017-05,4
8460a91ffffffff-2017-07,1
8460a91ffffffff-2017-10,2
8460a91ffffffff-2017-11,21
8460a91ffffffff-2017-12,14
8460a91ffffffff-2018-01,15
8460a91ffffffff-2018-02,2
8460a91ffffffff-2018-03,20
8460a91ffffffff-2018-04,2
8460a91ffffffff-2018-05,1
8460a91ffffffff-2018-10,2
8460a91ffffffff-2018-11,9
8460a91ffffffff-2018-12,5
8460a91ffffffff-2019-01,10
8460a91ffffffff-2019-02,6
8460a91ffffffff-2019-03,5
8460a91ffffffff-2019-04,1
8460a91ffffffff-2019-05,7
8460a91ffffffff-2019-09,1
8460a91ffffffff-2019-11,5
8460a91ffffffff-2019-12,11
8460a91ffffffff-2020-01,8
8460a91ffffffff-2020-02,13
8460a91ffffffff-2020-03,9
8460a91ffffffff-2020-04,1
8460a91ffffffff-2020-10,1
8460a91ffffffff-2020-11,4
8460a91ffffffff-2020-12,4
8460a91ffffffff-2021-01,13
8460a91ffffffff-2021-02,10
8460a91ffffffff-2021-03,3
8460a91ffffffff-2021-04,1
8460a91ffffffff-2021-06,1
8460a91ffffffff-2021-10,2
8460a91ffffffff-2021-11,13
8460a91ffffffff-2021-12,4
8460a91ffffffff-2022-01,23
8460a91ffffffff-2022-02,11
8460a91ffffffff-2022-03,4
8460a91ffffffff-2022-05,5
8460a91ffffffff-2022-10,3
8460a91ffffffff-2022-11,10
8460a91ffffffff-2022-12,9
8460a91ffffffff-2023-01,16
8460a91ffffffff-2023-02,10
8460a91ffffffff-2023-03,7
8460a91ffffffff-2023-04,7
8460a91ffffffff-2023-06,1
8460a91ffffffff-2023-08,4
8460a91ffffffff-2023-10,1
8460a91ffffffff-2023-11,10
8460a95ffffffff-2013-12,1
8460a95ffffffff-2017-03,1
8460a95ffffffff-2018-04,2
8460a95ffffffff-2019-11,2
8460a95ffffffff-2022-01,1
8460a95ffffffff-2023-04,3
8460a95ffffffff-2023-11,2
8460a97ffffffff-2012-02,1
8460a97ffffffff-2013-01,1
8460a97ffffffff-2014-02,1
8460a97ffffffff-2015-02,2
8460a97ffffffff-2015-11,5
8460a97ffffffff-2015-12,2
8460a97ffffffff-2016-02,2
8460a97ffffffff-2016-03,5
8460a97ffffffff-2016-04,1
8460a97ffffffff-2016-05,1
8460a97ffffffff-2016-11,1
8460a97ffffffff-2016-12,3
8460a97ffffffff-2017-03,3
8460a97ffffffff-2017-12,1
8460a97ffffffff-2018-02,2
8460a97ffffffff-2018-03,2
8460a97ffffffff-2018-12,2
8460a97ffffffff-2019-01,1
8460a97ffffffff-2020-06,1
8460a97ffffffff-2020-11,1
8460a97ffffffff-2020-12,1
8460a97ffffffff-2021-04,1
8460a97ffffffff-2021-10,1
8460a97ffffffff-2021-11,1
8460a97ffffffff-2022-03,1
8460a97ffffffff-2022-10,1
8460a97ffffffff-2022-11,2
8460a97ffffffff-2022-12,5
8460a97ffffffff-2023-01,6
8460a97ffffffff-2023-03,1
8460a97ffffffff-2023-04,1
8460a97ffffffff-2023-07,2
8460a97ffffffff-2023-11,1
8460a99ffffffff-2014-03,2
8460a99ffffffff-2015-02,2
8460a99ffffffff-2015-03,4
8460a99ffffffff-2015-05,1
8460a99ffffffff-2015-12,1
8460a99ffffffff-2016-01,3
8460a99ffffffff-2016-03,2
8460a99ffffffff-2016-05,1
8460a99ffffffff-2016-10,1
8460a99ffffffff-2016-11,2
8460a99ffffffff-2016-12,2
8460a99ffffffff-2017-01,9
8460a99ffffffff-2017-02,6
8460a99ffffffff-2017-03,1
8460a99ffffffff-2017-10,3
8460a99ffffffff-2017-11,1
8460a99ffffffff-2017-12,2
8460a99ffffffff-2018-01,9
8460a99ffffffff-2018-03,2
8460a99ffffffff-2018-11,7
8460a99ffffffff-2019-03,1
8460a99ffffffff-2019-04,4
8460a99ffffffff-2019-05,3
8460a99ffffffff-2020-03,2
8460a99ffffffff-2020-12,4
8460a99ffffffff-2021-01,2
8460a99ffffffff-2021-03,6
8460a99ffffffff-2021-11,12
8460a99ffffffff-2021-12,2
8460a99ffffffff-2022-01,1
8460a99ffffffff-2022-02,1
8460a99ffffffff-2022-03,3
8460a99ffffffff-2022-04,2
8460a99ffffffff-2022-11,16
8460a99ffffffff-2022-12,2
8460a99ffffffff-2023-01,6
8460a99ffffffff-2023-02,2
8460a99ffffffff-2023-04,8
8460a99ffffffff-2023-11,3
8460a9dffffffff-2012-02,3
8460a9dffffffff-2012-12,6
8460a9dffffffff-2013-01,1
8460a9dffffffff-2013-02,1
8460a9dffffffff-2013-12,1
8460a9dffffffff-2014-01,3
8460a9dffffffff-2014-03,2
8460a9dffffffff-2014-11,2
8460a9dffffffff-2014-12,5
8460a9dffffffff-2015-02,4
8460a9dffffffff-2015-03,3
8460a9dffffffff-2015-11,9
8460a9dffffffff-2015-12,4
8460a9dffffffff-2016-01,8
8460a9dffffffff-2016-02,4
8460a9dffffffff-2016-03,3
8460a9dffffffff-2016-04,12
8460a9dffffffff-2016-05,10
8460a9dffffffff-2016-10,3
8460a9dffffffff-2016-11,5
8460a9dffffffff-2016-12,4
8460a9dffffffff-2017-01,9
8460a9dffffffff-2017-02,7
8460a9dffffffff-2017-03,1
8460a9dffffffff-2017-04,1
8460a9dffffffff-2017-10,1
8460a9dffffffff-2017-11,9
8460a9dffffffff-2017-12,31
8460a9dffffffff-2018-01,3
8460a9dffffffff-2018-02,4
8460a9dffffffff-2018-03,6
8460a9dffffffff-2018-05,1
8460a9dffffffff-2018-10,9
8460a9dffffffff-2018-11,19
8460a9dffffffff-2018-12,3
8460a9dffffffff-2019-01,5
8460a9dffffffff-2019-02,4
8460a9dffffffff-2019-03,10
8460a9dffffffff-2019-04,6
8460a9dffffffff-2019-05,1
8460a9dffffffff-2019-11,5
8460a9dffffffff-2019-12,2
8460a9dffffffff-2020-01,6
8460a9dffffffff-2020-02,3
8460a9dffffffff-2020-03,3
8460a9dffffffff-2020-12,12
8460a9dffffffff-2021-01,2
8460a9dffffffff-2021-02,18
8460a9dffffffff-2021-03,2
8460a9dffffffff-2021-04,1
8460a9dffffffff-2021-05,2
8460a9dffffffff-2021-10,3
8460a9dffffffff-2021-11,19
8460a9dffffffff-2021-12,8
8460a9dffffffff-2022-01,11
8460a9dffffffff-2022-02,28
8460a9dffffffff-2022-03,24
8460a9dffffffff-2022-04,1
8460a9dffffffff-2022-05,5
8460a9dffffffff-2022-10,2
8460a9dffffffff-2022-11,13
8460a9dffffffff-2022-12,25
8460a9dffffffff-2023-01,17
8460a9dffffffff-2023-02,14
8460a9dffffffff-2023-03,9
8460a9dffffffff-2023-04,2
8460a9dffffffff-2023-05,3
8460a9dffffffff-2023-10,2
8460a9dffffffff-2023-11,27
8460aa3ffffffff-2021-05,4
8460aa3ffffffff-2021-06,1
8460aadffffffff-2019-03,1
8460aadffffffff-2019-06,1
8460aadffffffff-2019-10,2
8460aadffffffff-2020-06,1
8460aadffffffff-2021-06,1
8460aadffffffff-2022-11,1
8460ab1ffffffff-2021-01,4
8460ab1ffffffff-2021-02,1
8460ab1ffffffff-2021-03,1
8460ab1ffffffff-2021-06,2
8460ab1ffffffff-2022-03,2
8460ab1ffffffff-2023-04,2
8460ab1ffffffff-2023-05,1
8460ab3ffffffff-2017-03,1
8460ab3ffffffff-2018-12,1
8460ab3ffffffff-2019-04,1
8460ab3ffffffff-2022-02,1
8460ab3ffffffff-2022-03,1
8460ab3ffffffff-2022-05,2
8460ab3ffffffff-2022-12,1
8460ab5ffffffff-2018-01,1
8460ab5ffffffff-2021-02,1
8460ab5ffffffff-2022-05,1
8460ab7ffffffff-2020-03,1
8460ab7ffffffff-2021-01,1
8460ab7ffffffff-2021-12,1
8460ab7ffffffff-2022-04,3
8460ab7ffffffff-2022-05,1
8460ab9ffffffff-2023-01,1
8460abbffffffff-2017-03,4
8460abbffffffff-2023-05,1
8460ac3ffffffff-2020-12,1
8460ac3ffffffff-2023-07,1
8460ac5ffffffff-2019-03,2
8460ac7ffffffff-2018-01,1
8460ac7ffffffff-2022-11,1
8460ac9ffffffff-2021-08,1
8460ac9ffffffff-2021-10,1
8460acbffffffff-2016-07,1
8460acbffffffff-2021-11,1
8460acdffffffff-2019-02,1
8460acdffffffff-2020-01,1
8460acdffffffff-2020-02,2
8460acdffffffff-2021-02,3
8460acdffffffff-2021-12,6
8460acdffffffff-2022-01,3
8460ad1ffffffff-2015-12,1
8460ad1ffffffff-2016-02,3
8460ad1ffffffff-2018-01,1
8460ad1ffffffff-2018-02,2
8460ad1ffffffff-2018-03,6
8460ad1ffffffff-2018-11,2
8460ad1ffffffff-2019-01,1
8460ad1ffffffff-2019-04,1
8460ad1ffffffff-2019-05,1
8460ad1ffffffff-2019-12,1
8460ad1ffffffff-2020-03,1
8460ad1ffffffff-2021-02,1
8460ad1ffffffff-2021-12,1
8460ad1ffffffff-2022-03,10
8460ad1ffffffff-2022-11,1
8460ad1ffffffff-2023-01,1
8460ad1ffffffff-2023-05,1
8460ad3ffffffff-2012-02,9
8460ad3ffffffff-2012-03,2
8460ad3ffffffff-2013-03,3
8460ad3ffffffff-2014-01,4
8460ad3ffffffff-2014-05,1
8460ad3ffffffff-2015-02,5
8460ad3ffffffff-2016-01,8
8460ad3ffffffff-2016-02,2
8460ad3ffffffff-2016-03,2
8460ad3ffffffff-2016-05,1
8460ad3ffffffff-2016-11,5
8460ad3ffffffff-2016-12,3
8460ad3ffffffff-2017-01,20
8460ad3ffffffff-2017-02,17
8460ad3ffffffff-2017-03,9
8460ad3ffffffff-2017-04,3
8460ad3ffffffff-2017-10,5
8460ad3ffffffff-2017-11,14
8460ad3ffffffff-2017-12,21
8460ad3ffffffff-2018-01,21
8460ad3ffffffff-2018-02,10
8460ad3ffffffff-2018-03,3
8460ad3ffffffff-2018-04,24
8460ad3ffffffff-2018-05,4
8460ad3ffffffff-2018-08,1
8460ad3ffffffff-2018-10,6
8460ad3ffffffff-2018-11,9
8460ad3ffffffff-2018-12,7
8460ad3ffffffff-2019-01,9
8460ad3ffffffff-2019-02,2
8460ad3ffffffff-2019-03,4
8460ad3ffffffff-2019-04,3
8460ad3ffffffff-2019-05,4
8460ad3ffffffff-2019-11,3
8460ad3ffffffff-2019-12,3
8460ad3ffffffff-2020-01,12
8460ad3ffffffff-2020-03,3
8460ad3ffffffff-2020-04,1
8460ad3ffffffff-2020-10,2
8460ad3ffffffff-2020-11,3
8460ad3ffffffff-2020-12,1
8460ad3ffffffff-2021-02,1
8460ad3ffffffff-2021-03,3
8460ad3ffffffff-2021-04,6
8460ad3ffffffff-2021-05,3
8460ad3ffffffff-2021-10,7
8460ad3ffffffff-2021-11,1
8460ad3ffffffff-2021-12,6
8460ad3ffffffff-2022-01,3
8460ad3ffffffff-2022-02,1
8460ad3ffffffff-2022-03,1
8460ad3ffffffff-2022-10,1
8460ad3ffffffff-2022-12,1
8460ad3ffffffff-2023-01,5
8460ad3ffffffff-2023-02,2
8460ad3ffffffff-2023-03,2
8460ad3ffffffff-2023-04,3
8460ad3ffffffff-2023-05,2
8460ad3ffffffff-2023-10,5
8460ad3ffffffff-2023-11,6
8460ad5ffffffff-2014-02,1
8460ad5ffffffff-2016-02,1
8460ad5ffffffff-2019-01,4
8460ad5ffffffff-2020-12,2
8460ad5ffffffff-2021-02,1
8460ad5ffffffff-2021-05,1
8460ad5ffffffff-2022-02,3
8460ad5ffffffff-2022-04,1
8460ad5ffffffff-2022-12,1
8460ad7ffffffff-2013-02,1
8460ad7ffffffff-2013-03,2
8460ad7ffffffff-2014-01,1
8460ad7ffffffff-2014-02,1
8460ad7ffffffff-2014-03,2
8460ad7ffffffff-2014-05,1
8460ad7ffffffff-2014-10,1
8460ad7ffffffff-2015-02,2
8460ad7ffffffff-2015-04,2
8460ad7ffffffff-2015-10,1
8460ad7ffffffff-2015-11,3
8460ad7ffffffff-2015-12,5
8460ad7ffffffff-2016-01,8
8460ad7ffffffff-2016-02,1
8460ad7ffffffff-2016-03,7
8460ad7ffffffff-2016-04,7
8460ad7ffffffff-2016-05,1
8460ad7ffffffff-2016-10,2
8460ad7ffffffff-2016-11,3
8460ad7ffffffff-2016-12,5
8460ad7ffffffff-2017-01,8
8460ad7ffffffff-2017-02,3
8460ad7ffffffff-2017-11,3
8460ad7ffffffff-2017-12,5
8460ad7ffffffff-2018-01,2
8460ad7ffffffff-2018-02,5
8460ad7ffffffff-2018-03,4
8460ad7ffffffff-2018-04,1
8460ad7ffffffff-2018-05,1
8460ad7ffffffff-2018-10,8
8460ad7ffffffff-2018-11,10
8460ad7ffffffff-2018-12,4
8460ad7ffffffff-2019-01,1
8460ad7ffffffff-2019-02,1
8460ad7ffffffff-2019-03,7
8460ad7ffffffff-2019-04,2
8460ad7ffffffff-2019-05,1
8460ad7ffffffff-2019-11,18
8460ad7ffffffff-2019-12,18
8460ad7ffffffff-2020-01,22
8460ad7ffffffff-2020-02,15
8460ad7ffffffff-2020-03,5
8460ad7ffffffff-2020-10,1
8460ad7ffffffff-2020-11,4
8460ad7ffffffff-2020-12,14
8460ad7ffffffff-2021-01,8
8460ad7ffffffff-2021-02,3
8460ad7ffffffff-2021-03,12
8460ad7ffffffff-2021-10,7
8460ad7ffffffff-2021-11,17
8460ad7ffffffff-2021-12,14
8460ad7ffffffff-2022-01,2
8460ad7ffffffff-2022-02,12
8460ad7ffffffff-2022-03,19
8460ad7ffffffff-2022-04,2
8460ad7ffffffff-2022-05,1
8460ad7ffffffff-2022-10,5
8460ad7ffffffff-2022-11,6
8460ad7ffffffff-2022-12,11
8460ad7ffffffff-2023-01,17
8460ad7ffffffff-2023-02,10
8460ad7ffffffff-2023-03,5
8460ad7ffffffff-2023-04,14
8460ad7ffffffff-2023-05,6
8460ad7ffffffff-2023-06,1
8460ad7ffffffff-2023-10,1
8460ad7ffffffff-2023-11,27
8460ad9ffffffff-2016-05,4
8460ad9ffffffff-2018-04,1
8460ad9ffffffff-2019-01,2
8460ad9ffffffff-2020-12,1
8460ad9ffffffff-2021-04,1
8460ad9ffffffff-2021-05,1
8460ad9ffffffff-2023-11,1
8460adbffffffff-2016-12,1
8460adbffffffff-2020-02,1
8460adbffffffff-2020-12,2
8460adbffffffff-2021-01,1
8460adbffffffff-2021-02,5
8460adbffffffff-2021-04,2
8460adbffffffff-2021-12,1
8460adbffffffff-2022-12,1
8460adbffffffff-2023-01,1
8460adbffffffff-2023-02,1
8460adbffffffff-2023-03,3
8460adbffffffff-2023-10,1
8460addffffffff-2014-03,1
8460addffffffff-2017-12,1
8460addffffffff-2019-12,1
8460addffffffff-2021-12,3
8460addffffffff-2022-01,1
8460addffffffff-2022-03,1
8460addffffffff-2023-03,1
8460ae1ffffffff-2022-04,2
8460ae1ffffffff-2022-10,2
8460ae3ffffffff-2019-10,1
8460ae3ffffffff-2019-11,1
8460ae3ffffffff-2020-07,1
8460ae3ffffffff-2020-08,2
8460ae3ffffffff-2022-05,1
8460ae3ffffffff-2023-02,1
8460ae5ffffffff-2015-12,2
8460ae7ffffffff-2022-04,2
8460aebffffffff-2021-10,1
8460aebffffffff-2023-10,1
8460b05ffffffff-2022-03,2
8460b05ffffffff-2023-02,1
8460b11ffffffff-2015-12,1
8460b11ffffffff-2016-11,6
8460b11ffffffff-2018-02,1
8460b11ffffffff-2018-10,3
8460b11ffffffff-2019-02,2
8460b11ffffffff-2019-04,1
8460b11ffffffff-2019-11,8
8460b11ffffffff-2021-01,3
8460b11ffffffff-2021-03,2
8460b11ffffffff-2021-12,9
8460b11ffffffff-2022-01,1
8460b11ffffffff-2022-08,1
8460b11ffffffff-2022-11,1
8460b11ffffffff-2023-04,1
8460b11ffffffff-2023-10,2
8460b13ffffffff-2019-02,3
8460b13ffffffff-2021-01,1
8460b13ffffffff-2021-02,1
8460b15ffffffff-2021-02,2
8460b15ffffffff-2021-04,1
8460b15ffffffff-2021-11,4
8460b15ffffffff-2022-02,2
8460b15ffffffff-2023-07,1
8460b17ffffffff-2019-11,1
8460b17ffffffff-2020-02,1
8460b17ffffffff-2021-02,2
8460b17ffffffff-2021-03,4
8460b17ffffffff-2021-04,26
8460b17ffffffff-2021-11,8
8460b17ffffffff-2021-12,3
8460b17ffffffff-2022-01,4
8460b17ffffffff-2022-02,12
8460b17ffffffff-2022-03,2
8460b17ffffffff-2022-04,3
8460b17ffffffff-2022-05,2
8460b17ffffffff-2022-06,2
8460b17ffffffff-2022-10,1
8460b17ffffffff-2022-12,6
8460b17ffffffff-2023-01,4
8460b17ffffffff-2023-02,15
8460b17ffffffff-2023-07,1
8460b17ffffffff-2023-09,2
8460b17ffffffff-2023-11,5
8460b19ffffffff-2012-01,1
8460b19ffffffff-2014-01,2
8460b19ffffffff-2014-04,1
8460b19ffffffff-2014-12,5
8460b19ffffffff-2015-02,3
8460b19ffffffff-2015-03,4
8460b19ffffffff-2015-05,1
8460b19ffffffff-2015-10,1
8460b19ffffffff-2015-11,9
8460b19ffffffff-2015-12,9
8460b19ffffffff-2016-01,2
8460b19ffffffff-2016-02,13
8460b19ffffffff-2016-03,11
8460b19ffffffff-2016-05,2
8460b19ffffffff-2016-08,4
8460b19ffffffff-2016-09,3
8460b19ffffffff-2016-11,18
8460b19ffffffff-2016-12,3
8460b19ffffffff-2017-05,2
8460b19ffffffff-2017-06,1
8460b19ffffffff-2017-08,3
8460b19ffffffff-2017-11,8
8460b19ffffffff-2017-12,5
8460b19ffffffff-2018-02,9
8460b19ffffffff-2018-03,2
8460b19ffffffff-2018-04,9
8460b19ffffffff-2018-06,16
8460b19ffffffff-2018-10,1
8460b19ffffffff-2018-11,4
8460b19ffffffff-2018-12,2
8460b19ffffffff-2019-01,8
8460b19ffffffff-2019-02,8
8460b19ffffffff-2019-06,4
8460b19ffffffff-2020-11,10
8460b19ffffffff-2020-12,10
8460b19ffffffff-2021-01,7
8460b19ffffffff-2021-02,11
8460b19ffffffff-2021-03,3
8460b19ffffffff-2021-04,2
8460b19ffffffff-2021-05,1
8460b19ffffffff-2021-10,1
8460b19ffffffff-2021-11,7
8460b19ffffffff-2021-12,19
8460b19ffffffff-2022-01,13
8460b19ffffffff-2022-02,17
8460b19ffffffff-2022-03,8
8460b19ffffffff-2022-04,3
8460b19ffffffff-2022-05,3
8460b19ffffffff-2022-10,1
8460b19ffffffff-2022-11,5
8460b19ffffffff-2022-12,2
8460b19ffffffff-2023-01,8
8460b19ffffffff-2023-02,8
8460b19ffffffff-2023-03,3
8460b19ffffffff-2023-04,10
8460b19ffffffff-2023-05,1
8460b19ffffffff-2023-06,2
8460b19ffffffff-2023-09,2
8460b19ffffffff-2023-11,1
8460b1bffffffff-2015-01,1
8460b1bffffffff-2016-05,4
8460b1bffffffff-2016-10,2
8460b1bffffffff-2016-12,4
8460b1bffffffff-2017-05,9
8460b1bffffffff-2018-01,3
8460b1bffffffff-2018-11,3
8460b1bffffffff-2018-12,1
8460b1bffffffff-2019-01,4
8460b1bffffffff-2019-03,10
8460b1bffffffff-2019-04,2
8460b1bffffffff-2020-01,25
8460b1bffffffff-2020-07,3
8460b1bffffffff-2020-10,2
8460b1bffffffff-2020-11,4
8460b1bffffffff-2020-12,3
8460b1bffffffff-2021-01,6
8460b1bffffffff-2021-11,4
8460b1bffffffff-2021-12,1
8460b1bffffffff-2022-01,5
8460b1bffffffff-2022-02,6
8460b1bffffffff-2022-03,1
8460b1bffffffff-2022-10,1
8460b1bffffffff-2023-01,1
8460b1bffffffff-2023-02,2
8460b1bffffffff-2023-03,1
8460b1bffffffff-2023-10,2
8460b21ffffffff-2020-11,2
8460b23ffffffff-2020-11,1
8460b23ffffffff-2023-01,1
8460b25ffffffff-2014-08,1
8460b25ffffffff-2020-11,1
8460b25ffffffff-2023-03,3
8460b27ffffffff-2018-02,1
8460b27ffffffff-2018-04,2
8460b27ffffffff-2019-02,1
8460b27ffffffff-2019-11,15
8460b27ffffffff-2019-12,7
8460b27ffffffff-2020-01,13
8460b27ffffffff-2020-02,3
8460b27ffffffff-2020-03,17
8460b27ffffffff-2020-04,39
8460b27ffffffff-2020-05,16
8460b27ffffffff-2020-06,1
8460b27ffffffff-2020-11,3
8460b27ffffffff-2020-12,2
8460b27ffffffff-2021-05,1
8460b27ffffffff-2021-11,1
8460b27ffffffff-2022-01,1
8460b27ffffffff-2022-02,1
8460b27ffffffff-2022-09,3
8460b27ffffffff-2022-10,2
8460b27ffffffff-2022-12,1
8460b27ffffffff-2023-01,2
8460b27ffffffff-2023-02,1
8460b27ffffffff-2023-03,11
8460b27ffffffff-2023-04,2
8460b27ffffffff-2023-05,1
8460b27ffffffff-2023-10,2
8460b29ffffffff-2016-05,2
8460b29ffffffff-2016-06,5
8460b29ffffffff-2017-02,4
8460b29ffffffff-2019-12,13
8460b29ffffffff-2020-01,1
8460b29ffffffff-2022-01,1
8460b29ffffffff-2022-03,3
8460b2bffffffff-2019-12,1
8460b2dffffffff-2023-02,1
8460b33ffffffff-2022-06,1
8460b35ffffffff-2022-02,1
8460b37ffffffff-2020-12,1
8460b37ffffffff-2021-02,1
8460b37ffffffff-2021-05,16
8460b37ffffffff-2022-03,1
8460b37ffffffff-2022-04,1
8460b3bffffffff-2018-01,1
8460b3bffffffff-2020-07,1
8460b3bffffffff-2021-04,1
8460b3bffffffff-2021-10,1
8460b3bffffffff-2023-09,1
8460b3dffffffff-2016-01,2
8460b3dffffffff-2017-01,5
8460b3dffffffff-2017-02,4
8460b3dffffffff-2018-02,4
8460b3dffffffff-2019-02,4
8460b3dffffffff-2019-05,1
8460b3dffffffff-2019-11,2
8460b3dffffffff-2020-01,5
8460b3dffffffff-2020-02,12
8460b3dffffffff-2020-04,1
8460b3dffffffff-2020-05,4
8460b3dffffffff-2021-02,3
8460b3dffffffff-2021-07,1
8460b3dffffffff-2021-12,1
8460b3dffffffff-2022-10,2
8460b3dffffffff-2023-02,1
8460b3dffffffff-2023-04,2
8460b3dffffffff-2023-05,4
8460b41ffffffff-2018-12,4
8460b45ffffffff-2017-02,1
8460b45ffffffff-2017-06,4
8460b45ffffffff-2023-04,6
8460b47ffffffff-2016-02,2
8460b47ffffffff-2017-06,4
8460b47ffffffff-2018-10,1
8460b47ffffffff-2018-11,3
8460b47ffffffff-2018-12,33
8460b47ffffffff-2019-01,1
8460b47ffffffff-2019-02,3
8460b47ffffffff-2019-03,5
8460b47ffffffff-2019-04,5
8460b47ffffffff-2019-06,4
8460b47ffffffff-2020-01,2
8460b47ffffffff-2020-12,1
8460b47ffffffff-2021-01,1
8460b47ffffffff-2021-05,1
8460b47ffffffff-2023-05,1
8460b49ffffffff-2020-09,1
8460b49ffffffff-2021-02,1
8460b49ffffffff-2021-03,4
8460b4dffffffff-2017-02,2
8460b4dffffffff-2023-04,7
8460b53ffffffff-2016-01,1
8460b53ffffffff-2017-05,2
8460b53ffffffff-2018-04,1
8460b53ffffffff-2020-01,1
8460b53ffffffff-2020-08,1
8460b53ffffffff-2020-11,1
8460b53ffffffff-2021-11,1
8460b53ffffffff-2021-12,2
8460b53ffffffff-2022-02,1
8460b53ffffffff-2022-04,1
8460b53ffffffff-2022-05,1
8460b53ffffffff-2022-10,2
8460b53ffffffff-2023-10,1
8460b57ffffffff-2022-11,2
8460b57ffffffff-2023-02,1
8460b57ffffffff-2023-11,1
8460b59ffffffff-2017-05,1
8460b61ffffffff-2023-03,1
8460b63ffffffff-2023-02,1
8460b69ffffffff-2017-06,4
8460b6bffffffff-2017-02,8
8460b6bffffffff-2017-06,4
8460b6dffffffff-2018-10,3
8460f65ffffffff-2022-02,1
8460f65ffffffff-2022-03,3
8460f65ffffffff-2022-04,1
8460f65ffffffff-2022-05,2
8460f65ffffffff-2023-02,2
8460f65ffffffff-2023-05,5
8460f6dffffffff-2016-03,1
8460f6dffffffff-2016-04,1
8460f6dffffffff-2017-04,1
8460f6dffffffff-2018-04,1
8460f6dffffffff-2021-11,1
8460f6dffffffff-2022-03,1
8460f6dffffffff-2022-11,1
8460f6dffffffff-2023-05,3
8461197ffffffff-2020-11,1
8461197ffffffff-2021-01,1
84611a1ffffffff-2022-06,1
84611a7ffffffff-2022-01,4
84611b1ffffffff-2016-10,2
84611b1ffffffff-2018-02,1
84611b1ffffffff-2023-01,2
84611b1ffffffff-2023-02,1
84611b1ffffffff-2023-09,1
84611b3ffffffff-2015-01,1
84611b3ffffffff-2015-02,2
84611b3ffffffff-2015-03,1
84611b3ffffffff-2016-01,1
84611b3ffffffff-2018-04,3
84611b3ffffffff-2018-10,1
84611b3ffffffff-2020-12,2
84611b3ffffffff-2021-04,1
84611b3ffffffff-2022-02,1
84611b3ffffffff-2022-03,1
84611b3ffffffff-2022-06,1
84611b3ffffffff-2023-02,2
84611b5ffffffff-2017-03,2
84611b5ffffffff-2018-03,6
84611b5ffffffff-2018-05,2
84611b5ffffffff-2020-03,7
84611b5ffffffff-2020-04,19
84611b5ffffffff-2020-05,10
84611b5ffffffff-2020-10,1
84611b5ffffffff-2020-11,2
84611b5ffffffff-2020-12,2
84611b5ffffffff-2021-02,1
84611b5ffffffff-2021-09,2
84611b5ffffffff-2022-02,5
84611b5ffffffff-2022-03,1
84611b5ffffffff-2023-01,1
84611b5ffffffff-2023-02,1
84611b7ffffffff-2014-10,2
84611b7ffffffff-2017-08,1
84611b7ffffffff-2020-10,1
84611b7ffffffff-2022-09,1
84611bbffffffff-2015-02,1
84611bbffffffff-2015-09,2
84611bbffffffff-2016-11,3
84611bbffffffff-2021-10,1
84611bbffffffff-2023-02,2
8461881ffffffff-2023-09,1
8461885ffffffff-2015-05,1
8461885ffffffff-2018-03,1
8461885ffffffff-2019-02,4
8461885ffffffff-2019-03,7
8461885ffffffff-2019-04,2
8461885ffffffff-2020-02,12
8461885ffffffff-2021-02,1
8461885ffffffff-2022-01,4
8461885ffffffff-2022-02,14
8461885ffffffff-2022-03,7
8461885ffffffff-2022-04,4
8461885ffffffff-2022-05,1
8461885ffffffff-2022-09,1
8461885ffffffff-2023-01,9
8461885ffffffff-2023-02,11
8461885ffffffff-2023-03,2
8461885ffffffff-2023-06,1
8461887ffffffff-2019-12,1
8461887ffffffff-2020-02,3
8461887ffffffff-2022-02,16
8461887ffffffff-2022-04,9
8461887ffffffff-2022-12,7
8461887ffffffff-2023-03,2
8461889ffffffff-2021-02,3
846188bffffffff-2015-11,5
846188bffffffff-2016-05,1
846188bffffffff-2017-05,1
846188bffffffff-2018-01,1
846188bffffffff-2019-02,1
846188bffffffff-2020-12,1
846188bffffffff-2021-02,3
846188bffffffff-2022-01,4
846188bffffffff-2022-02,7
846188bffffffff-2022-03,1
846188dffffffff-2017-07,2
8461893ffffffff-2018-11,3
8461893ffffffff-2020-10,1
8461893ffffffff-2020-11,1
8461893ffffffff-2021-01,1
8461893ffffffff-2021-08,1
8461893ffffffff-2022-12,1
8461897ffffffff-2019-01,1
8461899ffffffff-2017-12,1
846189bffffffff-2014-02,1
846189bffffffff-2017-04,3
846189bffffffff-2019-06,2
846189bffffffff-2023-03,7
846189dffffffff-2021-11,1
84618a3ffffffff-2020-01,1
84618a3ffffffff-2022-05,2
84618a7ffffffff-2020-01,1
84618a7ffffffff-2021-05,1
84618a7ffffffff-2022-07,1
84618a9ffffffff-2022-03,2
84618abffffffff-2022-01,3
84618abffffffff-2022-03,2
84618abffffffff-2023-03,1
84618b1ffffffff-2014-12,1
84618b1ffffffff-2015-01,2
84618b1ffffffff-2015-02,2
84618b1ffffffff-2015-07,1
84618b1ffffffff-2019-02,1
84618b1ffffffff-2022-12,12
84618b3ffffffff-2019-12,2
84618b3ffffffff-2022-04,2
84618b3ffffffff-2023-02,1
84618b5ffffffff-2021-03,2
84618b9ffffffff-2019-02,1
84618b9ffffffff-2020-03,1
84618bdffffffff-2020-11,3
84618c1ffffffff-2014-03,3
84618c1ffffffff-2015-01,1
84618c1ffffffff-2015-02,3
84618c1ffffffff-2015-11,3
84618c1ffffffff-2015-12,1
84618c1ffffffff-2016-03,2
84618c1ffffffff-2016-06,1
84618c1ffffffff-2016-11,1
84618c1ffffffff-2017-01,1
84618c1ffffffff-2017-02,1
84618c1ffffffff-2017-04,1
84618c1ffffffff-2018-01,7
84618c1ffffffff-2018-02,1
84618c1ffffffff-2018-03,3
84618c1ffffffff-2018-11,1
84618c1ffffffff-2018-12,4
84618c1ffffffff-2019-03,1
84618c1ffffffff-2019-09,2
84618c1ffffffff-2020-01,4
84618c1ffffffff-2020-11,4
84618c1ffffffff-2020-12,1
84618c1ffffffff-2021-01,3
84618c1ffffffff-2021-02,1
84618c1ffffffff-2022-03,1
84618c1ffffffff-2022-08,1
84618c1ffffffff-2022-12,2
84618c1ffffffff-2023-02,6
84618c1ffffffff-2023-03,6
84618c1ffffffff-2023-04,1
84618c1ffffffff-2023-05,1
84618c3ffffffff-2018-01,2
84618c3ffffffff-2018-12,2
84618c3ffffffff-2019-02,1
84618c3ffffffff-2019-12,1
84618c3ffffffff-2020-01,1
84618c3ffffffff-2022-04,2
84618c5ffffffff-2015-02,1
84618c5ffffffff-2016-01,2
84618c5ffffffff-2016-03,8
84618c5ffffffff-2016-04,2
84618c5ffffffff-2016-05,3
84618c5ffffffff-2016-11,1
84618c5ffffffff-2017-05,1
84618c5ffffffff-2017-07,2
84618c5ffffffff-2017-11,1
84618c5ffffffff-2017-12,3
84618c5ffffffff-2018-02,2
84618c5ffffffff-2018-03,1
84618c5ffffffff-2019-02,2
84618c5ffffffff-2019-03,1
84618c5ffffffff-2019-05,8
84618c5ffffffff-2019-12,2
84618c5ffffffff-2020-02,4
84618c5ffffffff-2020-11,4
84618c5ffffffff-2020-12,1
84618c5ffffffff-2021-01,2
84618c5ffffffff-2021-02,1
84618c5ffffffff-2022-02,2
84618c5ffffffff-2022-12,2
84618c5ffffffff-2023-01,1
84618c5ffffffff-2023-02,2
84618c5ffffffff-2023-03,1
84618c5ffffffff-2023-07,1
84618c5ffffffff-2023-10,1
84618c7ffffffff-2016-02,6
84618c7ffffffff-2016-03,3
84618c7ffffffff-2016-04,1
84618c7ffffffff-2016-05,3
84618c7ffffffff-2016-06,4
84618c7ffffffff-2016-08,1
84618c7ffffffff-2016-12,1
84618c7ffffffff-2017-03,1
84618c7ffffffff-2017-04,2
84618c7ffffffff-2017-05,1
84618c7ffffffff-2017-06,6
84618c7ffffffff-2017-07,1
84618c7ffffffff-2017-08,2
84618c7ffffffff-2018-02,2
84618c7ffffffff-2018-03,1
84618c7ffffffff-2018-06,1
84618c7ffffffff-2018-07,2
84618c7ffffffff-2019-02,2
84618c7ffffffff-2021-08,2
84618c7ffffffff-2022-02,2
84618c7ffffffff-2022-03,2
84618c7ffffffff-2022-04,2
84618c7ffffffff-2022-11,4
84618c7ffffffff-2022-12,2
84618c7ffffffff-2023-01,1
84618c7ffffffff-2023-02,1
84618c7ffffffff-2023-03,2
84618c7ffffffff-2023-05,1
84618c7ffffffff-2023-06,1
84618c7ffffffff-2023-07,6
84618c7ffffffff-2023-08,1
84618c7ffffffff-2023-10,2
84618c7ffffffff-2023-11,4
84618cbffffffff-2017-07,1
84618cbffffffff-2019-12,1
84618cbffffffff-2022-01,3
84618cbffffffff-2022-03,4
84618cbffffffff-2023-02,2
84618d1ffffffff-2017-02,3
84618d1ffffffff-2017-04,1
84618d1ffffffff-2017-09,2
84618d1ffffffff-2017-11,1
84618d1ffffffff-2018-02,1
84618d1ffffffff-2018-04,1
84618d1ffffffff-2018-05,1
84618d1ffffffff-2018-06,1
84618d1ffffffff-2018-07,1
84618d1ffffffff-2018-08,1
84618d1ffffffff-2018-12,6
84618d1ffffffff-2019-01,12
84618d1ffffffff-2019-02,2
84618d1ffffffff-2019-03,1
84618d1ffffffff-2019-04,1
84618d1ffffffff-2019-11,1
84618d1ffffffff-2019-12,1
84618d1ffffffff-2020-01,4
84618d1ffffffff-2020-11,3
84618d1ffffffff-2021-01,2
84618d1ffffffff-2021-05,2
84618d1ffffffff-2021-10,1
84618d1ffffffff-2021-11,10
84618d1ffffffff-2021-12,6
84618d1ffffffff-2022-01,1
84618d1ffffffff-2022-03,1
84618d1ffffffff-2022-07,1
84618d1ffffffff-2023-05,3
84618d1ffffffff-2023-06,4
84618d1ffffffff-2023-11,1
84618d3ffffffff-2021-03,1
84618d7ffffffff-2017-10,2
84618d7ffffffff-2019-05,1
84618d9ffffffff-2021-05,1
84618d9ffffffff-2022-10,1
84618d9ffffffff-2022-11,2
84618d9ffffffff-2023-01,1
84618dbffffffff-2014-04,1
84618dbffffffff-2021-12,1
84618dbffffffff-2023-01,2
84618dbffffffff-2023-03,1
84618e1ffffffff-2016-01,1
84618e1ffffffff-2019-02,1
84618e3ffffffff-2021-10,2
84618ebffffffff-2017-03,2
84618ebffffffff-2017-05,1
84618ebffffffff-2018-01,1
84618ebffffffff-2020-10,2
84619a5ffffffff-2021-01,1
84619a5ffffffff-2022-02,6
84619a5ffffffff-2022-03,16
84619a5ffffffff-2022-04,11
84619a5ffffffff-2022-05,2
84619a5ffffffff-2023-02,12
84619a5ffffffff-2023-04,50
84619a5ffffffff-2023-05,5
84619a9ffffffff-2019-10,1
84619a9ffffffff-2023-03,1
84619b3ffffffff-2021-01,3
84619e7ffffffff-2021-04,4
8461a91ffffffff-2016-05,1
8461a91ffffffff-2017-04,3
8461a95ffffffff-2017-04,2
8461a95ffffffff-2019-02,1
8461a95ffffffff-2021-04,1
8461a95ffffffff-2023-02,1
8461a97ffffffff-2015-09,1
8461a97ffffffff-2016-01,1
8461a97ffffffff-2016-02,1
8461a97ffffffff-2016-03,3
8461a97ffffffff-2016-05,3
8461a97ffffffff-2016-07,1
8461a97ffffffff-2016-12,5
8461a97ffffffff-2017-02,2
8461a97ffffffff-2017-04,1
8461a97ffffffff-2017-09,2
8461a97ffffffff-2017-10,6
8461a97ffffffff-2017-11,3
8461a97ffffffff-2018-01,3
8461a97ffffffff-2018-02,2
8461a97ffffffff-2018-05,1
8461a97ffffffff-2018-06,1
8461a97ffffffff-2019-01,2
8461a97ffffffff-2019-02,3
8461a97ffffffff-2019-03,4
8461a97ffffffff-2019-04,3
8461a97ffffffff-2019-05,4
8461a97ffffffff-2019-10,4
8461a97ffffffff-2020-01,2
8461a97ffffffff-2020-04,1
8461a97ffffffff-2020-07,1
8461a97ffffffff-2021-01,2
8461a97ffffffff-2021-03,2
8461a97ffffffff-2021-07,1
8461a97ffffffff-2021-10,15
8461a97ffffffff-2021-12,1
8461a97ffffffff-2023-01,4
8461a97ffffffff-2023-07,1
8461a9dffffffff-2021-10,2
8461a9dffffffff-2021-12,1
8461ab1ffffffff-2015-10,1
8461ab1ffffffff-2018-01,1
8461ab1ffffffff-2020-02,2
8461ab1ffffffff-2021-02,2
8461ab3ffffffff-2017-01,1
8461ab3ffffffff-2017-04,5
8461ab3ffffffff-2017-05,6
8461ab3ffffffff-2017-06,2
8461ab3ffffffff-2017-12,1
8461ab3ffffffff-2018-01,2
8461ab3ffffffff-2018-03,1
8461ab3ffffffff-2018-04,1
8461ab3ffffffff-2018-05,1
8461ab3ffffffff-2019-01,1
8461ab3ffffffff-2020-10,1
8461ab3ffffffff-2020-11,2
8461ab3ffffffff-2021-01,6
8461ab3ffffffff-2021-07,1
8461ab3ffffffff-2022-01,3
8461ab3ffffffff-2022-08,1
8461ab3ffffffff-2023-01,1
8461ab3ffffffff-2023-05,2
8461ab7ffffffff-2014-01,1
8461ab7ffffffff-2018-01,1
8461ab7ffffffff-2021-01,5
8461ab7ffffffff-2021-03,2
8461ab7ffffffff-2021-04,5
8461ab7ffffffff-2022-01,1
8461ab7ffffffff-2022-02,2
8461ab7ffffffff-2022-05,2
8461ab7ffffffff-2023-01,2
8461ab7ffffffff-2023-02,2
8461ab7ffffffff-2023-11,1
8461abbffffffff-2017-04,1
8461abbffffffff-2018-04,1
8461abbffffffff-2019-01,5
8461abbffffffff-2019-02,4
8461abbffffffff-2019-04,2
8461abbffffffff-2019-05,4
8461abbffffffff-2019-06,1
8461abbffffffff-2019-09,2
8461abbffffffff-2019-10,1
8461abbffffffff-2019-12,1
8461abbffffffff-2020-01,1
8461abbffffffff-2020-02,1
8461abbffffffff-2020-03,1
8461abbffffffff-2022-01,1
8461abbffffffff-2022-03,2
8461abbffffffff-2022-05,6
8461abbffffffff-2022-06,6
8461abbffffffff-2022-07,2
8461abbffffffff-2022-08,4
8461abbffffffff-2022-11,4
8461abbffffffff-2022-12,2
8461abbffffffff-2023-01,2
8461abbffffffff-2023-02,4
8461abbffffffff-2023-03,4
8463325ffffffff-2016-01,1
8463325ffffffff-2016-02,1
