index,n
84024c5ffffffff-2019-06,1
840744bffffffff-2021-10,1
84075d1ffffffff-2013-05,1
84075d1ffffffff-2016-05,1
84075d1ffffffff-2019-04,4
84075d1ffffffff-2019-05,3
84075ddffffffff-2016-05,4
84082d1ffffffff-2022-05,1
840898bffffffff-2023-05,15
8408b41ffffffff-2020-09,4
840982dffffffff-2022-06,1
840982dffffffff-2023-06,3
8409993ffffffff-2020-05,1
8409995ffffffff-2021-10,1
8409997ffffffff-2021-05,2
8409a69ffffffff-2019-05,1
8409a69ffffffff-2021-06,2
840c015ffffffff-2017-06,2
840c015ffffffff-2018-06,2
840c015ffffffff-2019-06,2
840c021ffffffff-2019-06,1
840c021ffffffff-2022-05,1
840c033ffffffff-2015-06,1
840c033ffffffff-2017-06,7
840c033ffffffff-2019-06,3
840c037ffffffff-2018-06,11
840c03bffffffff-2015-06,4
840c03bffffffff-2017-06,9
840c03bffffffff-2018-06,10
840c03bffffffff-2019-06,7
840c03bffffffff-2022-06,4
840c04bffffffff-2015-06,2
840c04bffffffff-2017-06,31
840c051ffffffff-2017-06,2
840c061ffffffff-2017-07,2
840c0c7ffffffff-2017-05,5
840c0c7ffffffff-2021-05,2
840c0c7ffffffff-2023-05,1
840c117ffffffff-2016-05,1
840c133ffffffff-2017-08,1
840c13bffffffff-2021-06,1
840c141ffffffff-2017-06,1
840c143ffffffff-2016-05,1
840c143ffffffff-2018-06,8
840c143ffffffff-2019-06,1
840c143ffffffff-2021-05,8
840c143ffffffff-2021-06,5
840c143ffffffff-2022-06,13
840c145ffffffff-2022-06,3
840c147ffffffff-2012-05,2
840c147ffffffff-2014-08,3
840c147ffffffff-2015-07,6
840c147ffffffff-2016-06,3
840c147ffffffff-2018-06,3
840c147ffffffff-2019-05,2
840c147ffffffff-2019-06,2
840c147ffffffff-2021-05,15
840c147ffffffff-2021-06,7
840c147ffffffff-2022-05,3
840c147ffffffff-2022-06,12
840c147ffffffff-2023-05,7
840c147ffffffff-2023-06,4
840c149ffffffff-2015-05,1
840c14bffffffff-2012-07,2
840c14bffffffff-2017-07,1
840c14bffffffff-2019-06,3
840c14bffffffff-2019-07,1
840c14bffffffff-2022-06,5
840c14bffffffff-2023-06,2
840c15dffffffff-2017-07,1
840c15dffffffff-2021-06,4
840c15dffffffff-2022-05,3
840c15dffffffff-2022-06,1
840c183ffffffff-2016-05,1
840c185ffffffff-2016-05,1
840c18dffffffff-2016-05,1
840c1abffffffff-2016-05,1
840c1b1ffffffff-2013-05,9
840c1b1ffffffff-2013-06,1
840c1b1ffffffff-2013-07,1
840c1b1ffffffff-2015-05,5
840c1b1ffffffff-2015-07,3
840c1b1ffffffff-2016-05,1
840c1b1ffffffff-2016-06,1
840c1b1ffffffff-2016-07,2
840c1b1ffffffff-2017-05,6
840c1b1ffffffff-2019-07,5
840c1b1ffffffff-2020-05,9
840c1b1ffffffff-2020-06,7
840c1b1ffffffff-2020-07,6
840c1b1ffffffff-2020-08,1
840c1b1ffffffff-2021-05,11
840c1b1ffffffff-2021-06,24
840c1b1ffffffff-2021-07,15
840c1b1ffffffff-2021-08,2
840c1b1ffffffff-2021-09,1
840c1b1ffffffff-2022-05,5
840c1b1ffffffff-2022-06,6
840c1b1ffffffff-2022-08,1
840c1b1ffffffff-2023-05,48
840c1b1ffffffff-2023-06,3
840c1b1ffffffff-2023-08,2
840c1b1ffffffff-2023-09,1
840c1b3ffffffff-2023-07,1
840c1cbffffffff-2023-06,1
840c1ddffffffff-2015-05,1
840c1e3ffffffff-2016-05,1
840c1e3ffffffff-2017-06,1
840c1e7ffffffff-2016-05,1
840c209ffffffff-2017-06,1
840c209ffffffff-2019-07,1
840c209ffffffff-2021-06,2
840c209ffffffff-2023-07,1
840c229ffffffff-2022-08,1
840c22dffffffff-2017-06,3
840c231ffffffff-2015-06,3
840c231ffffffff-2017-06,17
840c231ffffffff-2018-06,20
840c231ffffffff-2019-06,11
840c231ffffffff-2022-06,8
840c231ffffffff-2023-06,6
840c241ffffffff-2023-07,1
840c243ffffffff-2016-07,1
840c245ffffffff-2021-07,1
840c247ffffffff-2016-08,1
840c247ffffffff-2017-06,1
840c247ffffffff-2021-06,2
840c25bffffffff-2023-07,1
840c26bffffffff-2021-07,1
840c297ffffffff-2018-06,1
840c2a9ffffffff-2017-06,36
840c2a9ffffffff-2018-06,12
840c2a9ffffffff-2019-06,33
840c2a9ffffffff-2022-06,5
840c2a9ffffffff-2023-06,3
840c2b9ffffffff-2021-05,1
840c2b9ffffffff-2021-06,1
840c2b9ffffffff-2023-06,1
840c2cdffffffff-2019-05,10
840c2cdffffffff-2019-06,7
840c2cdffffffff-2021-06,4
840c2cdffffffff-2022-05,21
840c2cdffffffff-2022-06,12
840c2cdffffffff-2023-05,2
840c2cdffffffff-2023-06,2
840c2d5ffffffff-2019-06,1
840c2dbffffffff-2012-06,1
840c2dbffffffff-2017-06,1
840c2dbffffffff-2017-07,1
840c2dbffffffff-2017-08,9
840c2dbffffffff-2019-08,1
840c2dbffffffff-2021-07,1
840c2dbffffffff-2021-08,9
840c305ffffffff-2017-07,1
840c309ffffffff-2016-05,1
840c309ffffffff-2017-05,2
840c309ffffffff-2017-09,1
840c309ffffffff-2021-06,1
840c309ffffffff-2022-08,9
840c309ffffffff-2023-05,1
840c309ffffffff-2023-08,11
840c341ffffffff-2017-06,1
840c349ffffffff-2022-06,1
840c357ffffffff-2023-08,2
840c405ffffffff-2018-06,1
840c40dffffffff-2023-07,1
840c415ffffffff-2012-08,42
840c415ffffffff-2012-09,25
840c415ffffffff-2013-08,50
840c415ffffffff-2013-09,56
840c415ffffffff-2014-08,30
840c415ffffffff-2014-09,21
840c415ffffffff-2015-07,1
840c415ffffffff-2015-08,1
840c415ffffffff-2017-07,3
840c415ffffffff-2018-07,2
840c415ffffffff-2018-08,6
840c415ffffffff-2018-09,1
840c415ffffffff-2019-07,1
840c415ffffffff-2019-08,1
840c415ffffffff-2020-07,5
840c415ffffffff-2020-08,3
840c415ffffffff-2020-09,4
840c415ffffffff-2020-10,2
840c415ffffffff-2021-08,2
840c415ffffffff-2022-08,1
840c415ffffffff-2023-07,5
840c415ffffffff-2023-08,9
840c425ffffffff-2012-07,2
840c425ffffffff-2014-08,1
840c425ffffffff-2016-07,3
840c425ffffffff-2018-05,4
840c425ffffffff-2018-06,6
840c425ffffffff-2018-07,2
840c425ffffffff-2018-08,3
840c42dffffffff-2012-04,9
840c42dffffffff-2012-05,7
840c42dffffffff-2012-08,2
840c42dffffffff-2013-04,4
840c42dffffffff-2013-05,18
840c42dffffffff-2013-07,3
840c42dffffffff-2013-08,4
840c42dffffffff-2014-04,2
840c42dffffffff-2014-05,13
840c42dffffffff-2014-06,2
840c42dffffffff-2014-07,2
840c42dffffffff-2014-08,5
840c42dffffffff-2015-04,11
840c42dffffffff-2015-05,6
840c42dffffffff-2015-06,4
840c42dffffffff-2015-07,1
840c42dffffffff-2015-08,1
840c42dffffffff-2016-04,13
840c42dffffffff-2016-05,14
840c42dffffffff-2016-08,2
840c42dffffffff-2017-04,4
840c42dffffffff-2017-05,5
840c42dffffffff-2017-08,1
840c42dffffffff-2018-04,4
840c42dffffffff-2018-05,14
840c42dffffffff-2018-06,8
840c42dffffffff-2018-07,2
840c42dffffffff-2018-08,2
840c42dffffffff-2019-04,6
840c42dffffffff-2019-05,4
840c42dffffffff-2019-06,2
840c42dffffffff-2019-07,7
840c42dffffffff-2019-08,2
840c42dffffffff-2020-04,6
840c42dffffffff-2020-05,12
840c42dffffffff-2020-07,1
840c42dffffffff-2020-08,10
840c42dffffffff-2021-04,3
840c42dffffffff-2021-05,5
840c42dffffffff-2021-06,7
840c42dffffffff-2021-07,3
840c42dffffffff-2021-08,2
840c42dffffffff-2022-04,1
840c42dffffffff-2022-05,13
840c42dffffffff-2022-06,4
840c42dffffffff-2022-07,11
840c42dffffffff-2022-08,12
840c42dffffffff-2023-04,1
840c42dffffffff-2023-05,24
840c42dffffffff-2023-06,4
840c42dffffffff-2023-07,9
840c42dffffffff-2023-08,10
840c42dffffffff-2023-09,2
840c441ffffffff-2013-05,6
840c441ffffffff-2014-08,1
840c441ffffffff-2017-05,1
840c441ffffffff-2018-05,6
840c441ffffffff-2021-07,1
840c441ffffffff-2022-07,1
840c441ffffffff-2023-05,8
840c441ffffffff-2023-07,1
840c441ffffffff-2023-08,1
840c443ffffffff-2023-07,2
840c445ffffffff-2023-07,1
840c447ffffffff-2015-05,1
840c44bffffffff-2020-07,1
840c44bffffffff-2022-06,1
840c451ffffffff-2012-05,1
840c451ffffffff-2016-05,2
840c451ffffffff-2017-05,8
840c451ffffffff-2018-05,1
840c451ffffffff-2018-07,1
840c451ffffffff-2022-05,7
840c451ffffffff-2022-06,1
840c451ffffffff-2023-05,12
840c455ffffffff-2012-05,2
840c455ffffffff-2013-05,2
840c455ffffffff-2014-08,1
840c455ffffffff-2016-07,2
840c455ffffffff-2017-04,1
840c455ffffffff-2017-05,4
840c455ffffffff-2017-07,2
840c455ffffffff-2018-04,1
840c455ffffffff-2018-05,14
840c455ffffffff-2018-07,1
840c455ffffffff-2018-08,2
840c455ffffffff-2019-05,1
840c455ffffffff-2019-07,1
840c455ffffffff-2019-08,1
840c455ffffffff-2019-09,1
840c455ffffffff-2020-05,1
840c455ffffffff-2020-08,3
840c455ffffffff-2021-05,6
840c455ffffffff-2021-07,1
840c455ffffffff-2021-08,3
840c455ffffffff-2022-05,7
840c455ffffffff-2022-08,8
840c455ffffffff-2023-04,1
840c455ffffffff-2023-05,23
840c455ffffffff-2023-07,4
840c455ffffffff-2023-08,2
840c455ffffffff-2023-09,1
840c45bffffffff-2020-08,1
840c461ffffffff-2012-05,1
840c461ffffffff-2012-06,1
840c461ffffffff-2015-05,1
840c461ffffffff-2015-06,1
840c461ffffffff-2019-05,2
840c461ffffffff-2019-07,2
840c461ffffffff-2020-06,3
840c461ffffffff-2020-07,1
840c461ffffffff-2021-06,4
840c461ffffffff-2021-07,1
840c461ffffffff-2022-05,4
840c461ffffffff-2023-05,1
840c461ffffffff-2023-06,1
840c465ffffffff-2012-05,5
840c465ffffffff-2013-05,2
840c465ffffffff-2014-06,1
840c465ffffffff-2015-06,1
840c465ffffffff-2015-07,1
840c465ffffffff-2017-05,4
840c465ffffffff-2018-05,1
840c465ffffffff-2019-05,3
840c465ffffffff-2020-05,5
840c465ffffffff-2020-07,5
840c465ffffffff-2020-08,5
840c465ffffffff-2021-05,1
840c465ffffffff-2021-06,1
840c465ffffffff-2021-08,2
840c465ffffffff-2022-05,3
840c465ffffffff-2022-07,1
840c465ffffffff-2022-08,1
840c465ffffffff-2023-04,1
840c465ffffffff-2023-05,10
840c465ffffffff-2023-07,1
840c469ffffffff-2016-05,1
840c46dffffffff-2014-06,1
840c46dffffffff-2015-05,1
840c46dffffffff-2015-06,4
840c46dffffffff-2015-07,1
840c46dffffffff-2015-08,2
840c46dffffffff-2017-05,1
840c46dffffffff-2017-08,1
840c46dffffffff-2018-05,2
840c46dffffffff-2018-07,1
840c46dffffffff-2019-05,1
840c46dffffffff-2019-06,6
840c501ffffffff-2023-07,1
840c503ffffffff-2012-05,17
840c503ffffffff-2012-06,4
840c503ffffffff-2012-07,7
840c503ffffffff-2012-08,11
840c503ffffffff-2013-05,7
840c503ffffffff-2013-06,2
840c503ffffffff-2013-08,12
840c503ffffffff-2014-05,7
840c503ffffffff-2014-08,10
840c503ffffffff-2014-09,6
840c503ffffffff-2015-05,10
840c503ffffffff-2015-06,2
840c503ffffffff-2015-07,10
840c503ffffffff-2015-08,9
840c503ffffffff-2015-09,1
840c503ffffffff-2016-05,3
840c503ffffffff-2016-07,12
840c503ffffffff-2016-08,6
840c503ffffffff-2017-05,7
840c503ffffffff-2017-07,6
840c503ffffffff-2017-08,6
840c503ffffffff-2017-09,1
840c503ffffffff-2018-04,5
840c503ffffffff-2018-05,12
840c503ffffffff-2018-06,1
840c503ffffffff-2018-07,2
840c503ffffffff-2018-08,5
840c503ffffffff-2018-09,2
840c503ffffffff-2019-05,19
840c503ffffffff-2019-07,17
840c503ffffffff-2019-08,4
840c503ffffffff-2020-05,11
840c503ffffffff-2020-06,1
840c503ffffffff-2020-07,13
840c503ffffffff-2020-08,13
840c503ffffffff-2021-05,24
840c503ffffffff-2021-06,1
840c503ffffffff-2021-07,7
840c503ffffffff-2021-08,11
840c503ffffffff-2022-04,1
840c503ffffffff-2022-05,24
840c503ffffffff-2022-06,2
840c503ffffffff-2022-07,26
840c503ffffffff-2022-08,27
840c503ffffffff-2022-09,1
840c503ffffffff-2023-05,18
840c503ffffffff-2023-07,5
840c503ffffffff-2023-08,11
840c50bffffffff-2012-06,1
840c50bffffffff-2013-05,1
840c50bffffffff-2014-05,1
840c50bffffffff-2014-06,1
840c50bffffffff-2015-07,2
840c50bffffffff-2016-05,1
840c50bffffffff-2016-07,2
840c50bffffffff-2017-05,4
840c50bffffffff-2017-07,6
840c50bffffffff-2018-06,2
840c50bffffffff-2018-07,1
840c50bffffffff-2019-07,10
840c50bffffffff-2020-05,1
840c50bffffffff-2020-06,1
840c50bffffffff-2020-07,3
840c50bffffffff-2021-05,2
840c50bffffffff-2021-07,1
840c50bffffffff-2021-08,3
840c50bffffffff-2022-05,2
840c50bffffffff-2022-06,1
840c50bffffffff-2022-07,2
840c50bffffffff-2023-06,1
840c50bffffffff-2023-07,4
840c50bffffffff-2023-08,4
840c511ffffffff-2018-05,1
840c511ffffffff-2023-05,4
840c51dffffffff-2012-05,16
840c51dffffffff-2012-06,2
840c51dffffffff-2012-08,1
840c51dffffffff-2013-05,10
840c51dffffffff-2013-07,1
840c51dffffffff-2013-08,1
840c51dffffffff-2014-05,7
840c51dffffffff-2014-06,1
840c51dffffffff-2014-08,5
840c51dffffffff-2015-05,14
840c51dffffffff-2015-06,3
840c51dffffffff-2015-08,1
840c51dffffffff-2016-05,4
840c51dffffffff-2016-06,1
840c51dffffffff-2016-07,4
840c51dffffffff-2016-08,3
840c51dffffffff-2017-04,1
840c51dffffffff-2017-05,11
840c51dffffffff-2017-06,6
840c51dffffffff-2017-07,9
840c51dffffffff-2017-08,7
840c51dffffffff-2017-09,1
840c51dffffffff-2018-04,1
840c51dffffffff-2018-05,78
840c51dffffffff-2018-06,1
840c51dffffffff-2018-07,5
840c51dffffffff-2018-08,5
840c51dffffffff-2018-09,3
840c51dffffffff-2019-04,1
840c51dffffffff-2019-05,29
840c51dffffffff-2019-06,1
840c51dffffffff-2019-07,4
840c51dffffffff-2019-08,3
840c51dffffffff-2020-05,35
840c51dffffffff-2020-07,11
840c51dffffffff-2020-08,8
840c51dffffffff-2020-09,2
840c51dffffffff-2020-10,1
840c51dffffffff-2021-04,3
840c51dffffffff-2021-05,46
840c51dffffffff-2021-07,6
840c51dffffffff-2021-08,11
840c51dffffffff-2021-09,1
840c51dffffffff-2022-04,1
840c51dffffffff-2022-05,43
840c51dffffffff-2022-06,9
840c51dffffffff-2022-08,19
840c51dffffffff-2023-04,1
840c51dffffffff-2023-05,22
840c51dffffffff-2023-07,1
840c51dffffffff-2023-08,13
840c51dffffffff-2023-09,2
840c521ffffffff-2018-05,1
840c527ffffffff-2021-07,1
840c543ffffffff-2021-08,1
840c54bffffffff-2012-05,37
840c54bffffffff-2012-06,9
840c54bffffffff-2014-04,1
840c54bffffffff-2014-05,67
840c54bffffffff-2014-06,91
840c54bffffffff-2014-07,28
840c54bffffffff-2015-04,2
840c54bffffffff-2015-05,42
840c54bffffffff-2015-06,53
840c54bffffffff-2015-07,10
840c54bffffffff-2016-04,10
840c54bffffffff-2016-05,53
840c54bffffffff-2016-06,17
840c54bffffffff-2016-07,4
840c54bffffffff-2019-05,32
840c54bffffffff-2019-06,11
840c54bffffffff-2020-05,31
840c54bffffffff-2020-06,9
840c54bffffffff-2021-05,23
840c54bffffffff-2021-06,10
840c54bffffffff-2022-05,27
840c54bffffffff-2022-06,4
840c54bffffffff-2023-05,47
840c54bffffffff-2023-06,37
840c54bffffffff-2023-07,14
840c551ffffffff-2013-05,2
840c551ffffffff-2015-05,2
840c551ffffffff-2016-07,1
840c551ffffffff-2017-05,3
840c551ffffffff-2018-05,2
840c551ffffffff-2018-06,1
840c551ffffffff-2018-07,2
840c551ffffffff-2019-05,1
840c551ffffffff-2019-06,3
840c551ffffffff-2020-04,1
840c551ffffffff-2021-05,1
840c551ffffffff-2021-06,2
840c551ffffffff-2021-07,4
840c551ffffffff-2022-05,1
840c551ffffffff-2022-06,7
840c551ffffffff-2022-07,1
840c551ffffffff-2023-04,1
840c551ffffffff-2023-05,1
840c551ffffffff-2023-06,1
840c551ffffffff-2023-07,1
840c555ffffffff-2012-04,2
840c555ffffffff-2012-05,41
840c555ffffffff-2012-06,28
840c555ffffffff-2012-07,23
840c555ffffffff-2012-08,31
840c555ffffffff-2012-09,5
840c555ffffffff-2013-04,8
840c555ffffffff-2013-05,25
840c555ffffffff-2013-06,30
840c555ffffffff-2013-07,10
840c555ffffffff-2013-08,28
840c555ffffffff-2013-09,4
840c555ffffffff-2014-04,4
840c555ffffffff-2014-05,46
840c555ffffffff-2014-06,12
840c555ffffffff-2014-07,16
840c555ffffffff-2014-08,23
840c555ffffffff-2014-09,2
840c555ffffffff-2015-05,42
840c555ffffffff-2015-06,20
840c555ffffffff-2015-07,13
840c555ffffffff-2015-08,19
840c555ffffffff-2015-09,2
840c555ffffffff-2016-04,7
840c555ffffffff-2016-05,29
840c555ffffffff-2016-06,4
840c555ffffffff-2016-07,12
840c555ffffffff-2016-08,6
840c555ffffffff-2016-09,1
840c555ffffffff-2017-04,5
840c555ffffffff-2017-05,42
840c555ffffffff-2017-06,8
840c555ffffffff-2017-07,10
840c555ffffffff-2017-08,40
840c555ffffffff-2017-09,20
840c555ffffffff-2018-04,2
840c555ffffffff-2018-05,42
840c555ffffffff-2018-06,22
840c555ffffffff-2018-07,32
840c555ffffffff-2018-08,42
840c555ffffffff-2018-09,6
840c555ffffffff-2018-10,5
840c555ffffffff-2019-05,66
840c555ffffffff-2019-06,80
840c555ffffffff-2019-07,20
840c555ffffffff-2019-08,20
840c555ffffffff-2019-09,4
840c555ffffffff-2020-05,61
840c555ffffffff-2020-06,18
840c555ffffffff-2020-07,22
840c555ffffffff-2020-08,23
840c555ffffffff-2021-04,1
840c555ffffffff-2021-05,57
840c555ffffffff-2021-06,45
840c555ffffffff-2021-07,47
840c555ffffffff-2021-08,26
840c555ffffffff-2021-09,1
840c555ffffffff-2022-04,4
840c555ffffffff-2022-05,83
840c555ffffffff-2022-06,35
840c555ffffffff-2022-07,28
840c555ffffffff-2022-08,30
840c555ffffffff-2022-09,3
840c555ffffffff-2023-04,4
840c555ffffffff-2023-05,79
840c555ffffffff-2023-06,47
840c555ffffffff-2023-07,24
840c555ffffffff-2023-08,51
840c555ffffffff-2023-09,10
840c557ffffffff-2017-07,1
840c557ffffffff-2018-06,1
840c557ffffffff-2019-06,1
840c557ffffffff-2020-06,1
840c557ffffffff-2021-05,1
840c557ffffffff-2021-06,1
840c557ffffffff-2023-07,1
840c55bffffffff-2012-05,1
840c55bffffffff-2012-06,2
840c55bffffffff-2013-05,2
840c55bffffffff-2014-06,4
840c55bffffffff-2014-07,1
840c55bffffffff-2016-07,1
840c55bffffffff-2017-06,1
840c55bffffffff-2018-05,5
840c55bffffffff-2018-06,6
840c55bffffffff-2019-05,1
840c55bffffffff-2019-06,2
840c55bffffffff-2020-07,1
840c55bffffffff-2021-05,3
840c55bffffffff-2022-05,1
840c55bffffffff-2022-06,9
840c55bffffffff-2023-05,5
840c55bffffffff-2023-07,3
840c55dffffffff-2012-05,1
840c55dffffffff-2014-05,2
840c55dffffffff-2014-06,2
840c55dffffffff-2015-05,1
840c55dffffffff-2015-07,1
840c55dffffffff-2017-05,2
840c55dffffffff-2018-05,1
840c55dffffffff-2020-05,2
840c55dffffffff-2021-06,7
840c55dffffffff-2022-04,1
840c55dffffffff-2022-05,1
840c55dffffffff-2022-06,1
840c55dffffffff-2022-07,1
840c55dffffffff-2023-06,1
840c55dffffffff-2023-07,2
840c5a1ffffffff-2016-07,1
840c5a1ffffffff-2016-08,2
840c5a1ffffffff-2020-08,4
840c5a1ffffffff-2021-08,2
840c5a5ffffffff-2012-08,4
840c5a5ffffffff-2012-09,1
840c5a5ffffffff-2013-05,4
840c5a5ffffffff-2013-07,1
840c5a5ffffffff-2013-08,1
840c5a5ffffffff-2014-08,1
840c5a5ffffffff-2014-10,2
840c5a5ffffffff-2015-08,1
840c5a5ffffffff-2016-05,1
840c5a5ffffffff-2016-06,4
840c5a5ffffffff-2016-07,3
840c5a5ffffffff-2016-08,1
840c5a5ffffffff-2017-07,8
840c5a5ffffffff-2017-08,9
840c5a5ffffffff-2018-05,7
840c5a5ffffffff-2018-07,1
840c5a5ffffffff-2018-08,4
840c5a5ffffffff-2019-05,2
840c5a5ffffffff-2019-07,4
840c5a5ffffffff-2019-08,5
840c5a5ffffffff-2019-09,7
840c5a5ffffffff-2020-04,1
840c5a5ffffffff-2020-05,6
840c5a5ffffffff-2020-07,4
840c5a5ffffffff-2020-08,4
840c5a5ffffffff-2021-05,1
840c5a5ffffffff-2021-07,2
840c5a5ffffffff-2021-08,3
840c5a5ffffffff-2022-07,4
840c5a5ffffffff-2022-09,3
840c5a5ffffffff-2023-07,1
840c5a5ffffffff-2023-08,8
840c5a7ffffffff-2014-08,1
840c5a7ffffffff-2018-08,2
840c5a7ffffffff-2019-07,1
840c5a7ffffffff-2019-09,1
840c5a7ffffffff-2020-07,4
840c5a7ffffffff-2020-08,7
840c5a7ffffffff-2021-07,3
840c5a7ffffffff-2021-08,12
840c5a7ffffffff-2022-08,4
840c5a7ffffffff-2023-05,1
840c5a7ffffffff-2023-07,2
840c5a7ffffffff-2023-08,1
840c5a7ffffffff-2023-09,2
840c5adffffffff-2015-07,1
840c5adffffffff-2019-07,1
840c5adffffffff-2020-08,4
840c5adffffffff-2022-08,1
840c5cdffffffff-2013-07,1
840c601ffffffff-2014-06,1
840c609ffffffff-2012-07,1
840c609ffffffff-2014-06,1
840c609ffffffff-2014-07,1
840c609ffffffff-2020-06,1
840c609ffffffff-2021-07,2
840c609ffffffff-2023-07,1
840c60dffffffff-2013-06,1
840c60dffffffff-2017-06,1
840c615ffffffff-2020-08,1
840c617ffffffff-2015-07,1
840c617ffffffff-2016-06,1
840c621ffffffff-2013-05,6
840c621ffffffff-2013-06,1
840c621ffffffff-2014-05,5
840c621ffffffff-2015-05,8
840c621ffffffff-2015-06,2
840c621ffffffff-2015-07,1
840c621ffffffff-2016-05,3
840c621ffffffff-2016-06,1
840c621ffffffff-2017-05,2
840c621ffffffff-2017-06,4
840c621ffffffff-2018-05,2
840c621ffffffff-2018-06,1
840c621ffffffff-2019-05,1
840c621ffffffff-2019-06,2
840c621ffffffff-2020-05,22
840c621ffffffff-2020-06,1
840c621ffffffff-2021-05,18
840c621ffffffff-2021-06,1
840c621ffffffff-2021-07,1
840c621ffffffff-2022-05,31
840c621ffffffff-2022-06,3
840c621ffffffff-2023-05,13
840c621ffffffff-2023-06,2
840c621ffffffff-2023-07,2
840c623ffffffff-2012-05,1
840c623ffffffff-2013-05,1
840c623ffffffff-2015-05,2
840c623ffffffff-2017-05,1
840c623ffffffff-2017-06,1
840c623ffffffff-2018-05,1
840c623ffffffff-2020-05,3
840c623ffffffff-2020-06,3
840c623ffffffff-2021-05,3
840c623ffffffff-2022-05,16
840c623ffffffff-2022-06,4
840c623ffffffff-2022-07,1
840c623ffffffff-2023-05,7
840c623ffffffff-2023-07,2
840c625ffffffff-2012-05,4
840c625ffffffff-2014-05,1
840c625ffffffff-2015-05,2
840c625ffffffff-2016-05,2
840c625ffffffff-2016-07,2
840c625ffffffff-2017-05,1
840c625ffffffff-2017-06,1
840c625ffffffff-2018-06,1
840c625ffffffff-2018-07,1
840c625ffffffff-2019-06,2
840c625ffffffff-2020-05,1
840c625ffffffff-2020-07,4
840c625ffffffff-2021-05,1
840c625ffffffff-2021-06,1
840c625ffffffff-2022-05,2
840c625ffffffff-2023-06,2
840c629ffffffff-2014-05,2
840c629ffffffff-2014-06,1
840c629ffffffff-2015-05,9
840c629ffffffff-2015-07,1
840c629ffffffff-2016-05,5
840c629ffffffff-2016-06,1
840c629ffffffff-2017-05,2
840c629ffffffff-2018-05,2
840c629ffffffff-2019-05,1
840c629ffffffff-2021-05,11
840c629ffffffff-2021-07,1
840c629ffffffff-2022-05,13
840c629ffffffff-2022-07,2
840c62bffffffff-2012-05,3
840c62bffffffff-2020-05,1
840c62bffffffff-2021-06,1
840c62bffffffff-2022-05,4
840c62bffffffff-2023-05,2
840c631ffffffff-2019-08,1
840c631ffffffff-2020-05,1
840c635ffffffff-2013-05,1
840c63bffffffff-2021-05,1
840c63dffffffff-2012-05,7
840c63dffffffff-2012-07,1
840c63dffffffff-2013-06,1
840c63dffffffff-2013-07,2
840c63dffffffff-2015-05,3
840c63dffffffff-2016-05,1
840c63dffffffff-2017-07,2
840c63dffffffff-2018-05,1
840c63dffffffff-2018-06,4
840c63dffffffff-2019-07,1
840c63dffffffff-2019-08,2
840c63dffffffff-2020-05,3
840c63dffffffff-2020-06,4
840c63dffffffff-2020-07,4
840c63dffffffff-2020-08,1
840c63dffffffff-2021-05,4
840c63dffffffff-2021-08,1
840c63dffffffff-2022-05,3
840c63dffffffff-2022-06,1
840c63dffffffff-2022-07,1
840c63dffffffff-2023-07,1
840c645ffffffff-2015-05,2
840c645ffffffff-2016-05,4
840c645ffffffff-2016-06,1
840c645ffffffff-2019-05,1
840c645ffffffff-2019-06,3
840c645ffffffff-2020-06,1
840c645ffffffff-2021-05,1
840c647ffffffff-2016-05,1
840c647ffffffff-2018-05,2
840c647ffffffff-2020-06,4
840c647ffffffff-2021-05,1
840c64bffffffff-2014-05,4
840c64bffffffff-2014-06,1
840c64bffffffff-2015-05,3
840c64bffffffff-2016-06,7
840c64bffffffff-2017-05,1
840c64bffffffff-2017-06,2
840c64bffffffff-2019-05,2
840c64bffffffff-2020-06,2
840c64bffffffff-2021-05,3
840c64bffffffff-2021-06,2
840c64bffffffff-2022-05,2
840c64bffffffff-2022-07,1
840c651ffffffff-2014-05,1
840c651ffffffff-2014-07,2
840c651ffffffff-2017-05,1
840c651ffffffff-2018-06,2
840c651ffffffff-2019-05,1
840c651ffffffff-2021-06,2
840c651ffffffff-2022-06,1
840c651ffffffff-2023-05,4
840c651ffffffff-2023-06,1
840c659ffffffff-2012-06,2
840c659ffffffff-2014-05,1
840c659ffffffff-2014-06,1
840c659ffffffff-2018-05,1
840c659ffffffff-2019-05,1
840c659ffffffff-2020-06,5
840c659ffffffff-2021-06,1
840c659ffffffff-2022-05,3
840c659ffffffff-2022-06,1
840c659ffffffff-2022-07,3
840c659ffffffff-2023-05,1
840c659ffffffff-2023-07,2
840c659ffffffff-2023-08,3
840c65bffffffff-2015-06,1
840c65bffffffff-2017-06,9
840c65bffffffff-2017-07,1
840c65bffffffff-2019-05,1
840c65bffffffff-2022-05,2
840c65bffffffff-2022-07,8
840c65bffffffff-2023-06,3
840c65dffffffff-2012-05,1
840c65dffffffff-2012-06,8
840c65dffffffff-2013-05,3
840c65dffffffff-2013-06,2
840c65dffffffff-2014-05,7
840c65dffffffff-2015-05,3
840c65dffffffff-2015-06,2
840c65dffffffff-2017-06,2
840c65dffffffff-2018-05,4
840c65dffffffff-2018-06,2
840c65dffffffff-2019-05,4
840c65dffffffff-2019-06,8
840c65dffffffff-2019-07,3
840c65dffffffff-2020-05,1
840c65dffffffff-2020-06,14
840c65dffffffff-2020-07,1
840c65dffffffff-2021-05,3
840c65dffffffff-2021-06,6
840c65dffffffff-2021-07,1
840c65dffffffff-2022-05,4
840c65dffffffff-2022-06,5
840c65dffffffff-2022-07,2
840c65dffffffff-2023-05,16
840c65dffffffff-2023-06,16
840c65dffffffff-2023-07,3
840c663ffffffff-2014-05,1
840c663ffffffff-2019-07,1
840c663ffffffff-2023-06,1
840c663ffffffff-2023-07,1
840c665ffffffff-2012-07,1
840c665ffffffff-2013-06,8
840c665ffffffff-2013-07,2
840c665ffffffff-2014-06,6
840c665ffffffff-2015-05,2
840c665ffffffff-2015-06,3
840c665ffffffff-2015-07,1
840c665ffffffff-2015-08,1
840c665ffffffff-2016-05,4
840c665ffffffff-2016-06,14
840c665ffffffff-2016-07,1
840c665ffffffff-2017-06,16
840c665ffffffff-2017-07,6
840c665ffffffff-2017-08,1
840c665ffffffff-2018-05,1
840c665ffffffff-2018-06,23
840c665ffffffff-2018-07,3
840c665ffffffff-2019-05,3
840c665ffffffff-2019-06,37
840c665ffffffff-2019-07,9
840c665ffffffff-2020-05,8
840c665ffffffff-2020-06,2
840c665ffffffff-2020-07,6
840c665ffffffff-2021-05,2
840c665ffffffff-2021-06,38
840c665ffffffff-2021-07,5
840c665ffffffff-2022-05,3
840c665ffffffff-2022-06,44
840c665ffffffff-2022-07,7
840c665ffffffff-2023-05,6
840c665ffffffff-2023-06,41
840c665ffffffff-2023-07,9
840c667ffffffff-2013-07,2
840c667ffffffff-2014-05,1
840c667ffffffff-2014-06,1
840c667ffffffff-2015-05,5
840c667ffffffff-2015-07,1
840c667ffffffff-2016-05,2
840c667ffffffff-2016-06,1
840c667ffffffff-2017-05,1
840c667ffffffff-2017-06,1
840c667ffffffff-2017-07,1
840c667ffffffff-2018-06,4
840c667ffffffff-2019-06,4
840c667ffffffff-2019-07,1
840c667ffffffff-2020-05,5
840c667ffffffff-2020-07,2
840c667ffffffff-2021-05,3
840c667ffffffff-2022-05,2
840c667ffffffff-2022-06,9
840c667ffffffff-2023-05,1
840c667ffffffff-2023-06,1
840c667ffffffff-2023-07,1
840c66dffffffff-2013-06,1
840c66dffffffff-2017-06,3
840c66dffffffff-2017-07,1
840c66dffffffff-2018-07,1
840c66dffffffff-2019-05,1
840c66dffffffff-2019-06,4
840c66dffffffff-2020-05,3
840c66dffffffff-2020-06,1
840c66dffffffff-2021-05,1
840c66dffffffff-2021-06,1
840c66dffffffff-2023-05,2
840c66dffffffff-2023-06,2
840c66dffffffff-2023-07,1
840c6adffffffff-2022-05,4
840c6adffffffff-2022-08,1
840c6adffffffff-2023-05,1
840c705ffffffff-2013-05,2
840c705ffffffff-2013-06,1
840c705ffffffff-2015-05,1
840c705ffffffff-2015-06,1
840c705ffffffff-2016-06,3
840c705ffffffff-2017-06,4
840c705ffffffff-2018-05,1
840c705ffffffff-2019-06,2
840c705ffffffff-2020-05,7
840c705ffffffff-2022-04,1
840c705ffffffff-2022-05,3
840c705ffffffff-2022-06,1
840c705ffffffff-2023-05,3
840c705ffffffff-2023-06,2
840c707ffffffff-2013-05,1
840c707ffffffff-2015-05,1
840c707ffffffff-2015-06,1
840c707ffffffff-2016-05,1
840c707ffffffff-2017-04,1
840c707ffffffff-2017-05,2
840c707ffffffff-2018-05,2
840c707ffffffff-2019-05,2
840c707ffffffff-2019-06,4
840c707ffffffff-2019-08,1
840c707ffffffff-2020-05,5
840c707ffffffff-2021-05,3
840c707ffffffff-2022-05,2
840c707ffffffff-2023-05,8
840c707ffffffff-2023-06,3
840c707ffffffff-2023-07,1
840c70dffffffff-2013-06,1
840c70dffffffff-2016-05,1
840c70dffffffff-2016-06,1
840c70dffffffff-2021-06,17
840c711ffffffff-2018-05,5
840c711ffffffff-2022-05,2
840c715ffffffff-2022-06,2
840c715ffffffff-2023-05,8
840c717ffffffff-2016-06,1
840c717ffffffff-2019-04,1
840c71bffffffff-2012-05,22
840c71bffffffff-2012-07,2
840c71bffffffff-2013-06,8
840c71bffffffff-2014-06,6
840c71bffffffff-2015-07,2
840c71bffffffff-2016-05,7
840c71bffffffff-2017-05,17
840c71bffffffff-2017-06,2
840c71bffffffff-2018-05,3
840c71bffffffff-2019-05,1
840c71bffffffff-2020-05,7
840c71bffffffff-2020-06,3
840c71bffffffff-2021-05,2
840c71bffffffff-2022-05,4
840c71bffffffff-2022-06,21
840c71bffffffff-2023-05,1
840c723ffffffff-2021-08,2
840c729ffffffff-2020-07,1
840c72bffffffff-2023-08,2
840c731ffffffff-2013-05,3
840c731ffffffff-2013-06,8
840c731ffffffff-2014-05,3
840c731ffffffff-2014-06,1
840c731ffffffff-2014-07,1
840c731ffffffff-2015-05,6
840c731ffffffff-2016-05,9
840c731ffffffff-2016-06,5
840c731ffffffff-2016-07,3
840c731ffffffff-2017-05,13
840c731ffffffff-2017-06,9
840c731ffffffff-2017-08,1
840c731ffffffff-2017-09,1
840c731ffffffff-2018-05,39
840c731ffffffff-2018-06,6
840c731ffffffff-2018-07,3
840c731ffffffff-2019-05,36
840c731ffffffff-2019-06,6
840c731ffffffff-2019-07,8
840c731ffffffff-2020-05,30
840c731ffffffff-2020-06,65
840c731ffffffff-2020-08,3
840c731ffffffff-2021-05,12
840c731ffffffff-2021-06,2
840c731ffffffff-2021-07,1
840c731ffffffff-2021-08,1
840c731ffffffff-2022-05,13
840c731ffffffff-2022-06,5
840c731ffffffff-2022-08,1
840c731ffffffff-2023-05,18
840c731ffffffff-2023-06,3
840c731ffffffff-2023-07,3
840c731ffffffff-2023-08,1
840c731ffffffff-2023-09,2
840c733ffffffff-2012-04,2
840c733ffffffff-2012-05,113
840c733ffffffff-2012-06,83
840c733ffffffff-2012-07,46
840c733ffffffff-2012-08,13
840c733ffffffff-2012-09,1
840c733ffffffff-2013-05,90
840c733ffffffff-2013-06,46
840c733ffffffff-2013-07,25
840c733ffffffff-2013-08,17
840c733ffffffff-2013-09,8
840c733ffffffff-2014-04,3
840c733ffffffff-2014-05,96
840c733ffffffff-2014-06,92
840c733ffffffff-2014-07,47
840c733ffffffff-2014-08,48
840c733ffffffff-2014-09,1
840c733ffffffff-2015-04,2
840c733ffffffff-2015-05,184
840c733ffffffff-2015-06,135
840c733ffffffff-2015-07,115
840c733ffffffff-2015-08,31
840c733ffffffff-2015-09,9
840c733ffffffff-2016-04,19
840c733ffffffff-2016-05,242
840c733ffffffff-2016-06,248
840c733ffffffff-2016-07,183
840c733ffffffff-2016-08,63
840c733ffffffff-2016-10,1
840c733ffffffff-2017-04,3
840c733ffffffff-2017-05,216
840c733ffffffff-2017-06,192
840c733ffffffff-2017-07,81
840c733ffffffff-2017-08,58
840c733ffffffff-2017-09,13
840c733ffffffff-2018-04,1
840c733ffffffff-2018-05,368
840c733ffffffff-2018-06,222
840c733ffffffff-2018-07,93
840c733ffffffff-2018-08,60
840c733ffffffff-2018-09,8
840c733ffffffff-2019-04,8
840c733ffffffff-2019-05,215
840c733ffffffff-2019-06,422
840c733ffffffff-2019-07,100
840c733ffffffff-2019-08,94
840c733ffffffff-2019-09,22
840c733ffffffff-2020-04,7
840c733ffffffff-2020-05,349
840c733ffffffff-2020-06,94
840c733ffffffff-2020-07,79
840c733ffffffff-2020-08,88
840c733ffffffff-2020-09,30
840c733ffffffff-2021-04,17
840c733ffffffff-2021-05,340
840c733ffffffff-2021-06,188
840c733ffffffff-2021-07,112
840c733ffffffff-2021-08,76
840c733ffffffff-2021-09,11
840c733ffffffff-2022-04,1
840c733ffffffff-2022-05,375
840c733ffffffff-2022-06,284
840c733ffffffff-2022-07,117
840c733ffffffff-2022-08,135
840c733ffffffff-2022-09,19
840c733ffffffff-2023-04,3
840c733ffffffff-2023-05,344
840c733ffffffff-2023-06,107
840c733ffffffff-2023-07,78
840c733ffffffff-2023-08,202
840c733ffffffff-2023-09,16
840c735ffffffff-2012-05,1
840c735ffffffff-2012-06,2
840c735ffffffff-2014-05,1
840c735ffffffff-2020-05,1
840c739ffffffff-2015-06,2
840c739ffffffff-2017-06,2
840c739ffffffff-2018-05,1
840c739ffffffff-2019-06,1
840c739ffffffff-2020-05,1
840c739ffffffff-2022-05,1
840c739ffffffff-2023-05,2
840c73bffffffff-2012-04,2
840c73bffffffff-2012-05,8
840c73bffffffff-2012-06,3
840c73bffffffff-2012-07,2
840c73bffffffff-2013-05,8
840c73bffffffff-2013-06,11
840c73bffffffff-2013-07,2
840c73bffffffff-2013-09,1
840c73bffffffff-2014-05,7
840c73bffffffff-2014-06,23
840c73bffffffff-2015-04,1
840c73bffffffff-2015-05,8
840c73bffffffff-2015-06,14
840c73bffffffff-2015-07,2
840c73bffffffff-2016-05,20
840c73bffffffff-2016-06,3
840c73bffffffff-2017-05,24
840c73bffffffff-2017-06,27
840c73bffffffff-2018-05,56
840c73bffffffff-2018-06,25
840c73bffffffff-2018-08,1
840c73bffffffff-2019-04,3
840c73bffffffff-2019-05,26
840c73bffffffff-2019-06,17
840c73bffffffff-2019-07,3
840c73bffffffff-2019-08,1
840c73bffffffff-2020-05,35
840c73bffffffff-2020-06,10
840c73bffffffff-2020-07,1
840c73bffffffff-2020-08,1
840c73bffffffff-2021-05,40
840c73bffffffff-2021-06,20
840c73bffffffff-2021-07,1
840c73bffffffff-2021-08,5
840c73bffffffff-2022-04,1
840c73bffffffff-2022-05,57
840c73bffffffff-2022-06,26
840c73bffffffff-2022-07,1
840c73bffffffff-2022-08,2
840c73bffffffff-2023-05,64
840c73bffffffff-2023-06,14
840c73bffffffff-2023-07,9
840c73bffffffff-2023-08,3
840c73dffffffff-2013-06,1
840c73dffffffff-2017-04,2
840c73dffffffff-2017-05,1
840c73dffffffff-2018-05,5
840c73dffffffff-2018-06,4
840c73dffffffff-2019-05,1
840c73dffffffff-2019-06,2
840c73dffffffff-2021-06,1
840c73dffffffff-2022-05,3
840c73dffffffff-2022-06,1
840c73dffffffff-2022-07,1
840c73dffffffff-2023-06,38
840c741ffffffff-2013-06,4
840c741ffffffff-2013-07,1
840c741ffffffff-2014-06,5
840c741ffffffff-2015-05,8
840c741ffffffff-2015-06,10
840c741ffffffff-2016-06,9
840c741ffffffff-2017-06,19
840c741ffffffff-2017-07,3
840c741ffffffff-2018-06,1
840c741ffffffff-2018-07,3
840c741ffffffff-2019-05,1
840c741ffffffff-2019-06,8
840c741ffffffff-2019-07,7
840c741ffffffff-2020-05,1
840c741ffffffff-2020-06,2
840c741ffffffff-2021-05,14
840c741ffffffff-2021-06,77
840c741ffffffff-2021-07,1
840c741ffffffff-2022-05,16
840c741ffffffff-2022-06,55
840c741ffffffff-2022-07,5
840c741ffffffff-2022-08,2
840c741ffffffff-2023-05,3
840c741ffffffff-2023-06,29
840c741ffffffff-2023-07,5
840c741ffffffff-2023-08,4
840c745ffffffff-2019-07,1
840c747ffffffff-2019-07,1
840c747ffffffff-2022-05,3
840c747ffffffff-2023-07,1
840c749ffffffff-2020-05,4
840c74bffffffff-2013-06,8
840c74bffffffff-2014-06,1
840c74bffffffff-2015-06,3
840c74bffffffff-2016-05,2
840c74bffffffff-2017-06,5
840c74bffffffff-2018-05,1
840c74bffffffff-2019-06,25
840c74bffffffff-2019-07,9
840c74bffffffff-2020-06,3
840c74bffffffff-2021-06,22
840c74bffffffff-2022-06,5
840c74bffffffff-2022-07,3
840c74bffffffff-2023-05,1
840c74bffffffff-2023-06,22
840c74dffffffff-2012-05,3
840c74dffffffff-2012-06,1
840c74dffffffff-2013-06,9
840c74dffffffff-2014-05,1
840c74dffffffff-2014-06,3
840c74dffffffff-2015-06,2
840c74dffffffff-2016-06,1
840c74dffffffff-2016-07,1
840c74dffffffff-2017-05,2
840c74dffffffff-2017-06,2
840c74dffffffff-2017-07,1
840c74dffffffff-2018-05,5
840c74dffffffff-2018-06,2
840c74dffffffff-2018-07,6
840c74dffffffff-2019-05,5
840c74dffffffff-2019-06,2
840c74dffffffff-2019-07,2
840c74dffffffff-2020-05,5
840c74dffffffff-2020-06,1
840c74dffffffff-2020-07,1
840c74dffffffff-2021-05,2
840c74dffffffff-2021-06,17
840c74dffffffff-2021-07,1
840c74dffffffff-2021-08,2
840c74dffffffff-2022-05,2
840c74dffffffff-2022-06,4
840c74dffffffff-2022-07,4
840c74dffffffff-2022-08,2
840c74dffffffff-2023-05,7
840c74dffffffff-2023-06,3
840c753ffffffff-2016-07,2
840c753ffffffff-2017-05,1
840c753ffffffff-2019-05,1
840c753ffffffff-2019-07,1
840c753ffffffff-2020-05,2
840c753ffffffff-2020-07,1
840c753ffffffff-2023-07,1
840c759ffffffff-2013-06,2
840c759ffffffff-2014-06,6
840c759ffffffff-2015-05,8
840c759ffffffff-2015-06,4
840c759ffffffff-2016-05,5
840c759ffffffff-2016-06,4
840c759ffffffff-2017-06,4
840c759ffffffff-2017-07,4
840c759ffffffff-2018-06,7
840c759ffffffff-2018-07,2
840c759ffffffff-2019-05,1
840c759ffffffff-2019-06,12
840c759ffffffff-2019-07,3
840c759ffffffff-2019-08,2
840c759ffffffff-2020-05,2
840c759ffffffff-2020-06,7
840c759ffffffff-2020-07,3
840c759ffffffff-2021-05,3
840c759ffffffff-2021-06,22
840c759ffffffff-2021-07,10
840c759ffffffff-2021-08,3
840c759ffffffff-2022-05,4
840c759ffffffff-2022-06,9
840c759ffffffff-2022-07,10
840c759ffffffff-2023-06,9
840c759ffffffff-2023-07,8
840c759ffffffff-2023-08,4
840c75dffffffff-2013-06,6
840c75dffffffff-2014-06,2
840c75dffffffff-2015-05,2
840c75dffffffff-2017-06,1
840c75dffffffff-2018-06,2
840c75dffffffff-2018-07,2
840c75dffffffff-2019-07,4
840c75dffffffff-2020-06,1
840c75dffffffff-2021-06,10
840c75dffffffff-2022-06,1
840c75dffffffff-2023-06,6
840c75dffffffff-2023-07,1
840c769ffffffff-2012-05,2
840c769ffffffff-2012-06,7
840c769ffffffff-2013-06,5
840c769ffffffff-2014-05,1
840c769ffffffff-2014-06,1
840c769ffffffff-2014-07,4
840c769ffffffff-2014-08,1
840c769ffffffff-2015-06,5
840c769ffffffff-2016-07,4
840c769ffffffff-2017-06,7
840c769ffffffff-2018-06,2
840c769ffffffff-2019-06,4
840c769ffffffff-2019-07,3
840c769ffffffff-2022-05,5
840c769ffffffff-2022-06,2
840c769ffffffff-2022-07,3
840c769ffffffff-2022-08,1
840c809ffffffff-2018-06,1
840ca43ffffffff-2012-05,3
840ca43ffffffff-2018-05,16
840ca9bffffffff-2015-07,1
840ca9bffffffff-2016-07,2
840ca9bffffffff-2022-06,1
840cd8dffffffff-2017-05,1
840cd8dffffffff-2021-07,1
840cd8dffffffff-2023-08,1
840cdd1ffffffff-2023-06,1
840ce03ffffffff-2022-06,1
840ce03ffffffff-2023-05,1
840ce07ffffffff-2014-07,1
840ce07ffffffff-2022-07,3
840ce07ffffffff-2022-08,1
840ce07ffffffff-2023-05,1
840ce11ffffffff-2014-06,1
840ce17ffffffff-2022-05,10
840ce17ffffffff-2023-05,1
840ce17ffffffff-2023-06,8
840ce29ffffffff-2020-07,11
840ce67ffffffff-2013-08,1
840ce67ffffffff-2021-08,1
840ce89ffffffff-2017-08,1
840cea5ffffffff-2021-08,1
840ceadffffffff-2022-06,1
840cec1ffffffff-2019-07,1
840cec5ffffffff-2014-07,1
840cec5ffffffff-2015-07,1
840cec5ffffffff-2017-06,1
840cec5ffffffff-2017-08,1
840cec5ffffffff-2018-06,2
840cec5ffffffff-2019-06,3
840cec5ffffffff-2019-07,1
840cec5ffffffff-2022-06,11
840cec5ffffffff-2022-08,1
840cec5ffffffff-2023-08,1
840cec9ffffffff-2022-08,2
840cec9ffffffff-2023-08,3
840cecdffffffff-2018-06,2
840ced1ffffffff-2016-07,2
840cee7ffffffff-2021-09,1
840cee7ffffffff-2022-08,1
840cee9ffffffff-2013-05,1
840cee9ffffffff-2018-05,1
840cee9ffffffff-2019-05,2
840cee9ffffffff-2020-05,3
840cee9ffffffff-2021-04,1
840cee9ffffffff-2021-05,1
840cee9ffffffff-2022-05,16
840cee9ffffffff-2023-05,15
840cee9ffffffff-2023-06,20
840ceedffffffff-2014-05,1
840ceedffffffff-2016-07,1
840ceedffffffff-2023-05,1
840cf51ffffffff-2014-07,1
840cf51ffffffff-2015-06,1
840cf5bffffffff-2021-09,1
840d039ffffffff-2013-06,1
840d039ffffffff-2016-05,4
840d039ffffffff-2018-06,2
840d039ffffffff-2019-05,1
840d039ffffffff-2022-05,7
840d039ffffffff-2022-06,14
840d039ffffffff-2023-06,2
840d093ffffffff-2015-06,1
840d093ffffffff-2017-06,1
840d093ffffffff-2018-06,3
840d093ffffffff-2019-06,4
840d093ffffffff-2020-05,6
840d093ffffffff-2021-07,2
840d093ffffffff-2022-06,8
840d093ffffffff-2023-05,1
840d093ffffffff-2023-06,4
840d09bffffffff-2020-05,3
840d09bffffffff-2020-06,4
840d09bffffffff-2021-07,2
840d09bffffffff-2022-05,1
840d0b3ffffffff-2015-05,2
840d0b3ffffffff-2015-06,2
840d0b3ffffffff-2018-05,6
840d0b3ffffffff-2018-06,6
840d0b3ffffffff-2021-07,2
840d0c3ffffffff-2016-05,4
840d0c3ffffffff-2017-06,1
840d0c5ffffffff-2021-07,1
840d0d3ffffffff-2023-06,1
840d0d9ffffffff-2017-07,1
840d0d9ffffffff-2019-07,1
840d0d9ffffffff-2021-05,1
840d405ffffffff-2018-06,14
840d40dffffffff-2022-06,2
840d425ffffffff-2018-06,1
840d425ffffffff-2019-06,55
840d425ffffffff-2022-06,1
840d425ffffffff-2023-06,6
840d425ffffffff-2023-08,1
840d463ffffffff-2017-06,4
840d483ffffffff-2014-05,1
840d483ffffffff-2016-05,1
840d483ffffffff-2021-05,1
840d483ffffffff-2021-06,1
840d483ffffffff-2021-07,1
840d483ffffffff-2022-05,2
840d483ffffffff-2022-07,1
840d485ffffffff-2020-06,2
840d48bffffffff-2018-07,1
840d48bffffffff-2019-06,2
840d48bffffffff-2022-05,1
840d499ffffffff-2013-06,1
840d499ffffffff-2014-07,1
840d499ffffffff-2015-07,1
840d499ffffffff-2016-06,1
840d499ffffffff-2017-06,5
840d499ffffffff-2017-07,2
840d499ffffffff-2018-05,2
840d499ffffffff-2018-06,4
840d499ffffffff-2018-07,3
840d499ffffffff-2019-07,5
840d499ffffffff-2020-06,4
840d499ffffffff-2021-05,2
840d499ffffffff-2021-06,3
840d499ffffffff-2021-07,1
840d499ffffffff-2022-05,1
840d499ffffffff-2022-06,2
840d499ffffffff-2023-06,7
840d499ffffffff-2023-07,3
840d49bffffffff-2019-07,2
840d49bffffffff-2022-06,1
840d49bffffffff-2023-06,2
840d49bffffffff-2023-07,3
840d49dffffffff-2018-07,1
840d49dffffffff-2019-07,1
840d49dffffffff-2020-06,2
840d49dffffffff-2021-06,1
840d4a1ffffffff-2021-05,1
840d4a1ffffffff-2022-05,2
840d4a1ffffffff-2023-07,1
840d4a7ffffffff-2013-06,1
840d4a7ffffffff-2021-06,1
840d4a9ffffffff-2021-05,1
840d4c3ffffffff-2014-07,2
840d4c3ffffffff-2020-07,1
840d4c3ffffffff-2022-06,1
840d4c3ffffffff-2022-07,2
840d4c3ffffffff-2023-06,1
840d4d5ffffffff-2012-06,2
840d4d5ffffffff-2014-07,2
840d4d5ffffffff-2015-07,3
840d4d5ffffffff-2016-05,2
840d4d5ffffffff-2017-06,1
840d4d5ffffffff-2017-07,1
840d4d5ffffffff-2018-06,9
840d4d5ffffffff-2018-07,4
840d4d5ffffffff-2019-06,7
840d4d5ffffffff-2019-07,11
840d4d5ffffffff-2021-06,5
840d4d5ffffffff-2022-05,2
840d4d5ffffffff-2022-06,13
840d4d5ffffffff-2022-07,8
840d4d5ffffffff-2023-06,6
840d4d5ffffffff-2023-07,12
840d4e3ffffffff-2021-05,1
840d4e7ffffffff-2019-07,1
840d4e7ffffffff-2020-05,1
840d4e7ffffffff-2021-05,2
840d521ffffffff-2017-06,1
840d521ffffffff-2018-06,2
840d527ffffffff-2014-06,6
840d527ffffffff-2016-06,4
840d527ffffffff-2018-06,77
840d529ffffffff-2017-06,1
840d529ffffffff-2018-06,2
840d52dffffffff-2022-06,2
840d537ffffffff-2014-05,1
840d537ffffffff-2022-05,1
840d537ffffffff-2023-07,1
840d563ffffffff-2018-06,2
840d563ffffffff-2020-05,1
840d563ffffffff-2022-06,3
840d563ffffffff-2023-06,1
840d563ffffffff-2023-07,1
840d569ffffffff-2018-06,2
840d56bffffffff-2023-06,1
840d585ffffffff-2015-05,4
840d585ffffffff-2015-06,1
840d585ffffffff-2017-05,3
840d585ffffffff-2017-06,1
840d585ffffffff-2017-07,1
840d585ffffffff-2018-05,2
840d585ffffffff-2018-06,1
840d585ffffffff-2019-05,76
840d585ffffffff-2019-06,17
840d585ffffffff-2020-05,2
840d585ffffffff-2020-06,1
840d585ffffffff-2021-05,281
840d585ffffffff-2021-06,80
840d585ffffffff-2022-05,232
840d585ffffffff-2022-06,92
840d585ffffffff-2023-06,228
840d587ffffffff-2018-06,1
840d587ffffffff-2020-05,2
840d587ffffffff-2020-06,3
840d587ffffffff-2020-07,1
840d587ffffffff-2023-06,3
840d58dffffffff-2018-05,1
840d58dffffffff-2020-05,1
840d58dffffffff-2021-05,6
840d58dffffffff-2022-05,3
840d593ffffffff-2014-06,1
840d593ffffffff-2019-05,1
840d593ffffffff-2019-06,2
840d593ffffffff-2020-06,2
840d593ffffffff-2021-05,1
840d593ffffffff-2021-07,3
840d593ffffffff-2022-05,1
840d593ffffffff-2022-07,1
840d593ffffffff-2023-06,2
840d593ffffffff-2023-07,1
840d595ffffffff-2013-05,3
840d595ffffffff-2017-07,1
840d595ffffffff-2020-04,1
840d595ffffffff-2020-05,17
840d595ffffffff-2021-04,2
840d595ffffffff-2021-05,6
840d595ffffffff-2022-05,5
840d595ffffffff-2023-05,2
840d597ffffffff-2015-06,1
840d5a5ffffffff-2013-07,1
840d5a5ffffffff-2018-05,2
840d5a5ffffffff-2019-05,1
840d5a5ffffffff-2020-05,3
840d5a5ffffffff-2021-06,2
840d5a5ffffffff-2022-06,2
840d5a5ffffffff-2023-05,1
840d5a5ffffffff-2023-06,2
840d5a9ffffffff-2012-05,51
840d5a9ffffffff-2012-06,13
840d5a9ffffffff-2012-07,12
840d5a9ffffffff-2012-08,2
840d5a9ffffffff-2013-05,91
840d5a9ffffffff-2013-06,18
840d5a9ffffffff-2013-07,4
840d5a9ffffffff-2014-04,1
840d5a9ffffffff-2014-05,59
840d5a9ffffffff-2014-06,2
840d5a9ffffffff-2014-07,5
840d5a9ffffffff-2014-08,2
840d5a9ffffffff-2015-04,2
840d5a9ffffffff-2015-05,87
840d5a9ffffffff-2015-06,36
840d5a9ffffffff-2015-07,7
840d5a9ffffffff-2016-04,21
840d5a9ffffffff-2016-05,96
840d5a9ffffffff-2016-06,10
840d5a9ffffffff-2016-07,9
840d5a9ffffffff-2016-08,4
840d5a9ffffffff-2017-04,2
840d5a9ffffffff-2017-05,163
840d5a9ffffffff-2017-06,26
840d5a9ffffffff-2017-07,18
840d5a9ffffffff-2017-08,4
840d5a9ffffffff-2018-04,2
840d5a9ffffffff-2018-05,206
840d5a9ffffffff-2018-06,23
840d5a9ffffffff-2018-07,22
840d5a9ffffffff-2018-08,2
840d5a9ffffffff-2019-04,12
840d5a9ffffffff-2019-05,330
840d5a9ffffffff-2019-06,59
840d5a9ffffffff-2019-07,31
840d5a9ffffffff-2019-08,2
840d5a9ffffffff-2020-04,1
840d5a9ffffffff-2020-05,444
840d5a9ffffffff-2020-06,48
840d5a9ffffffff-2020-07,24
840d5a9ffffffff-2020-08,8
840d5a9ffffffff-2021-05,445
840d5a9ffffffff-2021-06,54
840d5a9ffffffff-2021-07,37
840d5a9ffffffff-2021-08,2
840d5a9ffffffff-2021-09,1
840d5a9ffffffff-2022-04,1
840d5a9ffffffff-2022-05,294
840d5a9ffffffff-2022-06,61
840d5a9ffffffff-2022-07,36
840d5a9ffffffff-2022-08,8
840d5a9ffffffff-2023-05,303
840d5a9ffffffff-2023-06,97
840d5a9ffffffff-2023-07,43
840d5a9ffffffff-2023-08,25
840d5a9ffffffff-2023-09,1
840d5abffffffff-2017-06,1
840d5abffffffff-2018-05,1
840d5abffffffff-2019-05,2
840d5abffffffff-2020-05,1
840d5abffffffff-2021-05,10
840d5abffffffff-2022-05,5
840d5abffffffff-2022-06,1
840d5abffffffff-2023-05,2
840d5abffffffff-2023-06,1
840d5b9ffffffff-2012-05,1
840d5b9ffffffff-2012-06,1
840d5b9ffffffff-2015-05,1
840d5b9ffffffff-2016-05,4
840d5b9ffffffff-2018-05,1
840d5b9ffffffff-2019-05,1
840d5b9ffffffff-2020-05,17
840d5b9ffffffff-2020-06,2
840d5b9ffffffff-2021-05,9
840d5b9ffffffff-2022-05,3
840d5b9ffffffff-2022-06,1
840d5b9ffffffff-2022-07,1
840d5b9ffffffff-2023-05,2
840d5bbffffffff-2021-06,1
840d5c3ffffffff-2021-05,1
840d5c3ffffffff-2022-07,1
840d5c9ffffffff-2020-05,8
840d5c9ffffffff-2021-05,6
840d5e3ffffffff-2019-05,1
840d5e3ffffffff-2019-06,1
840d5e3ffffffff-2022-05,1
840d5e3ffffffff-2022-06,8
840d5e3ffffffff-2023-06,1
840d5e5ffffffff-2021-05,2
840d5e7ffffffff-2012-05,2
840d5e7ffffffff-2012-06,2
840d5e7ffffffff-2013-05,16
840d5e7ffffffff-2013-06,6
840d5e7ffffffff-2014-05,11
840d5e7ffffffff-2014-06,2
840d5e7ffffffff-2014-07,1
840d5e7ffffffff-2015-05,20
840d5e7ffffffff-2015-06,7
840d5e7ffffffff-2016-04,1
840d5e7ffffffff-2016-05,18
840d5e7ffffffff-2016-06,10
840d5e7ffffffff-2016-07,1
840d5e7ffffffff-2017-05,28
840d5e7ffffffff-2017-06,11
840d5e7ffffffff-2017-07,4
840d5e7ffffffff-2018-05,24
840d5e7ffffffff-2018-06,12
840d5e7ffffffff-2018-07,4
840d5e7ffffffff-2019-05,52
840d5e7ffffffff-2019-06,27
840d5e7ffffffff-2019-07,9
840d5e7ffffffff-2020-05,43
840d5e7ffffffff-2020-06,14
840d5e7ffffffff-2020-07,1
840d5e7ffffffff-2021-05,39
840d5e7ffffffff-2021-06,25
840d5e7ffffffff-2021-07,6
840d5e7ffffffff-2022-05,31
840d5e7ffffffff-2022-06,22
840d5e7ffffffff-2022-07,3
840d5e7ffffffff-2022-08,2
840d5e7ffffffff-2023-05,46
840d5e7ffffffff-2023-06,28
840d5e7ffffffff-2023-07,4
840d5ebffffffff-2015-05,2
840d5ebffffffff-2015-07,1
840d607ffffffff-2022-06,4
840d609ffffffff-2013-06,7
840d609ffffffff-2014-06,1
840d619ffffffff-2012-05,1
840d619ffffffff-2012-07,4
840d619ffffffff-2013-06,7
840d619ffffffff-2014-06,2
840d619ffffffff-2014-07,4
840d619ffffffff-2017-05,5
840d619ffffffff-2018-06,4
840d619ffffffff-2018-07,4
840d619ffffffff-2019-06,9
840d619ffffffff-2019-07,1
840d619ffffffff-2021-06,4
840d619ffffffff-2022-05,3
840d619ffffffff-2022-06,29
840d619ffffffff-2022-07,2
840d619ffffffff-2022-08,1
840d619ffffffff-2023-05,10
840d619ffffffff-2023-06,8
840d619ffffffff-2023-07,11
840d619ffffffff-2023-08,4
840d61bffffffff-2014-06,1
840d61bffffffff-2021-06,1
840d625ffffffff-2023-07,1
840d651ffffffff-2018-06,1
840d651ffffffff-2019-06,6
840d651ffffffff-2021-06,2
840d651ffffffff-2022-06,1
840d651ffffffff-2022-07,1
840d651ffffffff-2023-06,1
840d65dffffffff-2017-07,1
840d65dffffffff-2018-06,1
840d65dffffffff-2018-07,5
840d65dffffffff-2019-06,3
840d65dffffffff-2021-06,4
840d65dffffffff-2022-06,12
840d65dffffffff-2023-06,7
840d65dffffffff-2023-07,3
840d6a9ffffffff-2022-06,1
840d6c1ffffffff-2016-08,1
840d6c5ffffffff-2013-06,1
840d6c5ffffffff-2014-06,1
840d6c5ffffffff-2017-06,1
840d6c5ffffffff-2018-06,11
840d6c5ffffffff-2018-07,3
840d6c5ffffffff-2019-06,15
840d6c5ffffffff-2019-07,1
840d6c5ffffffff-2021-06,1
840d6c5ffffffff-2022-06,1
840d6c5ffffffff-2023-06,1
840d6cdffffffff-2019-06,2
840d6cdffffffff-2021-06,2
840d6e9ffffffff-2018-06,1
840d6e9ffffffff-2019-06,4
840d6e9ffffffff-2019-07,1
840d6e9ffffffff-2023-06,1
840d6ebffffffff-2019-06,1
840d6ebffffffff-2023-06,2
840d723ffffffff-2016-06,1
840d723ffffffff-2017-06,4
840d723ffffffff-2018-06,1
840d723ffffffff-2023-06,4
840d729ffffffff-2023-06,1
840d72bffffffff-2014-06,2
840d72bffffffff-2021-06,1
840d72bffffffff-2023-06,1
840d737ffffffff-2014-06,1
840d737ffffffff-2015-06,3
840d737ffffffff-2017-06,1
840d737ffffffff-2019-06,2
840d737ffffffff-2023-06,1
840d753ffffffff-2012-05,1
840d753ffffffff-2012-06,1
840d753ffffffff-2022-05,2
840d753ffffffff-2023-07,1
840d763ffffffff-2022-05,3
840d89bffffffff-2019-05,1
840e003ffffffff-2023-06,1
840e40bffffffff-2023-06,2
840e41bffffffff-2022-07,2
840e443ffffffff-2019-07,5
840e445ffffffff-2019-07,1
840e447ffffffff-2019-07,1
840e453ffffffff-2017-07,3
840e465ffffffff-2015-06,4
840e469ffffffff-2015-06,1
840e491ffffffff-2013-08,1
840e491ffffffff-2014-05,2
840e491ffffffff-2015-05,13
840e491ffffffff-2015-09,2
840e491ffffffff-2016-05,3
840e491ffffffff-2016-08,1
840e491ffffffff-2017-05,2
840e491ffffffff-2017-08,2
840e491ffffffff-2018-05,13
840e491ffffffff-2018-08,9
840e491ffffffff-2018-09,6
840e491ffffffff-2019-05,1
840e491ffffffff-2019-07,8
840e491ffffffff-2019-08,32
840e491ffffffff-2019-09,11
840e491ffffffff-2020-05,1
840e491ffffffff-2020-06,4
840e491ffffffff-2020-08,5
840e491ffffffff-2021-05,1
840e491ffffffff-2021-07,1
840e491ffffffff-2021-08,5
840e491ffffffff-2021-09,1
840e491ffffffff-2022-05,6
840e491ffffffff-2022-08,9
840e491ffffffff-2022-09,5
840e491ffffffff-2023-05,1
840e491ffffffff-2023-07,2
840e491ffffffff-2023-08,2
840e493ffffffff-2013-08,1
840e493ffffffff-2014-08,3
840e493ffffffff-2015-05,2
840e493ffffffff-2015-07,2
840e493ffffffff-2015-08,6
840e493ffffffff-2015-09,2
840e493ffffffff-2016-07,1
840e493ffffffff-2016-08,3
840e493ffffffff-2017-08,14
840e493ffffffff-2017-09,1
840e493ffffffff-2018-05,5
840e493ffffffff-2018-07,4
840e493ffffffff-2018-08,4
840e493ffffffff-2018-09,5
840e493ffffffff-2019-07,6
840e493ffffffff-2019-08,10
840e493ffffffff-2019-09,2
840e493ffffffff-2020-05,4
840e493ffffffff-2020-07,5
840e493ffffffff-2020-08,26
840e493ffffffff-2020-09,11
840e493ffffffff-2020-10,1
840e493ffffffff-2021-05,5
840e493ffffffff-2021-06,1
840e493ffffffff-2021-07,22
840e493ffffffff-2021-08,27
840e493ffffffff-2021-09,9
840e493ffffffff-2021-10,5
840e493ffffffff-2022-05,2
840e493ffffffff-2022-07,12
840e493ffffffff-2022-08,27
840e493ffffffff-2022-09,2
840e493ffffffff-2023-05,9
840e493ffffffff-2023-07,5
840e493ffffffff-2023-08,8
840e493ffffffff-2023-09,10
840e497ffffffff-2013-08,3
840e497ffffffff-2013-09,3
840e497ffffffff-2014-05,7
840e497ffffffff-2014-07,4
840e497ffffffff-2014-08,4
840e497ffffffff-2014-10,1
840e497ffffffff-2015-05,8
840e497ffffffff-2015-07,4
840e497ffffffff-2015-08,5
840e497ffffffff-2015-09,8
840e497ffffffff-2015-10,1
840e497ffffffff-2016-05,5
840e497ffffffff-2016-08,11
840e497ffffffff-2016-09,8
840e497ffffffff-2017-05,4
840e497ffffffff-2017-07,1
840e497ffffffff-2017-08,11
840e497ffffffff-2018-05,17
840e497ffffffff-2018-08,19
840e497ffffffff-2018-09,17
840e497ffffffff-2019-04,1
840e497ffffffff-2019-05,5
840e497ffffffff-2019-08,27
840e497ffffffff-2019-09,9
840e497ffffffff-2020-05,7
840e497ffffffff-2020-07,1
840e497ffffffff-2020-08,28
840e497ffffffff-2020-09,27
840e497ffffffff-2020-10,1
840e497ffffffff-2021-05,9
840e497ffffffff-2021-07,2
840e497ffffffff-2021-08,54
840e497ffffffff-2021-09,19
840e497ffffffff-2022-05,39
840e497ffffffff-2022-06,1
840e497ffffffff-2022-07,3
840e497ffffffff-2022-08,46
840e497ffffffff-2022-09,23
840e497ffffffff-2023-05,22
840e497ffffffff-2023-07,1
840e497ffffffff-2023-08,25
840e497ffffffff-2023-09,5
840e499ffffffff-2016-05,4
840e499ffffffff-2018-05,3
840e499ffffffff-2018-08,2
840e499ffffffff-2019-08,2
840e499ffffffff-2020-05,2
840e499ffffffff-2020-08,3
840e499ffffffff-2020-09,7
840e499ffffffff-2021-08,6
840e499ffffffff-2021-09,2
840e499ffffffff-2022-08,2
840e499ffffffff-2022-09,3
840e499ffffffff-2023-08,5
840e49bffffffff-2013-07,1
840e49bffffffff-2014-05,1
840e49bffffffff-2014-08,2
840e49bffffffff-2016-05,3
840e49bffffffff-2016-08,13
840e49bffffffff-2018-05,4
840e49bffffffff-2018-08,6
840e49bffffffff-2018-09,1
840e49bffffffff-2019-07,1
840e49bffffffff-2019-08,19
840e49bffffffff-2019-09,14
840e49bffffffff-2020-05,2
840e49bffffffff-2020-06,3
840e49bffffffff-2020-07,2
840e49bffffffff-2020-08,14
840e49bffffffff-2021-05,2
840e49bffffffff-2021-07,1
840e49bffffffff-2021-08,15
840e49bffffffff-2021-09,13
840e49bffffffff-2022-05,2
840e49bffffffff-2022-08,1
840e49bffffffff-2023-07,10
840e49bffffffff-2023-08,9
840e49bffffffff-2023-09,9
840e4a9ffffffff-2021-09,2
840e4b3ffffffff-2018-10,2
840e4b3ffffffff-2023-05,4
840e4d3ffffffff-2014-05,1
840e4d3ffffffff-2016-05,2
840e4d3ffffffff-2016-07,2
840e4d3ffffffff-2016-08,4
840e4d3ffffffff-2016-09,1
840e4d3ffffffff-2017-08,1
840e4d3ffffffff-2017-09,5
840e4d3ffffffff-2018-05,9
840e4d3ffffffff-2018-07,1
840e4d3ffffffff-2018-08,2
840e4d3ffffffff-2018-09,3
840e4d3ffffffff-2019-05,7
840e4d3ffffffff-2020-05,16
840e4d3ffffffff-2020-08,4
840e4d3ffffffff-2021-05,6
840e4d3ffffffff-2021-08,1
840e4d3ffffffff-2021-09,5
840e4d3ffffffff-2022-05,7
840e4d3ffffffff-2022-08,8
840e4d3ffffffff-2023-05,1
840e4d3ffffffff-2023-08,3
840e4d3ffffffff-2023-09,3
840e4dbffffffff-2014-05,1
840e4dbffffffff-2014-07,2
840e4dbffffffff-2014-08,4
840e4dbffffffff-2015-09,2
840e4dbffffffff-2016-05,15
840e4dbffffffff-2016-07,24
840e4dbffffffff-2016-08,23
840e4dbffffffff-2016-09,8
840e4dbffffffff-2017-05,13
840e4dbffffffff-2017-07,19
840e4dbffffffff-2017-08,25
840e4dbffffffff-2017-09,10
840e4dbffffffff-2017-10,1
840e4dbffffffff-2018-05,24
840e4dbffffffff-2018-06,1
840e4dbffffffff-2018-07,6
840e4dbffffffff-2018-08,18
840e4dbffffffff-2018-09,13
840e4dbffffffff-2018-10,5
840e4dbffffffff-2019-05,16
840e4dbffffffff-2019-07,2
840e4dbffffffff-2019-08,18
840e4dbffffffff-2019-09,5
840e4dbffffffff-2019-10,3
840e4dbffffffff-2020-05,19
840e4dbffffffff-2020-07,5
840e4dbffffffff-2020-08,39
840e4dbffffffff-2020-09,24
840e4dbffffffff-2020-10,2
840e4dbffffffff-2021-05,7
840e4dbffffffff-2021-08,18
840e4dbffffffff-2021-09,10
840e4dbffffffff-2021-10,1
840e4dbffffffff-2022-05,33
840e4dbffffffff-2022-06,1
840e4dbffffffff-2022-07,1
840e4dbffffffff-2022-08,21
840e4dbffffffff-2022-09,17
840e4dbffffffff-2022-10,6
840e4dbffffffff-2023-05,13
840e4dbffffffff-2023-07,20
840e4dbffffffff-2023-08,37
840e4dbffffffff-2023-09,9
840e4dbffffffff-2023-10,10
840e4ddffffffff-2023-05,1
840e5b1ffffffff-2017-10,1
840e5b1ffffffff-2022-05,1
840e5b3ffffffff-2016-05,1
840e5b3ffffffff-2017-08,1
840e5b3ffffffff-2019-08,1
840e5b3ffffffff-2020-08,1
840e5b3ffffffff-2022-07,1
840e6adffffffff-2012-07,2
840e6e9ffffffff-2020-08,1
840e801ffffffff-2018-06,5
840e801ffffffff-2018-07,10
840e801ffffffff-2021-09,1
840e801ffffffff-2022-07,1
840e801ffffffff-2023-06,2
840e801ffffffff-2023-07,2
840e805ffffffff-2012-05,1
840e805ffffffff-2012-06,81
840e805ffffffff-2012-07,20
840e805ffffffff-2012-08,2
840e805ffffffff-2012-10,1
840e805ffffffff-2013-06,31
840e805ffffffff-2013-07,97
840e805ffffffff-2013-09,1
840e805ffffffff-2013-10,1
840e805ffffffff-2014-05,4
840e805ffffffff-2014-06,25
840e805ffffffff-2014-07,2
840e805ffffffff-2014-10,2
840e805ffffffff-2015-06,39
840e805ffffffff-2015-08,4
840e805ffffffff-2016-06,54
840e805ffffffff-2016-07,36
840e805ffffffff-2016-08,2
840e805ffffffff-2017-06,135
840e805ffffffff-2017-07,90
840e805ffffffff-2017-08,36
840e805ffffffff-2017-10,2
840e805ffffffff-2018-05,8
840e805ffffffff-2018-06,156
840e805ffffffff-2018-07,50
840e805ffffffff-2018-08,12
840e805ffffffff-2019-05,7
840e805ffffffff-2019-06,181
840e805ffffffff-2019-07,8
840e805ffffffff-2020-05,2
840e805ffffffff-2020-06,2
840e805ffffffff-2020-08,5
840e805ffffffff-2021-05,2
840e805ffffffff-2021-06,36
840e805ffffffff-2021-07,35
840e805ffffffff-2021-08,25
840e805ffffffff-2022-05,28
840e805ffffffff-2022-06,327
840e805ffffffff-2022-07,210
840e805ffffffff-2022-08,12
840e805ffffffff-2022-10,1
840e805ffffffff-2023-05,12
840e805ffffffff-2023-06,257
840e805ffffffff-2023-07,73
840e805ffffffff-2023-08,17
840e805ffffffff-2023-09,6
840e805ffffffff-2023-10,2
840e807ffffffff-2013-07,57
840e807ffffffff-2014-06,2
840e807ffffffff-2017-06,3
840e807ffffffff-2019-06,1
840e807ffffffff-2022-06,3
840e807ffffffff-2022-07,4
840e807ffffffff-2023-06,2
840e829ffffffff-2012-07,81
840e829ffffffff-2022-05,1
840e82bffffffff-2012-06,12
840e82bffffffff-2012-07,18
840e833ffffffff-2013-06,1
840e833ffffffff-2013-07,86
840e835ffffffff-2013-06,4
840e835ffffffff-2013-07,6
840e837ffffffff-2013-06,2
840e861ffffffff-2014-06,18
840e863ffffffff-2012-07,26
840e863ffffffff-2013-08,9
840e863ffffffff-2013-09,1
840e863ffffffff-2014-06,9
840e863ffffffff-2016-07,1
840e863ffffffff-2018-08,1
840e863ffffffff-2022-08,1
840e867ffffffff-2012-06,1
840e867ffffffff-2012-07,71
840e867ffffffff-2014-06,6
840e891ffffffff-2023-06,23
840e893ffffffff-2023-06,3
840e897ffffffff-2023-06,23
840e89bffffffff-2014-06,1
840e89bffffffff-2023-06,1
840e89bffffffff-2023-07,47
840e8a1ffffffff-2012-06,1
840e8adffffffff-2012-06,1
840e8adffffffff-2012-07,13
840e8adffffffff-2023-08,1
840e8b1ffffffff-2023-06,3
840e8b3ffffffff-2023-06,5
840e8b7ffffffff-2023-06,1
840e8c5ffffffff-2021-09,1
840e8d3ffffffff-2014-06,3
840e8d3ffffffff-2023-07,24
840e8e1ffffffff-2012-07,1
840e8e1ffffffff-2022-06,2
840e8e1ffffffff-2023-07,3
840e8e1ffffffff-2023-09,1
840e8e5ffffffff-2012-07,10
840e8e5ffffffff-2013-07,25
840e8e5ffffffff-2018-08,1
840e8e5ffffffff-2019-07,1
840e8e5ffffffff-2023-07,1
840e8e7ffffffff-2012-07,5
840e8e9ffffffff-2013-06,2
840e8e9ffffffff-2013-07,88
840e901ffffffff-2013-07,3
840e901ffffffff-2022-08,1
840e905ffffffff-2013-07,1
840e90bffffffff-2013-06,1
840e90bffffffff-2023-08,1
840e941ffffffff-2014-07,6
840e945ffffffff-2012-07,30
840e94bffffffff-2014-07,8
840e963ffffffff-2013-07,1
840e963ffffffff-2014-07,4
840e969ffffffff-2012-06,2
840e969ffffffff-2012-07,18
840e96dffffffff-2013-07,4
840e989ffffffff-2019-05,1
840e98bffffffff-2019-06,1
840e98bffffffff-2020-09,1
840e9bdffffffff-2012-06,3
840e9d1ffffffff-2019-07,1
840e9d1ffffffff-2023-07,2
840e9d5ffffffff-2018-08,1
840e9d5ffffffff-2023-06,1
840e9d5ffffffff-2023-07,1
840e9d9ffffffff-2019-07,1
840e9d9ffffffff-2023-07,1
840e9dbffffffff-2012-07,1
840e9ddffffffff-2013-06,9
840eb37ffffffff-2012-07,30
840ec0bffffffff-2021-05,2
840ec0bffffffff-2023-07,1
840ec0bffffffff-2023-09,1
840ec19ffffffff-2012-07,18
840ec19ffffffff-2012-08,17
840ec21ffffffff-2019-05,1
840ec23ffffffff-2022-07,4
840ec29ffffffff-2022-07,12
840ec2dffffffff-2022-06,1
840ec51ffffffff-2013-07,7
840ec51ffffffff-2014-06,9
840ec51ffffffff-2015-06,3
840ec91ffffffff-2014-08,2
840ec95ffffffff-2013-05,1
840ec95ffffffff-2014-05,2
840ec95ffffffff-2014-08,1
840ec95ffffffff-2015-05,2
840ec95ffffffff-2016-05,3
840ec95ffffffff-2020-09,1
840ec97ffffffff-2018-05,1
840ec97ffffffff-2020-08,1
840ec97ffffffff-2022-08,1
840eca3ffffffff-2021-08,1
840eca3ffffffff-2022-07,1
840eca5ffffffff-2022-05,1
840eca7ffffffff-2013-08,2
840eca7ffffffff-2015-07,1
840eca7ffffffff-2017-06,1
840eca7ffffffff-2021-08,6
840eca7ffffffff-2023-05,1
840eca7ffffffff-2023-07,3
840eca7ffffffff-2023-08,1
840ecb9ffffffff-2020-05,7
840ecb9ffffffff-2021-10,2
840ecb9ffffffff-2023-05,1
840ecb9ffffffff-2023-06,1
840ecbbffffffff-2021-06,1
840ecbdffffffff-2015-05,2
840ecbdffffffff-2018-05,3
840ecbdffffffff-2018-08,3
840ecbdffffffff-2018-09,1
840ecbdffffffff-2020-08,5
840ecbdffffffff-2021-08,8
840ecbdffffffff-2023-08,2
840ecc1ffffffff-2012-07,5
840ecc1ffffffff-2012-09,2
840ecc1ffffffff-2013-07,2
840ecc1ffffffff-2013-08,2
840ecc1ffffffff-2013-09,6
840ecc1ffffffff-2014-06,2
840ecc1ffffffff-2014-07,3
840ecc1ffffffff-2014-08,11
840ecc1ffffffff-2014-09,1
840ecc1ffffffff-2015-07,8
840ecc1ffffffff-2015-08,5
840ecc1ffffffff-2016-05,2
840ecc1ffffffff-2016-07,6
840ecc1ffffffff-2016-08,4
840ecc1ffffffff-2017-08,5
840ecc1ffffffff-2017-09,27
840ecc1ffffffff-2018-07,6
840ecc1ffffffff-2018-08,11
840ecc1ffffffff-2018-09,14
840ecc1ffffffff-2019-07,9
840ecc1ffffffff-2019-08,6
840ecc1ffffffff-2019-09,8
840ecc1ffffffff-2021-08,2
840ecc1ffffffff-2021-09,4
840ecc1ffffffff-2022-09,41
840ecc1ffffffff-2023-06,2
840ecc1ffffffff-2023-09,13
840ecc9ffffffff-2012-10,1
840ecc9ffffffff-2013-07,1
840ecc9ffffffff-2013-10,1
840ecc9ffffffff-2014-06,2
840ecc9ffffffff-2014-08,1
840ecc9ffffffff-2014-09,3
840ecc9ffffffff-2016-07,55
840ecc9ffffffff-2016-08,89
840ecc9ffffffff-2016-09,27
840ecc9ffffffff-2017-08,1
840ecc9ffffffff-2021-08,5
840ecc9ffffffff-2022-09,16
840ecc9ffffffff-2023-06,6
840ecc9ffffffff-2023-07,16
840ecc9ffffffff-2023-09,1
840ecc9ffffffff-2023-10,3
840ed27ffffffff-2012-05,1
840ed37ffffffff-2020-09,1
840ed41ffffffff-2022-06,2
840ed41ffffffff-2023-06,6
840ed43ffffffff-2023-06,14
840ed45ffffffff-2023-06,21
840ed47ffffffff-2023-06,7
840ed49ffffffff-2023-06,41
840ed4bffffffff-2022-06,1
840ed4dffffffff-2023-06,53
840ed53ffffffff-2022-06,1
840ed55ffffffff-2023-06,5
840ed6bffffffff-2023-06,2
840ed6dffffffff-2023-06,3
840ed85ffffffff-2016-09,1
840ed91ffffffff-2016-05,9
840ed91ffffffff-2016-08,1
840ed93ffffffff-2017-05,1
840ed9bffffffff-2023-08,2
840eda9ffffffff-2021-09,1
840edabffffffff-2015-05,2
840edb5ffffffff-2021-09,2
840edb7ffffffff-2020-04,3
840edb7ffffffff-2020-05,1
840edbdffffffff-2023-06,1
840edd5ffffffff-2022-09,3
840ede1ffffffff-2023-06,2
840ede5ffffffff-2021-05,2
840ededffffffff-2016-10,1
840ee0bffffffff-2022-06,2
840ee15ffffffff-2022-06,1
840ee17ffffffff-2022-08,9
840ee17ffffffff-2023-08,2
840ee85ffffffff-2015-08,1
840ee85ffffffff-2019-09,2
840ee85ffffffff-2022-07,20
840ee85ffffffff-2022-08,7
840ee85ffffffff-2023-07,1
840ee87ffffffff-2017-06,11
840ee87ffffffff-2017-08,18
840eea3ffffffff-2016-08,3
840eea7ffffffff-2012-08,2
840eea7ffffffff-2013-08,142
840eea7ffffffff-2014-07,1
840eea7ffffffff-2016-07,44
840eea7ffffffff-2016-08,92
840eea7ffffffff-2016-09,9
840eea7ffffffff-2017-05,4
840eea7ffffffff-2018-05,4
840eea7ffffffff-2019-07,1
840eeabffffffff-2015-08,16
840eeabffffffff-2016-07,46
840eeabffffffff-2016-08,34
840eeabffffffff-2016-09,1
840eeabffffffff-2017-08,1
840eeb1ffffffff-2014-07,3
840eeb5ffffffff-2017-05,2
840eeb5ffffffff-2018-05,2
840eeb9ffffffff-2015-07,2
840eeb9ffffffff-2018-08,1
840eeb9ffffffff-2019-08,1
840eeb9ffffffff-2021-06,1
840eebdffffffff-2013-08,11
840eebdffffffff-2014-07,10
840eebdffffffff-2014-08,10
840eebdffffffff-2017-08,3
840eebdffffffff-2018-07,1
840eebdffffffff-2023-06,1
840eee1ffffffff-2022-07,2
840eee3ffffffff-2019-09,12
840eee3ffffffff-2022-07,10
840eeebffffffff-2020-08,2
840ef03ffffffff-2023-06,1
840ef03ffffffff-2023-07,4
840ef07ffffffff-2023-06,16
840ef07ffffffff-2023-07,2
840ef1dffffffff-2012-06,1
840ef1dffffffff-2013-06,1
840ef1dffffffff-2014-06,4
840ef1dffffffff-2015-06,2
840ef1dffffffff-2016-06,2
840ef1dffffffff-2022-07,1
840ef25ffffffff-2014-06,1
840ef25ffffffff-2023-07,25
840ef27ffffffff-2014-06,1
840ef2dffffffff-2023-07,41
840ef31ffffffff-2022-06,2
840ef31ffffffff-2023-06,7
840ef35ffffffff-2023-06,31
840ef39ffffffff-2022-06,5
840ef39ffffffff-2023-06,22
840ef39ffffffff-2023-07,1
8412003ffffffff-2016-05,1
8412003ffffffff-2022-08,1
8412007ffffffff-2023-05,1
841200bffffffff-2023-06,1
8412011ffffffff-2015-04,1
8412011ffffffff-2015-07,1
8412011ffffffff-2023-05,7
8412011ffffffff-2023-08,1
8412033ffffffff-2019-08,1
8412039ffffffff-2023-05,1
841205bffffffff-2015-05,1
841205bffffffff-2023-05,1
8412083ffffffff-2014-05,1
8412083ffffffff-2014-06,2
8412085ffffffff-2013-06,2
8412085ffffffff-2014-06,2
841208dffffffff-2013-06,2
8412093ffffffff-2014-06,1
8412097ffffffff-2014-06,4
841209bffffffff-2012-06,1
841209bffffffff-2014-06,1
84120a1ffffffff-2013-06,1
84120a1ffffffff-2014-06,22
84120a3ffffffff-2014-05,3
84120a3ffffffff-2018-05,1
84120a5ffffffff-2020-08,1
84120a7ffffffff-2018-06,1
84120a7ffffffff-2018-10,1
84120a7ffffffff-2023-05,1
84120a9ffffffff-2013-06,1
84120a9ffffffff-2014-05,1
84120abffffffff-2013-05,3
84120abffffffff-2013-06,1
84120abffffffff-2014-05,1
84120abffffffff-2014-06,1
84120b1ffffffff-2018-06,1
84120b3ffffffff-2014-06,3
84120b3ffffffff-2022-06,1
84120b5ffffffff-2018-05,1
84120b5ffffffff-2018-06,1
84120b5ffffffff-2018-07,1
84120b5ffffffff-2023-08,1
84120b7ffffffff-2018-07,1
84120b7ffffffff-2020-09,1
84120b7ffffffff-2021-05,2
84120b7ffffffff-2021-06,1
84120b7ffffffff-2021-08,5
84120b7ffffffff-2022-05,2
84120b7ffffffff-2023-05,2
84120b7ffffffff-2023-08,1
84120bdffffffff-2018-05,1
84120bdffffffff-2018-07,1
84120c5ffffffff-2019-09,1
84120cdffffffff-2015-08,1
84120cdffffffff-2022-07,1
84120d3ffffffff-2012-06,1
84120e5ffffffff-2013-06,1
8412115ffffffff-2014-04,1
8412115ffffffff-2017-06,1
841211dffffffff-2020-07,2
841213bffffffff-2023-06,1
8412145ffffffff-2017-08,1
8412145ffffffff-2018-07,1
8412145ffffffff-2019-06,1
8412145ffffffff-2022-06,1
8412145ffffffff-2023-05,1
8412145ffffffff-2023-06,5
8412145ffffffff-2023-07,2
8412145ffffffff-2023-08,4
8412147ffffffff-2020-07,3
8412147ffffffff-2022-07,5
8412147ffffffff-2022-08,1
8412151ffffffff-2014-06,1
8412151ffffffff-2017-08,1
841215bffffffff-2014-05,1
841215dffffffff-2017-07,2
841215dffffffff-2019-05,3
841215dffffffff-2023-08,1
8412181ffffffff-2013-05,1
8412181ffffffff-2013-06,1
8412181ffffffff-2014-06,2
8412181ffffffff-2015-05,1
8412181ffffffff-2015-06,2
8412181ffffffff-2016-04,2
8412181ffffffff-2016-06,1
8412181ffffffff-2016-07,1
8412181ffffffff-2018-05,6
8412181ffffffff-2018-06,1
8412181ffffffff-2018-07,1
8412181ffffffff-2019-06,1
8412181ffffffff-2020-05,9
8412181ffffffff-2020-06,2
8412181ffffffff-2021-05,10
8412181ffffffff-2021-06,4
8412181ffffffff-2022-10,3
8412181ffffffff-2023-05,1
8412183ffffffff-2020-07,1
8412183ffffffff-2021-05,1
8412183ffffffff-2022-07,2
8412183ffffffff-2023-05,1
8412185ffffffff-2016-08,4
8412185ffffffff-2017-05,1
8412185ffffffff-2018-04,1
8412185ffffffff-2018-05,1
8412185ffffffff-2019-07,1
8412185ffffffff-2019-08,1
8412185ffffffff-2020-07,1
8412185ffffffff-2021-05,2
8412185ffffffff-2021-06,1
8412185ffffffff-2021-08,1
8412185ffffffff-2022-08,1
8412185ffffffff-2023-05,1
8412187ffffffff-2012-09,2
8412187ffffffff-2013-05,1
8412187ffffffff-2013-06,2
8412187ffffffff-2013-08,1
8412187ffffffff-2014-05,5
8412187ffffffff-2014-06,1
8412187ffffffff-2015-05,2
8412187ffffffff-2015-07,1
8412187ffffffff-2016-04,1
8412187ffffffff-2016-07,1
8412187ffffffff-2017-07,1
8412187ffffffff-2017-09,1
8412187ffffffff-2018-05,2
8412187ffffffff-2018-07,2
8412187ffffffff-2019-05,5
8412187ffffffff-2019-06,1
8412187ffffffff-2019-07,5
8412187ffffffff-2019-09,1
8412187ffffffff-2020-08,1
8412187ffffffff-2020-09,1
8412187ffffffff-2021-04,1
8412187ffffffff-2021-05,11
8412187ffffffff-2021-06,8
8412187ffffffff-2022-04,1
8412187ffffffff-2022-05,1
8412187ffffffff-2023-05,3
8412187ffffffff-2023-07,3
841218dffffffff-2017-05,1
841218dffffffff-2018-08,1
841218dffffffff-2020-05,1
841218dffffffff-2021-05,1
841218dffffffff-2021-07,1
841218dffffffff-2022-09,2
841218dffffffff-2023-07,2
8412195ffffffff-2019-06,1
8412195ffffffff-2019-10,1
8412199ffffffff-2017-05,1
8412199ffffffff-2017-08,1
8412199ffffffff-2018-08,2
8412199ffffffff-2019-05,3
8412199ffffffff-2019-08,1
8412199ffffffff-2019-09,1
8412199ffffffff-2020-05,3
8412199ffffffff-2020-07,6
8412199ffffffff-2020-08,2
8412199ffffffff-2020-09,4
8412199ffffffff-2021-05,1
8412199ffffffff-2021-08,2
8412199ffffffff-2022-05,3
8412199ffffffff-2022-07,1
8412199ffffffff-2022-09,1
8412199ffffffff-2023-05,1
8412199ffffffff-2023-07,1
8412199ffffffff-2023-08,2
8412199ffffffff-2023-09,1
841219bffffffff-2014-05,5
841219bffffffff-2018-05,1
841219bffffffff-2022-05,1
841219dffffffff-2019-08,1
841219dffffffff-2023-05,1
841219dffffffff-2023-08,1
84121a1ffffffff-2020-07,1
84121a7ffffffff-2013-07,1
84121a9ffffffff-2013-05,5
84121a9ffffffff-2014-05,2
84121a9ffffffff-2015-05,4
84121a9ffffffff-2015-06,1
84121a9ffffffff-2016-05,4
84121a9ffffffff-2016-06,2
84121a9ffffffff-2017-05,2
84121a9ffffffff-2018-05,1
84121a9ffffffff-2018-07,1
84121a9ffffffff-2019-05,1
84121a9ffffffff-2019-06,1
84121a9ffffffff-2019-07,3
84121a9ffffffff-2020-05,5
84121a9ffffffff-2020-06,1
84121a9ffffffff-2021-05,2
84121a9ffffffff-2021-06,1
84121a9ffffffff-2023-05,2
84121abffffffff-2020-05,1
84121abffffffff-2021-05,4
84121abffffffff-2023-05,1
84121adffffffff-2013-05,2
84121adffffffff-2013-06,3
84121adffffffff-2014-05,2
84121adffffffff-2015-05,1
84121adffffffff-2015-06,1
84121adffffffff-2016-05,2
84121adffffffff-2018-05,2
84121adffffffff-2019-05,3
84121adffffffff-2020-05,1
84121adffffffff-2023-05,1
84121b1ffffffff-2013-08,1
84121b1ffffffff-2020-05,1
84121b1ffffffff-2020-08,1
84121b1ffffffff-2021-04,1
84121b1ffffffff-2021-05,3
84121b1ffffffff-2021-06,2
84121b1ffffffff-2022-05,1
84121b1ffffffff-2022-07,1
84121b1ffffffff-2022-08,1
84121b1ffffffff-2023-05,3
84121b3ffffffff-2022-06,1
84121b9ffffffff-2018-07,1
84121b9ffffffff-2020-05,1
84121b9ffffffff-2020-06,1
84121b9ffffffff-2020-07,2
84121b9ffffffff-2020-08,3
84121b9ffffffff-2020-09,1
84121b9ffffffff-2021-05,12
84121b9ffffffff-2021-06,1
84121b9ffffffff-2021-07,5
84121b9ffffffff-2021-08,3
84121b9ffffffff-2022-05,1
84121b9ffffffff-2022-06,1
84121b9ffffffff-2022-07,4
84121b9ffffffff-2022-08,1
84121b9ffffffff-2022-09,1
84121b9ffffffff-2023-05,3
84121b9ffffffff-2023-07,1
84121b9ffffffff-2023-09,1
84121bbffffffff-2016-04,1
84121bbffffffff-2016-05,1
84121bbffffffff-2017-04,5
84121bbffffffff-2017-05,5
84121bbffffffff-2017-06,2
84121bbffffffff-2017-08,2
84121bbffffffff-2018-04,1
84121bbffffffff-2018-05,3
84121bbffffffff-2018-08,8
84121bbffffffff-2018-09,5
84121bbffffffff-2018-10,8
84121bbffffffff-2019-04,2
84121bbffffffff-2019-05,12
84121bbffffffff-2019-06,3
84121bbffffffff-2019-07,8
84121bbffffffff-2019-08,9
84121bbffffffff-2019-09,6
84121bbffffffff-2019-10,6
84121bbffffffff-2020-04,5
84121bbffffffff-2020-05,26
84121bbffffffff-2020-06,6
84121bbffffffff-2020-07,16
84121bbffffffff-2020-08,23
84121bbffffffff-2020-09,23
84121bbffffffff-2020-10,3
84121bbffffffff-2021-04,5
84121bbffffffff-2021-05,35
84121bbffffffff-2021-06,17
84121bbffffffff-2021-07,12
84121bbffffffff-2021-08,13
84121bbffffffff-2021-09,9
84121bbffffffff-2022-04,2
84121bbffffffff-2022-05,13
84121bbffffffff-2022-06,4
84121bbffffffff-2022-07,23
84121bbffffffff-2022-08,30
84121bbffffffff-2022-09,6
84121bbffffffff-2022-10,1
84121bbffffffff-2023-04,1
84121bbffffffff-2023-05,3
84121bbffffffff-2023-06,2
84121bbffffffff-2023-07,20
84121bbffffffff-2023-08,18
84121bbffffffff-2023-09,18
84121bbffffffff-2023-10,6
84121bdffffffff-2019-08,1
84121bdffffffff-2020-08,1
84121bdffffffff-2021-06,1
84121bdffffffff-2021-08,1
84121bdffffffff-2022-06,1
84121c7ffffffff-2017-05,1
84121d3ffffffff-2016-04,2
84121d3ffffffff-2017-07,1
84121d3ffffffff-2022-05,1
84121dbffffffff-2018-05,1
84121e1ffffffff-2022-05,1
84121e1ffffffff-2023-05,1
84121e3ffffffff-2012-07,6
84121e3ffffffff-2012-08,1
84121e3ffffffff-2013-05,5
84121e3ffffffff-2013-06,3
84121e3ffffffff-2013-07,6
84121e3ffffffff-2013-08,11
84121e3ffffffff-2013-09,3
84121e3ffffffff-2013-10,1
84121e3ffffffff-2014-04,1
84121e3ffffffff-2014-05,32
84121e3ffffffff-2014-06,4
84121e3ffffffff-2014-07,10
84121e3ffffffff-2014-08,7
84121e3ffffffff-2014-09,2
84121e3ffffffff-2015-04,1
84121e3ffffffff-2015-05,10
84121e3ffffffff-2015-06,13
84121e3ffffffff-2015-07,3
84121e3ffffffff-2015-08,5
84121e3ffffffff-2016-04,21
84121e3ffffffff-2016-05,18
84121e3ffffffff-2016-06,5
84121e3ffffffff-2016-07,18
84121e3ffffffff-2016-08,21
84121e3ffffffff-2016-09,1
84121e3ffffffff-2017-04,1
84121e3ffffffff-2017-05,12
84121e3ffffffff-2017-06,5
84121e3ffffffff-2017-07,3
84121e3ffffffff-2017-08,9
84121e3ffffffff-2017-09,3
84121e3ffffffff-2018-04,3
84121e3ffffffff-2018-05,23
84121e3ffffffff-2018-06,8
84121e3ffffffff-2018-07,18
84121e3ffffffff-2018-08,14
84121e3ffffffff-2018-09,5
84121e3ffffffff-2019-04,9
84121e3ffffffff-2019-05,37
84121e3ffffffff-2019-06,18
84121e3ffffffff-2019-07,21
84121e3ffffffff-2019-08,21
84121e3ffffffff-2019-09,4
84121e3ffffffff-2019-10,6
84121e3ffffffff-2020-04,4
84121e3ffffffff-2020-05,39
84121e3ffffffff-2020-06,7
84121e3ffffffff-2020-07,15
84121e3ffffffff-2020-08,27
84121e3ffffffff-2020-09,24
84121e3ffffffff-2020-10,3
84121e3ffffffff-2021-04,9
84121e3ffffffff-2021-05,43
84121e3ffffffff-2021-06,13
84121e3ffffffff-2021-07,17
84121e3ffffffff-2021-08,11
84121e3ffffffff-2021-09,1
84121e3ffffffff-2022-04,1
84121e3ffffffff-2022-05,13
84121e3ffffffff-2022-06,1
84121e3ffffffff-2022-07,11
84121e3ffffffff-2022-08,10
84121e3ffffffff-2022-09,1
84121e3ffffffff-2023-05,31
84121e3ffffffff-2023-06,10
84121e3ffffffff-2023-07,10
84121e3ffffffff-2023-08,5
84121e7ffffffff-2012-07,1
84121e7ffffffff-2018-08,1
8412215ffffffff-2015-06,3
8412215ffffffff-2015-08,2
8412215ffffffff-2020-07,2
8412215ffffffff-2021-05,1
8412215ffffffff-2021-06,1
8412215ffffffff-2022-05,2
8412215ffffffff-2022-06,1
8412215ffffffff-2023-06,1
8412219ffffffff-2013-06,2
8412219ffffffff-2015-06,1
8412219ffffffff-2020-06,1
8412219ffffffff-2020-07,1
8412219ffffffff-2021-05,2
8412219ffffffff-2022-05,1
841221dffffffff-2013-06,1
841221dffffffff-2014-08,1
841221dffffffff-2015-07,1
841221dffffffff-2015-08,1
841221dffffffff-2016-06,3
841221dffffffff-2016-07,3
841221dffffffff-2017-06,3
841221dffffffff-2017-07,1
841221dffffffff-2018-07,1
841221dffffffff-2019-05,2
841221dffffffff-2019-06,2
841221dffffffff-2020-05,2
841221dffffffff-2020-07,2
841221dffffffff-2021-05,1
841221dffffffff-2022-05,2
841221dffffffff-2022-06,4
841221dffffffff-2023-06,4
841221dffffffff-2023-08,1
841222dffffffff-2012-06,1
841222dffffffff-2013-06,1
841222dffffffff-2014-06,1
841222dffffffff-2014-07,1
841222dffffffff-2015-06,1
841222dffffffff-2015-07,2
841222dffffffff-2015-08,1
841222dffffffff-2016-06,1
841222dffffffff-2016-07,2
841222dffffffff-2019-06,1
841222dffffffff-2021-06,1
841222dffffffff-2023-06,1
8412239ffffffff-2013-06,1
8412239ffffffff-2023-05,1
841223bffffffff-2015-06,1
841223bffffffff-2017-05,14
841223bffffffff-2019-05,1
841223bffffffff-2020-06,1
841223bffffffff-2022-05,3
841223bffffffff-2022-07,2
841223bffffffff-2023-05,1
841223bffffffff-2023-06,2
8412251ffffffff-2017-07,2
8412251ffffffff-2021-06,1
8412251ffffffff-2023-06,3
8412253ffffffff-2022-06,1
841225bffffffff-2015-06,1
841225bffffffff-2016-06,1
841225bffffffff-2017-05,2
841225bffffffff-2020-06,2
841225bffffffff-2021-07,1
841225bffffffff-2021-08,3
841225bffffffff-2022-05,7
841225bffffffff-2022-06,3
841225bffffffff-2022-07,2
841225bffffffff-2022-08,1
841225bffffffff-2023-05,1
841225bffffffff-2023-06,1
8412265ffffffff-2013-05,11
8412265ffffffff-2013-06,3
8412265ffffffff-2014-05,20
8412265ffffffff-2014-06,1
8412265ffffffff-2015-04,1
8412265ffffffff-2015-05,8
8412265ffffffff-2015-07,1
8412265ffffffff-2016-05,5
8412265ffffffff-2016-06,1
8412265ffffffff-2020-05,5
8412289ffffffff-2023-05,2
8412289ffffffff-2023-07,1
841228bffffffff-2023-05,2
8412291ffffffff-2014-07,1
8412291ffffffff-2015-05,3
8412291ffffffff-2023-05,1
8412299ffffffff-2014-05,1
8412299ffffffff-2015-05,5
8412299ffffffff-2015-06,1
8412299ffffffff-2016-08,1
8412299ffffffff-2017-05,2
8412299ffffffff-2017-06,1
8412299ffffffff-2017-07,3
8412299ffffffff-2019-07,2
8412299ffffffff-2022-06,1
8412299ffffffff-2022-07,1
8412299ffffffff-2022-08,2
8412299ffffffff-2022-09,4
8412299ffffffff-2023-04,2
8412299ffffffff-2023-05,2
8412299ffffffff-2023-06,1
84122a3ffffffff-2023-07,1
84122b1ffffffff-2012-05,1
84122b5ffffffff-2023-07,1
84122c5ffffffff-2021-07,1
84122c7ffffffff-2023-05,4
84122cbffffffff-2019-08,1
84122cbffffffff-2022-07,1
84122d7ffffffff-2014-07,1
84122d7ffffffff-2015-05,3
84122d7ffffffff-2017-05,1
84122d7ffffffff-2017-06,2
84122d7ffffffff-2017-07,4
84122d7ffffffff-2017-08,1
84122d7ffffffff-2018-05,7
84122d7ffffffff-2018-06,2
84122d7ffffffff-2018-07,2
84122d7ffffffff-2018-08,4
84122d7ffffffff-2019-05,2
84122d7ffffffff-2019-06,2
84122d7ffffffff-2019-07,1
84122d7ffffffff-2020-04,1
84122d7ffffffff-2020-05,6
84122d7ffffffff-2020-06,1
84122d7ffffffff-2020-07,5
84122d7ffffffff-2021-05,1
84122d7ffffffff-2021-06,1
84122d7ffffffff-2021-07,5
84122d7ffffffff-2021-08,3
84122d7ffffffff-2022-05,4
84122d7ffffffff-2023-05,9
84122d7ffffffff-2023-07,1
84122e9ffffffff-2014-05,1
84122e9ffffffff-2015-06,1
84122e9ffffffff-2017-06,2
84122e9ffffffff-2017-07,10
84122e9ffffffff-2018-05,3
84122e9ffffffff-2018-06,1
84122e9ffffffff-2018-07,2
84122e9ffffffff-2018-08,1
84122e9ffffffff-2019-05,12
84122e9ffffffff-2019-07,2
84122e9ffffffff-2019-08,2
84122e9ffffffff-2020-05,11
84122e9ffffffff-2020-07,3
84122e9ffffffff-2020-09,1
84122e9ffffffff-2021-05,11
84122e9ffffffff-2021-07,1
84122e9ffffffff-2022-05,4
84122e9ffffffff-2022-07,2
84122e9ffffffff-2023-05,3
84122e9ffffffff-2023-06,1
84122e9ffffffff-2023-07,3
84122e9ffffffff-2023-08,3
84122ebffffffff-2019-05,1
84122ebffffffff-2020-09,1
84122ebffffffff-2021-05,1
84122ebffffffff-2021-07,1
8412309ffffffff-2014-06,1
8412309ffffffff-2015-06,1
8412309ffffffff-2016-06,1
8412339ffffffff-2017-06,5
8412339ffffffff-2018-07,1
8412357ffffffff-2022-06,1
8412359ffffffff-2014-05,2
8412359ffffffff-2014-06,2
8412359ffffffff-2015-05,2
8412359ffffffff-2015-06,1
8412359ffffffff-2016-06,1
841235bffffffff-2014-05,2
841235bffffffff-2014-06,2
841235bffffffff-2015-05,2
841235bffffffff-2019-07,1
841235bffffffff-2021-05,1
841235bffffffff-2023-05,1
8412431ffffffff-2020-06,1
8412433ffffffff-2020-06,1
8412433ffffffff-2021-05,2
8412433ffffffff-2022-05,1
8412437ffffffff-2023-08,1
841244dffffffff-2019-06,6
8412457ffffffff-2023-05,4
841246bffffffff-2019-07,2
8412483ffffffff-2021-05,1
8412485ffffffff-2017-10,1
8412485ffffffff-2018-05,1
8412485ffffffff-2021-06,1
8412485ffffffff-2021-09,1
8412485ffffffff-2022-06,1
8412485ffffffff-2023-05,1
8412485ffffffff-2023-06,1
8412495ffffffff-2019-05,1
841249bffffffff-2022-05,1
841249dffffffff-2019-04,1
841249dffffffff-2021-05,1
84124a1ffffffff-2015-07,1
84124a1ffffffff-2016-05,1
84124a3ffffffff-2013-05,2
84124a3ffffffff-2015-07,1
84124a3ffffffff-2019-05,1
84124a3ffffffff-2022-07,1
84124a5ffffffff-2016-04,1
84124a5ffffffff-2020-05,1
84124a5ffffffff-2020-06,2
84124a5ffffffff-2020-07,2
84124a7ffffffff-2013-05,3
84124a7ffffffff-2013-08,3
84124a7ffffffff-2014-05,1
84124a7ffffffff-2015-07,1
84124a7ffffffff-2015-08,1
84124a7ffffffff-2015-09,1
84124a7ffffffff-2016-05,3
84124a7ffffffff-2018-09,1
84124a7ffffffff-2019-07,3
84124a7ffffffff-2020-05,1
84124a7ffffffff-2021-06,1
84124a7ffffffff-2022-08,3
84124a7ffffffff-2023-05,1
84124a7ffffffff-2023-06,1
84124a7ffffffff-2023-08,1
84124a9ffffffff-2023-07,1
84124abffffffff-2021-05,1
84124abffffffff-2023-08,1
84124adffffffff-2015-05,1
84124adffffffff-2015-10,1
84124adffffffff-2019-05,1
84124adffffffff-2019-09,1
84124adffffffff-2020-04,1
84124adffffffff-2020-08,1
84124adffffffff-2021-05,2
84124adffffffff-2022-09,1
84124adffffffff-2023-05,2
84124b1ffffffff-2013-05,1
84124b1ffffffff-2018-08,1
84124b1ffffffff-2020-07,3
84124b3ffffffff-2012-08,2
84124b3ffffffff-2013-07,1
84124b3ffffffff-2017-08,2
84124b3ffffffff-2021-05,1
84124b3ffffffff-2021-07,2
84124b5ffffffff-2012-07,1
84124b5ffffffff-2012-08,2
84124b5ffffffff-2012-10,1
84124b5ffffffff-2013-05,5
84124b5ffffffff-2013-06,1
84124b5ffffffff-2013-07,1
84124b5ffffffff-2015-08,3
84124b5ffffffff-2016-05,1
84124b5ffffffff-2016-07,2
84124b5ffffffff-2018-05,2
84124b5ffffffff-2018-06,1
84124b5ffffffff-2018-07,1
84124b5ffffffff-2019-05,5
84124b5ffffffff-2019-06,1
84124b5ffffffff-2020-06,2
84124b5ffffffff-2021-05,3
84124b5ffffffff-2021-07,4
84124b5ffffffff-2021-10,1
84124b5ffffffff-2022-07,1
84124b5ffffffff-2022-08,4
84124b5ffffffff-2023-06,1
84124b7ffffffff-2012-08,2
84124b7ffffffff-2013-05,3
84124b7ffffffff-2013-06,3
84124b7ffffffff-2013-07,25
84124b7ffffffff-2013-08,2
84124b7ffffffff-2017-06,1
84124b7ffffffff-2017-07,12
84124b7ffffffff-2017-08,1
84124b7ffffffff-2018-07,1
84124b7ffffffff-2018-08,1
84124b7ffffffff-2018-10,3
84124b7ffffffff-2019-06,1
84124b7ffffffff-2019-07,1
84124b7ffffffff-2019-08,3
84124b7ffffffff-2020-07,2
84124b7ffffffff-2021-05,3
84124b7ffffffff-2021-07,8
84124b7ffffffff-2021-09,3
84124b7ffffffff-2022-05,1
84124b7ffffffff-2022-07,2
84124b7ffffffff-2022-08,1
84124b7ffffffff-2023-07,3
84124bdffffffff-2013-05,1
84124bdffffffff-2020-08,1
84124c9ffffffff-2019-06,3
84124d1ffffffff-2012-05,1
84124d1ffffffff-2016-10,1
84124d1ffffffff-2019-05,3
84124d1ffffffff-2019-08,1
84124d1ffffffff-2020-05,3
84124d1ffffffff-2021-05,1
84124d1ffffffff-2022-05,5
84124d1ffffffff-2022-06,2
84124d1ffffffff-2022-07,1
84124d1ffffffff-2023-05,1
84124d1ffffffff-2023-09,1
84124d9ffffffff-2019-05,2
84124d9ffffffff-2021-07,2
84124d9ffffffff-2023-04,1
84124d9ffffffff-2023-05,3
84124dbffffffff-2019-10,1
84124dbffffffff-2022-05,3
84124dbffffffff-2023-08,7
84124e1ffffffff-2016-05,1
84124e3ffffffff-2017-08,1
84124e3ffffffff-2019-05,2
84124e3ffffffff-2020-04,1
84124e3ffffffff-2021-05,3
84124e3ffffffff-2023-05,1
84124e5ffffffff-2020-06,2
84124e9ffffffff-2018-08,1
8412501ffffffff-2016-05,1
8412501ffffffff-2018-06,2
8412503ffffffff-2014-06,2
8412503ffffffff-2020-05,1
8412503ffffffff-2021-04,1
8412503ffffffff-2021-06,1
8412503ffffffff-2022-05,1
8412503ffffffff-2023-05,1
8412503ffffffff-2023-07,1
8412505ffffffff-2012-05,1
8412505ffffffff-2015-08,1
8412505ffffffff-2018-06,1
8412505ffffffff-2018-08,1
8412505ffffffff-2019-05,2
8412505ffffffff-2019-07,2
8412505ffffffff-2021-05,3
8412505ffffffff-2021-08,1
8412505ffffffff-2023-05,1
8412507ffffffff-2015-05,1
8412507ffffffff-2016-05,1
8412507ffffffff-2018-06,1
8412507ffffffff-2021-06,2
8412507ffffffff-2022-05,1
8412507ffffffff-2023-08,1
8412509ffffffff-2012-06,1
8412509ffffffff-2014-06,2
8412509ffffffff-2018-06,1
8412509ffffffff-2022-06,1
841250dffffffff-2012-06,1
8412511ffffffff-2017-06,2
8412511ffffffff-2017-07,2
8412511ffffffff-2018-10,1
8412511ffffffff-2019-06,1
8412511ffffffff-2022-06,4
8412511ffffffff-2022-07,1
8412511ffffffff-2023-05,2
8412511ffffffff-2023-06,1
8412513ffffffff-2021-05,1
8412515ffffffff-2013-07,1
8412515ffffffff-2013-08,3
8412515ffffffff-2013-09,1
8412515ffffffff-2014-05,2
8412515ffffffff-2014-09,2
8412515ffffffff-2014-10,2
8412515ffffffff-2016-04,1
8412515ffffffff-2016-05,4
8412515ffffffff-2016-08,9
8412515ffffffff-2016-09,3
8412515ffffffff-2017-07,4
8412515ffffffff-2017-09,1
8412515ffffffff-2018-05,1
8412515ffffffff-2018-07,2
8412515ffffffff-2018-08,2
8412515ffffffff-2019-05,7
8412515ffffffff-2020-05,5
8412515ffffffff-2020-07,3
8412515ffffffff-2020-08,6
8412515ffffffff-2020-09,5
8412515ffffffff-2021-04,1
8412515ffffffff-2021-05,12
8412515ffffffff-2021-06,2
8412515ffffffff-2021-09,1
8412515ffffffff-2021-10,1
8412515ffffffff-2022-04,1
8412515ffffffff-2022-05,43
8412515ffffffff-2022-08,9
8412515ffffffff-2022-09,3
8412515ffffffff-2023-05,1
8412515ffffffff-2023-06,6
8412515ffffffff-2023-07,13
8412515ffffffff-2023-09,2
8412517ffffffff-2017-07,4
8412517ffffffff-2019-05,1
8412517ffffffff-2019-07,1
841251bffffffff-2022-07,1
841251dffffffff-2012-07,1
841251dffffffff-2014-06,1
841251dffffffff-2019-06,1
841251dffffffff-2020-05,2
841251dffffffff-2021-04,1
841251dffffffff-2022-05,9
841251dffffffff-2022-07,2
8412521ffffffff-2020-06,1
8412523ffffffff-2017-08,1
8412523ffffffff-2018-08,1
8412523ffffffff-2019-08,2
8412523ffffffff-2020-04,3
8412523ffffffff-2020-05,14
8412523ffffffff-2020-08,3
8412523ffffffff-2020-09,2
8412523ffffffff-2021-04,1
8412523ffffffff-2021-05,15
8412523ffffffff-2021-07,2
8412523ffffffff-2021-09,2
8412523ffffffff-2022-04,2
8412523ffffffff-2022-06,5
8412523ffffffff-2022-10,2
8412523ffffffff-2023-04,2
8412523ffffffff-2023-05,10
8412523ffffffff-2023-06,4
8412523ffffffff-2023-07,2
8412523ffffffff-2023-08,3
8412523ffffffff-2023-09,2
8412525ffffffff-2015-08,4
8412525ffffffff-2016-04,1
8412525ffffffff-2016-05,2
8412525ffffffff-2016-07,2
8412525ffffffff-2016-08,7
8412525ffffffff-2016-09,3
8412525ffffffff-2016-10,2
8412525ffffffff-2017-05,1
8412525ffffffff-2017-08,1
8412525ffffffff-2018-05,1
8412525ffffffff-2019-04,1
8412525ffffffff-2019-06,1
8412525ffffffff-2019-08,1
8412525ffffffff-2020-09,3
8412525ffffffff-2021-04,6
8412525ffffffff-2021-05,7
8412525ffffffff-2021-07,7
8412525ffffffff-2021-08,6
8412525ffffffff-2021-09,2
8412525ffffffff-2022-08,1
8412525ffffffff-2022-09,1
8412525ffffffff-2023-05,7
8412525ffffffff-2023-06,4
8412525ffffffff-2023-07,1
8412527ffffffff-2013-08,2
8412527ffffffff-2014-06,1
8412527ffffffff-2014-07,2
8412527ffffffff-2014-08,2
8412527ffffffff-2015-04,2
8412527ffffffff-2016-07,1
8412527ffffffff-2018-05,3
8412527ffffffff-2019-07,1
8412527ffffffff-2019-08,2
8412527ffffffff-2019-09,1
8412527ffffffff-2020-07,1
8412527ffffffff-2020-08,2
8412527ffffffff-2020-09,1
8412527ffffffff-2020-10,1
8412527ffffffff-2021-05,9
8412527ffffffff-2021-06,11
8412527ffffffff-2021-07,5
8412527ffffffff-2021-08,3
8412527ffffffff-2021-09,1
8412527ffffffff-2021-10,1
8412527ffffffff-2022-04,3
8412527ffffffff-2022-05,4
8412527ffffffff-2022-06,5
8412527ffffffff-2022-07,1
8412527ffffffff-2022-08,2
8412527ffffffff-2022-09,2
8412527ffffffff-2023-04,3
8412527ffffffff-2023-05,23
8412527ffffffff-2023-06,6
8412527ffffffff-2023-07,12
8412527ffffffff-2023-08,5
8412527ffffffff-2023-09,3
8412529ffffffff-2013-04,1
8412529ffffffff-2019-07,2
8412529ffffffff-2022-08,1
8412529ffffffff-2022-09,5
841252bffffffff-2012-09,1
841252bffffffff-2016-05,1
841252bffffffff-2018-06,1
841252bffffffff-2019-05,1
841252bffffffff-2019-07,1
841252bffffffff-2023-05,1
841252dffffffff-2014-05,1
841252dffffffff-2021-05,25
841252dffffffff-2021-07,1
841252dffffffff-2023-06,1
8412531ffffffff-2014-10,1
8412531ffffffff-2016-09,1
8412531ffffffff-2019-05,1
8412531ffffffff-2019-06,1
8412531ffffffff-2021-05,3
8412531ffffffff-2021-07,3
8412531ffffffff-2021-09,1
8412531ffffffff-2021-10,1
8412531ffffffff-2022-05,5
8412531ffffffff-2022-07,1
8412531ffffffff-2023-05,1
8412531ffffffff-2023-06,1
8412531ffffffff-2023-07,1
8412531ffffffff-2023-08,9
8412531ffffffff-2023-09,4
8412533ffffffff-2012-07,1
8412533ffffffff-2021-08,1
8412533ffffffff-2023-07,1
8412533ffffffff-2023-08,2
8412535ffffffff-2013-05,2
8412535ffffffff-2014-05,2
8412535ffffffff-2014-10,1
8412535ffffffff-2015-05,4
8412535ffffffff-2015-10,1
8412535ffffffff-2016-04,1
8412535ffffffff-2016-06,1
8412535ffffffff-2018-05,1
8412535ffffffff-2018-06,5
8412535ffffffff-2018-07,3
8412535ffffffff-2018-08,10
8412535ffffffff-2018-09,1
8412535ffffffff-2018-10,3
8412535ffffffff-2019-04,3
8412535ffffffff-2019-05,11
8412535ffffffff-2019-06,1
8412535ffffffff-2019-07,7
8412535ffffffff-2019-08,19
8412535ffffffff-2019-09,9
8412535ffffffff-2020-04,1
8412535ffffffff-2020-05,18
8412535ffffffff-2020-08,8
8412535ffffffff-2020-09,43
8412535ffffffff-2020-10,1
8412535ffffffff-2021-04,8
8412535ffffffff-2021-05,32
8412535ffffffff-2021-06,6
8412535ffffffff-2021-07,6
8412535ffffffff-2021-08,10
8412535ffffffff-2021-09,5
8412535ffffffff-2021-10,4
8412535ffffffff-2022-05,5
8412535ffffffff-2022-06,2
8412535ffffffff-2022-07,7
8412535ffffffff-2022-08,7
8412535ffffffff-2022-09,12
8412535ffffffff-2023-04,1
8412535ffffffff-2023-05,4
8412535ffffffff-2023-07,2
8412535ffffffff-2023-08,1
8412535ffffffff-2023-09,3
8412537ffffffff-2014-07,2
8412537ffffffff-2015-07,1
8412537ffffffff-2019-06,1
8412537ffffffff-2019-08,2
8412537ffffffff-2020-07,3
8412537ffffffff-2021-07,1
8412537ffffffff-2022-05,4
8412539ffffffff-2013-05,2
8412539ffffffff-2013-06,1
8412539ffffffff-2013-08,9
8412539ffffffff-2013-09,1
8412539ffffffff-2013-10,2
8412539ffffffff-2014-10,1
8412539ffffffff-2015-08,2
8412539ffffffff-2016-08,5
8412539ffffffff-2017-05,2
8412539ffffffff-2017-07,1
8412539ffffffff-2017-09,2
8412539ffffffff-2018-06,2
8412539ffffffff-2018-07,1
8412539ffffffff-2018-08,2
8412539ffffffff-2018-10,1
8412539ffffffff-2019-05,2
8412539ffffffff-2020-05,2
8412539ffffffff-2020-09,4
8412539ffffffff-2021-04,2
8412539ffffffff-2021-05,4
8412539ffffffff-2021-09,1
8412539ffffffff-2022-05,4
8412539ffffffff-2022-08,2
8412539ffffffff-2023-05,10
8412539ffffffff-2023-06,4
8412539ffffffff-2023-07,9
8412539ffffffff-2023-08,3
841253bffffffff-2012-06,1
841253bffffffff-2012-07,5
841253bffffffff-2012-08,6
841253bffffffff-2013-07,2
841253bffffffff-2013-08,6
841253bffffffff-2013-10,2
841253bffffffff-2014-07,1
841253bffffffff-2014-08,4
841253bffffffff-2014-09,1
841253bffffffff-2014-10,1
841253bffffffff-2020-08,2
841253bffffffff-2021-05,1
841253bffffffff-2023-05,2
841253dffffffff-2012-05,1
841253dffffffff-2018-06,1
841253dffffffff-2018-08,2
841253dffffffff-2019-04,1
841253dffffffff-2019-08,1
841253dffffffff-2019-09,5
841253dffffffff-2019-10,2
841253dffffffff-2020-05,2
841253dffffffff-2020-09,3
841253dffffffff-2021-05,4
841253dffffffff-2021-08,1
841253dffffffff-2021-09,1
841253dffffffff-2022-08,2
841253dffffffff-2022-09,5
841253dffffffff-2023-04,1
841253dffffffff-2023-05,4
841253dffffffff-2023-07,1
841253dffffffff-2023-08,1
841253dffffffff-2023-09,2
8412541ffffffff-2012-06,3
8412541ffffffff-2021-05,1
8412543ffffffff-2013-06,1
8412543ffffffff-2014-06,9
8412543ffffffff-2021-09,1
8412545ffffffff-2012-06,2
8412547ffffffff-2014-06,4
8412549ffffffff-2013-05,1
8412549ffffffff-2014-06,1
8412549ffffffff-2015-05,10
8412549ffffffff-2015-06,2
8412549ffffffff-2016-04,1
8412549ffffffff-2016-07,2
8412549ffffffff-2016-08,1
8412549ffffffff-2017-05,1
8412549ffffffff-2017-06,1
8412549ffffffff-2017-09,1
8412549ffffffff-2018-05,7
8412549ffffffff-2018-06,2
8412549ffffffff-2019-05,10
8412549ffffffff-2019-06,11
8412549ffffffff-2019-07,3
8412549ffffffff-2019-08,11
8412549ffffffff-2020-04,1
8412549ffffffff-2020-05,11
8412549ffffffff-2020-06,1
8412549ffffffff-2020-07,3
8412549ffffffff-2020-08,6
8412549ffffffff-2020-09,2
8412549ffffffff-2021-05,19
8412549ffffffff-2021-06,5
8412549ffffffff-2021-07,11
8412549ffffffff-2021-08,3
8412549ffffffff-2021-09,2
8412549ffffffff-2021-10,1
8412549ffffffff-2022-05,15
8412549ffffffff-2022-06,3
8412549ffffffff-2022-07,7
8412549ffffffff-2022-08,4
8412549ffffffff-2022-09,5
8412549ffffffff-2023-05,37
8412549ffffffff-2023-06,3
8412549ffffffff-2023-07,3
8412549ffffffff-2023-08,2
8412549ffffffff-2023-09,1
841254bffffffff-2018-07,1
841254bffffffff-2019-06,4
841255dffffffff-2018-06,2
8412563ffffffff-2014-06,2
8412567ffffffff-2013-05,1
8412567ffffffff-2016-06,1
8412567ffffffff-2017-08,1
841256bffffffff-2014-06,1
841256dffffffff-2014-06,2
841256dffffffff-2015-08,1
8412581ffffffff-2018-08,1
8412581ffffffff-2019-08,2
8412581ffffffff-2019-09,1
8412581ffffffff-2020-09,1
8412581ffffffff-2021-07,5
8412581ffffffff-2021-08,6
8412581ffffffff-2022-04,2
8412581ffffffff-2022-07,2
8412581ffffffff-2022-10,1
8412581ffffffff-2023-05,1
8412581ffffffff-2023-07,2
8412581ffffffff-2023-08,4
8412581ffffffff-2023-09,1
8412583ffffffff-2012-07,1
8412583ffffffff-2012-08,1
8412583ffffffff-2014-07,1
8412583ffffffff-2014-10,1
8412583ffffffff-2015-06,1
8412583ffffffff-2015-08,2
8412583ffffffff-2016-08,2
8412583ffffffff-2017-05,2
8412583ffffffff-2018-06,1
8412583ffffffff-2018-07,5
8412583ffffffff-2019-07,2
8412583ffffffff-2020-07,1
8412583ffffffff-2020-08,2
8412583ffffffff-2021-05,2
8412583ffffffff-2021-08,4
8412583ffffffff-2022-07,1
8412583ffffffff-2022-08,1
8412583ffffffff-2023-07,2
8412583ffffffff-2023-08,1
8412585ffffffff-2016-08,2
8412585ffffffff-2023-07,1
8412587ffffffff-2017-05,1
841258bffffffff-2016-05,1
841258bffffffff-2021-09,1
841258bffffffff-2022-09,1
841258bffffffff-2023-08,10
841258bffffffff-2023-09,2
841258dffffffff-2015-08,2
841258dffffffff-2016-08,1
841258dffffffff-2016-09,1
841258dffffffff-2017-08,2
841258dffffffff-2021-07,1
841258dffffffff-2021-08,4
841258dffffffff-2021-09,1
841258dffffffff-2022-08,1
841258dffffffff-2023-08,1
8412591ffffffff-2012-08,2
8412591ffffffff-2013-05,3
8412591ffffffff-2013-07,1
8412591ffffffff-2013-09,5
8412591ffffffff-2013-10,2
8412591ffffffff-2014-04,1
8412591ffffffff-2014-05,1
8412591ffffffff-2014-08,2
8412591ffffffff-2014-09,4
8412591ffffffff-2015-04,1
8412591ffffffff-2015-05,1
8412591ffffffff-2015-07,4
8412591ffffffff-2015-08,3
8412591ffffffff-2015-09,6
8412591ffffffff-2016-04,1
8412591ffffffff-2016-05,4
8412591ffffffff-2016-06,3
8412591ffffffff-2016-07,4
8412591ffffffff-2016-08,6
8412591ffffffff-2016-09,7
8412591ffffffff-2017-04,4
8412591ffffffff-2017-05,11
8412591ffffffff-2017-06,2
8412591ffffffff-2017-07,2
8412591ffffffff-2017-08,2
8412591ffffffff-2017-09,4
8412591ffffffff-2017-10,1
8412591ffffffff-2018-04,5
8412591ffffffff-2018-05,18
8412591ffffffff-2018-07,10
8412591ffffffff-2018-08,12
8412591ffffffff-2018-09,2
8412591ffffffff-2018-10,2
8412591ffffffff-2019-04,2
8412591ffffffff-2019-05,15
8412591ffffffff-2019-06,2
8412591ffffffff-2019-07,5
8412591ffffffff-2019-08,7
8412591ffffffff-2019-09,3
8412591ffffffff-2019-10,1
8412591ffffffff-2020-04,7
8412591ffffffff-2020-05,13
8412591ffffffff-2020-06,1
8412591ffffffff-2020-07,9
8412591ffffffff-2020-08,20
8412591ffffffff-2020-09,6
8412591ffffffff-2020-10,1
8412591ffffffff-2021-04,6
8412591ffffffff-2021-05,24
8412591ffffffff-2021-06,3
8412591ffffffff-2021-07,6
8412591ffffffff-2021-08,15
8412591ffffffff-2021-09,7
8412591ffffffff-2021-10,6
8412591ffffffff-2022-04,4
8412591ffffffff-2022-05,1
8412591ffffffff-2022-06,3
8412591ffffffff-2022-07,23
8412591ffffffff-2022-08,11
8412591ffffffff-2022-09,14
8412591ffffffff-2022-10,8
8412591ffffffff-2023-04,4
8412591ffffffff-2023-05,9
8412591ffffffff-2023-06,3
8412591ffffffff-2023-07,20
8412591ffffffff-2023-08,17
8412591ffffffff-2023-09,26
8412593ffffffff-2012-08,1
8412593ffffffff-2013-05,1
8412593ffffffff-2013-07,1
8412593ffffffff-2015-05,1
8412593ffffffff-2016-10,1
8412593ffffffff-2017-05,1
8412593ffffffff-2018-05,6
8412593ffffffff-2018-06,2
8412593ffffffff-2018-07,8
8412593ffffffff-2018-08,4
8412593ffffffff-2018-09,2
8412593ffffffff-2019-05,1
8412593ffffffff-2019-06,2
8412593ffffffff-2019-07,12
8412593ffffffff-2020-05,1
8412593ffffffff-2020-07,4
8412593ffffffff-2020-08,6
8412593ffffffff-2020-09,3
8412593ffffffff-2021-05,4
8412593ffffffff-2021-06,5
8412593ffffffff-2021-07,13
8412593ffffffff-2021-08,5
8412593ffffffff-2021-10,3
8412593ffffffff-2022-07,8
8412593ffffffff-2022-08,17
8412593ffffffff-2022-09,2
8412593ffffffff-2023-05,6
8412593ffffffff-2023-07,10
8412593ffffffff-2023-08,2
8412593ffffffff-2023-09,3
8412595ffffffff-2012-09,1
8412595ffffffff-2014-07,1
8412595ffffffff-2015-05,2
8412595ffffffff-2016-07,3
8412595ffffffff-2017-05,2
8412595ffffffff-2017-08,2
8412595ffffffff-2018-08,1
8412595ffffffff-2019-05,4
8412595ffffffff-2019-07,1
8412595ffffffff-2020-07,1
8412595ffffffff-2020-08,5
8412595ffffffff-2021-05,1
8412595ffffffff-2021-06,1
8412595ffffffff-2022-08,1
8412597ffffffff-2012-04,2
8412597ffffffff-2013-08,2
8412597ffffffff-2014-04,1
8412597ffffffff-2014-05,2
8412597ffffffff-2015-05,1
8412597ffffffff-2016-05,1
8412597ffffffff-2016-07,1
8412597ffffffff-2016-09,1
8412597ffffffff-2017-04,1
8412597ffffffff-2017-07,6
8412597ffffffff-2017-08,5
8412597ffffffff-2017-09,8
8412597ffffffff-2018-04,4
8412597ffffffff-2018-05,3
8412597ffffffff-2018-06,1
8412597ffffffff-2018-07,13
8412597ffffffff-2018-08,1
8412597ffffffff-2018-09,2
8412597ffffffff-2019-04,3
8412597ffffffff-2019-05,20
8412597ffffffff-2019-07,8
8412597ffffffff-2019-08,7
8412597ffffffff-2019-09,3
8412597ffffffff-2020-04,3
8412597ffffffff-2020-05,11
8412597ffffffff-2020-07,4
8412597ffffffff-2020-08,7
8412597ffffffff-2020-09,8
8412597ffffffff-2021-04,12
8412597ffffffff-2021-05,20
8412597ffffffff-2021-06,1
8412597ffffffff-2021-07,6
8412597ffffffff-2021-08,2
8412597ffffffff-2021-09,5
8412597ffffffff-2021-10,1
8412597ffffffff-2022-04,9
8412597ffffffff-2022-05,4
8412597ffffffff-2022-06,5
8412597ffffffff-2022-07,30
8412597ffffffff-2022-08,6
8412597ffffffff-2022-09,5
8412597ffffffff-2022-10,1
8412597ffffffff-2023-04,5
8412597ffffffff-2023-05,14
8412597ffffffff-2023-06,1
8412597ffffffff-2023-07,34
8412597ffffffff-2023-08,5
8412597ffffffff-2023-09,1
8412599ffffffff-2016-05,1
8412599ffffffff-2017-05,1
8412599ffffffff-2017-08,1
8412599ffffffff-2018-05,2
8412599ffffffff-2018-08,4
8412599ffffffff-2019-05,4
8412599ffffffff-2019-08,1
8412599ffffffff-2019-09,2
8412599ffffffff-2020-04,2
8412599ffffffff-2020-05,4
8412599ffffffff-2020-07,3
8412599ffffffff-2020-08,3
8412599ffffffff-2021-05,2
8412599ffffffff-2021-08,1
8412599ffffffff-2022-04,1
8412599ffffffff-2022-06,2
8412599ffffffff-2022-08,2
8412599ffffffff-2023-05,2
8412599ffffffff-2023-08,1
8412599ffffffff-2023-09,1
841259bffffffff-2012-06,1
841259bffffffff-2013-05,1
841259bffffffff-2013-10,1
841259bffffffff-2014-10,1
841259bffffffff-2016-05,2
841259bffffffff-2016-07,1
841259bffffffff-2017-04,2
841259bffffffff-2018-07,1
841259bffffffff-2018-09,1
841259bffffffff-2019-07,1
841259bffffffff-2020-05,1
841259bffffffff-2020-06,2
841259bffffffff-2020-08,2
841259bffffffff-2021-06,4
841259bffffffff-2023-07,3
841259bffffffff-2023-08,2
841259bffffffff-2023-09,1
841259dffffffff-2016-08,1
841259dffffffff-2017-04,1
841259dffffffff-2018-06,2
841259dffffffff-2018-07,2
841259dffffffff-2018-10,1
841259dffffffff-2019-05,2
841259dffffffff-2021-06,1
841259dffffffff-2021-08,2
841259dffffffff-2021-09,1
841259dffffffff-2022-07,2
841259dffffffff-2022-10,1
841259dffffffff-2023-08,2
84125a1ffffffff-2021-04,2
84125a1ffffffff-2021-05,1
84125a1ffffffff-2021-06,8
84125a1ffffffff-2021-09,1
84125a1ffffffff-2022-08,1
84125a3ffffffff-2019-07,2
84125a3ffffffff-2021-08,2
84125a3ffffffff-2021-09,4
84125a3ffffffff-2022-10,2
84125a5ffffffff-2016-08,4
84125a5ffffffff-2016-09,1
84125a5ffffffff-2017-05,2
84125a5ffffffff-2017-06,1
84125a5ffffffff-2019-05,2
84125a5ffffffff-2020-09,1
84125a5ffffffff-2021-05,5
84125a5ffffffff-2021-06,1
84125a5ffffffff-2021-08,1
84125a5ffffffff-2023-06,1
84125a5ffffffff-2023-08,2
84125a7ffffffff-2020-06,1
84125a9ffffffff-2020-05,1
84125a9ffffffff-2021-09,1
84125a9ffffffff-2023-05,2
84125a9ffffffff-2023-09,1
84125abffffffff-2016-08,2
84125abffffffff-2016-09,1
84125abffffffff-2017-08,1
84125abffffffff-2018-08,2
84125abffffffff-2018-09,1
84125abffffffff-2019-08,4
84125abffffffff-2021-06,1
84125abffffffff-2021-07,1
84125abffffffff-2021-08,4
84125abffffffff-2022-08,7
84125abffffffff-2022-10,4
84125abffffffff-2023-09,2
84125adffffffff-2016-07,1
84125adffffffff-2017-07,2
84125adffffffff-2018-08,7
84125adffffffff-2019-05,2
84125adffffffff-2019-08,1
84125adffffffff-2020-05,6
84125adffffffff-2020-06,2
84125adffffffff-2021-05,4
84125adffffffff-2021-07,1
84125adffffffff-2021-08,1
84125adffffffff-2021-09,1
84125adffffffff-2022-05,2
84125adffffffff-2022-08,4
84125adffffffff-2022-09,1
84125adffffffff-2023-05,2
84125adffffffff-2023-07,7
84125adffffffff-2023-08,11
84125b1ffffffff-2017-06,1
84125b1ffffffff-2017-08,1
84125b3ffffffff-2017-07,2
84125b3ffffffff-2017-08,3
84125b3ffffffff-2018-05,1
84125b3ffffffff-2018-06,1
84125b3ffffffff-2018-07,1
84125b5ffffffff-2023-09,1
84125b7ffffffff-2014-08,1
84125b7ffffffff-2015-08,1
84125b7ffffffff-2017-05,1
84125b7ffffffff-2018-05,1
84125b7ffffffff-2018-07,1
84125b7ffffffff-2019-06,1
84125b7ffffffff-2019-08,1
84125b7ffffffff-2020-07,1
84125b7ffffffff-2020-08,1
84125b7ffffffff-2020-10,1
84125b9ffffffff-2015-08,2
84125b9ffffffff-2015-09,2
84125b9ffffffff-2016-04,1
84125b9ffffffff-2017-07,4
84125b9ffffffff-2017-08,3
84125b9ffffffff-2018-04,2
84125b9ffffffff-2018-08,1
84125b9ffffffff-2019-05,5
84125b9ffffffff-2019-08,1
84125b9ffffffff-2020-07,1
84125b9ffffffff-2020-09,1
84125b9ffffffff-2021-05,2
84125b9ffffffff-2022-07,2
84125b9ffffffff-2023-06,6
84125bbffffffff-2012-09,1
84125bbffffffff-2013-05,2
84125bbffffffff-2016-05,1
84125bbffffffff-2016-06,1
84125bbffffffff-2016-07,7
84125bbffffffff-2018-05,1
84125bbffffffff-2018-07,1
84125bbffffffff-2019-05,5
84125bbffffffff-2019-06,2
84125bbffffffff-2019-08,2
84125bbffffffff-2020-05,2
84125bbffffffff-2020-07,2
84125bbffffffff-2020-08,3
84125bbffffffff-2021-04,3
84125bbffffffff-2021-07,1
84125bbffffffff-2021-08,2
84125bbffffffff-2022-07,2
84125bbffffffff-2022-09,1
84125bbffffffff-2023-08,4
84125bdffffffff-2016-08,1
84125bdffffffff-2018-08,1
84125bdffffffff-2019-07,3
84125bdffffffff-2021-06,1
84125c3ffffffff-2016-05,1
84125c7ffffffff-2019-05,2
84125d1ffffffff-2016-04,1
84125d1ffffffff-2018-05,1
84125d1ffffffff-2021-05,1
84125d1ffffffff-2022-05,1
84125d1ffffffff-2022-06,2
84125d1ffffffff-2022-09,1
84125d1ffffffff-2022-10,1
84125d1ffffffff-2023-05,3
84125d1ffffffff-2023-09,1
84125d3ffffffff-2018-07,1
84125d3ffffffff-2019-05,2
84125d3ffffffff-2020-04,1
84125d3ffffffff-2020-05,4
84125d3ffffffff-2022-04,1
84125d3ffffffff-2023-05,1
84125d3ffffffff-2023-08,1
84125d5ffffffff-2016-05,1
84125d7ffffffff-2015-10,1
84125d7ffffffff-2018-10,1
84125d7ffffffff-2019-05,1
84125d7ffffffff-2020-09,1
84125d7ffffffff-2020-10,3
84125d7ffffffff-2021-08,2
84125d7ffffffff-2021-10,9
84125d7ffffffff-2022-09,10
84125d7ffffffff-2022-10,2
84125d7ffffffff-2023-05,1
84125d7ffffffff-2023-07,3
84125d7ffffffff-2023-08,1
84125d7ffffffff-2023-09,11
84125d7ffffffff-2023-10,25
84125d9ffffffff-2013-07,1
84125d9ffffffff-2013-08,1
84125d9ffffffff-2016-05,3
84125d9ffffffff-2018-04,2
84125d9ffffffff-2018-06,1
84125d9ffffffff-2018-07,2
84125d9ffffffff-2018-08,4
84125d9ffffffff-2018-09,2
84125d9ffffffff-2019-04,2
84125d9ffffffff-2019-05,3
84125d9ffffffff-2019-07,2
84125d9ffffffff-2019-08,2
84125d9ffffffff-2020-05,1
84125d9ffffffff-2021-05,2
84125d9ffffffff-2021-08,1
84125d9ffffffff-2022-07,1
84125d9ffffffff-2022-08,1
84125d9ffffffff-2022-09,1
84125d9ffffffff-2023-09,1
84125dbffffffff-2012-05,1
84125dbffffffff-2014-05,5
84125dbffffffff-2015-05,3
84125dbffffffff-2015-08,10
84125dbffffffff-2015-09,3
84125dbffffffff-2016-04,4
84125dbffffffff-2016-05,13
84125dbffffffff-2016-07,3
84125dbffffffff-2016-08,11
84125dbffffffff-2016-09,1
84125dbffffffff-2017-04,3
84125dbffffffff-2017-05,10
84125dbffffffff-2017-06,1
84125dbffffffff-2017-07,1
84125dbffffffff-2017-09,14
84125dbffffffff-2017-10,1
84125dbffffffff-2018-04,2
84125dbffffffff-2018-05,3
84125dbffffffff-2018-06,3
84125dbffffffff-2018-07,9
84125dbffffffff-2018-08,13
84125dbffffffff-2018-09,13
84125dbffffffff-2019-04,3
84125dbffffffff-2019-05,23
84125dbffffffff-2019-06,4
84125dbffffffff-2019-07,3
84125dbffffffff-2019-08,10
84125dbffffffff-2019-09,2
84125dbffffffff-2020-04,9
84125dbffffffff-2020-05,31
84125dbffffffff-2020-08,9
84125dbffffffff-2020-09,16
84125dbffffffff-2020-10,1
84125dbffffffff-2021-05,47
84125dbffffffff-2021-06,2
84125dbffffffff-2021-07,2
84125dbffffffff-2021-08,15
84125dbffffffff-2021-09,11
84125dbffffffff-2021-10,5
84125dbffffffff-2022-05,5
84125dbffffffff-2022-07,6
84125dbffffffff-2022-08,14
84125dbffffffff-2022-09,3
84125dbffffffff-2023-04,1
84125dbffffffff-2023-05,15
84125dbffffffff-2023-07,4
84125dbffffffff-2023-08,6
84125dbffffffff-2023-09,5
84125ddffffffff-2022-07,1
84125e1ffffffff-2023-08,2
84125e3ffffffff-2020-07,1
84125e3ffffffff-2022-06,1
84125e3ffffffff-2023-06,1
84125e3ffffffff-2023-08,2
84125e5ffffffff-2012-04,1
84125e5ffffffff-2016-09,1
84125e5ffffffff-2018-10,4
84125e5ffffffff-2019-04,1
84125e5ffffffff-2020-05,1
84125e5ffffffff-2020-10,1
84125e5ffffffff-2021-05,2
84125e5ffffffff-2021-07,1
84125e5ffffffff-2022-08,1
84125e5ffffffff-2022-09,2
84125e5ffffffff-2023-05,1
84125e5ffffffff-2023-07,3
84125e5ffffffff-2023-09,1
84125e7ffffffff-2015-08,1
84125e7ffffffff-2018-04,1
84125e7ffffffff-2020-09,1
84125e7ffffffff-2021-04,1
84125e7ffffffff-2021-05,10
84125e7ffffffff-2021-06,1
84125e7ffffffff-2021-07,1
84125e7ffffffff-2021-08,3
84125e7ffffffff-2022-04,2
84125e7ffffffff-2022-05,1
84125e7ffffffff-2022-07,5
84125e7ffffffff-2022-08,4
84125e7ffffffff-2023-04,3
84125e7ffffffff-2023-05,2
84125e7ffffffff-2023-07,3
84125e7ffffffff-2023-08,2
84125e9ffffffff-2022-08,1
84125ebffffffff-2018-08,1
84125ebffffffff-2018-10,1
84125ebffffffff-2021-08,4
8412601ffffffff-2018-06,1
8412603ffffffff-2017-06,1
8412603ffffffff-2018-06,2
8412633ffffffff-2017-06,1
8412639ffffffff-2019-06,4
841263bffffffff-2022-06,1
8412641ffffffff-2017-06,3
8412689ffffffff-2013-07,1
8412697ffffffff-2023-08,12
84126b1ffffffff-2018-05,6
84126b1ffffffff-2018-08,2
84126b1ffffffff-2019-04,1
84126b1ffffffff-2019-05,9
84126b1ffffffff-2020-05,3
84126b1ffffffff-2021-05,3
84126b1ffffffff-2022-05,1
84126b1ffffffff-2023-08,3
84126b3ffffffff-2023-07,1
84126b5ffffffff-2018-05,2
84126b5ffffffff-2019-06,1
84126b5ffffffff-2023-07,1
84126c1ffffffff-2013-07,1
84126c3ffffffff-2014-05,3
84126c7ffffffff-2013-07,1
84126c7ffffffff-2021-07,1
84126cbffffffff-2012-07,1
84126e7ffffffff-2023-06,2
84126e7ffffffff-2023-07,2
8412705ffffffff-2015-08,3
8412721ffffffff-2012-05,3
8412721ffffffff-2013-05,6
8412721ffffffff-2014-05,1
8412721ffffffff-2014-06,1
8412721ffffffff-2014-07,2
8412721ffffffff-2015-04,1
8412721ffffffff-2015-05,9
8412721ffffffff-2015-06,4
8412721ffffffff-2015-07,5
8412721ffffffff-2015-08,6
8412721ffffffff-2015-10,3
8412721ffffffff-2016-09,2
8412721ffffffff-2017-06,8
8412721ffffffff-2018-05,5
8412721ffffffff-2018-06,3
8412721ffffffff-2018-07,3
8412721ffffffff-2018-08,3
8412721ffffffff-2019-05,6
8412721ffffffff-2019-06,6
8412721ffffffff-2019-07,2
8412721ffffffff-2019-08,1
8412721ffffffff-2020-05,2
8412721ffffffff-2020-08,1
8412721ffffffff-2021-05,10
8412721ffffffff-2021-06,8
8412721ffffffff-2021-07,6
8412721ffffffff-2021-08,6
8412721ffffffff-2022-06,2
8412721ffffffff-2022-07,2
8412721ffffffff-2023-05,4
8412721ffffffff-2023-06,9
8412721ffffffff-2023-07,1
8412723ffffffff-2013-06,1
8412723ffffffff-2013-07,1
8412723ffffffff-2014-05,8
8412723ffffffff-2015-05,6
8412723ffffffff-2015-06,5
8412723ffffffff-2015-07,2
8412723ffffffff-2015-08,5
8412723ffffffff-2016-07,2
8412723ffffffff-2017-05,3
8412723ffffffff-2017-07,3
8412723ffffffff-2017-08,4
8412723ffffffff-2018-06,1
8412723ffffffff-2018-07,5
8412723ffffffff-2018-08,1
8412723ffffffff-2018-09,3
8412723ffffffff-2019-04,1
8412723ffffffff-2019-05,20
8412723ffffffff-2019-06,4
8412723ffffffff-2019-07,21
8412723ffffffff-2019-08,5
8412723ffffffff-2019-09,5
8412723ffffffff-2020-05,10
8412723ffffffff-2020-06,1
8412723ffffffff-2020-07,2
8412723ffffffff-2020-08,5
8412723ffffffff-2021-04,1
8412723ffffffff-2021-05,17
8412723ffffffff-2021-06,18
8412723ffffffff-2021-07,4
8412723ffffffff-2021-08,8
8412723ffffffff-2021-09,1
8412723ffffffff-2022-05,5
8412723ffffffff-2022-06,1
8412723ffffffff-2022-07,5
8412723ffffffff-2022-08,2
8412723ffffffff-2022-09,1
8412723ffffffff-2023-05,2
8412723ffffffff-2023-06,2
8412723ffffffff-2023-07,2
8412723ffffffff-2023-08,1
8412725ffffffff-2020-05,1
8412727ffffffff-2014-06,11
8412727ffffffff-2015-06,1
8412727ffffffff-2021-06,1
8412729ffffffff-2014-06,1
8412729ffffffff-2016-06,4
8412729ffffffff-2017-05,4
8412729ffffffff-2018-06,9
8412729ffffffff-2023-08,1
841272bffffffff-2014-05,1
841272bffffffff-2014-06,1
841272bffffffff-2014-07,1
841272bffffffff-2015-07,1
841272bffffffff-2018-05,1
841272bffffffff-2018-06,2
841272bffffffff-2018-07,6
841272bffffffff-2018-09,1
841272bffffffff-2019-06,1
841272dffffffff-2012-05,2
8412731ffffffff-2012-06,1
8412745ffffffff-2014-08,2
8412745ffffffff-2015-08,1
8412745ffffffff-2015-09,1
8412745ffffffff-2015-10,1
8412753ffffffff-2021-06,8
8412759ffffffff-2021-06,3
841275bffffffff-2021-06,2
8412761ffffffff-2014-08,1
8412769ffffffff-2014-09,3
8412769ffffffff-2015-07,1
841276bffffffff-2014-07,2
841276bffffffff-2014-09,1
841276bffffffff-2015-05,1
841276bffffffff-2015-07,2
841276bffffffff-2015-08,1
841276bffffffff-2015-09,2
8412805ffffffff-2014-08,1
8412805ffffffff-2015-04,1
8412805ffffffff-2016-04,1
8412805ffffffff-2016-05,2
8412805ffffffff-2019-05,3
8412805ffffffff-2019-08,2
8412805ffffffff-2020-05,1
8412805ffffffff-2020-07,5
8412805ffffffff-2020-08,2
8412805ffffffff-2020-09,2
8412805ffffffff-2021-05,4
8412805ffffffff-2021-07,2
8412805ffffffff-2022-04,1
8412805ffffffff-2022-05,1
8412805ffffffff-2022-08,2
8412805ffffffff-2023-07,1
841280dffffffff-2020-05,1
841280dffffffff-2021-05,1
841281bffffffff-2012-07,1
8412825ffffffff-2019-05,1
8412847ffffffff-2021-07,1
8412847ffffffff-2023-08,1
8412851ffffffff-2020-05,1
8412851ffffffff-2021-08,1
8412851ffffffff-2022-05,3
8412851ffffffff-2022-06,1
8412851ffffffff-2023-04,1
8412851ffffffff-2023-05,6
8412851ffffffff-2023-06,1
8412853ffffffff-2021-05,1
8412853ffffffff-2022-05,2
8412865ffffffff-2012-07,1
8412865ffffffff-2016-08,1
8412865ffffffff-2018-08,5
8412865ffffffff-2019-07,1
8412865ffffffff-2019-11,1
8412865ffffffff-2020-04,1
8412865ffffffff-2020-06,2
8412865ffffffff-2020-07,2
8412865ffffffff-2020-08,4
8412865ffffffff-2021-05,1
8412865ffffffff-2021-07,3
8412865ffffffff-2021-08,1
8412865ffffffff-2022-07,1
8412865ffffffff-2022-08,1
8412865ffffffff-2023-05,1
8412865ffffffff-2023-07,1
8412865ffffffff-2023-08,1
841286dffffffff-2015-08,1
841286dffffffff-2021-07,1
8412881ffffffff-2021-07,9
8412885ffffffff-2021-06,1
8412887ffffffff-2014-07,1
8412887ffffffff-2016-05,1
8412887ffffffff-2016-06,1
8412887ffffffff-2017-10,1
8412887ffffffff-2019-09,1
8412887ffffffff-2020-07,2
8412887ffffffff-2021-07,1
8412887ffffffff-2022-05,1
8412887ffffffff-2022-06,1
8412887ffffffff-2022-08,2
8412887ffffffff-2023-05,3
8412891ffffffff-2018-06,2
8412891ffffffff-2018-07,3
8412891ffffffff-2019-04,2
8412891ffffffff-2019-07,2
8412891ffffffff-2019-08,3
8412891ffffffff-2019-09,2
8412891ffffffff-2020-08,2
8412891ffffffff-2021-04,3
8412891ffffffff-2021-05,1
8412891ffffffff-2021-08,1
8412891ffffffff-2022-04,1
8412891ffffffff-2022-05,2
8412891ffffffff-2022-07,2
8412891ffffffff-2022-08,4
8412891ffffffff-2022-09,1
8412891ffffffff-2023-04,6
8412891ffffffff-2023-05,3
8412891ffffffff-2023-06,4
8412891ffffffff-2023-07,2
8412891ffffffff-2023-08,2
8412891ffffffff-2023-09,1
8412893ffffffff-2022-05,1
8412893ffffffff-2023-05,1
8412895ffffffff-2018-05,1
8412895ffffffff-2018-07,2
8412895ffffffff-2021-05,1
8412897ffffffff-2012-08,1
8412897ffffffff-2016-05,1
841289bffffffff-2018-07,1
841289bffffffff-2018-08,2
841289bffffffff-2019-04,1
841289bffffffff-2020-08,32
841289bffffffff-2021-07,1
841289bffffffff-2021-08,1
841289bffffffff-2023-08,6
841289bffffffff-2023-09,3
841289dffffffff-2016-05,1
841289dffffffff-2021-08,1
84128abffffffff-2015-08,4
84128abffffffff-2021-09,1
84128bbffffffff-2019-06,1
84128bdffffffff-2016-06,1
84128bdffffffff-2022-08,1
84128c9ffffffff-2012-04,1
84128c9ffffffff-2012-06,1
84128c9ffffffff-2012-07,2
84128d1ffffffff-2012-09,1
84128d1ffffffff-2013-08,1
84128d1ffffffff-2016-07,1
84128d1ffffffff-2018-06,2
84128d1ffffffff-2018-08,1
84128d1ffffffff-2020-05,1
84128d1ffffffff-2021-05,1
84128d3ffffffff-2012-04,1
84128d3ffffffff-2012-06,1
84128d3ffffffff-2014-04,1
84128d3ffffffff-2018-04,1
84128d3ffffffff-2018-08,2
84128d3ffffffff-2019-04,2
84128d3ffffffff-2019-05,2
84128d3ffffffff-2019-08,17
84128d3ffffffff-2020-04,4
84128d3ffffffff-2020-05,2
84128d3ffffffff-2020-07,2
84128d3ffffffff-2021-04,1
84128d3ffffffff-2021-05,5
84128d3ffffffff-2021-07,8
84128d3ffffffff-2021-08,11
84128d3ffffffff-2021-09,8
84128d3ffffffff-2022-05,2
84128d3ffffffff-2022-07,2
84128d3ffffffff-2022-08,30
84128d3ffffffff-2023-04,2
84128d3ffffffff-2023-05,1
84128d3ffffffff-2023-07,4
84128d3ffffffff-2023-08,10
84128d5ffffffff-2020-05,1
84128d5ffffffff-2021-06,1
84128d5ffffffff-2022-05,1
84128d5ffffffff-2022-09,1
84128d5ffffffff-2023-04,2
84128d5ffffffff-2023-05,1
84128dbffffffff-2018-07,2
84128dbffffffff-2020-04,2
84128dbffffffff-2020-07,7
84128dbffffffff-2022-04,1
84128dbffffffff-2023-04,3
84128dbffffffff-2023-05,1
84128ddffffffff-2015-06,4
84128ddffffffff-2015-07,2
84128e1ffffffff-2022-08,1
84128e3ffffffff-2012-05,4
84128e3ffffffff-2013-06,3
84128e3ffffffff-2014-07,2
84128e3ffffffff-2016-06,1
84128e3ffffffff-2017-07,1
84128e3ffffffff-2018-06,1
84128e3ffffffff-2022-06,2
8412901ffffffff-2017-07,1
8412907ffffffff-2019-08,1
8412909ffffffff-2019-07,1
8412909ffffffff-2021-08,1
8412909ffffffff-2022-10,3
8412941ffffffff-2015-08,1
8412941ffffffff-2021-09,1
8412941ffffffff-2022-05,2
8412943ffffffff-2014-08,1
8412943ffffffff-2016-05,2
8412943ffffffff-2020-04,1
8412943ffffffff-2022-05,1
8412947ffffffff-2013-08,1
8412949ffffffff-2013-09,1
8412949ffffffff-2015-05,1
8412949ffffffff-2017-07,1
8412949ffffffff-2018-09,1
8412949ffffffff-2022-08,1
8412949ffffffff-2023-04,1
8412949ffffffff-2023-05,1
841295bffffffff-2019-05,1
84129abffffffff-2019-04,1
84129b9ffffffff-2013-08,2
84129b9ffffffff-2014-08,1
84129b9ffffffff-2016-05,1
84129b9ffffffff-2018-09,2
84129b9ffffffff-2019-07,2
84129b9ffffffff-2019-08,1
84129b9ffffffff-2020-09,1
84129b9ffffffff-2021-06,1
84129b9ffffffff-2021-07,1
84129b9ffffffff-2021-08,1
84129b9ffffffff-2022-08,3
84129b9ffffffff-2022-09,3
84129b9ffffffff-2023-05,3
84129b9ffffffff-2023-07,4
84129b9ffffffff-2023-08,5
84129bbffffffff-2013-04,1
84129bbffffffff-2017-08,1
84129bbffffffff-2019-04,1
84129bbffffffff-2019-05,2
84129bbffffffff-2020-05,1
84129bbffffffff-2020-09,3
84129bbffffffff-2021-04,1
84129bbffffffff-2021-05,2
84129bbffffffff-2021-08,1
84129bbffffffff-2022-04,1
84129bbffffffff-2022-09,1
84129bbffffffff-2023-05,1
84129bbffffffff-2023-07,1
84129c3ffffffff-2016-04,1
84129c3ffffffff-2016-05,1
8412a25ffffffff-2019-08,1
8412a25ffffffff-2022-05,1
8412a25ffffffff-2022-09,1
8412a25ffffffff-2023-08,1
8412a37ffffffff-2015-08,1
8412a37ffffffff-2019-07,1
8412a37ffffffff-2019-08,1
8412a37ffffffff-2020-07,1
8412a37ffffffff-2021-05,2
8412a37ffffffff-2021-08,1
8412a37ffffffff-2022-05,1
8412a37ffffffff-2022-08,1
8412a37ffffffff-2023-04,1
8412a37ffffffff-2023-05,1
8412a37ffffffff-2023-08,1
8412a95ffffffff-2015-06,2
8412a97ffffffff-2022-08,1
8412a9dffffffff-2020-06,2
8412a9dffffffff-2021-05,3
8412a9dffffffff-2021-07,2
8412a9dffffffff-2022-05,2
8412a9dffffffff-2023-05,1
8412ab1ffffffff-2016-06,1
8412ab1ffffffff-2019-05,4
8412ab1ffffffff-2020-07,1
8412ab3ffffffff-2013-08,1
8412ab3ffffffff-2015-08,1
8412ab3ffffffff-2017-05,1
8412ab3ffffffff-2019-08,1
8412ab3ffffffff-2020-06,1
8412ab3ffffffff-2020-08,1
8412ab3ffffffff-2021-08,2
8412ab3ffffffff-2022-04,1
8412ab3ffffffff-2023-04,2
8412ab3ffffffff-2023-07,1
8412ab5ffffffff-2012-05,1
8412ab5ffffffff-2013-08,2
8412ab5ffffffff-2014-08,1
8412ab5ffffffff-2015-09,2
8412ab5ffffffff-2016-08,5
8412ab5ffffffff-2016-09,1
8412ab5ffffffff-2016-10,2
8412ab5ffffffff-2017-08,2
8412ab5ffffffff-2018-07,1
8412ab5ffffffff-2020-05,2
8412ab5ffffffff-2020-09,1
8412ab5ffffffff-2022-07,6
8412ab5ffffffff-2022-08,3
8412ab5ffffffff-2023-04,1
8412ab5ffffffff-2023-07,4
8412ab5ffffffff-2023-08,2
8412ab7ffffffff-2018-05,2
8412abbffffffff-2021-05,1
8412abdffffffff-2018-05,2
8412abdffffffff-2019-08,1
8412abdffffffff-2021-09,1
8412ad5ffffffff-2023-06,1
8412ad7ffffffff-2012-09,1
8412ad7ffffffff-2013-05,1
8412ad7ffffffff-2013-06,1
8412ad7ffffffff-2014-05,2
8412ad7ffffffff-2014-08,2
8412ad7ffffffff-2014-09,1
8412ad7ffffffff-2015-05,4
8412ad7ffffffff-2015-07,1
8412ad7ffffffff-2015-08,18
8412ad7ffffffff-2015-09,8
8412ad7ffffffff-2016-05,6
8412ad7ffffffff-2016-08,4
8412ad7ffffffff-2017-05,7
8412ad7ffffffff-2017-06,2
8412ad7ffffffff-2017-07,7
8412ad7ffffffff-2017-08,7
8412ad7ffffffff-2018-04,1
8412ad7ffffffff-2018-05,4
8412ad7ffffffff-2018-06,1
8412ad7ffffffff-2018-07,1
8412ad7ffffffff-2018-08,3
8412ad7ffffffff-2018-09,1
8412ad7ffffffff-2019-05,2
8412ad7ffffffff-2019-06,2
8412ad7ffffffff-2019-07,13
8412ad7ffffffff-2019-08,10
8412ad7ffffffff-2020-04,1
8412ad7ffffffff-2020-05,2
8412ad7ffffffff-2020-07,3
8412ad7ffffffff-2021-08,4
8412ad7ffffffff-2022-06,1
8412ad7ffffffff-2022-07,8
8412ad7ffffffff-2022-08,5
8412ad7ffffffff-2023-05,1
8412ad7ffffffff-2023-06,1
8412ad7ffffffff-2023-08,20
8412ad7ffffffff-2023-09,1
8412ae5ffffffff-2023-05,2
8412b01ffffffff-2012-05,1
8412b01ffffffff-2016-07,1
8412b01ffffffff-2017-04,1
8412b01ffffffff-2019-04,3
8412b01ffffffff-2021-08,1
8412b01ffffffff-2023-08,1
8412b03ffffffff-2018-05,1
8412b03ffffffff-2019-05,1
8412b03ffffffff-2023-08,1
8412b07ffffffff-2022-05,1
8412b13ffffffff-2018-07,1
8412b33ffffffff-2015-06,1
8412b33ffffffff-2016-05,1
8412b47ffffffff-2017-07,1
8412b49ffffffff-2013-05,1
8412b49ffffffff-2018-04,1
8412b49ffffffff-2019-07,1
8412b49ffffffff-2019-08,1
8412b49ffffffff-2020-04,1
8412b49ffffffff-2021-04,1
8412b49ffffffff-2021-05,3
8412b49ffffffff-2021-08,1
8412b49ffffffff-2022-04,1
8412b49ffffffff-2022-05,1
8412b49ffffffff-2023-08,1
8412b49ffffffff-2023-09,1
8412b4bffffffff-2019-08,1
8412b4bffffffff-2022-08,1
8412b4bffffffff-2023-07,1
8412b63ffffffff-2019-05,1
8412b63ffffffff-2020-04,1
8412b63ffffffff-2020-05,1
8412b63ffffffff-2021-05,2
8412b6bffffffff-2018-05,1
8412c01ffffffff-2015-05,1
8412c01ffffffff-2015-08,1
8412c01ffffffff-2016-05,1
8412c01ffffffff-2016-06,1
8412c01ffffffff-2016-08,2
8412c01ffffffff-2022-07,1
8412c03ffffffff-2016-08,1
8412c03ffffffff-2022-05,1
8412c05ffffffff-2012-05,1
8412c05ffffffff-2012-07,4
8412c05ffffffff-2012-08,6
8412c05ffffffff-2013-05,1
8412c05ffffffff-2013-09,1
8412c05ffffffff-2014-04,2
8412c05ffffffff-2014-05,5
8412c05ffffffff-2015-05,1
8412c05ffffffff-2015-07,2
8412c05ffffffff-2015-08,1
8412c05ffffffff-2016-07,2
8412c05ffffffff-2016-08,3
8412c05ffffffff-2017-04,3
8412c05ffffffff-2017-05,5
8412c05ffffffff-2017-07,1
8412c05ffffffff-2017-08,2
8412c05ffffffff-2019-04,2
8412c07ffffffff-2012-08,1
8412c07ffffffff-2012-09,1
8412c07ffffffff-2013-08,3
8412c07ffffffff-2014-05,1
8412c07ffffffff-2014-08,1
8412c07ffffffff-2015-05,1
8412c07ffffffff-2015-08,1
8412c07ffffffff-2016-08,3
8412c09ffffffff-2017-08,2
8412c0bffffffff-2023-08,1
8412c0dffffffff-2012-05,1
8412c11ffffffff-2016-04,1
8412c11ffffffff-2017-08,1
8412c11ffffffff-2018-07,3
8412c11ffffffff-2018-08,4
8412c11ffffffff-2019-08,1
8412c11ffffffff-2020-05,5
8412c11ffffffff-2021-04,1
8412c11ffffffff-2021-05,4
8412c11ffffffff-2021-08,1
8412c11ffffffff-2022-06,1
8412c11ffffffff-2023-06,2
8412c11ffffffff-2023-08,2
8412c13ffffffff-2012-05,1
8412c15ffffffff-2014-08,1
8412c15ffffffff-2023-08,1
8412c17ffffffff-2018-08,1
8412c17ffffffff-2019-08,2
8412c17ffffffff-2020-06,1
8412c17ffffffff-2020-07,1
8412c17ffffffff-2022-08,1
8412c17ffffffff-2023-08,1
8412c1bffffffff-2012-08,2
8412c1bffffffff-2012-09,2
8412c1bffffffff-2013-05,1
8412c1bffffffff-2013-08,1
8412c1bffffffff-2013-09,1
8412c1bffffffff-2014-08,8
8412c1bffffffff-2015-04,2
8412c1bffffffff-2015-05,10
8412c1bffffffff-2015-08,5
8412c1bffffffff-2015-10,1
8412c1bffffffff-2016-04,2
8412c1bffffffff-2016-05,4
8412c1bffffffff-2016-06,3
8412c1bffffffff-2016-07,4
8412c1bffffffff-2016-08,9
8412c1bffffffff-2016-09,8
8412c1bffffffff-2017-04,9
8412c1bffffffff-2017-07,2
8412c1bffffffff-2017-08,24
8412c1bffffffff-2017-09,13
8412c1bffffffff-2018-04,2
8412c1bffffffff-2018-05,4
8412c1bffffffff-2018-07,1
8412c1bffffffff-2018-08,7
8412c1bffffffff-2018-09,4
8412c1bffffffff-2019-04,6
8412c1bffffffff-2019-05,18
8412c1bffffffff-2019-06,7
8412c1bffffffff-2019-07,1
8412c1bffffffff-2019-08,2
8412c1bffffffff-2019-09,3
8412c1bffffffff-2020-04,1
8412c1bffffffff-2020-05,4
8412c1bffffffff-2020-06,5
8412c1bffffffff-2020-07,5
8412c1bffffffff-2020-08,1
8412c1bffffffff-2020-09,1
8412c1bffffffff-2021-04,14
8412c1bffffffff-2021-05,28
8412c1bffffffff-2021-06,3
8412c1bffffffff-2021-07,20
8412c1bffffffff-2021-08,13
8412c1bffffffff-2021-09,5
8412c1bffffffff-2022-04,19
8412c1bffffffff-2022-05,41
8412c1bffffffff-2022-06,2
8412c1bffffffff-2022-07,11
8412c1bffffffff-2022-08,27
8412c1bffffffff-2022-09,10
8412c1bffffffff-2023-04,3
8412c1bffffffff-2023-05,7
8412c1bffffffff-2023-06,5
8412c1bffffffff-2023-07,11
8412c1bffffffff-2023-08,29
8412c1bffffffff-2023-09,8
8412c1dffffffff-2013-08,1
8412c1dffffffff-2014-08,1
8412c1dffffffff-2014-09,2
8412c1dffffffff-2017-09,1
8412c1dffffffff-2018-05,2
8412c1dffffffff-2018-07,1
8412c1dffffffff-2018-08,2
8412c1dffffffff-2018-09,2
8412c1dffffffff-2019-06,3
8412c1dffffffff-2020-04,1
8412c1dffffffff-2020-05,3
8412c1dffffffff-2021-05,9
8412c1dffffffff-2021-08,1
8412c1dffffffff-2022-04,2
8412c1dffffffff-2022-05,4
8412c1dffffffff-2022-08,1
8412c1dffffffff-2023-07,5
8412c1dffffffff-2023-08,9
8412c21ffffffff-2013-05,1
8412c21ffffffff-2013-08,6
8412c21ffffffff-2014-04,1
8412c21ffffffff-2014-05,1
8412c21ffffffff-2014-07,5
8412c21ffffffff-2015-07,5
8412c21ffffffff-2015-08,4
8412c21ffffffff-2017-04,1
8412c21ffffffff-2017-05,1
8412c21ffffffff-2017-08,7
8412c21ffffffff-2017-09,1
8412c21ffffffff-2018-05,1
8412c21ffffffff-2018-06,1
8412c21ffffffff-2018-08,1
8412c21ffffffff-2018-09,1
8412c21ffffffff-2019-05,1
8412c21ffffffff-2019-07,1
8412c21ffffffff-2019-08,6
8412c21ffffffff-2019-09,3
8412c21ffffffff-2020-04,2
8412c21ffffffff-2020-05,4
8412c21ffffffff-2021-04,10
8412c21ffffffff-2021-05,21
8412c21ffffffff-2021-06,1
8412c21ffffffff-2021-08,9
8412c21ffffffff-2021-09,3
8412c21ffffffff-2022-04,7
8412c21ffffffff-2022-05,6
8412c21ffffffff-2022-09,3
8412c21ffffffff-2023-04,5
8412c21ffffffff-2023-05,1
8412c21ffffffff-2023-07,1
8412c21ffffffff-2023-08,11
8412c21ffffffff-2023-09,1
8412c23ffffffff-2021-05,1
8412c33ffffffff-2016-07,1
8412c33ffffffff-2017-08,2
8412c33ffffffff-2020-07,1
8412c33ffffffff-2020-09,1
8412c33ffffffff-2022-05,1
8412c35ffffffff-2022-05,2
8412c39ffffffff-2023-04,1
8412c39ffffffff-2023-08,5
8412c39ffffffff-2023-10,3
8412c3bffffffff-2014-05,2
8412c3bffffffff-2015-04,1
8412c3bffffffff-2015-05,2
8412c3bffffffff-2015-08,1
8412c3bffffffff-2017-08,1
8412c3bffffffff-2018-04,4
8412c3bffffffff-2019-08,1
8412c3bffffffff-2022-05,3
8412c3bffffffff-2022-08,1
8412c3bffffffff-2023-05,3
8412c45ffffffff-2023-07,1
8412c45ffffffff-2023-08,1
8412c49ffffffff-2016-04,1
8412c49ffffffff-2018-05,1
8412c4dffffffff-2017-08,1
8412c4dffffffff-2019-08,1
8412c4dffffffff-2022-08,2
8412c51ffffffff-2021-05,1
8412c51ffffffff-2021-07,1
8412c53ffffffff-2021-05,4
8412c59ffffffff-2019-04,1
8412c5bffffffff-2016-04,1
8412c5bffffffff-2020-04,1
8412c5bffffffff-2021-05,2
8412c5bffffffff-2021-07,2
8412c5bffffffff-2022-08,1
8412c5bffffffff-2022-09,1
8412c5bffffffff-2023-08,1
8412c5dffffffff-2022-08,1
8412c81ffffffff-2013-09,3
8412c81ffffffff-2015-09,1
8412c81ffffffff-2017-04,1
8412c81ffffffff-2018-09,2
8412c81ffffffff-2019-05,1
8412c81ffffffff-2019-09,4
8412c81ffffffff-2020-07,1
8412c81ffffffff-2020-09,1
8412c81ffffffff-2021-05,3
8412c81ffffffff-2021-07,1
8412c81ffffffff-2021-08,3
8412c81ffffffff-2021-09,5
8412c81ffffffff-2022-05,1
8412c81ffffffff-2022-08,4
8412c81ffffffff-2023-08,2
8412c83ffffffff-2016-04,1
8412c83ffffffff-2020-08,2
8412c83ffffffff-2021-05,3
8412c83ffffffff-2021-07,2
8412c83ffffffff-2021-08,2
8412c83ffffffff-2022-04,1
8412c83ffffffff-2022-05,1
8412c83ffffffff-2022-09,2
8412c83ffffffff-2023-08,1
8412c85ffffffff-2014-09,2
8412c85ffffffff-2015-05,1
8412c85ffffffff-2015-08,1
8412c85ffffffff-2016-08,1
8412c85ffffffff-2017-07,1
8412c85ffffffff-2017-08,1
8412c85ffffffff-2018-07,3
8412c85ffffffff-2018-08,5
8412c85ffffffff-2018-09,2
8412c85ffffffff-2019-04,1
8412c85ffffffff-2019-07,1
8412c85ffffffff-2019-08,2
8412c85ffffffff-2020-07,2
8412c85ffffffff-2020-08,4
8412c85ffffffff-2020-09,4
8412c85ffffffff-2021-04,2
8412c85ffffffff-2021-05,1
8412c85ffffffff-2021-07,3
8412c85ffffffff-2021-08,6
8412c85ffffffff-2022-04,3
8412c85ffffffff-2022-05,1
8412c85ffffffff-2022-06,1
8412c85ffffffff-2022-08,8
8412c85ffffffff-2022-09,3
8412c85ffffffff-2023-05,1
8412c85ffffffff-2023-07,1
8412c85ffffffff-2023-08,4
8412c85ffffffff-2023-09,2
8412c87ffffffff-2013-05,1
8412c87ffffffff-2013-06,3
8412c87ffffffff-2018-05,2
8412c87ffffffff-2018-07,1
8412c87ffffffff-2021-04,1
8412c87ffffffff-2021-05,1
8412c87ffffffff-2021-06,3
8412c87ffffffff-2021-08,4
8412c87ffffffff-2021-09,2
8412c87ffffffff-2022-04,4
8412c87ffffffff-2022-08,11
8412c87ffffffff-2022-09,2
8412c87ffffffff-2023-07,1
8412c87ffffffff-2023-08,5
8412c87ffffffff-2023-09,1
8412c89ffffffff-2012-07,1
8412c89ffffffff-2013-09,3
8412c89ffffffff-2015-04,3
8412c89ffffffff-2015-06,1
8412c89ffffffff-2016-05,1
8412c89ffffffff-2017-07,1
8412c89ffffffff-2017-08,2
8412c89ffffffff-2018-05,1
8412c89ffffffff-2018-08,10
8412c89ffffffff-2019-07,1
8412c89ffffffff-2019-08,2
8412c89ffffffff-2019-09,1
8412c89ffffffff-2019-10,1
8412c89ffffffff-2020-05,4
8412c89ffffffff-2020-07,5
8412c89ffffffff-2020-08,3
8412c89ffffffff-2020-09,2
8412c89ffffffff-2021-04,2
8412c89ffffffff-2021-05,2
8412c89ffffffff-2021-06,1
8412c89ffffffff-2021-07,12
8412c89ffffffff-2021-09,1
8412c89ffffffff-2021-10,2
8412c89ffffffff-2022-04,6
8412c89ffffffff-2022-05,5
8412c89ffffffff-2022-08,4
8412c89ffffffff-2022-09,3
8412c89ffffffff-2022-10,2
8412c89ffffffff-2023-08,4
8412c89ffffffff-2023-09,1
8412c89ffffffff-2023-10,1
8412c8bffffffff-2012-08,3
8412c8bffffffff-2012-09,7
8412c8bffffffff-2012-10,5
8412c8bffffffff-2013-05,2
8412c8bffffffff-2014-08,1
8412c8bffffffff-2014-09,2
8412c8bffffffff-2015-09,2
8412c8bffffffff-2016-09,6
8412c8bffffffff-2016-10,1
8412c8bffffffff-2017-04,7
8412c8bffffffff-2017-05,3
8412c8bffffffff-2017-07,1
8412c8bffffffff-2017-08,7
8412c8bffffffff-2017-09,8
8412c8bffffffff-2018-05,1
8412c8bffffffff-2018-06,1
8412c8bffffffff-2018-07,1
8412c8bffffffff-2018-08,2
8412c8bffffffff-2018-09,3
8412c8bffffffff-2018-10,1
8412c8bffffffff-2019-04,2
8412c8bffffffff-2019-05,4
8412c8bffffffff-2019-07,3
8412c8bffffffff-2019-08,4
8412c8bffffffff-2019-09,6
8412c8bffffffff-2019-10,3
8412c8bffffffff-2020-04,3
8412c8bffffffff-2020-08,3
8412c8bffffffff-2020-09,5
8412c8bffffffff-2020-10,2
8412c8bffffffff-2021-04,9
8412c8bffffffff-2021-05,16
8412c8bffffffff-2021-06,1
8412c8bffffffff-2021-07,4
8412c8bffffffff-2021-08,8
8412c8bffffffff-2021-09,15
8412c8bffffffff-2021-10,2
8412c8bffffffff-2022-04,14
8412c8bffffffff-2022-08,8
8412c8bffffffff-2022-09,15
8412c8bffffffff-2022-10,3
8412c8bffffffff-2023-05,1
8412c8bffffffff-2023-08,5
8412c8bffffffff-2023-09,10
8412c8bffffffff-2023-10,5
8412c91ffffffff-2016-09,2
8412c91ffffffff-2018-08,1
8412c91ffffffff-2019-08,1
8412c91ffffffff-2021-07,2
8412c93ffffffff-2015-08,4
8412c93ffffffff-2016-04,1
8412c93ffffffff-2020-09,1
8412c93ffffffff-2023-08,1
8412c95ffffffff-2015-08,1
8412c95ffffffff-2017-08,4
8412c95ffffffff-2021-07,2
8412c95ffffffff-2022-07,2
8412c97ffffffff-2015-06,1
8412c97ffffffff-2015-07,6
8412c97ffffffff-2015-08,16
8412c97ffffffff-2015-09,1
8412c97ffffffff-2016-04,3
8412c97ffffffff-2016-08,27
8412c97ffffffff-2016-09,8
8412c97ffffffff-2017-05,1
8412c97ffffffff-2017-06,1
8412c97ffffffff-2017-07,3
8412c97ffffffff-2017-08,17
8412c97ffffffff-2017-09,5
8412c97ffffffff-2018-04,1
8412c97ffffffff-2018-05,1
8412c97ffffffff-2018-07,8
8412c97ffffffff-2018-08,5
8412c97ffffffff-2018-09,1
8412c97ffffffff-2019-04,2
8412c97ffffffff-2019-05,1
8412c97ffffffff-2019-09,1
8412c97ffffffff-2020-08,1
8412c97ffffffff-2020-09,10
8412c97ffffffff-2022-08,4
8412c99ffffffff-2016-07,1
8412c99ffffffff-2017-07,1
8412c99ffffffff-2020-06,2
8412c99ffffffff-2020-08,2
8412c99ffffffff-2023-07,2
8412c9bffffffff-2012-07,2
8412c9bffffffff-2014-09,1
8412c9bffffffff-2020-08,11
8412c9bffffffff-2021-07,1
8412c9bffffffff-2023-09,1
8412c9dffffffff-2012-04,5
8412c9dffffffff-2012-05,5
8412c9dffffffff-2012-08,3
8412c9dffffffff-2012-10,2
8412c9dffffffff-2013-04,3
8412c9dffffffff-2013-05,5
8412c9dffffffff-2013-07,5
8412c9dffffffff-2013-08,3
8412c9dffffffff-2013-09,2
8412c9dffffffff-2014-07,9
8412c9dffffffff-2014-08,5
8412c9dffffffff-2014-09,1
8412c9dffffffff-2015-04,3
8412c9dffffffff-2015-08,12
8412c9dffffffff-2015-09,2
8412c9dffffffff-2015-10,1
8412c9dffffffff-2016-04,5
8412c9dffffffff-2016-05,3
8412c9dffffffff-2016-07,5
8412c9dffffffff-2016-08,2
8412c9dffffffff-2016-09,2
8412c9dffffffff-2016-10,1
8412c9dffffffff-2017-04,5
8412c9dffffffff-2017-07,5
8412c9dffffffff-2017-08,6
8412c9dffffffff-2017-09,3
8412c9dffffffff-2018-04,1
8412c9dffffffff-2018-08,9
8412c9dffffffff-2018-10,2
8412c9dffffffff-2019-04,3
8412c9dffffffff-2019-05,4
8412c9dffffffff-2019-07,4
8412c9dffffffff-2019-08,6
8412c9dffffffff-2019-09,2
8412c9dffffffff-2019-10,1
8412c9dffffffff-2020-07,4
8412c9dffffffff-2020-08,1
8412c9dffffffff-2020-09,5
8412c9dffffffff-2020-10,1
8412c9dffffffff-2021-05,1
8412c9dffffffff-2021-06,1
8412c9dffffffff-2021-07,5
8412c9dffffffff-2021-08,16
8412c9dffffffff-2021-09,3
8412c9dffffffff-2022-04,7
8412c9dffffffff-2022-05,6
8412c9dffffffff-2022-07,4
8412c9dffffffff-2022-08,10
8412c9dffffffff-2022-09,1
8412c9dffffffff-2022-10,1
8412c9dffffffff-2023-04,3
8412c9dffffffff-2023-05,1
8412c9dffffffff-2023-08,2
8412c9dffffffff-2023-09,14
8412ca5ffffffff-2015-05,2
8412ca5ffffffff-2018-08,2
8412ca5ffffffff-2020-04,1
8412ca5ffffffff-2021-05,1
8412ca7ffffffff-2014-06,1
8412ca7ffffffff-2017-08,2
8412ca7ffffffff-2018-08,1
8412ca7ffffffff-2020-06,1
8412cadffffffff-2014-08,7
8412cadffffffff-2015-07,4
8412cadffffffff-2015-08,1
8412cadffffffff-2015-09,2
8412cadffffffff-2016-08,8
8412cadffffffff-2016-09,1
8412cadffffffff-2017-07,1
8412cadffffffff-2017-08,4
8412cadffffffff-2019-05,1
8412cadffffffff-2019-08,7
8412cadffffffff-2019-09,1
8412cadffffffff-2020-07,2
8412cadffffffff-2020-08,1
8412cadffffffff-2021-05,1
8412cadffffffff-2022-04,1
8412cadffffffff-2022-08,3
8412cadffffffff-2023-08,1
8412cadffffffff-2023-09,1
8412cb1ffffffff-2016-07,1
8412cb1ffffffff-2017-09,1
8412cb1ffffffff-2021-08,1
8412cb1ffffffff-2023-07,1
8412cb1ffffffff-2023-08,2
8412cb1ffffffff-2023-09,1
8412cb5ffffffff-2017-08,2
8412cb9ffffffff-2023-04,1
8412cbbffffffff-2014-07,2
8412cbbffffffff-2016-07,1
8412cbbffffffff-2016-10,1
8412cbbffffffff-2017-09,1
8412cbbffffffff-2018-07,2
8412cbbffffffff-2022-09,3
8412cbbffffffff-2023-07,3
8412cbbffffffff-2023-09,1
8412cbdffffffff-2021-08,1
8412cc1ffffffff-2012-04,25
8412cc1ffffffff-2012-05,17
8412cc1ffffffff-2012-06,2
8412cc1ffffffff-2012-07,8
8412cc1ffffffff-2012-08,3
8412cc1ffffffff-2012-09,2
8412cc1ffffffff-2013-04,1
8412cc1ffffffff-2013-05,6
8412cc1ffffffff-2013-07,10
8412cc1ffffffff-2013-08,6
8412cc1ffffffff-2013-09,4
8412cc1ffffffff-2013-10,2
8412cc1ffffffff-2014-04,6
8412cc1ffffffff-2014-05,4
8412cc1ffffffff-2014-06,7
8412cc1ffffffff-2014-07,26
8412cc1ffffffff-2014-08,8
8412cc1ffffffff-2014-09,5
8412cc1ffffffff-2015-04,42
8412cc1ffffffff-2015-05,58
8412cc1ffffffff-2015-06,6
8412cc1ffffffff-2015-07,17
8412cc1ffffffff-2015-08,21
8412cc1ffffffff-2015-09,16
8412cc1ffffffff-2016-04,63
8412cc1ffffffff-2016-05,15
8412cc1ffffffff-2016-06,14
8412cc1ffffffff-2016-07,36
8412cc1ffffffff-2016-08,33
8412cc1ffffffff-2016-09,43
8412cc1ffffffff-2016-10,12
8412cc1ffffffff-2016-11,5
8412cc1ffffffff-2017-04,9
8412cc1ffffffff-2017-05,2
8412cc1ffffffff-2017-06,2
8412cc1ffffffff-2017-07,30
8412cc1ffffffff-2017-08,47
8412cc1ffffffff-2017-09,6
8412cc1ffffffff-2018-04,2
8412cc1ffffffff-2018-05,4
8412cc1ffffffff-2018-06,25
8412cc1ffffffff-2018-07,58
8412cc1ffffffff-2018-08,39
8412cc1ffffffff-2018-09,6
8412cc1ffffffff-2019-04,19
8412cc1ffffffff-2019-05,20
8412cc1ffffffff-2019-06,14
8412cc1ffffffff-2019-07,75
8412cc1ffffffff-2019-08,62
8412cc1ffffffff-2019-09,30
8412cc1ffffffff-2019-10,6
8412cc1ffffffff-2020-04,1
8412cc1ffffffff-2020-05,6
8412cc1ffffffff-2020-06,41
8412cc1ffffffff-2020-07,194
8412cc1ffffffff-2020-08,144
8412cc1ffffffff-2020-09,41
8412cc1ffffffff-2020-10,5
8412cc1ffffffff-2021-04,41
8412cc1ffffffff-2021-05,89
8412cc1ffffffff-2021-06,18
8412cc1ffffffff-2021-07,118
8412cc1ffffffff-2021-08,106
8412cc1ffffffff-2021-09,22
8412cc1ffffffff-2021-10,1
8412cc1ffffffff-2022-04,24
8412cc1ffffffff-2022-05,29
8412cc1ffffffff-2022-06,10
8412cc1ffffffff-2022-07,93
8412cc1ffffffff-2022-08,107
8412cc1ffffffff-2022-09,33
8412cc1ffffffff-2023-04,30
8412cc1ffffffff-2023-05,32
8412cc1ffffffff-2023-06,20
8412cc1ffffffff-2023-07,115
8412cc1ffffffff-2023-08,158
8412cc1ffffffff-2023-09,61
8412cc1ffffffff-2023-10,6
8412cc3ffffffff-2013-08,2
8412cc3ffffffff-2016-06,1
8412cc3ffffffff-2017-04,1
8412cc3ffffffff-2017-08,1
8412cc3ffffffff-2018-08,3
8412cc3ffffffff-2018-09,2
8412cc3ffffffff-2019-07,1
8412cc3ffffffff-2019-08,1
8412cc3ffffffff-2020-07,3
8412cc3ffffffff-2020-08,1
8412cc3ffffffff-2021-04,1
8412cc3ffffffff-2021-07,2
8412cc3ffffffff-2023-07,2
8412cc3ffffffff-2023-08,1
8412cc5ffffffff-2015-04,1
8412cc5ffffffff-2016-07,1
8412cc5ffffffff-2016-08,1
8412cc5ffffffff-2017-07,6
8412cc5ffffffff-2018-05,1
8412cc5ffffffff-2019-05,6
8412cc5ffffffff-2020-04,1
8412cc5ffffffff-2020-05,1
8412cc5ffffffff-2021-05,1
8412cc5ffffffff-2021-07,3
8412cc7ffffffff-2012-05,3
8412cc7ffffffff-2012-07,1
8412cc7ffffffff-2014-07,1
8412cc7ffffffff-2015-06,2
8412cc7ffffffff-2015-07,5
8412cc7ffffffff-2016-04,1
8412cc7ffffffff-2016-07,4
8412cc7ffffffff-2016-08,2
8412cc7ffffffff-2017-05,3
8412cc7ffffffff-2017-08,1
8412cc7ffffffff-2019-04,2
8412cc7ffffffff-2019-06,2
8412cc7ffffffff-2019-07,3
8412cc7ffffffff-2019-08,1
8412cc7ffffffff-2020-07,1
8412cc7ffffffff-2020-08,2
8412cc7ffffffff-2022-04,2
8412cc7ffffffff-2022-07,1
8412cc9ffffffff-2012-04,4
8412cc9ffffffff-2012-05,3
8412cc9ffffffff-2012-07,7
8412cc9ffffffff-2012-08,27
8412cc9ffffffff-2012-09,35
8412cc9ffffffff-2012-10,4
8412cc9ffffffff-2013-05,5
8412cc9ffffffff-2013-07,24
8412cc9ffffffff-2013-08,53
8412cc9ffffffff-2013-09,68
8412cc9ffffffff-2013-10,7
8412cc9ffffffff-2014-04,6
8412cc9ffffffff-2014-05,11
8412cc9ffffffff-2014-06,2
8412cc9ffffffff-2014-07,27
8412cc9ffffffff-2014-08,96
8412cc9ffffffff-2014-09,43
8412cc9ffffffff-2014-10,7
8412cc9ffffffff-2015-04,20
8412cc9ffffffff-2015-05,35
8412cc9ffffffff-2015-06,38
8412cc9ffffffff-2015-07,101
8412cc9ffffffff-2015-08,68
8412cc9ffffffff-2015-09,27
8412cc9ffffffff-2015-10,9
8412cc9ffffffff-2015-11,2
8412cc9ffffffff-2016-04,48
8412cc9ffffffff-2016-05,64
8412cc9ffffffff-2016-06,49
8412cc9ffffffff-2016-07,75
8412cc9ffffffff-2016-08,48
8412cc9ffffffff-2016-09,48
8412cc9ffffffff-2016-10,34
8412cc9ffffffff-2017-04,59
8412cc9ffffffff-2017-05,20
8412cc9ffffffff-2017-07,53
8412cc9ffffffff-2017-08,134
8412cc9ffffffff-2017-09,30
8412cc9ffffffff-2017-10,4
8412cc9ffffffff-2018-04,3
8412cc9ffffffff-2018-05,19
8412cc9ffffffff-2018-06,14
8412cc9ffffffff-2018-07,57
8412cc9ffffffff-2018-08,130
8412cc9ffffffff-2018-09,109
8412cc9ffffffff-2018-10,12
8412cc9ffffffff-2019-04,45
8412cc9ffffffff-2019-05,45
8412cc9ffffffff-2019-06,9
8412cc9ffffffff-2019-07,27
8412cc9ffffffff-2019-08,111
8412cc9ffffffff-2019-09,36
8412cc9ffffffff-2019-10,23
8412cc9ffffffff-2020-04,27
8412cc9ffffffff-2020-05,11
8412cc9ffffffff-2020-06,3
8412cc9ffffffff-2020-07,70
8412cc9ffffffff-2020-08,140
8412cc9ffffffff-2020-09,138
8412cc9ffffffff-2020-10,28
8412cc9ffffffff-2021-04,44
8412cc9ffffffff-2021-05,190
8412cc9ffffffff-2021-06,15
8412cc9ffffffff-2021-07,118
8412cc9ffffffff-2021-08,165
8412cc9ffffffff-2021-09,36
8412cc9ffffffff-2021-10,8
8412cc9ffffffff-2022-04,42
8412cc9ffffffff-2022-05,50
8412cc9ffffffff-2022-06,14
8412cc9ffffffff-2022-07,74
8412cc9ffffffff-2022-08,199
8412cc9ffffffff-2022-09,126
8412cc9ffffffff-2022-10,27
8412cc9ffffffff-2023-04,11
8412cc9ffffffff-2023-05,17
8412cc9ffffffff-2023-06,21
8412cc9ffffffff-2023-07,136
8412cc9ffffffff-2023-08,164
8412cc9ffffffff-2023-09,60
8412cc9ffffffff-2023-10,9
8412ccbffffffff-2012-08,1
8412ccbffffffff-2012-10,1
8412ccbffffffff-2013-07,1
8412ccbffffffff-2014-05,1
8412ccbffffffff-2015-09,5
8412ccbffffffff-2016-07,1
8412ccbffffffff-2019-05,2
8412ccbffffffff-2019-08,2
8412ccbffffffff-2021-05,3
8412ccbffffffff-2022-08,3
8412ccbffffffff-2023-08,1
8412ccdffffffff-2012-04,15
8412ccdffffffff-2012-05,4
8412ccdffffffff-2012-07,2
8412ccdffffffff-2012-08,11
8412ccdffffffff-2012-09,17
8412ccdffffffff-2012-10,9
8412ccdffffffff-2013-05,12
8412ccdffffffff-2013-07,1
8412ccdffffffff-2013-08,5
8412ccdffffffff-2013-09,16
8412ccdffffffff-2013-10,8
8412ccdffffffff-2014-04,2
8412ccdffffffff-2014-05,39
8412ccdffffffff-2014-07,1
8412ccdffffffff-2014-08,2
8412ccdffffffff-2014-09,9
8412ccdffffffff-2014-10,2
8412ccdffffffff-2015-04,11
8412ccdffffffff-2015-05,12
8412ccdffffffff-2015-07,3
8412ccdffffffff-2015-08,4
8412ccdffffffff-2015-09,24
8412ccdffffffff-2015-10,7
8412ccdffffffff-2016-04,30
8412ccdffffffff-2016-05,19
8412ccdffffffff-2016-06,4
8412ccdffffffff-2016-07,4
8412ccdffffffff-2016-08,16
8412ccdffffffff-2016-09,18
8412ccdffffffff-2016-10,8
8412ccdffffffff-2017-04,26
8412ccdffffffff-2017-05,9
8412ccdffffffff-2017-06,4
8412ccdffffffff-2017-07,16
8412ccdffffffff-2017-08,44
8412ccdffffffff-2017-09,37
8412ccdffffffff-2017-10,5
8412ccdffffffff-2018-04,10
8412ccdffffffff-2018-05,9
8412ccdffffffff-2018-06,3
8412ccdffffffff-2018-07,4
8412ccdffffffff-2018-08,20
8412ccdffffffff-2018-09,32
8412ccdffffffff-2018-10,19
8412ccdffffffff-2019-04,24
8412ccdffffffff-2019-05,51
8412ccdffffffff-2019-06,1
8412ccdffffffff-2019-07,1
8412ccdffffffff-2019-08,47
8412ccdffffffff-2019-09,37
8412ccdffffffff-2019-10,9
8412ccdffffffff-2020-04,25
8412ccdffffffff-2020-05,37
8412ccdffffffff-2020-06,1
8412ccdffffffff-2020-07,22
8412ccdffffffff-2020-08,68
8412ccdffffffff-2020-09,257
8412ccdffffffff-2020-10,27
8412ccdffffffff-2021-04,199
8412ccdffffffff-2021-05,341
8412ccdffffffff-2021-06,5
8412ccdffffffff-2021-07,113
8412ccdffffffff-2021-08,94
8412ccdffffffff-2021-09,197
8412ccdffffffff-2021-10,26
8412ccdffffffff-2022-04,198
8412ccdffffffff-2022-05,240
8412ccdffffffff-2022-06,3
8412ccdffffffff-2022-07,36
8412ccdffffffff-2022-08,57
8412ccdffffffff-2022-09,172
8412ccdffffffff-2022-10,62
8412ccdffffffff-2023-04,172
8412ccdffffffff-2023-05,30
8412ccdffffffff-2023-06,6
8412ccdffffffff-2023-07,32
8412ccdffffffff-2023-08,82
8412ccdffffffff-2023-09,281
8412ccdffffffff-2023-10,36
8412cd1ffffffff-2012-07,1
8412cd1ffffffff-2020-07,2
8412cd1ffffffff-2020-08,1
8412cd1ffffffff-2021-07,1
8412cd1ffffffff-2022-06,5
8412cd1ffffffff-2022-08,1
8412cd3ffffffff-2015-05,1
8412cd3ffffffff-2016-07,1
8412cd3ffffffff-2017-09,1
8412cd3ffffffff-2021-05,3
8412cd3ffffffff-2021-06,2
8412cd3ffffffff-2021-07,2
8412cd3ffffffff-2022-08,3
8412cd5ffffffff-2015-04,2
8412cd5ffffffff-2015-06,1
8412cd5ffffffff-2017-04,3
8412cd5ffffffff-2017-05,1
8412cd5ffffffff-2017-10,1
8412cd5ffffffff-2018-09,1
8412cd5ffffffff-2019-08,1
8412cd5ffffffff-2019-10,1
8412cd5ffffffff-2020-07,1
8412cd5ffffffff-2021-05,1
8412cd5ffffffff-2021-07,3
8412cd5ffffffff-2021-10,2
8412cd5ffffffff-2022-08,2
8412cd5ffffffff-2022-09,4
8412cd5ffffffff-2022-10,1
8412cd5ffffffff-2023-07,4
8412cd5ffffffff-2023-08,2
8412cd5ffffffff-2023-10,4
8412cd7ffffffff-2012-08,2
8412cd7ffffffff-2012-09,1
8412cd7ffffffff-2013-08,1
8412cd7ffffffff-2013-10,1
8412cd7ffffffff-2014-08,1
8412cd7ffffffff-2014-10,1
8412cd7ffffffff-2015-08,1
8412cd7ffffffff-2015-09,5
8412cd7ffffffff-2015-10,3
8412cd7ffffffff-2016-10,1
8412cd7ffffffff-2017-05,2
8412cd7ffffffff-2017-07,3
8412cd7ffffffff-2017-08,1
8412cd7ffffffff-2017-09,2
8412cd7ffffffff-2018-04,3
8412cd7ffffffff-2018-07,1
8412cd7ffffffff-2018-08,4
8412cd7ffffffff-2018-09,1
8412cd7ffffffff-2019-06,2
8412cd7ffffffff-2020-08,5
8412cd7ffffffff-2021-05,2
8412cd7ffffffff-2022-04,1
8412cd7ffffffff-2022-08,6
8412cd7ffffffff-2022-10,1
8412cd7ffffffff-2023-04,1
8412cd7ffffffff-2023-05,1
8412cd7ffffffff-2023-08,3
8412cd9ffffffff-2012-05,2
8412cd9ffffffff-2012-07,1
8412cd9ffffffff-2012-08,3
8412cd9ffffffff-2012-09,5
8412cd9ffffffff-2013-06,4
8412cd9ffffffff-2013-08,2
8412cd9ffffffff-2014-05,4
8412cd9ffffffff-2014-06,4
8412cd9ffffffff-2014-07,5
8412cd9ffffffff-2014-08,12
8412cd9ffffffff-2014-09,4
8412cd9ffffffff-2015-04,1
8412cd9ffffffff-2015-05,1
8412cd9ffffffff-2015-06,2
8412cd9ffffffff-2015-08,2
8412cd9ffffffff-2015-10,1
8412cd9ffffffff-2016-05,1
8412cd9ffffffff-2016-06,1
8412cd9ffffffff-2016-07,4
8412cd9ffffffff-2016-08,4
8412cd9ffffffff-2017-05,2
8412cd9ffffffff-2017-08,1
8412cd9ffffffff-2017-09,3
8412cd9ffffffff-2018-06,7
8412cd9ffffffff-2018-07,1
8412cd9ffffffff-2019-04,2
8412cd9ffffffff-2019-05,2
8412cd9ffffffff-2019-10,2
8412cd9ffffffff-2020-07,2
8412cd9ffffffff-2020-08,7
8412cd9ffffffff-2020-09,2
8412cd9ffffffff-2020-10,2
8412cd9ffffffff-2021-04,2
8412cd9ffffffff-2021-05,5
8412cd9ffffffff-2021-06,2
8412cd9ffffffff-2021-07,9
8412cd9ffffffff-2021-08,7
8412cd9ffffffff-2021-09,2
8412cd9ffffffff-2021-10,2
8412cd9ffffffff-2022-05,13
8412cd9ffffffff-2022-06,3
8412cd9ffffffff-2022-07,1
8412cd9ffffffff-2022-08,3
8412cd9ffffffff-2023-07,1
8412cd9ffffffff-2023-08,11
8412cd9ffffffff-2023-09,3
8412cdbffffffff-2012-07,3
8412cdbffffffff-2012-09,2
8412cdbffffffff-2014-07,1
8412cdbffffffff-2015-05,1
8412cdbffffffff-2015-07,1
8412cdbffffffff-2016-07,2
8412cdbffffffff-2018-07,1
8412cdbffffffff-2018-08,6
8412cdbffffffff-2019-04,1
8412cdbffffffff-2019-05,3
8412cdbffffffff-2019-06,2
8412cdbffffffff-2019-08,1
8412cdbffffffff-2020-04,1
8412cdbffffffff-2020-07,1
8412cdbffffffff-2021-08,1
8412cdbffffffff-2022-05,4
8412cddffffffff-2012-05,1
8412cddffffffff-2014-07,1
8412cddffffffff-2014-10,2
8412cddffffffff-2015-05,1
8412cddffffffff-2017-04,1
8412cddffffffff-2017-06,1
8412cddffffffff-2017-09,1
8412cddffffffff-2018-07,1
8412cddffffffff-2018-08,2
8412cddffffffff-2019-06,1
8412cddffffffff-2020-07,1
8412ce5ffffffff-2021-05,1
8412ce5ffffffff-2021-08,1
8412ce7ffffffff-2019-08,1
8412ce7ffffffff-2021-04,2
8412cedffffffff-2015-07,1
8412d01ffffffff-2012-10,2
8412d01ffffffff-2014-04,1
8412d01ffffffff-2016-07,1
8412d01ffffffff-2017-08,3
8412d01ffffffff-2017-09,2
8412d01ffffffff-2019-05,1
8412d01ffffffff-2019-08,1
8412d01ffffffff-2019-10,1
8412d01ffffffff-2020-05,2
8412d01ffffffff-2020-07,2
8412d01ffffffff-2020-08,4
8412d01ffffffff-2020-09,4
8412d01ffffffff-2021-08,2
8412d01ffffffff-2022-04,3
8412d01ffffffff-2022-05,1
8412d01ffffffff-2022-06,1
8412d01ffffffff-2022-07,1
8412d01ffffffff-2023-05,1
8412d01ffffffff-2023-07,1
8412d01ffffffff-2023-08,7
8412d01ffffffff-2023-09,1
8412d03ffffffff-2012-08,1
8412d03ffffffff-2016-07,2
8412d03ffffffff-2017-06,1
8412d03ffffffff-2017-08,2
8412d03ffffffff-2018-04,1
8412d03ffffffff-2019-07,2
8412d03ffffffff-2019-08,10
8412d03ffffffff-2020-05,4
8412d03ffffffff-2020-06,2
8412d03ffffffff-2020-07,1
8412d03ffffffff-2020-09,3
8412d03ffffffff-2021-04,2
8412d03ffffffff-2021-07,2
8412d03ffffffff-2021-08,4
8412d03ffffffff-2022-04,5
8412d03ffffffff-2022-05,3
8412d03ffffffff-2022-07,1
8412d03ffffffff-2022-08,7
8412d03ffffffff-2023-05,3
8412d03ffffffff-2023-07,1
8412d03ffffffff-2023-08,5
8412d03ffffffff-2023-09,8
8412d07ffffffff-2020-08,5
8412d07ffffffff-2020-09,1
8412d07ffffffff-2021-08,2
8412d07ffffffff-2021-09,2
8412d07ffffffff-2022-07,1
8412d07ffffffff-2022-08,4
8412d07ffffffff-2022-09,3
8412d07ffffffff-2023-07,1
8412d07ffffffff-2023-08,8
8412d0bffffffff-2014-08,2
8412d0bffffffff-2014-09,1
8412d0bffffffff-2016-08,1
8412d0bffffffff-2021-08,7
8412d0bffffffff-2021-10,1
8412d0bffffffff-2022-08,3
8412d11ffffffff-2012-04,1
8412d11ffffffff-2012-08,5
8412d11ffffffff-2013-05,7
8412d11ffffffff-2013-07,2
8412d11ffffffff-2013-08,19
8412d11ffffffff-2014-07,3
8412d11ffffffff-2014-08,18
8412d11ffffffff-2014-09,8
8412d11ffffffff-2015-07,3
8412d11ffffffff-2015-08,5
8412d11ffffffff-2016-06,1
8412d11ffffffff-2016-07,8
8412d11ffffffff-2016-08,13
8412d11ffffffff-2017-04,1
8412d11ffffffff-2017-06,1
8412d11ffffffff-2017-07,8
8412d11ffffffff-2017-08,16
8412d11ffffffff-2018-06,1
8412d11ffffffff-2018-07,4
8412d11ffffffff-2018-08,12
8412d11ffffffff-2019-04,2
8412d11ffffffff-2019-06,1
8412d11ffffffff-2019-07,5
8412d11ffffffff-2019-08,25
8412d11ffffffff-2019-09,5
8412d11ffffffff-2020-04,7
8412d11ffffffff-2020-05,1
8412d11ffffffff-2020-06,1
8412d11ffffffff-2020-07,9
8412d11ffffffff-2020-08,25
8412d11ffffffff-2020-09,3
8412d11ffffffff-2021-04,8
8412d11ffffffff-2021-05,5
8412d11ffffffff-2021-06,1
8412d11ffffffff-2021-07,10
8412d11ffffffff-2021-08,9
8412d11ffffffff-2021-09,3
8412d11ffffffff-2022-04,6
8412d11ffffffff-2022-05,3
8412d11ffffffff-2022-06,1
8412d11ffffffff-2022-07,17
8412d11ffffffff-2022-08,44
8412d11ffffffff-2022-09,12
8412d11ffffffff-2022-10,3
8412d11ffffffff-2023-04,3
8412d11ffffffff-2023-05,1
8412d11ffffffff-2023-06,3
8412d11ffffffff-2023-07,18
8412d11ffffffff-2023-08,46
8412d11ffffffff-2023-09,13
8412d17ffffffff-2012-04,4
8412d17ffffffff-2012-07,2
8412d17ffffffff-2012-08,21
8412d17ffffffff-2012-09,3
8412d17ffffffff-2013-04,10
8412d17ffffffff-2013-05,5
8412d17ffffffff-2013-07,1
8412d17ffffffff-2013-08,8
8412d17ffffffff-2013-09,1
8412d17ffffffff-2013-10,2
8412d17ffffffff-2014-04,6
8412d17ffffffff-2014-05,11
8412d17ffffffff-2014-07,8
8412d17ffffffff-2014-08,12
8412d17ffffffff-2014-09,6
8412d17ffffffff-2015-04,9
8412d17ffffffff-2015-05,19
8412d17ffffffff-2015-07,10
8412d17ffffffff-2015-08,21
8412d17ffffffff-2015-09,1
8412d17ffffffff-2016-04,12
8412d17ffffffff-2016-05,12
8412d17ffffffff-2016-06,2
8412d17ffffffff-2016-07,16
8412d17ffffffff-2016-08,9
8412d17ffffffff-2016-09,3
8412d17ffffffff-2017-04,1
8412d17ffffffff-2017-05,5
8412d17ffffffff-2017-06,1
8412d17ffffffff-2017-07,19
8412d17ffffffff-2017-08,12
8412d17ffffffff-2017-09,4
8412d17ffffffff-2018-04,7
8412d17ffffffff-2018-05,8
8412d17ffffffff-2018-07,5
8412d17ffffffff-2018-08,37
8412d17ffffffff-2018-09,18
8412d17ffffffff-2019-04,13
8412d17ffffffff-2019-05,17
8412d17ffffffff-2019-07,27
8412d17ffffffff-2019-08,69
8412d17ffffffff-2019-09,30
8412d17ffffffff-2019-10,3
8412d17ffffffff-2020-04,28
8412d17ffffffff-2020-05,30
8412d17ffffffff-2020-07,42
8412d17ffffffff-2020-08,68
8412d17ffffffff-2020-09,13
8412d17ffffffff-2021-04,18
8412d17ffffffff-2021-05,47
8412d17ffffffff-2021-07,24
8412d17ffffffff-2021-08,37
8412d17ffffffff-2021-09,4
8412d17ffffffff-2022-04,29
8412d17ffffffff-2022-05,37
8412d17ffffffff-2022-06,1
8412d17ffffffff-2022-07,11
8412d17ffffffff-2022-08,33
8412d17ffffffff-2022-09,30
8412d17ffffffff-2022-10,1
8412d17ffffffff-2023-04,15
8412d17ffffffff-2023-05,5
8412d17ffffffff-2023-07,13
8412d17ffffffff-2023-08,57
8412d17ffffffff-2023-09,16
8412d19ffffffff-2012-04,2
8412d19ffffffff-2012-05,1
8412d19ffffffff-2012-07,1
8412d19ffffffff-2012-08,21
8412d19ffffffff-2012-09,27
8412d19ffffffff-2013-05,1
8412d19ffffffff-2013-07,6
8412d19ffffffff-2013-08,45
8412d19ffffffff-2013-09,39
8412d19ffffffff-2013-10,11
8412d19ffffffff-2014-04,2
8412d19ffffffff-2014-05,1
8412d19ffffffff-2014-07,1
8412d19ffffffff-2014-08,39
8412d19ffffffff-2014-09,79
8412d19ffffffff-2014-10,1
8412d19ffffffff-2015-05,1
8412d19ffffffff-2015-06,1
8412d19ffffffff-2015-07,8
8412d19ffffffff-2015-08,67
8412d19ffffffff-2015-09,26
8412d19ffffffff-2016-04,2
8412d19ffffffff-2016-07,6
8412d19ffffffff-2016-08,46
8412d19ffffffff-2016-09,32
8412d19ffffffff-2017-07,16
8412d19ffffffff-2017-08,42
8412d19ffffffff-2017-09,34
8412d19ffffffff-2017-10,5
8412d19ffffffff-2018-04,13
8412d19ffffffff-2018-05,1
8412d19ffffffff-2018-07,18
8412d19ffffffff-2018-08,58
8412d19ffffffff-2018-09,44
8412d19ffffffff-2019-04,8
8412d19ffffffff-2019-05,1
8412d19ffffffff-2019-07,12
8412d19ffffffff-2019-08,87
8412d19ffffffff-2019-09,31
8412d19ffffffff-2020-04,24
8412d19ffffffff-2020-05,3
8412d19ffffffff-2020-06,1
8412d19ffffffff-2020-07,15
8412d19ffffffff-2020-08,59
8412d19ffffffff-2020-09,65
8412d19ffffffff-2020-10,9
8412d19ffffffff-2021-04,6
8412d19ffffffff-2021-05,6
8412d19ffffffff-2021-07,12
8412d19ffffffff-2021-08,89
8412d19ffffffff-2021-09,42
8412d19ffffffff-2022-04,4
8412d19ffffffff-2022-05,6
8412d19ffffffff-2022-07,1
8412d19ffffffff-2022-08,42
8412d19ffffffff-2022-09,64
8412d19ffffffff-2022-10,11
8412d19ffffffff-2023-04,10
8412d19ffffffff-2023-07,7
8412d19ffffffff-2023-08,83
8412d19ffffffff-2023-09,58
8412d19ffffffff-2023-10,32
8412d1dffffffff-2016-08,3
8412d1dffffffff-2017-08,3
8412d1dffffffff-2019-07,1
8412d1dffffffff-2022-05,1
8412d1dffffffff-2022-06,1
8412d1dffffffff-2022-08,1
8412d1dffffffff-2023-06,1
8412d1dffffffff-2023-08,1
8412d29ffffffff-2013-08,1
8412d29ffffffff-2016-08,1
8412d29ffffffff-2018-08,3
8412d2dffffffff-2017-08,2
8412d33ffffffff-2015-08,2
8412d33ffffffff-2016-08,3
8412d33ffffffff-2017-08,1
8412d33ffffffff-2017-09,1
8412d33ffffffff-2018-07,3
8412d33ffffffff-2018-08,6
8412d33ffffffff-2018-10,1
8412d33ffffffff-2019-05,1
8412d33ffffffff-2019-08,3
8412d33ffffffff-2021-08,3
8412d33ffffffff-2023-08,1
8412d37ffffffff-2013-04,1
8412d37ffffffff-2015-08,1
8412d37ffffffff-2016-04,3
8412d37ffffffff-2016-05,7
8412d37ffffffff-2016-06,1
8412d37ffffffff-2016-08,1
8412d37ffffffff-2017-04,2
8412d37ffffffff-2019-07,2
8412d37ffffffff-2020-04,3
8412d37ffffffff-2020-05,1
8412d37ffffffff-2021-04,3
8412d37ffffffff-2021-05,10
8412d37ffffffff-2021-08,1
8412d37ffffffff-2022-05,4
8412d37ffffffff-2022-07,1
8412d37ffffffff-2022-08,3
8412d37ffffffff-2022-09,1
8412d37ffffffff-2023-05,3
8412d37ffffffff-2023-08,8
8412d37ffffffff-2023-09,6
8412d39ffffffff-2015-04,3
8412d39ffffffff-2015-05,2
8412d39ffffffff-2015-06,1
8412d39ffffffff-2015-07,5
8412d39ffffffff-2016-07,2
8412d39ffffffff-2016-08,1
8412d39ffffffff-2018-07,1
8412d39ffffffff-2018-08,1
8412d39ffffffff-2019-04,1
8412d39ffffffff-2019-08,1
8412d39ffffffff-2019-09,2
8412d39ffffffff-2020-05,2
8412d39ffffffff-2020-06,1
8412d39ffffffff-2020-07,5
8412d39ffffffff-2020-08,1
8412d39ffffffff-2020-09,1
8412d39ffffffff-2021-06,1
8412d39ffffffff-2021-07,4
8412d39ffffffff-2021-08,1
8412d39ffffffff-2022-04,1
8412d39ffffffff-2022-08,2
8412d3bffffffff-2015-08,1
8412d3bffffffff-2020-10,1
8412d3bffffffff-2021-05,1
8412d3bffffffff-2021-07,3
8412d3dffffffff-2012-04,1
8412d3dffffffff-2019-08,1
8412d41ffffffff-2016-07,1
8412d41ffffffff-2018-08,2
8412d41ffffffff-2019-08,6
8412d41ffffffff-2019-09,1
8412d41ffffffff-2020-04,1
8412d41ffffffff-2020-05,2
8412d41ffffffff-2020-07,6
8412d41ffffffff-2020-08,7
8412d41ffffffff-2020-09,3
8412d41ffffffff-2020-10,2
8412d41ffffffff-2021-04,4
8412d41ffffffff-2021-05,2
8412d41ffffffff-2021-06,1
8412d41ffffffff-2021-07,6
8412d41ffffffff-2021-08,12
8412d41ffffffff-2021-09,6
8412d41ffffffff-2022-04,1
8412d41ffffffff-2022-05,1
8412d41ffffffff-2022-06,1
8412d41ffffffff-2022-07,11
8412d41ffffffff-2022-08,23
8412d41ffffffff-2022-09,6
8412d41ffffffff-2022-10,1
8412d41ffffffff-2023-04,2
8412d41ffffffff-2023-05,1
8412d41ffffffff-2023-07,12
8412d41ffffffff-2023-08,7
8412d41ffffffff-2023-09,2
8412d43ffffffff-2021-04,1
8412d45ffffffff-2022-05,1
8412d47ffffffff-2019-07,2
8412d47ffffffff-2021-05,1
8412d47ffffffff-2021-09,1
8412d47ffffffff-2022-05,1
8412d47ffffffff-2022-06,2
8412d47ffffffff-2022-07,1
8412d47ffffffff-2022-08,1
8412d47ffffffff-2023-05,3
8412d47ffffffff-2023-07,1
8412d4dffffffff-2021-07,1
8412d4dffffffff-2022-04,1
8412d4dffffffff-2023-05,1
8412d57ffffffff-2017-07,1
8412d57ffffffff-2020-08,1
8412d57ffffffff-2020-09,1
8412d57ffffffff-2020-10,1
8412d5dffffffff-2017-04,1
8412d63ffffffff-2013-08,1
8412d63ffffffff-2016-07,4
8412d63ffffffff-2016-08,3
8412d63ffffffff-2016-09,1
8412d63ffffffff-2017-08,1
8412d63ffffffff-2018-07,2
8412d63ffffffff-2019-04,3
8412d69ffffffff-2019-05,1
8412d6bffffffff-2013-08,1
8412d6bffffffff-2015-08,2
8412d6bffffffff-2016-05,1
8412d6bffffffff-2019-06,2
8412d6bffffffff-2021-05,1
8412d6bffffffff-2022-08,1
8412d81ffffffff-2013-08,1
8412d83ffffffff-2023-09,2
8412d85ffffffff-2013-08,1
8412d85ffffffff-2015-08,1
8412d85ffffffff-2018-07,1
8412d85ffffffff-2018-08,2
8412d85ffffffff-2019-08,1
8412d85ffffffff-2020-09,1
8412d87ffffffff-2012-07,4
8412d87ffffffff-2012-08,2
8412d87ffffffff-2013-05,2
8412d87ffffffff-2013-07,1
8412d87ffffffff-2013-08,2
8412d87ffffffff-2014-04,1
8412d87ffffffff-2014-05,8
8412d87ffffffff-2014-07,3
8412d87ffffffff-2014-08,6
8412d87ffffffff-2015-05,3
8412d87ffffffff-2016-08,4
8412d87ffffffff-2017-04,1
8412d87ffffffff-2017-07,1
8412d87ffffffff-2017-08,1
8412d87ffffffff-2018-07,3
8412d87ffffffff-2018-08,3
8412d87ffffffff-2018-09,2
8412d87ffffffff-2019-07,3
8412d87ffffffff-2019-08,2
8412d87ffffffff-2020-04,1
8412d87ffffffff-2020-07,4
8412d87ffffffff-2020-08,2
8412d87ffffffff-2021-05,1
8412d87ffffffff-2021-08,2
8412d87ffffffff-2022-07,1
8412d87ffffffff-2022-08,5
8412d87ffffffff-2022-09,1
8412d87ffffffff-2023-08,2
8412d87ffffffff-2023-09,1
8412d89ffffffff-2014-08,1
8412d89ffffffff-2015-07,1
8412d89ffffffff-2016-08,8
8412d89ffffffff-2017-07,3
8412d89ffffffff-2017-08,11
8412d89ffffffff-2018-07,1
8412d89ffffffff-2018-08,3
8412d89ffffffff-2019-07,5
8412d89ffffffff-2019-08,9
8412d89ffffffff-2020-08,6
8412d89ffffffff-2021-08,14
8412d89ffffffff-2022-05,1
8412d89ffffffff-2022-08,4
8412d89ffffffff-2023-07,4
8412d89ffffffff-2023-08,13
8412d89ffffffff-2023-09,5
8412d95ffffffff-2017-08,1
8412d95ffffffff-2019-08,3
8412d95ffffffff-2021-09,1
8412d95ffffffff-2022-05,2
8412d95ffffffff-2023-08,3
8412d97ffffffff-2014-08,1
8412d9dffffffff-2013-07,1
8412d9dffffffff-2013-08,5
8412d9dffffffff-2013-10,1
8412d9dffffffff-2014-08,1
8412d9dffffffff-2015-07,1
8412d9dffffffff-2015-08,7
8412d9dffffffff-2016-08,2
8412d9dffffffff-2017-06,1
8412d9dffffffff-2017-08,2
8412d9dffffffff-2017-09,2
8412d9dffffffff-2018-07,1
8412d9dffffffff-2018-08,2
8412d9dffffffff-2018-09,1
8412d9dffffffff-2019-08,5
8412d9dffffffff-2020-05,2
8412d9dffffffff-2020-07,1
8412d9dffffffff-2020-08,1
8412d9dffffffff-2021-04,5
8412d9dffffffff-2021-05,2
8412d9dffffffff-2021-07,7
8412d9dffffffff-2021-08,6
8412d9dffffffff-2022-08,6
8412d9dffffffff-2022-09,1
8412d9dffffffff-2023-04,5
8412d9dffffffff-2023-06,1
8412da3ffffffff-2021-09,1
8412da3ffffffff-2023-08,1
8412da5ffffffff-2012-07,1
8412da5ffffffff-2016-07,2
8412da5ffffffff-2017-07,1
8412da5ffffffff-2019-05,1
8412da5ffffffff-2019-08,2
8412da5ffffffff-2020-08,1
8412da5ffffffff-2021-05,1
8412da5ffffffff-2021-09,1
8412da5ffffffff-2022-07,2
8412da5ffffffff-2023-06,3
8412da5ffffffff-2023-08,1
8412da9ffffffff-2017-08,1
8412da9ffffffff-2019-07,1
8412da9ffffffff-2020-07,3
8412da9ffffffff-2023-07,1
8412da9ffffffff-2023-08,2
8412dabffffffff-2012-08,1
8412dabffffffff-2013-08,2
8412dabffffffff-2017-08,3
8412dabffffffff-2018-08,2
8412dabffffffff-2019-08,3
8412dabffffffff-2023-08,1
8412db1ffffffff-2013-04,1
8412db1ffffffff-2013-07,5
8412db1ffffffff-2013-08,7
8412db1ffffffff-2013-09,1
8412db1ffffffff-2014-04,4
8412db1ffffffff-2014-05,2
8412db1ffffffff-2014-07,4
8412db1ffffffff-2015-04,4
8412db1ffffffff-2015-05,2
8412db1ffffffff-2015-07,2
8412db1ffffffff-2015-08,1
8412db1ffffffff-2016-04,4
8412db1ffffffff-2016-07,1
8412db1ffffffff-2016-08,1
8412db1ffffffff-2017-04,2
8412db1ffffffff-2017-05,4
8412db1ffffffff-2018-04,4
8412db1ffffffff-2018-05,2
8412db1ffffffff-2018-06,1
8412db1ffffffff-2018-07,1
8412db1ffffffff-2019-07,3
8412db1ffffffff-2019-08,8
8412db1ffffffff-2020-04,3
8412db1ffffffff-2020-08,1
8412db1ffffffff-2021-05,1
8412db1ffffffff-2021-07,3
8412db1ffffffff-2021-08,2
8412db1ffffffff-2022-07,1
8412db1ffffffff-2022-08,6
8412db1ffffffff-2023-07,1
8412db3ffffffff-2017-09,1
8412db3ffffffff-2018-04,2
8412db3ffffffff-2018-07,4
8412db3ffffffff-2018-08,2
8412db3ffffffff-2018-09,1
8412db3ffffffff-2019-04,4
8412db3ffffffff-2019-05,2
8412db3ffffffff-2019-07,2
8412db3ffffffff-2019-08,11
8412db3ffffffff-2019-09,2
8412db3ffffffff-2020-04,3
8412db3ffffffff-2020-05,4
8412db3ffffffff-2020-07,28
8412db3ffffffff-2020-08,5
8412db3ffffffff-2020-09,13
8412db3ffffffff-2021-04,6
8412db3ffffffff-2021-05,43
8412db3ffffffff-2021-06,5
8412db3ffffffff-2021-07,7
8412db3ffffffff-2021-08,17
8412db3ffffffff-2021-09,7
8412db3ffffffff-2022-04,11
8412db3ffffffff-2022-05,12
8412db3ffffffff-2022-07,9
8412db3ffffffff-2022-08,52
8412db3ffffffff-2022-09,1
8412db3ffffffff-2023-04,4
8412db3ffffffff-2023-06,7
8412db3ffffffff-2023-07,17
8412db3ffffffff-2023-08,19
8412db5ffffffff-2012-04,2
8412db5ffffffff-2012-05,3
8412db5ffffffff-2012-06,1
8412db5ffffffff-2012-07,8
8412db5ffffffff-2012-08,5
8412db5ffffffff-2012-09,4
8412db5ffffffff-2013-04,1
8412db5ffffffff-2013-06,2
8412db5ffffffff-2013-07,4
8412db5ffffffff-2013-08,7
8412db5ffffffff-2013-09,2
8412db5ffffffff-2014-04,1
8412db5ffffffff-2014-06,1
8412db5ffffffff-2014-07,2
8412db5ffffffff-2014-08,1
8412db5ffffffff-2015-04,1
8412db5ffffffff-2015-08,8
8412db5ffffffff-2015-09,2
8412db5ffffffff-2016-07,2
8412db5ffffffff-2017-04,1
8412db5ffffffff-2017-07,2
8412db5ffffffff-2017-08,4
8412db5ffffffff-2018-04,4
8412db5ffffffff-2018-05,2
8412db5ffffffff-2019-04,1
8412db5ffffffff-2019-07,1
8412db5ffffffff-2019-08,1
8412db5ffffffff-2020-04,1
8412db5ffffffff-2020-05,1
8412db5ffffffff-2020-08,2
8412db5ffffffff-2021-08,3
8412db5ffffffff-2021-09,1
8412db5ffffffff-2022-08,7
8412db5ffffffff-2022-09,7
8412db5ffffffff-2023-04,1
8412db5ffffffff-2023-05,1
8412db5ffffffff-2023-08,2
8412db7ffffffff-2012-04,1
8412db7ffffffff-2012-07,1
8412db7ffffffff-2012-08,2
8412db7ffffffff-2012-09,2
8412db7ffffffff-2013-05,1
8412db7ffffffff-2013-07,2
8412db7ffffffff-2013-08,1
8412db7ffffffff-2013-09,1
8412db7ffffffff-2014-04,4
8412db7ffffffff-2014-07,2
8412db7ffffffff-2014-08,5
8412db7ffffffff-2014-09,7
8412db7ffffffff-2014-10,3
8412db7ffffffff-2015-06,1
8412db7ffffffff-2015-07,8
8412db7ffffffff-2015-08,5
8412db7ffffffff-2015-09,2
8412db7ffffffff-2016-09,1
8412db7ffffffff-2016-10,2
8412db7ffffffff-2017-05,1
8412db7ffffffff-2017-08,2
8412db7ffffffff-2017-09,1
8412db7ffffffff-2018-04,5
8412db7ffffffff-2018-05,1
8412db7ffffffff-2018-07,8
8412db7ffffffff-2018-08,19
8412db7ffffffff-2018-09,2
8412db7ffffffff-2018-10,5
8412db7ffffffff-2019-04,4
8412db7ffffffff-2019-05,1
8412db7ffffffff-2019-07,7
8412db7ffffffff-2019-08,15
8412db7ffffffff-2020-04,3
8412db7ffffffff-2020-05,2
8412db7ffffffff-2020-07,13
8412db7ffffffff-2020-08,8
8412db7ffffffff-2021-04,2
8412db7ffffffff-2021-07,7
8412db7ffffffff-2021-08,22
8412db7ffffffff-2021-09,11
8412db7ffffffff-2021-10,1
8412db7ffffffff-2022-04,3
8412db7ffffffff-2022-05,2
8412db7ffffffff-2022-07,2
8412db7ffffffff-2022-08,10
8412db7ffffffff-2022-09,13
8412db7ffffffff-2023-07,3
8412db7ffffffff-2023-08,3
8412db7ffffffff-2023-09,1
8412db9ffffffff-2013-08,3
8412db9ffffffff-2014-05,1
8412db9ffffffff-2014-07,1
8412db9ffffffff-2014-08,3
8412db9ffffffff-2014-09,1
8412db9ffffffff-2015-05,1
8412db9ffffffff-2015-08,1
8412db9ffffffff-2016-07,2
8412db9ffffffff-2016-08,3
8412db9ffffffff-2019-07,1
8412db9ffffffff-2019-08,1
8412db9ffffffff-2019-09,2
8412db9ffffffff-2020-08,5
8412db9ffffffff-2020-09,2
8412db9ffffffff-2021-07,1
8412db9ffffffff-2021-08,1
8412db9ffffffff-2021-09,1
8412db9ffffffff-2022-07,1
8412dbbffffffff-2016-08,1
8412dbdffffffff-2012-04,1
8412dbdffffffff-2014-08,1
8412dbdffffffff-2018-08,1
8412dc1ffffffff-2013-08,1
8412dc1ffffffff-2016-08,1
8412dc1ffffffff-2017-08,2
8412dc1ffffffff-2018-08,7
8412dc1ffffffff-2019-07,1
8412dc1ffffffff-2019-08,2
8412dc1ffffffff-2020-07,1
8412dc1ffffffff-2021-07,2
8412dc1ffffffff-2021-08,4
8412dc1ffffffff-2022-08,4
8412dc1ffffffff-2023-07,1
8412dc1ffffffff-2023-08,15
8412dc1ffffffff-2023-09,2
8412dc3ffffffff-2015-07,3
8412dc3ffffffff-2016-07,3
8412dc3ffffffff-2017-07,1
8412dc3ffffffff-2017-08,1
8412dc3ffffffff-2018-08,5
8412dc3ffffffff-2019-08,5
8412dc3ffffffff-2020-05,1
8412dc3ffffffff-2021-04,1
8412dc3ffffffff-2021-05,7
8412dc3ffffffff-2021-08,1
8412dc3ffffffff-2022-04,5
8412dc3ffffffff-2022-08,4
8412dc3ffffffff-2023-04,1
8412dc5ffffffff-2019-08,1
8412dc7ffffffff-2014-05,1
8412dc7ffffffff-2017-08,1
8412dc9ffffffff-2016-08,1
8412dc9ffffffff-2018-07,1
8412dc9ffffffff-2018-08,7
8412dc9ffffffff-2019-04,1
8412dc9ffffffff-2019-05,2
8412dc9ffffffff-2019-08,2
8412dc9ffffffff-2020-04,3
8412dc9ffffffff-2020-08,1
8412dc9ffffffff-2021-04,1
8412dc9ffffffff-2021-07,2
8412dc9ffffffff-2021-08,10
8412dc9ffffffff-2022-04,1
8412dc9ffffffff-2022-08,6
8412dc9ffffffff-2023-08,7
8412dcbffffffff-2018-07,2
8412dcbffffffff-2019-06,1
8412dcbffffffff-2019-08,1
8412dd3ffffffff-2019-05,7
8412dd3ffffffff-2019-08,2
8412dd3ffffffff-2021-09,5
8412dd5ffffffff-2014-05,1
8412dd5ffffffff-2015-04,2
8412dd5ffffffff-2018-03,2
8412dd5ffffffff-2018-09,1
8412dd5ffffffff-2019-04,1
8412dd5ffffffff-2020-04,2
8412dd5ffffffff-2020-05,1
8412dd5ffffffff-2021-04,2
8412dd5ffffffff-2021-05,16
8412dd5ffffffff-2022-05,12
8412dd5ffffffff-2022-07,1
8412dd5ffffffff-2022-08,1
8412dd5ffffffff-2023-04,6
8412dd5ffffffff-2023-08,2
8412dd5ffffffff-2023-09,1
8412dd7ffffffff-2012-05,1
8412dd7ffffffff-2013-05,4
8412dd7ffffffff-2014-05,25
8412dd7ffffffff-2018-08,1
8412dd7ffffffff-2019-08,1
8412dd7ffffffff-2019-09,2
8412dd7ffffffff-2020-06,4
8412dd7ffffffff-2020-07,1
8412dd7ffffffff-2020-09,2
8412dd7ffffffff-2021-05,1
8412dd7ffffffff-2021-07,1
8412dd7ffffffff-2022-07,3
8412dd7ffffffff-2023-04,1
8412dd7ffffffff-2023-07,2
8412dd7ffffffff-2023-08,2
8412ddbffffffff-2012-07,2
8412ddbffffffff-2012-08,8
8412ddbffffffff-2013-05,7
8412ddbffffffff-2013-07,2
8412ddbffffffff-2013-08,11
8412ddbffffffff-2014-04,2
8412ddbffffffff-2014-07,3
8412ddbffffffff-2014-08,12
8412ddbffffffff-2015-05,3
8412ddbffffffff-2015-07,1
8412ddbffffffff-2015-08,15
8412ddbffffffff-2015-09,8
8412ddbffffffff-2016-04,3
8412ddbffffffff-2016-06,1
8412ddbffffffff-2016-07,2
8412ddbffffffff-2016-08,14
8412ddbffffffff-2016-09,11
8412ddbffffffff-2017-04,1
8412ddbffffffff-2017-07,11
8412ddbffffffff-2017-08,41
8412ddbffffffff-2017-09,1
8412ddbffffffff-2018-04,3
8412ddbffffffff-2018-05,1
8412ddbffffffff-2018-07,9
8412ddbffffffff-2018-08,35
8412ddbffffffff-2018-09,1
8412ddbffffffff-2018-10,2
8412ddbffffffff-2019-05,3
8412ddbffffffff-2019-07,2
8412ddbffffffff-2019-08,73
8412ddbffffffff-2019-09,3
8412ddbffffffff-2020-04,1
8412ddbffffffff-2020-05,3
8412ddbffffffff-2020-07,9
8412ddbffffffff-2020-08,12
8412ddbffffffff-2020-09,4
8412ddbffffffff-2021-04,1
8412ddbffffffff-2021-05,9
8412ddbffffffff-2021-06,8
8412ddbffffffff-2021-07,15
8412ddbffffffff-2021-08,19
8412ddbffffffff-2021-09,1
8412ddbffffffff-2022-04,9
8412ddbffffffff-2022-07,4
8412ddbffffffff-2022-08,44
8412ddbffffffff-2022-09,10
8412ddbffffffff-2023-05,3
8412ddbffffffff-2023-06,1
8412ddbffffffff-2023-07,6
8412ddbffffffff-2023-08,50
8412ddbffffffff-2023-09,4
8412de3ffffffff-2016-09,2
8412de3ffffffff-2021-08,1
8412de5ffffffff-2012-08,2
8412de5ffffffff-2012-09,1
8412de5ffffffff-2013-05,12
8412de5ffffffff-2013-07,1
8412de5ffffffff-2013-08,8
8412de5ffffffff-2014-04,3
8412de5ffffffff-2014-07,1
8412de5ffffffff-2015-04,1
8412de5ffffffff-2015-08,2
8412de5ffffffff-2016-07,3
8412de5ffffffff-2017-05,1
8412de5ffffffff-2017-07,2
8412de5ffffffff-2017-08,9
8412de5ffffffff-2018-04,1
8412de5ffffffff-2018-07,3
8412de5ffffffff-2018-08,3
8412de5ffffffff-2018-09,1
8412de5ffffffff-2019-04,2
8412de5ffffffff-2019-08,3
8412de5ffffffff-2019-09,1
8412de5ffffffff-2020-04,2
8412de5ffffffff-2020-08,2
8412de5ffffffff-2020-09,1
8412de5ffffffff-2021-05,4
8412de5ffffffff-2021-08,2
8412de5ffffffff-2021-09,1
8412de5ffffffff-2022-04,5
8412de5ffffffff-2022-05,4
8412de5ffffffff-2023-07,3
8412de5ffffffff-2023-08,2
8412de5ffffffff-2023-09,1
8412de7ffffffff-2015-07,1
8412de7ffffffff-2019-07,1
8412de7ffffffff-2019-08,1
8412de7ffffffff-2020-06,1
8412de7ffffffff-2021-06,4
8412de7ffffffff-2022-08,2
8412dedffffffff-2013-08,5
8412dedffffffff-2013-09,1
8412dedffffffff-2014-08,1
8412dedffffffff-2016-07,1
8412dedffffffff-2016-08,3
8412dedffffffff-2017-07,1
8412dedffffffff-2017-08,1
8412dedffffffff-2018-07,1
8412dedffffffff-2018-08,4
8412dedffffffff-2019-07,1
8412dedffffffff-2019-08,2
8412dedffffffff-2020-04,3
8412dedffffffff-2020-09,1
8412dedffffffff-2021-08,2
8412dedffffffff-2022-04,2
8412dedffffffff-2022-08,1
8412e03ffffffff-2020-07,1
8412e07ffffffff-2021-05,2
8412e07ffffffff-2022-05,1
8412e0bffffffff-2023-09,1
8412e11ffffffff-2013-10,1
8412e11ffffffff-2015-08,2
8412e11ffffffff-2016-05,4
8412e11ffffffff-2016-07,3
8412e11ffffffff-2017-04,3
8412e11ffffffff-2017-05,2
8412e11ffffffff-2018-05,1
8412e11ffffffff-2019-04,1
8412e11ffffffff-2020-05,1
8412e11ffffffff-2020-07,1
8412e11ffffffff-2021-04,1
8412e11ffffffff-2021-05,4
8412e11ffffffff-2021-06,1
8412e11ffffffff-2022-05,7
8412e11ffffffff-2022-08,4
8412e11ffffffff-2023-04,1
8412e11ffffffff-2023-08,1
8412e13ffffffff-2012-04,1
8412e13ffffffff-2012-05,4
8412e13ffffffff-2012-07,4
8412e13ffffffff-2012-08,2
8412e13ffffffff-2012-09,1
8412e13ffffffff-2012-10,1
8412e13ffffffff-2013-05,2
8412e13ffffffff-2013-06,1
8412e13ffffffff-2013-07,3
8412e13ffffffff-2013-08,9
8412e13ffffffff-2013-09,2
8412e13ffffffff-2013-10,2
8412e13ffffffff-2014-04,1
8412e13ffffffff-2014-05,3
8412e13ffffffff-2014-07,1
8412e13ffffffff-2014-10,1
8412e13ffffffff-2015-04,1
8412e13ffffffff-2015-05,8
8412e13ffffffff-2015-08,23
8412e13ffffffff-2015-09,14
8412e13ffffffff-2015-10,5
8412e13ffffffff-2016-04,19
8412e13ffffffff-2016-05,10
8412e13ffffffff-2016-06,14
8412e13ffffffff-2016-07,8
8412e13ffffffff-2016-08,19
8412e13ffffffff-2016-09,2
8412e13ffffffff-2016-10,2
8412e13ffffffff-2017-04,4
8412e13ffffffff-2017-05,2
8412e13ffffffff-2017-06,1
8412e13ffffffff-2017-07,1
8412e13ffffffff-2017-08,8
8412e13ffffffff-2017-09,3
8412e13ffffffff-2018-04,4
8412e13ffffffff-2018-05,23
8412e13ffffffff-2018-06,8
8412e13ffffffff-2018-07,8
8412e13ffffffff-2018-08,13
8412e13ffffffff-2018-09,7
8412e13ffffffff-2019-04,13
8412e13ffffffff-2019-05,57
8412e13ffffffff-2019-06,3
8412e13ffffffff-2019-07,7
8412e13ffffffff-2019-08,4
8412e13ffffffff-2019-09,18
8412e13ffffffff-2019-10,9
8412e13ffffffff-2020-04,3
8412e13ffffffff-2020-05,42
8412e13ffffffff-2020-06,1
8412e13ffffffff-2020-07,6
8412e13ffffffff-2020-08,20
8412e13ffffffff-2020-09,35
8412e13ffffffff-2020-10,16
8412e13ffffffff-2021-04,33
8412e13ffffffff-2021-05,134
8412e13ffffffff-2021-06,4
8412e13ffffffff-2021-07,19
8412e13ffffffff-2021-08,84
8412e13ffffffff-2021-09,42
8412e13ffffffff-2021-10,5
8412e13ffffffff-2022-04,1
8412e13ffffffff-2022-05,17
8412e13ffffffff-2022-06,2
8412e13ffffffff-2022-07,8
8412e13ffffffff-2022-08,38
8412e13ffffffff-2022-09,13
8412e13ffffffff-2022-10,8
8412e13ffffffff-2023-04,16
8412e13ffffffff-2023-05,126
8412e13ffffffff-2023-06,6
8412e13ffffffff-2023-07,6
8412e13ffffffff-2023-08,22
8412e13ffffffff-2023-09,14
8412e13ffffffff-2023-10,18
8412e15ffffffff-2013-08,1
8412e15ffffffff-2019-05,2
8412e15ffffffff-2019-06,1
8412e15ffffffff-2021-05,3
8412e15ffffffff-2021-07,1
8412e15ffffffff-2021-08,1
8412e17ffffffff-2015-06,1
8412e17ffffffff-2017-10,2
8412e17ffffffff-2019-05,1
8412e17ffffffff-2020-08,1
8412e17ffffffff-2020-09,2
8412e17ffffffff-2021-04,1
8412e17ffffffff-2021-05,3
8412e17ffffffff-2021-08,1
8412e17ffffffff-2022-07,1
8412e17ffffffff-2022-09,1
8412e17ffffffff-2023-05,1
8412e19ffffffff-2018-08,1
8412e1bffffffff-2012-09,1
8412e1bffffffff-2013-08,1
8412e1bffffffff-2013-09,2
8412e1bffffffff-2014-05,1
8412e1bffffffff-2014-09,1
8412e1bffffffff-2015-04,1
8412e1bffffffff-2015-05,5
8412e1bffffffff-2016-04,2
8412e1bffffffff-2016-05,2
8412e1bffffffff-2016-09,4
8412e1bffffffff-2017-04,1
8412e1bffffffff-2017-05,1
8412e1bffffffff-2017-06,1
8412e1bffffffff-2017-07,1
8412e1bffffffff-2018-04,1
8412e1bffffffff-2018-05,3
8412e1bffffffff-2018-06,2
8412e1bffffffff-2018-07,2
8412e1bffffffff-2018-08,2
8412e1bffffffff-2019-05,4
8412e1bffffffff-2019-07,2
8412e1bffffffff-2019-08,14
8412e1bffffffff-2020-04,1
8412e1bffffffff-2020-05,30
8412e1bffffffff-2020-07,5
8412e1bffffffff-2020-08,7
8412e1bffffffff-2020-09,3
8412e1bffffffff-2021-04,10
8412e1bffffffff-2021-05,33
8412e1bffffffff-2021-06,3
8412e1bffffffff-2021-07,8
8412e1bffffffff-2021-08,14
8412e1bffffffff-2022-04,2
8412e1bffffffff-2022-05,8
8412e1bffffffff-2022-06,2
8412e1bffffffff-2022-07,10
8412e1bffffffff-2022-08,9
8412e1bffffffff-2022-09,1
8412e1bffffffff-2022-10,1
8412e1bffffffff-2023-04,7
8412e1bffffffff-2023-05,11
8412e1bffffffff-2023-07,2
8412e1bffffffff-2023-08,3
8412e1bffffffff-2023-10,1
8412e1dffffffff-2015-08,1
8412e1dffffffff-2018-08,2
8412e1dffffffff-2022-08,1
8412e1dffffffff-2023-08,1
8412e21ffffffff-2012-08,1
8412e21ffffffff-2013-07,1
8412e21ffffffff-2013-08,1
8412e21ffffffff-2014-05,1
8412e21ffffffff-2016-04,1
8412e21ffffffff-2016-05,2
8412e21ffffffff-2017-05,1
8412e21ffffffff-2017-08,1
8412e21ffffffff-2019-08,1
8412e21ffffffff-2022-05,2
8412e23ffffffff-2013-07,1
8412e23ffffffff-2015-05,1
8412e23ffffffff-2022-05,1
8412e25ffffffff-2013-05,1
8412e25ffffffff-2013-07,1
8412e25ffffffff-2015-05,1
8412e25ffffffff-2017-06,1
8412e25ffffffff-2017-07,1
8412e25ffffffff-2020-06,2
8412e25ffffffff-2020-07,1
8412e25ffffffff-2021-06,1
8412e25ffffffff-2021-07,2
8412e25ffffffff-2022-09,4
8412e25ffffffff-2023-05,2
8412e25ffffffff-2023-08,1
8412e27ffffffff-2012-05,2
8412e27ffffffff-2013-05,1
8412e27ffffffff-2013-07,1
8412e27ffffffff-2015-07,3
8412e27ffffffff-2015-08,2
8412e27ffffffff-2017-05,2
8412e27ffffffff-2019-07,3
8412e27ffffffff-2020-05,1
8412e27ffffffff-2021-04,1
8412e27ffffffff-2022-05,1
8412e27ffffffff-2022-07,1
8412e27ffffffff-2023-05,1
8412e27ffffffff-2023-07,1
8412e2bffffffff-2013-07,1
8412e33ffffffff-2023-05,1
8412e35ffffffff-2013-06,1
8412e35ffffffff-2013-07,1
8412e35ffffffff-2014-05,1
8412e39ffffffff-2020-07,1
8412e39ffffffff-2021-07,1
8412e3dffffffff-2015-06,1
8412e49ffffffff-2013-05,1
8412e4bffffffff-2021-07,1
8412e4bffffffff-2022-05,1
8412e4dffffffff-2014-05,2
8412e4dffffffff-2014-06,4
8412e4dffffffff-2016-05,1
8412e4dffffffff-2016-07,1
8412e4dffffffff-2016-08,1
8412e4dffffffff-2018-05,1
8412e4dffffffff-2019-05,2
8412e4dffffffff-2019-07,1
8412e4dffffffff-2020-07,1
8412e4dffffffff-2021-05,1
8412e4dffffffff-2023-07,2
8412e53ffffffff-2018-07,2
8412e53ffffffff-2021-05,1
8412e53ffffffff-2022-08,1
8412e53ffffffff-2023-09,1
8412e55ffffffff-2022-06,1
8412e57ffffffff-2016-08,1
8412e59ffffffff-2016-07,1
8412e59ffffffff-2017-08,1
8412e59ffffffff-2020-10,1
8412e59ffffffff-2023-05,3
8412e59ffffffff-2023-07,2
8412e59ffffffff-2023-08,3
8412e59ffffffff-2023-09,1
8412e5dffffffff-2012-05,1
8412e5dffffffff-2014-08,1
8412e5dffffffff-2015-08,1
8412e5dffffffff-2021-06,1
8412e5dffffffff-2022-06,1
8412e5dffffffff-2023-08,2
8412e65ffffffff-2021-08,1
8412e69ffffffff-2020-07,1
8412e81ffffffff-2015-04,1
8412e81ffffffff-2016-08,1
8412e81ffffffff-2017-06,1
8412e81ffffffff-2017-07,1
8412e81ffffffff-2018-09,2
8412e81ffffffff-2019-06,1
8412e81ffffffff-2019-09,3
8412e81ffffffff-2020-07,1
8412e81ffffffff-2020-09,1
8412e81ffffffff-2021-05,1
8412e81ffffffff-2021-07,1
8412e81ffffffff-2021-08,1
8412e81ffffffff-2021-09,1
8412e81ffffffff-2022-06,1
8412e81ffffffff-2022-07,2
8412e81ffffffff-2022-08,2
8412e81ffffffff-2022-09,2
8412e81ffffffff-2023-05,3
8412e81ffffffff-2023-07,6
8412e81ffffffff-2023-08,11
8412e81ffffffff-2023-09,2
8412e83ffffffff-2012-05,1
8412e83ffffffff-2012-07,1
8412e83ffffffff-2015-07,1
8412e83ffffffff-2015-09,1
8412e83ffffffff-2019-05,2
8412e83ffffffff-2019-08,1
8412e83ffffffff-2020-07,1
8412e83ffffffff-2021-07,1
8412e83ffffffff-2022-07,1
8412e83ffffffff-2023-04,2
8412e83ffffffff-2023-08,2
8412e85ffffffff-2015-05,1
8412e85ffffffff-2021-04,1
8412e85ffffffff-2021-05,3
8412e85ffffffff-2021-07,2
8412e85ffffffff-2022-07,1
8412e85ffffffff-2023-05,1
8412e85ffffffff-2023-09,1
8412e87ffffffff-2013-07,5
8412e87ffffffff-2014-06,4
8412e87ffffffff-2014-07,2
8412e87ffffffff-2018-07,1
8412e87ffffffff-2020-10,1
8412e87ffffffff-2021-08,3
8412e87ffffffff-2021-09,1
8412e87ffffffff-2022-05,2
8412e87ffffffff-2022-08,1
8412e87ffffffff-2022-09,1
8412e89ffffffff-2014-08,2
8412e89ffffffff-2018-05,11
8412e89ffffffff-2020-07,1
8412e89ffffffff-2021-04,3
8412e89ffffffff-2021-08,2
8412e89ffffffff-2023-07,1
8412e89ffffffff-2023-08,1
8412e8bffffffff-2012-04,1
8412e8bffffffff-2016-05,8
8412e8bffffffff-2017-09,1
8412e8bffffffff-2018-09,1
8412e8bffffffff-2019-05,24
8412e8bffffffff-2020-04,1
8412e8bffffffff-2020-09,1
8412e8bffffffff-2021-04,1
8412e8bffffffff-2021-05,1
8412e8bffffffff-2023-04,2
8412e8dffffffff-2012-04,1
8412e8dffffffff-2012-07,1
8412e8dffffffff-2013-09,2
8412e8dffffffff-2014-09,2
8412e8dffffffff-2014-10,1
8412e8dffffffff-2015-09,1
8412e8dffffffff-2016-04,1
8412e8dffffffff-2016-05,2
8412e8dffffffff-2016-06,1
8412e8dffffffff-2016-07,2
8412e8dffffffff-2016-08,9
8412e8dffffffff-2016-09,2
8412e8dffffffff-2016-10,1
8412e8dffffffff-2017-07,10
8412e8dffffffff-2017-08,3
8412e8dffffffff-2018-07,1
8412e8dffffffff-2018-08,2
8412e8dffffffff-2018-09,1
8412e8dffffffff-2019-04,2
8412e8dffffffff-2019-05,45
8412e8dffffffff-2019-06,2
8412e8dffffffff-2019-07,2
8412e8dffffffff-2019-08,2
8412e8dffffffff-2019-09,1
8412e8dffffffff-2020-05,1
8412e8dffffffff-2020-08,2
8412e8dffffffff-2021-05,1
8412e8dffffffff-2021-08,8
8412e8dffffffff-2021-09,1
8412e8dffffffff-2022-05,3
8412e8dffffffff-2022-06,1
8412e8dffffffff-2022-08,3
8412e8dffffffff-2022-09,12
8412e8dffffffff-2023-04,2
8412e8dffffffff-2023-05,8
8412e8dffffffff-2023-06,1
8412e8dffffffff-2023-07,6
8412e8dffffffff-2023-08,9
8412e93ffffffff-2012-04,1
8412e93ffffffff-2016-05,1
8412e93ffffffff-2016-08,1
8412e93ffffffff-2017-06,1
8412e95ffffffff-2012-04,2
8412e95ffffffff-2012-05,1
8412e95ffffffff-2014-04,5
8412e95ffffffff-2014-05,1
8412e95ffffffff-2014-08,1
8412e95ffffffff-2015-07,1
8412e95ffffffff-2015-09,1
8412e95ffffffff-2016-08,1
8412e95ffffffff-2017-05,1
8412e95ffffffff-2017-07,1
8412e95ffffffff-2017-08,1
8412e95ffffffff-2018-06,1
8412e95ffffffff-2019-07,2
8412e95ffffffff-2019-08,2
8412e95ffffffff-2019-09,1
8412e95ffffffff-2021-06,1
8412e95ffffffff-2021-08,3
8412e95ffffffff-2023-07,2
8412e97ffffffff-2015-10,1
8412e97ffffffff-2017-08,1
8412e97ffffffff-2017-09,1
8412e97ffffffff-2021-07,2
8412e97ffffffff-2022-07,2
8412e97ffffffff-2022-09,1
8412e97ffffffff-2023-08,1
8412e99ffffffff-2018-04,1
8412e99ffffffff-2019-08,4
8412e99ffffffff-2019-09,1
8412e99ffffffff-2020-09,1
8412e99ffffffff-2022-08,2
8412e99ffffffff-2023-07,1
8412e99ffffffff-2023-08,1
8412e99ffffffff-2023-09,1
8412e9bffffffff-2012-06,1
8412e9bffffffff-2017-08,2
8412e9bffffffff-2021-06,1
8412e9bffffffff-2022-08,1
8412e9dffffffff-2012-04,1
8412e9dffffffff-2014-08,1
8412e9dffffffff-2015-04,1
8412e9dffffffff-2016-05,8
8412e9dffffffff-2018-05,2
8412e9dffffffff-2019-04,6
8412e9dffffffff-2019-05,5
8412e9dffffffff-2019-06,1
8412e9dffffffff-2019-07,1
8412e9dffffffff-2019-08,6
8412e9dffffffff-2019-09,2
8412e9dffffffff-2021-04,1
8412e9dffffffff-2021-05,1
8412e9dffffffff-2023-08,1
8412ea1ffffffff-2015-04,1
8412ea1ffffffff-2016-08,1
8412ea1ffffffff-2017-06,1
8412ea1ffffffff-2017-09,3
8412ea1ffffffff-2018-06,1
8412ea1ffffffff-2018-07,1
8412ea1ffffffff-2018-08,4
8412ea1ffffffff-2018-09,3
8412ea1ffffffff-2019-07,3
8412ea1ffffffff-2019-08,1
8412ea1ffffffff-2019-09,2
8412ea1ffffffff-2020-04,2
8412ea1ffffffff-2020-05,2
8412ea1ffffffff-2020-06,1
8412ea1ffffffff-2020-07,2
8412ea1ffffffff-2020-08,1
8412ea1ffffffff-2020-09,28
8412ea1ffffffff-2020-10,2
8412ea1ffffffff-2021-04,5
8412ea1ffffffff-2021-05,3
8412ea1ffffffff-2021-06,1
8412ea1ffffffff-2021-07,4
8412ea1ffffffff-2021-08,4
8412ea1ffffffff-2021-09,12
8412ea1ffffffff-2021-10,3
8412ea1ffffffff-2022-04,7
8412ea1ffffffff-2022-05,7
8412ea1ffffffff-2022-07,5
8412ea1ffffffff-2022-08,5
8412ea1ffffffff-2022-09,5
8412ea1ffffffff-2022-10,2
8412ea1ffffffff-2023-05,4
8412ea1ffffffff-2023-06,1
8412ea1ffffffff-2023-07,7
8412ea1ffffffff-2023-08,19
8412ea1ffffffff-2023-09,10
8412ea1ffffffff-2023-10,2
8412ea3ffffffff-2013-08,1
8412ea3ffffffff-2013-09,3
8412ea3ffffffff-2014-04,1
8412ea3ffffffff-2014-05,1
8412ea3ffffffff-2014-06,2
8412ea3ffffffff-2014-09,9
8412ea3ffffffff-2014-10,2
8412ea3ffffffff-2015-04,12
8412ea3ffffffff-2015-05,2
8412ea3ffffffff-2015-07,4
8412ea3ffffffff-2016-04,3
8412ea3ffffffff-2016-05,4
8412ea3ffffffff-2016-06,3
8412ea3ffffffff-2016-07,3
8412ea3ffffffff-2016-08,2
8412ea3ffffffff-2016-10,1
8412ea3ffffffff-2017-04,4
8412ea3ffffffff-2017-05,3
8412ea3ffffffff-2017-06,2
8412ea3ffffffff-2017-07,2
8412ea3ffffffff-2017-08,13
8412ea3ffffffff-2017-10,1
8412ea3ffffffff-2018-04,4
8412ea3ffffffff-2018-05,1
8412ea3ffffffff-2018-07,2
8412ea3ffffffff-2018-08,3
8412ea3ffffffff-2019-04,1
8412ea3ffffffff-2019-05,5
8412ea3ffffffff-2019-06,2
8412ea3ffffffff-2019-07,4
8412ea3ffffffff-2019-08,2
8412ea3ffffffff-2019-09,3
8412ea3ffffffff-2019-10,1
8412ea3ffffffff-2020-04,6
8412ea3ffffffff-2020-06,1
8412ea3ffffffff-2020-07,11
8412ea3ffffffff-2020-08,34
8412ea3ffffffff-2020-09,10
8412ea3ffffffff-2021-04,29
8412ea3ffffffff-2021-05,23
8412ea3ffffffff-2021-06,2
8412ea3ffffffff-2021-07,12
8412ea3ffffffff-2021-08,9
8412ea3ffffffff-2021-09,14
8412ea3ffffffff-2021-10,6
8412ea3ffffffff-2022-04,11
8412ea3ffffffff-2022-05,7
8412ea3ffffffff-2022-06,1
8412ea3ffffffff-2022-07,13
8412ea3ffffffff-2022-08,16
8412ea3ffffffff-2022-09,4
8412ea3ffffffff-2023-04,5
8412ea3ffffffff-2023-05,1
8412ea3ffffffff-2023-06,1
8412ea3ffffffff-2023-07,48
8412ea3ffffffff-2023-08,34
8412ea3ffffffff-2023-09,10
8412ea3ffffffff-2023-10,2
8412ea5ffffffff-2015-04,1
8412ea5ffffffff-2015-05,6
8412ea5ffffffff-2017-07,2
8412ea5ffffffff-2017-09,3
8412ea5ffffffff-2018-05,1
8412ea5ffffffff-2018-08,2
8412ea5ffffffff-2019-05,1
8412ea5ffffffff-2019-06,3
8412ea5ffffffff-2020-05,4
8412ea5ffffffff-2020-07,3
8412ea5ffffffff-2020-08,2
8412ea5ffffffff-2021-04,3
8412ea5ffffffff-2021-05,2
8412ea5ffffffff-2021-06,2
8412ea5ffffffff-2021-07,1
8412ea5ffffffff-2021-08,2
8412ea5ffffffff-2022-04,1
8412ea5ffffffff-2022-05,7
8412ea5ffffffff-2022-06,1
8412ea5ffffffff-2022-07,4
8412ea5ffffffff-2023-06,2
8412ea7ffffffff-2012-04,4
8412ea7ffffffff-2012-05,3
8412ea7ffffffff-2012-08,2
8412ea7ffffffff-2013-05,1
8412ea7ffffffff-2013-08,1
8412ea7ffffffff-2013-09,1
8412ea7ffffffff-2014-05,1
8412ea7ffffffff-2014-09,1
8412ea7ffffffff-2015-04,7
8412ea7ffffffff-2015-05,4
8412ea7ffffffff-2015-06,1
8412ea7ffffffff-2015-07,2
8412ea7ffffffff-2015-08,5
8412ea7ffffffff-2016-04,2
8412ea7ffffffff-2016-05,2
8412ea7ffffffff-2016-06,2
8412ea7ffffffff-2016-07,2
8412ea7ffffffff-2016-08,4
8412ea7ffffffff-2016-09,2
8412ea7ffffffff-2017-04,6
8412ea7ffffffff-2017-08,4
8412ea7ffffffff-2017-09,1
8412ea7ffffffff-2018-05,3
8412ea7ffffffff-2018-06,2
8412ea7ffffffff-2018-07,9
8412ea7ffffffff-2018-08,2
8412ea7ffffffff-2018-09,4
8412ea7ffffffff-2019-04,1
8412ea7ffffffff-2019-05,7
8412ea7ffffffff-2019-06,2
8412ea7ffffffff-2019-08,12
8412ea7ffffffff-2019-09,5
8412ea7ffffffff-2019-10,1
8412ea7ffffffff-2020-04,1
8412ea7ffffffff-2020-05,4
8412ea7ffffffff-2020-08,15
8412ea7ffffffff-2020-09,12
8412ea7ffffffff-2020-10,3
8412ea7ffffffff-2021-04,6
8412ea7ffffffff-2021-05,37
8412ea7ffffffff-2021-06,2
8412ea7ffffffff-2021-07,9
8412ea7ffffffff-2021-08,10
8412ea7ffffffff-2021-09,3
8412ea7ffffffff-2021-10,2
8412ea7ffffffff-2022-04,5
8412ea7ffffffff-2022-05,14
8412ea7ffffffff-2022-07,3
8412ea7ffffffff-2022-08,14
8412ea7ffffffff-2022-09,3
8412ea7ffffffff-2022-10,1
8412ea7ffffffff-2023-05,1
8412ea7ffffffff-2023-07,7
8412ea7ffffffff-2023-08,21
8412ea7ffffffff-2023-09,5
8412ea9ffffffff-2012-04,4
8412ea9ffffffff-2014-04,2
8412ea9ffffffff-2014-05,3
8412ea9ffffffff-2014-08,1
8412ea9ffffffff-2015-04,3
8412ea9ffffffff-2015-05,5
8412ea9ffffffff-2015-06,2
8412ea9ffffffff-2015-07,1
8412ea9ffffffff-2015-08,3
8412ea9ffffffff-2015-09,1
8412ea9ffffffff-2016-04,2
8412ea9ffffffff-2016-05,1
8412ea9ffffffff-2016-07,5
8412ea9ffffffff-2016-08,3
8412ea9ffffffff-2016-09,1
8412ea9ffffffff-2017-04,3
8412ea9ffffffff-2017-05,2
8412ea9ffffffff-2017-07,3
8412ea9ffffffff-2017-08,3
8412ea9ffffffff-2018-04,3
8412ea9ffffffff-2018-05,5
8412ea9ffffffff-2018-07,6
8412ea9ffffffff-2018-08,2
8412ea9ffffffff-2018-09,2
8412ea9ffffffff-2019-05,7
8412ea9ffffffff-2019-07,1
8412ea9ffffffff-2019-08,4
8412ea9ffffffff-2019-09,2
8412ea9ffffffff-2020-04,1
8412ea9ffffffff-2020-05,3
8412ea9ffffffff-2020-06,1
8412ea9ffffffff-2020-08,1
8412ea9ffffffff-2021-04,2
8412ea9ffffffff-2021-05,16
8412ea9ffffffff-2021-06,3
8412ea9ffffffff-2021-07,4
8412ea9ffffffff-2021-08,7
8412ea9ffffffff-2022-04,14
8412ea9ffffffff-2022-05,25
8412ea9ffffffff-2022-06,3
8412ea9ffffffff-2022-07,5
8412ea9ffffffff-2022-08,4
8412ea9ffffffff-2022-09,3
8412ea9ffffffff-2022-10,2
8412ea9ffffffff-2023-05,12
8412ea9ffffffff-2023-06,5
8412ea9ffffffff-2023-07,15
8412ea9ffffffff-2023-08,32
8412ea9ffffffff-2023-09,6
8412eabffffffff-2014-07,1
8412eabffffffff-2014-08,1
8412eabffffffff-2015-05,1
8412eabffffffff-2015-08,1
8412eabffffffff-2016-08,1
8412eabffffffff-2016-09,2
8412eabffffffff-2017-08,2
8412eabffffffff-2018-06,1
8412eabffffffff-2018-09,1
8412eabffffffff-2019-04,2
8412eabffffffff-2020-04,1
8412eabffffffff-2020-08,1
8412eabffffffff-2020-09,5
8412eabffffffff-2021-04,1
8412eabffffffff-2021-05,3
8412eabffffffff-2021-06,2
8412eabffffffff-2021-07,1
8412eabffffffff-2021-09,1
8412eabffffffff-2022-04,2
8412eabffffffff-2022-09,3
8412eabffffffff-2023-07,1
8412eabffffffff-2023-08,6
8412eabffffffff-2023-09,3
8412eadffffffff-2012-05,1
8412eadffffffff-2019-05,1
8412eadffffffff-2019-08,1
8412eadffffffff-2021-05,1
8412eadffffffff-2021-07,1
8412eadffffffff-2022-05,1
8412eb1ffffffff-2013-07,1
8412eb1ffffffff-2015-06,1
8412eb1ffffffff-2015-09,1
8412eb1ffffffff-2016-04,1
8412eb1ffffffff-2016-07,1
8412eb1ffffffff-2017-08,2
8412eb1ffffffff-2017-09,1
8412eb1ffffffff-2018-08,1
8412eb1ffffffff-2019-08,3
8412eb1ffffffff-2020-09,2
8412eb1ffffffff-2021-05,2
8412eb1ffffffff-2022-08,2
8412eb1ffffffff-2023-04,1
8412eb1ffffffff-2023-06,1
8412eb1ffffffff-2023-07,2
8412eb1ffffffff-2023-08,1
8412eb3ffffffff-2016-09,1
8412eb3ffffffff-2017-08,1
8412eb3ffffffff-2019-05,1
8412eb3ffffffff-2020-10,1
8412eb3ffffffff-2022-04,1
8412eb5ffffffff-2012-10,1
8412eb5ffffffff-2015-07,4
8412eb5ffffffff-2015-08,1
8412eb5ffffffff-2015-09,1
8412eb5ffffffff-2016-04,1
8412eb5ffffffff-2016-08,1
8412eb5ffffffff-2016-10,1
8412eb5ffffffff-2017-06,2
8412eb5ffffffff-2019-06,2
8412eb5ffffffff-2019-08,1
8412eb5ffffffff-2020-08,2
8412eb5ffffffff-2020-09,1
8412eb5ffffffff-2021-05,2
8412eb5ffffffff-2021-08,1
8412eb5ffffffff-2022-05,2
8412eb5ffffffff-2022-07,2
8412eb5ffffffff-2022-08,1
8412eb5ffffffff-2022-10,1
8412eb5ffffffff-2023-06,2
8412eb5ffffffff-2023-07,2
8412eb5ffffffff-2023-08,3
8412eb5ffffffff-2023-09,7
8412eb5ffffffff-2023-10,1
8412eb7ffffffff-2013-07,1
8412eb7ffffffff-2015-08,1
8412eb7ffffffff-2016-09,1
8412eb7ffffffff-2017-08,1
8412eb7ffffffff-2017-09,2
8412eb7ffffffff-2018-08,1
8412eb7ffffffff-2019-04,1
8412eb7ffffffff-2020-09,3
8412eb7ffffffff-2021-08,1
8412eb7ffffffff-2021-09,1
8412eb7ffffffff-2023-07,5
8412eb7ffffffff-2023-09,1
8412eb9ffffffff-2012-04,3
8412eb9ffffffff-2012-05,3
8412eb9ffffffff-2012-07,3
8412eb9ffffffff-2012-08,1
8412eb9ffffffff-2012-09,1
8412eb9ffffffff-2013-08,1
8412eb9ffffffff-2014-08,1
8412eb9ffffffff-2014-10,2
8412eb9ffffffff-2015-04,1
8412eb9ffffffff-2015-07,1
8412eb9ffffffff-2015-09,1
8412eb9ffffffff-2016-04,1
8412eb9ffffffff-2016-09,2
8412eb9ffffffff-2017-04,1
8412eb9ffffffff-2017-07,1
8412eb9ffffffff-2018-09,1
8412eb9ffffffff-2020-09,2
8412eb9ffffffff-2020-10,1
8412eb9ffffffff-2021-04,1
8412eb9ffffffff-2021-06,6
8412eb9ffffffff-2021-07,1
8412eb9ffffffff-2021-08,2
8412eb9ffffffff-2021-10,2
8412eb9ffffffff-2022-05,1
8412eb9ffffffff-2022-07,1
8412eb9ffffffff-2022-08,4
8412eb9ffffffff-2022-09,1
8412eb9ffffffff-2023-07,2
8412eb9ffffffff-2023-08,2
8412ebbffffffff-2013-07,1
8412ebbffffffff-2014-07,2
8412ebbffffffff-2015-05,2
8412ebbffffffff-2015-08,2
8412ebbffffffff-2019-09,1
8412ebbffffffff-2021-05,2
8412ebbffffffff-2021-08,2
8412ebbffffffff-2022-08,2
8412ebbffffffff-2022-10,1
8412ebbffffffff-2023-06,1
8412ebbffffffff-2023-08,3
8412ebdffffffff-2016-08,1
8412ebdffffffff-2017-07,1
8412ebdffffffff-2018-08,1
8412ebdffffffff-2018-09,2
8412ebdffffffff-2019-05,1
8412ebdffffffff-2019-08,1
8412ebdffffffff-2019-09,3
8412ebdffffffff-2020-07,4
8412ebdffffffff-2020-08,4
8412ebdffffffff-2020-09,1
8412ebdffffffff-2021-05,4
8412ebdffffffff-2021-07,1
8412ebdffffffff-2021-08,3
8412ebdffffffff-2022-05,2
8412ebdffffffff-2022-07,1
8412ebdffffffff-2022-08,1
8412ec1ffffffff-2012-04,6
8412ec1ffffffff-2012-05,6
8412ec1ffffffff-2012-07,5
8412ec1ffffffff-2012-08,29
8412ec1ffffffff-2012-09,6
8412ec1ffffffff-2013-05,1
8412ec1ffffffff-2013-06,1
8412ec1ffffffff-2013-07,6
8412ec1ffffffff-2013-08,17
8412ec1ffffffff-2013-09,6
8412ec1ffffffff-2013-10,1
8412ec1ffffffff-2014-04,1
8412ec1ffffffff-2014-05,1
8412ec1ffffffff-2014-07,5
8412ec1ffffffff-2014-08,22
8412ec1ffffffff-2014-09,3
8412ec1ffffffff-2014-10,1
8412ec1ffffffff-2015-04,4
8412ec1ffffffff-2015-05,15
8412ec1ffffffff-2015-06,4
8412ec1ffffffff-2015-07,17
8412ec1ffffffff-2015-08,32
8412ec1ffffffff-2015-09,23
8412ec1ffffffff-2015-10,4
8412ec1ffffffff-2016-04,39
8412ec1ffffffff-2016-05,37
8412ec1ffffffff-2016-06,5
8412ec1ffffffff-2016-07,6
8412ec1ffffffff-2016-08,56
8412ec1ffffffff-2016-09,10
8412ec1ffffffff-2016-10,3
8412ec1ffffffff-2017-04,15
8412ec1ffffffff-2017-05,14
8412ec1ffffffff-2017-06,1
8412ec1ffffffff-2017-07,42
8412ec1ffffffff-2017-08,97
8412ec1ffffffff-2017-09,21
8412ec1ffffffff-2017-10,1
8412ec1ffffffff-2018-04,41
8412ec1ffffffff-2018-05,19
8412ec1ffffffff-2018-06,6
8412ec1ffffffff-2018-07,28
8412ec1ffffffff-2018-08,52
8412ec1ffffffff-2018-09,8
8412ec1ffffffff-2018-10,1
8412ec1ffffffff-2019-04,41
8412ec1ffffffff-2019-05,38
8412ec1ffffffff-2019-06,1
8412ec1ffffffff-2019-07,9
8412ec1ffffffff-2019-08,27
8412ec1ffffffff-2019-09,6
8412ec1ffffffff-2019-10,4
8412ec1ffffffff-2020-04,12
8412ec1ffffffff-2020-05,45
8412ec1ffffffff-2020-06,3
8412ec1ffffffff-2020-07,4
8412ec1ffffffff-2020-08,25
8412ec1ffffffff-2020-09,30
8412ec1ffffffff-2020-10,8
8412ec1ffffffff-2021-04,13
8412ec1ffffffff-2021-05,54
8412ec1ffffffff-2021-06,3
8412ec1ffffffff-2021-07,13
8412ec1ffffffff-2021-08,50
8412ec1ffffffff-2021-09,17
8412ec1ffffffff-2021-10,6
8412ec1ffffffff-2022-04,27
8412ec1ffffffff-2022-05,60
8412ec1ffffffff-2022-06,37
8412ec1ffffffff-2022-07,28
8412ec1ffffffff-2022-08,52
8412ec1ffffffff-2022-09,25
8412ec1ffffffff-2022-10,16
8412ec1ffffffff-2023-04,12
8412ec1ffffffff-2023-05,28
8412ec1ffffffff-2023-06,19
8412ec1ffffffff-2023-07,51
8412ec1ffffffff-2023-08,115
8412ec1ffffffff-2023-09,61
8412ec1ffffffff-2023-10,4
8412ec3ffffffff-2012-08,1
8412ec3ffffffff-2015-05,2
8412ec3ffffffff-2015-07,1
8412ec3ffffffff-2016-04,2
8412ec3ffffffff-2016-05,1
8412ec3ffffffff-2017-04,1
8412ec3ffffffff-2019-04,11
8412ec3ffffffff-2019-05,5
8412ec3ffffffff-2019-08,1
8412ec3ffffffff-2020-04,1
8412ec3ffffffff-2020-09,1
8412ec3ffffffff-2021-04,1
8412ec3ffffffff-2021-05,2
8412ec3ffffffff-2021-07,2
8412ec3ffffffff-2023-07,1
8412ec3ffffffff-2023-08,1
8412ec3ffffffff-2023-09,1
8412ec5ffffffff-2012-07,1
8412ec5ffffffff-2012-09,4
8412ec5ffffffff-2013-05,6
8412ec5ffffffff-2013-06,1
8412ec5ffffffff-2013-07,1
8412ec5ffffffff-2013-08,1
8412ec5ffffffff-2014-05,2
8412ec5ffffffff-2014-07,3
8412ec5ffffffff-2014-08,3
8412ec5ffffffff-2015-05,1
8412ec5ffffffff-2015-07,2
8412ec5ffffffff-2015-09,1
8412ec5ffffffff-2016-04,3
8412ec5ffffffff-2016-05,3
8412ec5ffffffff-2016-09,1
8412ec5ffffffff-2016-10,4
8412ec5ffffffff-2017-08,1
8412ec5ffffffff-2018-04,2
8412ec5ffffffff-2018-05,1
8412ec5ffffffff-2018-07,9
8412ec5ffffffff-2018-08,9
8412ec5ffffffff-2018-09,4
8412ec5ffffffff-2018-10,1
8412ec5ffffffff-2019-04,2
8412ec5ffffffff-2019-05,24
8412ec5ffffffff-2019-09,10
8412ec5ffffffff-2020-04,2
8412ec5ffffffff-2020-05,10
8412ec5ffffffff-2020-06,1
8412ec5ffffffff-2020-07,7
8412ec5ffffffff-2020-08,5
8412ec5ffffffff-2020-09,4
8412ec5ffffffff-2020-10,4
8412ec5ffffffff-2021-04,2
8412ec5ffffffff-2021-05,15
8412ec5ffffffff-2021-06,2
8412ec5ffffffff-2021-07,6
8412ec5ffffffff-2021-08,14
8412ec5ffffffff-2021-09,7
8412ec5ffffffff-2021-10,2
8412ec5ffffffff-2022-04,2
8412ec5ffffffff-2022-05,16
8412ec5ffffffff-2022-06,1
8412ec5ffffffff-2022-07,7
8412ec5ffffffff-2022-08,1
8412ec5ffffffff-2022-09,4
8412ec5ffffffff-2022-10,5
8412ec5ffffffff-2023-04,10
8412ec5ffffffff-2023-05,5
8412ec5ffffffff-2023-06,3
8412ec5ffffffff-2023-07,1
8412ec5ffffffff-2023-08,4
8412ec5ffffffff-2023-09,2
8412ec5ffffffff-2023-10,1
8412ec7ffffffff-2012-08,3
8412ec7ffffffff-2012-09,1
8412ec7ffffffff-2013-05,1
8412ec7ffffffff-2013-06,1
8412ec7ffffffff-2013-08,2
8412ec7ffffffff-2014-04,1
8412ec7ffffffff-2014-05,1
8412ec7ffffffff-2014-08,1
8412ec7ffffffff-2014-09,3
8412ec7ffffffff-2015-08,1
8412ec7ffffffff-2016-04,1
8412ec7ffffffff-2016-05,13
8412ec7ffffffff-2016-07,3
8412ec7ffffffff-2016-08,15
8412ec7ffffffff-2016-09,3
8412ec7ffffffff-2016-10,16
8412ec7ffffffff-2017-04,22
8412ec7ffffffff-2017-07,9
8412ec7ffffffff-2017-08,1
8412ec7ffffffff-2018-04,6
8412ec7ffffffff-2018-05,15
8412ec7ffffffff-2018-10,7
8412ec7ffffffff-2019-05,26
8412ec7ffffffff-2019-07,1
8412ec7ffffffff-2019-09,2
8412ec7ffffffff-2019-10,5
8412ec7ffffffff-2020-04,20
8412ec7ffffffff-2020-05,10
8412ec7ffffffff-2020-07,2
8412ec7ffffffff-2020-08,10
8412ec7ffffffff-2020-09,21
8412ec7ffffffff-2020-10,1
8412ec7ffffffff-2021-04,4
8412ec7ffffffff-2021-05,24
8412ec7ffffffff-2021-06,1
8412ec7ffffffff-2021-07,14
8412ec7ffffffff-2021-08,6
8412ec7ffffffff-2021-09,3
8412ec7ffffffff-2022-04,3
8412ec7ffffffff-2022-05,4
8412ec7ffffffff-2022-07,3
8412ec7ffffffff-2022-08,6
8412ec7ffffffff-2022-09,6
8412ec7ffffffff-2022-10,1
8412ec7ffffffff-2023-04,3
8412ec7ffffffff-2023-05,1
8412ec7ffffffff-2023-06,2
8412ec7ffffffff-2023-07,2
8412ec7ffffffff-2023-08,3
8412ec7ffffffff-2023-09,7
8412ec7ffffffff-2023-10,2
8412ec9ffffffff-2012-05,6
8412ec9ffffffff-2012-06,1
8412ec9ffffffff-2012-07,2
8412ec9ffffffff-2012-08,1
8412ec9ffffffff-2012-09,1
8412ec9ffffffff-2013-05,8
8412ec9ffffffff-2013-06,8
8412ec9ffffffff-2013-07,4
8412ec9ffffffff-2013-08,1
8412ec9ffffffff-2014-05,1
8412ec9ffffffff-2014-06,3
8412ec9ffffffff-2014-07,1
8412ec9ffffffff-2014-08,1
8412ec9ffffffff-2014-09,2
8412ec9ffffffff-2015-05,1
8412ec9ffffffff-2015-06,6
8412ec9ffffffff-2016-04,8
8412ec9ffffffff-2016-05,1
8412ec9ffffffff-2016-06,1
8412ec9ffffffff-2016-07,1
8412ec9ffffffff-2016-08,1
8412ec9ffffffff-2017-05,3
8412ec9ffffffff-2017-06,2
8412ec9ffffffff-2017-08,1
8412ec9ffffffff-2017-10,1
8412ec9ffffffff-2018-06,2
8412ec9ffffffff-2018-08,5
8412ec9ffffffff-2018-09,11
8412ec9ffffffff-2019-04,3
8412ec9ffffffff-2019-05,11
8412ec9ffffffff-2019-07,2
8412ec9ffffffff-2019-08,5
8412ec9ffffffff-2019-09,19
8412ec9ffffffff-2019-10,2
8412ec9ffffffff-2020-04,5
8412ec9ffffffff-2020-05,9
8412ec9ffffffff-2020-06,1
8412ec9ffffffff-2020-07,1
8412ec9ffffffff-2020-08,12
8412ec9ffffffff-2020-09,1
8412ec9ffffffff-2021-04,5
8412ec9ffffffff-2021-05,40
8412ec9ffffffff-2021-06,4
8412ec9ffffffff-2021-07,4
8412ec9ffffffff-2021-08,12
8412ec9ffffffff-2021-09,5
8412ec9ffffffff-2021-10,2
8412ec9ffffffff-2022-04,3
8412ec9ffffffff-2022-05,13
8412ec9ffffffff-2022-06,2
8412ec9ffffffff-2022-07,8
8412ec9ffffffff-2022-08,6
8412ec9ffffffff-2022-09,10
8412ec9ffffffff-2022-10,5
8412ec9ffffffff-2023-04,1
8412ec9ffffffff-2023-05,5
8412ec9ffffffff-2023-06,1
8412ec9ffffffff-2023-07,2
8412ec9ffffffff-2023-08,28
8412ec9ffffffff-2023-09,13
8412ec9ffffffff-2023-10,1
8412ecbffffffff-2013-07,1
8412ecbffffffff-2013-08,4
8412ecbffffffff-2015-05,5
8412ecbffffffff-2017-04,2
8412ecbffffffff-2017-05,1
8412ecbffffffff-2017-06,1
8412ecbffffffff-2017-07,19
8412ecbffffffff-2017-09,1
8412ecbffffffff-2018-04,10
8412ecbffffffff-2018-06,1
8412ecbffffffff-2018-07,2
8412ecbffffffff-2018-09,1
8412ecbffffffff-2019-04,5
8412ecbffffffff-2019-05,5
8412ecbffffffff-2019-08,1
8412ecbffffffff-2020-04,3
8412ecbffffffff-2020-05,3
8412ecbffffffff-2020-09,2
8412ecbffffffff-2021-04,2
8412ecbffffffff-2021-05,7
8412ecbffffffff-2021-06,1
8412ecbffffffff-2021-07,1
8412ecbffffffff-2021-08,2
8412ecbffffffff-2021-09,2
8412ecbffffffff-2021-10,3
8412ecbffffffff-2022-04,2
8412ecbffffffff-2022-05,6
8412ecbffffffff-2022-07,7
8412ecbffffffff-2022-08,14
8412ecbffffffff-2022-09,19
8412ecbffffffff-2022-10,3
8412ecbffffffff-2023-05,9
8412ecbffffffff-2023-06,2
8412ecbffffffff-2023-07,5
8412ecbffffffff-2023-08,11
8412ecbffffffff-2023-09,9
8412ecbffffffff-2023-10,2
8412ecdffffffff-2012-04,2
8412ecdffffffff-2012-08,7
8412ecdffffffff-2012-09,1
8412ecdffffffff-2013-05,2
8412ecdffffffff-2013-10,1
8412ecdffffffff-2014-06,1
8412ecdffffffff-2014-07,6
8412ecdffffffff-2014-08,5
8412ecdffffffff-2014-10,1
8412ecdffffffff-2015-05,1
8412ecdffffffff-2016-04,4
8412ecdffffffff-2016-05,4
8412ecdffffffff-2016-09,1
8412ecdffffffff-2017-04,1
8412ecdffffffff-2017-06,2
8412ecdffffffff-2017-07,2
8412ecdffffffff-2017-08,13
8412ecdffffffff-2017-09,8
8412ecdffffffff-2018-04,1
8412ecdffffffff-2018-05,4
8412ecdffffffff-2018-07,1
8412ecdffffffff-2018-08,15
8412ecdffffffff-2018-09,7
8412ecdffffffff-2018-10,5
8412ecdffffffff-2019-04,5
8412ecdffffffff-2019-05,16
8412ecdffffffff-2019-07,6
8412ecdffffffff-2019-08,13
8412ecdffffffff-2019-09,4
8412ecdffffffff-2019-10,3
8412ecdffffffff-2020-04,31
8412ecdffffffff-2020-05,64
8412ecdffffffff-2020-08,11
8412ecdffffffff-2020-09,27
8412ecdffffffff-2020-10,5
8412ecdffffffff-2021-04,39
8412ecdffffffff-2021-05,204
8412ecdffffffff-2021-06,2
8412ecdffffffff-2021-07,9
8412ecdffffffff-2021-08,10
8412ecdffffffff-2021-09,13
8412ecdffffffff-2021-10,5
8412ecdffffffff-2022-04,41
8412ecdffffffff-2022-05,100
8412ecdffffffff-2022-06,8
8412ecdffffffff-2022-07,14
8412ecdffffffff-2022-08,35
8412ecdffffffff-2022-09,23
8412ecdffffffff-2022-10,9
8412ecdffffffff-2023-04,9
8412ecdffffffff-2023-05,46
8412ecdffffffff-2023-06,3
8412ecdffffffff-2023-07,6
8412ecdffffffff-2023-08,15
8412ecdffffffff-2023-09,12
8412ecdffffffff-2023-10,12
8412ed1ffffffff-2016-05,2
8412ed1ffffffff-2021-04,2
8412ed1ffffffff-2023-08,1
8412ed3ffffffff-2015-06,1
8412ed3ffffffff-2016-07,1
8412ed3ffffffff-2017-06,1
8412ed3ffffffff-2018-06,2
8412ed3ffffffff-2018-08,1
8412ed3ffffffff-2019-05,2
8412ed3ffffffff-2020-05,2
8412ed3ffffffff-2021-07,1
8412ed3ffffffff-2022-07,1
8412ed3ffffffff-2022-08,1
8412ed3ffffffff-2022-09,1
8412ed3ffffffff-2023-08,1
8412ed5ffffffff-2017-08,2
8412ed5ffffffff-2018-05,2
8412ed5ffffffff-2021-05,1
8412ed5ffffffff-2023-09,3
8412ed7ffffffff-2014-08,1
8412ed7ffffffff-2014-09,1
8412ed7ffffffff-2015-08,2
8412ed7ffffffff-2021-05,3
8412ed7ffffffff-2021-06,1
8412ed7ffffffff-2023-08,2
8412ed9ffffffff-2012-04,1
8412ed9ffffffff-2012-05,2
8412ed9ffffffff-2012-07,2
8412ed9ffffffff-2012-09,2
8412ed9ffffffff-2012-10,1
8412ed9ffffffff-2013-05,1
8412ed9ffffffff-2013-06,1
8412ed9ffffffff-2014-04,1
8412ed9ffffffff-2014-05,10
8412ed9ffffffff-2014-08,4
8412ed9ffffffff-2014-09,4
8412ed9ffffffff-2015-04,1
8412ed9ffffffff-2015-05,11
8412ed9ffffffff-2015-08,3
8412ed9ffffffff-2015-09,3
8412ed9ffffffff-2015-10,2
8412ed9ffffffff-2016-04,4
8412ed9ffffffff-2016-05,1
8412ed9ffffffff-2017-04,1
8412ed9ffffffff-2017-05,1
8412ed9ffffffff-2019-04,1
8412ed9ffffffff-2019-05,1
8412ed9ffffffff-2019-10,1
8412ed9ffffffff-2020-10,1
8412ed9ffffffff-2021-05,1
8412ed9ffffffff-2021-08,1
8412ed9ffffffff-2023-08,1
8412ed9ffffffff-2023-09,2
8412edbffffffff-2012-04,1
8412edbffffffff-2013-08,1
8412edbffffffff-2017-04,1
8412edbffffffff-2018-05,1
8412edbffffffff-2021-07,3
8412edbffffffff-2021-09,1
8412edbffffffff-2023-09,2
8412eddffffffff-2014-07,2
8412eddffffffff-2014-08,1
8412eddffffffff-2015-09,1
8412ee1ffffffff-2021-05,1
8412ee1ffffffff-2023-07,1
8412ee3ffffffff-2012-04,2
8412ee3ffffffff-2012-07,1
8412ee3ffffffff-2013-09,1
8412ee3ffffffff-2016-05,3
8412ee3ffffffff-2016-06,1
8412ee3ffffffff-2016-07,1
8412ee3ffffffff-2016-08,1
8412ee3ffffffff-2017-04,1
8412ee3ffffffff-2017-08,3
8412ee3ffffffff-2019-05,2
8412ee3ffffffff-2019-07,1
8412ee3ffffffff-2020-05,1
8412ee3ffffffff-2020-10,1
8412ee3ffffffff-2021-04,1
8412ee3ffffffff-2021-05,15
8412ee3ffffffff-2021-07,4
8412ee3ffffffff-2021-08,1
8412ee3ffffffff-2022-04,5
8412ee3ffffffff-2022-05,8
8412ee3ffffffff-2022-06,2
8412ee3ffffffff-2022-07,2
8412ee3ffffffff-2022-08,26
8412ee3ffffffff-2022-09,8
8412ee3ffffffff-2022-10,1
8412ee3ffffffff-2023-06,1
8412ee3ffffffff-2023-07,4
8412ee3ffffffff-2023-08,22
8412ee3ffffffff-2023-09,4
8412ee3ffffffff-2023-10,2
8412ee5ffffffff-2019-04,1
8412ee7ffffffff-2019-05,1
8412ee7ffffffff-2020-08,1
8412ee9ffffffff-2013-09,1
8412ee9ffffffff-2019-08,1
8412ee9ffffffff-2021-05,1
8412ee9ffffffff-2022-06,1
8412ee9ffffffff-2022-08,1
8412eebffffffff-2013-08,1
8412eebffffffff-2014-05,1
8412eebffffffff-2016-04,1
8412eebffffffff-2018-04,1
8412eebffffffff-2018-05,1
8412eebffffffff-2021-09,2
8412eebffffffff-2022-07,3
8412eebffffffff-2022-09,2
8412eebffffffff-2022-10,1
8412eebffffffff-2023-10,2
8412eedffffffff-2019-06,1
8412eedffffffff-2023-05,3
8412f01ffffffff-2016-08,1
8412f01ffffffff-2022-08,1
8412f13ffffffff-2014-08,2
8412f13ffffffff-2015-06,1
8412f13ffffffff-2018-07,3
8412f13ffffffff-2021-05,1
8412f15ffffffff-2013-07,1
8412f15ffffffff-2013-08,1
8412f15ffffffff-2014-08,1
8412f15ffffffff-2015-05,1
8412f15ffffffff-2015-07,1
8412f15ffffffff-2015-08,1
8412f15ffffffff-2020-07,1
8412f15ffffffff-2021-08,1
8412f15ffffffff-2022-07,2
8412f1bffffffff-2012-06,1
8412f1bffffffff-2019-05,2
8412f21ffffffff-2023-07,4
8412f27ffffffff-2015-05,1
8412f27ffffffff-2017-04,1
8412f27ffffffff-2023-08,2
8412f29ffffffff-2012-09,1
8412f29ffffffff-2013-07,1
8412f29ffffffff-2020-08,2
8412f29ffffffff-2021-07,1
8412f2bffffffff-2020-08,1
8412f33ffffffff-2016-08,1
8412f33ffffffff-2021-07,1
8412f37ffffffff-2015-08,1
8412f37ffffffff-2021-07,1
8412f43ffffffff-2020-07,1
8412f5dffffffff-2021-08,2
8412f5dffffffff-2023-05,1
8412f65ffffffff-2018-05,1
8412f65ffffffff-2021-08,2
8412f69ffffffff-2014-05,1
8412f69ffffffff-2021-04,6
8412f6dffffffff-2012-07,1
8412f6dffffffff-2012-08,2
8412f6dffffffff-2013-05,4
8412f6dffffffff-2013-07,7
8412f6dffffffff-2013-08,18
8412f6dffffffff-2013-09,3
8412f6dffffffff-2014-05,1
8412f6dffffffff-2014-07,4
8412f6dffffffff-2014-08,21
8412f6dffffffff-2014-09,9
8412f6dffffffff-2015-05,3
8412f6dffffffff-2015-06,6
8412f6dffffffff-2015-07,20
8412f6dffffffff-2015-08,29
8412f6dffffffff-2015-09,2
8412f6dffffffff-2016-04,7
8412f6dffffffff-2016-05,7
8412f6dffffffff-2016-07,15
8412f6dffffffff-2016-08,20
8412f6dffffffff-2016-09,6
8412f6dffffffff-2017-04,4
8412f6dffffffff-2017-05,9
8412f6dffffffff-2017-07,10
8412f6dffffffff-2017-08,28
8412f6dffffffff-2017-09,7
8412f6dffffffff-2018-04,5
8412f6dffffffff-2018-05,11
8412f6dffffffff-2018-06,1
8412f6dffffffff-2018-07,25
8412f6dffffffff-2018-08,32
8412f6dffffffff-2019-04,1
8412f6dffffffff-2019-05,15
8412f6dffffffff-2019-06,5
8412f6dffffffff-2019-07,25
8412f6dffffffff-2019-08,37
8412f6dffffffff-2019-09,20
8412f6dffffffff-2020-04,6
8412f6dffffffff-2020-05,20
8412f6dffffffff-2020-06,4
8412f6dffffffff-2020-07,5
8412f6dffffffff-2020-08,24
8412f6dffffffff-2020-09,2
8412f6dffffffff-2021-04,5
8412f6dffffffff-2021-05,29
8412f6dffffffff-2021-07,17
8412f6dffffffff-2021-08,36
8412f6dffffffff-2021-09,8
8412f6dffffffff-2022-04,9
8412f6dffffffff-2022-05,35
8412f6dffffffff-2022-07,13
8412f6dffffffff-2022-08,30
8412f6dffffffff-2022-09,1
8412f6dffffffff-2023-04,7
8412f6dffffffff-2023-05,21
8412f6dffffffff-2023-06,1
8412f6dffffffff-2023-07,10
8412f6dffffffff-2023-08,13
8412f6dffffffff-2023-09,1
8413035ffffffff-2013-05,1
841305dffffffff-2018-08,1
8413233ffffffff-2023-06,1
8413233ffffffff-2023-07,1
8413239ffffffff-2023-07,1
8413291ffffffff-2017-06,2
841329dffffffff-2018-06,1
841329dffffffff-2022-06,3
841329dffffffff-2022-07,1
84132a5ffffffff-2022-07,3
841336dffffffff-2021-06,2
841336dffffffff-2022-06,1
8413405ffffffff-2023-07,1
8413419ffffffff-2015-06,1
8413423ffffffff-2019-06,1
841342dffffffff-2023-07,1
8413453ffffffff-2015-07,4
8413457ffffffff-2015-06,1
8413457ffffffff-2015-07,1
841345bffffffff-2015-07,2
8413461ffffffff-2023-07,1
8413493ffffffff-2012-07,4
84134b3ffffffff-2017-06,1
84134bbffffffff-2017-06,2
8413501ffffffff-2019-06,1
8413505ffffffff-2014-07,4
8413505ffffffff-2015-05,1
8413505ffffffff-2015-07,2
8413505ffffffff-2019-07,2
8413505ffffffff-2020-05,2
8413505ffffffff-2021-07,1
8413505ffffffff-2022-07,6
8413505ffffffff-2023-05,1
8413507ffffffff-2015-05,1
8413507ffffffff-2018-06,1
8413507ffffffff-2019-06,2
8413507ffffffff-2019-07,3
8413507ffffffff-2020-06,5
8413507ffffffff-2021-05,2
8413507ffffffff-2021-06,2
8413507ffffffff-2021-07,1
8413507ffffffff-2022-06,1
8413511ffffffff-2023-05,1
8413515ffffffff-2014-06,4
8413515ffffffff-2014-07,1
8413515ffffffff-2014-08,1
8413515ffffffff-2020-07,1
8413515ffffffff-2021-08,1
8413521ffffffff-2013-08,2
8413523ffffffff-2023-05,1
8413529ffffffff-2012-05,21
8413529ffffffff-2012-06,4
8413529ffffffff-2012-07,2
8413529ffffffff-2013-05,41
8413529ffffffff-2013-06,7
8413529ffffffff-2014-05,23
8413529ffffffff-2014-06,8
8413529ffffffff-2014-07,6
8413529ffffffff-2015-05,28
8413529ffffffff-2015-06,2
8413529ffffffff-2016-05,11
8413529ffffffff-2016-06,1
8413529ffffffff-2017-05,32
8413529ffffffff-2017-07,6
8413529ffffffff-2018-05,25
8413529ffffffff-2018-06,24
8413529ffffffff-2018-08,1
8413529ffffffff-2019-05,59
8413529ffffffff-2019-06,42
8413529ffffffff-2019-07,23
8413529ffffffff-2019-08,4
8413529ffffffff-2020-05,81
8413529ffffffff-2020-06,25
8413529ffffffff-2020-07,11
8413529ffffffff-2020-08,5
8413529ffffffff-2020-09,3
8413529ffffffff-2021-05,61
8413529ffffffff-2021-06,19
8413529ffffffff-2021-07,11
8413529ffffffff-2021-08,9
8413529ffffffff-2022-05,80
8413529ffffffff-2022-06,16
8413529ffffffff-2022-07,21
8413529ffffffff-2022-08,5
8413529ffffffff-2023-05,65
8413529ffffffff-2023-06,12
8413529ffffffff-2023-07,29
8413529ffffffff-2023-08,2
841352bffffffff-2014-07,1
841352bffffffff-2017-05,1
841352bffffffff-2023-05,2
841352bffffffff-2023-06,1
841352dffffffff-2018-06,1
841352dffffffff-2019-06,36
841352dffffffff-2020-06,1
841352dffffffff-2021-05,1
841352dffffffff-2022-06,2
841352dffffffff-2023-05,2
8413539ffffffff-2019-06,1
841353dffffffff-2014-07,3
841353dffffffff-2019-07,2
8413545ffffffff-2019-06,1
841355bffffffff-2019-06,1
8413567ffffffff-2019-06,14
8413567ffffffff-2021-06,1
84135b3ffffffff-2021-08,1
84135c5ffffffff-2018-07,1
84135c5ffffffff-2023-07,1
84135c9ffffffff-2023-07,1
84135d9ffffffff-2017-06,2
84136a5ffffffff-2015-06,1
8413805ffffffff-2015-06,2
8413805ffffffff-2017-05,1
8413807ffffffff-2012-05,11
8413807ffffffff-2013-05,8
8413807ffffffff-2013-08,1
8413807ffffffff-2014-05,8
8413807ffffffff-2015-05,2
8413807ffffffff-2016-04,1
8413807ffffffff-2016-05,11
8413807ffffffff-2017-04,1
8413807ffffffff-2017-05,7
8413807ffffffff-2018-05,9
8413807ffffffff-2019-05,4
8413807ffffffff-2020-05,1
8413807ffffffff-2021-05,18
8413807ffffffff-2022-05,15
8413807ffffffff-2023-05,21
8413821ffffffff-2023-05,2
8413823ffffffff-2020-05,2
8413823ffffffff-2022-06,1
8413825ffffffff-2017-06,1
8413825ffffffff-2019-07,1
8413825ffffffff-2023-06,1
8413827ffffffff-2015-06,1
8413827ffffffff-2017-06,2
8413827ffffffff-2017-07,1
8413827ffffffff-2018-05,4
8413827ffffffff-2018-06,2
8413827ffffffff-2019-07,2
8413827ffffffff-2020-05,3
8413827ffffffff-2020-06,1
8413827ffffffff-2020-07,1
8413827ffffffff-2020-08,1
8413827ffffffff-2021-05,2
8413827ffffffff-2022-05,5
8413827ffffffff-2022-06,1
8413827ffffffff-2023-05,3
8413827ffffffff-2023-07,1
8413827ffffffff-2023-08,2
8413829ffffffff-2012-04,2
8413829ffffffff-2012-05,33
8413829ffffffff-2013-05,32
8413829ffffffff-2013-07,1
8413829ffffffff-2014-04,11
8413829ffffffff-2014-05,46
8413829ffffffff-2014-06,2
8413829ffffffff-2014-07,1
8413829ffffffff-2015-04,6
8413829ffffffff-2015-05,44
8413829ffffffff-2015-07,2
8413829ffffffff-2016-04,16
8413829ffffffff-2016-05,65
8413829ffffffff-2016-07,1
8413829ffffffff-2017-04,1
8413829ffffffff-2017-05,50
8413829ffffffff-2017-06,5
8413829ffffffff-2018-04,1
8413829ffffffff-2018-05,60
8413829ffffffff-2018-06,1
8413829ffffffff-2018-07,1
8413829ffffffff-2019-04,6
8413829ffffffff-2019-05,56
8413829ffffffff-2019-06,3
8413829ffffffff-2020-05,107
8413829ffffffff-2020-06,8
8413829ffffffff-2021-04,8
8413829ffffffff-2021-05,122
8413829ffffffff-2021-06,4
8413829ffffffff-2021-07,1
8413829ffffffff-2022-04,4
8413829ffffffff-2022-05,159
8413829ffffffff-2022-06,36
8413829ffffffff-2022-07,9
8413829ffffffff-2023-04,4
8413829ffffffff-2023-05,166
8413829ffffffff-2023-06,3
8413829ffffffff-2023-07,2
841382bffffffff-2012-06,1
841382bffffffff-2019-05,2
841382bffffffff-2021-05,1
841382bffffffff-2021-06,2
841382bffffffff-2021-07,1
841382bffffffff-2022-05,5
841382bffffffff-2022-07,2
841382dffffffff-2012-05,1
841382dffffffff-2013-05,1
841382dffffffff-2014-05,3
841382dffffffff-2014-07,1
841382dffffffff-2015-05,6
841382dffffffff-2015-06,1
841382dffffffff-2016-04,5
841382dffffffff-2016-05,1
841382dffffffff-2017-04,2
841382dffffffff-2018-04,1
841382dffffffff-2019-05,3
841382dffffffff-2019-07,1
841382dffffffff-2020-05,12
841382dffffffff-2020-06,2
841382dffffffff-2021-04,3
841382dffffffff-2021-05,19
841382dffffffff-2021-06,2
841382dffffffff-2021-07,4
841382dffffffff-2022-05,34
841382dffffffff-2022-06,20
841382dffffffff-2022-07,9
841382dffffffff-2022-08,5
841382dffffffff-2023-05,15
841382dffffffff-2023-06,24
841382dffffffff-2023-07,2
8413831ffffffff-2015-06,1
8413831ffffffff-2016-06,2
8413831ffffffff-2019-06,2
8413831ffffffff-2020-04,1
8413831ffffffff-2020-05,2
8413831ffffffff-2022-05,1
8413831ffffffff-2023-05,1
8413831ffffffff-2023-07,1
8413839ffffffff-2013-08,2
8413839ffffffff-2015-06,1
8413839ffffffff-2020-05,1
8413839ffffffff-2022-08,4
8413839ffffffff-2023-08,2
841383bffffffff-2017-06,1
841383bffffffff-2021-05,1
841383bffffffff-2022-05,1
841383dffffffff-2012-05,1
841383dffffffff-2012-06,1
841383dffffffff-2012-07,2
841383dffffffff-2012-08,7
841383dffffffff-2013-05,1
841383dffffffff-2013-07,7
841383dffffffff-2013-08,11
841383dffffffff-2014-08,4
841383dffffffff-2015-05,3
841383dffffffff-2015-07,4
841383dffffffff-2016-05,1
841383dffffffff-2016-07,4
841383dffffffff-2016-08,1
841383dffffffff-2017-05,7
841383dffffffff-2017-07,4
841383dffffffff-2017-08,4
841383dffffffff-2018-05,8
841383dffffffff-2018-07,1
841383dffffffff-2018-08,2
841383dffffffff-2019-04,1
841383dffffffff-2019-05,13
841383dffffffff-2019-08,5
841383dffffffff-2020-05,7
841383dffffffff-2020-07,1
841383dffffffff-2021-05,30
841383dffffffff-2021-06,3
841383dffffffff-2021-07,1
841383dffffffff-2021-08,3
841383dffffffff-2022-05,8
841383dffffffff-2022-07,14
841383dffffffff-2022-08,14
841383dffffffff-2023-05,8
841383dffffffff-2023-07,2
841383dffffffff-2023-08,6
8413843ffffffff-2016-07,2
8413849ffffffff-2015-05,2
8413849ffffffff-2022-05,9
841384bffffffff-2013-06,2
841384bffffffff-2014-07,1
841384bffffffff-2016-05,2
841384bffffffff-2019-07,2
841384bffffffff-2021-05,7
841384bffffffff-2022-07,1
841384bffffffff-2023-05,5
8413851ffffffff-2017-05,1
8413857ffffffff-2019-08,1
841385dffffffff-2013-06,4
841385dffffffff-2014-07,1
841385dffffffff-2016-05,1
841385dffffffff-2016-07,1
841385dffffffff-2017-06,2
841385dffffffff-2017-07,2
841385dffffffff-2018-07,1
841385dffffffff-2019-06,1
841385dffffffff-2019-07,3
841385dffffffff-2021-05,4
841385dffffffff-2021-06,2
841385dffffffff-2021-07,1
841385dffffffff-2022-06,4
841385dffffffff-2023-05,6
841385dffffffff-2023-06,2
8413861ffffffff-2012-05,32
8413861ffffffff-2012-06,2
8413861ffffffff-2013-05,18
8413861ffffffff-2013-08,1
8413861ffffffff-2014-04,1
8413861ffffffff-2014-05,11
8413861ffffffff-2014-06,1
8413861ffffffff-2015-05,9
8413861ffffffff-2015-06,3
8413861ffffffff-2015-07,2
8413861ffffffff-2016-04,13
8413861ffffffff-2016-05,38
8413861ffffffff-2016-06,2
8413861ffffffff-2016-07,2
8413861ffffffff-2017-04,4
8413861ffffffff-2017-05,51
8413861ffffffff-2017-06,4
8413861ffffffff-2017-07,4
8413861ffffffff-2017-08,2
8413861ffffffff-2018-04,4
8413861ffffffff-2018-05,63
8413861ffffffff-2018-06,3
8413861ffffffff-2018-07,18
8413861ffffffff-2019-04,3
8413861ffffffff-2019-05,40
8413861ffffffff-2019-06,17
8413861ffffffff-2019-07,5
8413861ffffffff-2019-08,1
8413861ffffffff-2020-04,1
8413861ffffffff-2020-05,97
8413861ffffffff-2020-06,7
8413861ffffffff-2020-07,7
8413861ffffffff-2020-08,3
8413861ffffffff-2021-04,5
8413861ffffffff-2021-05,74
8413861ffffffff-2021-06,3
8413861ffffffff-2021-07,3
8413861ffffffff-2021-08,19
8413861ffffffff-2021-09,6
8413861ffffffff-2022-05,79
8413861ffffffff-2022-06,20
8413861ffffffff-2022-07,34
8413861ffffffff-2022-08,35
8413861ffffffff-2023-05,78
8413861ffffffff-2023-06,1
8413861ffffffff-2023-07,20
8413861ffffffff-2023-08,14
8413861ffffffff-2023-09,11
8413865ffffffff-2012-05,1
8413865ffffffff-2014-07,4
8413865ffffffff-2016-05,1
8413865ffffffff-2016-06,1
8413865ffffffff-2016-07,2
8413865ffffffff-2017-05,3
8413865ffffffff-2017-06,4
8413865ffffffff-2018-05,7
8413865ffffffff-2018-06,6
8413865ffffffff-2019-05,3
8413865ffffffff-2019-06,9
8413865ffffffff-2019-07,2
8413865ffffffff-2020-04,1
8413865ffffffff-2020-05,4
8413865ffffffff-2020-06,2
8413865ffffffff-2021-05,10
8413865ffffffff-2021-06,3
8413865ffffffff-2021-08,7
8413865ffffffff-2022-05,23
8413865ffffffff-2022-06,12
8413865ffffffff-2022-07,10
8413865ffffffff-2022-08,9
8413865ffffffff-2023-05,28
8413865ffffffff-2023-06,6
8413865ffffffff-2023-07,5
8413865ffffffff-2023-08,6
8413867ffffffff-2012-04,1
8413867ffffffff-2012-05,24
8413867ffffffff-2012-06,3
8413867ffffffff-2012-07,1
8413867ffffffff-2013-05,34
8413867ffffffff-2013-06,2
8413867ffffffff-2014-05,19
8413867ffffffff-2014-06,1
8413867ffffffff-2015-04,1
8413867ffffffff-2015-05,30
8413867ffffffff-2015-06,1
8413867ffffffff-2016-04,2
8413867ffffffff-2016-05,20
8413867ffffffff-2016-06,3
8413867ffffffff-2016-07,2
8413867ffffffff-2017-04,1
8413867ffffffff-2017-05,59
8413867ffffffff-2017-06,12
8413867ffffffff-2017-07,3
8413867ffffffff-2018-04,12
8413867ffffffff-2018-05,83
8413867ffffffff-2018-06,2
8413867ffffffff-2018-07,1
8413867ffffffff-2019-04,3
8413867ffffffff-2019-05,53
8413867ffffffff-2019-06,11
8413867ffffffff-2020-04,2
8413867ffffffff-2020-05,83
8413867ffffffff-2020-06,5
8413867ffffffff-2020-07,1
8413867ffffffff-2021-05,64
8413867ffffffff-2021-06,3
8413867ffffffff-2021-07,14
8413867ffffffff-2021-08,1
8413867ffffffff-2022-05,166
8413867ffffffff-2022-06,10
8413867ffffffff-2022-07,17
8413867ffffffff-2022-08,6
8413867ffffffff-2023-04,1
8413867ffffffff-2023-05,179
8413867ffffffff-2023-06,19
8413867ffffffff-2023-07,5
8413867ffffffff-2023-08,5
841386dffffffff-2015-06,2
841386dffffffff-2019-05,1
841386dffffffff-2019-06,1
841386dffffffff-2019-07,1
841386dffffffff-2021-05,1
841386dffffffff-2022-05,2
841386dffffffff-2023-05,3
841386dffffffff-2023-06,1
8413885ffffffff-2017-06,1
8413885ffffffff-2018-06,2
8413885ffffffff-2020-07,2
8413885ffffffff-2021-05,1
8413885ffffffff-2021-07,2
8413889ffffffff-2018-05,2
8413889ffffffff-2019-07,4
841388dffffffff-2014-07,1
841388dffffffff-2015-06,1
841388dffffffff-2016-05,1
841388dffffffff-2020-07,4
841388dffffffff-2021-05,1
841388dffffffff-2021-06,1
8413893ffffffff-2020-07,1
841389bffffffff-2014-07,1
841389bffffffff-2014-08,1
841389bffffffff-2015-05,3
841389bffffffff-2015-07,1
841389bffffffff-2016-06,1
841389bffffffff-2017-05,1
841389bffffffff-2017-06,1
841389bffffffff-2018-04,2
841389bffffffff-2019-07,2
841389bffffffff-2021-05,2
841389bffffffff-2021-06,2
841389bffffffff-2021-07,1
841389bffffffff-2022-05,2
841389bffffffff-2022-06,1
841389bffffffff-2022-07,1
841389bffffffff-2022-08,1
84138a5ffffffff-2018-05,4
84138a5ffffffff-2018-06,1
84138a5ffffffff-2023-06,5
84138a5ffffffff-2023-08,1
84138a5ffffffff-2023-09,1
84138c1ffffffff-2013-05,2
84138c1ffffffff-2014-07,1
84138c1ffffffff-2018-05,1
84138c1ffffffff-2019-05,4
84138c1ffffffff-2021-05,1
84138c1ffffffff-2022-05,1
84138c3ffffffff-2016-07,1
84138c3ffffffff-2021-07,6
84138c5ffffffff-2014-06,2
84138c5ffffffff-2018-06,1
84138c5ffffffff-2019-05,1
84138c5ffffffff-2021-06,1
84138c5ffffffff-2021-07,2
84138c5ffffffff-2022-05,1
84138c5ffffffff-2022-06,2
84138c5ffffffff-2023-06,4
84138c7ffffffff-2012-04,1
84138c7ffffffff-2012-05,36
84138c7ffffffff-2012-06,8
84138c7ffffffff-2013-05,55
84138c7ffffffff-2013-06,3
84138c7ffffffff-2013-08,6
84138c7ffffffff-2014-05,48
84138c7ffffffff-2014-06,11
84138c7ffffffff-2014-07,2
84138c7ffffffff-2015-05,15
84138c7ffffffff-2015-06,2
84138c7ffffffff-2015-07,1
84138c7ffffffff-2016-05,17
84138c7ffffffff-2016-06,1
84138c7ffffffff-2016-07,2
84138c7ffffffff-2016-08,1
84138c7ffffffff-2017-05,12
84138c7ffffffff-2017-06,4
84138c7ffffffff-2017-07,6
84138c7ffffffff-2017-08,1
84138c7ffffffff-2018-05,16
84138c7ffffffff-2018-06,6
84138c7ffffffff-2019-05,12
84138c7ffffffff-2019-07,10
84138c7ffffffff-2020-05,4
84138c7ffffffff-2020-06,1
84138c7ffffffff-2020-07,12
84138c7ffffffff-2021-05,14
84138c7ffffffff-2021-06,1
84138c7ffffffff-2022-05,7
84138c7ffffffff-2022-06,5
84138c7ffffffff-2022-07,3
84138c7ffffffff-2023-05,9
84138c7ffffffff-2023-07,1
84138c9ffffffff-2013-06,2
84138c9ffffffff-2014-07,2
84138c9ffffffff-2016-07,2
84138c9ffffffff-2017-06,1
84138c9ffffffff-2017-07,2
84138c9ffffffff-2018-05,3
84138c9ffffffff-2018-06,1
84138c9ffffffff-2018-07,4
84138c9ffffffff-2019-05,3
84138c9ffffffff-2019-07,4
84138c9ffffffff-2022-06,1
84138c9ffffffff-2023-05,1
84138d5ffffffff-2020-07,2
84138d5ffffffff-2022-07,2
84138e9ffffffff-2017-06,2
84138edffffffff-2014-05,1
84138edffffffff-2014-06,2
84138edffffffff-2017-05,1
84138edffffffff-2022-05,2
8413909ffffffff-2012-07,2
841390bffffffff-2016-08,1
841390bffffffff-2018-06,1
841390bffffffff-2018-07,1
841390bffffffff-2019-06,1
841390bffffffff-2019-07,3
841390bffffffff-2020-06,2
841390bffffffff-2020-07,1
841390bffffffff-2021-06,5
841390bffffffff-2021-07,17
841390bffffffff-2022-06,7
841390bffffffff-2023-06,4
841390bffffffff-2023-07,3
841390bffffffff-2023-08,1
8413911ffffffff-2012-05,1
8413911ffffffff-2015-07,1
8413911ffffffff-2016-05,2
8413911ffffffff-2016-07,1
8413911ffffffff-2018-08,1
8413911ffffffff-2019-07,1
8413911ffffffff-2019-08,4
8413911ffffffff-2022-05,1
8413911ffffffff-2022-08,2
8413911ffffffff-2023-05,2
8413911ffffffff-2023-08,10
8413917ffffffff-2012-05,2
8413917ffffffff-2020-05,2
8413917ffffffff-2020-06,1
8413917ffffffff-2020-07,3
8413917ffffffff-2022-05,5
8413917ffffffff-2022-07,1
8413917ffffffff-2022-08,3
8413917ffffffff-2023-05,1
8413917ffffffff-2023-06,2
8413917ffffffff-2023-08,8
8413919ffffffff-2013-05,1
8413919ffffffff-2013-07,1
8413919ffffffff-2013-08,1
8413919ffffffff-2014-05,1
8413919ffffffff-2014-06,1
8413919ffffffff-2015-08,1
8413919ffffffff-2016-05,2
8413919ffffffff-2017-05,1
8413919ffffffff-2020-05,2
8413919ffffffff-2023-08,2
841391dffffffff-2012-05,1
841391dffffffff-2013-05,4
841391dffffffff-2013-07,1
841391dffffffff-2023-08,2
8413931ffffffff-2012-06,1
8413931ffffffff-2012-07,5
8413931ffffffff-2012-08,3
8413931ffffffff-2013-05,3
8413931ffffffff-2013-06,2
8413931ffffffff-2013-07,11
8413931ffffffff-2013-08,13
8413931ffffffff-2013-09,3
8413931ffffffff-2014-05,2
8413931ffffffff-2014-06,1
8413931ffffffff-2014-07,11
8413931ffffffff-2014-08,13
8413931ffffffff-2014-09,1
8413931ffffffff-2015-05,1
8413931ffffffff-2015-06,1
8413931ffffffff-2015-07,6
8413931ffffffff-2015-08,9
8413931ffffffff-2015-09,1
8413931ffffffff-2016-05,3
8413931ffffffff-2016-07,22
8413931ffffffff-2016-08,4
8413931ffffffff-2017-05,2
8413931ffffffff-2017-06,8
8413931ffffffff-2017-07,20
8413931ffffffff-2017-08,10
8413931ffffffff-2017-09,5
8413931ffffffff-2018-05,2
8413931ffffffff-2018-06,5
8413931ffffffff-2018-07,3
8413931ffffffff-2018-08,3
8413931ffffffff-2019-06,1
8413931ffffffff-2019-07,5
8413931ffffffff-2019-08,2
8413931ffffffff-2020-07,12
8413931ffffffff-2020-08,8
8413931ffffffff-2021-05,2
8413931ffffffff-2021-07,7
8413931ffffffff-2021-08,4
8413931ffffffff-2022-04,1
8413931ffffffff-2022-06,3
8413931ffffffff-2022-07,3
8413931ffffffff-2022-08,6
8413931ffffffff-2022-09,1
8413931ffffffff-2023-07,4
8413931ffffffff-2023-08,6
8413931ffffffff-2023-09,1
8413933ffffffff-2012-07,13
8413933ffffffff-2012-08,20
8413933ffffffff-2012-09,1
8413933ffffffff-2013-05,1
8413933ffffffff-2013-07,10
8413933ffffffff-2013-08,9
8413933ffffffff-2013-09,4
8413933ffffffff-2014-06,2
8413933ffffffff-2014-07,1
8413933ffffffff-2014-08,2
8413933ffffffff-2014-09,1
8413933ffffffff-2015-06,2
8413933ffffffff-2015-07,3
8413933ffffffff-2015-08,2
8413933ffffffff-2016-05,3
8413933ffffffff-2016-07,4
8413933ffffffff-2016-08,1
8413933ffffffff-2017-05,2
8413933ffffffff-2017-07,3
8413933ffffffff-2017-08,3
8413933ffffffff-2018-04,2
8413933ffffffff-2018-05,4
8413933ffffffff-2018-06,1
8413933ffffffff-2019-04,1
8413933ffffffff-2019-05,7
8413933ffffffff-2019-07,2
8413933ffffffff-2019-08,2
8413933ffffffff-2020-06,1
8413933ffffffff-2020-07,1
8413933ffffffff-2020-08,3
8413933ffffffff-2020-09,1
8413933ffffffff-2021-04,1
8413933ffffffff-2021-05,3
8413933ffffffff-2021-07,1
8413933ffffffff-2022-05,1
8413933ffffffff-2022-07,1
8413933ffffffff-2022-08,1
8413933ffffffff-2022-09,1
8413933ffffffff-2023-07,8
8413933ffffffff-2023-08,5
8413933ffffffff-2023-09,3
8413935ffffffff-2023-08,3
8413937ffffffff-2014-07,2
8413937ffffffff-2023-05,1
8413939ffffffff-2015-07,1
8413941ffffffff-2017-07,2
8413943ffffffff-2012-07,1
841394bffffffff-2017-05,2
841394bffffffff-2020-05,3
841394bffffffff-2020-06,2
841394bffffffff-2021-05,6
841394bffffffff-2021-06,3
841394bffffffff-2021-07,1
841394bffffffff-2022-05,7
841394bffffffff-2022-06,6
841394bffffffff-2022-07,1
841394bffffffff-2023-06,1
8413955ffffffff-2012-07,4
8413955ffffffff-2013-05,1
8413955ffffffff-2013-07,1
8413955ffffffff-2014-07,4
8413955ffffffff-2016-06,2
8413955ffffffff-2017-05,1
8413955ffffffff-2017-06,4
8413955ffffffff-2018-06,3
8413955ffffffff-2019-06,6
8413955ffffffff-2019-07,3
8413955ffffffff-2020-07,2
8413955ffffffff-2021-06,14
8413955ffffffff-2021-07,15
8413955ffffffff-2021-08,2
8413955ffffffff-2022-05,4
8413955ffffffff-2022-06,31
8413955ffffffff-2022-07,1
8413955ffffffff-2023-05,3
8413955ffffffff-2023-06,4
8413955ffffffff-2023-07,10
8413959ffffffff-2019-05,2
8413959ffffffff-2022-05,1
841395dffffffff-2016-06,2
841395dffffffff-2017-05,1
841395dffffffff-2017-06,1
841395dffffffff-2018-07,2
841395dffffffff-2019-06,2
841395dffffffff-2020-05,4
841395dffffffff-2020-06,2
841395dffffffff-2021-05,4
841395dffffffff-2021-06,4
841395dffffffff-2021-07,2
841395dffffffff-2022-05,12
841395dffffffff-2022-06,7
841395dffffffff-2022-08,1
841395dffffffff-2023-05,2
841395dffffffff-2023-06,1
8413967ffffffff-2013-09,2
841396dffffffff-2016-07,1
841396dffffffff-2018-07,1
841396dffffffff-2019-04,1
841396dffffffff-2023-05,1
8413993ffffffff-2015-07,1
841399bffffffff-2013-06,2
841399bffffffff-2015-06,1
841399bffffffff-2016-06,1
841399bffffffff-2016-07,1
841399bffffffff-2017-06,1
841399bffffffff-2018-06,4
841399bffffffff-2021-05,1
841399bffffffff-2022-06,1
84139b7ffffffff-2022-07,1
84139c9ffffffff-2013-06,2
84139c9ffffffff-2014-06,2
84139c9ffffffff-2014-07,2
84139c9ffffffff-2016-05,2
84139c9ffffffff-2017-06,1
84139c9ffffffff-2017-07,1
84139c9ffffffff-2018-06,1
84139c9ffffffff-2019-07,1
84139c9ffffffff-2019-09,1
84139c9ffffffff-2020-05,2
84139c9ffffffff-2020-06,2
84139c9ffffffff-2021-05,8
84139c9ffffffff-2021-06,1
84139c9ffffffff-2022-05,6
84139c9ffffffff-2022-06,2
84139c9ffffffff-2023-05,3
84139c9ffffffff-2023-06,3
84139c9ffffffff-2023-07,2
84139e1ffffffff-2012-05,4
84139e1ffffffff-2012-06,2
84139e1ffffffff-2012-07,18
84139e1ffffffff-2012-08,19
84139e1ffffffff-2012-09,1
84139e1ffffffff-2013-05,6
84139e1ffffffff-2013-06,1
84139e1ffffffff-2013-07,10
84139e1ffffffff-2013-08,15
84139e1ffffffff-2013-09,7
84139e1ffffffff-2014-05,3
84139e1ffffffff-2014-07,24
84139e1ffffffff-2014-08,17
84139e1ffffffff-2014-09,1
84139e1ffffffff-2015-04,1
84139e1ffffffff-2015-05,2
84139e1ffffffff-2015-06,3
84139e1ffffffff-2015-07,8
84139e1ffffffff-2015-08,19
84139e1ffffffff-2015-09,5
84139e1ffffffff-2016-04,1
84139e1ffffffff-2016-05,3
84139e1ffffffff-2016-06,15
84139e1ffffffff-2016-07,15
84139e1ffffffff-2016-08,15
84139e1ffffffff-2016-09,1
84139e1ffffffff-2017-05,13
84139e1ffffffff-2017-06,23
84139e1ffffffff-2017-07,34
84139e1ffffffff-2017-08,34
84139e1ffffffff-2017-09,6
84139e1ffffffff-2018-04,8
84139e1ffffffff-2018-05,23
84139e1ffffffff-2018-06,12
84139e1ffffffff-2018-07,14
84139e1ffffffff-2018-08,25
84139e1ffffffff-2018-09,1
84139e1ffffffff-2019-04,3
84139e1ffffffff-2019-05,18
84139e1ffffffff-2019-06,4
84139e1ffffffff-2019-07,19
84139e1ffffffff-2019-08,46
84139e1ffffffff-2020-04,4
84139e1ffffffff-2020-05,13
84139e1ffffffff-2020-06,15
84139e1ffffffff-2020-07,30
84139e1ffffffff-2020-08,63
84139e1ffffffff-2020-09,6
84139e1ffffffff-2021-05,26
84139e1ffffffff-2021-06,5
84139e1ffffffff-2021-07,23
84139e1ffffffff-2021-08,52
84139e1ffffffff-2021-09,7
84139e1ffffffff-2022-04,6
84139e1ffffffff-2022-05,7
84139e1ffffffff-2022-06,15
84139e1ffffffff-2022-07,35
84139e1ffffffff-2022-08,25
84139e1ffffffff-2022-09,8
84139e1ffffffff-2023-04,4
84139e1ffffffff-2023-05,24
84139e1ffffffff-2023-06,3
84139e1ffffffff-2023-07,22
84139e1ffffffff-2023-08,54
84139e1ffffffff-2023-09,1
84139e5ffffffff-2022-08,6
84139edffffffff-2012-04,1
84139edffffffff-2012-05,1
84139edffffffff-2012-07,2
84139edffffffff-2012-08,4
84139edffffffff-2013-05,1
84139edffffffff-2013-07,2
84139edffffffff-2013-08,4
84139edffffffff-2013-09,2
84139edffffffff-2014-04,1
84139edffffffff-2014-05,1
84139edffffffff-2014-07,2
84139edffffffff-2014-08,6
84139edffffffff-2015-04,1
84139edffffffff-2015-05,1
84139edffffffff-2015-06,2
84139edffffffff-2015-07,5
84139edffffffff-2015-08,7
84139edffffffff-2016-04,7
84139edffffffff-2016-05,7
84139edffffffff-2016-06,1
84139edffffffff-2016-07,6
84139edffffffff-2016-08,1
84139edffffffff-2017-05,1
84139edffffffff-2017-06,1
84139edffffffff-2017-07,5
84139edffffffff-2018-04,4
84139edffffffff-2018-05,10
84139edffffffff-2018-07,6
84139edffffffff-2018-08,3
84139edffffffff-2019-05,8
84139edffffffff-2019-06,1
84139edffffffff-2019-07,7
84139edffffffff-2019-08,2
84139edffffffff-2020-04,3
84139edffffffff-2020-05,7
84139edffffffff-2020-06,3
84139edffffffff-2020-07,10
84139edffffffff-2020-08,21
84139edffffffff-2020-09,3
84139edffffffff-2021-04,2
84139edffffffff-2021-05,8
84139edffffffff-2021-06,1
84139edffffffff-2021-07,5
84139edffffffff-2021-08,7
84139edffffffff-2021-09,1
84139edffffffff-2022-05,5
84139edffffffff-2022-07,4
84139edffffffff-2022-08,5
84139edffffffff-2023-04,1
84139edffffffff-2023-05,22
84139edffffffff-2023-07,8
84139edffffffff-2023-08,3
8413a0dffffffff-2012-05,1
8413a27ffffffff-2019-05,1
8413a27ffffffff-2019-06,1
8413a35ffffffff-2013-06,1
8413a35ffffffff-2014-07,1
8413a35ffffffff-2018-05,3
8413a35ffffffff-2021-05,29
8413a35ffffffff-2022-05,18
8413a35ffffffff-2023-05,5
8413a37ffffffff-2023-05,1
8413a41ffffffff-2015-07,1
8413a49ffffffff-2015-07,2
8413a59ffffffff-2022-07,1
8413a5bffffffff-2017-07,1
8413a61ffffffff-2015-05,1
8413a61ffffffff-2016-06,1
8413a61ffffffff-2017-07,1
8413a61ffffffff-2020-07,1
8413a61ffffffff-2021-05,9
8413a61ffffffff-2021-06,1
8413a61ffffffff-2022-05,10
8413a61ffffffff-2022-06,4
8413a61ffffffff-2023-05,17
8413a61ffffffff-2023-06,3
8413a61ffffffff-2023-07,2
8413a67ffffffff-2021-06,1
8413a6bffffffff-2018-07,2
8413a6bffffffff-2020-06,1
8413a6bffffffff-2021-05,2
8413a6bffffffff-2021-06,2
8413a83ffffffff-2014-07,1
8413a83ffffffff-2022-06,1
8413a87ffffffff-2014-07,5
8413a87ffffffff-2016-07,2
8413a87ffffffff-2017-07,1
8413a87ffffffff-2019-07,2
8413a89ffffffff-2016-06,2
8413a95ffffffff-2013-05,2
8413a95ffffffff-2015-08,1
8413aa1ffffffff-2013-06,1
8413aa1ffffffff-2016-07,1
8413aa1ffffffff-2019-07,1
8413aa1ffffffff-2021-05,1
8413aa1ffffffff-2021-07,1
8413aa1ffffffff-2023-06,1
8413aadffffffff-2013-06,1
8413aadffffffff-2021-05,1
8413aadffffffff-2022-06,1
8413aadffffffff-2023-05,1
8413ab5ffffffff-2016-07,1
8413ab9ffffffff-2017-07,1
8413abdffffffff-2014-07,2
8413abdffffffff-2016-07,2
8413abdffffffff-2017-07,1
8413abdffffffff-2022-06,1
8413ac5ffffffff-2016-07,1
8413ac5ffffffff-2017-06,2
8413ac5ffffffff-2019-06,3
8413ac5ffffffff-2023-05,1
8413ac5ffffffff-2023-06,1
8413ae5ffffffff-2015-06,1
8413ae5ffffffff-2018-06,2
8413aedffffffff-2016-06,1
8413aedffffffff-2019-06,1
8413b01ffffffff-2023-07,12
8413b03ffffffff-2016-06,1
8413b03ffffffff-2017-06,5
8413b03ffffffff-2018-06,2
8413b03ffffffff-2019-06,1
8413b03ffffffff-2023-07,3
8413b07ffffffff-2016-06,1
8413b07ffffffff-2017-06,3
8413b07ffffffff-2018-06,1
8413b0bffffffff-2023-07,3
8413b11ffffffff-2016-07,1
8413b11ffffffff-2019-05,1
8413b11ffffffff-2021-06,1
8413b11ffffffff-2022-06,4
8413b17ffffffff-2012-08,1
8413b17ffffffff-2013-06,1
8413b17ffffffff-2014-05,1
8413b17ffffffff-2014-07,1
8413b17ffffffff-2015-06,1
8413b17ffffffff-2019-05,1
8413b17ffffffff-2021-05,5
8413b17ffffffff-2021-06,2
8413b17ffffffff-2022-06,1
8413b17ffffffff-2022-07,3
8413b17ffffffff-2023-05,2
8413b17ffffffff-2023-06,2
8413b19ffffffff-2019-05,1
8413b1bffffffff-2014-07,1
8413b1bffffffff-2017-07,1
8413b1bffffffff-2018-07,3
8413b23ffffffff-2013-05,2
8413b23ffffffff-2015-05,1
8413b23ffffffff-2017-07,3
8413b23ffffffff-2018-05,3
8413b23ffffffff-2019-05,2
8413b23ffffffff-2020-05,8
8413b23ffffffff-2021-07,3
8413b23ffffffff-2022-05,7
8413b23ffffffff-2022-07,2
8413b23ffffffff-2023-05,22
8413b23ffffffff-2023-06,3
8413b23ffffffff-2023-07,6
8413b29ffffffff-2017-07,1
8413b29ffffffff-2018-05,2
8413b29ffffffff-2022-05,2
8413b29ffffffff-2023-05,2
8413b29ffffffff-2023-07,1
8413b31ffffffff-2017-06,2
8413b31ffffffff-2018-06,2
8413b31ffffffff-2019-06,1
8413b31ffffffff-2020-05,1
8413b33ffffffff-2014-07,2
8413b33ffffffff-2015-05,3
8413b33ffffffff-2016-04,1
8413b33ffffffff-2016-05,2
8413b33ffffffff-2016-07,1
8413b33ffffffff-2017-04,1
8413b33ffffffff-2017-05,8
8413b33ffffffff-2017-06,1
8413b33ffffffff-2018-05,4
8413b33ffffffff-2018-06,3
8413b33ffffffff-2018-07,1
8413b33ffffffff-2019-05,6
8413b33ffffffff-2019-06,5
8413b33ffffffff-2020-05,4
8413b33ffffffff-2021-06,12
8413b33ffffffff-2021-07,1
8413b33ffffffff-2022-05,3
8413b33ffffffff-2022-06,1
8413b33ffffffff-2022-08,2
8413b33ffffffff-2023-05,3
8413b33ffffffff-2023-06,4
8413b33ffffffff-2023-07,1
8413b35ffffffff-2016-05,5
8413b35ffffffff-2017-05,3
8413b35ffffffff-2017-06,1
8413b35ffffffff-2017-07,1
8413b35ffffffff-2018-05,7
8413b35ffffffff-2019-05,7
8413b35ffffffff-2020-05,29
8413b35ffffffff-2020-06,4
8413b35ffffffff-2021-05,33
8413b35ffffffff-2021-06,3
8413b35ffffffff-2021-07,3
8413b35ffffffff-2021-08,3
8413b35ffffffff-2022-05,42
8413b35ffffffff-2022-06,10
8413b35ffffffff-2022-07,7
8413b35ffffffff-2023-05,26
8413b35ffffffff-2023-06,8
8413b35ffffffff-2023-07,6
8413b37ffffffff-2019-05,1
8413b39ffffffff-2016-06,1
8413b39ffffffff-2017-06,1
8413b39ffffffff-2019-06,3
8413b49ffffffff-2021-06,1
8413b53ffffffff-2012-06,2
8413b53ffffffff-2014-06,2
8413b53ffffffff-2014-07,3
8413b53ffffffff-2015-06,1
8413b53ffffffff-2015-07,2
8413b53ffffffff-2016-06,2
8413b53ffffffff-2017-05,2
8413b53ffffffff-2017-06,6
8413b53ffffffff-2017-07,1
8413b53ffffffff-2018-05,2
8413b53ffffffff-2018-06,8
8413b53ffffffff-2019-06,2
8413b53ffffffff-2020-06,3
8413b53ffffffff-2020-07,4
8413b53ffffffff-2021-05,5
8413b53ffffffff-2021-06,3
8413b53ffffffff-2021-07,1
8413b53ffffffff-2022-05,6
8413b53ffffffff-2022-06,7
8413b53ffffffff-2023-05,3
8413b53ffffffff-2023-06,4
8413b53ffffffff-2023-07,3
8413b57ffffffff-2015-07,1
8413b57ffffffff-2018-06,1
8413b57ffffffff-2019-06,1
8413b57ffffffff-2019-07,1
8413b57ffffffff-2021-05,1
8413b57ffffffff-2023-06,1
8413b5bffffffff-2017-05,1
8413b5bffffffff-2018-06,1
8413b61ffffffff-2012-06,2
8413b61ffffffff-2013-05,1
8413b61ffffffff-2014-05,1
8413b61ffffffff-2017-06,1
8413b61ffffffff-2019-05,1
8413b61ffffffff-2019-06,1
8413b61ffffffff-2023-06,3
8413b63ffffffff-2017-07,1
8413b63ffffffff-2023-05,3
8413b63ffffffff-2023-07,2
8413b69ffffffff-2016-05,1
8413b69ffffffff-2017-06,7
8413b69ffffffff-2018-05,1
8413b69ffffffff-2022-05,2
8413b69ffffffff-2022-06,1
8413b69ffffffff-2023-06,6
8413b69ffffffff-2023-07,2
8418053ffffffff-2014-11,1
841805bffffffff-2021-10,1
841828bffffffff-2017-11,2
841828bffffffff-2018-11,2
841828bffffffff-2021-09,4
841828bffffffff-2021-10,4
841828bffffffff-2022-04,3
841828bffffffff-2023-06,3
841828bffffffff-2023-09,6
8418299ffffffff-2023-09,1
84182a3ffffffff-2019-08,1
84182a3ffffffff-2020-05,1
84182a7ffffffff-2022-05,1
84182a7ffffffff-2023-09,12
84182c9ffffffff-2012-10,1
84182c9ffffffff-2016-08,2
84182c9ffffffff-2020-10,4
84182cbffffffff-2021-09,2
84182cbffffffff-2021-10,18
84182e5ffffffff-2021-10,1
84182e5ffffffff-2021-11,1
84182e5ffffffff-2022-01,2
84182e5ffffffff-2022-02,3
84182e5ffffffff-2022-03,2
8418443ffffffff-2012-11,1
8418443ffffffff-2013-03,2
841845dffffffff-2020-10,1
841845dffffffff-2020-11,6
8418495ffffffff-2020-11,16
8418495ffffffff-2020-12,21
8418495ffffffff-2021-01,2
8418495ffffffff-2021-02,19
8418495ffffffff-2021-03,22
8418495ffffffff-2021-04,13
8418495ffffffff-2022-05,4
8418495ffffffff-2022-06,1
8418635ffffffff-2022-09,1
84186a3ffffffff-2019-12,1
84186a3ffffffff-2023-11,2
841870dffffffff-2014-09,1
841870dffffffff-2014-10,1
841870dffffffff-2022-09,1
841870dffffffff-2022-10,36
8418729ffffffff-2016-09,3
8418729ffffffff-2019-09,2
8418729ffffffff-2020-10,14
8418729ffffffff-2021-05,1
8418729ffffffff-2021-08,9
8418729ffffffff-2022-07,1
8418729ffffffff-2022-08,6
8418741ffffffff-2021-10,2
8418747ffffffff-2019-02,1
841874bffffffff-2012-10,1
841874bffffffff-2012-12,1
841874bffffffff-2013-01,1
841875dffffffff-2020-11,2
841875dffffffff-2021-01,1
841875dffffffff-2021-03,1
841875dffffffff-2021-04,3
841901bffffffff-2021-10,1
841901bffffffff-2023-09,1
8419089ffffffff-2018-11,1
8419093ffffffff-2019-10,1
8419293ffffffff-2021-09,1
8419293ffffffff-2021-10,12
8419293ffffffff-2022-10,1
8419293ffffffff-2023-08,1
8419401ffffffff-2017-12,1
8419411ffffffff-2020-10,13
8419411ffffffff-2020-11,13
8419411ffffffff-2020-12,5
8419413ffffffff-2022-01,18
8419413ffffffff-2022-02,25
8419413ffffffff-2022-03,23
8419413ffffffff-2022-04,16
8419413ffffffff-2022-05,7
8419413ffffffff-2023-11,16
8419415ffffffff-2018-07,12
8419415ffffffff-2018-08,2
8419415ffffffff-2019-06,2
8419415ffffffff-2019-07,3
8419415ffffffff-2020-07,2
8419415ffffffff-2022-07,34
8419415ffffffff-2023-09,2
841941bffffffff-2020-09,9
8419421ffffffff-2022-05,7
841942bffffffff-2016-10,1
8419439ffffffff-2014-07,6
8419439ffffffff-2023-09,42
8419439ffffffff-2023-10,118
8419439ffffffff-2023-11,8
841943bffffffff-2020-10,1
8419465ffffffff-2022-10,31
8419467ffffffff-2020-01,9
8419467ffffffff-2020-02,2
8419467ffffffff-2020-03,3
8419467ffffffff-2020-05,1
8419467ffffffff-2020-06,12
8419467ffffffff-2020-07,1
8419467ffffffff-2020-08,3
8419467ffffffff-2020-10,8
8419467ffffffff-2020-11,4
8419467ffffffff-2020-12,2
8419467ffffffff-2021-01,2
841948bffffffff-2015-04,1
84194abffffffff-2014-12,1
84194abffffffff-2015-01,1
84194abffffffff-2015-02,1
84194abffffffff-2018-11,1
84194adffffffff-2022-06,2
84194c5ffffffff-2018-10,9
84194c5ffffffff-2022-01,2
84194c5ffffffff-2022-04,2
84194d1ffffffff-2022-05,2
84194d5ffffffff-2015-05,1
84194dbffffffff-2017-05,1
84194e1ffffffff-2016-09,1
84194e1ffffffff-2016-10,1
84194e1ffffffff-2023-10,6
84194e1ffffffff-2023-11,2
84194e3ffffffff-2019-07,17
84194e3ffffffff-2020-07,47
84194e3ffffffff-2020-08,1
84194e3ffffffff-2020-11,2
84194e7ffffffff-2013-10,1
84194e7ffffffff-2016-08,4
84194e9ffffffff-2021-09,7
8419527ffffffff-2022-09,2
8419527ffffffff-2023-10,6
8419543ffffffff-2023-09,4
8419557ffffffff-2012-10,2
8419557ffffffff-2015-08,2
8419583ffffffff-2020-10,5
8419583ffffffff-2020-11,2
8419587ffffffff-2016-10,2
8419587ffffffff-2016-11,1
8419587ffffffff-2020-09,1
8419589ffffffff-2021-05,11
8419591ffffffff-2013-11,1
8419591ffffffff-2013-12,1
8419591ffffffff-2014-01,2
8419591ffffffff-2014-09,1
8419591ffffffff-2022-07,26
8419591ffffffff-2022-08,14
8419597ffffffff-2016-12,2
8419597ffffffff-2017-01,2
8419597ffffffff-2017-04,1
8419597ffffffff-2017-09,1
84195a1ffffffff-2013-10,2
84195b1ffffffff-2023-04,17
84195b5ffffffff-2013-09,2
84195bbffffffff-2017-10,9
84195bbffffffff-2017-11,2
84195bbffffffff-2018-09,3
84195bbffffffff-2018-10,3
84195bbffffffff-2018-11,1
84195bbffffffff-2019-01,6
84195bbffffffff-2019-02,4
84195bbffffffff-2019-03,11
84195bbffffffff-2019-04,5
84195c1ffffffff-2016-08,1
8419689ffffffff-2023-05,1
841968bffffffff-2014-01,2
841968bffffffff-2014-02,1
8419693ffffffff-2018-05,1
8419695ffffffff-2016-06,1
84196b9ffffffff-2016-05,1
84196bbffffffff-2018-02,1
8419739ffffffff-2014-05,1
841973bffffffff-2022-05,1
8419763ffffffff-2021-11,1
8419763ffffffff-2023-09,3
841a849ffffffff-2012-08,2
841a849ffffffff-2017-08,1
841a849ffffffff-2020-05,3
841a849ffffffff-2020-08,1
841aa05ffffffff-2012-08,2
841aa05ffffffff-2012-10,1
841aa05ffffffff-2014-07,5
841aa05ffffffff-2014-08,2
841aa05ffffffff-2015-07,3
841aa05ffffffff-2015-08,6
841aa05ffffffff-2015-09,2
841aa05ffffffff-2016-07,5
841aa05ffffffff-2016-08,8
841aa05ffffffff-2017-07,4
841aa05ffffffff-2017-08,6
841aa05ffffffff-2017-09,2
841aa05ffffffff-2018-07,9
841aa05ffffffff-2018-08,9
841aa05ffffffff-2018-09,1
841aa05ffffffff-2019-08,5
841aa05ffffffff-2020-07,1
841aa05ffffffff-2020-08,9
841aa05ffffffff-2020-09,1
841aa05ffffffff-2020-10,1
841aa05ffffffff-2021-07,5
841aa05ffffffff-2021-08,8
841aa05ffffffff-2021-10,1
841aa05ffffffff-2022-07,6
841aa05ffffffff-2022-08,10
841aa05ffffffff-2022-09,1
841aa05ffffffff-2023-07,4
841aa05ffffffff-2023-08,5
841aa05ffffffff-2023-09,3
841aa07ffffffff-2012-09,6
841aa07ffffffff-2013-08,1
841aa07ffffffff-2014-08,1
841aa07ffffffff-2014-09,2
841aa07ffffffff-2015-05,2
841aa07ffffffff-2015-10,6
841aa07ffffffff-2016-05,1
841aa07ffffffff-2016-07,5
841aa07ffffffff-2016-08,13
841aa07ffffffff-2016-09,18
841aa07ffffffff-2017-07,1
841aa07ffffffff-2017-08,12
841aa07ffffffff-2017-09,9
841aa07ffffffff-2017-10,1
841aa07ffffffff-2018-04,9
841aa07ffffffff-2018-05,1
841aa07ffffffff-2018-07,9
841aa07ffffffff-2018-08,41
841aa07ffffffff-2018-09,31
841aa07ffffffff-2019-07,13
841aa07ffffffff-2019-08,63
841aa07ffffffff-2019-09,18
841aa07ffffffff-2020-05,38
841aa07ffffffff-2020-07,11
841aa07ffffffff-2020-08,32
841aa07ffffffff-2020-09,50
841aa07ffffffff-2020-10,3
841aa07ffffffff-2021-07,12
841aa07ffffffff-2021-08,65
841aa07ffffffff-2021-09,88
841aa07ffffffff-2021-10,3
841aa07ffffffff-2022-07,52
841aa07ffffffff-2022-08,94
841aa07ffffffff-2022-09,40
841aa07ffffffff-2022-10,21
841aa07ffffffff-2023-04,2
841aa07ffffffff-2023-07,27
841aa07ffffffff-2023-08,170
841aa07ffffffff-2023-09,115
841aa07ffffffff-2023-10,10
841aa21ffffffff-2017-07,1
841aa21ffffffff-2021-08,7
841aa21ffffffff-2021-09,1
841aa21ffffffff-2022-08,2
841aa21ffffffff-2022-09,1
841aa23ffffffff-2014-07,1
841aa23ffffffff-2014-08,2
841aa23ffffffff-2014-09,2
841aa23ffffffff-2015-08,2
841aa23ffffffff-2016-08,2
841aa23ffffffff-2016-09,2
841aa23ffffffff-2017-08,1
841aa23ffffffff-2017-09,3
841aa23ffffffff-2018-09,1
841aa23ffffffff-2019-07,4
841aa23ffffffff-2019-08,5
841aa23ffffffff-2019-09,1
841aa23ffffffff-2020-08,1
841aa23ffffffff-2020-09,1
841aa23ffffffff-2021-08,1
841aa23ffffffff-2021-09,3
841aa23ffffffff-2022-07,1
841aa23ffffffff-2022-08,5
841aa23ffffffff-2022-09,1
841aa23ffffffff-2023-06,1
841aa23ffffffff-2023-07,1
841aa23ffffffff-2023-08,7
841aa23ffffffff-2023-09,5
841aa27ffffffff-2014-07,1
841aa27ffffffff-2015-08,1
841aa27ffffffff-2017-07,1
841aa27ffffffff-2017-08,2
841aa27ffffffff-2019-07,5
841aa27ffffffff-2022-07,4
841aa27ffffffff-2022-08,2
841aa27ffffffff-2023-08,1
841aa29ffffffff-2012-09,1
841aa29ffffffff-2013-08,2
841aa29ffffffff-2014-08,5
841aa29ffffffff-2015-07,2
841aa29ffffffff-2015-09,2
841aa29ffffffff-2016-08,4
841aa29ffffffff-2016-09,1
841aa29ffffffff-2017-07,3
841aa29ffffffff-2017-08,6
841aa29ffffffff-2017-09,5
841aa29ffffffff-2018-08,7
841aa29ffffffff-2018-09,1
841aa29ffffffff-2019-08,2
841aa29ffffffff-2020-08,2
841aa29ffffffff-2021-08,4
841aa29ffffffff-2021-10,1
841aa29ffffffff-2022-08,19
841aa29ffffffff-2022-09,2
841aa29ffffffff-2023-07,8
841aa29ffffffff-2023-08,8
841aa29ffffffff-2023-09,2
841aa2bffffffff-2013-08,2
841aa2bffffffff-2014-09,2
841aa2bffffffff-2015-08,2
841aa2bffffffff-2015-09,1
841aa2bffffffff-2016-07,1
841aa2bffffffff-2016-08,2
841aa2bffffffff-2016-09,1
841aa2bffffffff-2017-08,2
841aa2bffffffff-2018-08,4
841aa2bffffffff-2018-09,1
841aa2bffffffff-2019-07,2
841aa2bffffffff-2020-09,2
841aa2bffffffff-2021-08,1
841aa2bffffffff-2021-09,1
841aa35ffffffff-2013-08,3
841aa35ffffffff-2013-10,1
841aa35ffffffff-2015-08,2
841aa35ffffffff-2018-09,9
841aa35ffffffff-2019-08,1
841aa35ffffffff-2020-08,1
841aa35ffffffff-2021-08,1
841aa35ffffffff-2021-09,4
841aa35ffffffff-2022-08,5
841aa35ffffffff-2022-09,5
841aa35ffffffff-2023-07,1
841aa35ffffffff-2023-08,1
841aa35ffffffff-2023-09,1
841aa3dffffffff-2013-08,3
841aa3dffffffff-2013-09,9
841aa3dffffffff-2013-10,1
841aa3dffffffff-2014-07,21
841aa3dffffffff-2014-08,16
841aa3dffffffff-2014-09,5
841aa3dffffffff-2014-10,11
841aa3dffffffff-2015-07,8
841aa3dffffffff-2015-08,7
841aa3dffffffff-2015-09,24
841aa3dffffffff-2015-10,6
841aa3dffffffff-2016-05,7
841aa3dffffffff-2016-07,24
841aa3dffffffff-2016-08,29
841aa3dffffffff-2016-09,21
841aa3dffffffff-2016-10,2
841aa3dffffffff-2016-11,2
841aa3dffffffff-2017-07,22
841aa3dffffffff-2017-08,51
841aa3dffffffff-2017-09,42
841aa3dffffffff-2017-10,1
841aa3dffffffff-2018-05,10
841aa3dffffffff-2018-06,3
841aa3dffffffff-2018-07,6
841aa3dffffffff-2018-08,27
841aa3dffffffff-2018-09,29
841aa3dffffffff-2018-10,4
841aa3dffffffff-2019-06,2
841aa3dffffffff-2019-07,34
841aa3dffffffff-2019-08,23
841aa3dffffffff-2019-09,15
841aa3dffffffff-2020-07,3
841aa3dffffffff-2020-08,26
841aa3dffffffff-2020-09,28
841aa3dffffffff-2020-10,18
841aa3dffffffff-2021-07,27
841aa3dffffffff-2021-08,40
841aa3dffffffff-2021-09,25
841aa3dffffffff-2021-10,4
841aa3dffffffff-2022-07,27
841aa3dffffffff-2022-08,44
841aa3dffffffff-2022-09,24
841aa3dffffffff-2022-10,34
841aa3dffffffff-2023-05,1
841aa3dffffffff-2023-07,32
841aa3dffffffff-2023-08,33
841aa3dffffffff-2023-09,33
841aa3dffffffff-2023-10,6
841aa45ffffffff-2014-08,1
841aa45ffffffff-2016-08,6
841aa45ffffffff-2017-08,1
841aa45ffffffff-2018-08,2
841aa45ffffffff-2018-11,1
841aa45ffffffff-2022-08,1
841aa45ffffffff-2023-07,1
841aa45ffffffff-2023-08,4
841aa45ffffffff-2023-09,2
841aa47ffffffff-2016-07,1
841aa47ffffffff-2016-08,1
841aa47ffffffff-2017-07,4
841aa47ffffffff-2017-08,4
841aa47ffffffff-2018-08,5
841aa47ffffffff-2019-09,1
841aa47ffffffff-2020-05,1
841aa47ffffffff-2021-07,3
841aa47ffffffff-2021-08,1
841aa47ffffffff-2021-09,1
841aa47ffffffff-2023-09,3
841aa4dffffffff-2013-09,1
841aa4dffffffff-2014-08,2
841aa4dffffffff-2015-07,1
841aa4dffffffff-2015-08,4
841aa4dffffffff-2016-08,2
841aa4dffffffff-2016-09,1
841aa4dffffffff-2017-08,1
841aa4dffffffff-2017-09,4
841aa4dffffffff-2018-07,2
841aa4dffffffff-2018-08,11
841aa4dffffffff-2018-09,6
841aa4dffffffff-2019-07,5
841aa4dffffffff-2019-08,6
841aa4dffffffff-2019-09,4
841aa4dffffffff-2019-10,2
841aa4dffffffff-2019-11,1
841aa4dffffffff-2020-07,9
841aa4dffffffff-2020-08,38
841aa4dffffffff-2020-09,10
841aa4dffffffff-2021-07,5
841aa4dffffffff-2021-08,9
841aa4dffffffff-2021-09,19
841aa4dffffffff-2022-07,6
841aa4dffffffff-2022-08,4
841aa4dffffffff-2022-09,1
841aa4dffffffff-2022-10,1
841aa4dffffffff-2023-07,1
841aa4dffffffff-2023-08,11
841aa4dffffffff-2023-09,10
841aa63ffffffff-2013-08,1
841aa63ffffffff-2014-08,3
841aa63ffffffff-2015-07,1
841aa63ffffffff-2015-08,1
841aa63ffffffff-2016-09,3
841aa63ffffffff-2017-07,2
841aa63ffffffff-2017-09,2
841aa63ffffffff-2018-07,3
841aa63ffffffff-2018-08,2
841aa63ffffffff-2018-09,3
841aa63ffffffff-2019-08,4
841aa63ffffffff-2020-07,1
841aa63ffffffff-2020-08,9
841aa63ffffffff-2021-07,1
841aa63ffffffff-2021-08,4
841aa63ffffffff-2021-09,11
841aa63ffffffff-2021-10,5
841aa63ffffffff-2022-07,8
841aa63ffffffff-2022-08,3
841aa63ffffffff-2022-09,5
841aa63ffffffff-2022-10,1
841aa63ffffffff-2023-07,15
841aa63ffffffff-2023-08,14
841aa63ffffffff-2023-09,6
841aa67ffffffff-2015-08,1
841aa67ffffffff-2015-09,2
841aa67ffffffff-2017-08,1
841aa67ffffffff-2021-08,1
841aa69ffffffff-2014-07,1
841aa69ffffffff-2016-09,1
841aa69ffffffff-2022-08,5
841aa6bffffffff-2012-07,1
841aa6bffffffff-2014-07,2
841aa6bffffffff-2014-08,1
841aa6bffffffff-2016-07,3
841aa6bffffffff-2018-07,2
841aa6bffffffff-2018-08,4
841aa6bffffffff-2018-09,2
841aa6bffffffff-2021-07,3
841aa6bffffffff-2021-08,4
841aa6bffffffff-2021-09,1
841aa6bffffffff-2022-07,1
841aa6bffffffff-2023-07,1
841aa6bffffffff-2023-08,1
841aa6bffffffff-2023-09,1
841ab09ffffffff-2017-07,1
841ab09ffffffff-2023-06,1
841ab0bffffffff-2017-09,1
841ab0bffffffff-2018-09,2
841ab0bffffffff-2018-10,1
841ab0bffffffff-2019-07,2
841ab0bffffffff-2019-08,1
841ab0bffffffff-2019-09,4
841ab0bffffffff-2020-05,6
841ab0bffffffff-2020-08,3
841ab0bffffffff-2020-09,4
841ab0bffffffff-2021-08,4
841ab0bffffffff-2021-09,8
841ab0bffffffff-2021-10,3
841ab0bffffffff-2022-08,2
841ab0bffffffff-2022-09,5
841ab0bffffffff-2023-05,2
841ab0bffffffff-2023-08,3
841ab4dffffffff-2019-09,2
841ab4dffffffff-2021-09,1
841ab4dffffffff-2022-07,2
841ab4dffffffff-2023-09,2
841ab51ffffffff-2015-08,1
841ab51ffffffff-2016-09,3
841ab51ffffffff-2017-07,2
841ab51ffffffff-2017-08,1
841ab51ffffffff-2017-09,2
841ab51ffffffff-2021-07,1
841ab51ffffffff-2021-08,2
841ab51ffffffff-2023-08,4
841ab51ffffffff-2023-09,1
841ab53ffffffff-2015-08,1
841ab53ffffffff-2019-08,1
841ab53ffffffff-2021-08,2
841ab53ffffffff-2023-08,1
841ab55ffffffff-2018-09,2
841ab55ffffffff-2019-08,6
841ab55ffffffff-2020-08,4
841ab55ffffffff-2020-10,1
841ab55ffffffff-2021-07,2
841ab55ffffffff-2021-08,2
841ab55ffffffff-2022-07,2
841ab55ffffffff-2022-08,4
841ab55ffffffff-2022-09,1
841ab55ffffffff-2022-10,1
841ab55ffffffff-2023-07,2
841ab55ffffffff-2023-08,4
841ab55ffffffff-2023-09,4
841ab55ffffffff-2023-10,1
841ab57ffffffff-2012-08,1
841ab57ffffffff-2014-09,2
841ab57ffffffff-2014-10,5
841ab57ffffffff-2015-08,1
841ab57ffffffff-2015-09,1
841ab57ffffffff-2016-08,1
841ab57ffffffff-2016-09,5
841ab57ffffffff-2017-08,1
841ab57ffffffff-2018-09,4
841ab57ffffffff-2019-08,1
841ab57ffffffff-2021-09,3
841ab57ffffffff-2022-08,4
841ab57ffffffff-2023-08,5
841ab5bffffffff-2016-08,1
841ab5dffffffff-2018-05,1
841ab5dffffffff-2018-10,1
841b821ffffffff-2013-10,1
841b823ffffffff-2012-10,1
841b823ffffffff-2013-09,1
841b823ffffffff-2015-08,1
841b823ffffffff-2015-09,1
841b823ffffffff-2015-10,3
841b823ffffffff-2016-07,2
841b823ffffffff-2016-08,1
841b823ffffffff-2017-08,3
841b823ffffffff-2017-09,5
841b823ffffffff-2018-05,4
841b823ffffffff-2018-08,7
841b823ffffffff-2018-09,4
841b823ffffffff-2019-08,4
841b823ffffffff-2019-09,3
841b823ffffffff-2020-08,3
841b823ffffffff-2020-09,2
841b823ffffffff-2021-08,5
841b823ffffffff-2022-05,1
841b823ffffffff-2022-07,1
841b823ffffffff-2022-08,4
841b823ffffffff-2022-09,1
841b823ffffffff-2023-07,7
841b823ffffffff-2023-08,5
841b823ffffffff-2023-09,4
841b823ffffffff-2023-10,1
841b825ffffffff-2017-07,2
841b82bffffffff-2021-08,1
841b839ffffffff-2016-08,1
841b839ffffffff-2017-08,3
841b839ffffffff-2023-08,1
841b83dffffffff-2016-07,2
841b83dffffffff-2017-07,1
841b83dffffffff-2017-08,2
841b83dffffffff-2018-08,2
841b83dffffffff-2018-09,1
841b83dffffffff-2019-07,7
841b83dffffffff-2019-09,1
841b83dffffffff-2020-08,3
841b83dffffffff-2020-09,1
841b83dffffffff-2021-08,6
841b83dffffffff-2021-09,1
841b83dffffffff-2022-07,4
841b83dffffffff-2022-08,4
841b83dffffffff-2022-10,1
841b83dffffffff-2023-09,1
841b8a5ffffffff-2021-09,2
841b8a5ffffffff-2023-08,3
841b8a7ffffffff-2015-08,1
841b8a7ffffffff-2017-06,2
841b8a7ffffffff-2017-07,2
841b8a7ffffffff-2017-08,2
841b8a7ffffffff-2018-07,2
841b8a7ffffffff-2022-07,6
841b915ffffffff-2023-08,2
841b921ffffffff-2020-08,1
841b92bffffffff-2014-08,1
841b92bffffffff-2019-08,8
841b92bffffffff-2020-08,3
841b92bffffffff-2022-07,1
841b92bffffffff-2022-08,2
841b92bffffffff-2022-09,12
841b92bffffffff-2023-08,20
841b92dffffffff-2014-08,2
841b92dffffffff-2018-08,2
841b92dffffffff-2019-08,2
841b92dffffffff-2020-08,4
841b92dffffffff-2020-09,22
841b92dffffffff-2021-08,9
841b92dffffffff-2022-05,1
841b92dffffffff-2022-08,1
841b92dffffffff-2022-09,3
841b92dffffffff-2023-07,4
841b92dffffffff-2023-08,9
841b985ffffffff-2021-08,1
841b989ffffffff-2017-07,1
841b989ffffffff-2023-08,2
841b98bffffffff-2017-08,1
841b98bffffffff-2019-08,1
841b98bffffffff-2022-08,1
841b98dffffffff-2013-08,1
841b98dffffffff-2017-08,6
841b98dffffffff-2017-09,2
841b98dffffffff-2018-08,5
841b98dffffffff-2018-09,4
841b98dffffffff-2019-10,2
841b98dffffffff-2020-08,2
841b98dffffffff-2020-09,10
841b98dffffffff-2020-10,4
841b98dffffffff-2021-07,2
841b98dffffffff-2021-08,3
841b98dffffffff-2021-09,4
841b98dffffffff-2021-10,1
841b98dffffffff-2022-08,3
841b98dffffffff-2022-09,3
841b98dffffffff-2023-08,2
841b98dffffffff-2023-09,3
841b991ffffffff-2020-08,2
841b991ffffffff-2021-08,1
841b991ffffffff-2023-08,1
841b993ffffffff-2014-08,1
841b993ffffffff-2015-08,1
841b993ffffffff-2016-08,1
841b993ffffffff-2016-09,1
841b993ffffffff-2017-07,1
841b993ffffffff-2017-09,1
841b993ffffffff-2020-08,2
841b993ffffffff-2020-09,1
841b993ffffffff-2021-08,2
841b993ffffffff-2022-07,2
841b995ffffffff-2016-07,1
841b995ffffffff-2016-08,1
841b995ffffffff-2016-09,1
841b995ffffffff-2017-08,1
841b995ffffffff-2017-09,2
841b995ffffffff-2018-10,2
841b995ffffffff-2019-08,2
841b995ffffffff-2020-09,2
841b995ffffffff-2021-08,5
841b995ffffffff-2021-09,4
841b995ffffffff-2021-10,2
841b995ffffffff-2022-06,1
841b995ffffffff-2022-07,1
841b995ffffffff-2023-07,1
841b997ffffffff-2020-08,1
841b999ffffffff-2013-08,2
841b999ffffffff-2017-08,1
841b999ffffffff-2019-08,1
841b999ffffffff-2022-07,1
841b999ffffffff-2022-08,2
841b999ffffffff-2022-09,4
841b999ffffffff-2023-08,3
841b999ffffffff-2023-09,3
841b99bffffffff-2014-08,1
841b99bffffffff-2015-08,1
841b99bffffffff-2017-07,3
841b99bffffffff-2017-08,4
841b99bffffffff-2017-09,2
841b99bffffffff-2018-08,4
841b99bffffffff-2020-08,2
841b99bffffffff-2020-09,1
841b99bffffffff-2020-10,2
841b99bffffffff-2021-08,5
841b99bffffffff-2021-09,2
841b99bffffffff-2022-07,5
841b99bffffffff-2022-08,1
841b99bffffffff-2023-08,8
841b99bffffffff-2023-09,1
841b9a5ffffffff-2014-08,1
841b9a5ffffffff-2016-06,2
841b9a5ffffffff-2016-08,3
841b9a5ffffffff-2017-07,3
841b9a5ffffffff-2017-08,1
841b9a5ffffffff-2017-09,1
841b9a5ffffffff-2018-08,4
841b9a5ffffffff-2018-09,2
841b9a5ffffffff-2018-10,1
841b9a5ffffffff-2019-08,1
841b9a5ffffffff-2019-09,9
841b9a5ffffffff-2020-09,6
841b9a5ffffffff-2020-10,4
841b9a5ffffffff-2021-08,5
841b9a5ffffffff-2021-09,2
841b9a5ffffffff-2021-11,1
841b9a5ffffffff-2022-07,2
841b9a5ffffffff-2022-08,3
841b9a5ffffffff-2022-09,2
841b9a5ffffffff-2023-08,5
841b9a5ffffffff-2023-09,1
841b9a9ffffffff-2017-09,1
841b9a9ffffffff-2018-05,1
841b9a9ffffffff-2018-09,3
841b9a9ffffffff-2020-08,2
841b9a9ffffffff-2022-09,1
841b9a9ffffffff-2023-08,1
841b9adffffffff-2020-09,1
841b9c9ffffffff-2016-08,2
841b9c9ffffffff-2017-07,1
841b9c9ffffffff-2017-08,7
841b9c9ffffffff-2017-09,1
841b9c9ffffffff-2018-08,2
841b9c9ffffffff-2018-09,1
841b9c9ffffffff-2019-08,1
841b9c9ffffffff-2020-08,2
841b9c9ffffffff-2020-09,3
841b9c9ffffffff-2021-08,2
841b9c9ffffffff-2021-09,1
841b9c9ffffffff-2022-08,2
841b9c9ffffffff-2022-09,1
841b9c9ffffffff-2023-07,1
841b9c9ffffffff-2023-08,1
841b9cbffffffff-2019-09,1
841b9cdffffffff-2016-07,1
841b9cdffffffff-2019-09,4
841b9cdffffffff-2020-09,1
841b9cdffffffff-2021-08,1
841b9cdffffffff-2021-09,3
841b9cdffffffff-2022-07,3
841b9cdffffffff-2022-10,1
841b9cdffffffff-2023-08,1
841b9e1ffffffff-2012-08,1
841b9e1ffffffff-2016-08,4
841b9e1ffffffff-2017-08,2
841b9e1ffffffff-2018-08,1
841b9e1ffffffff-2018-09,1
841b9e1ffffffff-2019-08,2
841b9e1ffffffff-2022-08,2
841b9e1ffffffff-2023-07,3
841b9e1ffffffff-2023-08,5
841b9e1ffffffff-2023-09,3
841b9e3ffffffff-2019-09,1
841b9e3ffffffff-2020-09,2
841b9e7ffffffff-2016-08,1
841b9e7ffffffff-2017-07,3
841b9e7ffffffff-2017-08,2
841b9e7ffffffff-2017-09,2
841b9e7ffffffff-2018-09,1
841b9e7ffffffff-2019-10,1
841b9ebffffffff-2013-08,4
841b9ebffffffff-2015-09,2
841b9ebffffffff-2016-07,3
841b9ebffffffff-2016-08,7
841b9ebffffffff-2016-09,3
841b9ebffffffff-2017-07,5
841b9ebffffffff-2017-08,12
841b9ebffffffff-2017-09,3
841b9ebffffffff-2018-07,4
841b9ebffffffff-2018-09,2
841b9ebffffffff-2018-10,3
841b9ebffffffff-2019-08,4
841b9ebffffffff-2019-09,2
841b9ebffffffff-2020-08,3
841b9ebffffffff-2021-08,2
841b9ebffffffff-2022-07,3
841b9ebffffffff-2022-08,1
841b9ebffffffff-2023-07,1
841b9ebffffffff-2023-08,1
841bb03ffffffff-2012-08,1
841bb07ffffffff-2016-05,1
841bb07ffffffff-2018-05,4
841bb07ffffffff-2018-06,1
841bb07ffffffff-2020-08,1
841bb07ffffffff-2020-09,2
841bb07ffffffff-2021-05,3
841bb07ffffffff-2022-05,1
841bb07ffffffff-2022-08,2
841bb07ffffffff-2023-05,1
841bb07ffffffff-2023-08,6
841bb07ffffffff-2023-09,3
841d209ffffffff-2019-05,1
841d209ffffffff-2020-08,1
841d209ffffffff-2021-08,1
841d209ffffffff-2022-08,1
841d209ffffffff-2023-04,1
841d243ffffffff-2013-04,1
841d243ffffffff-2013-08,2
841d243ffffffff-2016-08,3
841d243ffffffff-2017-05,1
841d243ffffffff-2018-04,1
841d243ffffffff-2018-05,1
841d243ffffffff-2019-05,2
841d243ffffffff-2019-08,2
841d243ffffffff-2020-05,1
841d243ffffffff-2020-07,2
841d243ffffffff-2021-04,1
841d243ffffffff-2021-05,1
841d243ffffffff-2021-07,3
841d243ffffffff-2021-08,2
841d243ffffffff-2022-07,5
841d243ffffffff-2022-08,7
841d243ffffffff-2023-04,7
841d243ffffffff-2023-05,7
841d243ffffffff-2023-07,4
841d245ffffffff-2019-07,1
841d247ffffffff-2019-05,1
841d247ffffffff-2019-07,1
841d247ffffffff-2021-07,1
841d247ffffffff-2023-05,1
841e04bffffffff-2020-11,18
841e1d7ffffffff-2020-09,1
841e237ffffffff-2013-11,1
841e2d9ffffffff-2016-11,4
841ea01ffffffff-2022-04,4
841ea01ffffffff-2022-10,3
841ea01ffffffff-2023-04,4
841f059ffffffff-2020-10,4
841f059ffffffff-2020-11,2
841f0ebffffffff-2020-11,1
841f129ffffffff-2020-05,5
841f155ffffffff-2023-02,1
841f247ffffffff-2019-05,1
841f315ffffffff-2019-07,1
841f315ffffffff-2019-08,1
841f315ffffffff-2020-07,1
841f517ffffffff-2020-05,6
841f83bffffffff-2019-05,4
841f91dffffffff-2021-12,2
841f91dffffffff-2022-01,1
841f9b9ffffffff-2020-10,3
841f9b9ffffffff-2020-11,3
841f9b9ffffffff-2022-03,2
841fa09ffffffff-2020-12,3
841faadffffffff-2021-11,19
841faadffffffff-2021-12,8
841faadffffffff-2023-11,13
841fb47ffffffff-2023-05,2
841fb65ffffffff-2019-10,1
8422db7ffffffff-2012-05,1
8422db7ffffffff-2012-06,1
8422db7ffffffff-2018-09,9
8422db7ffffffff-2019-05,6
8422db7ffffffff-2023-09,2
8422dbdffffffff-2023-08,2
8426001ffffffff-2012-04,3
8426001ffffffff-2012-05,3
8426001ffffffff-2013-04,1
8426001ffffffff-2013-05,5
8426001ffffffff-2014-04,6
8426001ffffffff-2014-05,1
8426001ffffffff-2015-04,2
8426001ffffffff-2015-05,5
8426001ffffffff-2015-10,1
8426001ffffffff-2016-05,1
8426001ffffffff-2016-07,2
8426001ffffffff-2016-08,2
8426001ffffffff-2018-05,6
8426001ffffffff-2018-07,1
8426001ffffffff-2018-08,3
8426001ffffffff-2019-07,1
8426001ffffffff-2019-10,1
8426001ffffffff-2020-05,1
8426001ffffffff-2020-07,2
8426001ffffffff-2020-08,1
8426001ffffffff-2021-05,4
8426001ffffffff-2022-07,1
8426001ffffffff-2022-08,3
8426001ffffffff-2023-04,4
8426001ffffffff-2023-05,1
8426001ffffffff-2023-06,1
8426001ffffffff-2023-07,1
8426001ffffffff-2023-08,2
8426001ffffffff-2023-09,3
8426003ffffffff-2013-05,3
8426003ffffffff-2014-04,5
8426003ffffffff-2014-05,12
8426003ffffffff-2014-06,1
8426003ffffffff-2014-07,2
8426003ffffffff-2014-08,9
8426003ffffffff-2014-09,8
8426003ffffffff-2014-10,6
8426003ffffffff-2015-07,1
8426003ffffffff-2015-10,1
8426003ffffffff-2016-04,2
8426003ffffffff-2018-03,2
8426003ffffffff-2018-05,1
8426003ffffffff-2018-08,2
8426003ffffffff-2019-04,1
8426003ffffffff-2019-08,1
8426003ffffffff-2020-05,1
8426003ffffffff-2022-08,2
8426003ffffffff-2023-04,1
8426005ffffffff-2013-04,1
8426005ffffffff-2013-07,1
8426005ffffffff-2014-04,2
8426005ffffffff-2014-05,2
8426005ffffffff-2015-04,2
8426005ffffffff-2015-05,3
8426005ffffffff-2016-05,2
8426005ffffffff-2017-05,1
8426005ffffffff-2019-04,4
8426005ffffffff-2020-05,4
8426005ffffffff-2020-08,1
8426005ffffffff-2020-09,2
8426005ffffffff-2021-04,4
8426005ffffffff-2021-05,1
8426005ffffffff-2022-04,2
8426005ffffffff-2023-04,2
8426005ffffffff-2023-08,2
8426007ffffffff-2012-04,2
8426007ffffffff-2013-08,1
8426007ffffffff-2013-09,3
8426007ffffffff-2014-04,1
8426007ffffffff-2014-05,3
8426007ffffffff-2014-08,1
8426007ffffffff-2017-04,2
8426007ffffffff-2017-05,3
8426007ffffffff-2018-04,5
8426007ffffffff-2018-07,1
8426007ffffffff-2019-09,1
8426007ffffffff-2020-05,17
8426007ffffffff-2020-07,7
8426007ffffffff-2020-09,2
8426007ffffffff-2021-04,1
8426007ffffffff-2022-04,1
8426007ffffffff-2022-07,2
8426007ffffffff-2023-04,3
8426007ffffffff-2023-05,1
8426009ffffffff-2012-04,4
8426009ffffffff-2012-08,1
8426009ffffffff-2012-11,1
8426009ffffffff-2013-04,1
8426009ffffffff-2013-05,4
8426009ffffffff-2013-08,1
8426009ffffffff-2013-09,3
8426009ffffffff-2014-04,4
8426009ffffffff-2014-05,4
8426009ffffffff-2014-07,3
8426009ffffffff-2014-08,7
8426009ffffffff-2014-09,15
8426009ffffffff-2014-10,11
8426009ffffffff-2015-04,13
8426009ffffffff-2015-05,3
8426009ffffffff-2015-07,1
8426009ffffffff-2015-08,3
8426009ffffffff-2015-09,2
8426009ffffffff-2016-04,1
8426009ffffffff-2016-08,1
8426009ffffffff-2016-09,1
8426009ffffffff-2017-04,2
8426009ffffffff-2017-05,5
8426009ffffffff-2017-08,3
8426009ffffffff-2018-04,4
8426009ffffffff-2018-05,2
8426009ffffffff-2019-04,4
8426009ffffffff-2019-05,3
8426009ffffffff-2019-07,1
8426009ffffffff-2019-09,3
8426009ffffffff-2019-11,2
8426009ffffffff-2020-04,12
8426009ffffffff-2020-05,12
8426009ffffffff-2020-07,2
8426009ffffffff-2020-08,2
8426009ffffffff-2020-09,2
8426009ffffffff-2021-03,1
8426009ffffffff-2021-04,16
8426009ffffffff-2021-05,24
8426009ffffffff-2021-07,17
8426009ffffffff-2021-08,14
8426009ffffffff-2021-09,7
8426009ffffffff-2022-04,9
8426009ffffffff-2022-05,13
8426009ffffffff-2022-08,4
8426009ffffffff-2023-04,13
8426009ffffffff-2023-05,4
8426009ffffffff-2023-07,2
8426009ffffffff-2023-08,4
8426009ffffffff-2023-09,3
842600bffffffff-2012-04,2
842600bffffffff-2012-05,5
842600bffffffff-2012-07,2
842600bffffffff-2012-09,2
842600bffffffff-2013-04,8
842600bffffffff-2013-05,13
842600bffffffff-2013-09,3
842600bffffffff-2013-10,1
842600bffffffff-2014-04,17
842600bffffffff-2014-05,9
842600bffffffff-2014-07,1
842600bffffffff-2014-09,1
842600bffffffff-2015-04,14
842600bffffffff-2015-05,8
842600bffffffff-2015-07,3
842600bffffffff-2015-08,5
842600bffffffff-2015-09,1
842600bffffffff-2016-04,6
842600bffffffff-2016-05,15
842600bffffffff-2016-07,12
842600bffffffff-2016-08,2
842600bffffffff-2017-04,18
842600bffffffff-2017-05,4
842600bffffffff-2017-07,3
842600bffffffff-2018-04,8
842600bffffffff-2018-05,18
842600bffffffff-2018-07,3
842600bffffffff-2018-08,2
842600bffffffff-2018-10,2
842600bffffffff-2019-04,13
842600bffffffff-2019-05,25
842600bffffffff-2019-06,1
842600bffffffff-2019-08,9
842600bffffffff-2019-09,3
842600bffffffff-2019-10,1
842600bffffffff-2020-04,31
842600bffffffff-2020-05,16
842600bffffffff-2020-07,5
842600bffffffff-2020-08,7
842600bffffffff-2020-09,12
842600bffffffff-2020-10,1
842600bffffffff-2021-04,34
842600bffffffff-2021-05,13
842600bffffffff-2021-07,9
842600bffffffff-2021-08,4
842600bffffffff-2021-09,2
842600bffffffff-2022-04,22
842600bffffffff-2022-05,12
842600bffffffff-2022-06,1
842600bffffffff-2022-07,2
842600bffffffff-2022-08,5
842600bffffffff-2022-09,5
842600bffffffff-2023-04,22
842600bffffffff-2023-05,7
842600bffffffff-2023-07,5
842600bffffffff-2023-08,9
842600bffffffff-2023-09,13
842600bffffffff-2023-10,6
842600dffffffff-2012-05,1
842600dffffffff-2013-04,1
842600dffffffff-2013-07,1
842600dffffffff-2014-04,3
842600dffffffff-2015-05,1
842600dffffffff-2015-07,13
842600dffffffff-2015-09,5
842600dffffffff-2017-05,1
842600dffffffff-2018-05,2
842600dffffffff-2018-07,1
842600dffffffff-2019-04,2
842600dffffffff-2020-04,3
842600dffffffff-2020-05,2
842600dffffffff-2020-07,3
842600dffffffff-2020-08,2
842600dffffffff-2020-09,2
842600dffffffff-2021-04,6
842600dffffffff-2021-05,2
842600dffffffff-2022-05,2
842600dffffffff-2022-09,2
842600dffffffff-2022-10,1
842600dffffffff-2023-05,1
842600dffffffff-2023-09,2
8426011ffffffff-2016-05,1
8426013ffffffff-2014-04,1
8426013ffffffff-2015-04,1
8426013ffffffff-2016-04,4
8426013ffffffff-2016-05,4
8426013ffffffff-2016-07,1
8426013ffffffff-2016-08,1
8426013ffffffff-2017-04,10
8426013ffffffff-2017-07,2
8426013ffffffff-2017-10,1
8426013ffffffff-2018-04,3
8426013ffffffff-2018-05,13
8426013ffffffff-2018-06,1
8426013ffffffff-2018-08,3
8426013ffffffff-2019-04,4
8426013ffffffff-2019-05,7
8426013ffffffff-2019-09,2
8426013ffffffff-2020-04,7
8426013ffffffff-2020-05,7
8426013ffffffff-2020-08,4
8426013ffffffff-2021-08,1
8426013ffffffff-2022-04,21
8426013ffffffff-2022-05,19
8426013ffffffff-2022-06,1
8426013ffffffff-2022-08,6
8426013ffffffff-2023-04,17
8426013ffffffff-2023-05,13
8426013ffffffff-2023-07,8
8426013ffffffff-2023-08,4
8426015ffffffff-2012-04,5
8426015ffffffff-2012-05,2
8426015ffffffff-2013-04,4
8426015ffffffff-2013-05,11
8426015ffffffff-2013-08,5
8426015ffffffff-2013-09,1
8426015ffffffff-2014-04,2
8426015ffffffff-2014-05,5
8426015ffffffff-2014-07,1
8426015ffffffff-2014-08,2
8426015ffffffff-2014-10,4
8426015ffffffff-2015-05,1
8426015ffffffff-2015-09,2
8426015ffffffff-2016-04,1
8426015ffffffff-2016-05,1
8426015ffffffff-2017-04,3
8426015ffffffff-2017-05,7
8426015ffffffff-2018-03,2
8426015ffffffff-2018-04,5
8426015ffffffff-2018-05,8
8426015ffffffff-2019-04,10
8426015ffffffff-2019-05,17
8426015ffffffff-2020-04,7
8426015ffffffff-2020-05,14
8426015ffffffff-2020-07,4
8426015ffffffff-2020-08,8
8426015ffffffff-2020-09,4
8426015ffffffff-2021-04,34
8426015ffffffff-2021-05,23
8426015ffffffff-2021-08,1
8426015ffffffff-2022-04,3
8426015ffffffff-2022-05,1
8426015ffffffff-2022-08,5
8426015ffffffff-2023-04,21
8426015ffffffff-2023-05,5
8426015ffffffff-2023-09,6
8426015ffffffff-2023-10,3
8426017ffffffff-2012-04,2
8426017ffffffff-2012-05,1
8426017ffffffff-2013-05,1
8426017ffffffff-2014-04,2
8426017ffffffff-2014-05,4
8426017ffffffff-2014-08,3
8426017ffffffff-2015-04,2
8426017ffffffff-2015-05,1
8426017ffffffff-2016-04,5
8426017ffffffff-2016-05,1
8426017ffffffff-2016-08,3
8426017ffffffff-2016-09,1
8426017ffffffff-2017-03,1
8426017ffffffff-2017-04,3
8426017ffffffff-2017-05,5
8426017ffffffff-2017-07,1
8426017ffffffff-2018-04,7
8426017ffffffff-2018-05,17
8426017ffffffff-2018-07,6
8426017ffffffff-2018-08,11
8426017ffffffff-2019-04,9
8426017ffffffff-2019-05,6
8426017ffffffff-2019-07,18
8426017ffffffff-2019-08,7
8426017ffffffff-2019-09,2
8426017ffffffff-2020-03,1
8426017ffffffff-2020-04,42
8426017ffffffff-2020-05,21
8426017ffffffff-2020-07,2
8426017ffffffff-2020-08,2
8426017ffffffff-2020-09,2
8426017ffffffff-2020-10,2
8426017ffffffff-2021-03,2
8426017ffffffff-2021-04,25
8426017ffffffff-2021-05,31
8426017ffffffff-2021-06,1
8426017ffffffff-2021-07,5
8426017ffffffff-2021-08,11
8426017ffffffff-2021-09,4
8426017ffffffff-2022-03,1
8426017ffffffff-2022-04,39
8426017ffffffff-2022-05,24
8426017ffffffff-2022-08,18
8426017ffffffff-2022-09,1
8426017ffffffff-2022-11,1
8426017ffffffff-2023-04,40
8426017ffffffff-2023-05,30
8426017ffffffff-2023-07,8
8426017ffffffff-2023-08,9
8426017ffffffff-2023-09,1
8426017ffffffff-2023-10,1
8426019ffffffff-2014-04,1
8426019ffffffff-2014-05,2
8426019ffffffff-2015-05,1
8426019ffffffff-2016-04,2
8426019ffffffff-2016-05,1
8426019ffffffff-2017-04,3
8426019ffffffff-2017-05,2
8426019ffffffff-2018-04,1
8426019ffffffff-2018-05,7
8426019ffffffff-2018-06,2
8426019ffffffff-2019-05,1
8426019ffffffff-2022-04,1
8426019ffffffff-2022-05,1
8426019ffffffff-2023-04,1
8426019ffffffff-2023-05,1
842601bffffffff-2014-05,1
842601bffffffff-2015-09,1
842601bffffffff-2016-05,2
842601bffffffff-2017-04,3
842601bffffffff-2022-05,1
842601bffffffff-2022-08,1
842601dffffffff-2012-05,3
842601dffffffff-2013-05,2
842601dffffffff-2014-05,2
842601dffffffff-2015-05,2
842601dffffffff-2016-04,3
842601dffffffff-2016-05,1
842601dffffffff-2017-05,1
842601dffffffff-2018-05,4
842601dffffffff-2020-05,7
842601dffffffff-2021-04,2
842601dffffffff-2021-05,5
842601dffffffff-2021-08,1
842601dffffffff-2022-04,1
842601dffffffff-2022-05,2
842601dffffffff-2022-07,1
842601dffffffff-2022-09,1
842601dffffffff-2023-04,2
842601dffffffff-2023-05,1
8426021ffffffff-2013-04,5
8426021ffffffff-2013-05,1
8426021ffffffff-2014-08,1
8426021ffffffff-2016-05,1
8426021ffffffff-2018-04,2
8426021ffffffff-2019-04,1
8426021ffffffff-2020-05,1
8426021ffffffff-2023-05,2
8426023ffffffff-2020-08,1
8426023ffffffff-2023-04,1
8426023ffffffff-2023-05,1
8426025ffffffff-2020-08,1
8426025ffffffff-2022-05,1
8426027ffffffff-2023-04,3
8426029ffffffff-2012-04,1
8426029ffffffff-2013-03,5
8426029ffffffff-2013-04,6
8426029ffffffff-2013-05,3
8426029ffffffff-2013-07,8
8426029ffffffff-2013-08,13
8426029ffffffff-2013-09,4
8426029ffffffff-2014-04,5
8426029ffffffff-2014-05,7
8426029ffffffff-2014-07,13
8426029ffffffff-2014-08,2
8426029ffffffff-2014-09,3
8426029ffffffff-2014-10,2
8426029ffffffff-2015-04,7
8426029ffffffff-2015-05,15
8426029ffffffff-2015-07,3
8426029ffffffff-2015-08,4
8426029ffffffff-2016-06,2
8426029ffffffff-2016-07,5
8426029ffffffff-2016-08,3
8426029ffffffff-2016-09,3
8426029ffffffff-2017-04,6
8426029ffffffff-2017-05,5
8426029ffffffff-2017-08,9
8426029ffffffff-2017-11,1
8426029ffffffff-2018-03,2
8426029ffffffff-2018-04,12
8426029ffffffff-2018-05,3
8426029ffffffff-2018-07,1
8426029ffffffff-2018-08,1
8426029ffffffff-2018-09,5
8426029ffffffff-2019-04,3
8426029ffffffff-2019-06,1
8426029ffffffff-2019-07,1
8426029ffffffff-2019-08,1
8426029ffffffff-2019-09,1
8426029ffffffff-2020-04,13
8426029ffffffff-2020-05,8
8426029ffffffff-2020-07,1
8426029ffffffff-2020-08,2
8426029ffffffff-2020-09,3
8426029ffffffff-2021-04,22
8426029ffffffff-2021-05,21
8426029ffffffff-2021-07,10
8426029ffffffff-2021-08,5
8426029ffffffff-2022-03,2
8426029ffffffff-2022-04,2
8426029ffffffff-2022-05,4
8426029ffffffff-2022-07,1
8426029ffffffff-2022-08,1
8426029ffffffff-2023-04,2
8426029ffffffff-2023-05,7
8426029ffffffff-2023-06,2
8426029ffffffff-2023-07,10
8426029ffffffff-2023-09,7
842602bffffffff-2012-04,1
842602bffffffff-2012-09,1
842602bffffffff-2013-03,1
842602bffffffff-2013-04,8
842602bffffffff-2013-05,8
842602bffffffff-2013-07,3
842602bffffffff-2014-04,1
842602bffffffff-2014-05,11
842602bffffffff-2014-07,3
842602bffffffff-2014-08,4
842602bffffffff-2014-11,2
842602bffffffff-2015-04,6
842602bffffffff-2015-05,16
842602bffffffff-2015-07,4
842602bffffffff-2015-08,7
842602bffffffff-2015-09,5
842602bffffffff-2015-10,1
842602bffffffff-2016-04,8
842602bffffffff-2016-05,2
842602bffffffff-2016-07,8
842602bffffffff-2016-08,5
842602bffffffff-2016-09,3
842602bffffffff-2017-04,4
842602bffffffff-2017-05,8
842602bffffffff-2017-07,4
842602bffffffff-2017-08,4
842602bffffffff-2017-09,2
842602bffffffff-2018-04,4
842602bffffffff-2018-08,4
842602bffffffff-2018-09,6
842602bffffffff-2019-03,1
842602bffffffff-2019-04,3
842602bffffffff-2019-09,4
842602bffffffff-2020-04,3
842602bffffffff-2020-05,1
842602bffffffff-2020-07,2
842602bffffffff-2020-08,1
842602bffffffff-2021-03,1
842602bffffffff-2021-04,5
842602bffffffff-2021-05,3
842602bffffffff-2021-06,1
842602bffffffff-2021-07,6
842602bffffffff-2021-08,4
842602bffffffff-2021-09,2
842602bffffffff-2022-04,1
842602bffffffff-2022-05,4
842602bffffffff-2022-07,6
842602bffffffff-2022-08,2
842602bffffffff-2023-04,3
842602bffffffff-2023-05,5
842602bffffffff-2023-07,11
842602bffffffff-2023-08,3
842602bffffffff-2023-09,1
842602bffffffff-2023-10,1
842602dffffffff-2013-07,2
842602dffffffff-2013-08,1
842602dffffffff-2015-05,1
842602dffffffff-2018-07,1
842602dffffffff-2021-04,5
842602dffffffff-2021-05,1
842602dffffffff-2022-04,2
842602dffffffff-2023-05,1
8426031ffffffff-2018-04,2
8426031ffffffff-2018-05,5
8426031ffffffff-2018-08,4
8426031ffffffff-2018-09,1
8426031ffffffff-2019-04,1
8426031ffffffff-2019-05,6
8426031ffffffff-2020-04,3
8426031ffffffff-2020-05,1
8426031ffffffff-2021-04,3
8426031ffffffff-2021-05,5
8426031ffffffff-2021-08,1
8426031ffffffff-2022-05,8
8426031ffffffff-2023-04,9
8426031ffffffff-2023-05,20
8426031ffffffff-2023-06,1
8426031ffffffff-2023-08,3
8426033ffffffff-2012-04,1
8426033ffffffff-2012-07,1
8426033ffffffff-2013-08,1
8426033ffffffff-2017-04,1
8426033ffffffff-2017-05,1
8426033ffffffff-2018-05,1
8426033ffffffff-2019-04,11
8426033ffffffff-2019-05,6
8426033ffffffff-2020-04,17
8426033ffffffff-2020-05,6
8426033ffffffff-2020-07,1
8426033ffffffff-2021-04,22
8426033ffffffff-2021-05,5
8426033ffffffff-2021-07,1
8426033ffffffff-2021-08,3
8426033ffffffff-2021-09,1
8426033ffffffff-2022-04,11
8426033ffffffff-2022-05,13
8426033ffffffff-2022-09,3
8426033ffffffff-2023-03,1
8426033ffffffff-2023-04,9
8426033ffffffff-2023-05,15
8426035ffffffff-2017-04,2
8426035ffffffff-2019-04,1
8426035ffffffff-2020-03,1
8426035ffffffff-2020-04,9
8426035ffffffff-2020-05,10
8426035ffffffff-2020-08,2
8426035ffffffff-2020-09,2
8426035ffffffff-2021-04,16
8426035ffffffff-2021-05,5
8426035ffffffff-2021-07,4
8426035ffffffff-2021-08,1
8426035ffffffff-2022-04,1
8426037ffffffff-2018-08,1
8426037ffffffff-2019-04,2
8426037ffffffff-2019-05,4
8426037ffffffff-2019-07,1
8426037ffffffff-2020-05,1
8426037ffffffff-2021-04,1
8426037ffffffff-2023-04,1
8426039ffffffff-2012-05,1
8426039ffffffff-2013-03,1
8426039ffffffff-2013-05,1
8426039ffffffff-2014-04,1
8426039ffffffff-2014-05,4
8426039ffffffff-2014-08,2
8426039ffffffff-2014-09,1
8426039ffffffff-2015-05,1
8426039ffffffff-2017-04,3
8426039ffffffff-2017-05,1
8426039ffffffff-2018-04,1
8426039ffffffff-2019-05,2
8426039ffffffff-2019-07,1
8426039ffffffff-2019-08,2
8426039ffffffff-2020-04,15
8426039ffffffff-2020-05,8
8426039ffffffff-2020-06,1
8426039ffffffff-2020-08,1
8426039ffffffff-2020-09,4
8426039ffffffff-2021-03,7
8426039ffffffff-2021-04,67
8426039ffffffff-2021-05,15
8426039ffffffff-2021-09,1
8426039ffffffff-2022-03,1
8426039ffffffff-2022-04,11
8426039ffffffff-2022-05,3
8426039ffffffff-2022-06,2
8426039ffffffff-2022-08,1
8426039ffffffff-2023-04,23
8426039ffffffff-2023-05,13
8426039ffffffff-2023-08,5
842603bffffffff-2012-05,1
842603bffffffff-2013-04,4
842603bffffffff-2013-05,2
842603bffffffff-2014-04,1
842603bffffffff-2014-07,3
842603bffffffff-2014-08,2
842603bffffffff-2016-09,2
842603bffffffff-2018-04,4
842603bffffffff-2018-05,1
842603bffffffff-2019-04,3
842603bffffffff-2019-05,3
842603bffffffff-2020-04,5
842603bffffffff-2020-05,4
842603bffffffff-2021-04,22
842603bffffffff-2023-04,1
842603bffffffff-2023-05,3
842603dffffffff-2013-04,3
842603dffffffff-2013-05,4
842603dffffffff-2017-04,1
842603dffffffff-2018-09,1
842603dffffffff-2019-08,3
842603dffffffff-2020-04,15
842603dffffffff-2020-05,11
842603dffffffff-2020-07,1
842603dffffffff-2020-08,2
842603dffffffff-2021-04,4
842603dffffffff-2021-05,1
842603dffffffff-2022-04,1
842603dffffffff-2023-04,10
842603dffffffff-2023-05,9
8426041ffffffff-2012-04,3
8426041ffffffff-2014-04,3
8426041ffffffff-2015-05,2
8426041ffffffff-2016-04,1
8426041ffffffff-2016-05,1
8426041ffffffff-2016-07,1
8426041ffffffff-2017-04,5
8426041ffffffff-2017-05,2
8426041ffffffff-2017-08,1
8426041ffffffff-2018-04,3
8426041ffffffff-2018-05,2
8426041ffffffff-2018-07,1
8426041ffffffff-2018-08,4
8426041ffffffff-2019-08,1
8426041ffffffff-2020-04,7
8426041ffffffff-2020-07,1
8426041ffffffff-2021-04,4
8426041ffffffff-2021-05,2
8426041ffffffff-2021-06,1
8426041ffffffff-2021-07,1
8426041ffffffff-2021-08,3
8426041ffffffff-2021-09,19
8426041ffffffff-2022-04,5
8426041ffffffff-2022-05,1
8426041ffffffff-2022-08,7
8426041ffffffff-2022-09,4
8426041ffffffff-2023-04,5
8426041ffffffff-2023-05,2
8426041ffffffff-2023-07,3
8426041ffffffff-2023-08,5
8426041ffffffff-2023-09,8
8426043ffffffff-2012-04,6
8426043ffffffff-2012-05,2
8426043ffffffff-2013-05,1
8426043ffffffff-2014-09,2
8426043ffffffff-2015-04,2
8426043ffffffff-2015-05,4
8426043ffffffff-2015-07,2
8426043ffffffff-2015-08,3
8426043ffffffff-2017-04,1
8426043ffffffff-2017-05,1
8426043ffffffff-2018-04,11
8426043ffffffff-2018-05,14
8426043ffffffff-2018-09,1
8426043ffffffff-2019-04,3
8426043ffffffff-2019-05,3
8426043ffffffff-2019-10,3
8426043ffffffff-2020-04,12
8426043ffffffff-2020-05,6
8426043ffffffff-2020-08,1
8426043ffffffff-2020-09,1
8426043ffffffff-2021-04,2
8426043ffffffff-2021-05,7
8426043ffffffff-2021-07,3
8426043ffffffff-2021-08,5
8426043ffffffff-2021-09,5
8426043ffffffff-2022-04,3
8426043ffffffff-2022-05,6
8426043ffffffff-2022-07,3
8426043ffffffff-2022-08,4
8426043ffffffff-2023-04,17
8426043ffffffff-2023-05,15
8426043ffffffff-2023-08,4
8426043ffffffff-2023-09,2
8426043ffffffff-2023-10,4
8426045ffffffff-2015-04,1
8426045ffffffff-2015-05,1
8426045ffffffff-2019-09,10
8426045ffffffff-2020-07,1
8426045ffffffff-2021-05,1
8426045ffffffff-2021-08,2
8426045ffffffff-2022-05,2
8426045ffffffff-2022-07,1
8426047ffffffff-2012-04,1
8426047ffffffff-2013-05,3
8426047ffffffff-2013-08,1
8426047ffffffff-2015-04,1
8426047ffffffff-2015-05,1
8426047ffffffff-2015-07,6
8426047ffffffff-2016-10,2
8426047ffffffff-2017-04,1
8426047ffffffff-2018-07,3
8426047ffffffff-2019-09,2
8426047ffffffff-2020-04,5
8426047ffffffff-2020-05,1
8426047ffffffff-2020-07,4
8426047ffffffff-2020-08,1
8426047ffffffff-2021-04,6
8426047ffffffff-2021-05,2
8426047ffffffff-2021-08,2
8426047ffffffff-2022-07,1
8426047ffffffff-2022-08,2
8426047ffffffff-2022-09,1
8426047ffffffff-2023-04,3
8426047ffffffff-2023-05,2
8426047ffffffff-2023-09,1
8426049ffffffff-2016-07,3
8426049ffffffff-2016-08,6
8426049ffffffff-2018-05,1
8426049ffffffff-2018-08,2
8426049ffffffff-2021-04,2
8426049ffffffff-2021-05,2
8426049ffffffff-2021-09,1
8426049ffffffff-2022-04,1
8426049ffffffff-2022-05,2
8426049ffffffff-2022-08,9
8426049ffffffff-2022-10,6
8426049ffffffff-2023-04,8
8426049ffffffff-2023-05,5
8426049ffffffff-2023-07,6
8426049ffffffff-2023-08,1
8426049ffffffff-2023-09,2
842604bffffffff-2012-04,1
842604bffffffff-2015-05,2
842604bffffffff-2016-08,2
842604bffffffff-2016-09,2
842604bffffffff-2017-03,2
842604bffffffff-2017-04,35
842604bffffffff-2017-05,10
842604bffffffff-2017-09,2
842604bffffffff-2018-04,7
842604bffffffff-2018-05,16
842604bffffffff-2019-05,2
842604bffffffff-2020-04,1
842604bffffffff-2020-05,2
842604bffffffff-2020-07,1
842604bffffffff-2020-08,4
842604bffffffff-2020-09,2
842604bffffffff-2021-04,2
842604bffffffff-2021-09,1
842604bffffffff-2022-04,2
842604bffffffff-2022-10,2
842604bffffffff-2023-04,10
842604bffffffff-2023-05,3
842604bffffffff-2023-07,3
842604bffffffff-2023-08,3
842604dffffffff-2014-07,2
842604dffffffff-2015-05,1
842604dffffffff-2016-07,1
842604dffffffff-2017-07,2
842604dffffffff-2018-07,1
842604dffffffff-2019-09,5
842604dffffffff-2020-08,2
842604dffffffff-2021-05,4
842604dffffffff-2021-07,4
842604dffffffff-2022-04,1
842604dffffffff-2022-07,1
842604dffffffff-2022-08,3
842604dffffffff-2023-07,13
842604dffffffff-2023-08,8
842604dffffffff-2023-09,2
8426051ffffffff-2012-09,1
8426051ffffffff-2013-05,1
8426051ffffffff-2014-04,1
8426051ffffffff-2014-07,1
8426051ffffffff-2014-08,7
8426051ffffffff-2015-04,4
8426051ffffffff-2016-05,10
8426051ffffffff-2017-04,1
8426051ffffffff-2017-05,1
8426051ffffffff-2017-07,3
8426051ffffffff-2018-05,2
8426051ffffffff-2019-04,4
8426051ffffffff-2019-05,5
8426051ffffffff-2020-05,2
8426051ffffffff-2020-07,1
8426051ffffffff-2020-10,1
8426051ffffffff-2021-04,7
8426051ffffffff-2021-05,6
8426051ffffffff-2021-06,1
8426051ffffffff-2021-07,3
8426051ffffffff-2021-08,10
8426051ffffffff-2021-09,3
8426051ffffffff-2022-04,4
8426051ffffffff-2022-05,37
8426051ffffffff-2022-06,1
8426051ffffffff-2022-07,3
8426051ffffffff-2022-08,4
8426051ffffffff-2022-09,8
8426051ffffffff-2023-04,13
8426051ffffffff-2023-05,10
8426051ffffffff-2023-07,4
8426051ffffffff-2023-08,27
8426051ffffffff-2023-09,7
8426051ffffffff-2023-10,1
8426053ffffffff-2012-09,2
8426053ffffffff-2017-04,1
8426053ffffffff-2020-09,1
8426053ffffffff-2021-04,2
8426053ffffffff-2021-07,3
8426053ffffffff-2021-08,1
8426053ffffffff-2021-09,1
8426053ffffffff-2022-05,19
8426053ffffffff-2022-06,2
8426053ffffffff-2022-07,16
8426053ffffffff-2022-09,6
8426053ffffffff-2023-08,15
8426055ffffffff-2013-05,1
8426055ffffffff-2014-05,4
8426055ffffffff-2015-05,2
8426055ffffffff-2016-08,1
8426055ffffffff-2017-04,1
8426055ffffffff-2018-05,4
8426055ffffffff-2018-07,1
8426055ffffffff-2018-10,1
8426055ffffffff-2019-04,5
8426055ffffffff-2019-05,2
8426055ffffffff-2019-09,1
8426055ffffffff-2020-04,4
8426055ffffffff-2020-05,7
8426055ffffffff-2021-04,3
8426055ffffffff-2021-08,1
8426055ffffffff-2022-05,1
8426055ffffffff-2022-07,1
8426055ffffffff-2022-08,1
8426055ffffffff-2023-05,1
8426055ffffffff-2023-10,1
8426057ffffffff-2014-05,1
8426057ffffffff-2019-04,11
8426057ffffffff-2019-05,2
8426057ffffffff-2019-08,2
8426057ffffffff-2019-09,1
8426057ffffffff-2020-03,2
8426057ffffffff-2020-04,20
8426057ffffffff-2020-05,4
8426057ffffffff-2021-03,1
8426057ffffffff-2021-04,3
8426057ffffffff-2021-08,1
8426057ffffffff-2021-09,1
8426057ffffffff-2022-04,2
8426057ffffffff-2022-05,14
8426057ffffffff-2022-07,5
8426057ffffffff-2022-08,1
8426057ffffffff-2022-09,1
8426057ffffffff-2023-04,6
8426059ffffffff-2013-08,1
8426059ffffffff-2014-04,1
8426059ffffffff-2015-09,1
8426059ffffffff-2016-05,2
8426059ffffffff-2016-07,1
8426059ffffffff-2016-08,1
8426059ffffffff-2017-04,5
8426059ffffffff-2017-05,4
8426059ffffffff-2017-07,1
8426059ffffffff-2017-08,2
8426059ffffffff-2018-04,2
8426059ffffffff-2018-05,5
8426059ffffffff-2018-08,4
8426059ffffffff-2019-05,3
8426059ffffffff-2019-08,2
8426059ffffffff-2019-09,6
8426059ffffffff-2019-10,1
8426059ffffffff-2020-04,2
8426059ffffffff-2020-05,1
8426059ffffffff-2020-07,1
8426059ffffffff-2020-08,1
8426059ffffffff-2020-10,1
8426059ffffffff-2020-11,1
8426059ffffffff-2021-04,3
8426059ffffffff-2021-05,1
8426059ffffffff-2021-07,1
8426059ffffffff-2021-08,1
8426059ffffffff-2022-04,1
8426059ffffffff-2022-05,4
8426059ffffffff-2022-06,1
8426059ffffffff-2022-07,1
8426059ffffffff-2022-08,3
8426059ffffffff-2022-09,1
8426059ffffffff-2023-04,9
8426059ffffffff-2023-05,4
8426059ffffffff-2023-07,2
8426059ffffffff-2023-08,1
8426059ffffffff-2023-09,1
8426059ffffffff-2023-10,1
842605bffffffff-2013-06,2
842605bffffffff-2014-08,2
842605bffffffff-2014-09,1
842605bffffffff-2015-04,1
842605bffffffff-2015-05,5
842605bffffffff-2016-08,4
842605bffffffff-2017-09,3
842605bffffffff-2018-05,3
842605bffffffff-2018-07,1
842605bffffffff-2018-08,2
842605bffffffff-2019-04,5
842605bffffffff-2019-05,1
842605bffffffff-2019-09,4
842605bffffffff-2020-04,6
842605bffffffff-2020-05,1
842605bffffffff-2020-08,5
842605bffffffff-2020-09,5
842605bffffffff-2020-10,3
842605bffffffff-2021-04,10
842605bffffffff-2021-05,5
842605bffffffff-2021-06,1
842605bffffffff-2021-07,3
842605bffffffff-2021-08,5
842605bffffffff-2021-09,2
842605bffffffff-2021-10,1
842605bffffffff-2022-04,2
842605bffffffff-2022-05,3
842605bffffffff-2022-07,8
842605bffffffff-2022-08,1
842605bffffffff-2022-09,8
842605bffffffff-2023-04,2
842605bffffffff-2023-05,4
842605bffffffff-2023-07,2
842605bffffffff-2023-08,42
842605bffffffff-2023-09,5
842605dffffffff-2013-05,1
842605dffffffff-2014-05,2
842605dffffffff-2015-05,2
842605dffffffff-2016-04,2
842605dffffffff-2016-07,1
842605dffffffff-2017-04,2
842605dffffffff-2017-05,2
842605dffffffff-2017-08,2
842605dffffffff-2017-09,2
842605dffffffff-2018-04,1
842605dffffffff-2018-08,2
842605dffffffff-2019-04,3
842605dffffffff-2019-05,5
842605dffffffff-2020-04,14
842605dffffffff-2020-05,13
842605dffffffff-2020-07,2
842605dffffffff-2020-09,2
842605dffffffff-2021-03,2
842605dffffffff-2021-04,18
842605dffffffff-2021-05,12
842605dffffffff-2021-08,2
842605dffffffff-2021-09,4
842605dffffffff-2022-04,4
842605dffffffff-2022-05,13
842605dffffffff-2022-08,5
842605dffffffff-2022-09,3
842605dffffffff-2023-04,24
842605dffffffff-2023-05,8
842605dffffffff-2023-08,4
842605dffffffff-2023-09,10
8426061ffffffff-2013-08,1
8426061ffffffff-2013-09,5
8426061ffffffff-2014-04,3
8426061ffffffff-2015-07,1
8426061ffffffff-2017-10,1
8426061ffffffff-2018-05,1
8426061ffffffff-2019-05,2
8426061ffffffff-2020-04,1
8426061ffffffff-2021-08,1
8426061ffffffff-2022-08,1
8426061ffffffff-2023-09,1
8426063ffffffff-2012-08,1
8426063ffffffff-2013-10,2
8426063ffffffff-2014-04,3
8426063ffffffff-2014-08,1
8426063ffffffff-2019-08,1
8426063ffffffff-2020-04,5
8426063ffffffff-2020-05,2
8426063ffffffff-2020-08,1
8426063ffffffff-2021-05,7
8426063ffffffff-2022-04,1
8426063ffffffff-2023-05,1
8426065ffffffff-2016-07,1
8426065ffffffff-2017-05,1
8426065ffffffff-2020-05,4
8426065ffffffff-2021-04,1
8426067ffffffff-2012-07,1
8426067ffffffff-2013-04,1
8426067ffffffff-2013-05,2
8426067ffffffff-2013-07,2
8426067ffffffff-2013-08,2
8426067ffffffff-2013-09,3
8426067ffffffff-2013-10,2
8426067ffffffff-2014-04,11
8426067ffffffff-2014-05,3
8426067ffffffff-2014-08,1
8426067ffffffff-2015-04,3
8426067ffffffff-2015-05,2
8426067ffffffff-2015-07,1
8426067ffffffff-2016-05,4
8426067ffffffff-2017-08,1
8426067ffffffff-2017-10,1
8426067ffffffff-2018-05,2
8426067ffffffff-2019-08,2
8426067ffffffff-2020-07,2
8426067ffffffff-2021-04,1
8426067ffffffff-2021-06,1
8426067ffffffff-2021-07,4
8426067ffffffff-2021-08,1
8426067ffffffff-2022-04,5
8426067ffffffff-2022-05,1
8426067ffffffff-2022-08,5
8426067ffffffff-2023-05,1
8426067ffffffff-2023-06,4
8426067ffffffff-2023-07,2
8426069ffffffff-2013-04,1
8426069ffffffff-2013-07,1
8426069ffffffff-2016-10,1
8426069ffffffff-2017-04,1
8426069ffffffff-2017-07,1
8426069ffffffff-2018-04,1
8426069ffffffff-2018-05,2
8426069ffffffff-2019-04,1
8426069ffffffff-2019-05,2
8426069ffffffff-2020-05,6
8426069ffffffff-2020-07,7
8426069ffffffff-2020-08,1
8426069ffffffff-2020-10,2
8426069ffffffff-2021-04,10
8426069ffffffff-2021-05,1
8426069ffffffff-2021-07,4
8426069ffffffff-2021-09,3
8426069ffffffff-2021-10,1
8426069ffffffff-2022-04,5
8426069ffffffff-2022-07,1
8426069ffffffff-2022-08,2
8426069ffffffff-2022-09,6
8426069ffffffff-2022-10,1
8426069ffffffff-2023-04,13
8426069ffffffff-2023-05,2
8426069ffffffff-2023-07,12
8426069ffffffff-2023-08,4
8426069ffffffff-2023-09,3
8426069ffffffff-2023-10,1
842606bffffffff-2013-07,2
842606bffffffff-2013-08,2
842606bffffffff-2020-04,6
842606bffffffff-2020-07,3
842606bffffffff-2020-08,4
842606bffffffff-2021-04,3
842606bffffffff-2021-06,2
842606bffffffff-2021-08,1
842606bffffffff-2022-04,5
842606bffffffff-2022-05,4
842606bffffffff-2023-04,14
842606bffffffff-2023-07,1
842606dffffffff-2012-04,1
842606dffffffff-2012-05,1
842606dffffffff-2012-06,3
842606dffffffff-2012-07,1
842606dffffffff-2012-08,2
842606dffffffff-2014-05,2
842606dffffffff-2015-05,3
842606dffffffff-2016-07,2
842606dffffffff-2017-05,1
842606dffffffff-2020-07,2
842606dffffffff-2021-04,2
842606dffffffff-2022-04,14
842606dffffffff-2022-05,4
842606dffffffff-2022-07,1
842606dffffffff-2023-04,5
842606dffffffff-2023-09,1
8426081ffffffff-2020-08,1
8426081ffffffff-2020-09,3
8426083ffffffff-2014-05,2
8426083ffffffff-2016-04,1
8426083ffffffff-2018-04,1
8426083ffffffff-2019-04,2
8426083ffffffff-2021-04,2
8426085ffffffff-2012-04,5
8426085ffffffff-2012-05,3
8426085ffffffff-2012-07,1
8426085ffffffff-2012-08,1
8426085ffffffff-2012-09,1
8426085ffffffff-2013-04,6
8426085ffffffff-2013-05,3
8426085ffffffff-2014-04,1
8426085ffffffff-2014-05,5
8426085ffffffff-2014-07,2
8426085ffffffff-2014-08,2
8426085ffffffff-2014-09,1
8426085ffffffff-2015-08,1
8426085ffffffff-2015-09,2
8426085ffffffff-2016-03,4
8426085ffffffff-2016-04,1
8426085ffffffff-2016-05,3
8426085ffffffff-2016-08,2
8426085ffffffff-2016-09,1
8426085ffffffff-2017-08,1
8426085ffffffff-2018-04,1
8426085ffffffff-2018-05,2
8426085ffffffff-2018-08,3
8426085ffffffff-2018-09,24
8426085ffffffff-2018-10,3
8426085ffffffff-2019-04,1
8426085ffffffff-2019-05,6
8426085ffffffff-2020-04,17
8426085ffffffff-2020-05,21
8426085ffffffff-2020-07,8
8426085ffffffff-2020-08,1
8426085ffffffff-2020-10,1
8426085ffffffff-2021-03,1
8426085ffffffff-2021-04,4
8426085ffffffff-2021-05,11
8426085ffffffff-2022-03,3
8426085ffffffff-2022-04,27
8426085ffffffff-2022-05,1
8426085ffffffff-2022-08,4
8426085ffffffff-2022-09,2
8426085ffffffff-2023-04,34
8426085ffffffff-2023-05,23
8426085ffffffff-2023-07,3
8426085ffffffff-2023-08,1
8426085ffffffff-2023-09,2
8426087ffffffff-2012-04,1
8426087ffffffff-2012-08,1
8426087ffffffff-2014-04,1
8426087ffffffff-2014-05,1
8426087ffffffff-2015-04,2
8426087ffffffff-2016-04,1
8426087ffffffff-2016-05,4
8426087ffffffff-2017-05,5
8426087ffffffff-2017-08,1
8426087ffffffff-2018-04,2
8426087ffffffff-2018-05,2
8426087ffffffff-2018-09,1
8426087ffffffff-2019-05,2
8426087ffffffff-2019-09,1
8426087ffffffff-2020-04,3
8426087ffffffff-2020-05,4
8426087ffffffff-2020-07,2
8426087ffffffff-2020-08,6
8426087ffffffff-2020-09,1
8426087ffffffff-2021-04,1
8426087ffffffff-2021-05,2
8426087ffffffff-2021-08,1
8426087ffffffff-2021-10,1
8426087ffffffff-2022-04,4
8426087ffffffff-2022-05,3
8426087ffffffff-2023-04,3
8426087ffffffff-2023-05,1
8426089ffffffff-2018-05,2
8426089ffffffff-2023-04,1
842608bffffffff-2022-04,1
842608bffffffff-2022-05,1
842608dffffffff-2012-04,3
842608dffffffff-2016-05,1
842608dffffffff-2017-05,2
842608dffffffff-2018-09,2
842608dffffffff-2019-09,2
842608dffffffff-2019-10,1
842608dffffffff-2020-04,12
842608dffffffff-2020-05,1
842608dffffffff-2021-04,4
842608dffffffff-2021-08,1
842608dffffffff-2022-04,1
842608dffffffff-2022-05,1
842608dffffffff-2023-04,20
842608dffffffff-2023-05,2
8426091ffffffff-2023-05,1
8426093ffffffff-2018-04,2
8426093ffffffff-2022-10,1
8426093ffffffff-2023-05,1
8426095ffffffff-2022-04,1
8426095ffffffff-2022-05,5
8426095ffffffff-2023-08,1
8426097ffffffff-2018-04,1
8426097ffffffff-2019-04,1
8426097ffffffff-2020-04,1
8426097ffffffff-2022-04,2
8426097ffffffff-2023-05,1
8426097ffffffff-2023-07,1
8426099ffffffff-2016-04,1
8426099ffffffff-2016-05,1
8426099ffffffff-2017-04,3
8426099ffffffff-2018-04,2
8426099ffffffff-2019-05,1
8426099ffffffff-2019-07,2
8426099ffffffff-2022-04,1
8426099ffffffff-2023-03,1
8426099ffffffff-2023-04,12
8426099ffffffff-2023-05,7
842609bffffffff-2017-04,2
842609bffffffff-2023-04,1
842609dffffffff-2019-04,1
842609dffffffff-2020-05,1
842609dffffffff-2023-04,1
842609dffffffff-2023-05,3
84260a1ffffffff-2012-04,7
84260a1ffffffff-2012-05,2
84260a1ffffffff-2012-08,3
84260a1ffffffff-2012-10,2
84260a1ffffffff-2013-03,1
84260a1ffffffff-2013-04,20
84260a1ffffffff-2013-05,11
84260a1ffffffff-2013-07,1
84260a1ffffffff-2014-04,17
84260a1ffffffff-2014-05,3
84260a1ffffffff-2014-08,15
84260a1ffffffff-2014-09,1
84260a1ffffffff-2015-03,2
84260a1ffffffff-2015-04,33
84260a1ffffffff-2015-05,6
84260a1ffffffff-2015-07,1
84260a1ffffffff-2015-08,1
84260a1ffffffff-2015-09,2
84260a1ffffffff-2016-03,1
84260a1ffffffff-2016-04,33
84260a1ffffffff-2016-05,27
84260a1ffffffff-2016-06,1
84260a1ffffffff-2016-07,7
84260a1ffffffff-2016-08,13
84260a1ffffffff-2016-09,9
84260a1ffffffff-2016-10,7
84260a1ffffffff-2016-11,2
84260a1ffffffff-2017-03,2
84260a1ffffffff-2017-04,45
84260a1ffffffff-2017-05,28
84260a1ffffffff-2017-07,2
84260a1ffffffff-2017-08,9
84260a1ffffffff-2017-09,2
84260a1ffffffff-2018-04,29
84260a1ffffffff-2018-05,34
84260a1ffffffff-2018-06,2
84260a1ffffffff-2018-08,1
84260a1ffffffff-2018-09,3
84260a1ffffffff-2018-10,2
84260a1ffffffff-2019-04,22
84260a1ffffffff-2019-05,23
84260a1ffffffff-2020-03,5
84260a1ffffffff-2020-04,160
84260a1ffffffff-2020-05,70
84260a1ffffffff-2020-08,2
84260a1ffffffff-2020-09,2
84260a1ffffffff-2020-10,3
84260a1ffffffff-2021-04,58
84260a1ffffffff-2021-05,35
84260a1ffffffff-2021-07,3
84260a1ffffffff-2021-08,23
84260a1ffffffff-2021-09,24
84260a1ffffffff-2021-10,3
84260a1ffffffff-2022-03,2
84260a1ffffffff-2022-04,38
84260a1ffffffff-2022-05,10
84260a1ffffffff-2022-07,2
84260a1ffffffff-2022-08,8
84260a1ffffffff-2022-09,20
84260a1ffffffff-2022-10,2
84260a1ffffffff-2023-03,5
84260a1ffffffff-2023-04,114
84260a1ffffffff-2023-05,137
84260a1ffffffff-2023-06,2
84260a1ffffffff-2023-07,12
84260a1ffffffff-2023-08,2
84260a1ffffffff-2023-09,2
84260a1ffffffff-2023-10,1
84260a1ffffffff-2023-11,2
84260a3ffffffff-2013-05,2
84260a3ffffffff-2015-05,1
84260a3ffffffff-2018-04,1
84260a3ffffffff-2019-05,1
84260a3ffffffff-2021-05,2
84260a3ffffffff-2022-04,2
84260a3ffffffff-2022-08,1
84260a3ffffffff-2022-10,1
84260a3ffffffff-2023-03,1
84260a3ffffffff-2023-04,12
84260a3ffffffff-2023-05,3
84260a5ffffffff-2014-05,3
84260a5ffffffff-2015-04,1
84260a5ffffffff-2015-05,1
84260a5ffffffff-2016-04,1
84260a5ffffffff-2016-05,4
84260a5ffffffff-2017-04,8
84260a5ffffffff-2017-05,2
84260a5ffffffff-2018-03,6
84260a5ffffffff-2018-04,17
84260a5ffffffff-2018-05,9
84260a5ffffffff-2018-09,1
84260a5ffffffff-2019-04,20
84260a5ffffffff-2019-05,3
84260a5ffffffff-2019-08,1
84260a5ffffffff-2020-03,2
84260a5ffffffff-2020-04,17
84260a5ffffffff-2020-05,10
84260a5ffffffff-2021-04,5
84260a5ffffffff-2021-05,6
84260a5ffffffff-2021-07,1
84260a5ffffffff-2021-08,1
84260a5ffffffff-2022-05,15
84260a5ffffffff-2022-10,2
84260a5ffffffff-2023-05,4
84260a5ffffffff-2023-06,1
84260a5ffffffff-2023-09,9
84260a5ffffffff-2023-10,4
84260a7ffffffff-2016-05,1
84260a7ffffffff-2017-09,1
84260a7ffffffff-2019-04,1
84260a7ffffffff-2019-05,1
84260a7ffffffff-2019-08,1
84260a7ffffffff-2019-09,1
84260a7ffffffff-2020-03,1
84260a7ffffffff-2021-09,1
84260a7ffffffff-2022-03,1
84260a7ffffffff-2022-04,18
84260a7ffffffff-2022-05,1
84260a7ffffffff-2022-08,3
84260a7ffffffff-2022-09,3
84260a7ffffffff-2023-04,5
84260a7ffffffff-2023-05,12
84260a7ffffffff-2023-06,2
84260a7ffffffff-2023-07,1
84260a7ffffffff-2023-08,1
84260a7ffffffff-2023-10,1
84260a9ffffffff-2012-03,1
84260a9ffffffff-2012-04,9
84260a9ffffffff-2012-05,6
84260a9ffffffff-2012-07,4
84260a9ffffffff-2012-08,6
84260a9ffffffff-2012-09,5
84260a9ffffffff-2013-04,46
84260a9ffffffff-2013-07,5
84260a9ffffffff-2013-08,14
84260a9ffffffff-2013-09,9
84260a9ffffffff-2013-10,1
84260a9ffffffff-2014-03,2
84260a9ffffffff-2014-04,13
84260a9ffffffff-2014-05,6
84260a9ffffffff-2014-07,1
84260a9ffffffff-2014-10,1
84260a9ffffffff-2015-04,16
84260a9ffffffff-2015-05,2
84260a9ffffffff-2015-07,3
84260a9ffffffff-2015-08,9
84260a9ffffffff-2015-09,11
84260a9ffffffff-2015-10,1
84260a9ffffffff-2016-03,1
84260a9ffffffff-2016-04,24
84260a9ffffffff-2016-05,2
84260a9ffffffff-2016-06,1
84260a9ffffffff-2016-07,2
84260a9ffffffff-2016-08,3
84260a9ffffffff-2016-10,2
84260a9ffffffff-2017-04,5
84260a9ffffffff-2017-05,5
84260a9ffffffff-2017-06,3
84260a9ffffffff-2017-07,5
84260a9ffffffff-2017-08,4
84260a9ffffffff-2017-09,1
84260a9ffffffff-2017-10,1
84260a9ffffffff-2018-04,28
84260a9ffffffff-2018-05,3
84260a9ffffffff-2018-07,1
84260a9ffffffff-2018-08,1
84260a9ffffffff-2018-09,1
84260a9ffffffff-2018-10,7
84260a9ffffffff-2019-03,1
84260a9ffffffff-2019-04,55
84260a9ffffffff-2019-05,25
84260a9ffffffff-2019-08,1
84260a9ffffffff-2019-09,2
84260a9ffffffff-2019-10,5
84260a9ffffffff-2020-03,2
84260a9ffffffff-2020-04,63
84260a9ffffffff-2020-05,28
84260a9ffffffff-2020-07,1
84260a9ffffffff-2020-08,20
84260a9ffffffff-2020-09,23
84260a9ffffffff-2020-10,9
84260a9ffffffff-2020-11,1
84260a9ffffffff-2021-03,1
84260a9ffffffff-2021-04,44
84260a9ffffffff-2021-05,44
84260a9ffffffff-2021-06,1
84260a9ffffffff-2021-07,1
84260a9ffffffff-2021-08,6
84260a9ffffffff-2021-09,39
84260a9ffffffff-2021-10,36
84260a9ffffffff-2022-04,32
84260a9ffffffff-2022-05,15
84260a9ffffffff-2022-07,24
84260a9ffffffff-2022-08,45
84260a9ffffffff-2022-09,4
84260a9ffffffff-2022-10,1
84260a9ffffffff-2023-03,1
84260a9ffffffff-2023-04,43
84260a9ffffffff-2023-05,58
84260a9ffffffff-2023-06,1
84260a9ffffffff-2023-07,15
84260a9ffffffff-2023-08,57
84260a9ffffffff-2023-09,24
84260a9ffffffff-2023-10,3
84260abffffffff-2012-09,1
84260abffffffff-2012-10,1
84260abffffffff-2013-04,2
84260abffffffff-2014-04,1
84260abffffffff-2015-04,1
84260abffffffff-2017-03,1
84260abffffffff-2017-04,1
84260abffffffff-2018-04,1
84260abffffffff-2018-08,1
84260abffffffff-2020-04,4
84260abffffffff-2021-05,1
84260abffffffff-2021-08,1
84260abffffffff-2022-05,2
84260abffffffff-2022-07,1
84260abffffffff-2022-08,1
84260abffffffff-2023-04,23
84260abffffffff-2023-05,3
84260adffffffff-2012-04,5
84260adffffffff-2012-05,5
84260adffffffff-2012-09,1
84260adffffffff-2013-04,6
84260adffffffff-2013-05,1
84260adffffffff-2013-08,1
84260adffffffff-2013-09,2
84260adffffffff-2013-10,4
84260adffffffff-2014-03,6
84260adffffffff-2014-04,14
84260adffffffff-2014-05,32
84260adffffffff-2014-07,1
84260adffffffff-2014-08,3
84260adffffffff-2015-04,7
84260adffffffff-2015-05,3
84260adffffffff-2015-07,1
84260adffffffff-2015-08,1
84260adffffffff-2016-04,9
84260adffffffff-2016-05,15
84260adffffffff-2016-11,1
84260adffffffff-2017-03,1
84260adffffffff-2017-04,22
84260adffffffff-2017-05,16
84260adffffffff-2017-07,3
84260adffffffff-2017-08,21
84260adffffffff-2017-09,7
84260adffffffff-2018-03,7
84260adffffffff-2018-04,64
84260adffffffff-2018-05,37
84260adffffffff-2018-10,1
84260adffffffff-2019-04,11
84260adffffffff-2019-05,4
84260adffffffff-2019-06,1
84260adffffffff-2019-07,3
84260adffffffff-2019-08,3
84260adffffffff-2019-09,9
84260adffffffff-2019-10,3
84260adffffffff-2019-11,2
84260adffffffff-2020-03,3
84260adffffffff-2020-04,14
84260adffffffff-2020-05,11
84260adffffffff-2020-06,1
84260adffffffff-2020-08,1
84260adffffffff-2020-09,4
84260adffffffff-2020-10,4
84260adffffffff-2021-03,5
84260adffffffff-2021-04,10
84260adffffffff-2021-05,3
84260adffffffff-2021-08,1
84260adffffffff-2021-09,1
84260adffffffff-2021-10,4
84260adffffffff-2022-04,44
84260adffffffff-2022-05,8
84260adffffffff-2022-08,3
84260adffffffff-2022-09,3
84260adffffffff-2022-10,7
84260adffffffff-2023-04,20
84260adffffffff-2023-05,48
84260adffffffff-2023-06,1
84260adffffffff-2023-08,8
84260adffffffff-2023-09,11
84260adffffffff-2023-10,15
84260adffffffff-2023-11,1
84260b1ffffffff-2014-03,4
84260b1ffffffff-2015-04,2
84260b1ffffffff-2015-05,1
84260b1ffffffff-2016-04,2
84260b1ffffffff-2017-04,1
84260b1ffffffff-2017-05,1
84260b1ffffffff-2018-03,1
84260b1ffffffff-2018-04,5
84260b1ffffffff-2018-05,1
84260b1ffffffff-2019-08,2
84260b1ffffffff-2020-05,2
84260b1ffffffff-2021-04,4
84260b1ffffffff-2021-05,1
84260b1ffffffff-2022-04,3
84260b1ffffffff-2023-04,1
84260b3ffffffff-2012-04,3
84260b3ffffffff-2013-04,6
84260b3ffffffff-2013-05,30
84260b3ffffffff-2013-07,1
84260b3ffffffff-2013-09,1
84260b3ffffffff-2014-03,3
84260b3ffffffff-2014-04,12
84260b3ffffffff-2014-05,14
84260b3ffffffff-2014-09,1
84260b3ffffffff-2015-04,4
84260b3ffffffff-2015-05,3
84260b3ffffffff-2015-08,1
84260b3ffffffff-2015-09,1
84260b3ffffffff-2016-03,1
84260b3ffffffff-2016-04,13
84260b3ffffffff-2016-05,5
84260b3ffffffff-2016-09,1
84260b3ffffffff-2017-03,4
84260b3ffffffff-2017-04,6
84260b3ffffffff-2017-05,2
84260b3ffffffff-2018-03,1
84260b3ffffffff-2018-04,53
84260b3ffffffff-2018-05,4
84260b3ffffffff-2019-04,11
84260b3ffffffff-2019-05,4
84260b3ffffffff-2019-09,2
84260b3ffffffff-2020-04,12
84260b3ffffffff-2020-05,6
84260b3ffffffff-2020-08,3
84260b3ffffffff-2020-09,14
84260b3ffffffff-2020-10,9
84260b3ffffffff-2020-11,3
84260b3ffffffff-2021-03,5
84260b3ffffffff-2021-04,31
84260b3ffffffff-2021-05,15
84260b3ffffffff-2021-07,7
84260b3ffffffff-2021-08,31
84260b3ffffffff-2021-09,6
84260b3ffffffff-2021-10,1
84260b3ffffffff-2022-04,54
84260b3ffffffff-2022-05,27
84260b3ffffffff-2022-07,10
84260b3ffffffff-2022-08,21
84260b3ffffffff-2022-09,41
84260b3ffffffff-2022-10,31
84260b3ffffffff-2023-04,17
84260b3ffffffff-2023-05,7
84260b3ffffffff-2023-07,4
84260b3ffffffff-2023-08,25
84260b3ffffffff-2023-09,1
84260b3ffffffff-2023-10,1
84260b5ffffffff-2013-05,1
84260b5ffffffff-2014-04,1
84260b5ffffffff-2016-05,1
84260b5ffffffff-2017-04,1
84260b5ffffffff-2017-08,1
84260b5ffffffff-2017-10,1
84260b5ffffffff-2018-03,1
84260b5ffffffff-2018-04,1
84260b7ffffffff-2012-04,1
84260b7ffffffff-2013-04,6
84260b7ffffffff-2013-05,1
84260b7ffffffff-2013-07,3
84260b7ffffffff-2013-09,1
84260b7ffffffff-2014-03,4
84260b7ffffffff-2014-04,6
84260b7ffffffff-2014-05,1
84260b7ffffffff-2014-09,2
84260b7ffffffff-2014-10,2
84260b7ffffffff-2015-04,2
84260b7ffffffff-2015-05,3
84260b7ffffffff-2016-04,3
84260b7ffffffff-2016-05,3
84260b7ffffffff-2017-04,1
84260b7ffffffff-2017-05,1
84260b7ffffffff-2018-04,3
84260b7ffffffff-2019-04,1
84260b7ffffffff-2019-05,6
84260b7ffffffff-2020-04,8
84260b7ffffffff-2020-05,3
84260b7ffffffff-2021-03,2
84260b7ffffffff-2021-04,5
84260b7ffffffff-2023-04,1
84260b7ffffffff-2023-05,2
84260b9ffffffff-2012-03,18
84260b9ffffffff-2012-04,29
84260b9ffffffff-2012-05,19
84260b9ffffffff-2012-07,1
84260b9ffffffff-2012-08,3
84260b9ffffffff-2012-09,3
84260b9ffffffff-2012-10,4
84260b9ffffffff-2012-11,5
84260b9ffffffff-2013-03,3
84260b9ffffffff-2013-04,25
84260b9ffffffff-2013-05,38
84260b9ffffffff-2013-11,7
84260b9ffffffff-2014-03,3
84260b9ffffffff-2014-04,13
84260b9ffffffff-2014-05,16
84260b9ffffffff-2014-08,1
84260b9ffffffff-2015-04,12
84260b9ffffffff-2015-05,10
84260b9ffffffff-2015-08,1
84260b9ffffffff-2015-09,1
84260b9ffffffff-2015-10,5
84260b9ffffffff-2015-11,1
84260b9ffffffff-2016-03,4
84260b9ffffffff-2016-04,12
84260b9ffffffff-2016-05,15
84260b9ffffffff-2016-08,2
84260b9ffffffff-2017-03,6
84260b9ffffffff-2017-04,43
84260b9ffffffff-2017-05,21
84260b9ffffffff-2017-06,1
84260b9ffffffff-2017-07,2
84260b9ffffffff-2017-08,4
84260b9ffffffff-2017-09,9
84260b9ffffffff-2017-10,5
84260b9ffffffff-2017-11,1
84260b9ffffffff-2018-03,12
84260b9ffffffff-2018-04,27
84260b9ffffffff-2018-05,38
84260b9ffffffff-2018-06,2
84260b9ffffffff-2018-08,1
84260b9ffffffff-2018-09,3
84260b9ffffffff-2018-10,1
84260b9ffffffff-2019-04,3
84260b9ffffffff-2019-05,3
84260b9ffffffff-2020-03,6
84260b9ffffffff-2020-04,50
84260b9ffffffff-2020-05,51
84260b9ffffffff-2020-09,3
84260b9ffffffff-2020-10,3
84260b9ffffffff-2020-11,5
84260b9ffffffff-2021-03,5
84260b9ffffffff-2021-04,51
84260b9ffffffff-2021-05,36
84260b9ffffffff-2021-07,1
84260b9ffffffff-2021-08,1
84260b9ffffffff-2021-09,2
84260b9ffffffff-2022-04,6
84260b9ffffffff-2022-05,23
84260b9ffffffff-2022-08,5
84260b9ffffffff-2022-09,4
84260b9ffffffff-2022-10,8
84260b9ffffffff-2023-03,16
84260b9ffffffff-2023-04,139
84260b9ffffffff-2023-05,34
84260b9ffffffff-2023-06,2
84260b9ffffffff-2023-07,7
84260b9ffffffff-2023-10,2
84260b9ffffffff-2023-11,2
84260bbffffffff-2012-04,3
84260bbffffffff-2012-05,5
84260bbffffffff-2013-03,2
84260bbffffffff-2013-04,14
84260bbffffffff-2013-05,13
84260bbffffffff-2013-09,4
84260bbffffffff-2014-03,4
84260bbffffffff-2014-04,12
84260bbffffffff-2014-05,3
84260bbffffffff-2015-04,4
84260bbffffffff-2015-05,3
84260bbffffffff-2015-09,12
84260bbffffffff-2016-04,1
84260bbffffffff-2016-05,4
84260bbffffffff-2016-08,1
84260bbffffffff-2017-03,4
84260bbffffffff-2017-04,4
84260bbffffffff-2017-05,3
84260bbffffffff-2018-04,17
84260bbffffffff-2018-05,12
84260bbffffffff-2018-06,1
84260bbffffffff-2018-10,5
84260bbffffffff-2019-04,12
84260bbffffffff-2019-05,6
84260bbffffffff-2019-08,2
84260bbffffffff-2020-04,14
84260bbffffffff-2020-05,7
84260bbffffffff-2020-09,1
84260bbffffffff-2021-03,1
84260bbffffffff-2021-04,31
84260bbffffffff-2021-05,11
84260bbffffffff-2021-09,2
84260bbffffffff-2021-10,3
84260bbffffffff-2022-03,6
84260bbffffffff-2022-04,40
84260bbffffffff-2022-05,9
84260bbffffffff-2022-07,1
84260bbffffffff-2022-08,27
84260bbffffffff-2022-10,2
84260bbffffffff-2023-04,26
84260bbffffffff-2023-05,12
84260bbffffffff-2023-07,1
84260bbffffffff-2023-09,1
84260bdffffffff-2013-04,1
84260bdffffffff-2014-05,4
84260bdffffffff-2015-09,1
84260bdffffffff-2017-04,1
84260bdffffffff-2017-05,1
84260bdffffffff-2018-05,1
84260bdffffffff-2019-05,6
84260bdffffffff-2020-05,2
84260bdffffffff-2023-04,4
84260c1ffffffff-2014-04,1
84260c1ffffffff-2016-05,1
84260c1ffffffff-2018-04,1
84260c1ffffffff-2021-04,2
84260c1ffffffff-2021-05,1
84260c1ffffffff-2022-04,7
84260c1ffffffff-2022-05,3
84260c1ffffffff-2022-08,1
84260c1ffffffff-2023-04,1
84260c1ffffffff-2023-05,1
84260c1ffffffff-2023-08,1
84260c3ffffffff-2019-04,1
84260c3ffffffff-2021-04,1
84260c7ffffffff-2016-05,1
84260c7ffffffff-2017-09,1
84260c7ffffffff-2019-05,2
84260c7ffffffff-2023-05,2
84260c7ffffffff-2023-07,1
84260c9ffffffff-2012-08,1
84260c9ffffffff-2013-04,2
84260c9ffffffff-2013-08,1
84260c9ffffffff-2017-04,3
84260c9ffffffff-2017-05,6
84260c9ffffffff-2017-07,1
84260c9ffffffff-2017-08,3
84260c9ffffffff-2018-04,2
84260c9ffffffff-2018-05,5
84260c9ffffffff-2018-09,1
84260c9ffffffff-2019-04,1
84260c9ffffffff-2019-05,5
84260c9ffffffff-2019-08,1
84260c9ffffffff-2020-04,5
84260c9ffffffff-2020-05,4
84260c9ffffffff-2020-07,1
84260c9ffffffff-2020-08,5
84260c9ffffffff-2020-09,5
84260c9ffffffff-2020-10,2
84260c9ffffffff-2021-03,2
84260c9ffffffff-2021-04,9
84260c9ffffffff-2021-05,2
84260c9ffffffff-2021-07,5
84260c9ffffffff-2021-08,3
84260c9ffffffff-2022-04,5
84260c9ffffffff-2022-05,1
84260c9ffffffff-2022-07,1
84260c9ffffffff-2022-08,17
84260c9ffffffff-2022-09,10
84260c9ffffffff-2023-04,7
84260c9ffffffff-2023-05,6
84260c9ffffffff-2023-06,1
84260c9ffffffff-2023-07,10
84260c9ffffffff-2023-08,1
84260c9ffffffff-2023-09,15
84260c9ffffffff-2023-10,1
84260c9ffffffff-2023-11,1
84260cbffffffff-2012-04,1
84260cbffffffff-2013-04,2
84260cbffffffff-2014-05,1
84260cbffffffff-2015-04,1
84260cbffffffff-2016-03,4
84260cbffffffff-2016-04,10
84260cbffffffff-2016-05,2
84260cbffffffff-2017-04,8
84260cbffffffff-2017-05,4
84260cbffffffff-2017-10,1
84260cbffffffff-2018-04,11
84260cbffffffff-2018-05,6
84260cbffffffff-2019-04,45
84260cbffffffff-2019-05,6
84260cbffffffff-2019-08,2
84260cbffffffff-2020-04,51
84260cbffffffff-2020-05,24
84260cbffffffff-2021-04,18
84260cbffffffff-2021-05,9
84260cbffffffff-2021-09,1
84260cbffffffff-2021-10,1
84260cbffffffff-2022-04,34
84260cbffffffff-2022-05,38
84260cbffffffff-2022-10,1
84260cbffffffff-2023-03,1
84260cbffffffff-2023-04,12
84260cbffffffff-2023-05,6
84260d1ffffffff-2016-04,1
84260d1ffffffff-2017-05,1
84260d1ffffffff-2017-08,1
84260d1ffffffff-2017-09,3
84260d1ffffffff-2017-10,1
84260d1ffffffff-2018-03,2
84260d1ffffffff-2018-04,19
84260d1ffffffff-2018-05,25
84260d1ffffffff-2018-06,2
84260d1ffffffff-2018-08,1
84260d1ffffffff-2019-04,4
84260d1ffffffff-2019-05,15
84260d1ffffffff-2019-08,1
84260d1ffffffff-2020-04,10
84260d1ffffffff-2020-05,4
84260d1ffffffff-2020-08,1
84260d1ffffffff-2021-04,1
84260d1ffffffff-2021-05,3
84260d1ffffffff-2021-08,4
84260d1ffffffff-2022-04,10
84260d1ffffffff-2022-05,6
84260d1ffffffff-2022-08,1
84260d1ffffffff-2023-04,13
84260d1ffffffff-2023-05,45
84260d1ffffffff-2023-08,1
84260d3ffffffff-2022-10,1
84260d3ffffffff-2023-04,1
84260d3ffffffff-2023-05,1
84260d5ffffffff-2017-05,1
84260d7ffffffff-2016-05,1
84260d7ffffffff-2018-04,1
84260d7ffffffff-2018-05,1
84260d7ffffffff-2018-07,2
84260d7ffffffff-2018-08,3
84260d7ffffffff-2019-04,1
84260d7ffffffff-2022-04,1
84260d7ffffffff-2023-04,3
84260d7ffffffff-2023-05,2
84260d7ffffffff-2023-11,2
84260d9ffffffff-2012-05,1
84260d9ffffffff-2012-08,1
84260d9ffffffff-2012-09,4
84260d9ffffffff-2013-04,10
84260d9ffffffff-2013-05,5
84260d9ffffffff-2013-07,1
84260d9ffffffff-2013-10,1
84260d9ffffffff-2014-03,1
84260d9ffffffff-2014-04,13
84260d9ffffffff-2014-05,11
84260d9ffffffff-2014-08,17
84260d9ffffffff-2014-09,5
84260d9ffffffff-2014-10,1
84260d9ffffffff-2015-03,1
84260d9ffffffff-2015-04,12
84260d9ffffffff-2015-05,18
84260d9ffffffff-2015-07,4
84260d9ffffffff-2015-08,2
84260d9ffffffff-2015-09,1
84260d9ffffffff-2016-03,7
84260d9ffffffff-2016-04,31
84260d9ffffffff-2016-05,26
84260d9ffffffff-2016-07,4
84260d9ffffffff-2016-08,17
84260d9ffffffff-2016-09,14
84260d9ffffffff-2016-10,1
84260d9ffffffff-2017-03,4
84260d9ffffffff-2017-04,43
84260d9ffffffff-2017-05,25
84260d9ffffffff-2017-07,3
84260d9ffffffff-2017-08,17
84260d9ffffffff-2017-09,6
84260d9ffffffff-2017-10,7
84260d9ffffffff-2018-03,4
84260d9ffffffff-2018-04,58
84260d9ffffffff-2018-05,27
84260d9ffffffff-2018-07,7
84260d9ffffffff-2018-08,60
84260d9ffffffff-2018-09,16
84260d9ffffffff-2018-10,15
84260d9ffffffff-2019-04,25
84260d9ffffffff-2019-05,13
84260d9ffffffff-2019-07,13
84260d9ffffffff-2019-08,16
84260d9ffffffff-2019-09,14
84260d9ffffffff-2020-03,3
84260d9ffffffff-2020-04,96
84260d9ffffffff-2020-05,55
84260d9ffffffff-2020-07,25
84260d9ffffffff-2020-08,41
84260d9ffffffff-2020-09,17
84260d9ffffffff-2020-10,9
84260d9ffffffff-2020-11,2
84260d9ffffffff-2021-03,1
84260d9ffffffff-2021-04,96
84260d9ffffffff-2021-05,87
84260d9ffffffff-2021-07,3
84260d9ffffffff-2021-08,19
84260d9ffffffff-2021-09,4
84260d9ffffffff-2021-10,11
84260d9ffffffff-2022-03,2
84260d9ffffffff-2022-04,69
84260d9ffffffff-2022-05,55
84260d9ffffffff-2022-07,7
84260d9ffffffff-2022-08,29
84260d9ffffffff-2022-09,23
84260d9ffffffff-2022-10,8
84260d9ffffffff-2022-11,3
84260d9ffffffff-2023-03,1
84260d9ffffffff-2023-04,112
84260d9ffffffff-2023-05,22
84260d9ffffffff-2023-06,1
84260d9ffffffff-2023-07,17
84260d9ffffffff-2023-08,6
84260d9ffffffff-2023-09,20
84260d9ffffffff-2023-10,12
84260dbffffffff-2013-04,3
84260dbffffffff-2017-09,1
84260dbffffffff-2018-03,2
84260dbffffffff-2018-04,8
84260dbffffffff-2018-05,6
84260dbffffffff-2020-03,1
84260dbffffffff-2020-04,7
84260dbffffffff-2020-09,1
84260dbffffffff-2021-04,3
84260dbffffffff-2021-05,1
84260dbffffffff-2022-04,4
84260dbffffffff-2022-05,4
84260dbffffffff-2022-08,1
84260dbffffffff-2022-09,2
84260dbffffffff-2022-10,5
84260dbffffffff-2022-11,1
84260dbffffffff-2023-04,13
84260dbffffffff-2023-05,3
84260dbffffffff-2023-11,1
84260ddffffffff-2012-04,3
84260ddffffffff-2013-05,2
84260ddffffffff-2015-04,1
84260ddffffffff-2016-08,1
84260ddffffffff-2018-04,1
84260ddffffffff-2018-05,2
84260ddffffffff-2019-04,1
84260ddffffffff-2019-07,1
84260ddffffffff-2019-08,1
84260ddffffffff-2020-04,8
84260ddffffffff-2020-05,5
84260ddffffffff-2020-09,1
84260ddffffffff-2020-10,1
84260ddffffffff-2020-11,3
84260ddffffffff-2021-04,5
84260ddffffffff-2021-05,5
84260ddffffffff-2021-10,1
84260ddffffffff-2022-04,7
84260ddffffffff-2022-05,11
84260ddffffffff-2023-04,5
84260ddffffffff-2023-05,5
84260ddffffffff-2023-07,1
84260ddffffffff-2023-09,1
84260ddffffffff-2023-10,2
84260e1ffffffff-2013-04,2
84260e1ffffffff-2016-09,1
84260e1ffffffff-2017-04,7
84260e1ffffffff-2017-05,1
84260e1ffffffff-2018-05,1
84260e1ffffffff-2018-07,1
84260e1ffffffff-2019-04,3
84260e1ffffffff-2019-05,1
84260e1ffffffff-2020-04,1
84260e1ffffffff-2020-05,2
84260e1ffffffff-2021-04,6
84260e1ffffffff-2021-05,1
84260e1ffffffff-2021-07,3
84260e1ffffffff-2021-08,3
84260e1ffffffff-2021-09,1
84260e1ffffffff-2021-10,1
84260e1ffffffff-2022-04,9
84260e1ffffffff-2022-05,3
84260e1ffffffff-2022-09,1
84260e1ffffffff-2023-04,1
84260e1ffffffff-2023-05,1
84260e3ffffffff-2012-04,3
84260e3ffffffff-2013-04,12
84260e3ffffffff-2013-05,6
84260e3ffffffff-2014-04,8
84260e3ffffffff-2014-05,5
84260e3ffffffff-2014-08,2
84260e3ffffffff-2014-09,2
84260e3ffffffff-2015-04,5
84260e3ffffffff-2015-05,2
84260e3ffffffff-2015-09,1
84260e3ffffffff-2016-04,5
84260e3ffffffff-2016-05,9
84260e3ffffffff-2016-07,1
84260e3ffffffff-2016-09,1
84260e3ffffffff-2017-04,9
84260e3ffffffff-2017-05,9
84260e3ffffffff-2017-09,1
84260e3ffffffff-2018-04,16
84260e3ffffffff-2018-05,11
84260e3ffffffff-2018-08,1
84260e3ffffffff-2018-09,2
84260e3ffffffff-2018-10,1
84260e3ffffffff-2019-03,1
84260e3ffffffff-2019-04,11
84260e3ffffffff-2019-05,4
84260e3ffffffff-2019-08,3
84260e3ffffffff-2019-09,1
84260e3ffffffff-2019-10,4
84260e3ffffffff-2020-04,73
84260e3ffffffff-2020-05,34
84260e3ffffffff-2020-07,1
84260e3ffffffff-2021-04,51
84260e3ffffffff-2021-05,34
84260e3ffffffff-2021-06,1
84260e3ffffffff-2021-08,3
84260e3ffffffff-2021-09,7
84260e3ffffffff-2021-10,1
84260e3ffffffff-2022-03,5
84260e3ffffffff-2022-04,111
84260e3ffffffff-2022-05,36
84260e3ffffffff-2022-07,8
84260e3ffffffff-2022-08,5
84260e3ffffffff-2022-09,11
84260e3ffffffff-2022-10,1
84260e3ffffffff-2023-03,1
84260e3ffffffff-2023-04,82
84260e3ffffffff-2023-05,64
84260e3ffffffff-2023-08,2
84260e3ffffffff-2023-09,1
84260e5ffffffff-2014-05,1
84260e5ffffffff-2019-05,1
84260e5ffffffff-2021-04,1
84260e5ffffffff-2023-04,2
84260e7ffffffff-2012-03,4
84260e7ffffffff-2012-04,15
84260e7ffffffff-2012-05,6
84260e7ffffffff-2012-07,1
84260e7ffffffff-2012-08,4
84260e7ffffffff-2013-03,1
84260e7ffffffff-2013-04,19
84260e7ffffffff-2013-05,9
84260e7ffffffff-2013-07,1
84260e7ffffffff-2014-04,4
84260e7ffffffff-2014-05,1
84260e7ffffffff-2015-04,4
84260e7ffffffff-2015-05,4
84260e7ffffffff-2015-08,1
84260e7ffffffff-2016-03,3
84260e7ffffffff-2016-04,18
84260e7ffffffff-2016-05,9
84260e7ffffffff-2016-08,1
84260e7ffffffff-2016-09,3
84260e7ffffffff-2017-03,7
84260e7ffffffff-2017-04,48
84260e7ffffffff-2017-05,24
84260e7ffffffff-2017-08,4
84260e7ffffffff-2018-03,1
84260e7ffffffff-2018-04,59
84260e7ffffffff-2018-05,12
84260e7ffffffff-2018-07,8
84260e7ffffffff-2018-08,1
84260e7ffffffff-2019-03,5
84260e7ffffffff-2019-04,51
84260e7ffffffff-2019-05,16
84260e7ffffffff-2019-07,1
84260e7ffffffff-2020-03,2
84260e7ffffffff-2020-04,49
84260e7ffffffff-2020-05,9
84260e7ffffffff-2020-07,4
84260e7ffffffff-2020-10,1
84260e7ffffffff-2021-03,2
84260e7ffffffff-2021-04,21
84260e7ffffffff-2021-05,11
84260e7ffffffff-2021-07,3
84260e7ffffffff-2021-08,7
84260e7ffffffff-2021-09,4
84260e7ffffffff-2021-10,1
84260e7ffffffff-2022-04,13
84260e7ffffffff-2022-05,13
84260e7ffffffff-2022-08,1
84260e7ffffffff-2022-09,2
84260e7ffffffff-2023-04,2
84260e7ffffffff-2023-05,8
84260e7ffffffff-2023-08,5
84260e9ffffffff-2014-04,1
84260e9ffffffff-2016-04,1
84260e9ffffffff-2016-05,6
84260e9ffffffff-2017-04,1
84260e9ffffffff-2017-05,1
84260e9ffffffff-2018-05,3
84260e9ffffffff-2018-09,2
84260e9ffffffff-2019-04,1
84260e9ffffffff-2019-08,1
84260e9ffffffff-2020-05,1
84260e9ffffffff-2021-04,6
84260e9ffffffff-2021-05,1
84260e9ffffffff-2022-04,3
84260e9ffffffff-2022-05,1
84260e9ffffffff-2022-08,3
84260e9ffffffff-2022-09,1
84260e9ffffffff-2023-04,1
84260ebffffffff-2013-04,1
84260ebffffffff-2013-05,4
84260ebffffffff-2014-04,1
84260ebffffffff-2014-05,1
84260ebffffffff-2014-08,2
84260ebffffffff-2015-04,1
84260ebffffffff-2015-05,3
84260ebffffffff-2016-04,2
84260ebffffffff-2017-03,1
84260ebffffffff-2017-04,6
84260ebffffffff-2017-05,1
84260ebffffffff-2017-08,2
84260ebffffffff-2017-09,2
84260ebffffffff-2018-03,2
84260ebffffffff-2018-04,5
84260ebffffffff-2018-05,6
84260ebffffffff-2020-04,8
84260ebffffffff-2020-05,9
84260ebffffffff-2020-08,1
84260ebffffffff-2020-10,1
84260ebffffffff-2021-04,15
84260ebffffffff-2021-05,23
84260ebffffffff-2022-04,7
84260ebffffffff-2022-05,37
84260ebffffffff-2022-08,3
84260ebffffffff-2022-09,1
84260ebffffffff-2023-04,7
84260ebffffffff-2023-05,8
84260edffffffff-2012-04,1
84260edffffffff-2014-05,1
84260edffffffff-2018-04,2
84260edffffffff-2018-08,8
84260edffffffff-2019-04,13
84260edffffffff-2019-05,8
84260edffffffff-2020-04,21
84260edffffffff-2020-05,8
84260edffffffff-2020-08,1
84260edffffffff-2021-04,1
84260edffffffff-2021-05,2
84260edffffffff-2021-08,4
84260edffffffff-2022-05,1
84260edffffffff-2023-04,2
8426107ffffffff-2012-04,2
8426107ffffffff-2012-08,1
8426107ffffffff-2012-09,2
8426107ffffffff-2014-09,2
8426107ffffffff-2016-09,2
8426107ffffffff-2017-06,2
8426107ffffffff-2019-07,1
8426107ffffffff-2020-05,1
8426107ffffffff-2020-08,1
8426107ffffffff-2020-09,2
8426107ffffffff-2021-04,5
8426107ffffffff-2021-05,3
8426107ffffffff-2021-07,3
8426107ffffffff-2021-08,17
8426107ffffffff-2021-09,1
8426107ffffffff-2022-06,4
8426107ffffffff-2022-07,2
8426107ffffffff-2022-09,1
8426107ffffffff-2022-10,1
8426107ffffffff-2023-04,2
8426107ffffffff-2023-05,2
8426107ffffffff-2023-08,1
8426107ffffffff-2023-09,1
8426109ffffffff-2012-08,2
8426109ffffffff-2018-09,1
8426109ffffffff-2019-04,1
8426109ffffffff-2021-08,1
842610dffffffff-2017-04,1
842610dffffffff-2020-09,1
842610dffffffff-2021-07,1
842610dffffffff-2021-08,2
842610dffffffff-2021-09,1
842610dffffffff-2023-09,2
8426111ffffffff-2020-05,2
8426113ffffffff-2022-08,2
8426115ffffffff-2016-04,3
8426115ffffffff-2018-05,1
8426115ffffffff-2019-07,1
8426115ffffffff-2020-07,2
8426115ffffffff-2022-07,2
8426115ffffffff-2023-03,1
8426115ffffffff-2023-04,1
8426115ffffffff-2023-05,9
8426115ffffffff-2023-07,1
8426115ffffffff-2023-09,1
8426117ffffffff-2012-07,2
8426117ffffffff-2015-05,1
8426117ffffffff-2016-04,1
8426117ffffffff-2018-05,1
8426117ffffffff-2019-03,2
8426117ffffffff-2019-04,1
8426117ffffffff-2023-04,1
8426117ffffffff-2023-05,8
8426117ffffffff-2023-07,1
8426117ffffffff-2023-09,1
8426119ffffffff-2018-04,2
8426119ffffffff-2018-09,1
8426119ffffffff-2023-08,1
842611bffffffff-2018-04,1
842611bffffffff-2019-04,3
842611bffffffff-2019-05,5
842611bffffffff-2020-05,1
842611bffffffff-2020-07,1
842611bffffffff-2022-05,1
842611bffffffff-2023-05,4
842611dffffffff-2019-07,1
842611dffffffff-2020-07,1
842611dffffffff-2020-08,2
842611dffffffff-2020-09,1
842611dffffffff-2021-04,2
842611dffffffff-2023-05,6
8426121ffffffff-2021-09,1
8426121ffffffff-2022-09,3
8426123ffffffff-2013-05,1
8426123ffffffff-2020-04,2
8426123ffffffff-2020-09,1
8426123ffffffff-2023-04,1
8426123ffffffff-2023-05,1
8426125ffffffff-2018-07,1
8426125ffffffff-2019-08,6
8426125ffffffff-2020-05,2
8426125ffffffff-2022-08,1
8426127ffffffff-2016-09,1
8426127ffffffff-2021-09,1
842612bffffffff-2018-06,1
842612bffffffff-2019-08,1
842612bffffffff-2023-04,2
842612dffffffff-2021-07,1
842612dffffffff-2022-04,1
842612dffffffff-2023-05,8
8426131ffffffff-2022-09,1
8426131ffffffff-2023-05,1
8426131ffffffff-2023-09,1
8426133ffffffff-2018-04,3
8426133ffffffff-2019-07,1
8426133ffffffff-2022-08,1
8426135ffffffff-2019-05,1
8426135ffffffff-2020-04,2
8426135ffffffff-2020-09,1
8426135ffffffff-2023-04,1
8426137ffffffff-2017-04,1
8426137ffffffff-2020-09,1
8426137ffffffff-2021-05,1
8426137ffffffff-2021-08,1
8426137ffffffff-2022-08,1
8426137ffffffff-2023-09,2
842613bffffffff-2016-05,1
842613bffffffff-2023-05,3
842613dffffffff-2019-08,1
842613dffffffff-2023-05,1
8426141ffffffff-2021-07,1
8426143ffffffff-2012-08,1
8426143ffffffff-2018-04,1
8426143ffffffff-2019-04,1
8426143ffffffff-2020-05,1
8426145ffffffff-2013-08,1
8426145ffffffff-2016-10,2
8426145ffffffff-2022-05,1
8426149ffffffff-2022-04,2
842614bffffffff-2013-05,1
842614bffffffff-2014-04,2
842614bffffffff-2017-04,3
842614bffffffff-2017-08,1
842614bffffffff-2020-04,4
842614bffffffff-2020-05,2
842614bffffffff-2021-04,2
842614bffffffff-2021-08,2
842614bffffffff-2022-04,10
842614bffffffff-2022-08,1
842614bffffffff-2023-04,3
842614dffffffff-2022-05,2
8426151ffffffff-2014-05,2
8426151ffffffff-2022-07,1
8426153ffffffff-2019-04,2
8426153ffffffff-2023-07,1
8426155ffffffff-2013-08,1
8426157ffffffff-2013-08,1
8426157ffffffff-2018-04,5
8426157ffffffff-2019-04,1
8426159ffffffff-2019-07,1
8426159ffffffff-2020-07,2
8426159ffffffff-2021-07,1
8426159ffffffff-2021-08,1
842615bffffffff-2016-06,1
842615bffffffff-2017-07,2
842615bffffffff-2020-05,1
842615bffffffff-2021-08,1
842615dffffffff-2012-05,1
842615dffffffff-2012-08,2
842615dffffffff-2012-09,1
842615dffffffff-2014-05,1
842615dffffffff-2014-08,1
842615dffffffff-2015-04,5
842615dffffffff-2015-05,1
842615dffffffff-2016-05,1
842615dffffffff-2020-04,1
842615dffffffff-2021-05,1
842615dffffffff-2021-06,1
842615dffffffff-2022-04,6
842615dffffffff-2023-04,1
842615dffffffff-2023-07,1
842615dffffffff-2023-08,2
8426161ffffffff-2019-05,1
8426161ffffffff-2019-06,2
8426163ffffffff-2019-08,1
8426163ffffffff-2023-07,1
8426163ffffffff-2023-08,4
8426165ffffffff-2013-04,2
8426165ffffffff-2013-05,2
8426165ffffffff-2014-04,1
8426165ffffffff-2015-04,8
8426167ffffffff-2019-05,1
842616bffffffff-2013-04,4
842616bffffffff-2013-08,4
842616bffffffff-2013-09,1
842616bffffffff-2014-04,3
842616bffffffff-2014-05,2
842616bffffffff-2014-08,1
842616bffffffff-2015-04,1
842616bffffffff-2018-08,1
842616bffffffff-2019-04,2
842616bffffffff-2019-05,1
842616bffffffff-2021-07,3
842616bffffffff-2023-08,1
842616dffffffff-2012-04,9
842616dffffffff-2012-05,8
842616dffffffff-2012-06,2
842616dffffffff-2012-07,1
842616dffffffff-2012-08,1
842616dffffffff-2013-07,1
842616dffffffff-2014-05,1
842616dffffffff-2014-07,2
842616dffffffff-2014-08,1
842616dffffffff-2014-09,1
842616dffffffff-2015-04,9
842616dffffffff-2015-08,3
842616dffffffff-2015-09,3
842616dffffffff-2015-10,1
842616dffffffff-2016-08,1
842616dffffffff-2018-07,1
842616dffffffff-2018-09,2
842616dffffffff-2020-04,2
842616dffffffff-2020-05,1
842616dffffffff-2021-04,1
842616dffffffff-2021-07,3
842616dffffffff-2021-08,2
842616dffffffff-2023-07,8
842616dffffffff-2023-08,1
842616dffffffff-2023-09,2
8426181ffffffff-2018-04,1
8426181ffffffff-2019-05,5
8426181ffffffff-2019-08,4
8426181ffffffff-2019-09,1
8426181ffffffff-2020-04,11
8426181ffffffff-2021-08,1
8426181ffffffff-2023-05,1
8426183ffffffff-2012-03,1
8426183ffffffff-2012-04,1
8426183ffffffff-2013-04,1
8426183ffffffff-2014-12,1
8426183ffffffff-2015-04,4
8426183ffffffff-2015-05,1
8426183ffffffff-2016-03,5
8426183ffffffff-2016-04,7
8426183ffffffff-2016-05,1
8426183ffffffff-2017-03,3
8426183ffffffff-2017-04,7
8426183ffffffff-2017-05,3
8426183ffffffff-2017-09,1
8426183ffffffff-2018-03,5
8426183ffffffff-2018-04,12
8426183ffffffff-2019-03,14
8426183ffffffff-2019-04,1
8426183ffffffff-2019-05,1
8426183ffffffff-2020-04,2
8426183ffffffff-2020-05,4
8426183ffffffff-2020-07,2
8426183ffffffff-2020-08,1
8426183ffffffff-2021-04,4
8426183ffffffff-2021-08,2
8426183ffffffff-2022-03,3
8426183ffffffff-2022-04,27
8426183ffffffff-2022-05,5
8426183ffffffff-2022-08,6
8426183ffffffff-2022-09,1
8426183ffffffff-2023-03,4
8426183ffffffff-2023-04,11
8426183ffffffff-2023-05,9
8426183ffffffff-2023-09,3
8426185ffffffff-2012-05,9
8426185ffffffff-2016-04,1
8426185ffffffff-2018-05,1
8426185ffffffff-2019-04,4
8426185ffffffff-2019-05,1
8426185ffffffff-2019-09,1
8426185ffffffff-2019-10,1
8426185ffffffff-2020-04,1
8426185ffffffff-2021-04,1
8426185ffffffff-2021-05,3
8426185ffffffff-2023-05,1
8426187ffffffff-2012-03,10
8426187ffffffff-2012-04,1
8426187ffffffff-2012-05,1
8426187ffffffff-2014-09,1
8426187ffffffff-2017-05,1
8426187ffffffff-2019-04,2
8426187ffffffff-2019-05,1
8426187ffffffff-2019-08,1
8426187ffffffff-2019-10,6
8426187ffffffff-2020-04,3
8426187ffffffff-2020-05,2
8426187ffffffff-2022-05,1
8426187ffffffff-2022-08,1
8426187ffffffff-2023-04,1
8426187ffffffff-2023-05,8
8426187ffffffff-2023-06,1
8426187ffffffff-2023-07,14
8426187ffffffff-2023-08,19
8426187ffffffff-2023-09,3
8426189ffffffff-2018-04,1
8426189ffffffff-2019-04,1
8426189ffffffff-2022-08,1
8426189ffffffff-2023-05,1
842618bffffffff-2018-04,1
842618bffffffff-2018-05,2
842618bffffffff-2019-03,2
842618bffffffff-2019-04,2
842618bffffffff-2019-05,2
842618bffffffff-2019-09,5
842618bffffffff-2020-04,20
842618bffffffff-2020-05,8
842618bffffffff-2020-07,3
842618bffffffff-2020-08,2
842618bffffffff-2021-03,1
842618bffffffff-2021-04,7
842618bffffffff-2021-07,1
842618bffffffff-2022-04,1
842618bffffffff-2022-05,3
842618bffffffff-2023-05,10
842618bffffffff-2023-09,1
842618dffffffff-2012-04,1
842618dffffffff-2012-05,1
842618dffffffff-2012-08,1
842618dffffffff-2014-04,4
842618dffffffff-2014-05,9
842618dffffffff-2015-04,3
842618dffffffff-2017-03,2
842618dffffffff-2017-04,1
842618dffffffff-2021-04,2
842618dffffffff-2023-05,1
8426191ffffffff-2012-03,2
8426191ffffffff-2012-08,1
8426191ffffffff-2013-08,1
8426191ffffffff-2016-03,1
8426191ffffffff-2016-04,1
8426191ffffffff-2016-05,1
8426191ffffffff-2017-04,1
8426191ffffffff-2017-05,2
8426191ffffffff-2018-04,1
8426191ffffffff-2019-04,4
8426191ffffffff-2019-05,3
8426191ffffffff-2019-07,2
8426191ffffffff-2019-08,7
8426191ffffffff-2020-03,2
8426191ffffffff-2020-04,7
8426191ffffffff-2020-05,10
8426191ffffffff-2020-06,1
8426191ffffffff-2021-04,2
8426191ffffffff-2021-05,15
8426191ffffffff-2022-04,1
8426191ffffffff-2022-06,1
8426191ffffffff-2023-05,9
8426193ffffffff-2018-04,1
8426193ffffffff-2018-05,2
8426193ffffffff-2019-04,2
8426193ffffffff-2021-04,1
8426195ffffffff-2018-04,2
8426195ffffffff-2020-04,1
8426195ffffffff-2021-04,1
8426195ffffffff-2021-05,2
8426195ffffffff-2022-04,1
8426195ffffffff-2023-05,1
8426197ffffffff-2015-05,1
8426197ffffffff-2021-04,1
8426197ffffffff-2022-04,1
8426197ffffffff-2023-04,1
8426197ffffffff-2023-05,14
8426199ffffffff-2013-05,2
8426199ffffffff-2016-04,1
8426199ffffffff-2017-03,1
8426199ffffffff-2018-03,1
8426199ffffffff-2018-04,4
8426199ffffffff-2019-04,7
8426199ffffffff-2019-05,11
8426199ffffffff-2019-07,5
8426199ffffffff-2019-08,2
8426199ffffffff-2019-09,1
8426199ffffffff-2020-04,16
8426199ffffffff-2020-05,17
8426199ffffffff-2020-07,2
8426199ffffffff-2020-09,1
8426199ffffffff-2021-04,3
8426199ffffffff-2021-05,10
8426199ffffffff-2021-06,1
8426199ffffffff-2022-07,9
8426199ffffffff-2022-08,1
8426199ffffffff-2023-04,1
8426199ffffffff-2023-08,1
842619bffffffff-2012-04,1
842619bffffffff-2012-05,1
842619bffffffff-2016-05,2
842619bffffffff-2017-05,1
842619bffffffff-2017-06,1
842619bffffffff-2018-03,1
842619bffffffff-2019-04,2
842619bffffffff-2019-05,4
842619bffffffff-2020-04,1
842619bffffffff-2021-04,2
842619bffffffff-2022-09,1
842619bffffffff-2023-05,2
842619bffffffff-2023-07,1
842619bffffffff-2023-08,4
842619dffffffff-2012-03,1
842619dffffffff-2012-04,1
842619dffffffff-2013-03,3
842619dffffffff-2014-03,1
842619dffffffff-2016-04,2
842619dffffffff-2016-05,1
842619dffffffff-2017-04,1
842619dffffffff-2017-05,2
842619dffffffff-2018-03,4
842619dffffffff-2018-04,6
842619dffffffff-2018-05,3
842619dffffffff-2019-03,2
842619dffffffff-2019-04,5
842619dffffffff-2019-05,1
842619dffffffff-2019-06,3
842619dffffffff-2019-07,3
842619dffffffff-2019-08,3
842619dffffffff-2019-10,1
842619dffffffff-2020-04,5
842619dffffffff-2020-05,12
842619dffffffff-2021-03,1
842619dffffffff-2021-04,2
842619dffffffff-2021-05,11
842619dffffffff-2021-06,2
842619dffffffff-2021-07,1
842619dffffffff-2021-08,3
842619dffffffff-2022-04,5
842619dffffffff-2022-08,1
842619dffffffff-2022-09,1
842619dffffffff-2023-03,8
842619dffffffff-2023-04,11
842619dffffffff-2023-05,9
842619dffffffff-2023-09,1
84261a1ffffffff-2012-06,1
84261a3ffffffff-2018-04,1
84261a3ffffffff-2018-05,1
84261a3ffffffff-2023-04,1
84261a5ffffffff-2022-08,1
84261a5ffffffff-2023-07,1
84261a7ffffffff-2022-05,2
84261a7ffffffff-2023-04,1
84261a9ffffffff-2012-04,1
84261a9ffffffff-2013-04,3
84261a9ffffffff-2014-04,1
84261a9ffffffff-2015-04,1
84261a9ffffffff-2015-05,1
84261a9ffffffff-2021-04,2
84261a9ffffffff-2022-03,2
84261a9ffffffff-2022-05,1
84261a9ffffffff-2023-05,3
84261abffffffff-2016-04,1
84261abffffffff-2018-03,1
84261adffffffff-2012-04,1
84261adffffffff-2015-04,2
84261adffffffff-2021-09,1
84261adffffffff-2023-04,3
84261adffffffff-2023-05,2
84261b1ffffffff-2013-05,1
84261b1ffffffff-2014-09,2
84261b1ffffffff-2017-08,1
84261b1ffffffff-2018-09,1
84261b1ffffffff-2020-03,2
84261b1ffffffff-2020-04,1
84261b1ffffffff-2020-05,2
84261b1ffffffff-2020-09,2
84261b1ffffffff-2021-09,1
84261b1ffffffff-2021-10,2
84261b1ffffffff-2022-08,5
84261b1ffffffff-2022-09,3
84261b1ffffffff-2023-05,2
84261b1ffffffff-2023-09,6
84261b3ffffffff-2012-04,1
84261b3ffffffff-2012-05,1
84261b3ffffffff-2013-05,4
84261b3ffffffff-2013-10,1
84261b3ffffffff-2014-05,1
84261b3ffffffff-2018-04,1
84261b3ffffffff-2018-09,3
84261b3ffffffff-2019-05,2
84261b3ffffffff-2021-04,2
84261b3ffffffff-2021-05,3
84261b3ffffffff-2023-04,3
84261b5ffffffff-2013-05,7
84261b5ffffffff-2013-10,1
84261b5ffffffff-2018-05,1
84261b5ffffffff-2018-09,2
84261b5ffffffff-2021-04,1
84261b5ffffffff-2023-04,1
84261b7ffffffff-2012-08,4
84261b7ffffffff-2012-10,1
84261b7ffffffff-2013-04,1
84261b7ffffffff-2013-05,7
84261b7ffffffff-2013-06,1
84261b7ffffffff-2013-07,2
84261b7ffffffff-2013-09,1
84261b7ffffffff-2014-04,2
84261b7ffffffff-2014-07,1
84261b7ffffffff-2018-08,2
84261b7ffffffff-2021-05,1
84261b7ffffffff-2022-09,1
84261b9ffffffff-2012-03,1
84261b9ffffffff-2014-08,1
84261b9ffffffff-2014-09,6
84261b9ffffffff-2018-03,1
84261b9ffffffff-2018-05,3
84261b9ffffffff-2019-03,7
84261b9ffffffff-2019-04,3
84261b9ffffffff-2019-05,1
84261b9ffffffff-2020-04,1
84261b9ffffffff-2021-04,1
84261b9ffffffff-2022-03,5
84261b9ffffffff-2023-05,2
84261b9ffffffff-2023-08,1
84261bbffffffff-2013-04,1
84261bbffffffff-2017-08,1
84261bbffffffff-2018-04,2
84261bbffffffff-2019-04,4
84261bbffffffff-2020-05,1
84261bbffffffff-2022-04,2
84261bbffffffff-2023-05,1
84261bdffffffff-2019-05,1
84261bdffffffff-2021-05,1
84261bdffffffff-2023-04,1
84261bdffffffff-2023-09,2
84261c3ffffffff-2012-04,1
84261c3ffffffff-2022-04,1
84261c5ffffffff-2018-04,1
84261c5ffffffff-2018-09,2
84261c5ffffffff-2023-09,1
84261c7ffffffff-2015-04,1
84261c7ffffffff-2016-09,2
84261c7ffffffff-2020-08,1
84261c7ffffffff-2023-05,1
84261c9ffffffff-2018-04,2
84261c9ffffffff-2023-05,2
84261cbffffffff-2017-05,1
84261cbffffffff-2018-04,2
84261cbffffffff-2019-04,2
84261cbffffffff-2019-05,1
84261cbffffffff-2020-09,1
84261cbffffffff-2021-10,1
84261cbffffffff-2022-04,1
84261cbffffffff-2022-08,1
84261cbffffffff-2023-05,3
84261cdffffffff-2014-04,1
84261cdffffffff-2017-05,1
84261cdffffffff-2018-09,2
84261cdffffffff-2021-09,1
84261cdffffffff-2023-04,7
84261cdffffffff-2023-05,4
84261d1ffffffff-2013-04,2
84261d1ffffffff-2013-05,1
84261d1ffffffff-2018-04,2
84261d1ffffffff-2020-04,1
84261d1ffffffff-2020-05,2
84261d1ffffffff-2020-08,1
84261d1ffffffff-2021-04,6
84261d1ffffffff-2021-05,2
84261d1ffffffff-2021-07,1
84261d1ffffffff-2021-08,2
84261d1ffffffff-2022-04,2
84261d1ffffffff-2022-05,1
84261d1ffffffff-2022-08,5
84261d1ffffffff-2022-09,1
84261d3ffffffff-2012-03,2
84261d3ffffffff-2012-04,4
84261d3ffffffff-2012-05,1
84261d3ffffffff-2013-04,1
84261d3ffffffff-2013-05,1
84261d3ffffffff-2013-07,1
84261d3ffffffff-2014-05,5
84261d3ffffffff-2014-07,1
84261d3ffffffff-2015-04,4
84261d3ffffffff-2015-07,1
84261d3ffffffff-2015-09,2
84261d3ffffffff-2016-04,5
84261d3ffffffff-2016-05,3
84261d3ffffffff-2017-03,3
84261d3ffffffff-2017-04,9
84261d3ffffffff-2017-05,8
84261d3ffffffff-2017-08,1
84261d3ffffffff-2017-09,4
84261d3ffffffff-2018-04,2
84261d3ffffffff-2018-05,12
84261d3ffffffff-2018-07,2
84261d3ffffffff-2018-08,5
84261d3ffffffff-2018-09,6
84261d3ffffffff-2018-10,1
84261d3ffffffff-2019-03,1
84261d3ffffffff-2019-04,27
84261d3ffffffff-2019-05,9
84261d3ffffffff-2019-07,3
84261d3ffffffff-2019-08,1
84261d3ffffffff-2020-04,17
84261d3ffffffff-2020-05,16
84261d3ffffffff-2021-03,1
84261d3ffffffff-2021-04,14
84261d3ffffffff-2021-05,8
84261d3ffffffff-2022-04,1
84261d3ffffffff-2022-05,27
84261d3ffffffff-2022-07,19
84261d3ffffffff-2022-08,49
84261d3ffffffff-2022-09,2
84261d3ffffffff-2023-04,3
84261d3ffffffff-2023-05,2
84261d3ffffffff-2023-07,1
84261d3ffffffff-2023-08,3
84261d7ffffffff-2013-04,1
84261d7ffffffff-2013-05,3
84261d7ffffffff-2016-05,1
84261d7ffffffff-2017-05,1
84261d7ffffffff-2017-08,1
84261d7ffffffff-2018-04,2
84261d7ffffffff-2019-04,4
84261d7ffffffff-2019-05,1
84261d7ffffffff-2020-03,2
84261d7ffffffff-2020-04,15
84261d7ffffffff-2020-05,4
84261d7ffffffff-2020-08,1
84261d7ffffffff-2021-04,3
84261d7ffffffff-2021-05,13
84261d7ffffffff-2022-04,2
84261d7ffffffff-2022-05,7
84261d7ffffffff-2023-04,4
84261d7ffffffff-2023-05,5
84261d7ffffffff-2023-09,1
84261d7ffffffff-2023-10,1
84261d9ffffffff-2013-05,2
84261d9ffffffff-2016-04,4
84261d9ffffffff-2017-05,1
84261d9ffffffff-2019-04,6
84261d9ffffffff-2019-05,3
84261d9ffffffff-2020-04,3
84261d9ffffffff-2021-03,1
84261d9ffffffff-2021-04,4
84261d9ffffffff-2021-05,4
84261d9ffffffff-2022-05,4
84261d9ffffffff-2023-04,2
84261d9ffffffff-2023-09,1
84261dbffffffff-2012-05,1
84261dbffffffff-2012-09,1
84261dbffffffff-2013-05,4
84261dbffffffff-2015-05,1
84261dbffffffff-2015-09,2
84261dbffffffff-2016-04,1
84261dbffffffff-2016-10,1
84261dbffffffff-2016-11,2
84261dbffffffff-2017-04,1
84261dbffffffff-2017-05,4
84261dbffffffff-2017-07,2
84261dbffffffff-2017-08,4
84261dbffffffff-2018-04,8
84261dbffffffff-2018-05,19
84261dbffffffff-2018-06,1
84261dbffffffff-2019-04,4
84261dbffffffff-2019-05,8
84261dbffffffff-2019-08,1
84261dbffffffff-2020-04,2
84261dbffffffff-2020-05,10
84261dbffffffff-2020-06,1
84261dbffffffff-2020-07,1
84261dbffffffff-2020-08,4
84261dbffffffff-2020-09,2
84261dbffffffff-2021-03,1
84261dbffffffff-2021-04,12
84261dbffffffff-2021-05,16
84261dbffffffff-2021-06,1
84261dbffffffff-2021-07,1
84261dbffffffff-2021-08,3
84261dbffffffff-2021-09,1
84261dbffffffff-2022-04,14
84261dbffffffff-2022-05,3
84261dbffffffff-2022-08,1
84261dbffffffff-2023-04,10
84261dbffffffff-2023-05,10
84261dbffffffff-2023-10,2
84261ddffffffff-2018-04,1
84261ddffffffff-2023-04,1
84261ddffffffff-2023-05,3
84261e1ffffffff-2022-05,1
84261e1ffffffff-2023-05,2
84261e3ffffffff-2016-04,1
84261e3ffffffff-2020-04,1
84261e3ffffffff-2023-05,2
84261e5ffffffff-2018-09,2
84261e7ffffffff-2012-04,2
84261e7ffffffff-2012-05,2
84261e7ffffffff-2013-04,4
84261e7ffffffff-2013-05,8
84261e7ffffffff-2014-04,1
84261e7ffffffff-2014-05,1
84261e7ffffffff-2014-09,1
84261e7ffffffff-2015-04,1
84261e7ffffffff-2015-05,1
84261e7ffffffff-2017-03,1
84261e7ffffffff-2017-04,3
84261e7ffffffff-2017-05,1
84261e7ffffffff-2018-03,2
84261e7ffffffff-2018-04,2
84261e7ffffffff-2018-05,3
84261e7ffffffff-2018-09,2
84261e7ffffffff-2019-03,2
84261e7ffffffff-2019-04,12
84261e7ffffffff-2019-05,1
84261e7ffffffff-2020-03,1
84261e7ffffffff-2020-04,10
84261e7ffffffff-2020-05,3
84261e7ffffffff-2020-09,2
84261e7ffffffff-2020-10,1
84261e7ffffffff-2021-04,6
84261e7ffffffff-2021-05,7
84261e7ffffffff-2021-08,5
84261e7ffffffff-2021-10,4
84261e7ffffffff-2021-11,1
84261e7ffffffff-2022-03,3
84261e7ffffffff-2022-04,15
84261e7ffffffff-2022-05,5
84261e7ffffffff-2022-07,1
84261e7ffffffff-2022-08,9
84261e7ffffffff-2022-09,12
84261e7ffffffff-2023-04,9
84261e7ffffffff-2023-05,16
84261e9ffffffff-2021-09,1
84261ebffffffff-2014-05,1
84261ebffffffff-2017-08,2
84261ebffffffff-2018-09,3
84261ebffffffff-2019-04,1
84261ebffffffff-2019-09,1
84261ebffffffff-2022-04,1
84261ebffffffff-2023-05,1
8426201ffffffff-2012-08,4
8426201ffffffff-2014-05,1
8426201ffffffff-2015-05,1
8426201ffffffff-2017-04,4
8426201ffffffff-2017-05,1
8426201ffffffff-2019-05,3
8426201ffffffff-2021-04,4
8426201ffffffff-2021-08,33
8426201ffffffff-2022-04,4
8426201ffffffff-2022-05,1
8426201ffffffff-2022-10,1
8426201ffffffff-2023-09,1
8426203ffffffff-2016-05,1
8426203ffffffff-2016-08,1
8426203ffffffff-2017-04,2
8426203ffffffff-2017-07,1
8426203ffffffff-2017-08,6
8426203ffffffff-2018-05,1
8426203ffffffff-2018-08,2
8426203ffffffff-2019-04,1
8426203ffffffff-2019-08,1
8426203ffffffff-2020-04,3
8426203ffffffff-2020-07,1
8426203ffffffff-2021-04,5
8426203ffffffff-2021-05,13
8426203ffffffff-2021-08,2
8426203ffffffff-2021-09,8
8426203ffffffff-2022-05,4
8426203ffffffff-2023-10,4
8426205ffffffff-2012-08,9
8426205ffffffff-2013-05,4
8426205ffffffff-2013-08,9
8426205ffffffff-2014-05,4
8426205ffffffff-2014-06,2
8426205ffffffff-2014-08,13
8426205ffffffff-2015-04,2
8426205ffffffff-2015-07,2
8426205ffffffff-2015-08,12
8426205ffffffff-2016-04,1
8426205ffffffff-2016-06,2
8426205ffffffff-2016-07,4
8426205ffffffff-2016-08,10
8426205ffffffff-2016-09,1
8426205ffffffff-2016-10,1
8426205ffffffff-2017-04,32
8426205ffffffff-2017-05,3
8426205ffffffff-2017-06,16
8426205ffffffff-2017-07,38
8426205ffffffff-2017-08,22
8426205ffffffff-2017-09,2
8426205ffffffff-2017-10,5
8426205ffffffff-2018-04,18
8426205ffffffff-2018-05,16
8426205ffffffff-2018-06,6
8426205ffffffff-2018-07,11
8426205ffffffff-2018-08,19
8426205ffffffff-2018-09,13
8426205ffffffff-2018-10,2
8426205ffffffff-2019-04,3
8426205ffffffff-2019-05,20
8426205ffffffff-2019-06,8
8426205ffffffff-2019-07,28
8426205ffffffff-2019-08,53
8426205ffffffff-2019-09,1
8426205ffffffff-2019-10,4
8426205ffffffff-2020-04,6
8426205ffffffff-2020-05,14
8426205ffffffff-2020-07,31
8426205ffffffff-2020-08,53
8426205ffffffff-2020-09,15
8426205ffffffff-2020-10,1
8426205ffffffff-2021-04,14
8426205ffffffff-2021-05,21
8426205ffffffff-2021-06,3
8426205ffffffff-2021-07,16
8426205ffffffff-2021-08,28
8426205ffffffff-2021-09,3
8426205ffffffff-2021-10,1
8426205ffffffff-2022-04,8
8426205ffffffff-2022-05,7
8426205ffffffff-2022-06,2
8426205ffffffff-2022-07,8
8426205ffffffff-2022-08,32
8426205ffffffff-2022-09,1
8426205ffffffff-2023-04,6
8426205ffffffff-2023-05,2
8426205ffffffff-2023-07,3
8426205ffffffff-2023-08,18
8426205ffffffff-2023-09,2
8426205ffffffff-2023-10,3
8426207ffffffff-2012-07,3
8426207ffffffff-2013-08,4
8426207ffffffff-2016-09,1
8426207ffffffff-2017-04,2
8426207ffffffff-2017-05,32
8426207ffffffff-2017-07,4
8426207ffffffff-2017-08,12
8426207ffffffff-2018-05,2
8426207ffffffff-2018-07,4
8426207ffffffff-2020-07,1
8426207ffffffff-2020-08,1
8426207ffffffff-2020-10,1
8426207ffffffff-2021-04,8
8426207ffffffff-2021-05,4
8426207ffffffff-2021-07,2
8426207ffffffff-2021-08,15
8426207ffffffff-2022-05,1
8426207ffffffff-2022-07,2
8426207ffffffff-2022-08,4
8426207ffffffff-2022-09,5
8426207ffffffff-2022-10,1
8426207ffffffff-2023-05,1
8426207ffffffff-2023-06,3
8426207ffffffff-2023-08,3
8426207ffffffff-2023-09,2
8426209ffffffff-2014-09,2
8426209ffffffff-2015-04,2
8426209ffffffff-2017-04,1
8426209ffffffff-2017-05,1
8426209ffffffff-2017-07,4
8426209ffffffff-2017-08,2
8426209ffffffff-2019-04,1
8426209ffffffff-2019-07,3
8426209ffffffff-2019-08,1
8426209ffffffff-2019-09,2
8426209ffffffff-2021-05,5
8426209ffffffff-2022-04,5
842620bffffffff-2012-08,2
842620bffffffff-2014-10,1
842620bffffffff-2015-04,1
842620bffffffff-2015-08,1
842620bffffffff-2016-05,5
842620bffffffff-2016-06,1
842620bffffffff-2016-07,5
842620bffffffff-2017-04,4
842620bffffffff-2017-05,2
842620bffffffff-2017-06,1
842620bffffffff-2017-08,3
842620bffffffff-2017-09,3
842620bffffffff-2018-05,7
842620bffffffff-2019-04,1
842620bffffffff-2019-05,4
842620bffffffff-2019-08,3
842620bffffffff-2019-09,2
842620bffffffff-2019-10,1
842620bffffffff-2020-04,7
842620bffffffff-2020-05,4
842620bffffffff-2020-07,2
842620bffffffff-2020-08,4
842620bffffffff-2020-09,5
842620bffffffff-2020-10,4
842620bffffffff-2021-04,2
842620bffffffff-2021-05,12
842620bffffffff-2021-08,26
842620bffffffff-2021-09,2
842620bffffffff-2022-04,6
842620bffffffff-2022-05,6
842620bffffffff-2022-07,2
842620bffffffff-2022-08,4
842620bffffffff-2023-05,2
842620bffffffff-2023-07,11
842620bffffffff-2023-08,5
842620bffffffff-2023-09,1
842620dffffffff-2012-08,1
842620dffffffff-2013-08,4
842620dffffffff-2014-04,1
842620dffffffff-2015-04,3
842620dffffffff-2016-06,1
842620dffffffff-2016-08,1
842620dffffffff-2016-09,1
842620dffffffff-2017-04,2
842620dffffffff-2017-05,1
842620dffffffff-2017-07,2
842620dffffffff-2018-09,1
842620dffffffff-2021-04,5
842620dffffffff-2021-05,7
842620dffffffff-2021-07,1
842620dffffffff-2021-08,39
842620dffffffff-2021-09,7
842620dffffffff-2021-10,2
842620dffffffff-2022-08,1
842620dffffffff-2022-10,2
842620dffffffff-2023-05,3
842620dffffffff-2023-07,11
842620dffffffff-2023-08,5
842620dffffffff-2023-09,7
8426211ffffffff-2012-08,2
8426211ffffffff-2013-04,1
8426211ffffffff-2013-07,2
8426211ffffffff-2014-08,1
8426211ffffffff-2016-04,9
8426211ffffffff-2016-05,8
8426211ffffffff-2016-08,9
8426211ffffffff-2017-04,2
8426211ffffffff-2017-05,4
8426211ffffffff-2017-07,1
8426211ffffffff-2018-04,4
8426211ffffffff-2018-05,14
8426211ffffffff-2018-07,2
8426211ffffffff-2018-08,1
8426211ffffffff-2019-04,3
8426211ffffffff-2019-08,2
8426211ffffffff-2019-09,1
8426211ffffffff-2020-04,3
8426211ffffffff-2020-05,8
8426211ffffffff-2020-07,2
8426211ffffffff-2020-08,2
8426211ffffffff-2021-04,7
8426211ffffffff-2021-05,4
8426211ffffffff-2021-07,1
8426211ffffffff-2021-08,5
8426211ffffffff-2022-04,1
8426211ffffffff-2022-05,1
8426211ffffffff-2022-07,1
8426211ffffffff-2022-08,11
8426211ffffffff-2022-09,5
8426211ffffffff-2022-10,2
8426211ffffffff-2022-11,1
8426211ffffffff-2023-04,33
8426211ffffffff-2023-05,14
8426211ffffffff-2023-07,9
8426211ffffffff-2023-08,9
8426213ffffffff-2012-04,1
8426213ffffffff-2012-05,9
8426213ffffffff-2012-06,3
8426213ffffffff-2012-07,66
8426213ffffffff-2012-08,16
8426213ffffffff-2012-09,3
8426213ffffffff-2013-04,2
8426213ffffffff-2013-07,13
8426213ffffffff-2013-08,16
8426213ffffffff-2013-09,2
8426213ffffffff-2014-04,6
8426213ffffffff-2014-05,2
8426213ffffffff-2014-06,1
8426213ffffffff-2014-07,35
8426213ffffffff-2014-08,5
8426213ffffffff-2015-04,4
8426213ffffffff-2015-05,13
8426213ffffffff-2015-07,7
8426213ffffffff-2015-08,7
8426213ffffffff-2016-03,3
8426213ffffffff-2016-04,3
8426213ffffffff-2016-05,5
8426213ffffffff-2016-06,2
8426213ffffffff-2016-07,5
8426213ffffffff-2016-08,49
8426213ffffffff-2016-09,113
8426213ffffffff-2016-10,26
8426213ffffffff-2017-03,5
8426213ffffffff-2017-04,37
8426213ffffffff-2017-05,20
8426213ffffffff-2017-07,2
8426213ffffffff-2017-08,46
8426213ffffffff-2018-04,6
8426213ffffffff-2018-05,20
8426213ffffffff-2018-07,8
8426213ffffffff-2018-08,13
8426213ffffffff-2018-09,8
8426213ffffffff-2019-04,3
8426213ffffffff-2019-05,8
8426213ffffffff-2019-07,16
8426213ffffffff-2019-08,4
8426213ffffffff-2020-04,17
8426213ffffffff-2020-05,43
8426213ffffffff-2020-07,30
8426213ffffffff-2020-08,64
8426213ffffffff-2020-09,6
8426213ffffffff-2020-11,1
8426213ffffffff-2021-04,13
8426213ffffffff-2021-05,29
8426213ffffffff-2021-07,8
8426213ffffffff-2021-08,21
8426213ffffffff-2021-09,3
8426213ffffffff-2022-04,8
8426213ffffffff-2022-05,46
8426213ffffffff-2022-07,28
8426213ffffffff-2022-08,48
8426213ffffffff-2022-09,21
8426213ffffffff-2022-10,5
8426213ffffffff-2023-04,51
8426213ffffffff-2023-05,39
8426213ffffffff-2023-07,14
8426213ffffffff-2023-08,13
8426213ffffffff-2023-09,1
8426215ffffffff-2013-07,1
8426215ffffffff-2014-04,3
8426215ffffffff-2015-05,3
8426215ffffffff-2015-08,10
8426215ffffffff-2016-04,3
8426215ffffffff-2016-05,2
8426215ffffffff-2016-06,1
8426215ffffffff-2016-07,2
8426215ffffffff-2016-08,3
8426215ffffffff-2016-09,3
8426215ffffffff-2017-04,6
8426215ffffffff-2017-05,3
8426215ffffffff-2017-07,8
8426215ffffffff-2017-08,7
8426215ffffffff-2017-09,4
8426215ffffffff-2017-10,1
8426215ffffffff-2018-04,7
8426215ffffffff-2018-05,20
8426215ffffffff-2018-08,3
8426215ffffffff-2018-09,1
8426215ffffffff-2018-10,1
8426215ffffffff-2019-04,1
8426215ffffffff-2019-05,3
8426215ffffffff-2019-07,3
8426215ffffffff-2019-08,1
8426215ffffffff-2019-09,7
8426215ffffffff-2020-04,6
8426215ffffffff-2020-05,23
8426215ffffffff-2020-07,3
8426215ffffffff-2020-08,6
8426215ffffffff-2020-09,8
8426215ffffffff-2021-04,4
8426215ffffffff-2021-05,8
8426215ffffffff-2021-07,3
8426215ffffffff-2021-08,10
8426215ffffffff-2021-09,9
8426215ffffffff-2022-04,2
8426215ffffffff-2022-05,11
8426215ffffffff-2022-06,2
8426215ffffffff-2022-08,3
8426215ffffffff-2022-09,1
8426215ffffffff-2022-10,1
8426215ffffffff-2023-04,9
8426215ffffffff-2023-05,7
8426215ffffffff-2023-08,4
8426215ffffffff-2023-09,6
8426217ffffffff-2012-08,1
8426217ffffffff-2013-05,1
8426217ffffffff-2013-09,1
8426217ffffffff-2014-04,1
8426217ffffffff-2015-08,2
8426217ffffffff-2016-07,4
8426217ffffffff-2017-05,1
8426217ffffffff-2017-08,2
8426217ffffffff-2017-09,2
8426217ffffffff-2017-10,1
8426217ffffffff-2018-04,1
8426217ffffffff-2018-05,5
8426217ffffffff-2018-08,2
8426217ffffffff-2018-09,2
8426217ffffffff-2019-07,9
8426217ffffffff-2019-08,10
8426217ffffffff-2020-04,1
8426217ffffffff-2020-05,2
8426217ffffffff-2020-07,2
8426217ffffffff-2021-05,7
8426217ffffffff-2021-07,2
8426217ffffffff-2021-08,5
8426217ffffffff-2021-09,7
8426217ffffffff-2022-05,11
8426217ffffffff-2022-06,4
8426217ffffffff-2022-07,1
8426217ffffffff-2022-08,2
8426217ffffffff-2022-09,1
8426217ffffffff-2022-10,5
8426217ffffffff-2023-04,32
8426217ffffffff-2023-05,15
8426217ffffffff-2023-08,1
8426219ffffffff-2012-04,1
8426219ffffffff-2012-08,2
8426219ffffffff-2013-04,1
8426219ffffffff-2013-08,5
8426219ffffffff-2013-09,3
8426219ffffffff-2013-10,1
8426219ffffffff-2014-04,9
8426219ffffffff-2014-05,17
8426219ffffffff-2014-07,2
8426219ffffffff-2014-08,5
8426219ffffffff-2015-05,2
8426219ffffffff-2016-04,13
8426219ffffffff-2016-05,3
8426219ffffffff-2016-07,1
8426219ffffffff-2017-04,7
8426219ffffffff-2017-05,2
8426219ffffffff-2017-07,3
8426219ffffffff-2017-08,2
8426219ffffffff-2018-04,3
8426219ffffffff-2018-05,23
8426219ffffffff-2018-06,1
8426219ffffffff-2018-07,4
8426219ffffffff-2018-08,5
8426219ffffffff-2018-10,12
8426219ffffffff-2019-04,2
8426219ffffffff-2019-05,10
8426219ffffffff-2019-07,5
8426219ffffffff-2019-08,2
8426219ffffffff-2020-04,8
8426219ffffffff-2020-05,30
8426219ffffffff-2020-06,1
8426219ffffffff-2020-07,9
8426219ffffffff-2020-08,28
8426219ffffffff-2020-09,10
8426219ffffffff-2020-10,16
8426219ffffffff-2021-04,14
8426219ffffffff-2021-05,20
8426219ffffffff-2021-07,14
8426219ffffffff-2021-08,31
8426219ffffffff-2021-09,4
8426219ffffffff-2022-04,12
8426219ffffffff-2022-05,39
8426219ffffffff-2022-08,6
8426219ffffffff-2022-09,1
8426219ffffffff-2022-10,1
8426219ffffffff-2023-04,3
8426219ffffffff-2023-05,18
8426219ffffffff-2023-06,1
8426219ffffffff-2023-07,3
8426219ffffffff-2023-08,10
8426219ffffffff-2023-09,1
842621bffffffff-2012-04,1
842621bffffffff-2013-04,1
842621bffffffff-2013-05,2
842621bffffffff-2013-08,3
842621bffffffff-2014-05,4
842621bffffffff-2014-08,1
842621bffffffff-2014-10,1
842621bffffffff-2015-05,6
842621bffffffff-2015-08,2
842621bffffffff-2016-04,6
842621bffffffff-2016-05,3
842621bffffffff-2016-08,2
842621bffffffff-2017-04,4
842621bffffffff-2017-05,3
842621bffffffff-2017-08,10
842621bffffffff-2017-09,3
842621bffffffff-2018-04,6
842621bffffffff-2018-05,14
842621bffffffff-2018-07,3
842621bffffffff-2018-08,6
842621bffffffff-2018-09,6
842621bffffffff-2018-10,2
842621bffffffff-2019-04,3
842621bffffffff-2019-05,4
842621bffffffff-2020-04,36
842621bffffffff-2020-05,18
842621bffffffff-2020-07,3
842621bffffffff-2020-08,6
842621bffffffff-2020-09,3
842621bffffffff-2020-10,8
842621bffffffff-2021-04,13
842621bffffffff-2021-05,29
842621bffffffff-2021-08,15
842621bffffffff-2021-09,2
842621bffffffff-2021-10,3
842621bffffffff-2022-04,22
842621bffffffff-2022-05,8
842621bffffffff-2022-07,3
842621bffffffff-2022-08,9
842621bffffffff-2022-09,14
842621bffffffff-2022-10,8
842621bffffffff-2023-04,29
842621bffffffff-2023-05,19
842621bffffffff-2023-07,20
842621bffffffff-2023-08,9
842621bffffffff-2023-09,5
842621dffffffff-2012-08,4
842621dffffffff-2013-05,2
842621dffffffff-2014-05,2
842621dffffffff-2014-07,1
842621dffffffff-2014-08,5
842621dffffffff-2015-04,10
842621dffffffff-2015-05,7
842621dffffffff-2015-07,1
842621dffffffff-2015-08,5
842621dffffffff-2016-04,10
842621dffffffff-2016-05,43
842621dffffffff-2016-07,2
842621dffffffff-2016-08,17
842621dffffffff-2016-09,10
842621dffffffff-2016-10,7
842621dffffffff-2017-04,34
842621dffffffff-2017-05,30
842621dffffffff-2017-06,1
842621dffffffff-2017-07,6
842621dffffffff-2017-08,26
842621dffffffff-2017-10,4
842621dffffffff-2018-04,8
842621dffffffff-2018-05,21
842621dffffffff-2018-07,11
842621dffffffff-2018-08,46
842621dffffffff-2018-09,6
842621dffffffff-2018-10,4
842621dffffffff-2019-04,3
842621dffffffff-2019-05,22
842621dffffffff-2019-07,3
842621dffffffff-2019-08,18
842621dffffffff-2019-10,1
842621dffffffff-2020-04,22
842621dffffffff-2020-05,70
842621dffffffff-2020-07,12
842621dffffffff-2020-08,30
842621dffffffff-2020-09,5
842621dffffffff-2020-10,1
842621dffffffff-2021-04,23
842621dffffffff-2021-05,55
842621dffffffff-2021-06,1
842621dffffffff-2021-07,6
842621dffffffff-2021-08,28
842621dffffffff-2022-04,15
842621dffffffff-2022-05,52
842621dffffffff-2022-07,6
842621dffffffff-2022-08,42
842621dffffffff-2022-09,18
842621dffffffff-2022-10,5
842621dffffffff-2023-04,7
842621dffffffff-2023-05,37
842621dffffffff-2023-07,22
842621dffffffff-2023-08,34
842621dffffffff-2023-09,33
842621dffffffff-2023-10,1
8426221ffffffff-2014-05,1
8426221ffffffff-2015-04,2
8426221ffffffff-2016-07,1
8426221ffffffff-2017-10,1
8426221ffffffff-2018-05,4
8426221ffffffff-2018-07,13
8426221ffffffff-2019-05,3
8426221ffffffff-2020-04,1
8426221ffffffff-2021-04,1
8426221ffffffff-2021-07,1
8426221ffffffff-2021-08,4
8426221ffffffff-2022-04,1
8426221ffffffff-2022-05,3
8426221ffffffff-2022-07,1
8426221ffffffff-2023-05,4
8426221ffffffff-2023-08,1
8426221ffffffff-2023-09,2
8426223ffffffff-2012-08,4
8426223ffffffff-2013-04,3
8426223ffffffff-2013-08,5
8426223ffffffff-2014-04,1
8426223ffffffff-2014-05,1
8426223ffffffff-2015-04,1
8426223ffffffff-2015-05,7
8426223ffffffff-2015-06,1
8426223ffffffff-2015-08,2
8426223ffffffff-2016-04,1
8426223ffffffff-2016-05,1
8426223ffffffff-2016-08,1
8426223ffffffff-2017-04,5
8426223ffffffff-2017-05,4
8426223ffffffff-2017-07,6
8426223ffffffff-2017-08,8
8426223ffffffff-2018-04,1
8426223ffffffff-2018-05,1
8426223ffffffff-2018-08,4
8426223ffffffff-2018-09,1
8426223ffffffff-2019-04,12
8426223ffffffff-2019-05,1
8426223ffffffff-2019-08,3
8426223ffffffff-2020-04,2
8426223ffffffff-2020-07,2
8426223ffffffff-2020-08,7
8426223ffffffff-2021-04,3
8426223ffffffff-2021-05,8
8426223ffffffff-2021-07,1
8426223ffffffff-2021-08,1
8426223ffffffff-2022-04,11
8426223ffffffff-2022-05,4
8426223ffffffff-2022-07,2
8426223ffffffff-2022-08,3
8426223ffffffff-2022-09,15
8426223ffffffff-2022-10,1
8426223ffffffff-2023-04,11
8426223ffffffff-2023-05,10
8426223ffffffff-2023-07,2
8426223ffffffff-2023-08,1
8426223ffffffff-2023-09,1
8426225ffffffff-2015-05,1
8426225ffffffff-2015-09,1
8426225ffffffff-2016-05,1
8426225ffffffff-2017-07,4
8426225ffffffff-2017-08,6
8426225ffffffff-2017-09,1
8426225ffffffff-2018-05,2
8426225ffffffff-2020-08,1
8426225ffffffff-2021-04,2
8426225ffffffff-2021-05,1
8426225ffffffff-2021-06,1
8426225ffffffff-2021-08,1
8426225ffffffff-2022-04,1
8426225ffffffff-2023-04,1
8426227ffffffff-2012-08,2
8426227ffffffff-2013-04,1
8426227ffffffff-2013-08,2
8426227ffffffff-2015-04,7
8426227ffffffff-2015-05,6
8426227ffffffff-2015-07,3
8426227ffffffff-2015-08,1
8426227ffffffff-2015-09,4
8426227ffffffff-2016-04,2
8426227ffffffff-2016-07,1
8426227ffffffff-2016-08,2
8426227ffffffff-2016-09,1
8426227ffffffff-2017-04,1
8426227ffffffff-2017-05,2
8426227ffffffff-2017-08,2
8426227ffffffff-2018-05,2
8426227ffffffff-2018-07,1
8426227ffffffff-2018-08,4
8426227ffffffff-2018-10,2
8426227ffffffff-2019-09,8
8426227ffffffff-2020-07,2
8426227ffffffff-2020-08,1
8426227ffffffff-2021-04,2
8426227ffffffff-2021-07,4
8426227ffffffff-2021-08,9
8426227ffffffff-2021-09,1
8426227ffffffff-2022-04,1
8426227ffffffff-2022-05,2
8426227ffffffff-2022-08,1
8426227ffffffff-2023-04,1
8426227ffffffff-2023-07,7
8426227ffffffff-2023-08,1
8426229ffffffff-2014-05,1
8426229ffffffff-2015-07,1
8426229ffffffff-2016-04,8
8426229ffffffff-2016-05,5
8426229ffffffff-2016-07,1
8426229ffffffff-2016-09,1
8426229ffffffff-2017-07,6
8426229ffffffff-2017-08,2
8426229ffffffff-2018-04,3
8426229ffffffff-2018-05,12
8426229ffffffff-2018-10,1
8426229ffffffff-2019-04,1
8426229ffffffff-2019-08,3
8426229ffffffff-2020-05,1
8426229ffffffff-2020-08,2
8426229ffffffff-2021-04,1
8426229ffffffff-2021-05,1
8426229ffffffff-2021-07,8
8426229ffffffff-2021-08,2
8426229ffffffff-2022-04,1
8426229ffffffff-2022-05,2
8426229ffffffff-2022-06,1
8426229ffffffff-2022-08,1
8426229ffffffff-2022-09,1
8426229ffffffff-2023-04,5
8426229ffffffff-2023-05,5
8426229ffffffff-2023-07,2
8426229ffffffff-2023-08,3
842622bffffffff-2012-05,2
842622bffffffff-2012-08,7
842622bffffffff-2013-05,2
842622bffffffff-2013-08,7
842622bffffffff-2014-04,1
842622bffffffff-2014-08,3
842622bffffffff-2014-10,2
842622bffffffff-2015-05,2
842622bffffffff-2016-05,1
842622bffffffff-2016-07,9
842622bffffffff-2016-08,7
842622bffffffff-2016-09,8
842622bffffffff-2017-04,6
842622bffffffff-2017-05,2
842622bffffffff-2017-07,12
842622bffffffff-2017-08,26
842622bffffffff-2017-09,1
842622bffffffff-2017-10,1
842622bffffffff-2018-05,13
842622bffffffff-2018-07,5
842622bffffffff-2018-10,1
842622bffffffff-2019-04,1
842622bffffffff-2019-05,4
842622bffffffff-2019-08,5
842622bffffffff-2020-07,9
842622bffffffff-2020-08,12
842622bffffffff-2020-09,1
842622bffffffff-2020-10,1
842622bffffffff-2021-04,1
842622bffffffff-2021-05,10
842622bffffffff-2021-07,7
842622bffffffff-2021-08,10
842622bffffffff-2021-10,2
842622bffffffff-2022-04,5
842622bffffffff-2022-05,3
842622bffffffff-2022-07,14
842622bffffffff-2022-08,6
842622bffffffff-2022-09,3
842622bffffffff-2022-10,1
842622bffffffff-2023-04,1
842622bffffffff-2023-05,6
842622bffffffff-2023-06,1
842622bffffffff-2023-07,8
842622bffffffff-2023-08,4
842622bffffffff-2023-09,9
842622dffffffff-2013-09,1
842622dffffffff-2014-07,3
842622dffffffff-2015-04,4
842622dffffffff-2015-10,1
842622dffffffff-2016-05,3
842622dffffffff-2016-06,1
842622dffffffff-2017-04,1
842622dffffffff-2017-06,1
842622dffffffff-2017-07,5
842622dffffffff-2017-08,3
842622dffffffff-2017-09,2
842622dffffffff-2018-04,1
842622dffffffff-2018-05,3
842622dffffffff-2018-07,1
842622dffffffff-2018-08,3
842622dffffffff-2018-09,1
842622dffffffff-2018-10,13
842622dffffffff-2019-09,2
842622dffffffff-2020-05,3
842622dffffffff-2020-07,1
842622dffffffff-2020-08,18
842622dffffffff-2021-04,1
842622dffffffff-2021-05,2
842622dffffffff-2021-08,7
842622dffffffff-2021-10,2
842622dffffffff-2022-04,1
842622dffffffff-2022-05,6
842622dffffffff-2022-08,1
842622dffffffff-2023-04,1
842622dffffffff-2023-05,1
842622dffffffff-2023-07,1
842622dffffffff-2023-11,1
8426231ffffffff-2012-03,3
8426231ffffffff-2012-07,4
8426231ffffffff-2012-08,1
8426231ffffffff-2013-04,4
8426231ffffffff-2013-05,1
8426231ffffffff-2013-07,2
8426231ffffffff-2013-08,1
8426231ffffffff-2013-09,1
8426231ffffffff-2014-04,7
8426231ffffffff-2014-05,1
8426231ffffffff-2014-08,1
8426231ffffffff-2014-09,2
8426231ffffffff-2014-10,1
8426231ffffffff-2014-11,1
8426231ffffffff-2015-04,16
8426231ffffffff-2015-05,15
8426231ffffffff-2015-07,4
8426231ffffffff-2015-08,11
8426231ffffffff-2015-09,1
8426231ffffffff-2015-10,6
8426231ffffffff-2016-04,27
8426231ffffffff-2016-05,14
8426231ffffffff-2016-06,5
8426231ffffffff-2016-07,13
8426231ffffffff-2016-08,3
8426231ffffffff-2016-09,12
8426231ffffffff-2016-10,7
8426231ffffffff-2017-04,35
8426231ffffffff-2017-05,15
8426231ffffffff-2017-06,2
8426231ffffffff-2017-07,10
8426231ffffffff-2017-08,8
8426231ffffffff-2017-09,11
8426231ffffffff-2017-11,1
8426231ffffffff-2018-04,11
8426231ffffffff-2018-05,67
8426231ffffffff-2018-07,9
8426231ffffffff-2018-08,19
8426231ffffffff-2018-09,13
8426231ffffffff-2019-04,6
8426231ffffffff-2019-05,6
8426231ffffffff-2019-07,10
8426231ffffffff-2019-08,7
8426231ffffffff-2019-09,4
8426231ffffffff-2020-04,2
8426231ffffffff-2020-05,13
8426231ffffffff-2020-06,2
8426231ffffffff-2020-07,15
8426231ffffffff-2020-08,7
8426231ffffffff-2020-09,10
8426231ffffffff-2020-10,8
8426231ffffffff-2020-11,3
8426231ffffffff-2021-04,10
8426231ffffffff-2021-05,29
8426231ffffffff-2021-07,6
8426231ffffffff-2021-08,17
8426231ffffffff-2021-09,5
8426231ffffffff-2021-10,4
8426231ffffffff-2022-04,8
8426231ffffffff-2022-05,21
8426231ffffffff-2022-06,1
8426231ffffffff-2022-07,4
8426231ffffffff-2022-08,2
8426231ffffffff-2022-09,3
8426231ffffffff-2022-10,2
8426231ffffffff-2022-11,1
8426231ffffffff-2023-04,24
8426231ffffffff-2023-06,1
8426231ffffffff-2023-07,9
8426231ffffffff-2023-08,4
8426231ffffffff-2023-09,4
8426231ffffffff-2023-11,1
8426233ffffffff-2012-03,3
8426233ffffffff-2012-04,1
8426233ffffffff-2012-05,1
8426233ffffffff-2012-07,1
8426233ffffffff-2013-07,1
8426233ffffffff-2015-05,2
8426233ffffffff-2015-09,2
8426233ffffffff-2017-04,3
8426233ffffffff-2017-07,1
8426233ffffffff-2017-08,2
8426233ffffffff-2017-09,1
8426233ffffffff-2018-04,4
8426233ffffffff-2018-05,21
8426233ffffffff-2018-07,1
8426233ffffffff-2018-08,3
8426233ffffffff-2018-10,1
8426233ffffffff-2019-04,4
8426233ffffffff-2019-05,14
8426233ffffffff-2020-04,98
8426233ffffffff-2020-05,31
8426233ffffffff-2020-06,1
8426233ffffffff-2020-07,4
8426233ffffffff-2020-08,4
8426233ffffffff-2020-09,11
8426233ffffffff-2021-03,1
8426233ffffffff-2021-04,33
8426233ffffffff-2021-05,31
8426233ffffffff-2021-06,2
8426233ffffffff-2021-07,9
8426233ffffffff-2021-08,4
8426233ffffffff-2022-04,5
8426233ffffffff-2022-05,10
8426233ffffffff-2022-07,2
8426233ffffffff-2022-08,3
8426233ffffffff-2022-10,2
8426233ffffffff-2023-04,12
8426233ffffffff-2023-05,4
8426233ffffffff-2023-07,7
8426233ffffffff-2023-08,14
8426233ffffffff-2023-09,8
8426235ffffffff-2012-03,1
8426235ffffffff-2012-04,7
8426235ffffffff-2012-05,2
8426235ffffffff-2012-08,3
8426235ffffffff-2013-04,3
8426235ffffffff-2013-08,5
8426235ffffffff-2014-04,9
8426235ffffffff-2014-05,12
8426235ffffffff-2014-08,4
8426235ffffffff-2014-10,1
8426235ffffffff-2015-04,28
8426235ffffffff-2015-05,21
8426235ffffffff-2015-08,6
8426235ffffffff-2016-04,10
8426235ffffffff-2016-05,5
8426235ffffffff-2016-07,7
8426235ffffffff-2016-08,30
8426235ffffffff-2016-09,1
8426235ffffffff-2017-04,18
8426235ffffffff-2017-05,2
8426235ffffffff-2017-07,13
8426235ffffffff-2017-08,19
8426235ffffffff-2017-09,4
8426235ffffffff-2018-04,16
8426235ffffffff-2018-05,8
8426235ffffffff-2018-08,1
8426235ffffffff-2019-04,23
8426235ffffffff-2019-05,5
8426235ffffffff-2019-06,1
8426235ffffffff-2019-07,2
8426235ffffffff-2019-08,4
8426235ffffffff-2020-04,8
8426235ffffffff-2020-05,5
8426235ffffffff-2020-06,3
8426235ffffffff-2020-07,3
8426235ffffffff-2020-08,6
8426235ffffffff-2020-09,2
8426235ffffffff-2020-10,1
8426235ffffffff-2021-04,16
8426235ffffffff-2021-05,8
8426235ffffffff-2021-07,7
8426235ffffffff-2021-08,10
8426235ffffffff-2021-09,1
8426235ffffffff-2022-04,14
8426235ffffffff-2022-05,12
8426235ffffffff-2022-07,1
8426235ffffffff-2022-08,2
8426235ffffffff-2023-04,107
8426235ffffffff-2023-05,3
8426235ffffffff-2023-06,1
8426235ffffffff-2023-07,12
8426235ffffffff-2023-08,19
8426235ffffffff-2023-09,5
8426235ffffffff-2023-10,1
8426237ffffffff-2012-04,1
8426237ffffffff-2013-04,2
8426237ffffffff-2015-04,1
8426237ffffffff-2015-05,2
8426237ffffffff-2016-04,2
8426237ffffffff-2016-06,1
8426237ffffffff-2016-08,1
8426237ffffffff-2017-04,4
8426237ffffffff-2017-05,9
8426237ffffffff-2017-08,7
8426237ffffffff-2017-09,5
8426237ffffffff-2018-04,6
8426237ffffffff-2018-05,6
8426237ffffffff-2018-07,3
8426237ffffffff-2018-08,9
8426237ffffffff-2018-09,2
8426237ffffffff-2018-10,2
8426237ffffffff-2019-04,4
8426237ffffffff-2019-05,5
8426237ffffffff-2019-06,2
8426237ffffffff-2019-07,1
8426237ffffffff-2019-08,12
8426237ffffffff-2019-09,4
8426237ffffffff-2019-10,4
8426237ffffffff-2020-04,42
8426237ffffffff-2020-05,6
8426237ffffffff-2020-08,6
8426237ffffffff-2020-09,3
8426237ffffffff-2020-10,2
8426237ffffffff-2021-03,2
8426237ffffffff-2021-04,34
8426237ffffffff-2021-05,6
8426237ffffffff-2021-07,2
8426237ffffffff-2021-08,1
8426237ffffffff-2021-09,4
8426237ffffffff-2021-10,1
8426237ffffffff-2022-04,7
8426237ffffffff-2022-05,11
8426237ffffffff-2022-08,1
8426237ffffffff-2022-10,2
8426237ffffffff-2023-04,22
8426237ffffffff-2023-05,17
8426237ffffffff-2023-06,1
8426237ffffffff-2023-07,10
8426237ffffffff-2023-08,12
8426237ffffffff-2023-09,15
8426237ffffffff-2023-10,1
8426239ffffffff-2013-08,2
8426239ffffffff-2014-08,1
8426239ffffffff-2014-09,1
8426239ffffffff-2014-10,2
8426239ffffffff-2016-08,5
8426239ffffffff-2017-07,7
8426239ffffffff-2017-08,5
8426239ffffffff-2017-09,1
8426239ffffffff-2017-10,1
8426239ffffffff-2018-04,4
8426239ffffffff-2018-05,5
8426239ffffffff-2018-09,1
8426239ffffffff-2019-04,2
8426239ffffffff-2019-05,5
8426239ffffffff-2019-09,3
8426239ffffffff-2020-04,7
8426239ffffffff-2020-05,19
8426239ffffffff-2020-07,5
8426239ffffffff-2020-08,2
8426239ffffffff-2020-09,22
8426239ffffffff-2020-10,3
8426239ffffffff-2021-08,5
8426239ffffffff-2021-09,4
8426239ffffffff-2021-10,1
8426239ffffffff-2022-05,1
8426239ffffffff-2022-07,1
8426239ffffffff-2022-08,2
8426239ffffffff-2022-09,3
8426239ffffffff-2023-04,3
8426239ffffffff-2023-05,1
8426239ffffffff-2023-07,11
8426239ffffffff-2023-08,55
8426239ffffffff-2023-09,1
8426239ffffffff-2023-10,5
8426239ffffffff-2023-11,1
842623bffffffff-2013-05,1
842623bffffffff-2013-08,2
842623bffffffff-2014-04,1
842623bffffffff-2014-05,1
842623bffffffff-2014-10,1
842623bffffffff-2015-05,3
842623bffffffff-2015-07,1
842623bffffffff-2015-08,9
842623bffffffff-2016-04,4
842623bffffffff-2016-08,3
842623bffffffff-2017-04,3
842623bffffffff-2017-05,1
842623bffffffff-2017-07,2
842623bffffffff-2017-08,3
842623bffffffff-2017-09,2
842623bffffffff-2018-04,5
842623bffffffff-2018-05,2
842623bffffffff-2018-08,5
842623bffffffff-2018-09,2
842623bffffffff-2018-10,1
842623bffffffff-2019-04,6
842623bffffffff-2019-05,5
842623bffffffff-2019-07,3
842623bffffffff-2019-08,4
842623bffffffff-2019-09,1
842623bffffffff-2020-04,3
842623bffffffff-2020-05,3
842623bffffffff-2020-07,2
842623bffffffff-2020-08,1
842623bffffffff-2020-09,1
842623bffffffff-2020-10,1
842623bffffffff-2021-05,28
842623bffffffff-2021-07,3
842623bffffffff-2021-08,3
842623bffffffff-2021-09,4
842623bffffffff-2021-10,1
842623bffffffff-2022-04,1
842623bffffffff-2022-05,16
842623bffffffff-2022-07,1
842623bffffffff-2022-08,4
842623bffffffff-2022-09,1
842623bffffffff-2023-04,2
842623bffffffff-2023-05,2
842623bffffffff-2023-08,8
842623bffffffff-2023-09,1
842623dffffffff-2013-04,1
842623dffffffff-2013-08,1
842623dffffffff-2014-08,1
842623dffffffff-2015-04,7
842623dffffffff-2015-05,4
842623dffffffff-2015-08,4
842623dffffffff-2016-04,7
842623dffffffff-2016-07,2
842623dffffffff-2016-08,1
842623dffffffff-2017-04,10
842623dffffffff-2017-05,2
842623dffffffff-2017-07,6
842623dffffffff-2017-08,1
842623dffffffff-2018-03,1
842623dffffffff-2018-04,3
842623dffffffff-2018-05,8
842623dffffffff-2018-08,1
842623dffffffff-2018-10,1
842623dffffffff-2019-04,3
842623dffffffff-2019-05,11
842623dffffffff-2019-08,11
842623dffffffff-2019-09,4
842623dffffffff-2020-04,3
842623dffffffff-2020-05,1
842623dffffffff-2020-07,57
842623dffffffff-2020-08,42
842623dffffffff-2020-09,17
842623dffffffff-2020-10,2
842623dffffffff-2021-04,5
842623dffffffff-2021-05,31
842623dffffffff-2021-07,4
842623dffffffff-2021-08,14
842623dffffffff-2022-04,9
842623dffffffff-2022-05,3
842623dffffffff-2022-07,9
842623dffffffff-2022-08,5
842623dffffffff-2022-09,2
842623dffffffff-2022-10,2
842623dffffffff-2023-04,52
842623dffffffff-2023-05,7
842623dffffffff-2023-06,1
842623dffffffff-2023-07,54
842623dffffffff-2023-08,9
842623dffffffff-2023-09,2
842623dffffffff-2023-10,2
8426241ffffffff-2012-05,1
8426241ffffffff-2013-08,1
8426241ffffffff-2014-08,1
8426241ffffffff-2017-05,4
8426241ffffffff-2018-04,2
8426241ffffffff-2018-05,2
8426241ffffffff-2018-08,2
8426241ffffffff-2021-05,4
8426241ffffffff-2021-07,2
8426241ffffffff-2022-05,1
8426241ffffffff-2023-04,2
8426241ffffffff-2023-08,2
8426243ffffffff-2014-05,2
8426243ffffffff-2014-09,2
8426243ffffffff-2018-08,2
8426243ffffffff-2019-08,2
8426243ffffffff-2020-07,4
8426243ffffffff-2022-05,1
8426245ffffffff-2013-04,2
8426245ffffffff-2013-09,2
8426245ffffffff-2014-04,2
8426245ffffffff-2014-05,2
8426245ffffffff-2014-08,2
8426245ffffffff-2014-09,2
8426245ffffffff-2015-04,6
8426245ffffffff-2015-05,14
8426245ffffffff-2016-07,1
8426245ffffffff-2017-04,1
8426245ffffffff-2017-05,18
8426245ffffffff-2017-06,2
8426245ffffffff-2017-07,2
8426245ffffffff-2018-05,15
8426245ffffffff-2018-07,1
8426245ffffffff-2018-08,5
8426245ffffffff-2018-09,2
8426245ffffffff-2019-05,9
8426245ffffffff-2019-07,4
8426245ffffffff-2019-08,2
8426245ffffffff-2021-04,5
8426245ffffffff-2021-05,11
8426245ffffffff-2021-07,3
8426245ffffffff-2021-08,35
8426245ffffffff-2021-09,8
8426245ffffffff-2022-04,9
8426245ffffffff-2022-05,6
8426245ffffffff-2022-08,1
8426245ffffffff-2023-05,3
8426245ffffffff-2023-08,24
8426245ffffffff-2023-09,7
8426245ffffffff-2023-10,1
8426247ffffffff-2017-04,2
8426247ffffffff-2019-04,2
8426247ffffffff-2020-05,2
8426247ffffffff-2021-05,2
8426247ffffffff-2021-07,1
8426247ffffffff-2021-08,1
8426247ffffffff-2021-09,1
8426247ffffffff-2022-04,1
8426247ffffffff-2023-08,1
8426249ffffffff-2016-05,4
8426249ffffffff-2017-04,8
8426249ffffffff-2017-07,2
8426249ffffffff-2017-08,8
8426249ffffffff-2018-04,6
8426249ffffffff-2018-05,8
8426249ffffffff-2018-06,4
8426249ffffffff-2018-07,1
8426249ffffffff-2018-08,4
8426249ffffffff-2018-10,2
8426249ffffffff-2019-04,4
8426249ffffffff-2019-05,22
8426249ffffffff-2019-08,14
8426249ffffffff-2020-04,2
8426249ffffffff-2020-05,6
8426249ffffffff-2020-07,4
8426249ffffffff-2020-08,19
8426249ffffffff-2020-09,10
8426249ffffffff-2021-04,7
8426249ffffffff-2021-05,24
8426249ffffffff-2021-07,11
8426249ffffffff-2021-08,13
8426249ffffffff-2022-04,6
8426249ffffffff-2022-05,12
8426249ffffffff-2022-06,1
8426249ffffffff-2022-07,2
8426249ffffffff-2022-08,3
8426249ffffffff-2023-04,1
8426249ffffffff-2023-08,3
842624bffffffff-2013-05,1
842624bffffffff-2014-08,5
842624bffffffff-2016-05,2
842624bffffffff-2017-05,4
842624bffffffff-2017-08,5
842624bffffffff-2018-04,2
842624bffffffff-2018-05,6
842624bffffffff-2018-07,2
842624bffffffff-2018-08,17
842624bffffffff-2018-09,14
842624bffffffff-2019-05,3
842624bffffffff-2019-08,13
842624bffffffff-2019-09,1
842624bffffffff-2020-05,7
842624bffffffff-2020-07,1
842624bffffffff-2020-08,9
842624bffffffff-2020-09,6
842624bffffffff-2020-10,4
842624bffffffff-2021-05,23
842624bffffffff-2021-06,2
842624bffffffff-2021-08,17
842624bffffffff-2021-09,2
842624bffffffff-2022-04,2
842624bffffffff-2022-05,18
842624bffffffff-2022-06,1
842624bffffffff-2022-07,1
842624bffffffff-2022-08,9
842624bffffffff-2022-09,2
842624bffffffff-2023-05,12
842624bffffffff-2023-07,3
842624bffffffff-2023-08,8
842624bffffffff-2023-09,6
842624dffffffff-2017-07,2
842624dffffffff-2021-05,1
842624dffffffff-2023-05,4
8426251ffffffff-2014-04,1
8426251ffffffff-2015-04,6
8426251ffffffff-2015-05,4
8426251ffffffff-2016-04,8
8426251ffffffff-2017-04,4
8426251ffffffff-2018-04,2
8426251ffffffff-2018-05,7
8426251ffffffff-2019-04,3
8426251ffffffff-2020-05,9
8426251ffffffff-2021-04,1
8426251ffffffff-2021-05,1
8426251ffffffff-2021-08,6
8426251ffffffff-2022-04,2
8426251ffffffff-2022-09,2
8426251ffffffff-2023-04,2
8426251ffffffff-2023-08,5
8426253ffffffff-2013-08,2
8426253ffffffff-2016-04,2
8426253ffffffff-2016-05,6
8426253ffffffff-2016-07,1
8426253ffffffff-2016-09,1
8426253ffffffff-2017-05,1
8426253ffffffff-2017-08,3
8426253ffffffff-2017-09,2
8426253ffffffff-2018-07,1
8426253ffffffff-2018-08,2
8426253ffffffff-2018-09,2
8426253ffffffff-2018-10,1
8426253ffffffff-2019-04,1
8426253ffffffff-2019-05,1
8426253ffffffff-2019-07,3
8426253ffffffff-2019-08,2
8426253ffffffff-2020-05,8
8426253ffffffff-2020-07,12
8426253ffffffff-2020-08,40
8426253ffffffff-2020-09,1
8426253ffffffff-2021-04,1
8426253ffffffff-2021-05,5
8426253ffffffff-2021-08,2
8426253ffffffff-2022-05,6
8426253ffffffff-2022-08,12
8426253ffffffff-2023-07,7
8426253ffffffff-2023-08,9
8426253ffffffff-2023-09,1
8426255ffffffff-2014-05,4
8426255ffffffff-2015-05,1
8426255ffffffff-2015-08,1
8426255ffffffff-2016-05,1
8426255ffffffff-2017-04,1
8426255ffffffff-2017-05,1
8426255ffffffff-2017-08,1
8426255ffffffff-2018-05,3
8426255ffffffff-2019-05,17
8426255ffffffff-2020-04,2
8426255ffffffff-2020-05,4
8426255ffffffff-2020-08,2
8426255ffffffff-2021-04,1
8426255ffffffff-2021-05,16
8426255ffffffff-2021-08,16
8426255ffffffff-2021-09,1
8426255ffffffff-2023-04,1
8426255ffffffff-2023-05,2
8426255ffffffff-2023-09,1
8426257ffffffff-2012-04,1
8426257ffffffff-2013-08,4
8426257ffffffff-2014-04,1
8426257ffffffff-2014-05,5
8426257ffffffff-2014-08,2
8426257ffffffff-2015-04,10
8426257ffffffff-2015-05,2
8426257ffffffff-2016-05,7
8426257ffffffff-2016-07,3
8426257ffffffff-2016-08,4
8426257ffffffff-2017-04,3
8426257ffffffff-2017-05,1
8426257ffffffff-2017-07,4
8426257ffffffff-2017-08,2
8426257ffffffff-2018-04,1
8426257ffffffff-2018-05,13
8426257ffffffff-2018-08,3
8426257ffffffff-2018-09,5
8426257ffffffff-2019-04,1
8426257ffffffff-2019-07,3
8426257ffffffff-2019-08,26
8426257ffffffff-2019-09,8
8426257ffffffff-2020-05,3
8426257ffffffff-2020-07,6
8426257ffffffff-2021-04,1
8426257ffffffff-2021-05,11
8426257ffffffff-2021-07,8
8426257ffffffff-2021-08,1
8426257ffffffff-2022-04,2
8426257ffffffff-2022-05,12
8426257ffffffff-2022-07,1
8426257ffffffff-2022-08,3
8426257ffffffff-2022-09,1
8426257ffffffff-2023-04,8
8426257ffffffff-2023-05,7
8426257ffffffff-2023-07,2
8426257ffffffff-2023-08,8
8426257ffffffff-2023-09,3
8426259ffffffff-2012-08,1
8426259ffffffff-2013-05,1
8426259ffffffff-2014-05,1
8426259ffffffff-2015-05,5
8426259ffffffff-2015-08,3
8426259ffffffff-2017-04,2
8426259ffffffff-2017-05,8
8426259ffffffff-2017-07,4
8426259ffffffff-2017-08,1
8426259ffffffff-2018-05,1
8426259ffffffff-2018-08,8
8426259ffffffff-2019-05,9
8426259ffffffff-2019-08,5
8426259ffffffff-2020-04,5
8426259ffffffff-2020-05,2
8426259ffffffff-2021-05,13
8426259ffffffff-2022-04,1
8426259ffffffff-2022-05,22
8426259ffffffff-2022-07,3
8426259ffffffff-2022-08,1
8426259ffffffff-2022-10,2
8426259ffffffff-2023-04,4
8426259ffffffff-2023-05,3
842625bffffffff-2019-08,1
842625dffffffff-2015-05,5
842625dffffffff-2019-05,1
842625dffffffff-2019-08,2
842625dffffffff-2020-05,1
842625dffffffff-2021-05,1
842625dffffffff-2021-08,1
842625dffffffff-2022-04,2
842625dffffffff-2022-05,2
842625dffffffff-2023-04,1
842625dffffffff-2023-05,1
8426261ffffffff-2012-04,1
8426261ffffffff-2012-05,1
8426261ffffffff-2013-04,1
8426261ffffffff-2013-05,2
8426261ffffffff-2014-05,1
8426261ffffffff-2017-04,3
8426261ffffffff-2018-07,1
8426261ffffffff-2019-05,2
8426261ffffffff-2020-05,8
8426261ffffffff-2020-07,1
8426261ffffffff-2021-05,7
8426261ffffffff-2021-08,2
8426261ffffffff-2022-05,4
8426261ffffffff-2023-04,4
8426261ffffffff-2023-05,9
8426261ffffffff-2023-07,1
8426263ffffffff-2012-07,2
8426263ffffffff-2013-04,1
8426263ffffffff-2013-05,1
8426263ffffffff-2014-05,1
8426263ffffffff-2016-09,1
8426263ffffffff-2017-08,3
8426263ffffffff-2018-05,1
8426263ffffffff-2018-08,3
8426263ffffffff-2019-05,2
8426263ffffffff-2019-07,9
8426263ffffffff-2019-08,3
8426263ffffffff-2020-04,5
8426263ffffffff-2020-05,1
8426263ffffffff-2020-07,14
8426263ffffffff-2020-08,3
8426263ffffffff-2021-04,1
8426263ffffffff-2021-05,6
8426263ffffffff-2021-08,2
8426263ffffffff-2021-09,2
8426263ffffffff-2022-04,2
8426263ffffffff-2022-05,1
8426263ffffffff-2022-07,1
8426263ffffffff-2022-08,9
8426263ffffffff-2022-09,3
8426263ffffffff-2023-04,3
8426263ffffffff-2023-05,1
8426263ffffffff-2023-07,1
8426263ffffffff-2023-08,1
8426265ffffffff-2013-07,1
8426265ffffffff-2014-04,1
8426265ffffffff-2014-08,1
8426265ffffffff-2015-07,6
8426265ffffffff-2017-05,2
8426265ffffffff-2017-07,1
8426265ffffffff-2017-08,2
8426265ffffffff-2018-04,3
8426265ffffffff-2018-05,8
8426265ffffffff-2018-07,11
8426265ffffffff-2018-08,2
8426265ffffffff-2018-10,1
8426265ffffffff-2019-05,3
8426265ffffffff-2019-07,1
8426265ffffffff-2019-08,3
8426265ffffffff-2020-05,5
8426265ffffffff-2020-09,1
8426265ffffffff-2021-05,1
8426265ffffffff-2021-08,2
8426265ffffffff-2022-05,2
8426265ffffffff-2022-06,1
8426265ffffffff-2022-07,1
8426265ffffffff-2022-09,1
8426265ffffffff-2023-05,7
8426265ffffffff-2023-06,2
8426265ffffffff-2023-07,1
8426265ffffffff-2023-08,4
8426267ffffffff-2012-05,1
8426267ffffffff-2013-08,1
8426267ffffffff-2018-05,2
8426267ffffffff-2018-08,1
8426267ffffffff-2019-04,1
8426267ffffffff-2019-05,3
8426267ffffffff-2020-05,3
8426267ffffffff-2020-08,2
8426267ffffffff-2021-05,2
8426267ffffffff-2022-05,2
8426267ffffffff-2022-08,4
8426267ffffffff-2022-09,1
8426267ffffffff-2023-05,2
8426267ffffffff-2023-07,1
8426269ffffffff-2013-05,1
8426269ffffffff-2014-04,1
8426269ffffffff-2014-05,4
8426269ffffffff-2015-07,1
8426269ffffffff-2016-04,5
8426269ffffffff-2016-05,7
8426269ffffffff-2017-08,3
8426269ffffffff-2017-09,1
8426269ffffffff-2018-04,2
8426269ffffffff-2018-05,5
8426269ffffffff-2018-08,3
8426269ffffffff-2018-10,3
8426269ffffffff-2019-04,1
8426269ffffffff-2019-05,12
8426269ffffffff-2019-07,3
8426269ffffffff-2019-08,2
8426269ffffffff-2019-09,2
8426269ffffffff-2020-04,10
8426269ffffffff-2020-05,27
8426269ffffffff-2020-07,17
8426269ffffffff-2020-08,5
8426269ffffffff-2020-09,1
8426269ffffffff-2021-04,4
8426269ffffffff-2021-05,10
8426269ffffffff-2022-04,11
8426269ffffffff-2022-05,8
8426269ffffffff-2023-04,19
8426269ffffffff-2023-05,15
842626bffffffff-2013-04,1
842626bffffffff-2016-04,1
842626bffffffff-2016-05,1
842626bffffffff-2016-09,2
842626bffffffff-2017-04,5
842626bffffffff-2017-07,1
842626bffffffff-2018-05,1
842626bffffffff-2019-05,2
842626bffffffff-2019-07,1
842626bffffffff-2020-05,2
842626bffffffff-2020-07,2
842626bffffffff-2020-09,4
842626bffffffff-2021-04,1
842626bffffffff-2021-05,3
842626bffffffff-2021-08,1
842626bffffffff-2021-09,2
842626bffffffff-2022-04,3
842626bffffffff-2022-05,3
842626bffffffff-2022-10,6
842626bffffffff-2023-04,16
842626bffffffff-2023-05,4
842626bffffffff-2023-07,1
842626bffffffff-2023-08,6
842626bffffffff-2023-09,2
842626dffffffff-2012-07,1
842626dffffffff-2012-08,4
842626dffffffff-2013-05,3
842626dffffffff-2013-06,1
842626dffffffff-2013-07,2
842626dffffffff-2013-08,10
842626dffffffff-2013-09,4
842626dffffffff-2013-10,1
842626dffffffff-2014-04,1
842626dffffffff-2014-05,2
842626dffffffff-2014-08,3
842626dffffffff-2015-04,2
842626dffffffff-2015-05,1
842626dffffffff-2015-06,4
842626dffffffff-2015-07,2
842626dffffffff-2016-04,3
842626dffffffff-2016-05,20
842626dffffffff-2016-07,8
842626dffffffff-2016-08,2
842626dffffffff-2017-04,9
842626dffffffff-2017-05,3
842626dffffffff-2017-06,3
842626dffffffff-2017-08,2
842626dffffffff-2017-10,3
842626dffffffff-2018-04,3
842626dffffffff-2018-05,24
842626dffffffff-2018-06,1
842626dffffffff-2018-07,7
842626dffffffff-2018-08,2
842626dffffffff-2018-09,5
842626dffffffff-2018-10,3
842626dffffffff-2019-04,2
842626dffffffff-2019-05,9
842626dffffffff-2019-07,1
842626dffffffff-2019-09,2
842626dffffffff-2020-04,1
842626dffffffff-2020-05,2
842626dffffffff-2020-07,4
842626dffffffff-2020-08,4
842626dffffffff-2020-09,6
842626dffffffff-2020-10,3
842626dffffffff-2021-04,9
842626dffffffff-2021-05,37
842626dffffffff-2021-06,4
842626dffffffff-2021-07,12
842626dffffffff-2021-08,15
842626dffffffff-2021-09,6
842626dffffffff-2021-10,1
842626dffffffff-2022-04,4
842626dffffffff-2022-05,41
842626dffffffff-2022-06,2
842626dffffffff-2022-07,18
842626dffffffff-2022-08,42
842626dffffffff-2022-09,5
842626dffffffff-2022-10,5
842626dffffffff-2023-04,13
842626dffffffff-2023-05,16
842626dffffffff-2023-07,22
842626dffffffff-2023-08,30
842626dffffffff-2023-09,15
842626dffffffff-2023-10,7
8426281ffffffff-2012-03,1
8426281ffffffff-2012-04,2
8426281ffffffff-2012-05,1
8426281ffffffff-2013-03,1
8426281ffffffff-2013-04,3
8426281ffffffff-2013-05,3
8426281ffffffff-2014-04,3
8426281ffffffff-2016-07,1
8426281ffffffff-2017-04,3
8426281ffffffff-2018-05,9
8426281ffffffff-2018-07,1
8426281ffffffff-2018-09,1
8426281ffffffff-2020-07,1
8426281ffffffff-2020-11,1
8426281ffffffff-2021-04,4
8426281ffffffff-2021-05,4
8426281ffffffff-2021-07,1
8426281ffffffff-2021-08,1
8426281ffffffff-2022-04,2
8426281ffffffff-2022-05,2
8426281ffffffff-2022-07,1
8426281ffffffff-2022-09,2
8426281ffffffff-2023-04,8
8426281ffffffff-2023-05,1
8426281ffffffff-2023-07,1
8426281ffffffff-2023-09,2
8426283ffffffff-2013-04,1
8426283ffffffff-2017-04,1
8426283ffffffff-2017-07,1
8426283ffffffff-2019-04,3
8426283ffffffff-2019-07,5
8426283ffffffff-2019-08,1
8426283ffffffff-2020-04,7
8426283ffffffff-2020-05,4
8426283ffffffff-2020-07,1
8426283ffffffff-2021-04,3
8426283ffffffff-2022-04,2
8426283ffffffff-2022-05,5
8426283ffffffff-2022-09,1
8426283ffffffff-2023-03,1
8426283ffffffff-2023-04,3
8426283ffffffff-2023-05,3
8426283ffffffff-2023-07,2
8426283ffffffff-2023-08,1
8426283ffffffff-2023-09,4
8426283ffffffff-2023-10,5
8426285ffffffff-2012-05,1
8426285ffffffff-2013-04,2
8426285ffffffff-2013-07,1
8426285ffffffff-2013-09,3
8426285ffffffff-2015-04,1
8426285ffffffff-2015-08,5
8426285ffffffff-2015-09,1
8426285ffffffff-2015-10,1
8426285ffffffff-2016-04,1
8426285ffffffff-2016-05,1
8426285ffffffff-2016-07,1
8426285ffffffff-2016-08,1
8426285ffffffff-2017-04,2
8426285ffffffff-2017-05,3
8426285ffffffff-2017-08,5
8426285ffffffff-2017-09,4
8426285ffffffff-2017-10,3
8426285ffffffff-2018-04,2
8426285ffffffff-2018-05,4
8426285ffffffff-2018-07,1
8426285ffffffff-2018-08,1
8426285ffffffff-2019-04,2
8426285ffffffff-2019-08,3
8426285ffffffff-2019-09,4
8426285ffffffff-2020-07,1
8426285ffffffff-2020-08,10
8426285ffffffff-2020-09,3
8426285ffffffff-2020-10,1
8426285ffffffff-2021-04,1
8426285ffffffff-2021-05,2
8426285ffffffff-2021-08,5
8426285ffffffff-2021-09,2
8426285ffffffff-2022-05,1
8426285ffffffff-2022-08,1
8426285ffffffff-2022-09,2
8426285ffffffff-2023-05,1
8426285ffffffff-2023-07,1
8426285ffffffff-2023-08,1
8426287ffffffff-2015-05,1
8426287ffffffff-2017-03,1
8426287ffffffff-2017-04,1
8426287ffffffff-2017-07,2
8426287ffffffff-2018-07,2
8426287ffffffff-2018-08,4
8426287ffffffff-2018-09,4
8426287ffffffff-2020-05,1
8426287ffffffff-2020-08,1
8426287ffffffff-2020-09,1
8426287ffffffff-2021-08,1
8426287ffffffff-2023-05,1
8426289ffffffff-2013-09,2
8426289ffffffff-2015-04,1
8426289ffffffff-2016-04,3
8426289ffffffff-2016-05,5
8426289ffffffff-2016-08,1
8426289ffffffff-2017-04,3
8426289ffffffff-2017-05,9
8426289ffffffff-2018-04,2
8426289ffffffff-2018-05,7
8426289ffffffff-2018-08,2
8426289ffffffff-2018-10,1
8426289ffffffff-2019-04,1
8426289ffffffff-2019-05,3
8426289ffffffff-2019-08,1
8426289ffffffff-2020-04,3
8426289ffffffff-2020-05,12
8426289ffffffff-2020-08,2
8426289ffffffff-2021-04,8
8426289ffffffff-2021-05,16
8426289ffffffff-2022-04,3
8426289ffffffff-2022-05,21
8426289ffffffff-2023-04,19
8426289ffffffff-2023-05,11
8426289ffffffff-2023-07,2
8426289ffffffff-2023-08,5
8426289ffffffff-2023-09,5
842628bffffffff-2016-05,2
842628bffffffff-2017-05,6
842628bffffffff-2021-08,3
842628bffffffff-2022-10,1
842628bffffffff-2023-04,6
842628bffffffff-2023-05,7
842628bffffffff-2023-07,2
842628bffffffff-2023-08,2
842628dffffffff-2012-10,1
842628dffffffff-2014-05,1
842628dffffffff-2014-07,1
842628dffffffff-2014-08,2
842628dffffffff-2014-09,1
842628dffffffff-2015-05,1
842628dffffffff-2015-07,1
842628dffffffff-2016-04,2
842628dffffffff-2016-05,1
842628dffffffff-2016-08,1
842628dffffffff-2016-09,1
842628dffffffff-2017-04,1
842628dffffffff-2017-09,2
842628dffffffff-2018-04,1
842628dffffffff-2018-05,1
842628dffffffff-2018-07,4
842628dffffffff-2018-08,61
842628dffffffff-2018-09,2
842628dffffffff-2019-04,2
842628dffffffff-2019-05,25
842628dffffffff-2019-06,2
842628dffffffff-2019-07,4
842628dffffffff-2019-08,4
842628dffffffff-2019-10,5
842628dffffffff-2020-05,12
842628dffffffff-2020-07,3
842628dffffffff-2020-10,1
842628dffffffff-2021-04,3
842628dffffffff-2021-06,1
842628dffffffff-2021-08,1
842628dffffffff-2022-05,4
842628dffffffff-2022-07,1
842628dffffffff-2022-09,3
842628dffffffff-2023-04,5
842628dffffffff-2023-05,6
842628dffffffff-2023-08,2
842628dffffffff-2023-10,1
8426291ffffffff-2012-05,2
8426291ffffffff-2013-04,5
8426291ffffffff-2013-05,4
8426291ffffffff-2014-04,2
8426291ffffffff-2014-05,5
8426291ffffffff-2014-08,3
8426291ffffffff-2014-10,1
8426291ffffffff-2015-04,6
8426291ffffffff-2015-05,2
8426291ffffffff-2015-09,1
8426291ffffffff-2016-03,1
8426291ffffffff-2016-04,1
8426291ffffffff-2016-05,1
8426291ffffffff-2017-04,7
8426291ffffffff-2017-05,7
8426291ffffffff-2017-08,4
8426291ffffffff-2017-09,1
8426291ffffffff-2018-04,8
8426291ffffffff-2018-05,11
8426291ffffffff-2019-04,5
8426291ffffffff-2019-05,6
8426291ffffffff-2020-04,40
8426291ffffffff-2020-05,11
8426291ffffffff-2020-08,4
8426291ffffffff-2020-09,12
8426291ffffffff-2020-10,4
8426291ffffffff-2021-04,25
8426291ffffffff-2021-05,22
8426291ffffffff-2021-09,5
8426291ffffffff-2022-04,9
8426291ffffffff-2022-05,5
8426291ffffffff-2022-09,2
8426291ffffffff-2023-04,21
8426291ffffffff-2023-05,2
8426291ffffffff-2023-07,1
8426291ffffffff-2023-08,2
8426291ffffffff-2023-09,4
8426293ffffffff-2013-05,1
8426293ffffffff-2014-04,1
8426293ffffffff-2015-04,1
8426293ffffffff-2015-08,1
8426293ffffffff-2015-10,1
8426293ffffffff-2016-05,1
8426293ffffffff-2016-09,2
8426293ffffffff-2017-07,1
8426293ffffffff-2018-04,2
8426293ffffffff-2019-04,1
8426293ffffffff-2019-05,3
8426293ffffffff-2019-07,1
8426293ffffffff-2019-08,1
8426293ffffffff-2020-04,4
8426293ffffffff-2020-05,4
8426293ffffffff-2020-07,2
8426293ffffffff-2020-08,4
8426293ffffffff-2021-04,5
8426293ffffffff-2021-05,5
8426293ffffffff-2021-06,1
8426293ffffffff-2021-07,5
8426293ffffffff-2021-08,11
8426293ffffffff-2021-09,3
8426293ffffffff-2022-04,10
8426293ffffffff-2022-05,19
8426293ffffffff-2022-07,2
8426293ffffffff-2022-08,10
8426293ffffffff-2022-09,7
8426293ffffffff-2023-04,8
8426293ffffffff-2023-05,4
8426293ffffffff-2023-08,3
8426295ffffffff-2012-05,1
8426295ffffffff-2013-05,1
8426295ffffffff-2013-08,1
8426295ffffffff-2016-04,2
8426295ffffffff-2016-05,1
8426295ffffffff-2017-04,2
8426295ffffffff-2017-05,3
8426295ffffffff-2017-08,1
8426295ffffffff-2018-03,1
8426295ffffffff-2018-04,10
8426295ffffffff-2018-05,9
8426295ffffffff-2018-07,1
8426295ffffffff-2019-04,1
8426295ffffffff-2019-05,7
8426295ffffffff-2019-07,1
8426295ffffffff-2019-08,3
8426295ffffffff-2020-04,13
8426295ffffffff-2020-05,8
8426295ffffffff-2020-08,1
8426295ffffffff-2020-10,3
8426295ffffffff-2021-04,25
8426295ffffffff-2021-05,3
8426295ffffffff-2022-08,2
8426295ffffffff-2023-04,2
8426295ffffffff-2023-05,3
8426297ffffffff-2015-08,2
8426297ffffffff-2015-09,1
8426297ffffffff-2016-05,1
8426297ffffffff-2016-07,1
8426297ffffffff-2017-09,1
8426297ffffffff-2020-04,1
8426297ffffffff-2021-04,1
8426297ffffffff-2022-05,2
8426297ffffffff-2022-10,2
8426297ffffffff-2023-04,2
8426297ffffffff-2023-05,2
8426299ffffffff-2012-04,3
8426299ffffffff-2013-04,1
8426299ffffffff-2013-05,13
8426299ffffffff-2014-05,3
8426299ffffffff-2015-04,2
8426299ffffffff-2015-05,3
8426299ffffffff-2015-09,2
8426299ffffffff-2016-04,10
8426299ffffffff-2016-05,6
8426299ffffffff-2016-07,1
8426299ffffffff-2017-04,2
8426299ffffffff-2017-05,4
8426299ffffffff-2017-07,1
8426299ffffffff-2017-08,2
8426299ffffffff-2018-04,1
8426299ffffffff-2018-05,9
8426299ffffffff-2018-07,1
8426299ffffffff-2018-09,1
8426299ffffffff-2019-04,1
8426299ffffffff-2019-05,8
8426299ffffffff-2020-04,5
8426299ffffffff-2020-05,3
8426299ffffffff-2020-08,1
8426299ffffffff-2020-09,1
8426299ffffffff-2020-10,1
8426299ffffffff-2021-04,5
8426299ffffffff-2021-05,3
8426299ffffffff-2021-06,1
8426299ffffffff-2021-08,1
8426299ffffffff-2022-04,8
8426299ffffffff-2022-05,6
8426299ffffffff-2022-07,2
8426299ffffffff-2023-04,15
8426299ffffffff-2023-05,10
8426299ffffffff-2023-07,1
8426299ffffffff-2023-08,1
8426299ffffffff-2023-09,3
842629bffffffff-2020-04,2
842629bffffffff-2020-08,1
842629bffffffff-2022-11,1
842629bffffffff-2023-05,1
842629bffffffff-2023-08,1
842629bffffffff-2023-09,1
842629dffffffff-2013-04,1
842629dffffffff-2016-08,1
842629dffffffff-2019-05,1
842629dffffffff-2022-04,2
842629dffffffff-2022-05,5
842629dffffffff-2023-04,2
84262a1ffffffff-2013-09,1
84262a1ffffffff-2014-04,1
84262a1ffffffff-2014-05,3
84262a1ffffffff-2015-05,4
84262a1ffffffff-2015-08,3
84262a1ffffffff-2016-04,5
84262a1ffffffff-2016-05,2
84262a1ffffffff-2017-04,4
84262a1ffffffff-2017-05,11
84262a1ffffffff-2017-06,1
84262a1ffffffff-2018-04,3
84262a1ffffffff-2018-05,17
84262a1ffffffff-2018-07,2
84262a1ffffffff-2019-04,1
84262a1ffffffff-2019-08,2
84262a1ffffffff-2019-09,1
84262a1ffffffff-2020-04,5
84262a1ffffffff-2020-05,12
84262a1ffffffff-2020-07,2
84262a1ffffffff-2020-08,5
84262a1ffffffff-2020-09,2
84262a1ffffffff-2020-10,1
84262a1ffffffff-2021-04,7
84262a1ffffffff-2021-05,13
84262a1ffffffff-2021-08,1
84262a1ffffffff-2022-05,2
84262a1ffffffff-2022-07,1
84262a1ffffffff-2022-08,5
84262a1ffffffff-2022-09,1
84262a1ffffffff-2023-04,3
84262a1ffffffff-2023-05,4
84262a1ffffffff-2023-07,1
84262a3ffffffff-2018-05,8
84262a3ffffffff-2018-10,1
84262a3ffffffff-2022-05,1
84262a3ffffffff-2022-09,1
84262a3ffffffff-2022-10,2
84262a3ffffffff-2023-04,3
84262a5ffffffff-2016-04,1
84262a5ffffffff-2016-05,3
84262a5ffffffff-2016-07,1
84262a5ffffffff-2018-05,3
84262a5ffffffff-2018-10,2
84262a5ffffffff-2019-05,3
84262a5ffffffff-2019-08,1
84262a5ffffffff-2021-05,1
84262a5ffffffff-2022-05,1
84262a7ffffffff-2015-04,1
84262a7ffffffff-2016-05,1
84262a7ffffffff-2017-07,1
84262a7ffffffff-2017-08,1
84262a7ffffffff-2018-04,1
84262a7ffffffff-2018-05,2
84262a7ffffffff-2019-05,2
84262a7ffffffff-2020-04,5
84262a7ffffffff-2020-05,8
84262a7ffffffff-2020-07,4
84262a7ffffffff-2020-08,7
84262a7ffffffff-2020-09,2
84262a7ffffffff-2020-10,3
84262a7ffffffff-2021-04,11
84262a7ffffffff-2021-05,14
84262a7ffffffff-2021-07,6
84262a7ffffffff-2021-08,5
84262a7ffffffff-2022-04,6
84262a7ffffffff-2022-05,1
84262a7ffffffff-2022-07,7
84262a7ffffffff-2022-08,18
84262a7ffffffff-2022-09,5
84262a7ffffffff-2022-10,3
84262a7ffffffff-2023-03,1
84262a7ffffffff-2023-04,8
84262a7ffffffff-2023-05,8
84262a7ffffffff-2023-07,1
84262a7ffffffff-2023-08,1
84262a7ffffffff-2023-09,1
84262a7ffffffff-2023-10,2
84262a9ffffffff-2014-09,1
84262a9ffffffff-2015-05,1
84262a9ffffffff-2015-06,1
84262a9ffffffff-2016-05,1
84262a9ffffffff-2016-07,1
84262a9ffffffff-2017-07,1
84262a9ffffffff-2018-05,7
84262a9ffffffff-2018-07,1
84262a9ffffffff-2019-05,6
84262a9ffffffff-2019-07,3
84262a9ffffffff-2021-04,3
84262a9ffffffff-2021-05,2
84262a9ffffffff-2021-08,2
84262a9ffffffff-2021-09,1
84262a9ffffffff-2023-04,7
84262abffffffff-2018-05,2
84262abffffffff-2021-05,2
84262abffffffff-2023-05,2
84262adffffffff-2014-04,7
84262adffffffff-2014-05,6
84262adffffffff-2014-07,1
84262adffffffff-2015-03,1
84262adffffffff-2015-04,2
84262adffffffff-2015-05,1
84262adffffffff-2015-07,1
84262adffffffff-2015-08,6
84262adffffffff-2015-09,1
84262adffffffff-2016-04,3
84262adffffffff-2016-05,10
84262adffffffff-2016-06,1
84262adffffffff-2016-07,8
84262adffffffff-2016-08,4
84262adffffffff-2016-09,1
84262adffffffff-2017-04,8
84262adffffffff-2017-05,22
84262adffffffff-2017-07,1
84262adffffffff-2017-08,3
84262adffffffff-2017-09,4
84262adffffffff-2018-04,1
84262adffffffff-2018-05,2
84262adffffffff-2018-08,3
84262adffffffff-2018-09,1
84262adffffffff-2018-10,4
84262adffffffff-2019-04,3
84262adffffffff-2019-05,4
84262adffffffff-2019-07,1
84262adffffffff-2019-08,2
84262adffffffff-2019-09,2
84262adffffffff-2020-04,20
84262adffffffff-2020-05,4
84262adffffffff-2020-07,2
84262adffffffff-2020-08,1
84262adffffffff-2020-09,3
84262adffffffff-2021-04,7
84262adffffffff-2021-05,4
84262adffffffff-2021-07,5
84262adffffffff-2021-09,7
84262adffffffff-2021-10,1
84262adffffffff-2022-04,4
84262adffffffff-2022-05,9
84262adffffffff-2022-07,1
84262adffffffff-2022-10,1
84262adffffffff-2023-04,3
84262adffffffff-2023-05,2
84262adffffffff-2023-07,4
84262adffffffff-2023-08,2
84262adffffffff-2023-09,1
84262b1ffffffff-2016-05,1
84262b1ffffffff-2018-04,1
84262b1ffffffff-2019-08,2
84262b1ffffffff-2020-04,6
84262b1ffffffff-2020-05,22
84262b1ffffffff-2020-08,1
84262b1ffffffff-2020-10,1
84262b1ffffffff-2021-04,23
84262b1ffffffff-2021-05,20
84262b1ffffffff-2021-08,4
84262b1ffffffff-2021-09,2
84262b1ffffffff-2021-10,3
84262b1ffffffff-2022-04,9
84262b1ffffffff-2022-05,14
84262b1ffffffff-2022-06,2
84262b1ffffffff-2023-04,11
84262b1ffffffff-2023-05,8
84262b1ffffffff-2023-09,2
84262b3ffffffff-2012-05,3
84262b3ffffffff-2012-08,1
84262b3ffffffff-2013-04,2
84262b3ffffffff-2013-05,1
84262b3ffffffff-2013-09,1
84262b3ffffffff-2014-04,3
84262b3ffffffff-2014-05,8
84262b3ffffffff-2014-08,5
84262b3ffffffff-2015-03,1
84262b3ffffffff-2015-04,1
84262b3ffffffff-2015-05,7
84262b3ffffffff-2015-07,1
84262b3ffffffff-2015-08,3
84262b3ffffffff-2015-09,14
84262b3ffffffff-2015-10,4
84262b3ffffffff-2016-03,1
84262b3ffffffff-2016-04,4
84262b3ffffffff-2016-05,9
84262b3ffffffff-2017-03,5
84262b3ffffffff-2017-04,13
84262b3ffffffff-2017-05,3
84262b3ffffffff-2017-08,2
84262b3ffffffff-2018-04,8
84262b3ffffffff-2018-05,25
84262b3ffffffff-2018-07,7
84262b3ffffffff-2018-08,15
84262b3ffffffff-2018-09,11
84262b3ffffffff-2018-10,7
84262b3ffffffff-2019-04,40
84262b3ffffffff-2019-05,35
84262b3ffffffff-2019-07,3
84262b3ffffffff-2019-08,2
84262b3ffffffff-2020-03,4
84262b3ffffffff-2020-04,54
84262b3ffffffff-2020-05,37
84262b3ffffffff-2020-07,11
84262b3ffffffff-2020-08,5
84262b3ffffffff-2020-09,4
84262b3ffffffff-2021-03,3
84262b3ffffffff-2021-04,36
84262b3ffffffff-2021-05,31
84262b3ffffffff-2021-08,2
84262b3ffffffff-2021-09,1
84262b3ffffffff-2022-04,65
84262b3ffffffff-2022-05,62
84262b3ffffffff-2022-08,3
84262b3ffffffff-2022-09,2
84262b3ffffffff-2022-10,2
84262b3ffffffff-2023-04,102
84262b3ffffffff-2023-05,23
84262b3ffffffff-2023-07,8
84262b3ffffffff-2023-08,5
84262b3ffffffff-2023-09,1
84262b3ffffffff-2023-10,1
84262b5ffffffff-2021-04,3
84262b7ffffffff-2012-07,1
84262b7ffffffff-2013-04,1
84262b7ffffffff-2013-06,1
84262b7ffffffff-2013-08,1
84262b7ffffffff-2014-05,1
84262b7ffffffff-2014-08,2
84262b7ffffffff-2015-05,1
84262b7ffffffff-2016-04,1
84262b7ffffffff-2016-05,5
84262b7ffffffff-2017-05,4
84262b7ffffffff-2017-08,2
84262b7ffffffff-2018-04,1
84262b7ffffffff-2018-07,1
84262b7ffffffff-2019-05,5
84262b7ffffffff-2019-08,2
84262b7ffffffff-2019-09,1
84262b7ffffffff-2020-05,4
84262b7ffffffff-2020-08,2
84262b7ffffffff-2021-04,3
84262b7ffffffff-2021-05,3
84262b7ffffffff-2022-04,3
84262b7ffffffff-2022-05,9
84262b7ffffffff-2023-04,2
84262b7ffffffff-2023-05,5
84262b7ffffffff-2023-08,1
84262b9ffffffff-2017-04,1
84262b9ffffffff-2018-04,1
84262b9ffffffff-2018-05,6
84262b9ffffffff-2020-08,2
84262b9ffffffff-2021-05,1
84262b9ffffffff-2023-08,1
84262bbffffffff-2013-04,4
84262bbffffffff-2013-07,2
84262bbffffffff-2013-08,4
84262bbffffffff-2013-09,1
84262bbffffffff-2014-04,1
84262bbffffffff-2014-05,1
84262bbffffffff-2015-04,5
84262bbffffffff-2015-05,3
84262bbffffffff-2015-10,1
84262bbffffffff-2016-04,4
84262bbffffffff-2016-05,6
84262bbffffffff-2017-04,6
84262bbffffffff-2017-05,1
84262bbffffffff-2017-09,1
84262bbffffffff-2018-04,1
84262bbffffffff-2018-05,3
84262bbffffffff-2020-04,2
84262bbffffffff-2020-05,2
84262bbffffffff-2021-04,3
84262bbffffffff-2021-05,1
84262bbffffffff-2022-04,1
84262bbffffffff-2022-08,1
84262bbffffffff-2023-04,2
84262bbffffffff-2023-05,1
84262bbffffffff-2023-09,2
84262bdffffffff-2014-10,1
84262bdffffffff-2018-04,1
84262bdffffffff-2018-05,1
84262c1ffffffff-2012-03,10
84262c1ffffffff-2012-04,40
84262c1ffffffff-2012-05,12
84262c1ffffffff-2012-07,4
84262c1ffffffff-2012-08,22
84262c1ffffffff-2013-04,64
84262c1ffffffff-2013-05,12
84262c1ffffffff-2013-08,4
84262c1ffffffff-2013-09,4
84262c1ffffffff-2013-10,2
84262c1ffffffff-2014-04,46
84262c1ffffffff-2014-05,20
84262c1ffffffff-2014-08,2
84262c1ffffffff-2014-09,1
84262c1ffffffff-2014-10,4
84262c1ffffffff-2015-04,26
84262c1ffffffff-2015-05,8
84262c1ffffffff-2015-08,2
84262c1ffffffff-2015-09,6
84262c1ffffffff-2015-10,2
84262c1ffffffff-2016-04,60
84262c1ffffffff-2016-05,49
84262c1ffffffff-2016-08,9
84262c1ffffffff-2016-09,4
84262c1ffffffff-2016-10,1
84262c1ffffffff-2017-03,7
84262c1ffffffff-2017-04,47
84262c1ffffffff-2017-05,34
84262c1ffffffff-2017-07,4
84262c1ffffffff-2017-08,11
84262c1ffffffff-2018-04,27
84262c1ffffffff-2018-05,20
84262c1ffffffff-2018-08,4
84262c1ffffffff-2018-10,6
84262c1ffffffff-2019-04,64
84262c1ffffffff-2019-05,101
84262c1ffffffff-2019-06,1
84262c1ffffffff-2019-08,2
84262c1ffffffff-2019-09,2
84262c1ffffffff-2019-10,14
84262c1ffffffff-2019-11,4
84262c1ffffffff-2020-04,144
84262c1ffffffff-2020-05,61
84262c1ffffffff-2020-08,10
84262c1ffffffff-2020-09,12
84262c1ffffffff-2020-10,25
84262c1ffffffff-2020-11,2
84262c1ffffffff-2021-03,2
84262c1ffffffff-2021-04,226
84262c1ffffffff-2021-05,107
84262c1ffffffff-2021-07,2
84262c1ffffffff-2021-08,4
84262c1ffffffff-2021-09,1
84262c1ffffffff-2022-04,162
84262c1ffffffff-2022-05,50
84262c1ffffffff-2022-06,2
84262c1ffffffff-2022-07,1
84262c1ffffffff-2022-08,9
84262c1ffffffff-2022-09,7
84262c1ffffffff-2022-10,1
84262c1ffffffff-2022-11,1
84262c1ffffffff-2023-04,168
84262c1ffffffff-2023-05,95
84262c1ffffffff-2023-07,8
84262c1ffffffff-2023-08,6
84262c1ffffffff-2023-09,9
84262c1ffffffff-2023-10,3
84262c3ffffffff-2012-05,1
84262c3ffffffff-2013-09,7
84262c3ffffffff-2014-05,6
84262c3ffffffff-2015-08,3
84262c3ffffffff-2015-10,1
84262c3ffffffff-2016-04,1
84262c3ffffffff-2016-05,6
84262c3ffffffff-2016-08,1
84262c3ffffffff-2016-09,1
84262c3ffffffff-2016-10,1
84262c3ffffffff-2017-04,15
84262c3ffffffff-2017-05,7
84262c3ffffffff-2018-04,1
84262c3ffffffff-2018-05,13
84262c3ffffffff-2018-07,1
84262c3ffffffff-2018-08,2
84262c3ffffffff-2018-10,4
84262c3ffffffff-2018-11,1
84262c3ffffffff-2019-04,6
84262c3ffffffff-2019-05,15
84262c3ffffffff-2019-07,6
84262c3ffffffff-2019-08,36
84262c3ffffffff-2019-09,1
84262c3ffffffff-2019-10,2
84262c3ffffffff-2020-04,25
84262c3ffffffff-2020-05,34
84262c3ffffffff-2020-07,14
84262c3ffffffff-2020-08,69
84262c3ffffffff-2020-09,7
84262c3ffffffff-2020-10,23
84262c3ffffffff-2020-11,3
84262c3ffffffff-2021-04,48
84262c3ffffffff-2021-05,81
84262c3ffffffff-2021-07,30
84262c3ffffffff-2021-08,36
84262c3ffffffff-2021-09,2
84262c3ffffffff-2022-04,30
84262c3ffffffff-2022-05,17
84262c3ffffffff-2022-07,4
84262c3ffffffff-2022-08,12
84262c3ffffffff-2022-09,13
84262c3ffffffff-2022-10,2
84262c3ffffffff-2023-04,17
84262c3ffffffff-2023-05,8
84262c3ffffffff-2023-06,2
84262c3ffffffff-2023-07,32
84262c3ffffffff-2023-08,27
84262c3ffffffff-2023-09,26
84262c3ffffffff-2023-10,4
84262c5ffffffff-2012-04,1
84262c5ffffffff-2013-04,2
84262c5ffffffff-2013-05,1
84262c5ffffffff-2013-07,2
84262c5ffffffff-2014-04,3
84262c5ffffffff-2014-05,2
84262c5ffffffff-2014-09,3
84262c5ffffffff-2016-04,9
84262c5ffffffff-2016-05,8
84262c5ffffffff-2016-08,1
84262c5ffffffff-2017-04,13
84262c5ffffffff-2017-05,7
84262c5ffffffff-2017-07,2
84262c5ffffffff-2017-08,3
84262c5ffffffff-2017-09,1
84262c5ffffffff-2017-10,1
84262c5ffffffff-2018-04,5
84262c5ffffffff-2018-05,3
84262c5ffffffff-2018-08,6
84262c5ffffffff-2018-09,5
84262c5ffffffff-2019-04,15
84262c5ffffffff-2019-05,7
84262c5ffffffff-2019-08,6
84262c5ffffffff-2019-09,6
84262c5ffffffff-2019-10,1
84262c5ffffffff-2020-04,6
84262c5ffffffff-2020-05,12
84262c5ffffffff-2020-08,7
84262c5ffffffff-2020-09,5
84262c5ffffffff-2021-04,7
84262c5ffffffff-2021-05,11
84262c5ffffffff-2021-07,8
84262c5ffffffff-2021-08,2
84262c5ffffffff-2021-09,6
84262c5ffffffff-2022-04,8
84262c5ffffffff-2022-05,7
84262c5ffffffff-2022-08,4
84262c5ffffffff-2022-09,5
84262c5ffffffff-2022-10,3
84262c5ffffffff-2023-04,92
84262c5ffffffff-2023-05,9
84262c5ffffffff-2023-06,1
84262c5ffffffff-2023-07,17
84262c5ffffffff-2023-08,36
84262c5ffffffff-2023-09,34
84262c5ffffffff-2023-10,2
84262c7ffffffff-2012-05,2
84262c7ffffffff-2012-07,1
84262c7ffffffff-2013-04,1
84262c7ffffffff-2015-05,1
84262c7ffffffff-2015-07,2
84262c7ffffffff-2015-08,1
84262c7ffffffff-2015-09,2
84262c7ffffffff-2016-08,5
84262c7ffffffff-2016-09,2
84262c7ffffffff-2017-04,1
84262c7ffffffff-2017-05,1
84262c7ffffffff-2017-08,9
84262c7ffffffff-2017-09,4
84262c7ffffffff-2018-04,8
84262c7ffffffff-2018-05,2
84262c7ffffffff-2018-07,2
84262c7ffffffff-2018-08,3
84262c7ffffffff-2019-04,3
84262c7ffffffff-2019-05,6
84262c7ffffffff-2020-04,1
84262c7ffffffff-2020-05,16
84262c7ffffffff-2020-07,7
84262c7ffffffff-2021-04,5
84262c7ffffffff-2021-05,10
84262c7ffffffff-2021-07,3
84262c7ffffffff-2021-08,2
84262c7ffffffff-2022-04,1
84262c7ffffffff-2022-05,21
84262c7ffffffff-2022-08,2
84262c7ffffffff-2022-09,3
84262c7ffffffff-2023-04,4
84262c7ffffffff-2023-05,3
84262c7ffffffff-2023-07,3
84262c7ffffffff-2023-08,2
84262c7ffffffff-2023-09,13
84262c7ffffffff-2023-10,1
84262c9ffffffff-2012-04,6
84262c9ffffffff-2012-05,7
84262c9ffffffff-2012-07,5
84262c9ffffffff-2012-08,3
84262c9ffffffff-2012-09,1
84262c9ffffffff-2013-04,21
84262c9ffffffff-2013-05,5
84262c9ffffffff-2013-06,1
84262c9ffffffff-2013-07,1
84262c9ffffffff-2013-08,3
84262c9ffffffff-2013-09,1
84262c9ffffffff-2013-10,1
84262c9ffffffff-2014-03,1
84262c9ffffffff-2014-04,6
84262c9ffffffff-2014-05,11
84262c9ffffffff-2014-07,2
84262c9ffffffff-2014-08,1
84262c9ffffffff-2014-09,4
84262c9ffffffff-2014-10,1
84262c9ffffffff-2015-04,26
84262c9ffffffff-2015-05,67
84262c9ffffffff-2015-08,5
84262c9ffffffff-2016-04,26
84262c9ffffffff-2016-05,4
84262c9ffffffff-2016-07,3
84262c9ffffffff-2016-08,31
84262c9ffffffff-2017-04,33
84262c9ffffffff-2017-05,9
84262c9ffffffff-2017-08,29
84262c9ffffffff-2018-04,37
84262c9ffffffff-2018-05,81
84262c9ffffffff-2018-07,16
84262c9ffffffff-2018-08,3
84262c9ffffffff-2018-09,13
84262c9ffffffff-2018-10,21
84262c9ffffffff-2018-11,2
84262c9ffffffff-2019-04,32
84262c9ffffffff-2019-05,47
84262c9ffffffff-2019-07,11
84262c9ffffffff-2019-08,6
84262c9ffffffff-2020-04,123
84262c9ffffffff-2020-05,49
84262c9ffffffff-2020-07,7
84262c9ffffffff-2020-08,3
84262c9ffffffff-2020-09,1
84262c9ffffffff-2021-03,2
84262c9ffffffff-2021-04,72
84262c9ffffffff-2021-05,69
84262c9ffffffff-2021-07,7
84262c9ffffffff-2021-08,74
84262c9ffffffff-2021-09,10
84262c9ffffffff-2021-10,6
84262c9ffffffff-2022-04,229
84262c9ffffffff-2022-05,119
84262c9ffffffff-2022-06,4
84262c9ffffffff-2022-07,58
84262c9ffffffff-2022-08,214
84262c9ffffffff-2022-09,16
84262c9ffffffff-2022-11,3
84262c9ffffffff-2023-04,167
84262c9ffffffff-2023-05,19
84262c9ffffffff-2023-07,7
84262c9ffffffff-2023-08,33
84262c9ffffffff-2023-09,27
84262cbffffffff-2013-05,1
84262cbffffffff-2018-05,2
84262cbffffffff-2019-04,9
84262cbffffffff-2019-05,10
84262cbffffffff-2020-04,2
84262cbffffffff-2020-05,1
84262cbffffffff-2021-05,1
84262cbffffffff-2021-08,1
84262cbffffffff-2022-05,3
84262cbffffffff-2023-04,1
84262cbffffffff-2023-05,1
84262cbffffffff-2023-08,1
84262cdffffffff-2012-03,3
84262cdffffffff-2012-04,93
84262cdffffffff-2012-05,62
84262cdffffffff-2012-08,9
84262cdffffffff-2012-09,7
84262cdffffffff-2012-10,1
84262cdffffffff-2012-11,1
84262cdffffffff-2013-04,5
84262cdffffffff-2013-05,16
84262cdffffffff-2013-07,1
84262cdffffffff-2013-08,8
84262cdffffffff-2013-09,43
84262cdffffffff-2014-04,12
84262cdffffffff-2014-05,5
84262cdffffffff-2014-07,1
84262cdffffffff-2014-08,65
84262cdffffffff-2014-09,40
84262cdffffffff-2014-10,39
84262cdffffffff-2015-04,76
84262cdffffffff-2015-05,182
84262cdffffffff-2015-08,6
84262cdffffffff-2015-09,2
84262cdffffffff-2015-10,2
84262cdffffffff-2016-03,1
84262cdffffffff-2016-04,66
84262cdffffffff-2016-05,54
84262cdffffffff-2016-07,3
84262cdffffffff-2017-04,86
84262cdffffffff-2017-05,66
84262cdffffffff-2017-07,6
84262cdffffffff-2017-08,9
84262cdffffffff-2017-10,1
84262cdffffffff-2018-04,23
84262cdffffffff-2018-05,24
84262cdffffffff-2018-07,12
84262cdffffffff-2018-08,142
84262cdffffffff-2018-09,42
84262cdffffffff-2019-04,3
84262cdffffffff-2019-05,6
84262cdffffffff-2019-08,9
84262cdffffffff-2019-09,19
84262cdffffffff-2020-04,28
84262cdffffffff-2020-05,189
84262cdffffffff-2020-07,2
84262cdffffffff-2020-08,6
84262cdffffffff-2020-09,5
84262cdffffffff-2020-10,3
84262cdffffffff-2021-04,169
84262cdffffffff-2021-05,476
84262cdffffffff-2021-07,69
84262cdffffffff-2021-08,95
84262cdffffffff-2021-09,2
84262cdffffffff-2022-04,98
84262cdffffffff-2022-05,56
84262cdffffffff-2022-07,88
84262cdffffffff-2022-08,113
84262cdffffffff-2022-09,54
84262cdffffffff-2022-10,3
84262cdffffffff-2023-04,49
84262cdffffffff-2023-05,48
84262cdffffffff-2023-07,172
84262cdffffffff-2023-08,134
84262cdffffffff-2023-09,191
84262cdffffffff-2023-10,2
84262d1ffffffff-2014-05,1
84262d1ffffffff-2016-05,3
84262d1ffffffff-2017-09,1
84262d1ffffffff-2020-05,6
84262d1ffffffff-2021-04,1
84262d1ffffffff-2023-08,2
84262d3ffffffff-2020-04,1
84262d3ffffffff-2023-04,9
84262d5ffffffff-2012-03,1
84262d5ffffffff-2012-05,2
84262d5ffffffff-2012-08,1
84262d5ffffffff-2012-09,1
84262d5ffffffff-2013-09,3
84262d5ffffffff-2014-04,3
84262d5ffffffff-2014-05,1
84262d5ffffffff-2015-04,1
84262d5ffffffff-2015-07,4
84262d5ffffffff-2015-08,2
84262d5ffffffff-2016-05,3
84262d5ffffffff-2016-09,1
84262d5ffffffff-2017-04,3
84262d5ffffffff-2017-05,6
84262d5ffffffff-2017-06,2
84262d5ffffffff-2017-08,1
84262d5ffffffff-2017-09,1
84262d5ffffffff-2018-04,2
84262d5ffffffff-2018-08,3
84262d5ffffffff-2019-05,3
84262d5ffffffff-2019-08,2
84262d5ffffffff-2019-09,1
84262d5ffffffff-2020-05,10
84262d5ffffffff-2020-07,1
84262d5ffffffff-2021-04,4
84262d5ffffffff-2021-05,4
84262d5ffffffff-2021-08,1
84262d5ffffffff-2022-04,1
84262d5ffffffff-2022-05,4
84262d5ffffffff-2023-05,1
84262d5ffffffff-2023-09,1
84262d7ffffffff-2012-05,1
84262d7ffffffff-2012-08,1
84262d7ffffffff-2016-04,1
84262d7ffffffff-2016-05,1
84262d7ffffffff-2017-04,1
84262d7ffffffff-2018-05,2
84262d7ffffffff-2020-04,7
84262d7ffffffff-2020-08,3
84262d7ffffffff-2021-05,3
84262d7ffffffff-2021-07,1
84262d7ffffffff-2021-08,2
84262d7ffffffff-2022-05,2
84262d7ffffffff-2023-04,7
84262d7ffffffff-2023-05,4
84262d7ffffffff-2023-08,13
84262d7ffffffff-2023-09,3
84262d9ffffffff-2012-04,19
84262d9ffffffff-2012-05,2
84262d9ffffffff-2012-08,4
84262d9ffffffff-2013-04,7
84262d9ffffffff-2013-05,10
84262d9ffffffff-2013-07,2
84262d9ffffffff-2014-04,2
84262d9ffffffff-2014-05,2
84262d9ffffffff-2015-05,8
84262d9ffffffff-2016-04,4
84262d9ffffffff-2016-05,2
84262d9ffffffff-2017-04,2
84262d9ffffffff-2018-05,3
84262d9ffffffff-2019-04,4
84262d9ffffffff-2019-05,1
84262d9ffffffff-2019-08,3
84262d9ffffffff-2020-03,1
84262d9ffffffff-2020-04,4
84262d9ffffffff-2020-05,7
84262d9ffffffff-2020-07,1
84262d9ffffffff-2020-08,5
84262d9ffffffff-2021-04,10
84262d9ffffffff-2021-05,29
84262d9ffffffff-2021-07,4
84262d9ffffffff-2021-08,1
84262d9ffffffff-2021-09,1
84262d9ffffffff-2022-04,11
84262d9ffffffff-2022-05,17
84262d9ffffffff-2022-07,1
84262d9ffffffff-2022-08,17
84262d9ffffffff-2023-04,13
84262d9ffffffff-2023-05,19
84262d9ffffffff-2023-07,1
84262d9ffffffff-2023-08,6
84262d9ffffffff-2023-09,4
84262d9ffffffff-2023-10,2
84262dbffffffff-2012-04,4
84262dbffffffff-2013-04,9
84262dbffffffff-2013-05,14
84262dbffffffff-2013-08,1
84262dbffffffff-2014-04,7
84262dbffffffff-2014-05,6
84262dbffffffff-2015-04,1
84262dbffffffff-2015-05,8
84262dbffffffff-2015-08,1
84262dbffffffff-2016-04,7
84262dbffffffff-2016-05,1
84262dbffffffff-2017-04,8
84262dbffffffff-2017-05,7
84262dbffffffff-2017-09,1
84262dbffffffff-2018-04,16
84262dbffffffff-2018-05,7
84262dbffffffff-2018-08,1
84262dbffffffff-2018-09,2
84262dbffffffff-2018-10,2
84262dbffffffff-2018-11,2
84262dbffffffff-2019-04,3
84262dbffffffff-2019-08,1
84262dbffffffff-2020-04,7
84262dbffffffff-2020-05,9
84262dbffffffff-2020-09,1
84262dbffffffff-2020-10,1
84262dbffffffff-2021-04,31
84262dbffffffff-2021-05,8
84262dbffffffff-2021-09,2
84262dbffffffff-2022-04,9
84262dbffffffff-2022-05,19
84262dbffffffff-2022-08,3
84262dbffffffff-2022-10,2
84262dbffffffff-2023-04,11
84262dbffffffff-2023-05,17
84262ddffffffff-2012-04,4
84262ddffffffff-2012-05,1
84262ddffffffff-2013-10,2
84262ddffffffff-2014-04,1
84262ddffffffff-2014-05,2
84262ddffffffff-2016-04,4
84262ddffffffff-2016-05,1
84262ddffffffff-2016-09,1
84262ddffffffff-2017-04,21
84262ddffffffff-2017-05,2
84262ddffffffff-2017-07,1
84262ddffffffff-2017-08,7
84262ddffffffff-2017-09,16
84262ddffffffff-2017-10,1
84262ddffffffff-2017-11,2
84262ddffffffff-2018-04,11
84262ddffffffff-2018-05,18
84262ddffffffff-2018-08,5
84262ddffffffff-2019-04,4
84262ddffffffff-2019-05,1
84262ddffffffff-2019-07,2
84262ddffffffff-2019-08,21
84262ddffffffff-2019-09,3
84262ddffffffff-2020-04,25
84262ddffffffff-2020-05,56
84262ddffffffff-2020-07,4
84262ddffffffff-2020-08,15
84262ddffffffff-2020-09,5
84262ddffffffff-2020-10,6
84262ddffffffff-2021-04,29
84262ddffffffff-2021-05,14
84262ddffffffff-2021-07,16
84262ddffffffff-2021-08,35
84262ddffffffff-2021-10,1
84262ddffffffff-2022-04,8
84262ddffffffff-2022-05,13
84262ddffffffff-2022-08,1
84262ddffffffff-2022-09,7
84262ddffffffff-2022-10,6
84262ddffffffff-2023-04,19
84262ddffffffff-2023-05,29
84262ddffffffff-2023-06,6
84262ddffffffff-2023-07,41
84262ddffffffff-2023-08,25
84262ddffffffff-2023-09,16
84262ddffffffff-2023-10,4
84262e1ffffffff-2012-04,1
84262e1ffffffff-2013-04,2
84262e1ffffffff-2016-05,1
84262e1ffffffff-2016-08,3
84262e1ffffffff-2016-09,1
84262e1ffffffff-2016-10,1
84262e1ffffffff-2017-04,9
84262e1ffffffff-2017-05,4
84262e1ffffffff-2017-07,11
84262e1ffffffff-2017-08,7
84262e1ffffffff-2017-09,1
84262e1ffffffff-2018-04,12
84262e1ffffffff-2018-05,8
84262e1ffffffff-2018-07,15
84262e1ffffffff-2018-08,10
84262e1ffffffff-2018-09,2
84262e1ffffffff-2018-10,2
84262e1ffffffff-2019-04,3
84262e1ffffffff-2019-05,23
84262e1ffffffff-2019-07,1
84262e1ffffffff-2019-08,3
84262e1ffffffff-2020-04,14
84262e1ffffffff-2020-05,34
84262e1ffffffff-2020-06,1
84262e1ffffffff-2020-07,16
84262e1ffffffff-2020-08,7
84262e1ffffffff-2020-09,11
84262e1ffffffff-2020-10,3
84262e1ffffffff-2021-04,28
84262e1ffffffff-2021-05,13
84262e1ffffffff-2021-06,1
84262e1ffffffff-2021-07,10
84262e1ffffffff-2021-08,2
84262e1ffffffff-2021-09,1
84262e1ffffffff-2022-04,1
84262e1ffffffff-2022-05,11
84262e1ffffffff-2022-08,43
84262e1ffffffff-2022-09,9
84262e1ffffffff-2022-10,2
84262e1ffffffff-2023-04,9
84262e1ffffffff-2023-05,7
84262e1ffffffff-2023-06,4
84262e1ffffffff-2023-07,5
84262e1ffffffff-2023-09,3
84262e3ffffffff-2014-04,1
84262e3ffffffff-2015-05,2
84262e3ffffffff-2016-05,1
84262e3ffffffff-2016-07,1
84262e3ffffffff-2016-08,2
84262e3ffffffff-2017-04,2
84262e3ffffffff-2017-05,3
84262e3ffffffff-2018-05,2
84262e3ffffffff-2018-07,1
84262e3ffffffff-2018-08,1
84262e3ffffffff-2019-04,6
84262e3ffffffff-2019-05,49
84262e3ffffffff-2019-08,3
84262e3ffffffff-2020-05,2
84262e3ffffffff-2020-08,1
84262e3ffffffff-2021-04,5
84262e3ffffffff-2021-07,3
84262e3ffffffff-2021-08,5
84262e3ffffffff-2022-04,1
84262e3ffffffff-2022-05,4
84262e3ffffffff-2022-09,2
84262e3ffffffff-2023-04,10
84262e3ffffffff-2023-05,3
84262e3ffffffff-2023-08,1
84262e5ffffffff-2012-04,1
84262e5ffffffff-2012-05,1
84262e5ffffffff-2013-04,1
84262e5ffffffff-2013-05,1
84262e5ffffffff-2014-04,1
84262e5ffffffff-2015-04,1
84262e5ffffffff-2015-09,1
84262e5ffffffff-2016-05,1
84262e5ffffffff-2017-04,4
84262e5ffffffff-2017-05,3
84262e5ffffffff-2017-07,4
84262e5ffffffff-2017-09,2
84262e5ffffffff-2018-05,6
84262e5ffffffff-2018-08,1
84262e5ffffffff-2018-09,1
84262e5ffffffff-2018-10,1
84262e5ffffffff-2019-04,3
84262e5ffffffff-2019-05,4
84262e5ffffffff-2019-08,1
84262e5ffffffff-2020-04,8
84262e5ffffffff-2020-05,12
84262e5ffffffff-2020-07,2
84262e5ffffffff-2020-08,3
84262e5ffffffff-2020-10,1
84262e5ffffffff-2021-04,8
84262e5ffffffff-2021-05,2
84262e5ffffffff-2021-07,1
84262e5ffffffff-2021-08,8
84262e5ffffffff-2022-05,1
84262e5ffffffff-2022-07,1
84262e5ffffffff-2022-08,1
84262e5ffffffff-2023-04,3
84262e5ffffffff-2023-07,2
84262e5ffffffff-2023-08,3
84262e5ffffffff-2023-09,5
84262e5ffffffff-2023-10,1
84262e7ffffffff-2012-04,1
84262e7ffffffff-2013-06,2
84262e7ffffffff-2014-04,1
84262e7ffffffff-2014-07,1
84262e7ffffffff-2014-08,1
84262e7ffffffff-2015-08,1
84262e7ffffffff-2016-04,1
84262e7ffffffff-2016-05,4
84262e7ffffffff-2016-07,13
84262e7ffffffff-2016-08,4
84262e7ffffffff-2017-03,2
84262e7ffffffff-2017-05,10
84262e7ffffffff-2017-07,2
84262e7ffffffff-2018-04,2
84262e7ffffffff-2018-05,4
84262e7ffffffff-2018-08,1
84262e7ffffffff-2019-04,1
84262e7ffffffff-2019-05,6
84262e7ffffffff-2020-04,4
84262e7ffffffff-2020-05,2
84262e7ffffffff-2020-09,2
84262e7ffffffff-2021-04,7
84262e7ffffffff-2021-05,1
84262e7ffffffff-2021-07,4
84262e7ffffffff-2021-08,4
84262e7ffffffff-2021-09,3
84262e7ffffffff-2022-05,1
84262e7ffffffff-2022-09,1
84262e7ffffffff-2023-05,3
84262e9ffffffff-2012-04,1
84262e9ffffffff-2012-05,1
84262e9ffffffff-2013-03,1
84262e9ffffffff-2013-07,1
84262e9ffffffff-2014-04,3
84262e9ffffffff-2014-05,5
84262e9ffffffff-2014-08,6
84262e9ffffffff-2015-04,1
84262e9ffffffff-2015-08,2
84262e9ffffffff-2016-05,1
84262e9ffffffff-2016-08,2
84262e9ffffffff-2017-04,2
84262e9ffffffff-2017-05,2
84262e9ffffffff-2017-08,9
84262e9ffffffff-2018-04,1
84262e9ffffffff-2018-05,4
84262e9ffffffff-2018-06,1
84262e9ffffffff-2018-08,7
84262e9ffffffff-2018-09,1
84262e9ffffffff-2019-04,2
84262e9ffffffff-2019-05,3
84262e9ffffffff-2019-07,3
84262e9ffffffff-2019-08,6
84262e9ffffffff-2020-04,3
84262e9ffffffff-2020-05,16
84262e9ffffffff-2020-07,4
84262e9ffffffff-2020-08,9
84262e9ffffffff-2021-03,1
84262e9ffffffff-2021-04,4
84262e9ffffffff-2021-05,6
84262e9ffffffff-2021-07,5
84262e9ffffffff-2021-08,3
84262e9ffffffff-2021-10,1
84262e9ffffffff-2022-05,15
84262e9ffffffff-2022-07,17
84262e9ffffffff-2022-08,12
84262e9ffffffff-2022-09,3
84262e9ffffffff-2023-04,2
84262e9ffffffff-2023-06,1
84262e9ffffffff-2023-07,19
84262e9ffffffff-2023-08,51
84262e9ffffffff-2023-09,6
84262e9ffffffff-2023-10,5
84262ebffffffff-2012-03,1
84262ebffffffff-2012-04,3
84262ebffffffff-2012-07,2
84262ebffffffff-2012-08,1
84262ebffffffff-2013-04,2
84262ebffffffff-2013-05,5
84262ebffffffff-2015-05,1
84262ebffffffff-2016-08,1
84262ebffffffff-2016-10,1
84262ebffffffff-2017-05,1
84262ebffffffff-2018-04,7
84262ebffffffff-2018-09,1
84262ebffffffff-2019-04,2
84262ebffffffff-2019-05,3
84262ebffffffff-2019-08,5
84262ebffffffff-2020-04,6
84262ebffffffff-2020-05,11
84262ebffffffff-2020-07,1
84262ebffffffff-2020-08,1
84262ebffffffff-2021-05,2
84262ebffffffff-2021-07,1
84262ebffffffff-2021-08,5
84262ebffffffff-2022-04,1
84262ebffffffff-2022-07,11
84262ebffffffff-2022-08,9
84262ebffffffff-2022-09,9
84262ebffffffff-2023-04,9
84262ebffffffff-2023-05,5
84262ebffffffff-2023-07,3
84262ebffffffff-2023-08,3
84262ebffffffff-2023-09,5
84262edffffffff-2012-04,1
84262edffffffff-2012-05,1
84262edffffffff-2012-07,2
84262edffffffff-2013-04,1
84262edffffffff-2013-05,1
84262edffffffff-2013-07,3
84262edffffffff-2014-07,1
84262edffffffff-2015-05,2
84262edffffffff-2015-07,1
84262edffffffff-2015-08,2
84262edffffffff-2016-05,2
84262edffffffff-2017-04,4
84262edffffffff-2017-07,2
84262edffffffff-2017-08,15
84262edffffffff-2017-09,1
84262edffffffff-2018-04,2
84262edffffffff-2018-08,4
84262edffffffff-2018-10,1
84262edffffffff-2019-04,1
84262edffffffff-2019-08,1
84262edffffffff-2020-04,2
84262edffffffff-2020-05,6
84262edffffffff-2020-07,1
84262edffffffff-2020-08,1
84262edffffffff-2021-04,3
84262edffffffff-2021-05,4
84262edffffffff-2021-07,8
84262edffffffff-2021-09,1
84262edffffffff-2021-10,1
84262edffffffff-2022-05,6
84262edffffffff-2022-07,3
84262edffffffff-2022-08,5
84262edffffffff-2022-10,1
84262edffffffff-2023-04,5
84262edffffffff-2023-05,6
84262edffffffff-2023-07,4
84262edffffffff-2023-08,11
84262edffffffff-2023-09,1
84262edffffffff-2023-10,2
8426301ffffffff-2014-04,2
8426301ffffffff-2015-08,1
8426301ffffffff-2016-06,1
8426301ffffffff-2017-04,1
8426301ffffffff-2017-07,1
8426301ffffffff-2017-08,1
8426301ffffffff-2018-07,2
8426301ffffffff-2019-07,1
8426301ffffffff-2021-07,2
8426301ffffffff-2022-07,2
8426301ffffffff-2022-08,2
8426303ffffffff-2015-07,2
8426303ffffffff-2015-08,1
8426303ffffffff-2016-04,2
8426303ffffffff-2016-05,1
8426303ffffffff-2016-07,1
8426303ffffffff-2016-08,2
8426303ffffffff-2016-10,1
8426303ffffffff-2017-04,4
8426303ffffffff-2017-05,7
8426303ffffffff-2017-07,3
8426303ffffffff-2017-09,1
8426303ffffffff-2019-07,4
8426303ffffffff-2020-08,2
8426303ffffffff-2021-04,3
8426303ffffffff-2021-05,1
8426303ffffffff-2022-04,2
8426303ffffffff-2022-06,2
8426303ffffffff-2022-09,1
8426305ffffffff-2016-05,1
8426305ffffffff-2017-08,1
8426305ffffffff-2018-05,1
8426305ffffffff-2018-09,2
8426305ffffffff-2019-04,1
8426305ffffffff-2020-07,2
8426305ffffffff-2021-04,1
8426305ffffffff-2022-04,1
8426305ffffffff-2022-08,1
8426305ffffffff-2023-07,1
8426307ffffffff-2013-05,5
8426307ffffffff-2016-05,1
8426307ffffffff-2017-04,1
8426307ffffffff-2017-08,1
8426307ffffffff-2019-08,1
8426307ffffffff-2020-07,2
8426307ffffffff-2020-08,2
8426307ffffffff-2021-05,2
8426307ffffffff-2021-08,2
8426307ffffffff-2022-05,1
8426307ffffffff-2023-05,1
8426307ffffffff-2023-08,2
8426309ffffffff-2014-04,1
8426309ffffffff-2014-05,4
8426309ffffffff-2017-04,1
8426309ffffffff-2019-04,2
8426309ffffffff-2019-05,2
8426309ffffffff-2020-08,2
8426309ffffffff-2021-04,2
8426309ffffffff-2021-07,1
8426309ffffffff-2022-09,2
8426309ffffffff-2023-05,1
8426309ffffffff-2023-07,1
842630bffffffff-2012-07,2
842630bffffffff-2014-04,23
842630bffffffff-2014-05,32
842630bffffffff-2014-08,1
842630bffffffff-2016-07,1
842630bffffffff-2017-05,1
842630bffffffff-2017-06,1
842630bffffffff-2018-05,1
842630bffffffff-2018-08,2
842630bffffffff-2019-08,1
842630bffffffff-2020-04,2
842630bffffffff-2020-07,2
842630bffffffff-2021-04,2
842630bffffffff-2021-05,3
842630bffffffff-2022-07,4
842630bffffffff-2022-09,1
842630bffffffff-2023-04,1
842630bffffffff-2023-06,1
842630bffffffff-2023-07,1
842630bffffffff-2023-08,2
842630dffffffff-2014-07,1
842630dffffffff-2016-04,3
842630dffffffff-2016-07,2
842630dffffffff-2016-08,2
842630dffffffff-2017-05,2
842630dffffffff-2018-08,2
842630dffffffff-2018-10,2
842630dffffffff-2019-05,1
842630dffffffff-2020-10,4
842630dffffffff-2021-05,2
842630dffffffff-2021-06,1
842630dffffffff-2021-08,4
842630dffffffff-2022-04,2
842630dffffffff-2022-05,1
842630dffffffff-2023-05,1
842630dffffffff-2023-08,1
8426311ffffffff-2012-05,1
8426311ffffffff-2015-04,1
8426311ffffffff-2015-05,1
8426311ffffffff-2015-08,1
8426311ffffffff-2016-04,3
8426311ffffffff-2017-04,1
8426311ffffffff-2017-08,1
8426311ffffffff-2017-09,1
8426311ffffffff-2018-04,1
8426311ffffffff-2018-05,1
8426311ffffffff-2018-07,1
8426311ffffffff-2019-05,3
8426311ffffffff-2019-07,1
8426311ffffffff-2019-08,1
8426311ffffffff-2019-10,1
8426311ffffffff-2020-04,1
8426311ffffffff-2021-04,4
8426311ffffffff-2021-05,3
8426311ffffffff-2022-04,7
8426311ffffffff-2023-04,6
8426311ffffffff-2023-09,9
8426313ffffffff-2013-05,2
8426313ffffffff-2017-07,2
8426313ffffffff-2020-06,1
8426313ffffffff-2020-08,3
8426313ffffffff-2021-05,1
8426313ffffffff-2021-07,4
8426313ffffffff-2021-08,1
8426313ffffffff-2022-04,2
8426313ffffffff-2023-04,2
8426315ffffffff-2015-04,4
8426315ffffffff-2015-05,1
8426315ffffffff-2015-08,1
8426315ffffffff-2015-09,1
8426315ffffffff-2015-10,1
8426315ffffffff-2016-04,2
8426315ffffffff-2016-07,1
8426315ffffffff-2017-04,1
8426315ffffffff-2017-05,1
8426315ffffffff-2018-07,2
8426315ffffffff-2019-04,1
8426315ffffffff-2019-07,1
8426315ffffffff-2020-04,2
8426315ffffffff-2021-03,1
8426315ffffffff-2021-04,2
8426315ffffffff-2022-04,1
8426315ffffffff-2022-05,2
8426315ffffffff-2022-07,3
8426315ffffffff-2023-04,1
8426315ffffffff-2023-05,1
8426317ffffffff-2016-04,1
8426317ffffffff-2016-07,1
8426317ffffffff-2017-04,1
8426317ffffffff-2017-07,2
8426317ffffffff-2017-08,1
8426317ffffffff-2019-07,1
8426317ffffffff-2020-04,2
8426317ffffffff-2020-08,2
8426317ffffffff-2021-04,3
8426317ffffffff-2022-04,1
8426317ffffffff-2023-04,19
8426317ffffffff-2023-08,2
8426319ffffffff-2012-04,2
8426319ffffffff-2012-05,1
8426319ffffffff-2013-05,1
8426319ffffffff-2015-04,1
8426319ffffffff-2015-07,1
8426319ffffffff-2015-08,2
8426319ffffffff-2016-04,3
8426319ffffffff-2016-07,2
8426319ffffffff-2017-04,4
8426319ffffffff-2018-08,2
8426319ffffffff-2019-04,2
8426319ffffffff-2019-05,7
8426319ffffffff-2019-08,1
8426319ffffffff-2020-04,4
8426319ffffffff-2020-05,4
8426319ffffffff-2020-08,6
8426319ffffffff-2020-09,1
8426319ffffffff-2020-10,1
8426319ffffffff-2021-04,2
8426319ffffffff-2021-05,3
8426319ffffffff-2021-06,1
8426319ffffffff-2021-07,1
8426319ffffffff-2021-08,1
8426319ffffffff-2022-04,1
8426319ffffffff-2022-05,4
8426319ffffffff-2022-07,18
8426319ffffffff-2022-09,1
8426319ffffffff-2023-04,3
8426319ffffffff-2023-05,8
8426319ffffffff-2023-07,2
8426319ffffffff-2023-08,1
8426319ffffffff-2023-09,2
842631bffffffff-2015-04,2
842631bffffffff-2016-07,1
842631bffffffff-2016-08,1
842631bffffffff-2016-10,1
842631bffffffff-2017-05,2
842631bffffffff-2018-05,1
842631bffffffff-2019-09,1
842631bffffffff-2023-04,1
842631dffffffff-2013-04,1
842631dffffffff-2014-08,1
842631dffffffff-2015-04,9
842631dffffffff-2015-05,2
842631dffffffff-2015-08,7
842631dffffffff-2015-09,2
842631dffffffff-2015-10,1
842631dffffffff-2016-04,7
842631dffffffff-2016-05,1
842631dffffffff-2016-08,3
842631dffffffff-2017-04,1
842631dffffffff-2017-07,2
842631dffffffff-2018-05,2
842631dffffffff-2018-07,1
842631dffffffff-2019-04,2
842631dffffffff-2019-05,3
842631dffffffff-2019-07,4
842631dffffffff-2019-08,5
842631dffffffff-2020-04,7
842631dffffffff-2020-05,7
842631dffffffff-2021-04,13
842631dffffffff-2021-05,5
842631dffffffff-2022-04,17
842631dffffffff-2022-05,4
842631dffffffff-2022-07,4
842631dffffffff-2023-04,3
842631dffffffff-2023-05,13
842631dffffffff-2023-06,1
8426321ffffffff-2016-09,1
8426321ffffffff-2018-05,1
8426327ffffffff-2017-04,1
842632bffffffff-2019-07,1
842632bffffffff-2021-04,1
842632bffffffff-2022-05,2
842632bffffffff-2023-06,2
8426331ffffffff-2012-04,4
8426331ffffffff-2013-08,2
8426331ffffffff-2015-06,1
8426331ffffffff-2017-04,2
8426331ffffffff-2017-08,1
8426331ffffffff-2018-04,1
8426331ffffffff-2018-05,4
8426331ffffffff-2019-04,1
8426331ffffffff-2019-05,2
8426331ffffffff-2019-07,3
8426331ffffffff-2019-08,2
8426331ffffffff-2020-03,1
8426331ffffffff-2020-04,1
8426331ffffffff-2020-07,3
8426331ffffffff-2021-04,2
8426331ffffffff-2021-07,5
8426331ffffffff-2021-08,21
8426331ffffffff-2021-09,1
8426331ffffffff-2022-06,2
8426331ffffffff-2022-08,4
8426331ffffffff-2023-04,1
8426331ffffffff-2023-06,1
8426331ffffffff-2023-07,1
8426331ffffffff-2023-08,1
8426333ffffffff-2012-04,1
8426333ffffffff-2012-07,2
8426333ffffffff-2015-04,4
8426333ffffffff-2015-05,1
8426333ffffffff-2016-05,1
8426333ffffffff-2016-06,1
8426333ffffffff-2018-04,1
8426333ffffffff-2020-04,13
8426333ffffffff-2020-08,2
8426333ffffffff-2021-07,1
8426333ffffffff-2022-04,10
8426333ffffffff-2023-04,1
8426333ffffffff-2023-06,1
8426335ffffffff-2018-04,1
8426335ffffffff-2018-05,2
8426335ffffffff-2018-07,1
8426335ffffffff-2019-05,2
8426335ffffffff-2019-07,1
8426335ffffffff-2021-04,4
8426335ffffffff-2023-05,1
8426337ffffffff-2012-04,1
8426337ffffffff-2012-08,1
8426337ffffffff-2013-09,1
8426337ffffffff-2017-04,15
8426337ffffffff-2017-05,14
8426337ffffffff-2018-04,1
8426337ffffffff-2018-07,10
8426337ffffffff-2019-04,1
8426337ffffffff-2019-05,2
8426337ffffffff-2019-10,1
8426337ffffffff-2020-04,21
8426337ffffffff-2020-05,5
8426337ffffffff-2020-07,3
8426337ffffffff-2020-08,1
8426337ffffffff-2020-09,3
8426337ffffffff-2020-10,2
8426337ffffffff-2021-04,17
8426337ffffffff-2021-05,9
8426337ffffffff-2022-04,1
8426337ffffffff-2022-05,2
8426337ffffffff-2022-08,1
8426337ffffffff-2023-05,4
8426337ffffffff-2023-08,6
8426339ffffffff-2016-07,1
8426339ffffffff-2017-04,1
8426339ffffffff-2017-08,1
8426339ffffffff-2018-04,1
8426339ffffffff-2018-07,1
8426339ffffffff-2018-08,1
8426339ffffffff-2019-10,1
8426339ffffffff-2020-08,2
8426339ffffffff-2021-07,2
8426339ffffffff-2021-08,1
842633bffffffff-2015-06,1
842633bffffffff-2016-04,1
842633bffffffff-2016-09,1
842633bffffffff-2017-07,2
842633bffffffff-2017-09,1
842633bffffffff-2018-04,2
842633bffffffff-2020-04,6
842633bffffffff-2020-08,2
842633bffffffff-2021-04,6
842633bffffffff-2021-05,2
842633bffffffff-2021-07,2
842633bffffffff-2021-10,2
842633bffffffff-2022-04,2
842633bffffffff-2022-05,1
842633bffffffff-2022-07,1
842633bffffffff-2023-04,1
842633bffffffff-2023-05,1
842633dffffffff-2013-05,2
842633dffffffff-2015-07,2
842633dffffffff-2017-04,1
842633dffffffff-2020-07,2
842633dffffffff-2021-07,2
842633dffffffff-2021-08,4
842633dffffffff-2023-08,1
8426341ffffffff-2012-05,2
8426341ffffffff-2012-06,2
8426341ffffffff-2012-07,4
8426341ffffffff-2012-08,1
8426341ffffffff-2013-07,6
8426341ffffffff-2014-04,1
8426341ffffffff-2014-05,1
8426341ffffffff-2014-07,2
8426341ffffffff-2014-08,1
8426341ffffffff-2015-04,4
8426341ffffffff-2015-06,2
8426341ffffffff-2016-04,2
8426341ffffffff-2017-04,1
8426341ffffffff-2017-07,8
8426341ffffffff-2017-08,1
8426341ffffffff-2018-05,1
8426341ffffffff-2018-06,13
8426341ffffffff-2018-07,2
8426341ffffffff-2018-08,2
8426341ffffffff-2019-04,4
8426341ffffffff-2019-05,1
8426341ffffffff-2019-06,5
8426341ffffffff-2019-07,7
8426341ffffffff-2019-08,2
8426341ffffffff-2020-04,1
8426341ffffffff-2020-05,8
8426341ffffffff-2020-07,3
8426341ffffffff-2021-04,1
8426341ffffffff-2021-06,7
8426341ffffffff-2021-07,19
8426341ffffffff-2021-08,2
8426341ffffffff-2022-07,9
8426341ffffffff-2022-08,9
8426341ffffffff-2022-09,3
8426341ffffffff-2022-10,1
8426341ffffffff-2023-04,1
8426341ffffffff-2023-05,8
8426341ffffffff-2023-06,4
8426341ffffffff-2023-07,11
8426341ffffffff-2023-08,1
8426341ffffffff-2023-09,7
8426341ffffffff-2023-10,1
8426343ffffffff-2020-07,6
8426343ffffffff-2020-08,1
8426345ffffffff-2012-04,3
8426345ffffffff-2012-05,3
8426345ffffffff-2012-06,1
8426345ffffffff-2012-07,3
8426345ffffffff-2012-08,1
8426345ffffffff-2013-04,1
8426345ffffffff-2013-05,1
8426345ffffffff-2013-06,1
8426345ffffffff-2013-08,10
8426345ffffffff-2013-09,1
8426345ffffffff-2013-10,2
8426345ffffffff-2014-04,1
8426345ffffffff-2014-05,2
8426345ffffffff-2014-07,1
8426345ffffffff-2014-08,2
8426345ffffffff-2014-10,2
8426345ffffffff-2015-04,5
8426345ffffffff-2015-05,6
8426345ffffffff-2015-07,1
8426345ffffffff-2015-08,4
8426345ffffffff-2015-09,7
8426345ffffffff-2016-04,1
8426345ffffffff-2016-05,1
8426345ffffffff-2016-06,2
8426345ffffffff-2016-07,5
8426345ffffffff-2016-08,1
8426345ffffffff-2017-04,6
8426345ffffffff-2017-07,4
8426345ffffffff-2018-05,2
8426345ffffffff-2018-07,2
8426345ffffffff-2018-08,4
8426345ffffffff-2019-04,12
8426345ffffffff-2019-05,15
8426345ffffffff-2019-06,1
8426345ffffffff-2019-07,4
8426345ffffffff-2019-08,21
8426345ffffffff-2020-04,2
8426345ffffffff-2020-05,8
8426345ffffffff-2020-06,2
8426345ffffffff-2020-07,19
8426345ffffffff-2020-08,1
8426345ffffffff-2021-04,7
8426345ffffffff-2021-05,13
8426345ffffffff-2021-07,6
8426345ffffffff-2021-08,4
8426345ffffffff-2021-09,3
8426345ffffffff-2022-06,4
8426345ffffffff-2022-07,4
8426345ffffffff-2022-08,2
8426345ffffffff-2022-09,3
8426345ffffffff-2023-04,8
8426345ffffffff-2023-05,5
8426345ffffffff-2023-06,1
8426345ffffffff-2023-07,4
8426345ffffffff-2023-09,1
8426347ffffffff-2016-08,2
8426347ffffffff-2017-04,4
8426347ffffffff-2018-08,1
8426347ffffffff-2019-04,1
8426347ffffffff-2019-08,1
8426347ffffffff-2020-08,1
8426347ffffffff-2021-04,2
8426347ffffffff-2021-10,1
8426347ffffffff-2022-05,1
8426347ffffffff-2022-09,3
8426347ffffffff-2023-05,2
8426347ffffffff-2023-08,2
8426347ffffffff-2023-09,1
8426347ffffffff-2023-10,1
8426349ffffffff-2013-05,6
8426349ffffffff-2014-07,1
8426349ffffffff-2014-08,1
8426349ffffffff-2016-07,2
8426349ffffffff-2016-09,1
8426349ffffffff-2017-07,2
8426349ffffffff-2018-06,9
8426349ffffffff-2018-07,7
8426349ffffffff-2018-08,1
8426349ffffffff-2018-09,1
8426349ffffffff-2019-07,1
8426349ffffffff-2019-09,1
8426349ffffffff-2020-05,1
8426349ffffffff-2020-07,3
8426349ffffffff-2021-04,2
8426349ffffffff-2021-05,7
8426349ffffffff-2021-06,1
8426349ffffffff-2021-07,12
8426349ffffffff-2022-07,3
8426349ffffffff-2022-08,2
8426349ffffffff-2023-05,1
8426349ffffffff-2023-06,1
8426349ffffffff-2023-07,4
842634bffffffff-2012-05,1
842634bffffffff-2012-07,1
842634bffffffff-2013-08,1
842634bffffffff-2014-05,2
842634bffffffff-2014-07,4
842634bffffffff-2015-07,1
842634bffffffff-2016-09,1
842634bffffffff-2017-08,2
842634bffffffff-2017-09,1
842634bffffffff-2019-07,2
842634bffffffff-2019-08,7
842634bffffffff-2019-09,1
842634bffffffff-2020-05,4
842634bffffffff-2020-06,2
842634bffffffff-2020-07,3
842634bffffffff-2020-08,11
842634bffffffff-2020-09,7
842634bffffffff-2020-10,4
842634bffffffff-2021-04,9
842634bffffffff-2021-05,8
842634bffffffff-2021-07,4
842634bffffffff-2021-08,4
842634bffffffff-2021-09,3
842634bffffffff-2022-04,5
842634bffffffff-2022-07,3
842634bffffffff-2022-08,12
842634bffffffff-2022-09,1
842634bffffffff-2022-10,2
842634bffffffff-2023-04,3
842634bffffffff-2023-05,1
842634bffffffff-2023-07,6
842634bffffffff-2023-08,6
842634bffffffff-2023-10,1
842634dffffffff-2012-06,1
842634dffffffff-2013-09,1
842634dffffffff-2014-06,4
842634dffffffff-2014-07,1
842634dffffffff-2014-08,1
842634dffffffff-2015-04,1
842634dffffffff-2015-05,1
842634dffffffff-2015-06,2
842634dffffffff-2015-07,6
842634dffffffff-2016-04,1
842634dffffffff-2016-05,4
842634dffffffff-2016-06,3
842634dffffffff-2016-07,2
842634dffffffff-2016-09,2
842634dffffffff-2017-04,1
842634dffffffff-2017-05,4
842634dffffffff-2017-07,3
842634dffffffff-2018-05,1
842634dffffffff-2018-06,2
842634dffffffff-2018-07,8
842634dffffffff-2019-06,2
842634dffffffff-2019-07,4
842634dffffffff-2020-06,1
842634dffffffff-2020-07,12
842634dffffffff-2020-08,4
842634dffffffff-2021-04,2
842634dffffffff-2021-05,13
842634dffffffff-2021-06,7
842634dffffffff-2021-07,23
842634dffffffff-2021-08,7
842634dffffffff-2022-04,5
842634dffffffff-2022-05,4
842634dffffffff-2022-06,1
842634dffffffff-2022-07,4
842634dffffffff-2022-08,7
842634dffffffff-2022-09,3
842634dffffffff-2023-04,5
842634dffffffff-2023-05,7
842634dffffffff-2023-06,4
842634dffffffff-2023-07,1
842634dffffffff-2023-08,5
842634dffffffff-2023-09,1
8426351ffffffff-2016-09,2
8426351ffffffff-2017-04,2
8426351ffffffff-2017-10,2
8426351ffffffff-2018-05,4
8426351ffffffff-2018-09,1
8426351ffffffff-2018-10,2
8426351ffffffff-2019-04,2
8426351ffffffff-2019-05,1
8426351ffffffff-2019-08,1
8426351ffffffff-2020-05,8
8426351ffffffff-2020-07,1
8426351ffffffff-2020-08,1
8426351ffffffff-2021-04,4
8426351ffffffff-2021-05,7
8426351ffffffff-2021-08,7
8426351ffffffff-2022-04,2
8426351ffffffff-2022-05,3
8426351ffffffff-2022-08,3
8426351ffffffff-2022-09,2
8426351ffffffff-2023-06,1
8426351ffffffff-2023-07,2
8426353ffffffff-2013-05,1
8426353ffffffff-2013-07,2
8426353ffffffff-2013-08,1
8426353ffffffff-2016-10,1
8426353ffffffff-2017-04,5
8426353ffffffff-2017-05,7
8426353ffffffff-2017-07,3
8426353ffffffff-2017-09,1
8426353ffffffff-2018-04,1
8426353ffffffff-2018-07,3
8426353ffffffff-2018-08,6
8426353ffffffff-2018-09,1
8426353ffffffff-2019-05,1
8426353ffffffff-2019-07,3
8426353ffffffff-2020-04,1
8426353ffffffff-2020-05,1
8426353ffffffff-2020-07,5
8426353ffffffff-2020-08,8
8426353ffffffff-2020-10,1
8426353ffffffff-2021-04,2
8426353ffffffff-2021-05,5
8426353ffffffff-2021-07,3
8426353ffffffff-2022-04,1
8426353ffffffff-2022-08,1
8426353ffffffff-2023-06,2
8426353ffffffff-2023-07,30
8426353ffffffff-2023-09,1
8426355ffffffff-2014-04,1
8426355ffffffff-2014-05,3
8426355ffffffff-2014-07,1
8426355ffffffff-2015-07,3
8426355ffffffff-2017-05,1
8426355ffffffff-2017-08,1
8426355ffffffff-2020-04,1
8426355ffffffff-2020-10,1
8426355ffffffff-2021-04,4
8426355ffffffff-2021-05,2
8426355ffffffff-2021-08,1
8426355ffffffff-2023-07,2
8426357ffffffff-2012-05,1
8426357ffffffff-2012-07,1
8426357ffffffff-2012-08,2
8426357ffffffff-2013-04,1
8426357ffffffff-2014-04,1
8426357ffffffff-2014-05,4
8426357ffffffff-2014-08,1
8426357ffffffff-2015-04,1
8426357ffffffff-2015-08,2
8426357ffffffff-2015-10,2
8426357ffffffff-2016-04,2
8426357ffffffff-2016-06,1
8426357ffffffff-2016-09,1
8426357ffffffff-2017-04,5
8426357ffffffff-2017-05,7
8426357ffffffff-2017-07,3
8426357ffffffff-2017-08,1
8426357ffffffff-2018-06,1
8426357ffffffff-2018-07,1
8426357ffffffff-2018-08,2
8426357ffffffff-2018-10,1
8426357ffffffff-2019-04,1
8426357ffffffff-2019-05,2
8426357ffffffff-2019-06,1
8426357ffffffff-2019-07,1
8426357ffffffff-2019-08,1
8426357ffffffff-2019-09,1
8426357ffffffff-2020-04,2
8426357ffffffff-2020-07,4
8426357ffffffff-2020-08,7
8426357ffffffff-2020-09,1
8426357ffffffff-2021-04,5
8426357ffffffff-2021-05,15
8426357ffffffff-2021-07,2
8426357ffffffff-2022-04,2
8426357ffffffff-2022-05,1
8426357ffffffff-2022-07,2
8426357ffffffff-2022-08,2
8426357ffffffff-2022-09,3
8426357ffffffff-2023-05,3
8426357ffffffff-2023-07,3
8426357ffffffff-2023-08,2
8426357ffffffff-2023-09,5
8426359ffffffff-2014-07,1
8426359ffffffff-2015-07,3
8426359ffffffff-2016-09,2
8426359ffffffff-2017-09,1
8426359ffffffff-2017-10,2
8426359ffffffff-2018-07,7
8426359ffffffff-2018-08,2
8426359ffffffff-2019-05,1
8426359ffffffff-2019-07,2
8426359ffffffff-2019-08,1
8426359ffffffff-2020-05,2
8426359ffffffff-2020-08,1
8426359ffffffff-2021-04,15
8426359ffffffff-2021-05,30
8426359ffffffff-2021-07,2
8426359ffffffff-2021-08,1
8426359ffffffff-2023-05,14
842635bffffffff-2013-05,1
842635bffffffff-2015-08,1
842635bffffffff-2017-04,1
842635bffffffff-2017-07,2
842635bffffffff-2018-08,2
842635bffffffff-2018-10,19
842635bffffffff-2019-05,1
842635bffffffff-2020-05,5
842635bffffffff-2020-08,1
842635bffffffff-2021-04,2
842635bffffffff-2021-07,2
842635bffffffff-2021-08,7
842635bffffffff-2021-09,1
842635bffffffff-2022-04,1
842635bffffffff-2022-05,1
842635bffffffff-2022-07,1
842635bffffffff-2022-09,3
842635bffffffff-2023-05,2
842635bffffffff-2023-07,3
842635bffffffff-2023-09,4
842635bffffffff-2023-10,2
842635dffffffff-2016-07,1
842635dffffffff-2020-04,3
842635dffffffff-2021-05,1
842635dffffffff-2022-08,1
8426361ffffffff-2018-04,2
8426361ffffffff-2018-05,4
8426361ffffffff-2019-04,1
8426361ffffffff-2019-05,2
8426361ffffffff-2020-04,5
8426361ffffffff-2020-05,1
8426361ffffffff-2021-07,5
8426361ffffffff-2023-04,1
8426363ffffffff-2015-04,4
8426363ffffffff-2017-05,2
8426363ffffffff-2018-07,2
8426363ffffffff-2021-06,1
8426363ffffffff-2022-09,1
8426365ffffffff-2013-05,1
8426365ffffffff-2014-05,1
8426365ffffffff-2015-04,2
8426365ffffffff-2015-05,9
8426365ffffffff-2019-04,1
8426365ffffffff-2021-05,1
8426367ffffffff-2021-05,1
8426369ffffffff-2012-04,1
8426369ffffffff-2012-05,1
8426369ffffffff-2013-05,1
8426369ffffffff-2013-08,1
8426369ffffffff-2013-10,1
8426369ffffffff-2014-05,3
8426369ffffffff-2014-08,5
8426369ffffffff-2014-09,3
8426369ffffffff-2014-10,2
8426369ffffffff-2015-04,6
8426369ffffffff-2015-05,8
8426369ffffffff-2015-08,1
8426369ffffffff-2015-09,2
8426369ffffffff-2016-03,1
8426369ffffffff-2016-04,12
8426369ffffffff-2016-05,2
8426369ffffffff-2017-04,9
8426369ffffffff-2017-05,7
8426369ffffffff-2017-07,2
8426369ffffffff-2018-03,1
8426369ffffffff-2018-04,3
8426369ffffffff-2018-05,10
8426369ffffffff-2018-07,8
8426369ffffffff-2018-08,2
8426369ffffffff-2018-10,1
8426369ffffffff-2019-04,17
8426369ffffffff-2019-05,22
8426369ffffffff-2019-08,9
8426369ffffffff-2020-04,8
8426369ffffffff-2020-05,12
8426369ffffffff-2020-06,4
8426369ffffffff-2020-07,15
8426369ffffffff-2020-08,1
8426369ffffffff-2021-04,10
8426369ffffffff-2021-05,7
8426369ffffffff-2021-07,1
8426369ffffffff-2021-08,1
8426369ffffffff-2021-09,2
8426369ffffffff-2021-10,1
8426369ffffffff-2022-04,6
8426369ffffffff-2022-05,5
8426369ffffffff-2022-08,1
8426369ffffffff-2023-04,1
8426369ffffffff-2023-05,2
8426369ffffffff-2023-06,2
8426369ffffffff-2023-07,3
842636bffffffff-2012-04,1
842636bffffffff-2012-05,1
842636bffffffff-2012-07,1
842636bffffffff-2013-08,1
842636bffffffff-2013-09,1
842636bffffffff-2014-05,2
842636bffffffff-2014-09,1
842636bffffffff-2015-04,5
842636bffffffff-2015-05,5
842636bffffffff-2016-04,1
842636bffffffff-2016-07,2
842636bffffffff-2016-08,3
842636bffffffff-2017-04,2
842636bffffffff-2017-07,2
842636bffffffff-2018-04,1
842636bffffffff-2018-05,2
842636bffffffff-2018-08,1
842636bffffffff-2018-09,1
842636bffffffff-2019-04,3
842636bffffffff-2019-05,8
842636bffffffff-2019-06,1
842636bffffffff-2019-07,1
842636bffffffff-2019-08,3
842636bffffffff-2020-05,3
842636bffffffff-2020-06,1
842636bffffffff-2020-07,3
842636bffffffff-2020-08,2
842636bffffffff-2020-09,2
842636bffffffff-2021-04,1
842636bffffffff-2021-05,7
842636bffffffff-2021-07,2
842636bffffffff-2022-05,2
842636bffffffff-2022-08,3
842636bffffffff-2022-09,4
842636bffffffff-2023-04,3
842636bffffffff-2023-05,2
842636bffffffff-2023-07,3
842636dffffffff-2018-05,1
842636dffffffff-2019-06,2
8426401ffffffff-2012-04,1
8426401ffffffff-2013-04,3
8426401ffffffff-2014-04,2
8426401ffffffff-2014-08,1
8426401ffffffff-2015-04,4
8426401ffffffff-2015-05,2
8426401ffffffff-2017-05,1
8426401ffffffff-2018-04,1
8426401ffffffff-2018-05,2
8426401ffffffff-2019-03,2
8426403ffffffff-2014-05,2
8426403ffffffff-2014-07,4
8426403ffffffff-2014-08,1
8426403ffffffff-2014-10,1
8426403ffffffff-2015-04,9
8426403ffffffff-2015-05,3
8426403ffffffff-2015-07,1
8426403ffffffff-2015-08,5
8426403ffffffff-2015-10,2
8426403ffffffff-2015-11,1
8426403ffffffff-2016-03,2
8426403ffffffff-2016-04,4
8426403ffffffff-2016-05,21
8426403ffffffff-2016-06,1
8426403ffffffff-2016-08,2
8426403ffffffff-2016-09,4
8426403ffffffff-2016-10,1
8426403ffffffff-2017-03,10
8426403ffffffff-2017-04,43
8426403ffffffff-2017-08,1
8426403ffffffff-2018-04,8
8426403ffffffff-2018-05,9
8426403ffffffff-2018-10,1
8426403ffffffff-2019-03,1
8426403ffffffff-2019-04,4
8426403ffffffff-2019-08,7
8426403ffffffff-2019-09,2
8426403ffffffff-2020-04,15
8426403ffffffff-2020-05,10
8426403ffffffff-2020-10,4
8426403ffffffff-2021-03,20
8426403ffffffff-2021-04,44
8426403ffffffff-2021-05,5
8426403ffffffff-2022-04,21
8426403ffffffff-2022-05,7
8426403ffffffff-2023-04,15
8426403ffffffff-2023-05,1
8426403ffffffff-2023-08,1
8426403ffffffff-2023-10,1
8426405ffffffff-2012-04,3
8426405ffffffff-2012-05,3
8426405ffffffff-2013-04,2
8426405ffffffff-2013-05,1
8426405ffffffff-2013-08,6
8426405ffffffff-2015-04,1
8426405ffffffff-2015-05,1
8426405ffffffff-2015-07,1
8426405ffffffff-2015-08,3
8426405ffffffff-2015-09,1
8426405ffffffff-2016-03,6
8426405ffffffff-2016-04,10
8426405ffffffff-2016-05,1
8426405ffffffff-2017-02,1
8426405ffffffff-2017-03,2
8426405ffffffff-2017-04,6
8426405ffffffff-2017-05,4
8426405ffffffff-2018-04,13
8426405ffffffff-2018-05,4
8426405ffffffff-2018-08,2
8426405ffffffff-2019-04,4
8426405ffffffff-2019-05,2
8426405ffffffff-2019-08,3
8426405ffffffff-2019-09,10
8426405ffffffff-2020-04,14
8426405ffffffff-2020-05,9
8426405ffffffff-2020-07,1
8426405ffffffff-2020-08,1
8426405ffffffff-2021-04,10
8426405ffffffff-2021-05,4
8426405ffffffff-2021-08,3
8426405ffffffff-2021-09,2
8426405ffffffff-2021-10,1
8426405ffffffff-2022-04,6
8426405ffffffff-2022-05,4
8426405ffffffff-2022-08,6
8426405ffffffff-2023-03,2
8426405ffffffff-2023-05,2
8426405ffffffff-2023-08,2
8426407ffffffff-2012-04,1
8426407ffffffff-2012-05,1
8426407ffffffff-2013-04,2
8426407ffffffff-2014-03,1
8426407ffffffff-2014-04,3
8426407ffffffff-2015-04,1
8426407ffffffff-2015-05,1
8426407ffffffff-2015-08,10
8426407ffffffff-2015-09,1
8426407ffffffff-2016-03,8
8426407ffffffff-2016-04,3
8426407ffffffff-2016-05,5
8426407ffffffff-2016-10,1
8426407ffffffff-2017-03,2
8426407ffffffff-2017-04,2
8426407ffffffff-2017-05,2
8426407ffffffff-2017-08,2
8426407ffffffff-2017-10,2
8426407ffffffff-2018-03,2
8426407ffffffff-2018-04,2
8426407ffffffff-2018-05,1
8426407ffffffff-2018-07,4
8426407ffffffff-2018-08,1
8426407ffffffff-2019-04,1
8426407ffffffff-2019-09,1
8426407ffffffff-2020-04,5
8426407ffffffff-2020-05,1
8426407ffffffff-2020-08,9
8426407ffffffff-2020-09,1
8426407ffffffff-2020-10,1
8426407ffffffff-2021-03,1
8426407ffffffff-2021-04,2
8426407ffffffff-2023-04,9
8426409ffffffff-2012-04,5
8426409ffffffff-2012-05,1
8426409ffffffff-2013-03,1
8426409ffffffff-2013-04,6
8426409ffffffff-2013-05,3
8426409ffffffff-2013-08,2
8426409ffffffff-2013-09,3
8426409ffffffff-2013-11,1
8426409ffffffff-2014-03,5
8426409ffffffff-2014-04,7
8426409ffffffff-2014-05,2
8426409ffffffff-2014-09,24
8426409ffffffff-2015-03,1
8426409ffffffff-2015-04,19
8426409ffffffff-2015-05,4
8426409ffffffff-2015-08,4
8426409ffffffff-2015-09,17
8426409ffffffff-2015-10,34
8426409ffffffff-2016-03,1
8426409ffffffff-2016-04,9
8426409ffffffff-2016-05,4
8426409ffffffff-2016-08,1
8426409ffffffff-2016-09,2
8426409ffffffff-2017-03,3
8426409ffffffff-2017-04,17
8426409ffffffff-2017-05,15
8426409ffffffff-2017-06,1
8426409ffffffff-2017-07,1
8426409ffffffff-2017-08,1
8426409ffffffff-2017-09,7
8426409ffffffff-2017-10,1
8426409ffffffff-2017-11,1
8426409ffffffff-2018-02,1
8426409ffffffff-2018-03,12
8426409ffffffff-2018-04,48
8426409ffffffff-2018-05,20
8426409ffffffff-2019-03,1
8426409ffffffff-2019-04,15
8426409ffffffff-2019-05,2
8426409ffffffff-2019-07,3
8426409ffffffff-2019-08,8
8426409ffffffff-2019-09,5
8426409ffffffff-2020-03,1
8426409ffffffff-2020-04,15
8426409ffffffff-2020-05,7
8426409ffffffff-2020-08,3
8426409ffffffff-2020-09,16
8426409ffffffff-2020-10,5
8426409ffffffff-2020-11,1
8426409ffffffff-2021-03,9
8426409ffffffff-2021-04,69
8426409ffffffff-2021-05,23
8426409ffffffff-2021-08,12
8426409ffffffff-2021-09,10
8426409ffffffff-2021-10,3
8426409ffffffff-2022-03,1
8426409ffffffff-2022-04,31
8426409ffffffff-2022-05,9
8426409ffffffff-2022-07,4
8426409ffffffff-2022-08,14
8426409ffffffff-2022-09,10
8426409ffffffff-2022-10,3
8426409ffffffff-2023-04,17
8426409ffffffff-2023-05,6
8426409ffffffff-2023-06,1
8426409ffffffff-2023-08,1
8426409ffffffff-2023-10,1
842640bffffffff-2012-08,3
842640bffffffff-2014-10,3
842640bffffffff-2015-08,1
842640bffffffff-2015-09,1
842640bffffffff-2015-10,4
842640bffffffff-2017-08,3
842640bffffffff-2017-09,1
842640bffffffff-2020-08,2
842640bffffffff-2020-09,1
842640bffffffff-2022-04,4
842640bffffffff-2022-08,1
842640bffffffff-2023-08,4
842640bffffffff-2023-09,7
842640bffffffff-2023-10,2
842640dffffffff-2012-03,18
842640dffffffff-2012-04,50
842640dffffffff-2012-05,19
842640dffffffff-2012-07,2
842640dffffffff-2013-04,30
842640dffffffff-2013-05,16
842640dffffffff-2013-08,48
842640dffffffff-2013-09,5
842640dffffffff-2014-04,6
842640dffffffff-2014-05,8
842640dffffffff-2014-07,2
842640dffffffff-2014-08,8
842640dffffffff-2014-09,15
842640dffffffff-2014-10,3
842640dffffffff-2015-04,24
842640dffffffff-2015-05,2
842640dffffffff-2015-07,16
842640dffffffff-2015-08,46
842640dffffffff-2015-09,7
842640dffffffff-2015-10,1
842640dffffffff-2016-03,1
842640dffffffff-2016-04,2
842640dffffffff-2016-05,8
842640dffffffff-2016-07,1
842640dffffffff-2016-08,6
842640dffffffff-2016-09,1
842640dffffffff-2016-10,1
842640dffffffff-2017-02,2
842640dffffffff-2017-03,1
842640dffffffff-2017-04,48
842640dffffffff-2017-05,2
842640dffffffff-2017-07,4
842640dffffffff-2017-08,4
842640dffffffff-2017-09,1
842640dffffffff-2018-03,10
842640dffffffff-2018-04,54
842640dffffffff-2018-05,27
842640dffffffff-2018-07,7
842640dffffffff-2018-08,6
842640dffffffff-2019-03,3
842640dffffffff-2019-04,39
842640dffffffff-2019-05,2
842640dffffffff-2019-08,6
842640dffffffff-2019-09,1
842640dffffffff-2020-03,3
842640dffffffff-2020-04,43
842640dffffffff-2020-05,6
842640dffffffff-2020-07,1
842640dffffffff-2020-09,1
842640dffffffff-2021-04,26
842640dffffffff-2021-05,24
842640dffffffff-2021-08,31
842640dffffffff-2021-09,1
842640dffffffff-2022-03,4
842640dffffffff-2022-04,33
842640dffffffff-2022-05,14
842640dffffffff-2022-07,5
842640dffffffff-2022-08,48
842640dffffffff-2022-09,4
842640dffffffff-2022-10,2
842640dffffffff-2023-03,1
842640dffffffff-2023-04,8
842640dffffffff-2023-05,12
842640dffffffff-2023-07,15
842640dffffffff-2023-08,3
842640dffffffff-2023-09,1
842640dffffffff-2023-10,1
8426413ffffffff-2014-04,4
8426413ffffffff-2016-04,1
8426413ffffffff-2016-08,1
8426413ffffffff-2018-04,12
8426413ffffffff-2019-03,4
8426413ffffffff-2019-10,3
8426413ffffffff-2021-04,1
8426413ffffffff-2021-05,2
8426413ffffffff-2023-04,1
8426415ffffffff-2013-05,1
8426415ffffffff-2013-09,3
8426415ffffffff-2013-10,1
8426415ffffffff-2014-04,9
8426415ffffffff-2014-05,1
8426415ffffffff-2014-08,5
8426415ffffffff-2014-09,9
8426415ffffffff-2014-10,1
8426415ffffffff-2015-03,4
8426415ffffffff-2015-04,21
8426415ffffffff-2015-05,5
8426415ffffffff-2015-06,4
8426415ffffffff-2015-07,1
8426415ffffffff-2015-08,8
8426415ffffffff-2015-09,1
8426415ffffffff-2016-03,5
8426415ffffffff-2016-04,31
8426415ffffffff-2016-05,9
8426415ffffffff-2016-07,3
8426415ffffffff-2016-09,1
8426415ffffffff-2017-03,19
8426415ffffffff-2017-04,54
8426415ffffffff-2017-05,6
8426415ffffffff-2017-07,1
8426415ffffffff-2017-08,6
8426415ffffffff-2017-09,13
8426415ffffffff-2017-10,12
8426415ffffffff-2018-03,9
8426415ffffffff-2018-04,42
8426415ffffffff-2018-05,1
8426415ffffffff-2018-08,2
8426415ffffffff-2018-09,1
8426415ffffffff-2018-10,3
8426415ffffffff-2019-04,22
8426415ffffffff-2019-05,2
8426415ffffffff-2019-07,2
8426415ffffffff-2019-08,22
8426415ffffffff-2019-09,7
8426415ffffffff-2019-10,7
8426415ffffffff-2020-03,2
8426415ffffffff-2020-04,4
8426415ffffffff-2020-05,4
8426415ffffffff-2020-07,1
8426415ffffffff-2020-08,7
8426415ffffffff-2020-09,4
8426415ffffffff-2020-10,12
8426415ffffffff-2021-03,2
8426415ffffffff-2021-04,12
8426415ffffffff-2021-08,29
8426415ffffffff-2021-09,10
8426415ffffffff-2021-10,6
8426415ffffffff-2022-03,1
8426415ffffffff-2022-04,10
8426415ffffffff-2022-05,1
8426415ffffffff-2022-09,2
8426415ffffffff-2022-10,6
8426415ffffffff-2023-04,7
8426415ffffffff-2023-05,5
8426415ffffffff-2023-07,1
8426415ffffffff-2023-08,6
8426415ffffffff-2023-09,2
8426415ffffffff-2023-10,1
8426415ffffffff-2023-11,1
8426417ffffffff-2012-04,13
8426417ffffffff-2013-04,8
8426417ffffffff-2014-04,13
8426417ffffffff-2014-05,6
8426417ffffffff-2014-08,4
8426417ffffffff-2015-04,12
8426417ffffffff-2015-05,2
8426417ffffffff-2016-03,7
8426417ffffffff-2016-04,37
8426417ffffffff-2016-05,4
8426417ffffffff-2016-07,3
8426417ffffffff-2016-08,1
8426417ffffffff-2016-10,1
8426417ffffffff-2017-03,7
8426417ffffffff-2017-04,40
8426417ffffffff-2017-05,29
8426417ffffffff-2018-03,9
8426417ffffffff-2018-04,81
8426417ffffffff-2018-05,22
8426417ffffffff-2018-07,2
8426417ffffffff-2018-08,13
8426417ffffffff-2019-04,14
8426417ffffffff-2019-05,7
8426417ffffffff-2019-07,2
8426417ffffffff-2019-08,1
8426417ffffffff-2020-04,4
8426417ffffffff-2020-05,8
8426417ffffffff-2021-03,1
8426417ffffffff-2021-04,10
8426417ffffffff-2021-05,25
8426417ffffffff-2021-08,3
8426417ffffffff-2021-09,1
8426417ffffffff-2022-03,1
8426417ffffffff-2022-04,27
8426417ffffffff-2022-05,6
8426417ffffffff-2023-03,1
8426417ffffffff-2023-04,34
8426417ffffffff-2023-05,5
8426419ffffffff-2012-04,1
8426419ffffffff-2016-08,1
8426419ffffffff-2018-03,2
8426419ffffffff-2018-04,3
8426419ffffffff-2018-05,2
8426419ffffffff-2018-08,2
8426419ffffffff-2019-04,5
8426419ffffffff-2019-05,5
8426419ffffffff-2019-10,2
8426419ffffffff-2020-04,2
8426419ffffffff-2020-10,1
8426419ffffffff-2021-04,6
8426419ffffffff-2022-03,1
8426419ffffffff-2022-05,3
8426419ffffffff-2023-04,1
8426419ffffffff-2023-05,5
8426419ffffffff-2023-08,1
842641bffffffff-2015-07,1
842641bffffffff-2017-03,2
842641bffffffff-2018-04,8
842641bffffffff-2018-07,1
842641bffffffff-2018-08,3
842641bffffffff-2019-04,4
842641bffffffff-2019-08,1
842641bffffffff-2019-10,4
842641bffffffff-2020-04,1
842641bffffffff-2020-08,3
842641bffffffff-2020-09,2
842641bffffffff-2021-04,2
842641bffffffff-2021-05,1
842641bffffffff-2022-04,1
842641bffffffff-2023-04,3
842641dffffffff-2014-07,1
842641dffffffff-2014-08,1
842641dffffffff-2014-09,11
842641dffffffff-2014-10,6
842641dffffffff-2015-04,1
842641dffffffff-2015-10,8
842641dffffffff-2016-08,1
842641dffffffff-2016-11,2
842641dffffffff-2017-04,4
842641dffffffff-2017-09,3
842641dffffffff-2017-10,3
842641dffffffff-2018-04,4
842641dffffffff-2018-05,1
842641dffffffff-2018-08,1
842641dffffffff-2019-04,2
842641dffffffff-2019-05,1
842641dffffffff-2020-05,2
842641dffffffff-2020-07,1
842641dffffffff-2020-09,2
842641dffffffff-2020-10,1
842641dffffffff-2021-07,2
842641dffffffff-2021-08,40
842641dffffffff-2021-09,19
842641dffffffff-2022-04,3
842641dffffffff-2022-09,1
842641dffffffff-2022-10,3
842641dffffffff-2023-04,4
842641dffffffff-2023-05,6
842641dffffffff-2023-09,2
842641dffffffff-2023-10,1
8426421ffffffff-2018-04,1
8426423ffffffff-2018-04,1
8426423ffffffff-2018-05,1
8426423ffffffff-2019-04,1
8426423ffffffff-2020-05,1
8426425ffffffff-2016-05,1
8426425ffffffff-2017-05,2
8426425ffffffff-2020-04,2
8426425ffffffff-2020-05,1
8426425ffffffff-2022-04,2
8426425ffffffff-2023-05,1
8426429ffffffff-2012-04,1
8426429ffffffff-2013-04,1
8426429ffffffff-2014-04,1
8426429ffffffff-2016-04,1
8426429ffffffff-2018-04,7
8426429ffffffff-2020-04,1
8426429ffffffff-2021-04,3
8426429ffffffff-2022-04,4
8426429ffffffff-2022-05,18
8426429ffffffff-2023-03,2
8426429ffffffff-2023-04,10
8426429ffffffff-2023-05,4
842642bffffffff-2021-05,1
842642bffffffff-2022-10,1
842642bffffffff-2023-05,1
842642dffffffff-2014-05,1
842642dffffffff-2015-05,1
842642dffffffff-2018-10,1
8426431ffffffff-2013-05,1
8426431ffffffff-2015-04,3
8426431ffffffff-2015-05,1
8426431ffffffff-2016-04,3
8426431ffffffff-2018-07,1
8426431ffffffff-2020-04,6
8426431ffffffff-2020-05,2
8426431ffffffff-2021-03,1
8426431ffffffff-2023-04,1
8426433ffffffff-2015-08,1
8426433ffffffff-2020-04,6
8426433ffffffff-2021-04,1
8426433ffffffff-2021-08,1
8426437ffffffff-2012-03,2
8426437ffffffff-2012-04,1
8426437ffffffff-2012-07,1
8426437ffffffff-2013-03,2
8426437ffffffff-2013-04,1
8426437ffffffff-2014-03,3
8426437ffffffff-2014-04,1
8426437ffffffff-2015-05,3
8426437ffffffff-2016-03,7
8426437ffffffff-2016-04,2
8426437ffffffff-2016-05,3
8426437ffffffff-2017-04,14
8426437ffffffff-2017-10,1
8426437ffffffff-2018-04,1
8426437ffffffff-2018-07,1
8426437ffffffff-2019-03,1
8426437ffffffff-2019-04,1
8426437ffffffff-2020-03,1
8426437ffffffff-2020-04,26
8426437ffffffff-2020-05,8
8426437ffffffff-2021-03,1
8426437ffffffff-2021-04,7
8426437ffffffff-2021-05,8
8426437ffffffff-2021-08,3
8426437ffffffff-2021-09,7
8426437ffffffff-2021-10,3
8426437ffffffff-2022-03,1
8426437ffffffff-2022-04,4
8426437ffffffff-2022-05,3
8426437ffffffff-2023-03,3
8426437ffffffff-2023-04,54
8426437ffffffff-2023-05,8
8426437ffffffff-2023-07,7
8426437ffffffff-2023-09,2
8426437ffffffff-2023-10,2
8426439ffffffff-2014-08,1
8426439ffffffff-2015-04,3
8426439ffffffff-2015-05,1
8426439ffffffff-2015-07,8
8426439ffffffff-2015-08,13
8426439ffffffff-2015-09,5
8426439ffffffff-2015-10,1
8426439ffffffff-2016-03,4
8426439ffffffff-2016-04,22
8426439ffffffff-2016-05,4
8426439ffffffff-2016-07,2
8426439ffffffff-2016-08,6
8426439ffffffff-2016-09,6
8426439ffffffff-2016-10,1
8426439ffffffff-2017-03,2
8426439ffffffff-2017-04,8
8426439ffffffff-2017-05,7
8426439ffffffff-2017-07,19
8426439ffffffff-2017-08,10
8426439ffffffff-2017-10,2
8426439ffffffff-2018-03,1
8426439ffffffff-2018-04,7
8426439ffffffff-2018-05,9
8426439ffffffff-2018-07,1
8426439ffffffff-2018-08,5
8426439ffffffff-2019-03,1
8426439ffffffff-2019-04,6
8426439ffffffff-2019-05,1
8426439ffffffff-2019-07,1
8426439ffffffff-2019-08,29
8426439ffffffff-2019-09,8
8426439ffffffff-2020-03,11
8426439ffffffff-2020-04,20
8426439ffffffff-2020-05,24
8426439ffffffff-2020-07,10
8426439ffffffff-2020-08,35
8426439ffffffff-2020-09,7
8426439ffffffff-2021-04,21
8426439ffffffff-2021-05,4
8426439ffffffff-2021-08,3
8426439ffffffff-2022-03,2
8426439ffffffff-2022-04,2
8426439ffffffff-2022-09,1
8426439ffffffff-2023-04,1
8426439ffffffff-2023-05,1
842643bffffffff-2012-04,2
842643bffffffff-2013-05,1
842643bffffffff-2013-09,1
842643bffffffff-2014-04,1
842643bffffffff-2014-05,3
842643bffffffff-2015-05,2
842643bffffffff-2015-07,8
842643bffffffff-2015-08,3
842643bffffffff-2015-09,2
842643bffffffff-2016-03,2
842643bffffffff-2016-04,3
842643bffffffff-2016-05,3
842643bffffffff-2016-08,1
842643bffffffff-2017-04,22
842643bffffffff-2017-05,4
842643bffffffff-2017-09,2
842643bffffffff-2018-04,14
842643bffffffff-2018-05,2
842643bffffffff-2018-06,3
842643bffffffff-2018-07,1
842643bffffffff-2018-08,1
842643bffffffff-2019-04,12
842643bffffffff-2019-05,1
842643bffffffff-2019-07,2
842643bffffffff-2019-08,36
842643bffffffff-2019-09,31
842643bffffffff-2020-04,8
842643bffffffff-2020-05,14
842643bffffffff-2020-07,2
842643bffffffff-2020-08,6
842643bffffffff-2020-09,1
842643bffffffff-2021-04,3
842643bffffffff-2021-05,1
842643bffffffff-2021-08,4
842643bffffffff-2022-04,4
842643bffffffff-2022-05,2
842643bffffffff-2022-10,3
842643bffffffff-2023-04,18
842643bffffffff-2023-07,1
8426441ffffffff-2017-09,1
8426441ffffffff-2018-04,2
8426441ffffffff-2018-05,1
8426441ffffffff-2019-05,1
8426441ffffffff-2021-04,3
8426443ffffffff-2012-03,1
8426443ffffffff-2012-04,9
8426443ffffffff-2012-05,1
8426443ffffffff-2012-07,2
8426443ffffffff-2012-08,3
8426443ffffffff-2013-04,1
8426443ffffffff-2013-09,1
8426443ffffffff-2014-03,1
8426443ffffffff-2014-04,4
8426443ffffffff-2014-05,2
8426443ffffffff-2015-03,1
8426443ffffffff-2015-04,5
8426443ffffffff-2015-09,23
8426443ffffffff-2015-10,1
8426443ffffffff-2016-03,17
8426443ffffffff-2017-03,1
8426443ffffffff-2017-04,1
8426443ffffffff-2017-07,1
8426443ffffffff-2017-09,7
8426443ffffffff-2018-03,1
8426443ffffffff-2018-04,4
8426443ffffffff-2018-05,1
8426443ffffffff-2019-10,1
8426443ffffffff-2020-04,5
8426443ffffffff-2020-05,1
8426443ffffffff-2020-09,16
8426443ffffffff-2020-10,6
8426443ffffffff-2021-04,14
8426443ffffffff-2021-05,2
8426443ffffffff-2021-07,1
8426443ffffffff-2021-08,4
8426443ffffffff-2021-09,2
8426443ffffffff-2021-10,4
8426443ffffffff-2022-04,5
8426443ffffffff-2022-09,1
8426443ffffffff-2022-10,1
8426443ffffffff-2023-04,11
8426443ffffffff-2023-05,4
8426443ffffffff-2023-07,8
8426443ffffffff-2023-10,1
8426445ffffffff-2014-05,2
8426445ffffffff-2017-04,2
8426445ffffffff-2019-05,1
8426445ffffffff-2021-04,5
8426445ffffffff-2022-05,1
8426447ffffffff-2017-04,2
8426447ffffffff-2018-04,2
8426447ffffffff-2019-04,2
8426447ffffffff-2021-05,1
8426447ffffffff-2023-05,1
8426449ffffffff-2013-04,2
8426449ffffffff-2013-05,1
8426449ffffffff-2017-04,1
8426449ffffffff-2018-07,1
8426449ffffffff-2018-08,2
8426449ffffffff-2019-05,1
8426449ffffffff-2020-04,1
8426449ffffffff-2020-05,2
8426449ffffffff-2021-04,2
8426449ffffffff-2021-05,1
8426449ffffffff-2021-07,1
8426449ffffffff-2023-05,1
842644bffffffff-2013-04,1
842644bffffffff-2018-04,1
842644bffffffff-2019-05,3
842644bffffffff-2019-08,2
842644bffffffff-2022-08,1
842644bffffffff-2023-04,2
842644bffffffff-2023-07,1
842644dffffffff-2012-04,1
842644dffffffff-2012-05,1
842644dffffffff-2013-04,2
842644dffffffff-2013-08,1
842644dffffffff-2015-04,2
842644dffffffff-2015-06,1
842644dffffffff-2015-07,3
842644dffffffff-2015-08,1
842644dffffffff-2015-10,1
842644dffffffff-2016-04,4
842644dffffffff-2016-05,3
842644dffffffff-2016-07,2
842644dffffffff-2016-08,1
842644dffffffff-2017-04,6
842644dffffffff-2017-05,2
842644dffffffff-2017-08,1
842644dffffffff-2017-09,1
842644dffffffff-2018-04,1
842644dffffffff-2018-05,2
842644dffffffff-2019-04,4
842644dffffffff-2019-05,2
842644dffffffff-2019-08,3
842644dffffffff-2020-04,3
842644dffffffff-2020-05,10
842644dffffffff-2020-08,4
842644dffffffff-2022-05,2
842644dffffffff-2022-07,1
842644dffffffff-2022-08,2
842644dffffffff-2023-04,6
842644dffffffff-2023-05,4
842644dffffffff-2023-07,1
842644dffffffff-2023-09,1
8426451ffffffff-2014-05,3
8426451ffffffff-2014-07,2
8426451ffffffff-2015-04,1
8426451ffffffff-2015-05,1
8426451ffffffff-2020-08,1
8426451ffffffff-2021-03,1
8426451ffffffff-2021-04,5
8426451ffffffff-2021-09,1
8426451ffffffff-2022-04,1
8426451ffffffff-2022-08,4
8426451ffffffff-2022-10,4
8426451ffffffff-2022-11,1
8426451ffffffff-2023-04,2
8426451ffffffff-2023-05,1
8426451ffffffff-2023-08,1
8426451ffffffff-2023-09,1
8426453ffffffff-2016-05,2
8426453ffffffff-2016-09,4
8426453ffffffff-2018-03,1
8426453ffffffff-2018-04,8
8426453ffffffff-2018-10,1
8426453ffffffff-2020-04,1
8426453ffffffff-2020-05,1
8426453ffffffff-2020-08,8
8426453ffffffff-2021-03,2
8426453ffffffff-2021-04,7
8426453ffffffff-2021-07,3
8426453ffffffff-2022-04,2
8426453ffffffff-2022-08,7
8426453ffffffff-2023-04,1
8426455ffffffff-2012-04,2
8426455ffffffff-2012-05,1
8426455ffffffff-2012-07,1
8426455ffffffff-2012-09,3
8426455ffffffff-2013-04,3
8426455ffffffff-2013-08,1
8426455ffffffff-2013-09,13
8426455ffffffff-2014-04,5
8426455ffffffff-2014-05,2
8426455ffffffff-2015-09,2
8426455ffffffff-2016-03,3
8426455ffffffff-2016-04,8
8426455ffffffff-2016-05,3
8426455ffffffff-2017-03,1
8426455ffffffff-2017-04,3
8426455ffffffff-2017-06,1
8426455ffffffff-2017-07,5
8426455ffffffff-2018-04,7
8426455ffffffff-2018-05,1
8426455ffffffff-2019-08,1
8426455ffffffff-2019-09,4
8426455ffffffff-2019-10,1
8426455ffffffff-2020-03,2
8426455ffffffff-2020-04,5
8426455ffffffff-2020-05,1
8426455ffffffff-2020-07,5
8426455ffffffff-2020-08,14
8426455ffffffff-2020-09,14
8426455ffffffff-2020-10,2
8426455ffffffff-2021-04,9
8426455ffffffff-2021-05,2
8426455ffffffff-2021-08,12
8426455ffffffff-2021-09,2
8426455ffffffff-2022-04,2
8426455ffffffff-2022-07,1
8426455ffffffff-2022-09,10
8426455ffffffff-2023-04,8
8426455ffffffff-2023-07,1
8426455ffffffff-2023-08,2
8426457ffffffff-2013-04,1
8426457ffffffff-2013-08,3
8426457ffffffff-2014-10,2
8426457ffffffff-2014-11,1
8426457ffffffff-2015-04,1
8426457ffffffff-2015-08,4
8426457ffffffff-2015-10,4
8426457ffffffff-2016-07,2
8426457ffffffff-2016-08,1
8426457ffffffff-2016-10,2
8426457ffffffff-2017-07,40
8426457ffffffff-2017-08,8
8426457ffffffff-2017-09,8
8426457ffffffff-2018-04,1
8426457ffffffff-2018-07,1
8426457ffffffff-2018-08,14
8426457ffffffff-2019-04,1
8426457ffffffff-2019-05,1
8426457ffffffff-2019-08,2
8426457ffffffff-2019-09,1
8426457ffffffff-2020-04,1
8426457ffffffff-2020-05,2
8426457ffffffff-2020-07,5
8426457ffffffff-2020-08,12
8426457ffffffff-2020-09,3
8426457ffffffff-2020-10,1
8426457ffffffff-2021-04,1
8426457ffffffff-2021-09,5
8426457ffffffff-2021-10,1
8426457ffffffff-2022-05,1
8426457ffffffff-2022-09,5
8426457ffffffff-2022-10,1
8426457ffffffff-2023-04,4
8426457ffffffff-2023-05,3
8426457ffffffff-2023-07,11
8426457ffffffff-2023-08,9
8426457ffffffff-2023-09,3
8426459ffffffff-2012-03,2
8426459ffffffff-2012-04,9
8426459ffffffff-2014-04,7
8426459ffffffff-2016-04,1
8426459ffffffff-2018-04,4
8426459ffffffff-2020-04,3
8426459ffffffff-2021-04,1
8426459ffffffff-2021-07,1
8426459ffffffff-2021-08,2
8426459ffffffff-2022-04,2
8426459ffffffff-2022-05,3
8426459ffffffff-2023-04,3
842645bffffffff-2013-10,6
842645bffffffff-2014-04,1
842645bffffffff-2015-04,13
842645bffffffff-2015-05,3
842645bffffffff-2016-03,1
842645bffffffff-2016-04,1
842645bffffffff-2016-05,1
842645bffffffff-2016-06,1
842645bffffffff-2017-03,3
842645bffffffff-2018-10,1
842645bffffffff-2020-03,1
842645bffffffff-2020-04,3
842645bffffffff-2020-05,1
842645bffffffff-2020-07,1
842645bffffffff-2020-10,1
842645bffffffff-2021-04,2
842645bffffffff-2021-05,1
842645bffffffff-2022-04,1
842645bffffffff-2022-05,3
842645bffffffff-2022-08,2
842645bffffffff-2022-10,1
842645bffffffff-2022-11,1
842645bffffffff-2023-05,1
842645bffffffff-2023-09,2
842645bffffffff-2023-11,2
842645dffffffff-2012-04,1
842645dffffffff-2012-05,1
842645dffffffff-2013-04,5
842645dffffffff-2013-05,2
842645dffffffff-2014-04,5
842645dffffffff-2015-04,1
842645dffffffff-2015-05,1
842645dffffffff-2016-04,9
842645dffffffff-2017-04,1
842645dffffffff-2017-05,1
842645dffffffff-2022-04,2
842645dffffffff-2023-08,1
8426461ffffffff-2012-03,2
8426461ffffffff-2012-04,5
8426461ffffffff-2012-07,14
8426461ffffffff-2012-08,12
8426461ffffffff-2012-10,2
8426461ffffffff-2013-03,6
8426461ffffffff-2013-04,10
8426461ffffffff-2013-05,8
8426461ffffffff-2013-07,9
8426461ffffffff-2013-08,14
8426461ffffffff-2013-09,1
8426461ffffffff-2013-10,3
8426461ffffffff-2014-03,6
8426461ffffffff-2014-04,12
8426461ffffffff-2014-05,1
8426461ffffffff-2014-07,4
8426461ffffffff-2014-08,22
8426461ffffffff-2014-09,1
8426461ffffffff-2015-04,4
8426461ffffffff-2015-05,7
8426461ffffffff-2015-07,8
8426461ffffffff-2015-08,5
8426461ffffffff-2015-09,4
8426461ffffffff-2015-10,8
8426461ffffffff-2016-03,1
8426461ffffffff-2016-04,21
8426461ffffffff-2016-05,3
8426461ffffffff-2016-07,6
8426461ffffffff-2016-08,2
8426461ffffffff-2017-03,1
8426461ffffffff-2017-04,19
8426461ffffffff-2017-05,25
8426461ffffffff-2017-07,6
8426461ffffffff-2017-08,1
8426461ffffffff-2017-09,3
8426461ffffffff-2017-10,7
8426461ffffffff-2017-12,1
8426461ffffffff-2018-02,2
8426461ffffffff-2018-03,3
8426461ffffffff-2018-04,31
8426461ffffffff-2018-05,16
8426461ffffffff-2018-08,3
8426461ffffffff-2018-09,3
8426461ffffffff-2019-03,1
8426461ffffffff-2019-04,42
8426461ffffffff-2019-05,3
8426461ffffffff-2019-07,2
8426461ffffffff-2019-08,19
8426461ffffffff-2019-09,12
8426461ffffffff-2019-10,16
8426461ffffffff-2020-03,16
8426461ffffffff-2020-04,132
8426461ffffffff-2020-05,88
8426461ffffffff-2020-07,5
8426461ffffffff-2020-08,36
8426461ffffffff-2020-09,28
8426461ffffffff-2020-10,31
8426461ffffffff-2021-03,4
8426461ffffffff-2021-04,110
8426461ffffffff-2021-05,59
8426461ffffffff-2021-07,4
8426461ffffffff-2021-08,47
8426461ffffffff-2021-09,3
8426461ffffffff-2021-10,6
8426461ffffffff-2021-11,27
8426461ffffffff-2022-03,8
8426461ffffffff-2022-04,32
8426461ffffffff-2022-05,41
8426461ffffffff-2022-07,9
8426461ffffffff-2022-08,41
8426461ffffffff-2022-09,11
8426461ffffffff-2022-10,23
8426461ffffffff-2022-11,7
8426461ffffffff-2023-03,5
8426461ffffffff-2023-04,74
8426461ffffffff-2023-05,33
8426461ffffffff-2023-06,2
8426461ffffffff-2023-07,26
8426461ffffffff-2023-08,23
8426461ffffffff-2023-09,1
8426461ffffffff-2023-10,1
8426463ffffffff-2012-03,6
8426463ffffffff-2012-04,18
8426463ffffffff-2012-05,2
8426463ffffffff-2012-08,7
8426463ffffffff-2012-09,4
8426463ffffffff-2012-11,1
8426463ffffffff-2013-04,3
8426463ffffffff-2013-05,2
8426463ffffffff-2013-07,2
8426463ffffffff-2013-08,1
8426463ffffffff-2013-09,3
8426463ffffffff-2014-04,7
8426463ffffffff-2014-05,5
8426463ffffffff-2014-07,5
8426463ffffffff-2014-08,13
8426463ffffffff-2014-09,1
8426463ffffffff-2015-04,4
8426463ffffffff-2015-05,3
8426463ffffffff-2015-07,2
8426463ffffffff-2015-08,1
8426463ffffffff-2015-09,1
8426463ffffffff-2015-10,2
8426463ffffffff-2016-03,2
8426463ffffffff-2016-04,9
8426463ffffffff-2016-05,4
8426463ffffffff-2016-07,2
8426463ffffffff-2017-03,1
8426463ffffffff-2017-04,12
8426463ffffffff-2017-07,3
8426463ffffffff-2017-09,2
8426463ffffffff-2017-10,2
8426463ffffffff-2018-03,4
8426463ffffffff-2018-04,28
8426463ffffffff-2018-05,7
8426463ffffffff-2018-10,1
8426463ffffffff-2019-04,39
8426463ffffffff-2019-05,13
8426463ffffffff-2019-07,3
8426463ffffffff-2019-08,4
8426463ffffffff-2019-09,4
8426463ffffffff-2019-10,1
8426463ffffffff-2020-03,4
8426463ffffffff-2020-04,58
8426463ffffffff-2020-05,49
8426463ffffffff-2020-07,13
8426463ffffffff-2020-08,24
8426463ffffffff-2020-09,48
8426463ffffffff-2020-10,16
8426463ffffffff-2020-11,3
8426463ffffffff-2021-04,26
8426463ffffffff-2021-05,35
8426463ffffffff-2021-07,2
8426463ffffffff-2021-08,38
8426463ffffffff-2021-09,5
8426463ffffffff-2021-10,1
8426463ffffffff-2022-04,29
8426463ffffffff-2022-05,11
8426463ffffffff-2022-07,3
8426463ffffffff-2022-08,100
8426463ffffffff-2022-09,24
8426463ffffffff-2022-10,8
8426463ffffffff-2023-04,42
8426463ffffffff-2023-05,37
8426463ffffffff-2023-06,1
8426463ffffffff-2023-07,3
8426463ffffffff-2023-08,1
8426463ffffffff-2023-09,21
8426463ffffffff-2023-10,35
8426463ffffffff-2023-11,1
8426467ffffffff-2015-05,1
8426467ffffffff-2016-10,1
8426467ffffffff-2018-04,2
8426467ffffffff-2018-05,3
8426467ffffffff-2019-04,8
8426467ffffffff-2019-05,6
8426467ffffffff-2019-07,1
8426467ffffffff-2020-04,3
8426467ffffffff-2020-05,2
8426467ffffffff-2023-05,2
8426467ffffffff-2023-09,17
8426467ffffffff-2023-10,23
8426469ffffffff-2014-04,1
8426469ffffffff-2014-05,1
8426469ffffffff-2015-08,1
8426469ffffffff-2016-03,1
8426469ffffffff-2019-04,1
8426469ffffffff-2019-05,2
8426469ffffffff-2020-04,8
8426469ffffffff-2020-05,1
8426469ffffffff-2020-08,3
8426469ffffffff-2021-04,1
8426469ffffffff-2022-04,1
8426469ffffffff-2022-08,2
842646bffffffff-2012-03,5
842646bffffffff-2012-04,43
842646bffffffff-2012-05,27
842646bffffffff-2012-07,7
842646bffffffff-2012-08,20
842646bffffffff-2012-09,22
842646bffffffff-2012-10,1
842646bffffffff-2013-03,17
842646bffffffff-2013-04,40
842646bffffffff-2013-05,5
842646bffffffff-2013-07,6
842646bffffffff-2013-08,3
842646bffffffff-2013-09,2
842646bffffffff-2014-03,7
842646bffffffff-2014-04,26
842646bffffffff-2014-05,43
842646bffffffff-2014-07,1
842646bffffffff-2014-08,9
842646bffffffff-2014-09,7
842646bffffffff-2014-10,1
842646bffffffff-2015-04,21
842646bffffffff-2015-05,23
842646bffffffff-2015-07,1
842646bffffffff-2015-08,7
842646bffffffff-2015-10,2
842646bffffffff-2016-03,1
842646bffffffff-2016-04,43
842646bffffffff-2016-05,49
842646bffffffff-2016-07,3
842646bffffffff-2016-08,15
842646bffffffff-2016-09,30
842646bffffffff-2016-10,13
842646bffffffff-2016-11,1
842646bffffffff-2017-03,8
842646bffffffff-2017-04,23
842646bffffffff-2017-05,1
842646bffffffff-2017-07,9
842646bffffffff-2017-08,12
842646bffffffff-2017-09,14
842646bffffffff-2017-10,4
842646bffffffff-2018-02,4
842646bffffffff-2018-03,23
842646bffffffff-2018-04,82
842646bffffffff-2018-05,64
842646bffffffff-2018-07,18
842646bffffffff-2018-08,14
842646bffffffff-2018-09,31
842646bffffffff-2018-10,15
842646bffffffff-2019-03,2
842646bffffffff-2019-04,51
842646bffffffff-2019-05,26
842646bffffffff-2019-07,4
842646bffffffff-2019-08,62
842646bffffffff-2019-09,47
842646bffffffff-2019-10,16
842646bffffffff-2019-11,2
842646bffffffff-2020-03,2
842646bffffffff-2020-04,143
842646bffffffff-2020-05,40
842646bffffffff-2020-07,19
842646bffffffff-2020-08,53
842646bffffffff-2020-09,17
842646bffffffff-2020-10,1
842646bffffffff-2020-11,1
842646bffffffff-2021-03,20
842646bffffffff-2021-04,122
842646bffffffff-2021-05,70
842646bffffffff-2021-07,16
842646bffffffff-2021-08,92
842646bffffffff-2021-09,17
842646bffffffff-2021-10,2
842646bffffffff-2022-03,4
842646bffffffff-2022-04,94
842646bffffffff-2022-05,45
842646bffffffff-2022-07,20
842646bffffffff-2022-08,48
842646bffffffff-2022-09,12
842646bffffffff-2022-10,13
842646bffffffff-2022-11,6
842646bffffffff-2023-03,9
842646bffffffff-2023-04,145
842646bffffffff-2023-05,96
842646bffffffff-2023-07,7
842646bffffffff-2023-08,12
842646bffffffff-2023-09,6
842646bffffffff-2023-10,3
842646bffffffff-2023-11,2
842646dffffffff-2013-05,1
842646dffffffff-2013-08,1
842646dffffffff-2016-03,1
842646dffffffff-2016-04,8
842646dffffffff-2016-05,2
842646dffffffff-2017-03,6
842646dffffffff-2017-04,21
842646dffffffff-2017-05,5
842646dffffffff-2017-07,6
842646dffffffff-2017-08,3
842646dffffffff-2018-03,2
842646dffffffff-2018-04,16
842646dffffffff-2018-05,10
842646dffffffff-2018-10,1
842646dffffffff-2019-03,1
842646dffffffff-2019-04,3
842646dffffffff-2019-05,6
842646dffffffff-2019-07,1
842646dffffffff-2019-09,1
842646dffffffff-2020-04,4
842646dffffffff-2020-05,5
842646dffffffff-2020-10,2
842646dffffffff-2021-04,6
842646dffffffff-2022-03,6
842646dffffffff-2022-04,4
842646dffffffff-2022-05,1
842646dffffffff-2022-09,1
842646dffffffff-2023-03,2
842646dffffffff-2023-04,5
842646dffffffff-2023-05,4
8426481ffffffff-2013-05,1
8426481ffffffff-2013-10,1
8426481ffffffff-2014-03,1
8426481ffffffff-2014-11,1
8426481ffffffff-2015-03,2
8426481ffffffff-2015-04,1
8426481ffffffff-2015-09,4
8426481ffffffff-2016-03,3
8426481ffffffff-2016-05,1
8426481ffffffff-2017-03,4
8426481ffffffff-2017-09,1
8426481ffffffff-2017-10,1
8426481ffffffff-2017-11,1
8426481ffffffff-2018-03,4
8426481ffffffff-2018-04,3
8426481ffffffff-2018-05,3
8426481ffffffff-2018-08,1
8426481ffffffff-2018-10,1
8426481ffffffff-2019-05,2
8426481ffffffff-2020-05,1
8426481ffffffff-2021-03,2
8426481ffffffff-2021-04,3
8426481ffffffff-2021-05,1
8426481ffffffff-2022-05,1
8426481ffffffff-2022-08,1
8426481ffffffff-2023-09,4
8426481ffffffff-2023-10,1
8426483ffffffff-2014-05,1
8426483ffffffff-2017-05,1
8426483ffffffff-2018-04,7
8426483ffffffff-2018-05,6
8426483ffffffff-2019-03,2
8426483ffffffff-2019-04,5
8426483ffffffff-2019-05,5
8426483ffffffff-2020-04,1
8426483ffffffff-2020-05,2
8426483ffffffff-2021-04,5
8426483ffffffff-2021-05,1
8426483ffffffff-2022-04,1
8426483ffffffff-2023-05,2
8426485ffffffff-2020-05,1
8426487ffffffff-2014-05,1
8426487ffffffff-2015-04,1
8426487ffffffff-2016-03,4
8426487ffffffff-2016-04,1
8426487ffffffff-2016-05,3
8426487ffffffff-2017-04,2
8426487ffffffff-2018-03,12
8426487ffffffff-2019-03,4
8426487ffffffff-2019-04,6
8426487ffffffff-2019-05,2
8426487ffffffff-2020-03,1
8426487ffffffff-2020-04,5
8426487ffffffff-2020-09,6
8426487ffffffff-2021-03,11
8426487ffffffff-2023-03,3
8426487ffffffff-2023-04,2
8426487ffffffff-2023-05,1
8426489ffffffff-2012-03,2
8426489ffffffff-2012-04,13
8426489ffffffff-2012-05,5
8426489ffffffff-2012-07,4
8426489ffffffff-2012-08,8
8426489ffffffff-2013-03,5
8426489ffffffff-2013-04,6
8426489ffffffff-2013-05,1
8426489ffffffff-2013-06,1
8426489ffffffff-2013-07,1
8426489ffffffff-2014-03,4
8426489ffffffff-2014-04,7
8426489ffffffff-2014-05,6
8426489ffffffff-2014-07,4
8426489ffffffff-2014-08,3
8426489ffffffff-2014-10,1
8426489ffffffff-2015-03,7
8426489ffffffff-2015-04,17
8426489ffffffff-2015-05,29
8426489ffffffff-2015-07,4
8426489ffffffff-2015-08,19
8426489ffffffff-2015-09,4
8426489ffffffff-2015-10,1
8426489ffffffff-2016-03,22
8426489ffffffff-2016-04,27
8426489ffffffff-2016-05,8
8426489ffffffff-2016-07,20
8426489ffffffff-2016-08,3
8426489ffffffff-2016-09,9
8426489ffffffff-2016-10,3
8426489ffffffff-2017-03,9
8426489ffffffff-2017-04,14
8426489ffffffff-2017-05,4
8426489ffffffff-2017-06,5
8426489ffffffff-2017-07,12
8426489ffffffff-2017-08,9
8426489ffffffff-2017-09,7
8426489ffffffff-2017-10,6
8426489ffffffff-2017-11,3
8426489ffffffff-2018-03,24
8426489ffffffff-2018-04,34
8426489ffffffff-2018-05,17
8426489ffffffff-2018-07,5
8426489ffffffff-2018-08,6
8426489ffffffff-2018-09,6
8426489ffffffff-2018-10,7
8426489ffffffff-2019-03,7
8426489ffffffff-2019-04,17
8426489ffffffff-2019-05,6
8426489ffffffff-2019-07,11
8426489ffffffff-2019-08,14
8426489ffffffff-2019-09,19
8426489ffffffff-2019-10,1
8426489ffffffff-2019-11,5
8426489ffffffff-2020-03,12
8426489ffffffff-2020-04,23
8426489ffffffff-2020-05,4
8426489ffffffff-2020-06,2
8426489ffffffff-2020-07,17
8426489ffffffff-2020-08,19
8426489ffffffff-2020-09,22
8426489ffffffff-2020-10,4
8426489ffffffff-2021-02,2
8426489ffffffff-2021-03,13
8426489ffffffff-2021-04,6
8426489ffffffff-2021-05,32
8426489ffffffff-2021-07,13
8426489ffffffff-2021-08,21
8426489ffffffff-2021-09,16
8426489ffffffff-2021-10,5
8426489ffffffff-2021-11,2
8426489ffffffff-2022-02,2
8426489ffffffff-2022-03,17
8426489ffffffff-2022-04,34
8426489ffffffff-2022-05,44
8426489ffffffff-2022-07,11
8426489ffffffff-2022-08,38
8426489ffffffff-2022-09,56
8426489ffffffff-2022-10,15
8426489ffffffff-2022-11,26
8426489ffffffff-2023-03,17
8426489ffffffff-2023-04,20
8426489ffffffff-2023-05,30
8426489ffffffff-2023-06,3
8426489ffffffff-2023-07,27
8426489ffffffff-2023-08,13
8426489ffffffff-2023-09,29
8426489ffffffff-2023-10,10
8426489ffffffff-2023-11,3
842648bffffffff-2012-04,2
842648bffffffff-2015-04,1
842648bffffffff-2015-05,2
842648bffffffff-2017-04,2
842648bffffffff-2018-03,4
842648bffffffff-2018-04,6
842648bffffffff-2018-05,1
842648bffffffff-2021-03,1
842648bffffffff-2021-04,10
842648bffffffff-2021-05,1
842648dffffffff-2014-09,1
842648dffffffff-2017-10,1
842648dffffffff-2023-10,2
8426491ffffffff-2017-10,1
8426491ffffffff-2018-04,1
8426491ffffffff-2020-03,1
8426491ffffffff-2023-05,2
8426493ffffffff-2012-03,1
8426493ffffffff-2012-04,7
8426493ffffffff-2012-10,1
8426493ffffffff-2012-12,2
8426493ffffffff-2013-03,1
8426493ffffffff-2013-04,1
8426493ffffffff-2013-05,1
8426493ffffffff-2013-08,2
8426493ffffffff-2013-10,2
8426493ffffffff-2013-11,4
8426493ffffffff-2013-12,1
8426493ffffffff-2014-01,3
8426493ffffffff-2014-02,6
8426493ffffffff-2014-03,9
8426493ffffffff-2014-04,16
8426493ffffffff-2014-05,6
8426493ffffffff-2014-10,1
8426493ffffffff-2014-11,7
8426493ffffffff-2014-12,7
8426493ffffffff-2015-01,5
8426493ffffffff-2015-02,1
8426493ffffffff-2015-03,4
8426493ffffffff-2015-04,2
8426493ffffffff-2015-05,4
8426493ffffffff-2015-10,3
8426493ffffffff-2015-11,1
8426493ffffffff-2015-12,3
8426493ffffffff-2016-01,4
8426493ffffffff-2016-03,19
8426493ffffffff-2016-04,5
8426493ffffffff-2016-05,2
8426493ffffffff-2016-07,2
8426493ffffffff-2016-09,1
8426493ffffffff-2016-10,4
8426493ffffffff-2016-11,6
8426493ffffffff-2017-01,1
8426493ffffffff-2017-02,9
8426493ffffffff-2017-03,41
8426493ffffffff-2017-04,12
8426493ffffffff-2017-05,5
8426493ffffffff-2017-07,1
8426493ffffffff-2017-08,1
8426493ffffffff-2017-09,1
8426493ffffffff-2017-10,5
8426493ffffffff-2017-11,17
8426493ffffffff-2017-12,5
8426493ffffffff-2018-01,9
8426493ffffffff-2018-02,6
8426493ffffffff-2018-03,29
8426493ffffffff-2018-04,35
8426493ffffffff-2018-05,13
8426493ffffffff-2018-10,3
8426493ffffffff-2018-11,12
8426493ffffffff-2019-01,5
8426493ffffffff-2019-03,9
8426493ffffffff-2019-04,18
8426493ffffffff-2019-05,6
8426493ffffffff-2019-10,5
8426493ffffffff-2019-11,4
8426493ffffffff-2019-12,1
8426493ffffffff-2020-01,2
8426493ffffffff-2020-02,5
8426493ffffffff-2020-03,12
8426493ffffffff-2020-04,30
8426493ffffffff-2020-05,9
8426493ffffffff-2020-08,1
8426493ffffffff-2020-09,3
8426493ffffffff-2020-10,3
8426493ffffffff-2020-11,2
8426493ffffffff-2020-12,4
8426493ffffffff-2021-01,1
8426493ffffffff-2021-02,5
8426493ffffffff-2021-03,15
8426493ffffffff-2021-04,55
8426493ffffffff-2021-05,41
8426493ffffffff-2021-08,1
8426493ffffffff-2021-09,1
8426493ffffffff-2021-10,4
8426493ffffffff-2021-11,12
8426493ffffffff-2021-12,5
8426493ffffffff-2022-01,9
8426493ffffffff-2022-02,4
8426493ffffffff-2022-03,50
8426493ffffffff-2022-04,31
8426493ffffffff-2022-05,6
8426493ffffffff-2022-09,4
8426493ffffffff-2022-10,11
8426493ffffffff-2022-11,11
8426493ffffffff-2022-12,1
8426493ffffffff-2023-01,7
8426493ffffffff-2023-02,18
8426493ffffffff-2023-03,33
8426493ffffffff-2023-04,38
8426493ffffffff-2023-05,9
8426493ffffffff-2023-08,4
8426493ffffffff-2023-10,2
8426493ffffffff-2023-11,16
8426495ffffffff-2014-05,1
8426495ffffffff-2015-03,1
8426495ffffffff-2016-03,2
8426495ffffffff-2016-04,2
8426495ffffffff-2017-03,1
8426495ffffffff-2017-04,1
8426495ffffffff-2018-05,2
8426495ffffffff-2019-03,3
8426495ffffffff-2023-04,1
8426495ffffffff-2023-09,2
8426497ffffffff-2012-04,3
8426497ffffffff-2012-05,6
8426497ffffffff-2013-03,11
8426497ffffffff-2013-04,18
8426497ffffffff-2013-05,6
8426497ffffffff-2013-07,4
8426497ffffffff-2013-08,5
8426497ffffffff-2013-09,10
8426497ffffffff-2013-11,1
8426497ffffffff-2014-03,7
8426497ffffffff-2014-04,2
8426497ffffffff-2014-05,7
8426497ffffffff-2014-07,2
8426497ffffffff-2014-08,9
8426497ffffffff-2015-04,5
8426497ffffffff-2015-05,19
8426497ffffffff-2015-07,1
8426497ffffffff-2015-09,1
8426497ffffffff-2016-03,3
8426497ffffffff-2016-04,17
8426497ffffffff-2016-05,11
8426497ffffffff-2017-01,2
8426497ffffffff-2017-03,3
8426497ffffffff-2017-04,11
8426497ffffffff-2017-05,8
8426497ffffffff-2017-07,1
8426497ffffffff-2017-08,5
8426497ffffffff-2017-11,2
8426497ffffffff-2018-02,1
8426497ffffffff-2018-03,4
8426497ffffffff-2018-04,21
8426497ffffffff-2018-05,36
8426497ffffffff-2018-06,1
8426497ffffffff-2018-07,29
8426497ffffffff-2019-02,1
8426497ffffffff-2019-03,1
8426497ffffffff-2019-04,7
8426497ffffffff-2019-05,12
8426497ffffffff-2019-07,12
8426497ffffffff-2019-08,32
8426497ffffffff-2019-09,15
8426497ffffffff-2020-03,1
8426497ffffffff-2020-04,7
8426497ffffffff-2020-05,39
8426497ffffffff-2020-07,13
8426497ffffffff-2020-08,34
8426497ffffffff-2020-09,8
8426497ffffffff-2020-10,1
8426497ffffffff-2021-02,1
8426497ffffffff-2021-03,4
8426497ffffffff-2021-04,16
8426497ffffffff-2021-05,41
8426497ffffffff-2021-06,1
8426497ffffffff-2021-07,6
8426497ffffffff-2021-08,46
8426497ffffffff-2021-09,14
8426497ffffffff-2022-02,1
8426497ffffffff-2022-03,11
8426497ffffffff-2022-04,24
8426497ffffffff-2022-05,49
8426497ffffffff-2022-06,3
8426497ffffffff-2022-07,39
8426497ffffffff-2022-08,23
8426497ffffffff-2022-09,4
8426497ffffffff-2022-10,3
8426497ffffffff-2022-11,1
8426497ffffffff-2022-12,1
8426497ffffffff-2023-02,5
8426497ffffffff-2023-03,19
8426497ffffffff-2023-04,44
8426497ffffffff-2023-05,23
8426497ffffffff-2023-06,4
8426497ffffffff-2023-07,24
8426497ffffffff-2023-08,1
8426497ffffffff-2023-09,15
8426497ffffffff-2023-11,1
842649bffffffff-2015-04,2
842649bffffffff-2015-08,3
842649bffffffff-2015-09,3
842649bffffffff-2016-05,1
842649bffffffff-2016-06,1
842649bffffffff-2016-08,2
842649bffffffff-2016-09,1
842649bffffffff-2016-10,1
842649bffffffff-2016-11,1
842649bffffffff-2017-03,1
842649bffffffff-2017-04,7
842649bffffffff-2017-05,1
842649bffffffff-2017-07,1
842649bffffffff-2017-08,1
842649bffffffff-2017-09,2
842649bffffffff-2018-03,17
842649bffffffff-2018-04,34
842649bffffffff-2018-05,26
842649bffffffff-2018-07,7
842649bffffffff-2018-08,6
842649bffffffff-2018-10,1
842649bffffffff-2019-01,1
842649bffffffff-2019-03,4
842649bffffffff-2019-04,5
842649bffffffff-2019-05,8
842649bffffffff-2020-03,5
842649bffffffff-2020-04,20
842649bffffffff-2020-05,24
842649bffffffff-2021-03,1
842649bffffffff-2021-04,14
842649bffffffff-2021-05,5
842649bffffffff-2022-03,2
842649bffffffff-2022-04,20
842649bffffffff-2022-05,3
842649bffffffff-2023-04,3
842649bffffffff-2023-05,2
842649bffffffff-2023-08,4
842649bffffffff-2023-09,4
842649bffffffff-2023-10,5
84264a1ffffffff-2012-03,1
84264a1ffffffff-2012-05,1
84264a1ffffffff-2013-04,10
84264a1ffffffff-2014-03,2
84264a1ffffffff-2014-04,6
84264a1ffffffff-2014-05,2
84264a1ffffffff-2014-08,1
84264a1ffffffff-2014-09,3
84264a1ffffffff-2014-10,1
84264a1ffffffff-2015-03,1
84264a1ffffffff-2015-04,3
84264a1ffffffff-2015-05,1
84264a1ffffffff-2016-04,4
84264a1ffffffff-2017-04,7
84264a1ffffffff-2017-05,1
84264a1ffffffff-2018-03,8
84264a1ffffffff-2018-04,4
84264a1ffffffff-2018-05,4
84264a1ffffffff-2018-10,1
84264a1ffffffff-2019-03,2
84264a1ffffffff-2019-04,12
84264a1ffffffff-2019-05,2
84264a1ffffffff-2020-03,5
84264a1ffffffff-2020-04,14
84264a1ffffffff-2020-05,3
84264a1ffffffff-2021-03,1
84264a1ffffffff-2021-04,9
84264a1ffffffff-2021-09,7
84264a1ffffffff-2021-10,1
84264a1ffffffff-2022-03,2
84264a1ffffffff-2022-04,33
84264a1ffffffff-2022-08,1
84264a1ffffffff-2023-03,2
84264a1ffffffff-2023-04,10
84264a1ffffffff-2023-05,21
84264a3ffffffff-2017-04,3
84264a3ffffffff-2023-04,1
84264a5ffffffff-2014-11,1
84264a5ffffffff-2015-07,1
84264a5ffffffff-2015-09,1
84264a5ffffffff-2016-03,2
84264a5ffffffff-2016-04,2
84264a5ffffffff-2016-07,1
84264a5ffffffff-2017-04,2
84264a5ffffffff-2018-02,1
84264a5ffffffff-2018-04,9
84264a5ffffffff-2018-09,1
84264a5ffffffff-2019-04,2
84264a5ffffffff-2021-04,1
84264a5ffffffff-2021-08,1
84264a5ffffffff-2021-11,1
84264a5ffffffff-2022-08,1
84264a5ffffffff-2023-08,2
84264a5ffffffff-2023-09,11
84264a7ffffffff-2014-04,1
84264a7ffffffff-2017-02,1
84264a7ffffffff-2018-03,4
84264a7ffffffff-2018-04,2
84264a7ffffffff-2020-03,2
84264a7ffffffff-2020-04,2
84264a7ffffffff-2020-10,2
84264a7ffffffff-2020-11,1
84264a7ffffffff-2022-04,1
84264a7ffffffff-2023-05,2
84264a9ffffffff-2016-04,1
84264a9ffffffff-2017-04,3
84264a9ffffffff-2018-04,1
84264a9ffffffff-2019-04,11
84264a9ffffffff-2020-04,1
84264a9ffffffff-2020-05,2
84264a9ffffffff-2021-04,4
84264a9ffffffff-2021-05,1
84264a9ffffffff-2022-05,1
84264a9ffffffff-2023-09,1
84264a9ffffffff-2023-10,1
84264adffffffff-2012-04,1
84264adffffffff-2013-03,1
84264adffffffff-2014-04,2
84264adffffffff-2015-03,3
84264adffffffff-2015-04,1
84264adffffffff-2015-07,1
84264adffffffff-2015-08,3
84264adffffffff-2016-03,1
84264adffffffff-2016-04,2
84264adffffffff-2016-05,1
84264adffffffff-2017-02,1
84264adffffffff-2017-04,3
84264adffffffff-2017-05,1
84264adffffffff-2017-08,1
84264adffffffff-2018-03,1
84264adffffffff-2018-04,4
84264adffffffff-2018-05,1
84264adffffffff-2018-07,1
84264adffffffff-2018-10,1
84264adffffffff-2019-04,48
84264adffffffff-2019-05,27
84264adffffffff-2019-07,1
84264adffffffff-2019-08,10
84264adffffffff-2019-11,2
84264adffffffff-2020-03,8
84264adffffffff-2020-04,11
84264adffffffff-2020-05,11
84264adffffffff-2020-07,1
84264adffffffff-2020-08,8
84264adffffffff-2021-03,7
84264adffffffff-2021-04,40
84264adffffffff-2021-05,10
84264adffffffff-2022-04,6
84264adffffffff-2022-05,10
84264adffffffff-2023-03,3
84264adffffffff-2023-04,37
84264adffffffff-2023-05,13
84264b1ffffffff-2016-10,1
84264b1ffffffff-2017-10,1
84264b1ffffffff-2019-04,2
84264b1ffffffff-2020-04,9
84264b1ffffffff-2021-03,2
84264b1ffffffff-2021-04,2
84264b1ffffffff-2021-05,1
84264b1ffffffff-2021-08,2
84264b1ffffffff-2021-09,1
84264b1ffffffff-2022-04,1
84264b1ffffffff-2022-09,2
84264b1ffffffff-2023-05,1
84264b7ffffffff-2012-10,1
84264b7ffffffff-2014-05,1
84264b7ffffffff-2014-09,1
84264b7ffffffff-2014-10,2
84264b7ffffffff-2015-09,2
84264b7ffffffff-2015-10,3
84264b7ffffffff-2016-03,1
84264b7ffffffff-2016-05,2
84264b7ffffffff-2016-07,1
84264b7ffffffff-2016-08,1
84264b7ffffffff-2016-10,7
84264b7ffffffff-2017-03,9
84264b7ffffffff-2017-04,10
84264b7ffffffff-2017-05,12
84264b7ffffffff-2017-07,4
84264b7ffffffff-2017-10,8
84264b7ffffffff-2017-12,1
84264b7ffffffff-2018-09,1
84264b7ffffffff-2018-10,1
84264b7ffffffff-2020-04,4
84264b7ffffffff-2020-08,1
84264b7ffffffff-2020-09,1
84264b7ffffffff-2021-03,1
84264b7ffffffff-2021-08,1
84264b7ffffffff-2021-09,4
84264b7ffffffff-2021-10,3
84264b7ffffffff-2023-03,1
84264b7ffffffff-2023-04,1
84264b7ffffffff-2023-05,1
84264b7ffffffff-2023-07,1
84264b7ffffffff-2023-08,3
84264b7ffffffff-2023-09,2
84264b9ffffffff-2014-03,1
84264b9ffffffff-2017-09,1
84264b9ffffffff-2017-10,1
84264b9ffffffff-2023-10,1
84264bbffffffff-2012-04,1
84264bbffffffff-2012-09,1
84264bbffffffff-2013-05,4
84264bbffffffff-2013-08,1
84264bbffffffff-2013-09,1
84264bbffffffff-2014-05,1
84264bbffffffff-2015-05,5
84264bbffffffff-2015-08,3
84264bbffffffff-2015-09,4
84264bbffffffff-2015-10,2
84264bbffffffff-2016-04,2
84264bbffffffff-2016-05,2
84264bbffffffff-2016-07,1
84264bbffffffff-2016-08,2
84264bbffffffff-2016-09,2
84264bbffffffff-2017-04,7
84264bbffffffff-2017-05,7
84264bbffffffff-2017-07,1
84264bbffffffff-2017-08,18
84264bbffffffff-2017-09,2
84264bbffffffff-2018-04,7
84264bbffffffff-2018-05,15
84264bbffffffff-2018-07,4
84264bbffffffff-2018-08,9
84264bbffffffff-2018-09,5
84264bbffffffff-2018-10,1
84264bbffffffff-2019-04,12
84264bbffffffff-2019-05,13
84264bbffffffff-2019-07,8
84264bbffffffff-2019-08,7
84264bbffffffff-2019-10,2
84264bbffffffff-2020-04,5
84264bbffffffff-2020-05,13
84264bbffffffff-2020-07,1
84264bbffffffff-2020-08,28
84264bbffffffff-2020-09,10
84264bbffffffff-2020-10,7
84264bbffffffff-2020-11,5
84264bbffffffff-2021-03,2
84264bbffffffff-2021-04,7
84264bbffffffff-2021-05,18
84264bbffffffff-2021-07,16
84264bbffffffff-2021-08,35
84264bbffffffff-2021-09,2
84264bbffffffff-2021-11,2
84264bbffffffff-2022-01,1
84264bbffffffff-2022-04,25
84264bbffffffff-2022-05,28
84264bbffffffff-2022-07,4
84264bbffffffff-2022-08,8
84264bbffffffff-2022-09,5
84264bbffffffff-2023-03,1
84264bbffffffff-2023-04,18
84264bbffffffff-2023-05,10
84264bbffffffff-2023-07,4
84264bbffffffff-2023-08,5
84264bbffffffff-2023-09,6
84264bbffffffff-2023-10,10
84264bbffffffff-2023-11,2
84264bdffffffff-2021-03,1
84264c1ffffffff-2014-09,1
84264c1ffffffff-2015-04,2
84264c1ffffffff-2015-05,2
84264c1ffffffff-2016-03,1
84264c1ffffffff-2016-04,7
84264c1ffffffff-2016-05,15
84264c1ffffffff-2016-07,2
84264c1ffffffff-2016-08,5
84264c1ffffffff-2016-09,9
84264c1ffffffff-2017-05,3
84264c1ffffffff-2017-08,2
84264c1ffffffff-2018-03,3
84264c1ffffffff-2018-04,10
84264c1ffffffff-2018-05,4
84264c1ffffffff-2018-09,6
84264c1ffffffff-2018-10,5
84264c1ffffffff-2019-03,9
84264c1ffffffff-2019-04,21
84264c1ffffffff-2019-05,1
84264c1ffffffff-2019-09,2
84264c1ffffffff-2020-04,17
84264c1ffffffff-2020-05,3
84264c1ffffffff-2020-08,4
84264c1ffffffff-2020-10,1
84264c1ffffffff-2021-03,44
84264c1ffffffff-2021-04,20
84264c1ffffffff-2021-05,7
84264c1ffffffff-2021-09,13
84264c1ffffffff-2022-09,4
84264c1ffffffff-2023-03,2
84264c1ffffffff-2023-04,6
84264c1ffffffff-2023-05,1
84264c3ffffffff-2012-04,1
84264c3ffffffff-2012-05,1
84264c3ffffffff-2013-04,1
84264c3ffffffff-2016-04,1
84264c3ffffffff-2018-04,8
84264c3ffffffff-2018-05,2
84264c3ffffffff-2019-05,3
84264c3ffffffff-2020-03,1
84264c3ffffffff-2020-04,3
84264c3ffffffff-2020-05,1
84264c3ffffffff-2021-04,2
84264c3ffffffff-2021-08,1
84264c3ffffffff-2021-09,2
84264c3ffffffff-2022-04,2
84264c3ffffffff-2022-05,8
84264c3ffffffff-2022-10,1
84264c3ffffffff-2023-04,1
84264c3ffffffff-2023-08,1
84264c5ffffffff-2012-09,1
84264c5ffffffff-2013-04,1
84264c5ffffffff-2013-09,1
84264c5ffffffff-2013-10,2
84264c5ffffffff-2014-03,1
84264c5ffffffff-2014-09,18
84264c5ffffffff-2014-10,1
84264c5ffffffff-2015-04,2
84264c5ffffffff-2015-05,1
84264c5ffffffff-2015-08,1
84264c5ffffffff-2015-09,10
84264c5ffffffff-2015-10,6
84264c5ffffffff-2015-11,1
84264c5ffffffff-2016-03,1
84264c5ffffffff-2016-09,10
84264c5ffffffff-2016-10,2
84264c5ffffffff-2017-03,1
84264c5ffffffff-2017-04,4
84264c5ffffffff-2017-08,3
84264c5ffffffff-2017-09,9
84264c5ffffffff-2017-10,2
84264c5ffffffff-2018-03,1
84264c5ffffffff-2018-04,5
84264c5ffffffff-2018-08,3
84264c5ffffffff-2018-09,2
84264c5ffffffff-2018-10,1
84264c5ffffffff-2019-03,2
84264c5ffffffff-2019-07,1
84264c5ffffffff-2019-08,2
84264c5ffffffff-2019-09,4
84264c5ffffffff-2019-10,1
84264c5ffffffff-2020-05,1
84264c5ffffffff-2020-09,4
84264c5ffffffff-2021-09,8
84264c5ffffffff-2021-10,6
84264c5ffffffff-2021-11,1
84264c5ffffffff-2022-03,1
84264c5ffffffff-2022-04,2
84264c5ffffffff-2022-09,10
84264c5ffffffff-2023-04,32
84264c5ffffffff-2023-05,1
84264c5ffffffff-2023-08,1
84264c5ffffffff-2023-09,26
84264c5ffffffff-2023-11,3
84264c7ffffffff-2012-03,1
84264c7ffffffff-2012-04,3
84264c7ffffffff-2012-05,1
84264c7ffffffff-2012-08,1
84264c7ffffffff-2012-09,5
84264c7ffffffff-2012-10,2
84264c7ffffffff-2013-04,4
84264c7ffffffff-2013-09,1
84264c7ffffffff-2013-10,3
84264c7ffffffff-2013-11,3
84264c7ffffffff-2014-03,1
84264c7ffffffff-2014-04,1
84264c7ffffffff-2014-08,1
84264c7ffffffff-2014-09,11
84264c7ffffffff-2014-10,5
84264c7ffffffff-2015-09,4
84264c7ffffffff-2015-10,2
84264c7ffffffff-2016-03,4
84264c7ffffffff-2016-04,6
84264c7ffffffff-2016-05,1
84264c7ffffffff-2016-07,2
84264c7ffffffff-2016-08,1
84264c7ffffffff-2016-09,9
84264c7ffffffff-2016-10,2
84264c7ffffffff-2017-03,1
84264c7ffffffff-2017-04,5
84264c7ffffffff-2017-05,4
84264c7ffffffff-2017-08,3
84264c7ffffffff-2017-09,7
84264c7ffffffff-2017-10,4
84264c7ffffffff-2017-11,2
84264c7ffffffff-2018-03,6
84264c7ffffffff-2018-04,17
84264c7ffffffff-2018-05,3
84264c7ffffffff-2018-08,2
84264c7ffffffff-2018-09,1
84264c7ffffffff-2018-10,5
84264c7ffffffff-2019-03,1
84264c7ffffffff-2019-04,5
84264c7ffffffff-2019-05,5
84264c7ffffffff-2019-07,4
84264c7ffffffff-2019-08,3
84264c7ffffffff-2019-09,21
84264c7ffffffff-2019-10,2
84264c7ffffffff-2020-03,2
84264c7ffffffff-2020-04,17
84264c7ffffffff-2020-05,5
84264c7ffffffff-2020-07,8
84264c7ffffffff-2020-08,3
84264c7ffffffff-2020-09,8
84264c7ffffffff-2020-10,2
84264c7ffffffff-2020-11,2
84264c7ffffffff-2021-03,1
84264c7ffffffff-2021-04,5
84264c7ffffffff-2021-05,7
84264c7ffffffff-2021-08,9
84264c7ffffffff-2021-09,15
84264c7ffffffff-2021-10,5
84264c7ffffffff-2022-03,8
84264c7ffffffff-2022-04,4
84264c7ffffffff-2022-05,17
84264c7ffffffff-2022-07,1
84264c7ffffffff-2022-08,2
84264c7ffffffff-2022-09,14
84264c7ffffffff-2022-10,7
84264c7ffffffff-2023-03,6
84264c7ffffffff-2023-04,7
84264c7ffffffff-2023-05,9
84264c7ffffffff-2023-08,2
84264c7ffffffff-2023-09,12
84264c7ffffffff-2023-10,3
84264c9ffffffff-2018-02,1
84264cbffffffff-2012-04,1
84264cbffffffff-2013-04,3
84264cbffffffff-2013-05,5
84264cbffffffff-2014-04,1
84264cbffffffff-2014-07,1
84264cbffffffff-2015-03,1
84264cbffffffff-2015-04,11
84264cbffffffff-2015-05,3
84264cbffffffff-2016-03,5
84264cbffffffff-2016-04,39
84264cbffffffff-2016-05,53
84264cbffffffff-2016-07,10
84264cbffffffff-2016-09,11
84264cbffffffff-2016-10,51
84264cbffffffff-2016-11,1
84264cbffffffff-2017-03,11
84264cbffffffff-2017-04,13
84264cbffffffff-2017-05,2
84264cbffffffff-2017-07,1
84264cbffffffff-2017-08,1
84264cbffffffff-2017-09,12
84264cbffffffff-2018-03,16
84264cbffffffff-2018-04,36
84264cbffffffff-2018-05,14
84264cbffffffff-2018-07,15
84264cbffffffff-2018-08,4
84264cbffffffff-2018-09,5
84264cbffffffff-2019-02,2
84264cbffffffff-2019-03,8
84264cbffffffff-2019-04,45
84264cbffffffff-2019-05,13
84264cbffffffff-2019-07,38
84264cbffffffff-2019-08,21
84264cbffffffff-2019-09,4
84264cbffffffff-2019-10,9
84264cbffffffff-2020-03,10
84264cbffffffff-2020-04,73
84264cbffffffff-2020-05,42
84264cbffffffff-2020-06,7
84264cbffffffff-2020-07,2
84264cbffffffff-2020-08,4
84264cbffffffff-2020-09,4
84264cbffffffff-2020-10,5
84264cbffffffff-2020-11,2
84264cbffffffff-2021-03,6
84264cbffffffff-2021-04,27
84264cbffffffff-2021-05,22
84264cbffffffff-2021-07,11
84264cbffffffff-2021-08,17
84264cbffffffff-2021-09,1
84264cbffffffff-2022-03,2
84264cbffffffff-2022-04,3
84264cbffffffff-2022-05,1
84264cbffffffff-2022-06,1
84264cbffffffff-2022-07,1
84264cbffffffff-2023-03,2
84264cbffffffff-2023-04,4
84264cbffffffff-2023-05,1
84264cbffffffff-2023-09,2
84264cbffffffff-2023-11,1
84264cdffffffff-2014-09,4
84264cdffffffff-2018-08,2
84264cdffffffff-2018-09,1
84264cdffffffff-2019-08,1
84264cdffffffff-2019-09,8
84264cdffffffff-2019-10,3
84264cdffffffff-2020-08,4
84264cdffffffff-2021-09,4
84264cdffffffff-2022-09,7
84264cdffffffff-2023-04,2
84264d1ffffffff-2012-04,10
84264d1ffffffff-2012-09,1
84264d1ffffffff-2013-03,2
84264d1ffffffff-2013-04,5
84264d1ffffffff-2013-05,3
84264d1ffffffff-2013-08,1
84264d1ffffffff-2014-03,9
84264d1ffffffff-2014-04,1
84264d1ffffffff-2014-05,3
84264d1ffffffff-2015-04,27
84264d1ffffffff-2015-09,9
84264d1ffffffff-2016-04,3
84264d1ffffffff-2016-05,6
84264d1ffffffff-2016-11,1
84264d1ffffffff-2017-03,1
84264d1ffffffff-2017-04,20
84264d1ffffffff-2017-05,2
84264d1ffffffff-2017-08,6
84264d1ffffffff-2017-09,1
84264d1ffffffff-2018-03,1
84264d1ffffffff-2018-04,7
84264d1ffffffff-2018-05,2
84264d1ffffffff-2018-08,1
84264d1ffffffff-2018-09,11
84264d1ffffffff-2019-04,8
84264d1ffffffff-2019-05,2
84264d1ffffffff-2019-10,1
84264d1ffffffff-2020-04,23
84264d1ffffffff-2020-05,1
84264d1ffffffff-2020-08,6
84264d1ffffffff-2020-09,7
84264d1ffffffff-2020-10,29
84264d1ffffffff-2021-03,7
84264d1ffffffff-2021-04,9
84264d1ffffffff-2021-05,7
84264d1ffffffff-2022-04,12
84264d1ffffffff-2022-05,4
84264d1ffffffff-2022-10,1
84264d1ffffffff-2022-11,2
84264d1ffffffff-2023-03,1
84264d1ffffffff-2023-04,9
84264d1ffffffff-2023-05,6
84264d1ffffffff-2023-07,1
84264d1ffffffff-2023-08,1
84264d1ffffffff-2023-09,3
84264d1ffffffff-2023-10,5
84264d3ffffffff-2012-03,1
84264d3ffffffff-2013-03,4
84264d3ffffffff-2013-04,6
84264d3ffffffff-2013-05,4
84264d3ffffffff-2014-04,1
84264d3ffffffff-2014-09,10
84264d3ffffffff-2015-03,4
84264d3ffffffff-2015-04,6
84264d3ffffffff-2015-08,6
84264d3ffffffff-2015-09,2
84264d3ffffffff-2016-07,1
84264d3ffffffff-2016-08,3
84264d3ffffffff-2017-03,3
84264d3ffffffff-2017-04,3
84264d3ffffffff-2017-07,2
84264d3ffffffff-2017-08,7
84264d3ffffffff-2017-09,2
84264d3ffffffff-2018-03,1
84264d3ffffffff-2018-04,3
84264d3ffffffff-2018-05,2
84264d3ffffffff-2018-08,14
84264d3ffffffff-2018-09,2
84264d3ffffffff-2018-10,2
84264d3ffffffff-2019-04,1
84264d3ffffffff-2019-05,2
84264d3ffffffff-2019-07,1
84264d3ffffffff-2020-03,1
84264d3ffffffff-2020-04,22
84264d3ffffffff-2020-05,3
84264d3ffffffff-2020-08,1
84264d3ffffffff-2020-09,1
84264d3ffffffff-2020-10,2
84264d3ffffffff-2021-04,5
84264d3ffffffff-2021-05,8
84264d3ffffffff-2021-08,1
84264d3ffffffff-2021-09,5
84264d3ffffffff-2022-04,5
84264d3ffffffff-2022-05,3
84264d3ffffffff-2022-08,6
84264d3ffffffff-2022-09,3
84264d3ffffffff-2023-02,6
84264d3ffffffff-2023-03,2
84264d3ffffffff-2023-04,16
84264d3ffffffff-2023-05,2
84264d3ffffffff-2023-07,1
84264d3ffffffff-2023-08,15
84264d5ffffffff-2019-05,3
84264d7ffffffff-2012-09,1
84264d7ffffffff-2014-10,1
84264d7ffffffff-2018-04,1
84264d7ffffffff-2018-08,2
84264d7ffffffff-2021-03,1
84264d7ffffffff-2022-09,1
84264d7ffffffff-2023-04,4
84264d9ffffffff-2013-04,5
84264d9ffffffff-2013-05,1
84264d9ffffffff-2014-04,6
84264d9ffffffff-2015-04,2
84264d9ffffffff-2016-03,1
84264d9ffffffff-2016-04,2
84264d9ffffffff-2017-04,11
84264d9ffffffff-2017-05,2
84264d9ffffffff-2017-09,6
84264d9ffffffff-2018-04,10
84264d9ffffffff-2018-05,3
84264d9ffffffff-2018-08,1
84264d9ffffffff-2018-09,4
84264d9ffffffff-2019-04,3
84264d9ffffffff-2019-10,1
84264d9ffffffff-2020-04,2
84264d9ffffffff-2020-05,5
84264d9ffffffff-2020-08,2
84264d9ffffffff-2020-09,4
84264d9ffffffff-2021-04,33
84264d9ffffffff-2021-05,43
84264d9ffffffff-2021-08,1
84264d9ffffffff-2021-09,10
84264d9ffffffff-2021-10,2
84264d9ffffffff-2022-04,8
84264d9ffffffff-2022-05,6
84264d9ffffffff-2022-07,1
84264d9ffffffff-2022-08,5
84264d9ffffffff-2023-03,2
84264d9ffffffff-2023-04,16
84264d9ffffffff-2023-05,7
84264d9ffffffff-2023-09,1
84264dbffffffff-2012-05,1
84264dbffffffff-2012-08,2
84264dbffffffff-2013-03,1
84264dbffffffff-2013-04,3
84264dbffffffff-2013-05,4
84264dbffffffff-2013-10,1
84264dbffffffff-2014-05,1
84264dbffffffff-2015-03,1
84264dbffffffff-2016-05,1
84264dbffffffff-2017-03,3
84264dbffffffff-2017-04,11
84264dbffffffff-2017-08,3
84264dbffffffff-2018-03,1
84264dbffffffff-2018-04,26
84264dbffffffff-2018-05,10
84264dbffffffff-2018-07,2
84264dbffffffff-2018-10,1
84264dbffffffff-2019-03,2
84264dbffffffff-2019-04,18
84264dbffffffff-2020-04,11
84264dbffffffff-2020-08,1
84264dbffffffff-2021-02,2
84264dbffffffff-2021-04,12
84264dbffffffff-2021-05,25
84264dbffffffff-2021-08,4
84264dbffffffff-2021-11,2
84264dbffffffff-2022-04,2
84264dbffffffff-2022-09,1
84264dbffffffff-2023-04,2
84264dbffffffff-2023-05,10
84264dbffffffff-2023-09,1
84264dbffffffff-2023-10,1
84264ddffffffff-2012-05,1
84264ddffffffff-2018-04,1
84264ddffffffff-2020-04,2
84264ddffffffff-2022-04,1
84264ddffffffff-2022-09,2
84264ddffffffff-2023-05,4
84264e1ffffffff-2012-04,3
84264e1ffffffff-2013-03,3
84264e1ffffffff-2013-04,3
84264e1ffffffff-2014-04,7
84264e1ffffffff-2014-05,2
84264e1ffffffff-2015-04,12
84264e1ffffffff-2015-05,2
84264e1ffffffff-2015-07,1
84264e1ffffffff-2015-08,3
84264e1ffffffff-2016-03,6
84264e1ffffffff-2016-04,11
84264e1ffffffff-2016-07,1
84264e1ffffffff-2017-02,1
84264e1ffffffff-2017-03,4
84264e1ffffffff-2017-04,6
84264e1ffffffff-2018-03,3
84264e1ffffffff-2018-04,6
84264e1ffffffff-2018-05,3
84264e1ffffffff-2019-02,1
84264e1ffffffff-2019-04,1
84264e1ffffffff-2019-11,1
84264e1ffffffff-2020-04,2
84264e1ffffffff-2020-05,3
84264e1ffffffff-2020-09,1
84264e1ffffffff-2021-04,5
84264e1ffffffff-2021-05,2
84264e1ffffffff-2022-03,7
84264e1ffffffff-2022-04,2
84264e1ffffffff-2022-05,1
84264e1ffffffff-2023-04,5
84264e1ffffffff-2023-05,1
84264e1ffffffff-2023-07,1
84264e1ffffffff-2023-09,2
84264e1ffffffff-2023-10,2
84264e3ffffffff-2012-05,2
84264e3ffffffff-2014-11,1
84264e3ffffffff-2015-04,2
84264e3ffffffff-2015-09,1
84264e3ffffffff-2016-10,1
84264e3ffffffff-2017-10,1
84264e3ffffffff-2018-03,2
84264e3ffffffff-2018-04,1
84264e3ffffffff-2019-05,1
84264e3ffffffff-2020-08,4
84264e3ffffffff-2020-10,1
84264e3ffffffff-2021-09,3
84264e3ffffffff-2022-01,1
84264e3ffffffff-2022-05,2
84264e3ffffffff-2023-09,2
84264e5ffffffff-2012-03,1
84264e5ffffffff-2012-04,5
84264e5ffffffff-2012-05,6
84264e5ffffffff-2013-03,5
84264e5ffffffff-2013-04,7
84264e5ffffffff-2013-05,1
84264e5ffffffff-2013-08,2
84264e5ffffffff-2013-11,2
84264e5ffffffff-2014-04,12
84264e5ffffffff-2014-05,4
84264e5ffffffff-2014-09,1
84264e5ffffffff-2015-04,26
84264e5ffffffff-2015-05,12
84264e5ffffffff-2015-12,4
84264e5ffffffff-2016-03,20
84264e5ffffffff-2016-04,60
84264e5ffffffff-2016-05,42
84264e5ffffffff-2016-09,15
84264e5ffffffff-2017-02,2
84264e5ffffffff-2017-03,20
84264e5ffffffff-2017-04,41
84264e5ffffffff-2017-05,8
84264e5ffffffff-2017-07,3
84264e5ffffffff-2017-08,2
84264e5ffffffff-2017-09,12
84264e5ffffffff-2018-02,1
84264e5ffffffff-2018-03,48
84264e5ffffffff-2018-04,54
84264e5ffffffff-2018-05,21
84264e5ffffffff-2018-07,1
84264e5ffffffff-2018-08,14
84264e5ffffffff-2018-10,1
84264e5ffffffff-2019-02,1
84264e5ffffffff-2019-03,7
84264e5ffffffff-2019-04,68
84264e5ffffffff-2019-05,20
84264e5ffffffff-2019-07,7
84264e5ffffffff-2019-08,36
84264e5ffffffff-2019-09,11
84264e5ffffffff-2019-10,14
84264e5ffffffff-2020-03,55
84264e5ffffffff-2020-04,128
84264e5ffffffff-2020-05,21
84264e5ffffffff-2020-07,9
84264e5ffffffff-2020-08,4
84264e5ffffffff-2020-09,6
84264e5ffffffff-2020-10,9
84264e5ffffffff-2020-11,5
84264e5ffffffff-2021-03,11
84264e5ffffffff-2021-04,55
84264e5ffffffff-2021-05,30
84264e5ffffffff-2022-02,3
84264e5ffffffff-2022-03,42
84264e5ffffffff-2022-04,38
84264e5ffffffff-2022-05,12
84264e5ffffffff-2022-09,1
84264e5ffffffff-2022-10,1
84264e5ffffffff-2023-03,13
84264e5ffffffff-2023-04,45
84264e5ffffffff-2023-05,14
84264e5ffffffff-2023-10,7
84264e7ffffffff-2015-03,4
84264e7ffffffff-2016-03,3
84264e7ffffffff-2016-04,6
84264e7ffffffff-2016-05,1
84264e7ffffffff-2018-03,3
84264e7ffffffff-2018-04,3
84264e7ffffffff-2019-03,1
84264e7ffffffff-2019-04,1
84264e7ffffffff-2019-05,3
84264e7ffffffff-2020-03,3
84264e7ffffffff-2020-04,9
84264e7ffffffff-2020-05,3
84264e7ffffffff-2021-03,2
84264e7ffffffff-2021-04,1
84264e7ffffffff-2021-07,1
84264e7ffffffff-2022-04,7
84264e7ffffffff-2022-05,4
84264e7ffffffff-2023-03,1
84264e7ffffffff-2023-04,3
84264e9ffffffff-2017-04,1
84264e9ffffffff-2018-04,3
84264ebffffffff-2015-05,2
84264ebffffffff-2016-05,2
84264edffffffff-2012-04,2
84264edffffffff-2014-04,2
84264edffffffff-2015-04,3
84264edffffffff-2015-05,4
84264edffffffff-2015-07,3
84264edffffffff-2015-08,1
84264edffffffff-2016-03,2
84264edffffffff-2016-04,1
84264edffffffff-2016-05,5
84264edffffffff-2016-07,1
84264edffffffff-2017-03,1
84264edffffffff-2017-04,1
84264edffffffff-2017-05,1
84264edffffffff-2017-08,2
84264edffffffff-2018-04,4
84264edffffffff-2018-05,5
84264edffffffff-2018-07,1
84264edffffffff-2018-08,1
84264edffffffff-2018-09,2
84264edffffffff-2018-10,1
84264edffffffff-2019-04,1
84264edffffffff-2019-07,2
84264edffffffff-2019-09,3
84264edffffffff-2020-03,1
84264edffffffff-2020-04,8
84264edffffffff-2020-08,3
84264edffffffff-2021-04,8
84264edffffffff-2021-05,7
84264edffffffff-2021-09,1
84264edffffffff-2022-03,2
84264edffffffff-2022-04,5
84264edffffffff-2022-05,2
84264edffffffff-2022-08,2
84264edffffffff-2022-09,4
84264edffffffff-2023-03,2
84264edffffffff-2023-04,13
84264edffffffff-2023-05,5
84264edffffffff-2023-07,2
84264edffffffff-2023-09,1
8426501ffffffff-2013-04,1
8426501ffffffff-2016-09,1
8426505ffffffff-2012-09,6
8426505ffffffff-2012-10,2
8426505ffffffff-2013-04,1
8426505ffffffff-2013-05,1
8426505ffffffff-2013-07,1
8426505ffffffff-2013-09,4
8426505ffffffff-2013-10,1
8426505ffffffff-2014-03,1
8426505ffffffff-2014-04,1
8426505ffffffff-2014-05,2
8426505ffffffff-2014-09,7
8426505ffffffff-2015-05,3
8426505ffffffff-2015-09,1
8426505ffffffff-2015-12,1
8426505ffffffff-2016-04,1
8426505ffffffff-2016-05,5
8426505ffffffff-2017-04,2
8426505ffffffff-2018-04,7
8426505ffffffff-2019-03,1
8426505ffffffff-2019-04,5
8426505ffffffff-2019-05,1
8426505ffffffff-2019-08,1
8426505ffffffff-2019-10,1
8426505ffffffff-2020-03,1
8426505ffffffff-2020-04,16
8426505ffffffff-2020-05,4
8426505ffffffff-2020-08,4
8426505ffffffff-2020-09,21
8426505ffffffff-2020-10,20
8426505ffffffff-2021-04,5
8426505ffffffff-2021-05,2
8426505ffffffff-2021-09,3
8426505ffffffff-2021-10,1
8426505ffffffff-2022-04,3
8426505ffffffff-2022-08,1
8426505ffffffff-2022-09,20
8426505ffffffff-2022-10,7
8426505ffffffff-2022-11,2
8426505ffffffff-2023-04,12
8426505ffffffff-2023-05,3
8426505ffffffff-2023-07,2
8426505ffffffff-2023-08,24
8426505ffffffff-2023-09,23
8426505ffffffff-2023-10,3
8426507ffffffff-2018-04,3
8426507ffffffff-2020-08,2
8426507ffffffff-2020-09,4
8426507ffffffff-2021-04,1
8426507ffffffff-2023-05,1
8426509ffffffff-2018-05,5
842650bffffffff-2016-05,1
842650bffffffff-2018-04,3
842650bffffffff-2023-03,1
842650dffffffff-2012-04,2
842650dffffffff-2013-04,5
842650dffffffff-2013-05,9
842650dffffffff-2013-10,3
842650dffffffff-2014-04,3
842650dffffffff-2014-05,16
842650dffffffff-2014-09,1
842650dffffffff-2015-05,1
842650dffffffff-2015-09,2
842650dffffffff-2016-04,9
842650dffffffff-2016-05,3
842650dffffffff-2016-09,1
842650dffffffff-2017-04,8
842650dffffffff-2017-05,2
842650dffffffff-2017-09,1
842650dffffffff-2018-03,2
842650dffffffff-2018-04,7
842650dffffffff-2018-05,1
842650dffffffff-2018-07,1
842650dffffffff-2019-04,5
842650dffffffff-2019-07,1
842650dffffffff-2019-09,1
842650dffffffff-2020-03,2
842650dffffffff-2020-04,4
842650dffffffff-2020-05,2
842650dffffffff-2021-03,1
842650dffffffff-2021-04,9
842650dffffffff-2022-04,5
842650dffffffff-2022-05,3
842650dffffffff-2022-08,4
842650dffffffff-2022-09,2
842650dffffffff-2023-03,2
842650dffffffff-2023-04,11
842650dffffffff-2023-05,2
842650dffffffff-2023-08,2
8426513ffffffff-2020-05,3
8426513ffffffff-2021-04,1
8426513ffffffff-2023-03,3
8426513ffffffff-2023-04,5
8426513ffffffff-2023-05,5
8426517ffffffff-2013-05,2
8426519ffffffff-2018-04,1
842651bffffffff-2014-04,1
842651bffffffff-2019-04,1
842651bffffffff-2020-04,4
842651bffffffff-2020-05,2
842651bffffffff-2021-04,3
842651bffffffff-2022-05,4
842651dffffffff-2014-04,2
842651dffffffff-2015-04,4
842651dffffffff-2018-04,1
842651dffffffff-2021-04,8
842651dffffffff-2022-04,3
842651dffffffff-2023-08,1
8426521ffffffff-2012-04,5
8426521ffffffff-2012-05,5
8426521ffffffff-2012-07,10
8426521ffffffff-2013-04,1
8426521ffffffff-2013-05,8
8426521ffffffff-2014-04,5
8426521ffffffff-2014-05,5
8426521ffffffff-2015-04,5
8426521ffffffff-2015-05,6
8426521ffffffff-2015-07,3
8426521ffffffff-2015-08,12
8426521ffffffff-2015-09,5
8426521ffffffff-2016-03,1
8426521ffffffff-2016-04,7
8426521ffffffff-2016-05,8
8426521ffffffff-2016-07,1
8426521ffffffff-2016-08,8
8426521ffffffff-2017-03,18
8426521ffffffff-2017-04,6
8426521ffffffff-2017-05,20
8426521ffffffff-2017-07,2
8426521ffffffff-2017-08,10
8426521ffffffff-2018-03,3
8426521ffffffff-2018-04,25
8426521ffffffff-2018-05,3
8426521ffffffff-2018-07,10
8426521ffffffff-2018-08,6
8426521ffffffff-2018-09,3
8426521ffffffff-2018-10,1
8426521ffffffff-2019-03,3
8426521ffffffff-2019-04,10
8426521ffffffff-2019-05,9
8426521ffffffff-2019-08,2
8426521ffffffff-2020-03,4
8426521ffffffff-2020-04,22
8426521ffffffff-2020-05,5
8426521ffffffff-2020-10,1
8426521ffffffff-2021-04,25
8426521ffffffff-2021-05,10
8426521ffffffff-2021-06,2
8426521ffffffff-2021-07,2
8426521ffffffff-2021-08,42
8426521ffffffff-2021-09,5
8426521ffffffff-2022-04,27
8426521ffffffff-2022-05,7
8426521ffffffff-2022-09,3
8426521ffffffff-2023-03,1
8426521ffffffff-2023-04,15
8426523ffffffff-2018-04,2
8426523ffffffff-2021-04,5
8426523ffffffff-2022-04,2
8426523ffffffff-2022-05,3
8426523ffffffff-2022-09,1
8426525ffffffff-2013-04,1
8426525ffffffff-2013-05,1
8426525ffffffff-2014-09,1
8426525ffffffff-2017-05,10
8426525ffffffff-2018-03,1
8426525ffffffff-2020-04,1
8426525ffffffff-2021-03,1
8426525ffffffff-2021-04,4
8426525ffffffff-2021-09,3
8426525ffffffff-2022-04,1
8426525ffffffff-2022-09,3
8426525ffffffff-2023-09,1
8426527ffffffff-2016-05,1
8426527ffffffff-2017-03,2
8426527ffffffff-2017-05,7
8426527ffffffff-2017-10,1
8426527ffffffff-2018-04,12
8426527ffffffff-2018-05,2
8426527ffffffff-2018-07,1
8426527ffffffff-2019-04,1
8426527ffffffff-2021-04,1
8426527ffffffff-2021-05,1
8426527ffffffff-2022-04,1
8426527ffffffff-2022-05,1
8426527ffffffff-2023-04,2
8426527ffffffff-2023-05,1
8426527ffffffff-2023-09,1
8426529ffffffff-2012-03,1
8426529ffffffff-2012-04,1
8426529ffffffff-2013-05,6
8426529ffffffff-2014-05,1
8426529ffffffff-2014-09,1
8426529ffffffff-2015-05,2
8426529ffffffff-2017-03,1
8426529ffffffff-2017-04,4
8426529ffffffff-2017-05,3
8426529ffffffff-2018-04,5
8426529ffffffff-2019-04,3
8426529ffffffff-2019-08,3
8426529ffffffff-2020-03,1
8426529ffffffff-2020-04,4
8426529ffffffff-2020-05,1
8426529ffffffff-2020-08,2
8426529ffffffff-2021-03,2
8426529ffffffff-2021-04,3
8426529ffffffff-2021-05,1
8426529ffffffff-2022-04,15
8426529ffffffff-2022-05,2
8426529ffffffff-2022-07,1
8426529ffffffff-2023-04,2
8426529ffffffff-2023-05,3
842652bffffffff-2012-04,10
842652bffffffff-2012-05,2
842652bffffffff-2012-08,1
842652bffffffff-2012-09,1
842652bffffffff-2013-04,17
842652bffffffff-2013-07,5
842652bffffffff-2013-08,1
842652bffffffff-2013-09,7
842652bffffffff-2013-10,2
842652bffffffff-2014-03,1
842652bffffffff-2014-04,7
842652bffffffff-2014-05,15
842652bffffffff-2014-07,1
842652bffffffff-2014-08,4
842652bffffffff-2014-09,2
842652bffffffff-2015-03,1
842652bffffffff-2015-04,3
842652bffffffff-2015-05,18
842652bffffffff-2015-07,15
842652bffffffff-2015-08,13
842652bffffffff-2015-09,2
842652bffffffff-2016-02,1
842652bffffffff-2016-03,8
842652bffffffff-2016-04,46
842652bffffffff-2016-05,15
842652bffffffff-2016-07,2
842652bffffffff-2016-09,3
842652bffffffff-2017-03,13
842652bffffffff-2017-04,11
842652bffffffff-2017-05,2
842652bffffffff-2017-06,3
842652bffffffff-2017-07,9
842652bffffffff-2017-08,4
842652bffffffff-2017-09,3
842652bffffffff-2018-03,7
842652bffffffff-2018-04,89
842652bffffffff-2018-05,11
842652bffffffff-2018-07,2
842652bffffffff-2018-08,15
842652bffffffff-2018-09,4
842652bffffffff-2018-10,8
842652bffffffff-2019-03,8
842652bffffffff-2019-04,56
842652bffffffff-2019-05,12
842652bffffffff-2019-07,2
842652bffffffff-2019-08,3
842652bffffffff-2019-09,4
842652bffffffff-2019-10,2
842652bffffffff-2020-04,37
842652bffffffff-2020-05,9
842652bffffffff-2020-08,2
842652bffffffff-2020-09,4
842652bffffffff-2021-03,2
842652bffffffff-2021-04,22
842652bffffffff-2021-05,20
842652bffffffff-2021-06,1
842652bffffffff-2021-07,31
842652bffffffff-2021-08,48
842652bffffffff-2021-09,16
842652bffffffff-2021-10,4
842652bffffffff-2022-03,10
842652bffffffff-2022-04,56
842652bffffffff-2022-05,23
842652bffffffff-2022-08,42
842652bffffffff-2022-09,11
842652bffffffff-2023-03,6
842652bffffffff-2023-04,21
842652bffffffff-2023-05,2
842652bffffffff-2023-07,2
842652bffffffff-2023-09,2
842652bffffffff-2023-10,1
842652dffffffff-2012-07,6
842652dffffffff-2012-08,7
842652dffffffff-2012-09,7
842652dffffffff-2013-03,1
842652dffffffff-2013-04,3
842652dffffffff-2013-07,2
842652dffffffff-2013-08,6
842652dffffffff-2013-09,23
842652dffffffff-2013-10,4
842652dffffffff-2013-11,2
842652dffffffff-2014-03,2
842652dffffffff-2014-04,3
842652dffffffff-2014-05,1
842652dffffffff-2015-03,2
842652dffffffff-2015-04,7
842652dffffffff-2016-03,2
842652dffffffff-2016-04,9
842652dffffffff-2016-05,14
842652dffffffff-2017-03,12
842652dffffffff-2018-03,18
842652dffffffff-2018-04,6
842652dffffffff-2018-07,3
842652dffffffff-2018-08,32
842652dffffffff-2018-09,5
842652dffffffff-2018-10,5
842652dffffffff-2019-04,1
842652dffffffff-2019-05,17
842652dffffffff-2020-03,2
842652dffffffff-2020-04,3
842652dffffffff-2020-05,7
842652dffffffff-2020-10,2
842652dffffffff-2021-04,3
842652dffffffff-2021-08,1
842652dffffffff-2021-09,3
842652dffffffff-2022-04,17
842652dffffffff-2022-10,4
842652dffffffff-2023-04,10
842652dffffffff-2023-05,4
842652dffffffff-2023-08,6
842652dffffffff-2023-09,29
842652dffffffff-2023-10,4
8426531ffffffff-2012-03,2
8426531ffffffff-2012-05,5
8426531ffffffff-2012-07,4
8426531ffffffff-2012-09,6
8426531ffffffff-2014-03,11
8426531ffffffff-2014-05,1
8426531ffffffff-2014-08,7
8426531ffffffff-2015-03,4
8426531ffffffff-2015-04,8
8426531ffffffff-2015-08,4
8426531ffffffff-2015-09,3
8426531ffffffff-2016-03,2
8426531ffffffff-2016-04,4
8426531ffffffff-2016-07,1
8426531ffffffff-2016-08,15
8426531ffffffff-2017-04,1
8426531ffffffff-2017-05,2
8426531ffffffff-2017-08,15
8426531ffffffff-2017-09,4
8426531ffffffff-2018-03,2
8426531ffffffff-2018-04,6
8426531ffffffff-2018-05,1
8426531ffffffff-2018-10,1
8426531ffffffff-2019-05,2
8426531ffffffff-2019-07,1
8426531ffffffff-2019-08,6
8426531ffffffff-2019-09,4
8426531ffffffff-2020-03,3
8426531ffffffff-2020-04,7
8426531ffffffff-2020-05,11
8426531ffffffff-2020-07,2
8426531ffffffff-2020-08,9
8426531ffffffff-2021-05,4
8426531ffffffff-2021-08,6
8426531ffffffff-2021-09,3
8426531ffffffff-2021-10,4
8426531ffffffff-2022-03,2
8426531ffffffff-2022-04,4
8426531ffffffff-2022-05,2
8426531ffffffff-2022-08,29
8426531ffffffff-2022-09,3
8426531ffffffff-2022-10,2
8426531ffffffff-2023-04,2
8426531ffffffff-2023-05,1
8426531ffffffff-2023-07,11
8426531ffffffff-2023-08,23
8426531ffffffff-2023-09,4
8426531ffffffff-2023-10,3
8426531ffffffff-2023-11,3
8426533ffffffff-2012-03,5
8426533ffffffff-2012-04,19
8426533ffffffff-2012-05,20
8426533ffffffff-2012-09,5
8426533ffffffff-2012-10,5
8426533ffffffff-2013-04,21
8426533ffffffff-2013-05,1
8426533ffffffff-2013-07,6
8426533ffffffff-2013-08,13
8426533ffffffff-2014-04,9
8426533ffffffff-2014-05,11
8426533ffffffff-2015-04,9
8426533ffffffff-2015-05,7
8426533ffffffff-2015-07,2
8426533ffffffff-2015-08,2
8426533ffffffff-2016-04,13
8426533ffffffff-2016-05,29
8426533ffffffff-2017-03,1
8426533ffffffff-2017-04,45
8426533ffffffff-2017-05,36
8426533ffffffff-2018-03,8
8426533ffffffff-2018-04,8
8426533ffffffff-2018-05,15
8426533ffffffff-2018-10,1
8426533ffffffff-2019-04,9
8426533ffffffff-2019-05,23
8426533ffffffff-2020-03,10
8426533ffffffff-2020-04,19
8426533ffffffff-2020-05,3
8426533ffffffff-2021-04,27
8426533ffffffff-2021-05,5
8426533ffffffff-2022-03,1
8426533ffffffff-2022-04,14
8426533ffffffff-2022-05,13
8426533ffffffff-2023-04,32
8426533ffffffff-2023-05,75
8426533ffffffff-2023-10,3
8426535ffffffff-2012-04,4
8426535ffffffff-2013-04,14
8426535ffffffff-2013-09,3
8426535ffffffff-2014-04,2
8426535ffffffff-2014-05,3
8426535ffffffff-2014-07,2
8426535ffffffff-2015-04,24
8426535ffffffff-2016-04,9
8426535ffffffff-2016-11,2
8426535ffffffff-2017-03,1
8426535ffffffff-2017-04,10
8426535ffffffff-2017-05,8
8426535ffffffff-2017-07,5
8426535ffffffff-2018-04,30
8426535ffffffff-2018-05,2
8426535ffffffff-2018-06,7
8426535ffffffff-2018-10,1
8426535ffffffff-2019-03,2
8426535ffffffff-2019-04,1
8426535ffffffff-2019-05,2
8426535ffffffff-2020-02,1
8426535ffffffff-2020-03,30
8426535ffffffff-2020-04,17
8426535ffffffff-2020-05,9
8426535ffffffff-2020-10,5
8426535ffffffff-2021-04,2
8426535ffffffff-2021-05,7
8426535ffffffff-2022-04,17
8426535ffffffff-2022-05,4
8426535ffffffff-2022-08,1
8426535ffffffff-2023-03,1
8426535ffffffff-2023-04,5
8426535ffffffff-2023-05,2
8426535ffffffff-2023-07,4
8426535ffffffff-2023-09,1
8426535ffffffff-2023-11,2
8426537ffffffff-2014-05,1
8426537ffffffff-2015-04,2
8426537ffffffff-2015-08,1
8426537ffffffff-2016-04,1
8426537ffffffff-2016-05,1
8426537ffffffff-2017-05,3
8426537ffffffff-2018-03,6
8426537ffffffff-2018-04,1
8426537ffffffff-2020-04,25
8426537ffffffff-2023-04,1
8426539ffffffff-2017-04,3
8426539ffffffff-2018-04,5
8426539ffffffff-2020-05,2
842653bffffffff-2014-05,2
842653bffffffff-2014-09,1
842653bffffffff-2015-04,2
842653bffffffff-2016-05,1
842653bffffffff-2017-03,1
842653bffffffff-2017-05,3
842653bffffffff-2018-04,2
842653bffffffff-2019-05,1
842653bffffffff-2020-04,10
842653bffffffff-2020-10,3
842653bffffffff-2021-03,8
842653bffffffff-2021-04,1
842653bffffffff-2021-05,3
842653bffffffff-2022-04,5
842653bffffffff-2022-05,11
842653bffffffff-2023-04,7
842653bffffffff-2023-05,9
842653dffffffff-2015-04,1
842653dffffffff-2017-05,1
842653dffffffff-2019-05,1
842653dffffffff-2020-04,4
842653dffffffff-2020-05,1
842653dffffffff-2020-10,1
842653dffffffff-2021-04,1
842653dffffffff-2022-05,3
842653dffffffff-2023-09,2
8426541ffffffff-2012-07,4
8426541ffffffff-2013-04,1
8426541ffffffff-2013-05,6
8426541ffffffff-2013-09,1
8426541ffffffff-2014-05,1
8426541ffffffff-2015-05,1
8426541ffffffff-2015-09,17
8426541ffffffff-2016-04,3
8426541ffffffff-2016-05,1
8426541ffffffff-2017-04,3
8426541ffffffff-2017-07,1
8426541ffffffff-2018-04,5
8426541ffffffff-2018-05,18
8426541ffffffff-2018-09,4
8426541ffffffff-2018-10,1
8426541ffffffff-2019-04,1
8426541ffffffff-2020-03,1
8426541ffffffff-2020-04,1
8426541ffffffff-2020-05,5
8426541ffffffff-2021-04,1
8426541ffffffff-2021-05,5
8426541ffffffff-2021-08,2
8426541ffffffff-2021-09,3
8426541ffffffff-2022-04,3
8426541ffffffff-2022-05,2
8426541ffffffff-2022-07,1
8426541ffffffff-2022-09,3
8426541ffffffff-2022-10,5
8426541ffffffff-2023-04,18
8426541ffffffff-2023-05,8
8426541ffffffff-2023-07,2
8426541ffffffff-2023-08,1
8426543ffffffff-2018-05,4
8426543ffffffff-2018-08,1
8426543ffffffff-2019-05,4
8426543ffffffff-2019-09,1
8426543ffffffff-2020-04,2
8426543ffffffff-2020-08,1
8426543ffffffff-2021-07,1
8426545ffffffff-2022-04,1
8426547ffffffff-2012-03,1
8426547ffffffff-2012-04,2
8426547ffffffff-2013-03,3
8426547ffffffff-2013-04,3
8426547ffffffff-2013-05,4
8426547ffffffff-2014-03,1
8426547ffffffff-2014-05,2
8426547ffffffff-2015-04,4
8426547ffffffff-2015-05,1
8426547ffffffff-2016-04,5
8426547ffffffff-2016-08,1
8426547ffffffff-2017-04,4
8426547ffffffff-2017-08,8
8426547ffffffff-2018-03,9
8426547ffffffff-2018-04,9
8426547ffffffff-2018-05,23
8426547ffffffff-2018-08,1
8426547ffffffff-2018-09,3
8426547ffffffff-2019-04,6
8426547ffffffff-2019-09,2
8426547ffffffff-2020-03,3
8426547ffffffff-2020-04,6
8426547ffffffff-2020-05,1
8426547ffffffff-2020-08,2
8426547ffffffff-2021-03,4
8426547ffffffff-2021-04,10
8426547ffffffff-2021-05,4
8426547ffffffff-2021-09,1
8426547ffffffff-2022-04,10
8426547ffffffff-2022-05,1
8426547ffffffff-2023-03,1
8426547ffffffff-2023-04,9
8426547ffffffff-2023-05,3
8426547ffffffff-2023-09,2
8426549ffffffff-2023-05,1
842654bffffffff-2016-10,2
842654bffffffff-2017-05,4
842654bffffffff-2018-10,2
842654bffffffff-2021-04,1
842654bffffffff-2023-04,3
842654dffffffff-2012-04,2
842654dffffffff-2014-04,1
842654dffffffff-2015-09,9
842654dffffffff-2018-04,2
842654dffffffff-2018-05,3
842654dffffffff-2018-07,11
842654dffffffff-2018-08,3
842654dffffffff-2020-04,2
842654dffffffff-2020-05,1
842654dffffffff-2021-04,4
842654dffffffff-2021-05,6
842654dffffffff-2021-08,1
842654dffffffff-2021-10,2
842654dffffffff-2022-04,4
842654dffffffff-2022-05,2
842654dffffffff-2022-07,3
842654dffffffff-2022-09,1
842654dffffffff-2022-10,1
842654dffffffff-2023-04,13
842654dffffffff-2023-05,13
842654dffffffff-2023-07,2
842654dffffffff-2023-08,1
8426551ffffffff-2012-04,1
8426551ffffffff-2012-07,2
8426551ffffffff-2012-08,2
8426551ffffffff-2012-09,1
8426551ffffffff-2013-04,3
8426551ffffffff-2013-05,1
8426551ffffffff-2013-09,1
8426551ffffffff-2014-04,3
8426551ffffffff-2014-05,1
8426551ffffffff-2015-04,4
8426551ffffffff-2015-05,1
8426551ffffffff-2015-08,1
8426551ffffffff-2015-09,1
8426551ffffffff-2016-05,1
8426551ffffffff-2016-08,1
8426551ffffffff-2016-09,1
8426551ffffffff-2017-03,1
8426551ffffffff-2017-04,3
8426551ffffffff-2017-05,1
8426551ffffffff-2017-11,1
8426551ffffffff-2018-04,9
8426551ffffffff-2018-09,1
8426551ffffffff-2018-10,12
8426551ffffffff-2019-03,3
8426551ffffffff-2019-04,34
8426551ffffffff-2019-05,34
8426551ffffffff-2019-07,33
8426551ffffffff-2019-08,5
8426551ffffffff-2020-03,6
8426551ffffffff-2020-04,6
8426551ffffffff-2020-05,8
8426551ffffffff-2020-07,1
8426551ffffffff-2020-08,2
8426551ffffffff-2020-09,2
8426551ffffffff-2021-04,6
8426551ffffffff-2021-05,1
8426551ffffffff-2021-07,4
8426551ffffffff-2021-08,2
8426551ffffffff-2022-04,10
8426551ffffffff-2022-05,17
8426551ffffffff-2022-08,3
8426551ffffffff-2022-09,2
8426551ffffffff-2023-03,2
8426551ffffffff-2023-04,5
8426551ffffffff-2023-05,9
8426551ffffffff-2023-07,1
8426551ffffffff-2023-08,1
8426555ffffffff-2012-03,18
8426555ffffffff-2012-04,32
8426555ffffffff-2012-05,22
8426555ffffffff-2012-07,1
8426555ffffffff-2012-08,3
8426555ffffffff-2012-09,1
8426555ffffffff-2012-10,1
8426555ffffffff-2013-03,12
8426555ffffffff-2013-04,26
8426555ffffffff-2013-05,62
8426555ffffffff-2013-07,1
8426555ffffffff-2013-08,1
8426555ffffffff-2014-03,18
8426555ffffffff-2014-04,38
8426555ffffffff-2014-05,45
8426555ffffffff-2014-07,6
8426555ffffffff-2014-08,24
8426555ffffffff-2014-10,7
8426555ffffffff-2015-03,6
8426555ffffffff-2015-04,83
8426555ffffffff-2015-05,57
8426555ffffffff-2015-07,8
8426555ffffffff-2015-08,22
8426555ffffffff-2015-09,4
8426555ffffffff-2015-10,2
8426555ffffffff-2015-11,1
8426555ffffffff-2016-03,26
8426555ffffffff-2016-04,80
8426555ffffffff-2016-05,48
8426555ffffffff-2016-07,9
8426555ffffffff-2016-08,47
8426555ffffffff-2016-10,17
8426555ffffffff-2016-11,2
8426555ffffffff-2017-03,25
8426555ffffffff-2017-04,154
8426555ffffffff-2017-05,56
8426555ffffffff-2017-06,4
8426555ffffffff-2017-07,23
8426555ffffffff-2017-08,42
8426555ffffffff-2017-09,12
8426555ffffffff-2017-10,5
8426555ffffffff-2018-03,18
8426555ffffffff-2018-04,178
8426555ffffffff-2018-05,54
8426555ffffffff-2018-06,1
8426555ffffffff-2018-07,9
8426555ffffffff-2018-08,35
8426555ffffffff-2018-09,25
8426555ffffffff-2018-10,14
8426555ffffffff-2019-03,46
8426555ffffffff-2019-04,137
8426555ffffffff-2019-05,68
8426555ffffffff-2019-07,5
8426555ffffffff-2019-08,60
8426555ffffffff-2019-09,19
8426555ffffffff-2019-10,31
8426555ffffffff-2019-11,1
8426555ffffffff-2020-03,26
8426555ffffffff-2020-04,210
8426555ffffffff-2020-05,83
8426555ffffffff-2020-06,1
8426555ffffffff-2020-07,2
8426555ffffffff-2020-08,80
8426555ffffffff-2020-09,28
8426555ffffffff-2020-10,15
8426555ffffffff-2021-03,14
8426555ffffffff-2021-04,166
8426555ffffffff-2021-05,72
8426555ffffffff-2021-07,21
8426555ffffffff-2021-08,41
8426555ffffffff-2021-09,8
8426555ffffffff-2022-03,3
8426555ffffffff-2022-04,142
8426555ffffffff-2022-05,109
8426555ffffffff-2022-07,9
8426555ffffffff-2022-08,71
8426555ffffffff-2022-09,17
8426555ffffffff-2022-10,2
8426555ffffffff-2023-03,50
8426555ffffffff-2023-04,118
8426555ffffffff-2023-05,113
8426555ffffffff-2023-06,1
8426555ffffffff-2023-08,2
8426555ffffffff-2023-10,5
8426555ffffffff-2023-11,1
8426557ffffffff-2012-04,1
8426557ffffffff-2013-04,1
8426557ffffffff-2014-04,6
8426557ffffffff-2014-05,3
8426557ffffffff-2015-04,3
8426557ffffffff-2015-05,2
8426557ffffffff-2015-08,3
8426557ffffffff-2016-04,3
8426557ffffffff-2016-05,15
8426557ffffffff-2017-04,7
8426557ffffffff-2017-05,2
8426557ffffffff-2017-07,1
8426557ffffffff-2017-08,1
8426557ffffffff-2018-04,14
8426557ffffffff-2018-09,1
8426557ffffffff-2019-04,10
8426557ffffffff-2019-05,12
8426557ffffffff-2020-04,52
8426557ffffffff-2020-05,13
8426557ffffffff-2020-07,1
8426557ffffffff-2021-04,10
8426557ffffffff-2021-05,4
8426557ffffffff-2022-04,2
8426557ffffffff-2022-05,2
8426557ffffffff-2022-10,1
8426557ffffffff-2023-04,29
8426557ffffffff-2023-05,15
8426557ffffffff-2023-08,1
8426559ffffffff-2018-10,2
8426559ffffffff-2019-03,2
842655bffffffff-2014-07,1
842655dffffffff-2012-04,3
842655dffffffff-2014-04,1
842655dffffffff-2014-05,1
842655dffffffff-2015-05,1
842655dffffffff-2016-05,1
842655dffffffff-2017-05,1
842655dffffffff-2018-04,4
842655dffffffff-2020-04,1
842655dffffffff-2020-09,1
842655dffffffff-2022-04,3
842655dffffffff-2022-05,2
842655dffffffff-2022-10,1
842655dffffffff-2023-04,13
842655dffffffff-2023-05,26
842655dffffffff-2023-07,1
842655dffffffff-2023-08,1
842655dffffffff-2023-10,1
8426561ffffffff-2012-03,8
8426561ffffffff-2012-04,24
8426561ffffffff-2012-05,12
8426561ffffffff-2013-03,2
8426561ffffffff-2013-04,7
8426561ffffffff-2013-05,5
8426561ffffffff-2013-08,3
8426561ffffffff-2013-11,1
8426561ffffffff-2014-03,1
8426561ffffffff-2014-04,5
8426561ffffffff-2014-05,6
8426561ffffffff-2015-04,8
8426561ffffffff-2015-05,5
8426561ffffffff-2016-04,8
8426561ffffffff-2016-05,5
8426561ffffffff-2017-03,1
8426561ffffffff-2017-04,11
8426561ffffffff-2017-05,6
8426561ffffffff-2018-03,4
8426561ffffffff-2018-04,20
8426561ffffffff-2018-05,10
8426561ffffffff-2019-04,2
8426561ffffffff-2019-05,2
8426561ffffffff-2019-08,2
8426561ffffffff-2020-03,1
8426561ffffffff-2020-04,38
8426561ffffffff-2020-05,24
8426561ffffffff-2021-04,40
8426561ffffffff-2021-05,20
8426561ffffffff-2022-04,19
8426561ffffffff-2022-05,40
8426561ffffffff-2022-07,3
8426561ffffffff-2022-08,1
8426561ffffffff-2022-09,5
8426561ffffffff-2022-10,4
8426561ffffffff-2023-03,2
8426561ffffffff-2023-04,55
8426561ffffffff-2023-05,78
8426561ffffffff-2023-07,1
8426561ffffffff-2023-10,1
8426563ffffffff-2012-04,2
8426563ffffffff-2013-04,2
8426563ffffffff-2013-05,2
8426563ffffffff-2014-03,1
8426563ffffffff-2014-04,4
8426563ffffffff-2014-05,1
8426563ffffffff-2015-04,2
8426563ffffffff-2015-05,1
8426563ffffffff-2015-08,3
8426563ffffffff-2015-09,1
8426563ffffffff-2016-04,3
8426563ffffffff-2016-08,2
8426563ffffffff-2017-05,3
8426563ffffffff-2017-08,1
8426563ffffffff-2018-04,10
8426563ffffffff-2018-05,6
8426563ffffffff-2019-04,2
8426563ffffffff-2019-05,1
8426563ffffffff-2019-08,1
8426563ffffffff-2020-04,2
8426563ffffffff-2021-04,1
8426563ffffffff-2021-05,2
8426563ffffffff-2022-04,1
8426563ffffffff-2023-03,2
8426563ffffffff-2023-04,1
8426565ffffffff-2013-04,3
8426565ffffffff-2013-05,4
8426565ffffffff-2014-04,1
8426565ffffffff-2016-05,4
8426565ffffffff-2017-03,5
8426565ffffffff-2017-04,6
8426565ffffffff-2017-05,2
8426565ffffffff-2017-07,3
8426565ffffffff-2017-08,1
8426565ffffffff-2018-03,2
8426565ffffffff-2018-04,40
8426565ffffffff-2018-05,15
8426565ffffffff-2019-04,28
8426565ffffffff-2019-05,58
8426565ffffffff-2019-08,1
8426565ffffffff-2019-09,1
8426565ffffffff-2020-03,9
8426565ffffffff-2020-04,106
8426565ffffffff-2020-05,44
8426565ffffffff-2020-08,1
8426565ffffffff-2021-03,2
8426565ffffffff-2021-04,36
8426565ffffffff-2021-05,3
8426565ffffffff-2021-08,1
8426565ffffffff-2021-09,1
8426565ffffffff-2022-03,2
8426565ffffffff-2022-04,19
8426565ffffffff-2022-05,8
8426565ffffffff-2022-08,1
8426565ffffffff-2023-03,2
8426565ffffffff-2023-04,25
8426565ffffffff-2023-05,28
8426565ffffffff-2023-10,2
8426567ffffffff-2012-04,36
8426567ffffffff-2012-05,11
8426567ffffffff-2012-07,5
8426567ffffffff-2013-03,1
8426567ffffffff-2013-04,10
8426567ffffffff-2013-05,5
8426567ffffffff-2014-04,7
8426567ffffffff-2014-05,4
8426567ffffffff-2014-07,1
8426567ffffffff-2014-08,1
8426567ffffffff-2015-03,1
8426567ffffffff-2015-04,24
8426567ffffffff-2015-05,16
8426567ffffffff-2016-04,57
8426567ffffffff-2016-05,42
8426567ffffffff-2016-10,1
8426567ffffffff-2017-03,52
8426567ffffffff-2017-04,146
8426567ffffffff-2017-05,69
8426567ffffffff-2017-09,1
8426567ffffffff-2017-10,1
8426567ffffffff-2018-03,9
8426567ffffffff-2018-04,191
8426567ffffffff-2018-05,44
8426567ffffffff-2018-07,2
8426567ffffffff-2018-08,2
8426567ffffffff-2018-09,9
8426567ffffffff-2018-10,16
8426567ffffffff-2019-04,68
8426567ffffffff-2019-05,7
8426567ffffffff-2019-08,1
8426567ffffffff-2019-10,1
8426567ffffffff-2019-11,3
8426567ffffffff-2020-03,4
8426567ffffffff-2020-04,233
8426567ffffffff-2020-05,128
8426567ffffffff-2020-09,1
8426567ffffffff-2020-10,2
8426567ffffffff-2021-03,21
8426567ffffffff-2021-04,127
8426567ffffffff-2021-05,36
8426567ffffffff-2021-09,1
8426567ffffffff-2022-03,6
8426567ffffffff-2022-04,107
8426567ffffffff-2022-05,18
8426567ffffffff-2022-06,1
8426567ffffffff-2022-07,14
8426567ffffffff-2022-10,43
8426567ffffffff-2023-03,2
8426567ffffffff-2023-04,101
8426567ffffffff-2023-05,78
8426567ffffffff-2023-07,8
8426567ffffffff-2023-08,5
8426567ffffffff-2023-09,14
8426567ffffffff-2023-10,4
8426569ffffffff-2019-04,1
8426569ffffffff-2020-04,1
8426569ffffffff-2021-04,1
8426569ffffffff-2021-05,2
8426569ffffffff-2022-08,1
842656bffffffff-2013-08,1
842656bffffffff-2014-05,1
842656bffffffff-2016-04,1
842656bffffffff-2019-04,1
842656bffffffff-2019-05,2
842656bffffffff-2021-05,1
842656bffffffff-2022-08,2
842656bffffffff-2023-08,1
842656dffffffff-2012-04,5
842656dffffffff-2012-05,3
842656dffffffff-2012-07,4
842656dffffffff-2012-08,2
842656dffffffff-2013-04,7
842656dffffffff-2013-05,8
842656dffffffff-2013-08,1
842656dffffffff-2014-04,3
842656dffffffff-2014-08,2
842656dffffffff-2014-09,1
842656dffffffff-2015-03,1
842656dffffffff-2015-04,14
842656dffffffff-2015-05,1
842656dffffffff-2015-09,1
842656dffffffff-2016-04,2
842656dffffffff-2016-05,1
842656dffffffff-2016-07,2
842656dffffffff-2017-03,1
842656dffffffff-2017-04,4
842656dffffffff-2018-04,14
842656dffffffff-2018-05,7
842656dffffffff-2018-07,1
842656dffffffff-2018-08,2
842656dffffffff-2018-09,2
842656dffffffff-2018-10,2
842656dffffffff-2019-04,11
842656dffffffff-2019-05,13
842656dffffffff-2019-09,3
842656dffffffff-2020-03,4
842656dffffffff-2020-04,69
842656dffffffff-2020-05,20
842656dffffffff-2020-07,2
842656dffffffff-2020-08,11
842656dffffffff-2020-09,9
842656dffffffff-2020-10,2
842656dffffffff-2021-03,5
842656dffffffff-2021-04,62
842656dffffffff-2021-05,28
842656dffffffff-2021-07,2
842656dffffffff-2021-08,37
842656dffffffff-2021-09,12
842656dffffffff-2021-10,1
842656dffffffff-2022-03,1
842656dffffffff-2022-04,55
842656dffffffff-2022-05,40
842656dffffffff-2022-07,3
842656dffffffff-2022-08,13
842656dffffffff-2022-09,19
842656dffffffff-2023-03,2
842656dffffffff-2023-04,48
842656dffffffff-2023-05,30
842656dffffffff-2023-06,2
842656dffffffff-2023-07,22
842656dffffffff-2023-08,12
842656dffffffff-2023-09,13
842656dffffffff-2023-10,2
8426581ffffffff-2021-04,1
8426583ffffffff-2021-05,4
8426583ffffffff-2022-03,2
8426583ffffffff-2022-09,1
8426583ffffffff-2023-09,1
8426583ffffffff-2023-10,5
8426589ffffffff-2023-05,1
842658bffffffff-2014-10,1
842658bffffffff-2017-10,2
842658bffffffff-2017-12,2
842658bffffffff-2018-04,5
842658bffffffff-2018-08,1
842658bffffffff-2018-09,4
842658bffffffff-2019-01,1
842658bffffffff-2019-04,2
842658bffffffff-2019-10,1
842658bffffffff-2021-04,1
842658bffffffff-2021-05,1
842658bffffffff-2021-08,2
842658bffffffff-2022-05,1
842658bffffffff-2022-08,1
842658bffffffff-2023-03,2
842658bffffffff-2023-04,6
842658bffffffff-2023-08,13
842658bffffffff-2023-09,8
842658bffffffff-2023-10,17
842658dffffffff-2021-04,1
842658dffffffff-2023-04,2
8426591ffffffff-2019-09,3
8426591ffffffff-2020-04,2
8426591ffffffff-2021-03,2
8426591ffffffff-2022-03,4
8426591ffffffff-2022-04,5
8426591ffffffff-2022-05,1
8426591ffffffff-2023-04,1
8426593ffffffff-2013-01,1
8426593ffffffff-2013-03,1
8426593ffffffff-2013-04,4
8426593ffffffff-2013-09,10
8426593ffffffff-2013-10,2
8426593ffffffff-2014-09,2
8426593ffffffff-2014-12,10
8426593ffffffff-2015-03,15
8426593ffffffff-2015-04,1
8426593ffffffff-2015-11,2
8426593ffffffff-2015-12,5
8426593ffffffff-2016-03,2
8426593ffffffff-2016-08,2
8426593ffffffff-2016-12,2
8426593ffffffff-2017-04,2
8426593ffffffff-2017-05,2
8426593ffffffff-2017-07,1
8426593ffffffff-2017-09,5
8426593ffffffff-2017-10,2
8426593ffffffff-2017-11,3
8426593ffffffff-2017-12,1
8426593ffffffff-2018-03,6
8426593ffffffff-2018-04,21
8426593ffffffff-2018-05,22
8426593ffffffff-2018-07,4
8426593ffffffff-2018-08,1
8426593ffffffff-2018-12,1
8426593ffffffff-2019-03,1
8426593ffffffff-2019-04,3
8426593ffffffff-2019-10,1
8426593ffffffff-2019-12,1
8426593ffffffff-2020-02,5
8426593ffffffff-2020-04,7
8426593ffffffff-2020-05,17
8426593ffffffff-2020-08,1
8426593ffffffff-2020-09,1
8426593ffffffff-2020-10,6
8426593ffffffff-2020-11,4
8426593ffffffff-2020-12,10
8426593ffffffff-2021-02,1
8426593ffffffff-2021-04,16
8426593ffffffff-2021-05,2
8426593ffffffff-2021-07,1
8426593ffffffff-2021-08,3
8426593ffffffff-2021-10,12
8426593ffffffff-2021-11,12
8426593ffffffff-2022-01,4
8426593ffffffff-2022-03,2
8426593ffffffff-2022-04,1
8426593ffffffff-2022-11,6
8426593ffffffff-2022-12,4
8426593ffffffff-2023-02,4
8426593ffffffff-2023-03,5
8426593ffffffff-2023-08,4
8426593ffffffff-2023-10,2
8426593ffffffff-2023-11,6
8426595ffffffff-2018-12,2
8426595ffffffff-2023-04,1
8426597ffffffff-2018-08,2
8426599ffffffff-2013-04,1
8426599ffffffff-2014-05,3
8426599ffffffff-2015-04,1
8426599ffffffff-2016-04,1
8426599ffffffff-2017-04,2
8426599ffffffff-2017-05,1
8426599ffffffff-2018-03,2
8426599ffffffff-2018-04,11
8426599ffffffff-2019-04,1
8426599ffffffff-2020-04,2
8426599ffffffff-2021-03,2
8426599ffffffff-2021-04,1
8426599ffffffff-2021-05,1
8426599ffffffff-2022-03,2
8426599ffffffff-2022-04,5
8426599ffffffff-2022-10,2
8426599ffffffff-2022-11,1
8426599ffffffff-2023-02,2
8426599ffffffff-2023-03,2
8426599ffffffff-2023-04,2
8426599ffffffff-2023-05,2
8426599ffffffff-2023-09,1
8426599ffffffff-2023-10,1
842659bffffffff-2012-02,3
842659bffffffff-2012-03,7
842659bffffffff-2012-04,10
842659bffffffff-2012-05,1
842659bffffffff-2012-07,1
842659bffffffff-2012-08,19
842659bffffffff-2012-09,14
842659bffffffff-2012-10,5
842659bffffffff-2013-03,6
842659bffffffff-2013-04,12
842659bffffffff-2013-05,20
842659bffffffff-2013-08,15
842659bffffffff-2013-09,24
842659bffffffff-2013-10,5
842659bffffffff-2013-11,2
842659bffffffff-2014-03,2
842659bffffffff-2014-04,5
842659bffffffff-2014-05,18
842659bffffffff-2014-07,7
842659bffffffff-2014-08,43
842659bffffffff-2014-09,38
842659bffffffff-2014-10,11
842659bffffffff-2014-11,13
842659bffffffff-2015-03,4
842659bffffffff-2015-04,15
842659bffffffff-2015-05,24
842659bffffffff-2015-07,1
842659bffffffff-2015-08,20
842659bffffffff-2015-09,30
842659bffffffff-2015-10,4
842659bffffffff-2015-11,2
842659bffffffff-2016-03,11
842659bffffffff-2016-04,18
842659bffffffff-2016-05,33
842659bffffffff-2016-06,2
842659bffffffff-2016-07,31
842659bffffffff-2016-08,67
842659bffffffff-2016-09,74
842659bffffffff-2016-10,12
842659bffffffff-2016-11,13
842659bffffffff-2016-12,1
842659bffffffff-2017-02,2
842659bffffffff-2017-03,22
842659bffffffff-2017-04,62
842659bffffffff-2017-05,35
842659bffffffff-2017-07,37
842659bffffffff-2017-08,41
842659bffffffff-2017-09,56
842659bffffffff-2017-10,8
842659bffffffff-2017-11,1
842659bffffffff-2017-12,1
842659bffffffff-2018-02,1
842659bffffffff-2018-03,16
842659bffffffff-2018-04,49
842659bffffffff-2018-05,38
842659bffffffff-2018-07,14
842659bffffffff-2018-08,37
842659bffffffff-2018-09,52
842659bffffffff-2018-10,10
842659bffffffff-2019-02,1
842659bffffffff-2019-04,43
842659bffffffff-2019-05,23
842659bffffffff-2019-07,5
842659bffffffff-2019-08,51
842659bffffffff-2019-09,38
842659bffffffff-2019-10,41
842659bffffffff-2020-03,3
842659bffffffff-2020-04,35
842659bffffffff-2020-05,17
842659bffffffff-2020-07,4
842659bffffffff-2020-08,43
842659bffffffff-2020-09,39
842659bffffffff-2020-10,31
842659bffffffff-2020-11,12
842659bffffffff-2021-03,14
842659bffffffff-2021-04,109
842659bffffffff-2021-05,70
842659bffffffff-2021-07,13
842659bffffffff-2021-08,46
842659bffffffff-2021-09,55
842659bffffffff-2021-10,22
842659bffffffff-2021-11,6
842659bffffffff-2022-03,22
842659bffffffff-2022-04,92
842659bffffffff-2022-05,63
842659bffffffff-2022-07,13
842659bffffffff-2022-08,36
842659bffffffff-2022-09,52
842659bffffffff-2022-10,19
842659bffffffff-2022-11,5
842659bffffffff-2023-01,1
842659bffffffff-2023-02,1
842659bffffffff-2023-03,72
842659bffffffff-2023-04,115
842659bffffffff-2023-05,96
842659bffffffff-2023-07,23
842659bffffffff-2023-08,44
842659bffffffff-2023-09,44
842659bffffffff-2023-10,68
842659bffffffff-2023-11,19
842659dffffffff-2012-03,1
842659dffffffff-2014-04,2
842659dffffffff-2014-05,1
842659dffffffff-2014-12,4
842659dffffffff-2015-04,3
842659dffffffff-2015-12,2
842659dffffffff-2017-04,2
842659dffffffff-2017-05,3
842659dffffffff-2018-03,12
842659dffffffff-2018-04,7
842659dffffffff-2018-11,1
842659dffffffff-2019-11,1
842659dffffffff-2020-03,5
842659dffffffff-2021-09,1
842659dffffffff-2021-10,1
842659dffffffff-2022-12,1
842659dffffffff-2023-02,6
842659dffffffff-2023-03,1
842659dffffffff-2023-04,2
842659dffffffff-2023-08,2
842659dffffffff-2023-11,1
84265a3ffffffff-2012-03,4
84265a3ffffffff-2012-04,1
84265a3ffffffff-2012-05,3
84265a3ffffffff-2013-03,3
84265a3ffffffff-2013-04,2
84265a3ffffffff-2013-05,7
84265a3ffffffff-2014-03,1
84265a3ffffffff-2014-04,2
84265a3ffffffff-2015-10,1
84265a3ffffffff-2015-11,1
84265a3ffffffff-2016-04,2
84265a3ffffffff-2016-05,2
84265a3ffffffff-2016-08,3
84265a3ffffffff-2017-05,3
84265a3ffffffff-2019-04,5
84265a3ffffffff-2020-04,16
84265a3ffffffff-2021-05,9
84265a3ffffffff-2022-04,1
84265a3ffffffff-2022-05,1
84265a3ffffffff-2023-04,6
84265a3ffffffff-2023-05,7
84265a5ffffffff-2015-04,1
84265a5ffffffff-2015-05,2
84265a7ffffffff-2012-03,1
84265a7ffffffff-2013-05,2
84265a7ffffffff-2014-04,1
84265a7ffffffff-2015-04,2
84265a7ffffffff-2015-05,3
84265a7ffffffff-2016-04,10
84265a7ffffffff-2016-05,4
84265a7ffffffff-2017-03,1
84265a7ffffffff-2017-04,1
84265a7ffffffff-2017-05,2
84265a7ffffffff-2018-04,16
84265a7ffffffff-2018-05,1
84265a7ffffffff-2018-08,1
84265a7ffffffff-2018-10,1
84265a7ffffffff-2019-04,6
84265a7ffffffff-2019-05,5
84265a7ffffffff-2019-10,1
84265a7ffffffff-2020-03,1
84265a7ffffffff-2020-04,25
84265a7ffffffff-2020-05,7
84265a7ffffffff-2020-10,2
84265a7ffffffff-2020-11,1
84265a7ffffffff-2021-01,1
84265a7ffffffff-2021-04,15
84265a7ffffffff-2021-05,6
84265a7ffffffff-2021-08,1
84265a7ffffffff-2021-09,1
84265a7ffffffff-2022-04,23
84265a7ffffffff-2022-05,29
84265a7ffffffff-2022-12,1
84265a7ffffffff-2023-03,4
84265a7ffffffff-2023-04,22
84265a7ffffffff-2023-05,10
84265a7ffffffff-2023-08,1
84265a7ffffffff-2023-10,1
84265a7ffffffff-2023-11,1
84265b1ffffffff-2012-04,11
84265b1ffffffff-2012-05,4
84265b1ffffffff-2012-08,1
84265b1ffffffff-2013-03,1
84265b1ffffffff-2013-04,3
84265b1ffffffff-2013-05,1
84265b1ffffffff-2013-07,3
84265b1ffffffff-2013-08,2
84265b1ffffffff-2014-04,1
84265b1ffffffff-2014-08,3
84265b1ffffffff-2014-10,2
84265b1ffffffff-2015-04,5
84265b1ffffffff-2015-05,2
84265b1ffffffff-2015-09,3
84265b1ffffffff-2016-02,2
84265b1ffffffff-2016-03,3
84265b1ffffffff-2016-05,3
84265b1ffffffff-2016-07,1
84265b1ffffffff-2016-08,9
84265b1ffffffff-2016-09,14
84265b1ffffffff-2017-02,3
84265b1ffffffff-2017-03,1
84265b1ffffffff-2017-04,1
84265b1ffffffff-2017-07,3
84265b1ffffffff-2017-08,4
84265b1ffffffff-2017-12,2
84265b1ffffffff-2018-01,2
84265b1ffffffff-2018-02,1
84265b1ffffffff-2018-04,4
84265b1ffffffff-2018-08,2
84265b1ffffffff-2018-09,11
84265b1ffffffff-2018-11,1
84265b1ffffffff-2018-12,2
84265b1ffffffff-2019-01,1
84265b1ffffffff-2019-02,1
84265b1ffffffff-2019-03,2
84265b1ffffffff-2019-04,4
84265b1ffffffff-2019-05,4
84265b1ffffffff-2019-12,1
84265b1ffffffff-2020-04,2
84265b1ffffffff-2020-08,2
84265b1ffffffff-2020-12,2
84265b1ffffffff-2021-01,1
84265b1ffffffff-2021-04,4
84265b1ffffffff-2021-05,2
84265b1ffffffff-2021-10,1
84265b1ffffffff-2022-04,9
84265b1ffffffff-2022-07,10
84265b1ffffffff-2022-08,5
84265b1ffffffff-2022-09,1
84265b1ffffffff-2023-04,2
84265b1ffffffff-2023-05,9
84265b1ffffffff-2023-07,3
84265b1ffffffff-2023-08,5
84265b1ffffffff-2023-09,3
84265b3ffffffff-2012-04,1
84265b3ffffffff-2012-11,3
84265b3ffffffff-2014-02,1
84265b3ffffffff-2015-01,1
84265b3ffffffff-2015-09,1
84265b3ffffffff-2015-11,1
84265b3ffffffff-2016-09,1
84265b3ffffffff-2018-01,1
84265b3ffffffff-2018-12,1
84265b3ffffffff-2022-01,1
84265b3ffffffff-2022-10,3
84265b3ffffffff-2023-03,3
84265b3ffffffff-2023-04,1
84265b3ffffffff-2023-08,5
84265b3ffffffff-2023-09,2
84265b5ffffffff-2012-03,1
84265b5ffffffff-2012-04,4
84265b5ffffffff-2012-05,3
84265b5ffffffff-2013-03,2
84265b5ffffffff-2013-04,7
84265b5ffffffff-2013-05,18
84265b5ffffffff-2014-03,1
84265b5ffffffff-2014-04,2
84265b5ffffffff-2014-05,2
84265b5ffffffff-2014-09,7
84265b5ffffffff-2015-03,1
84265b5ffffffff-2015-04,10
84265b5ffffffff-2015-05,2
84265b5ffffffff-2016-03,2
84265b5ffffffff-2016-04,15
84265b5ffffffff-2016-05,4
84265b5ffffffff-2017-04,1
84265b5ffffffff-2017-05,5
84265b5ffffffff-2018-03,1
84265b5ffffffff-2018-04,14
84265b5ffffffff-2018-05,4
84265b5ffffffff-2019-03,4
84265b5ffffffff-2019-04,4
84265b5ffffffff-2019-07,1
84265b5ffffffff-2019-10,1
84265b5ffffffff-2020-04,11
84265b5ffffffff-2020-05,31
84265b5ffffffff-2020-08,8
84265b5ffffffff-2020-09,1
84265b5ffffffff-2020-10,1
84265b5ffffffff-2021-04,6
84265b5ffffffff-2021-05,3
84265b5ffffffff-2022-03,3
84265b5ffffffff-2022-04,23
84265b5ffffffff-2022-05,3
84265b5ffffffff-2022-07,7
84265b5ffffffff-2022-08,2
84265b5ffffffff-2023-03,18
84265b5ffffffff-2023-04,41
84265b5ffffffff-2023-05,21
84265b5ffffffff-2023-08,8
84265b5ffffffff-2023-09,3
84265b7ffffffff-2012-07,1
84265b7ffffffff-2014-08,2
84265b7ffffffff-2015-08,1
84265b7ffffffff-2015-10,6
84265b7ffffffff-2016-09,1
84265b7ffffffff-2017-04,1
84265b7ffffffff-2017-05,3
84265b7ffffffff-2018-08,1
84265b7ffffffff-2019-03,1
84265b7ffffffff-2019-04,1
84265b7ffffffff-2019-05,3
84265b7ffffffff-2021-09,1
84265b7ffffffff-2021-11,2
84265b7ffffffff-2022-11,7
84265b7ffffffff-2023-04,2
84265b7ffffffff-2023-05,2
84265b7ffffffff-2023-08,3
84265b7ffffffff-2023-09,6
84265b7ffffffff-2023-10,3
84265b9ffffffff-2012-02,1
84265b9ffffffff-2012-04,3
84265b9ffffffff-2012-07,3
84265b9ffffffff-2012-08,6
84265b9ffffffff-2012-09,1
84265b9ffffffff-2012-11,3
84265b9ffffffff-2013-04,3
84265b9ffffffff-2013-05,6
84265b9ffffffff-2013-07,9
84265b9ffffffff-2013-08,10
84265b9ffffffff-2013-09,1
84265b9ffffffff-2013-11,1
84265b9ffffffff-2014-03,10
84265b9ffffffff-2014-04,1
84265b9ffffffff-2014-05,4
84265b9ffffffff-2014-08,20
84265b9ffffffff-2014-09,22
84265b9ffffffff-2014-10,2
84265b9ffffffff-2014-11,2
84265b9ffffffff-2015-03,5
84265b9ffffffff-2015-04,4
84265b9ffffffff-2015-05,6
84265b9ffffffff-2015-07,6
84265b9ffffffff-2015-08,11
84265b9ffffffff-2015-09,3
84265b9ffffffff-2016-02,1
84265b9ffffffff-2016-03,12
84265b9ffffffff-2016-04,10
84265b9ffffffff-2016-05,9
84265b9ffffffff-2016-07,1
84265b9ffffffff-2016-08,65
84265b9ffffffff-2016-09,25
84265b9ffffffff-2016-10,1
84265b9ffffffff-2017-03,29
84265b9ffffffff-2017-04,16
84265b9ffffffff-2017-05,4
84265b9ffffffff-2017-07,9
84265b9ffffffff-2017-08,26
84265b9ffffffff-2017-09,5
84265b9ffffffff-2018-03,11
84265b9ffffffff-2018-04,20
84265b9ffffffff-2018-05,2
84265b9ffffffff-2018-07,6
84265b9ffffffff-2018-08,42
84265b9ffffffff-2018-09,18
84265b9ffffffff-2018-10,9
84265b9ffffffff-2019-03,38
84265b9ffffffff-2019-04,19
84265b9ffffffff-2019-05,8
84265b9ffffffff-2019-07,5
84265b9ffffffff-2019-08,46
84265b9ffffffff-2019-09,14
84265b9ffffffff-2019-10,1
84265b9ffffffff-2019-11,2
84265b9ffffffff-2020-03,12
84265b9ffffffff-2020-04,24
84265b9ffffffff-2020-05,11
84265b9ffffffff-2020-07,15
84265b9ffffffff-2020-08,39
84265b9ffffffff-2020-09,37
84265b9ffffffff-2020-10,19
84265b9ffffffff-2020-11,3
84265b9ffffffff-2021-03,22
84265b9ffffffff-2021-04,42
84265b9ffffffff-2021-05,24
84265b9ffffffff-2021-07,8
84265b9ffffffff-2021-08,58
84265b9ffffffff-2021-09,31
84265b9ffffffff-2021-10,3
84265b9ffffffff-2021-11,2
84265b9ffffffff-2022-03,51
84265b9ffffffff-2022-04,61
84265b9ffffffff-2022-05,9
84265b9ffffffff-2022-07,35
84265b9ffffffff-2022-08,120
84265b9ffffffff-2022-09,33
84265b9ffffffff-2022-10,1
84265b9ffffffff-2023-02,4
84265b9ffffffff-2023-03,47
84265b9ffffffff-2023-04,88
84265b9ffffffff-2023-05,22
84265b9ffffffff-2023-07,85
84265b9ffffffff-2023-08,137
84265b9ffffffff-2023-09,58
84265b9ffffffff-2023-10,2
84265bbffffffff-2013-05,1
84265bbffffffff-2014-03,1
84265bbffffffff-2016-09,2
84265bbffffffff-2017-01,1
84265bbffffffff-2018-09,2
84265bbffffffff-2019-02,2
84265bbffffffff-2021-04,1
84265bbffffffff-2023-04,1
84265bdffffffff-2018-03,1
84265bdffffffff-2018-04,1
84265bdffffffff-2022-05,3
84265bdffffffff-2023-03,1
84265bdffffffff-2023-04,5
84265bdffffffff-2023-05,3
84265c1ffffffff-2016-04,1
84265c5ffffffff-2016-05,2
84265c5ffffffff-2022-05,3
84265c9ffffffff-2020-05,1
84265d1ffffffff-2012-01,4
84265d1ffffffff-2012-02,6
84265d1ffffffff-2012-03,9
84265d1ffffffff-2012-04,5
84265d1ffffffff-2012-05,9
84265d1ffffffff-2012-07,5
84265d1ffffffff-2012-12,2
84265d1ffffffff-2013-01,2
84265d1ffffffff-2013-02,1
84265d1ffffffff-2013-03,4
84265d1ffffffff-2013-04,8
84265d1ffffffff-2013-05,9
84265d1ffffffff-2013-06,1
84265d1ffffffff-2013-07,2
84265d1ffffffff-2013-08,8
84265d1ffffffff-2013-09,2
84265d1ffffffff-2013-10,1
84265d1ffffffff-2013-11,1
84265d1ffffffff-2014-02,2
84265d1ffffffff-2014-03,1
84265d1ffffffff-2014-04,12
84265d1ffffffff-2014-05,2
84265d1ffffffff-2014-10,2
84265d1ffffffff-2014-11,1
84265d1ffffffff-2014-12,6
84265d1ffffffff-2015-01,3
84265d1ffffffff-2015-03,10
84265d1ffffffff-2015-04,12
84265d1ffffffff-2015-05,12
84265d1ffffffff-2015-06,1
84265d1ffffffff-2015-11,2
84265d1ffffffff-2015-12,3
84265d1ffffffff-2016-01,1
84265d1ffffffff-2016-03,6
84265d1ffffffff-2016-04,2
84265d1ffffffff-2017-01,1
84265d1ffffffff-2017-02,5
84265d1ffffffff-2017-03,1
84265d1ffffffff-2017-04,7
84265d1ffffffff-2017-05,1
84265d1ffffffff-2017-08,1
84265d1ffffffff-2017-09,4
84265d1ffffffff-2017-10,1
84265d1ffffffff-2018-04,1
84265d1ffffffff-2018-05,1
84265d1ffffffff-2018-07,1
84265d1ffffffff-2018-08,6
84265d1ffffffff-2018-09,3
84265d1ffffffff-2018-10,2
84265d1ffffffff-2019-03,6
84265d1ffffffff-2019-04,1
84265d1ffffffff-2019-12,3
84265d1ffffffff-2020-01,1
84265d1ffffffff-2020-03,6
84265d1ffffffff-2020-04,7
84265d1ffffffff-2020-05,4
84265d1ffffffff-2020-09,1
84265d1ffffffff-2021-03,3
84265d1ffffffff-2021-04,13
84265d1ffffffff-2021-05,3
84265d1ffffffff-2021-11,1
84265d1ffffffff-2022-03,7
84265d1ffffffff-2022-04,2
84265d1ffffffff-2022-07,3
84265d1ffffffff-2022-08,7
84265d1ffffffff-2022-09,10
84265d1ffffffff-2022-10,2
84265d1ffffffff-2023-02,2
84265d1ffffffff-2023-03,3
84265d1ffffffff-2023-04,10
84265d1ffffffff-2023-05,6
84265d1ffffffff-2023-07,7
84265d1ffffffff-2023-08,1
84265d1ffffffff-2023-09,2
84265d1ffffffff-2023-10,7
84265d3ffffffff-2012-04,1
84265d3ffffffff-2012-05,1
84265d3ffffffff-2012-08,1
84265d3ffffffff-2012-09,1
84265d3ffffffff-2014-04,3
84265d3ffffffff-2014-05,3
84265d3ffffffff-2015-03,4
84265d3ffffffff-2015-04,2
84265d3ffffffff-2015-05,1
84265d3ffffffff-2017-03,1
84265d3ffffffff-2017-10,1
84265d3ffffffff-2017-11,1
84265d3ffffffff-2017-12,1
84265d3ffffffff-2018-02,1
84265d3ffffffff-2018-03,1
84265d3ffffffff-2018-04,7
84265d3ffffffff-2018-08,3
84265d3ffffffff-2019-03,8
84265d3ffffffff-2019-04,5
84265d3ffffffff-2019-07,1
84265d3ffffffff-2019-08,2
84265d3ffffffff-2019-10,2
84265d3ffffffff-2019-11,1
84265d3ffffffff-2019-12,1
84265d3ffffffff-2020-01,1
84265d3ffffffff-2020-04,1
84265d3ffffffff-2020-05,3
84265d3ffffffff-2020-09,1
84265d3ffffffff-2020-12,1
84265d3ffffffff-2021-02,2
84265d3ffffffff-2021-03,5
84265d3ffffffff-2021-04,1
84265d3ffffffff-2021-08,4
84265d3ffffffff-2021-11,5
84265d3ffffffff-2022-04,1
84265d3ffffffff-2023-02,1
84265d3ffffffff-2023-03,3
84265d5ffffffff-2020-12,1
84265d5ffffffff-2021-03,3
84265d5ffffffff-2021-04,1
84265d7ffffffff-2014-03,2
84265d7ffffffff-2014-05,3
84265d7ffffffff-2015-04,2
84265d7ffffffff-2016-04,1
84265d7ffffffff-2017-04,1
84265d7ffffffff-2017-05,1
84265d7ffffffff-2018-03,4
84265d7ffffffff-2018-04,10
84265d7ffffffff-2019-04,2
84265d7ffffffff-2019-08,1
84265d7ffffffff-2020-04,23
84265d7ffffffff-2020-05,5
84265d7ffffffff-2021-04,1
84265d7ffffffff-2021-05,3
84265d7ffffffff-2022-03,2
84265d7ffffffff-2022-04,5
84265d7ffffffff-2022-05,6
84265d7ffffffff-2023-04,2
84265d7ffffffff-2023-05,2
84265d9ffffffff-2012-03,1
84265d9ffffffff-2012-05,2
84265d9ffffffff-2012-09,1
84265d9ffffffff-2012-10,2
84265d9ffffffff-2013-04,2
84265d9ffffffff-2013-09,1
84265d9ffffffff-2014-03,1
84265d9ffffffff-2014-04,2
84265d9ffffffff-2014-05,1
84265d9ffffffff-2014-09,1
84265d9ffffffff-2015-03,2
84265d9ffffffff-2015-04,11
84265d9ffffffff-2015-05,7
84265d9ffffffff-2015-09,1
84265d9ffffffff-2015-10,2
84265d9ffffffff-2015-11,1
84265d9ffffffff-2016-02,4
84265d9ffffffff-2016-03,10
84265d9ffffffff-2016-04,9
84265d9ffffffff-2016-08,1
84265d9ffffffff-2016-09,5
84265d9ffffffff-2017-03,2
84265d9ffffffff-2017-04,5
84265d9ffffffff-2017-05,2
84265d9ffffffff-2017-08,2
84265d9ffffffff-2017-09,2
84265d9ffffffff-2017-11,1
84265d9ffffffff-2018-03,9
84265d9ffffffff-2018-04,11
84265d9ffffffff-2018-05,7
84265d9ffffffff-2018-07,1
84265d9ffffffff-2018-08,2
84265d9ffffffff-2018-09,3
84265d9ffffffff-2018-10,1
84265d9ffffffff-2019-03,7
84265d9ffffffff-2019-04,19
84265d9ffffffff-2019-05,7
84265d9ffffffff-2019-08,19
84265d9ffffffff-2019-09,1
84265d9ffffffff-2019-10,4
84265d9ffffffff-2020-03,2
84265d9ffffffff-2020-04,3
84265d9ffffffff-2020-05,4
84265d9ffffffff-2020-08,11
84265d9ffffffff-2020-09,2
84265d9ffffffff-2020-10,1
84265d9ffffffff-2021-03,4
84265d9ffffffff-2021-04,16
84265d9ffffffff-2021-05,11
84265d9ffffffff-2021-08,1
84265d9ffffffff-2021-09,4
84265d9ffffffff-2021-10,3
84265d9ffffffff-2022-03,6
84265d9ffffffff-2022-04,20
84265d9ffffffff-2022-05,2
84265d9ffffffff-2022-07,1
84265d9ffffffff-2022-08,1
84265d9ffffffff-2022-09,8
84265d9ffffffff-2022-10,2
84265d9ffffffff-2023-03,2
84265d9ffffffff-2023-04,53
84265d9ffffffff-2023-05,2
84265d9ffffffff-2023-09,5
84265d9ffffffff-2023-10,1
84265dbffffffff-2012-03,1
84265dbffffffff-2012-04,1
84265dbffffffff-2012-10,1
84265dbffffffff-2013-03,1
84265dbffffffff-2013-04,1
84265dbffffffff-2013-09,1
84265dbffffffff-2013-10,2
84265dbffffffff-2014-03,1
84265dbffffffff-2014-04,2
84265dbffffffff-2014-07,1
84265dbffffffff-2014-08,9
84265dbffffffff-2014-09,3
84265dbffffffff-2014-10,6
84265dbffffffff-2014-11,3
84265dbffffffff-2015-03,7
84265dbffffffff-2015-04,17
84265dbffffffff-2015-05,4
84265dbffffffff-2015-07,6
84265dbffffffff-2015-08,23
84265dbffffffff-2015-09,21
84265dbffffffff-2016-03,10
84265dbffffffff-2016-04,21
84265dbffffffff-2016-05,5
84265dbffffffff-2016-07,2
84265dbffffffff-2016-08,1
84265dbffffffff-2016-09,3
84265dbffffffff-2017-02,5
84265dbffffffff-2017-03,4
84265dbffffffff-2017-04,2
84265dbffffffff-2017-05,26
84265dbffffffff-2017-09,1
84265dbffffffff-2018-03,13
84265dbffffffff-2018-04,6
84265dbffffffff-2018-05,13
84265dbffffffff-2018-07,10
84265dbffffffff-2018-08,51
84265dbffffffff-2018-09,2
84265dbffffffff-2019-03,11
84265dbffffffff-2019-04,101
84265dbffffffff-2019-05,60
84265dbffffffff-2019-07,16
84265dbffffffff-2019-08,7
84265dbffffffff-2019-09,5
84265dbffffffff-2019-10,3
84265dbffffffff-2019-11,2
84265dbffffffff-2019-12,2
84265dbffffffff-2020-02,3
84265dbffffffff-2020-03,53
84265dbffffffff-2020-04,127
84265dbffffffff-2020-05,65
84265dbffffffff-2020-07,3
84265dbffffffff-2020-08,15
84265dbffffffff-2020-09,4
84265dbffffffff-2020-10,1
84265dbffffffff-2021-03,20
84265dbffffffff-2021-04,109
84265dbffffffff-2021-05,12
84265dbffffffff-2022-03,9
84265dbffffffff-2022-04,18
84265dbffffffff-2022-05,22
84265dbffffffff-2022-08,3
84265dbffffffff-2023-02,2
84265dbffffffff-2023-03,21
84265dbffffffff-2023-04,13
84265dbffffffff-2023-05,15
84265dbffffffff-2023-09,4
84265dbffffffff-2023-10,1
84265ddffffffff-2014-04,1
84265ddffffffff-2017-03,1
84265ddffffffff-2017-07,1
84265ddffffffff-2017-08,1
84265ddffffffff-2018-05,1
84265ddffffffff-2018-08,1
84265ddffffffff-2019-04,2
84265ddffffffff-2019-05,1
84265ddffffffff-2019-10,1
84265ddffffffff-2019-11,1
84265ddffffffff-2020-04,2
84265ddffffffff-2021-04,1
84265e3ffffffff-2017-04,1
84265e3ffffffff-2019-04,1
84265e3ffffffff-2019-05,1
84265e3ffffffff-2020-04,1
84265e3ffffffff-2020-05,2
84265e3ffffffff-2022-04,2
84265e3ffffffff-2022-05,1
84265e3ffffffff-2023-04,2
84265e3ffffffff-2023-05,2
84265e5ffffffff-2014-10,1
84265e5ffffffff-2018-04,1
84265e5ffffffff-2019-09,1
84265e5ffffffff-2020-05,1
84265e5ffffffff-2021-09,2
84265e5ffffffff-2022-07,1
84265e5ffffffff-2023-04,2
84265e5ffffffff-2023-05,2
84265e5ffffffff-2023-07,1
84265e7ffffffff-2022-05,3
84265e7ffffffff-2023-10,1
84265e9ffffffff-2023-05,2
84265edffffffff-2012-05,10
84265edffffffff-2013-07,2
84265edffffffff-2014-04,7
84265edffffffff-2014-05,5
84265edffffffff-2015-04,1
84265edffffffff-2015-05,1
84265edffffffff-2016-09,2
84265edffffffff-2017-05,1
84265edffffffff-2019-04,1
8426601ffffffff-2017-04,1
8426601ffffffff-2017-05,1
8426601ffffffff-2021-05,7
8426601ffffffff-2022-05,1
8426603ffffffff-2012-04,1
8426603ffffffff-2013-09,1
8426603ffffffff-2014-04,4
8426603ffffffff-2015-08,1
8426603ffffffff-2016-04,1
8426603ffffffff-2016-05,1
8426603ffffffff-2018-04,3
8426603ffffffff-2020-04,14
8426603ffffffff-2020-05,12
8426603ffffffff-2020-10,2
8426603ffffffff-2021-04,1
8426603ffffffff-2021-05,2
8426603ffffffff-2022-04,2
8426603ffffffff-2022-05,1
8426603ffffffff-2022-10,1
8426603ffffffff-2023-04,4
8426603ffffffff-2023-05,4
8426603ffffffff-2023-08,2
8426603ffffffff-2023-09,1
8426605ffffffff-2012-04,2
8426605ffffffff-2012-05,2
8426605ffffffff-2015-04,4
8426605ffffffff-2015-07,2
8426605ffffffff-2016-04,1
8426605ffffffff-2016-05,2
8426605ffffffff-2016-08,1
8426605ffffffff-2017-04,1
8426605ffffffff-2018-04,4
8426605ffffffff-2018-05,1
8426605ffffffff-2018-08,3
8426605ffffffff-2018-10,2
8426605ffffffff-2020-04,4
8426605ffffffff-2020-05,1
8426605ffffffff-2020-07,1
8426605ffffffff-2020-08,1
8426605ffffffff-2021-04,3
8426605ffffffff-2021-05,5
8426605ffffffff-2021-08,5
8426605ffffffff-2022-05,5
8426605ffffffff-2022-07,1
8426605ffffffff-2022-08,8
8426605ffffffff-2022-09,4
8426605ffffffff-2023-04,65
8426605ffffffff-2023-05,2
8426607ffffffff-2012-04,1
8426607ffffffff-2013-05,4
8426607ffffffff-2014-05,8
8426607ffffffff-2014-07,1
8426607ffffffff-2015-04,4
8426607ffffffff-2015-05,5
8426607ffffffff-2015-08,1
8426607ffffffff-2016-03,6
8426607ffffffff-2016-04,3
8426607ffffffff-2017-04,3
8426607ffffffff-2017-05,7
8426607ffffffff-2018-04,5
8426607ffffffff-2018-05,6
8426607ffffffff-2019-04,1
8426607ffffffff-2019-05,12
8426607ffffffff-2020-04,8
8426607ffffffff-2020-05,16
8426607ffffffff-2020-07,3
8426607ffffffff-2020-08,7
8426607ffffffff-2020-09,1
8426607ffffffff-2021-04,1
8426607ffffffff-2021-05,16
8426607ffffffff-2021-08,14
8426607ffffffff-2021-09,25
8426607ffffffff-2021-10,2
8426607ffffffff-2022-04,4
8426607ffffffff-2022-05,17
8426607ffffffff-2022-08,6
8426607ffffffff-2022-09,3
8426607ffffffff-2023-04,3
8426607ffffffff-2023-05,20
8426607ffffffff-2023-08,1
8426609ffffffff-2012-03,25
8426609ffffffff-2012-04,11
8426609ffffffff-2012-05,4
8426609ffffffff-2012-07,2
8426609ffffffff-2012-08,3
8426609ffffffff-2013-04,31
8426609ffffffff-2013-05,17
8426609ffffffff-2013-07,2
8426609ffffffff-2013-08,7
8426609ffffffff-2013-09,1
8426609ffffffff-2013-10,3
8426609ffffffff-2013-11,1
8426609ffffffff-2014-03,1
8426609ffffffff-2014-04,16
8426609ffffffff-2014-05,15
8426609ffffffff-2014-07,2
8426609ffffffff-2014-08,2
8426609ffffffff-2014-10,2
8426609ffffffff-2015-04,13
8426609ffffffff-2015-05,3
8426609ffffffff-2015-06,1
8426609ffffffff-2015-07,6
8426609ffffffff-2015-08,3
8426609ffffffff-2015-09,1
8426609ffffffff-2015-10,2
8426609ffffffff-2016-03,1
8426609ffffffff-2016-04,3
8426609ffffffff-2016-05,3
8426609ffffffff-2016-07,4
8426609ffffffff-2017-03,1
8426609ffffffff-2017-04,19
8426609ffffffff-2017-05,7
8426609ffffffff-2017-07,2
8426609ffffffff-2017-08,6
8426609ffffffff-2017-09,1
8426609ffffffff-2017-10,1
8426609ffffffff-2018-04,8
8426609ffffffff-2018-05,3
8426609ffffffff-2018-09,7
8426609ffffffff-2019-04,4
8426609ffffffff-2019-05,7
8426609ffffffff-2019-07,14
8426609ffffffff-2020-04,4
8426609ffffffff-2020-05,5
8426609ffffffff-2020-08,5
8426609ffffffff-2020-09,8
8426609ffffffff-2021-04,18
8426609ffffffff-2021-05,23
8426609ffffffff-2021-07,7
8426609ffffffff-2021-08,11
8426609ffffffff-2022-04,5
8426609ffffffff-2022-05,54
8426609ffffffff-2022-06,3
8426609ffffffff-2022-07,22
8426609ffffffff-2022-08,27
8426609ffffffff-2023-04,17
8426609ffffffff-2023-05,28
8426609ffffffff-2023-07,3
8426609ffffffff-2023-08,8
8426609ffffffff-2023-09,3
8426609ffffffff-2023-10,2
842660bffffffff-2012-03,3
842660bffffffff-2012-04,13
842660bffffffff-2012-05,1
842660bffffffff-2012-07,4
842660bffffffff-2013-04,6
842660bffffffff-2013-05,1
842660bffffffff-2013-07,5
842660bffffffff-2013-08,11
842660bffffffff-2014-04,3
842660bffffffff-2014-05,2
842660bffffffff-2014-07,2
842660bffffffff-2014-08,22
842660bffffffff-2014-10,3
842660bffffffff-2015-03,2
842660bffffffff-2015-04,2
842660bffffffff-2015-07,3
842660bffffffff-2015-08,47
842660bffffffff-2015-09,8
842660bffffffff-2015-10,16
842660bffffffff-2016-03,22
842660bffffffff-2016-04,19
842660bffffffff-2016-05,9
842660bffffffff-2016-07,2
842660bffffffff-2016-08,2
842660bffffffff-2016-09,3
842660bffffffff-2016-10,1
842660bffffffff-2017-03,1
842660bffffffff-2017-04,31
842660bffffffff-2017-05,1
842660bffffffff-2017-06,5
842660bffffffff-2017-07,13
842660bffffffff-2017-08,22
842660bffffffff-2017-09,9
842660bffffffff-2017-10,7
842660bffffffff-2018-04,11
842660bffffffff-2018-05,15
842660bffffffff-2018-08,3
842660bffffffff-2018-10,3
842660bffffffff-2019-04,5
842660bffffffff-2019-05,10
842660bffffffff-2019-07,1
842660bffffffff-2019-08,4
842660bffffffff-2019-09,3
842660bffffffff-2020-04,9
842660bffffffff-2020-07,3
842660bffffffff-2020-08,14
842660bffffffff-2020-09,6
842660bffffffff-2020-10,7
842660bffffffff-2021-04,22
842660bffffffff-2021-05,21
842660bffffffff-2021-07,1
842660bffffffff-2021-08,1
842660bffffffff-2021-09,1
842660bffffffff-2022-04,15
842660bffffffff-2022-05,12
842660bffffffff-2022-07,4
842660bffffffff-2022-08,1
842660bffffffff-2022-09,1
842660bffffffff-2022-10,1
842660bffffffff-2023-04,89
842660bffffffff-2023-05,10
842660bffffffff-2023-08,5
842660bffffffff-2023-09,1
842660bffffffff-2023-10,7
842660bffffffff-2023-11,2
842660dffffffff-2015-08,1
842660dffffffff-2015-09,1
842660dffffffff-2015-10,2
842660dffffffff-2016-09,27
842660dffffffff-2017-04,5
842660dffffffff-2018-04,3
842660dffffffff-2018-05,1
842660dffffffff-2018-08,1
842660dffffffff-2020-04,2
842660dffffffff-2020-09,2
842660dffffffff-2021-08,1
842660dffffffff-2023-08,1
8426611ffffffff-2012-05,1
8426611ffffffff-2016-05,1
8426611ffffffff-2017-04,1
8426611ffffffff-2018-04,3
8426611ffffffff-2021-04,1
8426611ffffffff-2021-09,1
8426611ffffffff-2022-04,1
8426611ffffffff-2022-05,5
8426613ffffffff-2012-05,1
8426613ffffffff-2013-04,3
8426613ffffffff-2014-03,3
8426613ffffffff-2014-04,4
8426613ffffffff-2014-05,1
8426613ffffffff-2015-04,2
8426613ffffffff-2016-03,6
8426613ffffffff-2016-04,9
8426613ffffffff-2016-05,2
8426613ffffffff-2017-03,4
8426613ffffffff-2017-04,7
8426613ffffffff-2017-07,2
8426613ffffffff-2017-08,1
8426613ffffffff-2017-09,3
8426613ffffffff-2018-03,1
8426613ffffffff-2018-04,12
8426613ffffffff-2018-05,1
8426613ffffffff-2019-03,2
8426613ffffffff-2019-04,5
8426613ffffffff-2019-05,1
8426613ffffffff-2020-03,1
8426613ffffffff-2020-04,74
8426613ffffffff-2020-05,5
8426613ffffffff-2020-08,1
8426613ffffffff-2020-11,1
8426613ffffffff-2021-04,37
8426613ffffffff-2021-05,15
8426613ffffffff-2021-07,23
8426613ffffffff-2021-08,6
8426613ffffffff-2022-04,6
8426613ffffffff-2023-03,2
8426613ffffffff-2023-04,17
8426613ffffffff-2023-05,7
8426615ffffffff-2014-04,1
8426615ffffffff-2015-08,2
8426615ffffffff-2015-09,1
8426615ffffffff-2016-05,1
8426615ffffffff-2016-07,5
8426615ffffffff-2016-08,4
8426615ffffffff-2017-04,1
8426615ffffffff-2017-05,4
8426615ffffffff-2018-04,2
8426615ffffffff-2019-04,1
8426615ffffffff-2019-05,1
8426615ffffffff-2020-04,1
8426615ffffffff-2020-05,1
8426615ffffffff-2021-04,1
8426615ffffffff-2021-05,1
8426615ffffffff-2021-09,1
8426615ffffffff-2022-04,1
8426615ffffffff-2022-07,1
8426615ffffffff-2022-08,4
8426615ffffffff-2022-09,4
8426615ffffffff-2022-10,3
8426615ffffffff-2023-05,1
8426615ffffffff-2023-10,10
8426617ffffffff-2012-04,1
8426617ffffffff-2012-08,10
8426617ffffffff-2012-09,12
8426617ffffffff-2012-10,15
8426617ffffffff-2012-11,1
8426617ffffffff-2013-04,3
8426617ffffffff-2013-05,1
8426617ffffffff-2014-05,2
8426617ffffffff-2014-11,1
8426617ffffffff-2015-04,3
8426617ffffffff-2015-05,2
8426617ffffffff-2015-10,1
8426617ffffffff-2016-03,1
8426617ffffffff-2016-05,2
8426617ffffffff-2017-04,2
8426617ffffffff-2017-05,7
8426617ffffffff-2017-08,1
8426617ffffffff-2018-03,1
8426617ffffffff-2018-05,5
8426617ffffffff-2019-04,1
8426617ffffffff-2019-05,7
8426617ffffffff-2020-04,1
8426617ffffffff-2020-05,17
8426617ffffffff-2020-10,3
8426617ffffffff-2021-04,2
8426617ffffffff-2021-05,5
8426617ffffffff-2022-04,2
8426617ffffffff-2023-04,6
8426617ffffffff-2023-05,2
8426617ffffffff-2023-09,1
8426617ffffffff-2023-10,11
8426619ffffffff-2012-04,2
8426619ffffffff-2013-08,1
8426619ffffffff-2014-08,14
8426619ffffffff-2014-09,1
8426619ffffffff-2015-04,1
8426619ffffffff-2015-05,1
8426619ffffffff-2015-08,19
8426619ffffffff-2016-04,1
8426619ffffffff-2016-07,1
8426619ffffffff-2016-08,55
8426619ffffffff-2016-09,2
8426619ffffffff-2017-04,2
8426619ffffffff-2017-07,1
8426619ffffffff-2018-04,3
8426619ffffffff-2018-05,8
8426619ffffffff-2018-08,10
8426619ffffffff-2018-09,22
8426619ffffffff-2019-04,1
8426619ffffffff-2019-08,12
8426619ffffffff-2019-09,15
8426619ffffffff-2020-04,41
8426619ffffffff-2020-05,24
8426619ffffffff-2020-07,4
8426619ffffffff-2020-09,34
8426619ffffffff-2021-04,3
8426619ffffffff-2021-05,16
8426619ffffffff-2021-07,6
8426619ffffffff-2021-08,62
8426619ffffffff-2021-09,1
8426619ffffffff-2021-10,1
8426619ffffffff-2022-04,7
8426619ffffffff-2022-05,22
8426619ffffffff-2022-07,6
8426619ffffffff-2022-08,23
8426619ffffffff-2022-09,2
8426619ffffffff-2022-10,2
8426619ffffffff-2023-04,14
8426619ffffffff-2023-05,9
8426619ffffffff-2023-08,5
8426619ffffffff-2023-09,1
8426619ffffffff-2023-10,1
842661bffffffff-2012-05,2
842661bffffffff-2012-07,20
842661bffffffff-2012-08,25
842661bffffffff-2012-09,29
842661bffffffff-2013-08,15
842661bffffffff-2013-09,26
842661bffffffff-2013-10,7
842661bffffffff-2014-03,2
842661bffffffff-2014-04,1
842661bffffffff-2014-05,6
842661bffffffff-2014-07,5
842661bffffffff-2014-08,4
842661bffffffff-2014-09,3
842661bffffffff-2014-10,14
842661bffffffff-2014-11,3
842661bffffffff-2015-05,7
842661bffffffff-2015-08,2
842661bffffffff-2015-09,5
842661bffffffff-2015-10,4
842661bffffffff-2016-04,6
842661bffffffff-2016-05,7
842661bffffffff-2016-07,2
842661bffffffff-2016-08,9
842661bffffffff-2016-09,1
842661bffffffff-2016-10,1
842661bffffffff-2017-04,17
842661bffffffff-2017-05,1
842661bffffffff-2017-07,3
842661bffffffff-2017-08,3
842661bffffffff-2017-09,57
842661bffffffff-2017-10,19
842661bffffffff-2018-03,1
842661bffffffff-2018-04,6
842661bffffffff-2018-05,3
842661bffffffff-2018-07,53
842661bffffffff-2018-08,26
842661bffffffff-2018-09,26
842661bffffffff-2018-10,7
842661bffffffff-2019-04,7
842661bffffffff-2019-05,9
842661bffffffff-2019-07,1
842661bffffffff-2019-08,45
842661bffffffff-2019-09,10
842661bffffffff-2019-10,16
842661bffffffff-2020-04,42
842661bffffffff-2020-05,55
842661bffffffff-2020-07,2
842661bffffffff-2020-08,15
842661bffffffff-2020-09,94
842661bffffffff-2020-10,119
842661bffffffff-2021-03,8
842661bffffffff-2021-04,39
842661bffffffff-2021-05,38
842661bffffffff-2021-08,210
842661bffffffff-2021-09,150
842661bffffffff-2021-10,66
842661bffffffff-2021-11,2
842661bffffffff-2022-03,5
842661bffffffff-2022-04,69
842661bffffffff-2022-05,28
842661bffffffff-2022-07,31
842661bffffffff-2022-08,24
842661bffffffff-2022-09,119
842661bffffffff-2022-10,118
842661bffffffff-2023-03,3
842661bffffffff-2023-04,35
842661bffffffff-2023-05,59
842661bffffffff-2023-06,1
842661bffffffff-2023-07,23
842661bffffffff-2023-08,3
842661bffffffff-2023-09,69
842661bffffffff-2023-10,85
842661bffffffff-2023-11,2
842661dffffffff-2012-04,4
842661dffffffff-2013-04,5
842661dffffffff-2014-04,3
842661dffffffff-2015-04,1
842661dffffffff-2016-03,1
842661dffffffff-2016-04,2
842661dffffffff-2016-05,1
842661dffffffff-2016-07,3
842661dffffffff-2016-08,2
842661dffffffff-2017-03,1
842661dffffffff-2017-04,11
842661dffffffff-2017-08,2
842661dffffffff-2018-04,21
842661dffffffff-2018-05,3
842661dffffffff-2019-04,5
842661dffffffff-2019-05,2
842661dffffffff-2020-03,1
842661dffffffff-2020-04,31
842661dffffffff-2020-05,16
842661dffffffff-2020-10,1
842661dffffffff-2021-03,1
842661dffffffff-2021-04,23
842661dffffffff-2021-05,5
842661dffffffff-2022-03,2
842661dffffffff-2022-04,13
842661dffffffff-2022-05,7
842661dffffffff-2023-03,6
842661dffffffff-2023-04,1
842661dffffffff-2023-05,1
8426621ffffffff-2012-04,5
8426621ffffffff-2012-05,2
8426621ffffffff-2013-05,1
8426621ffffffff-2013-07,3
8426621ffffffff-2013-09,1
8426621ffffffff-2014-04,4
8426621ffffffff-2014-05,5
8426621ffffffff-2015-04,7
8426621ffffffff-2015-05,13
8426621ffffffff-2016-03,1
8426621ffffffff-2016-04,2
8426621ffffffff-2016-05,20
8426621ffffffff-2017-04,3
8426621ffffffff-2018-04,8
8426621ffffffff-2018-05,23
8426621ffffffff-2018-08,2
8426621ffffffff-2019-04,4
8426621ffffffff-2019-05,8
8426621ffffffff-2020-04,21
8426621ffffffff-2020-05,12
8426621ffffffff-2020-08,1
8426621ffffffff-2020-10,1
8426621ffffffff-2021-04,10
8426621ffffffff-2021-05,13
8426621ffffffff-2021-07,1
8426621ffffffff-2021-08,2
8426621ffffffff-2021-09,2
8426621ffffffff-2021-10,1
8426621ffffffff-2022-04,7
8426621ffffffff-2022-05,15
8426621ffffffff-2022-09,1
8426621ffffffff-2023-04,13
8426621ffffffff-2023-05,13
8426621ffffffff-2023-08,13
8426621ffffffff-2023-09,3
8426623ffffffff-2012-03,1
8426623ffffffff-2012-04,9
8426623ffffffff-2012-05,2
8426623ffffffff-2012-07,3
8426623ffffffff-2012-08,20
8426623ffffffff-2012-09,17
8426623ffffffff-2012-10,3
8426623ffffffff-2013-04,4
8426623ffffffff-2013-09,3
8426623ffffffff-2013-10,3
8426623ffffffff-2014-05,2
8426623ffffffff-2015-05,1
8426623ffffffff-2015-07,1
8426623ffffffff-2016-04,3
8426623ffffffff-2016-05,4
8426623ffffffff-2017-04,5
8426623ffffffff-2017-05,1
8426623ffffffff-2017-08,3
8426623ffffffff-2017-09,1
8426623ffffffff-2017-10,1
8426623ffffffff-2017-11,1
8426623ffffffff-2019-04,3
8426623ffffffff-2019-05,2
8426623ffffffff-2019-07,2
8426623ffffffff-2020-03,1
8426623ffffffff-2020-04,5
8426623ffffffff-2020-05,6
8426623ffffffff-2020-08,4
8426623ffffffff-2020-09,4
8426623ffffffff-2021-03,3
8426623ffffffff-2021-04,1
8426623ffffffff-2021-05,5
8426623ffffffff-2021-07,3
8426623ffffffff-2021-08,2
8426623ffffffff-2022-04,41
8426623ffffffff-2022-05,18
8426623ffffffff-2022-08,1
8426623ffffffff-2022-09,1
8426623ffffffff-2023-04,10
8426623ffffffff-2023-05,14
8426623ffffffff-2023-08,3
8426623ffffffff-2023-10,1
8426625ffffffff-2012-04,3
8426625ffffffff-2012-05,3
8426625ffffffff-2012-06,1
8426625ffffffff-2012-07,4
8426625ffffffff-2012-08,3
8426625ffffffff-2012-09,17
8426625ffffffff-2012-10,3
8426625ffffffff-2013-03,1
8426625ffffffff-2013-04,10
8426625ffffffff-2013-05,7
8426625ffffffff-2013-07,8
8426625ffffffff-2013-08,8
8426625ffffffff-2013-09,1
8426625ffffffff-2014-04,3
8426625ffffffff-2014-05,4
8426625ffffffff-2014-07,1
8426625ffffffff-2014-08,16
8426625ffffffff-2014-09,5
8426625ffffffff-2014-10,1
8426625ffffffff-2015-04,4
8426625ffffffff-2015-05,1
8426625ffffffff-2015-07,3
8426625ffffffff-2015-08,29
8426625ffffffff-2015-09,9
8426625ffffffff-2016-03,1
8426625ffffffff-2016-04,5
8426625ffffffff-2016-05,1
8426625ffffffff-2016-07,15
8426625ffffffff-2016-08,44
8426625ffffffff-2016-09,8
8426625ffffffff-2017-03,3
8426625ffffffff-2017-04,1
8426625ffffffff-2017-05,5
8426625ffffffff-2017-07,2
8426625ffffffff-2017-08,17
8426625ffffffff-2017-09,1
8426625ffffffff-2017-10,2
8426625ffffffff-2018-05,2
8426625ffffffff-2018-07,4
8426625ffffffff-2018-08,11
8426625ffffffff-2019-05,2
8426625ffffffff-2019-07,1
8426625ffffffff-2019-08,27
8426625ffffffff-2019-09,2
8426625ffffffff-2020-04,9
8426625ffffffff-2020-05,11
8426625ffffffff-2020-07,6
8426625ffffffff-2020-08,9
8426625ffffffff-2020-09,5
8426625ffffffff-2021-04,4
8426625ffffffff-2021-05,4
8426625ffffffff-2021-07,21
8426625ffffffff-2021-08,56
8426625ffffffff-2021-09,28
8426625ffffffff-2021-10,2
8426625ffffffff-2022-04,4
8426625ffffffff-2022-05,17
8426625ffffffff-2022-07,10
8426625ffffffff-2022-08,1
8426625ffffffff-2022-09,1
8426625ffffffff-2022-10,5
8426625ffffffff-2023-04,18
8426625ffffffff-2023-05,21
8426625ffffffff-2023-07,4
8426625ffffffff-2023-08,48
8426625ffffffff-2023-09,8
8426625ffffffff-2023-10,5
8426627ffffffff-2015-07,1
8426627ffffffff-2016-07,1
8426627ffffffff-2017-04,1
8426627ffffffff-2017-05,1
8426627ffffffff-2017-11,1
8426627ffffffff-2018-03,1
8426627ffffffff-2018-04,11
8426627ffffffff-2018-05,5
8426627ffffffff-2018-08,2
8426627ffffffff-2018-09,1
8426627ffffffff-2019-03,1
8426627ffffffff-2019-04,1
8426627ffffffff-2019-10,2
8426627ffffffff-2020-04,2
8426627ffffffff-2021-05,2
8426627ffffffff-2021-08,2
8426627ffffffff-2023-05,1
8426629ffffffff-2012-03,2
8426629ffffffff-2012-04,10
8426629ffffffff-2012-05,11
8426629ffffffff-2012-08,13
8426629ffffffff-2012-10,2
8426629ffffffff-2013-04,20
8426629ffffffff-2013-05,8
8426629ffffffff-2013-07,1
8426629ffffffff-2013-08,5
8426629ffffffff-2013-09,7
8426629ffffffff-2013-10,10
8426629ffffffff-2014-03,2
8426629ffffffff-2014-04,9
8426629ffffffff-2014-05,22
8426629ffffffff-2014-08,17
8426629ffffffff-2015-04,9
8426629ffffffff-2015-05,14
8426629ffffffff-2015-07,5
8426629ffffffff-2015-08,50
8426629ffffffff-2015-09,16
8426629ffffffff-2015-10,7
8426629ffffffff-2016-04,44
8426629ffffffff-2016-05,57
8426629ffffffff-2016-06,1
8426629ffffffff-2016-07,39
8426629ffffffff-2016-08,17
8426629ffffffff-2016-09,6
8426629ffffffff-2017-03,4
8426629ffffffff-2017-04,78
8426629ffffffff-2017-05,15
8426629ffffffff-2017-06,1
8426629ffffffff-2017-07,29
8426629ffffffff-2017-08,30
8426629ffffffff-2017-09,11
8426629ffffffff-2017-10,7
8426629ffffffff-2017-11,1
8426629ffffffff-2018-04,16
8426629ffffffff-2018-05,28
8426629ffffffff-2018-08,16
8426629ffffffff-2018-09,30
8426629ffffffff-2018-10,11
8426629ffffffff-2019-04,12
8426629ffffffff-2019-05,10
8426629ffffffff-2019-07,1
8426629ffffffff-2019-08,4
8426629ffffffff-2019-09,1
8426629ffffffff-2019-10,3
8426629ffffffff-2020-04,22
8426629ffffffff-2020-05,17
8426629ffffffff-2020-07,6
8426629ffffffff-2020-08,2
8426629ffffffff-2020-09,26
8426629ffffffff-2021-04,16
8426629ffffffff-2021-05,26
8426629ffffffff-2021-07,12
8426629ffffffff-2021-08,37
8426629ffffffff-2021-09,7
8426629ffffffff-2021-10,12
8426629ffffffff-2022-04,13
8426629ffffffff-2022-05,49
8426629ffffffff-2022-07,6
8426629ffffffff-2022-08,21
8426629ffffffff-2022-09,7
8426629ffffffff-2022-10,2
8426629ffffffff-2023-04,37
8426629ffffffff-2023-05,18
8426629ffffffff-2023-07,8
8426629ffffffff-2023-08,23
8426629ffffffff-2023-09,12
8426629ffffffff-2023-10,4
842662bffffffff-2012-04,6
842662bffffffff-2012-05,1
842662bffffffff-2012-08,1
842662bffffffff-2012-09,2
842662bffffffff-2012-10,7
842662bffffffff-2013-04,1
842662bffffffff-2013-09,4
842662bffffffff-2013-10,3
842662bffffffff-2014-04,2
842662bffffffff-2014-05,3
842662bffffffff-2014-09,1
842662bffffffff-2015-04,1
842662bffffffff-2015-05,3
842662bffffffff-2015-08,1
842662bffffffff-2015-09,1
842662bffffffff-2016-04,10
842662bffffffff-2016-05,4
842662bffffffff-2017-03,2
842662bffffffff-2017-04,3
842662bffffffff-2017-07,1
842662bffffffff-2017-08,3
842662bffffffff-2017-09,10
842662bffffffff-2017-10,2
842662bffffffff-2018-04,8
842662bffffffff-2018-05,4
842662bffffffff-2018-07,1
842662bffffffff-2018-08,1
842662bffffffff-2019-04,2
842662bffffffff-2019-05,4
842662bffffffff-2019-08,2
842662bffffffff-2020-04,1
842662bffffffff-2020-05,4
842662bffffffff-2020-09,5
842662bffffffff-2020-10,8
842662bffffffff-2020-11,1
842662bffffffff-2021-04,4
842662bffffffff-2021-05,14
842662bffffffff-2021-07,5
842662bffffffff-2021-08,9
842662bffffffff-2022-04,3
842662bffffffff-2022-05,3
842662bffffffff-2022-08,4
842662bffffffff-2022-09,10
842662bffffffff-2022-10,3
842662bffffffff-2023-04,2
842662bffffffff-2023-05,3
842662bffffffff-2023-08,1
842662bffffffff-2023-09,1
842662bffffffff-2023-10,1
842662dffffffff-2012-03,1
842662dffffffff-2012-04,2
842662dffffffff-2012-05,1
842662dffffffff-2012-07,5
842662dffffffff-2012-08,2
842662dffffffff-2013-04,10
842662dffffffff-2013-05,8
842662dffffffff-2013-08,2
842662dffffffff-2013-09,1
842662dffffffff-2014-04,6
842662dffffffff-2014-05,7
842662dffffffff-2014-08,2
842662dffffffff-2014-09,1
842662dffffffff-2014-10,4
842662dffffffff-2015-04,22
842662dffffffff-2015-05,13
842662dffffffff-2015-07,6
842662dffffffff-2015-08,8
842662dffffffff-2015-09,6
842662dffffffff-2016-04,6
842662dffffffff-2016-05,1
842662dffffffff-2016-07,2
842662dffffffff-2016-08,2
842662dffffffff-2016-10,3
842662dffffffff-2017-03,9
842662dffffffff-2017-04,6
842662dffffffff-2017-05,4
842662dffffffff-2017-07,2
842662dffffffff-2017-08,10
842662dffffffff-2017-09,8
842662dffffffff-2018-04,22
842662dffffffff-2018-05,12
842662dffffffff-2018-07,1
842662dffffffff-2018-08,2
842662dffffffff-2018-09,1
842662dffffffff-2018-10,4
842662dffffffff-2019-05,5
842662dffffffff-2019-07,9
842662dffffffff-2020-04,6
842662dffffffff-2020-05,1
842662dffffffff-2020-07,1
842662dffffffff-2020-08,8
842662dffffffff-2020-09,3
842662dffffffff-2020-11,2
842662dffffffff-2021-04,1
842662dffffffff-2021-05,10
842662dffffffff-2021-07,2
842662dffffffff-2021-08,9
842662dffffffff-2021-09,3
842662dffffffff-2022-04,29
842662dffffffff-2022-05,7
842662dffffffff-2022-08,13
842662dffffffff-2022-09,7
842662dffffffff-2022-10,1
842662dffffffff-2023-04,8
842662dffffffff-2023-05,8
842662dffffffff-2023-07,6
842662dffffffff-2023-08,7
842662dffffffff-2023-09,15
842662dffffffff-2023-10,4
842662dffffffff-2023-11,1
8426631ffffffff-2012-04,17
8426631ffffffff-2012-08,1
8426631ffffffff-2013-04,3
8426631ffffffff-2013-05,5
8426631ffffffff-2013-08,6
8426631ffffffff-2013-09,2
8426631ffffffff-2013-10,1
8426631ffffffff-2013-11,1
8426631ffffffff-2014-04,7
8426631ffffffff-2014-05,4
8426631ffffffff-2014-08,2
8426631ffffffff-2014-10,1
8426631ffffffff-2015-04,4
8426631ffffffff-2015-05,5
8426631ffffffff-2015-07,14
8426631ffffffff-2015-08,7
8426631ffffffff-2015-10,11
8426631ffffffff-2016-03,1
8426631ffffffff-2016-04,9
8426631ffffffff-2016-05,4
8426631ffffffff-2016-08,1
8426631ffffffff-2016-09,1
8426631ffffffff-2017-03,4
8426631ffffffff-2017-04,11
8426631ffffffff-2017-05,2
8426631ffffffff-2017-07,1
8426631ffffffff-2017-08,5
8426631ffffffff-2017-09,2
8426631ffffffff-2017-10,2
8426631ffffffff-2018-04,27
8426631ffffffff-2018-05,4
8426631ffffffff-2018-07,1
8426631ffffffff-2018-08,2
8426631ffffffff-2018-09,4
8426631ffffffff-2018-10,5
8426631ffffffff-2019-04,5
8426631ffffffff-2019-05,2
8426631ffffffff-2019-07,2
8426631ffffffff-2019-08,2
8426631ffffffff-2019-09,1
8426631ffffffff-2020-04,10
8426631ffffffff-2020-05,5
8426631ffffffff-2020-07,1
8426631ffffffff-2020-08,2
8426631ffffffff-2020-09,4
8426631ffffffff-2021-04,3
8426631ffffffff-2021-05,4
8426631ffffffff-2021-07,11
8426631ffffffff-2021-08,2
8426631ffffffff-2021-09,1
8426631ffffffff-2022-04,14
8426631ffffffff-2022-05,5
8426631ffffffff-2022-08,2
8426631ffffffff-2022-10,2
8426631ffffffff-2023-04,16
8426631ffffffff-2023-05,3
8426631ffffffff-2023-07,4
8426631ffffffff-2023-08,1
8426631ffffffff-2023-09,1
8426633ffffffff-2017-03,1
8426633ffffffff-2020-05,1
8426633ffffffff-2021-04,6
8426633ffffffff-2021-05,7
8426633ffffffff-2021-08,1
8426633ffffffff-2021-09,4
8426633ffffffff-2021-10,1
8426633ffffffff-2022-04,3
8426633ffffffff-2022-05,2
8426633ffffffff-2022-10,1
8426633ffffffff-2023-05,1
8426635ffffffff-2013-04,12
8426635ffffffff-2013-05,4
8426635ffffffff-2013-08,5
8426635ffffffff-2013-09,3
8426635ffffffff-2013-10,3
8426635ffffffff-2014-03,3
8426635ffffffff-2014-04,9
8426635ffffffff-2014-05,5
8426635ffffffff-2015-04,15
8426635ffffffff-2015-05,3
8426635ffffffff-2015-08,13
8426635ffffffff-2015-09,2
8426635ffffffff-2015-10,20
8426635ffffffff-2015-11,3
8426635ffffffff-2016-03,1
8426635ffffffff-2016-04,12
8426635ffffffff-2016-05,5
8426635ffffffff-2017-03,1
8426635ffffffff-2017-04,14
8426635ffffffff-2017-05,3
8426635ffffffff-2017-08,22
8426635ffffffff-2017-09,7
8426635ffffffff-2018-04,5
8426635ffffffff-2018-07,4
8426635ffffffff-2018-10,1
8426635ffffffff-2019-03,1
8426635ffffffff-2019-04,8
8426635ffffffff-2019-05,11
8426635ffffffff-2019-08,1
8426635ffffffff-2019-09,3
8426635ffffffff-2019-10,1
8426635ffffffff-2020-04,1
8426635ffffffff-2020-05,1
8426635ffffffff-2020-08,13
8426635ffffffff-2020-09,39
8426635ffffffff-2020-10,3
8426635ffffffff-2020-11,3
8426635ffffffff-2021-03,1
8426635ffffffff-2021-04,65
8426635ffffffff-2021-05,30
8426635ffffffff-2021-08,1
8426635ffffffff-2021-09,5
8426635ffffffff-2021-10,3
8426635ffffffff-2022-04,36
8426635ffffffff-2022-05,3
8426635ffffffff-2022-07,3
8426635ffffffff-2022-08,2
8426635ffffffff-2022-09,2
8426635ffffffff-2022-10,1
8426635ffffffff-2023-04,4
8426635ffffffff-2023-05,6
8426635ffffffff-2023-07,4
8426635ffffffff-2023-08,9
8426635ffffffff-2023-09,2
8426637ffffffff-2013-04,1
8426637ffffffff-2016-09,2
8426637ffffffff-2016-10,1
8426637ffffffff-2018-04,2
8426637ffffffff-2019-05,1
8426637ffffffff-2020-05,1
8426637ffffffff-2021-05,2
8426637ffffffff-2021-07,2
8426637ffffffff-2021-08,2
8426637ffffffff-2022-04,1
8426637ffffffff-2022-05,1
8426637ffffffff-2023-07,1
8426639ffffffff-2013-04,1
8426639ffffffff-2017-04,5
8426639ffffffff-2019-04,2
8426639ffffffff-2019-07,1
8426639ffffffff-2019-08,1
8426639ffffffff-2020-03,1
8426639ffffffff-2020-04,26
8426639ffffffff-2020-05,8
8426639ffffffff-2020-08,6
8426639ffffffff-2020-09,9
8426639ffffffff-2020-10,1
8426639ffffffff-2020-11,1
8426639ffffffff-2021-04,4
8426639ffffffff-2021-07,6
8426639ffffffff-2021-08,13
8426639ffffffff-2022-04,2
8426639ffffffff-2022-05,2
8426639ffffffff-2022-08,4
8426639ffffffff-2023-04,1
8426639ffffffff-2023-08,1
842663bffffffff-2012-03,2
842663bffffffff-2012-04,3
842663bffffffff-2012-05,1
842663bffffffff-2012-10,3
842663bffffffff-2013-04,7
842663bffffffff-2013-05,2
842663bffffffff-2013-09,1
842663bffffffff-2013-10,3
842663bffffffff-2013-11,1
842663bffffffff-2014-03,1
842663bffffffff-2014-04,12
842663bffffffff-2014-07,1
842663bffffffff-2014-08,1
842663bffffffff-2014-09,5
842663bffffffff-2015-04,3
842663bffffffff-2015-05,5
842663bffffffff-2015-08,8
842663bffffffff-2015-09,3
842663bffffffff-2015-10,1
842663bffffffff-2015-11,1
842663bffffffff-2016-03,1
842663bffffffff-2016-04,9
842663bffffffff-2016-05,6
842663bffffffff-2016-08,1
842663bffffffff-2016-09,2
842663bffffffff-2016-11,1
842663bffffffff-2017-04,14
842663bffffffff-2017-07,3
842663bffffffff-2017-09,1
842663bffffffff-2017-11,1
842663bffffffff-2018-04,4
842663bffffffff-2018-05,4
842663bffffffff-2018-09,1
842663bffffffff-2019-04,5
842663bffffffff-2019-05,1
842663bffffffff-2019-07,1
842663bffffffff-2020-04,11
842663bffffffff-2020-05,12
842663bffffffff-2020-10,4
842663bffffffff-2021-03,4
842663bffffffff-2021-04,8
842663bffffffff-2021-05,7
842663bffffffff-2021-06,1
842663bffffffff-2021-07,20
842663bffffffff-2021-08,12
842663bffffffff-2021-09,6
842663bffffffff-2021-10,1
842663bffffffff-2022-04,3
842663bffffffff-2022-05,3
842663bffffffff-2022-06,1
842663bffffffff-2022-08,9
842663bffffffff-2022-09,7
842663bffffffff-2022-10,1
842663bffffffff-2023-04,12
842663bffffffff-2023-05,5
842663dffffffff-2012-05,2
842663dffffffff-2012-08,2
842663dffffffff-2012-09,8
842663dffffffff-2013-04,5
842663dffffffff-2013-05,4
842663dffffffff-2013-08,2
842663dffffffff-2014-04,34
842663dffffffff-2014-05,13
842663dffffffff-2014-08,9
842663dffffffff-2014-09,3
842663dffffffff-2015-04,17
842663dffffffff-2015-05,40
842663dffffffff-2016-04,3
842663dffffffff-2016-05,1
842663dffffffff-2017-03,1
842663dffffffff-2017-04,11
842663dffffffff-2017-05,13
842663dffffffff-2017-08,4
842663dffffffff-2018-04,33
842663dffffffff-2018-05,6
842663dffffffff-2018-07,3
842663dffffffff-2019-04,10
842663dffffffff-2019-05,43
842663dffffffff-2019-07,6
842663dffffffff-2020-03,2
842663dffffffff-2020-04,39
842663dffffffff-2020-05,46
842663dffffffff-2020-09,1
842663dffffffff-2020-10,2
842663dffffffff-2021-04,21
842663dffffffff-2021-05,11
842663dffffffff-2021-08,2
842663dffffffff-2021-09,2
842663dffffffff-2022-04,68
842663dffffffff-2022-05,68
842663dffffffff-2022-07,21
842663dffffffff-2022-08,26
842663dffffffff-2022-09,5
842663dffffffff-2023-04,38
842663dffffffff-2023-05,8
842663dffffffff-2023-08,45
842663dffffffff-2023-09,5
8426641ffffffff-2012-04,16
8426641ffffffff-2012-05,10
8426641ffffffff-2012-06,1
8426641ffffffff-2012-07,16
8426641ffffffff-2012-08,31
8426641ffffffff-2012-09,13
8426641ffffffff-2012-10,1
8426641ffffffff-2013-04,14
8426641ffffffff-2013-05,20
8426641ffffffff-2013-06,1
8426641ffffffff-2013-07,14
8426641ffffffff-2013-08,20
8426641ffffffff-2013-09,14
8426641ffffffff-2013-10,2
8426641ffffffff-2014-04,12
8426641ffffffff-2014-05,38
8426641ffffffff-2014-07,14
8426641ffffffff-2014-08,17
8426641ffffffff-2014-09,3
8426641ffffffff-2015-04,5
8426641ffffffff-2015-05,50
8426641ffffffff-2015-07,3
8426641ffffffff-2015-08,34
8426641ffffffff-2015-09,4
8426641ffffffff-2015-10,2
8426641ffffffff-2016-03,1
8426641ffffffff-2016-04,29
8426641ffffffff-2016-05,98
8426641ffffffff-2016-06,2
8426641ffffffff-2016-07,45
8426641ffffffff-2016-08,68
8426641ffffffff-2016-09,7
8426641ffffffff-2016-10,3
8426641ffffffff-2017-03,5
8426641ffffffff-2017-04,36
8426641ffffffff-2017-05,15
8426641ffffffff-2017-06,1
8426641ffffffff-2017-07,15
8426641ffffffff-2017-08,63
8426641ffffffff-2017-09,41
8426641ffffffff-2017-10,24
8426641ffffffff-2018-04,18
8426641ffffffff-2018-05,49
8426641ffffffff-2018-06,1
8426641ffffffff-2018-07,2
8426641ffffffff-2018-08,66
8426641ffffffff-2018-09,46
8426641ffffffff-2018-10,8
8426641ffffffff-2019-04,11
8426641ffffffff-2019-05,11
8426641ffffffff-2019-06,1
8426641ffffffff-2019-07,2
8426641ffffffff-2019-08,35
8426641ffffffff-2019-09,25
8426641ffffffff-2020-04,31
8426641ffffffff-2020-05,41
8426641ffffffff-2020-07,15
8426641ffffffff-2020-08,119
8426641ffffffff-2020-09,54
8426641ffffffff-2020-10,25
8426641ffffffff-2021-03,16
8426641ffffffff-2021-04,200
8426641ffffffff-2021-05,247
8426641ffffffff-2021-07,3
8426641ffffffff-2021-08,59
8426641ffffffff-2021-09,110
8426641ffffffff-2021-10,62
8426641ffffffff-2022-04,47
8426641ffffffff-2022-05,84
8426641ffffffff-2022-06,8
8426641ffffffff-2022-07,32
8426641ffffffff-2022-08,174
8426641ffffffff-2022-09,116
8426641ffffffff-2022-10,38
8426641ffffffff-2023-04,47
8426641ffffffff-2023-05,212
8426641ffffffff-2023-06,1
8426641ffffffff-2023-07,9
8426641ffffffff-2023-08,63
8426641ffffffff-2023-09,24
8426641ffffffff-2023-10,7
8426641ffffffff-2023-11,2
8426643ffffffff-2013-04,7
8426643ffffffff-2013-05,2
8426643ffffffff-2014-04,1
8426643ffffffff-2014-05,1
8426643ffffffff-2015-07,2
8426643ffffffff-2015-08,1
8426643ffffffff-2015-09,1
8426643ffffffff-2016-05,1
8426643ffffffff-2017-04,4
8426643ffffffff-2017-05,2
8426643ffffffff-2017-07,1
8426643ffffffff-2018-04,1
8426643ffffffff-2019-07,5
8426643ffffffff-2019-08,1
8426643ffffffff-2020-04,2
8426643ffffffff-2020-08,3
8426643ffffffff-2020-09,1
8426643ffffffff-2020-11,2
8426643ffffffff-2021-05,2
8426643ffffffff-2021-07,2
8426643ffffffff-2022-04,1
8426643ffffffff-2022-08,2
8426643ffffffff-2023-04,39
8426643ffffffff-2023-05,3
8426643ffffffff-2023-07,4
8426643ffffffff-2023-08,7
8426643ffffffff-2023-09,7
8426643ffffffff-2023-10,1
8426643ffffffff-2023-11,1
8426645ffffffff-2012-03,8
8426645ffffffff-2012-04,34
8426645ffffffff-2012-05,14
8426645ffffffff-2012-06,3
8426645ffffffff-2012-07,27
8426645ffffffff-2012-08,15
8426645ffffffff-2012-09,4
8426645ffffffff-2012-10,1
8426645ffffffff-2013-04,28
8426645ffffffff-2013-05,9
8426645ffffffff-2013-07,41
8426645ffffffff-2013-08,84
8426645ffffffff-2013-09,8
8426645ffffffff-2013-10,2
8426645ffffffff-2014-04,40
8426645ffffffff-2014-05,40
8426645ffffffff-2014-07,10
8426645ffffffff-2014-08,28
8426645ffffffff-2014-09,11
8426645ffffffff-2014-10,1
8426645ffffffff-2015-04,29
8426645ffffffff-2015-05,33
8426645ffffffff-2015-06,1
8426645ffffffff-2015-07,4
8426645ffffffff-2015-08,59
8426645ffffffff-2015-09,10
8426645ffffffff-2015-10,9
8426645ffffffff-2016-04,35
8426645ffffffff-2016-05,44
8426645ffffffff-2016-07,15
8426645ffffffff-2016-08,32
8426645ffffffff-2016-09,12
8426645ffffffff-2017-03,1
8426645ffffffff-2017-04,31
8426645ffffffff-2017-05,4
8426645ffffffff-2017-07,19
8426645ffffffff-2017-08,41
8426645ffffffff-2017-09,6
8426645ffffffff-2017-10,7
8426645ffffffff-2018-04,53
8426645ffffffff-2018-05,37
8426645ffffffff-2018-07,33
8426645ffffffff-2018-08,44
8426645ffffffff-2018-09,12
8426645ffffffff-2018-10,5
8426645ffffffff-2019-04,19
8426645ffffffff-2019-05,9
8426645ffffffff-2019-07,16
8426645ffffffff-2019-08,107
8426645ffffffff-2019-09,4
8426645ffffffff-2019-10,9
8426645ffffffff-2020-04,90
8426645ffffffff-2020-05,76
8426645ffffffff-2020-07,28
8426645ffffffff-2020-08,176
8426645ffffffff-2020-09,120
8426645ffffffff-2020-10,76
8426645ffffffff-2020-11,5
8426645ffffffff-2021-04,83
8426645ffffffff-2021-05,120
8426645ffffffff-2021-06,2
8426645ffffffff-2021-07,8
8426645ffffffff-2021-08,419
8426645ffffffff-2021-09,157
8426645ffffffff-2021-10,23
8426645ffffffff-2022-04,20
8426645ffffffff-2022-05,33
8426645ffffffff-2022-06,2
8426645ffffffff-2022-07,21
8426645ffffffff-2022-08,49
8426645ffffffff-2022-09,34
8426645ffffffff-2022-10,12
8426645ffffffff-2023-04,80
8426645ffffffff-2023-05,144
8426645ffffffff-2023-07,29
8426645ffffffff-2023-08,72
8426645ffffffff-2023-09,82
8426645ffffffff-2023-10,41
8426647ffffffff-2012-04,9
8426647ffffffff-2012-05,3
8426647ffffffff-2012-06,5
8426647ffffffff-2012-07,23
8426647ffffffff-2012-08,17
8426647ffffffff-2012-09,4
8426647ffffffff-2013-04,7
8426647ffffffff-2013-05,11
8426647ffffffff-2013-07,8
8426647ffffffff-2013-08,2
8426647ffffffff-2014-03,3
8426647ffffffff-2014-04,19
8426647ffffffff-2014-05,12
8426647ffffffff-2014-07,11
8426647ffffffff-2014-08,15
8426647ffffffff-2014-09,3
8426647ffffffff-2014-10,1
8426647ffffffff-2015-04,25
8426647ffffffff-2015-05,21
8426647ffffffff-2015-06,1
8426647ffffffff-2015-07,36
8426647ffffffff-2015-08,49
8426647ffffffff-2015-09,14
8426647ffffffff-2015-10,2
8426647ffffffff-2016-03,1
8426647ffffffff-2016-04,28
8426647ffffffff-2016-05,40
8426647ffffffff-2016-06,2
8426647ffffffff-2016-07,26
8426647ffffffff-2016-08,65
8426647ffffffff-2016-09,35
8426647ffffffff-2016-10,28
8426647ffffffff-2016-11,12
8426647ffffffff-2017-03,8
8426647ffffffff-2017-04,101
8426647ffffffff-2017-05,33
8426647ffffffff-2017-06,1
8426647ffffffff-2017-07,17
8426647ffffffff-2017-08,35
8426647ffffffff-2017-09,16
8426647ffffffff-2017-10,2
8426647ffffffff-2018-04,57
8426647ffffffff-2018-05,19
8426647ffffffff-2018-06,1
8426647ffffffff-2018-07,18
8426647ffffffff-2018-08,23
8426647ffffffff-2018-09,7
8426647ffffffff-2018-10,2
8426647ffffffff-2019-04,40
8426647ffffffff-2019-05,56
8426647ffffffff-2019-07,31
8426647ffffffff-2019-08,27
8426647ffffffff-2019-09,20
8426647ffffffff-2019-10,11
8426647ffffffff-2020-04,81
8426647ffffffff-2020-05,96
8426647ffffffff-2020-06,2
8426647ffffffff-2020-07,20
8426647ffffffff-2020-08,22
8426647ffffffff-2020-09,2
8426647ffffffff-2020-10,4
8426647ffffffff-2020-11,2
8426647ffffffff-2021-04,38
8426647ffffffff-2021-05,27
8426647ffffffff-2021-07,11
8426647ffffffff-2021-08,13
8426647ffffffff-2021-09,8
8426647ffffffff-2021-10,5
8426647ffffffff-2022-04,26
8426647ffffffff-2022-05,31
8426647ffffffff-2022-07,1
8426647ffffffff-2022-08,7
8426647ffffffff-2022-09,5
8426647ffffffff-2022-11,5
8426647ffffffff-2023-03,3
8426647ffffffff-2023-04,23
8426647ffffffff-2023-05,9
8426647ffffffff-2023-06,5
8426647ffffffff-2023-07,19
8426647ffffffff-2023-08,21
8426647ffffffff-2023-09,15
8426647ffffffff-2023-10,1
8426649ffffffff-2012-03,1
8426649ffffffff-2012-04,4
8426649ffffffff-2012-05,3
8426649ffffffff-2013-04,1
8426649ffffffff-2013-08,1
8426649ffffffff-2014-04,2
8426649ffffffff-2014-05,2
8426649ffffffff-2014-07,1
8426649ffffffff-2015-09,1
8426649ffffffff-2016-04,1
8426649ffffffff-2016-05,5
8426649ffffffff-2016-07,3
8426649ffffffff-2016-08,2
8426649ffffffff-2017-04,1
8426649ffffffff-2017-08,4
8426649ffffffff-2018-05,5
8426649ffffffff-2018-08,3
8426649ffffffff-2018-09,1
8426649ffffffff-2019-07,1
8426649ffffffff-2019-08,2
8426649ffffffff-2019-09,1
8426649ffffffff-2020-08,1
8426649ffffffff-2020-10,1
8426649ffffffff-2021-04,7
8426649ffffffff-2021-05,33
8426649ffffffff-2021-07,2
8426649ffffffff-2021-08,16
8426649ffffffff-2021-09,4
8426649ffffffff-2022-04,3
8426649ffffffff-2022-05,12
8426649ffffffff-2022-07,1
8426649ffffffff-2022-08,18
8426649ffffffff-2022-09,8
8426649ffffffff-2022-10,4
8426649ffffffff-2023-04,3
8426649ffffffff-2023-05,153
8426649ffffffff-2023-08,3
842664bffffffff-2012-04,8
842664bffffffff-2012-08,8
842664bffffffff-2013-04,5
842664bffffffff-2014-03,1
842664bffffffff-2014-04,8
842664bffffffff-2014-05,5
842664bffffffff-2014-07,5
842664bffffffff-2014-08,3
842664bffffffff-2014-09,6
842664bffffffff-2015-03,3
842664bffffffff-2015-04,26
842664bffffffff-2015-05,5
842664bffffffff-2015-07,4
842664bffffffff-2015-10,39
842664bffffffff-2015-11,5
842664bffffffff-2016-03,11
842664bffffffff-2016-04,24
842664bffffffff-2016-05,62
842664bffffffff-2016-06,2
842664bffffffff-2016-07,8
842664bffffffff-2016-08,12
842664bffffffff-2016-09,3
842664bffffffff-2016-10,2
842664bffffffff-2017-03,3
842664bffffffff-2017-04,81
842664bffffffff-2017-05,33
842664bffffffff-2017-06,1
842664bffffffff-2017-07,26
842664bffffffff-2017-08,18
842664bffffffff-2017-09,2
842664bffffffff-2018-03,2
842664bffffffff-2018-04,33
842664bffffffff-2018-05,11
842664bffffffff-2019-04,17
842664bffffffff-2019-05,20
842664bffffffff-2019-07,11
842664bffffffff-2019-08,11
842664bffffffff-2020-04,20
842664bffffffff-2020-05,34
842664bffffffff-2021-04,9
842664bffffffff-2021-05,32
842664bffffffff-2021-07,1
842664bffffffff-2021-08,1
842664bffffffff-2022-03,1
842664bffffffff-2022-04,19
842664bffffffff-2022-05,17
842664bffffffff-2022-08,1
842664bffffffff-2023-03,1
842664bffffffff-2023-04,26
842664bffffffff-2023-05,2
842664dffffffff-2012-04,8
842664dffffffff-2012-05,9
842664dffffffff-2012-07,21
842664dffffffff-2012-08,13
842664dffffffff-2012-09,4
842664dffffffff-2012-10,1
842664dffffffff-2013-04,8
842664dffffffff-2013-05,13
842664dffffffff-2013-07,1
842664dffffffff-2013-08,9
842664dffffffff-2014-04,7
842664dffffffff-2014-05,22
842664dffffffff-2014-06,1
842664dffffffff-2014-07,2
842664dffffffff-2014-08,27
842664dffffffff-2014-09,2
842664dffffffff-2015-04,2
842664dffffffff-2015-05,91
842664dffffffff-2015-08,6
842664dffffffff-2015-09,3
842664dffffffff-2016-04,6
842664dffffffff-2016-05,17
842664dffffffff-2016-07,2
842664dffffffff-2016-08,15
842664dffffffff-2016-09,2
842664dffffffff-2016-10,3
842664dffffffff-2016-11,2
842664dffffffff-2017-04,15
842664dffffffff-2017-05,4
842664dffffffff-2017-07,5
842664dffffffff-2017-08,23
842664dffffffff-2017-09,4
842664dffffffff-2017-10,4
842664dffffffff-2018-04,28
842664dffffffff-2018-05,101
842664dffffffff-2018-07,3
842664dffffffff-2018-08,27
842664dffffffff-2018-09,14
842664dffffffff-2018-10,5
842664dffffffff-2019-04,2
842664dffffffff-2019-05,22
842664dffffffff-2019-07,52
842664dffffffff-2019-08,132
842664dffffffff-2019-09,5
842664dffffffff-2019-10,5
842664dffffffff-2020-04,34
842664dffffffff-2020-05,49
842664dffffffff-2020-07,58
842664dffffffff-2020-08,86
842664dffffffff-2020-09,26
842664dffffffff-2020-10,3
842664dffffffff-2021-03,2
842664dffffffff-2021-04,20
842664dffffffff-2021-05,39
842664dffffffff-2021-07,5
842664dffffffff-2021-08,120
842664dffffffff-2021-09,9
842664dffffffff-2021-10,10
842664dffffffff-2022-04,17
842664dffffffff-2022-05,64
842664dffffffff-2022-07,5
842664dffffffff-2022-08,35
842664dffffffff-2022-09,55
842664dffffffff-2022-10,3
842664dffffffff-2022-11,1
842664dffffffff-2023-04,17
842664dffffffff-2023-05,47
842664dffffffff-2023-06,1
842664dffffffff-2023-07,33
842664dffffffff-2023-08,44
842664dffffffff-2023-09,10
842664dffffffff-2023-10,8
8426651ffffffff-2012-04,10
8426651ffffffff-2012-05,1
8426651ffffffff-2012-06,2
8426651ffffffff-2012-07,1
8426651ffffffff-2013-04,4
8426651ffffffff-2013-05,7
8426651ffffffff-2013-08,5
8426651ffffffff-2013-09,10
8426651ffffffff-2013-10,2
8426651ffffffff-2013-11,1
8426651ffffffff-2014-04,15
8426651ffffffff-2014-05,5
8426651ffffffff-2014-07,5
8426651ffffffff-2014-08,6
8426651ffffffff-2015-03,3
8426651ffffffff-2015-04,13
8426651ffffffff-2015-05,1
8426651ffffffff-2016-04,1
8426651ffffffff-2016-05,5
8426651ffffffff-2017-04,1
8426651ffffffff-2017-08,1
8426651ffffffff-2018-05,2
8426651ffffffff-2019-05,3
8426651ffffffff-2020-05,2
8426651ffffffff-2023-04,1
8426653ffffffff-2017-04,1
8426653ffffffff-2017-07,1
8426653ffffffff-2018-04,1
8426653ffffffff-2019-04,1
8426653ffffffff-2021-07,1
8426653ffffffff-2022-04,2
8426653ffffffff-2022-09,1
8426655ffffffff-2015-08,4
8426655ffffffff-2016-04,3
8426655ffffffff-2018-04,2
8426655ffffffff-2018-05,1
8426655ffffffff-2019-04,1
8426655ffffffff-2019-05,1
8426655ffffffff-2022-08,1
8426655ffffffff-2023-04,1
8426655ffffffff-2023-07,1
8426657ffffffff-2012-03,13
8426657ffffffff-2012-04,45
8426657ffffffff-2012-05,25
8426657ffffffff-2012-06,1
8426657ffffffff-2012-08,2
8426657ffffffff-2013-05,10
8426657ffffffff-2014-04,4
8426657ffffffff-2014-05,10
8426657ffffffff-2014-08,1
8426657ffffffff-2015-05,4
8426657ffffffff-2015-08,7
8426657ffffffff-2015-09,7
8426657ffffffff-2016-04,2
8426657ffffffff-2016-05,1
8426657ffffffff-2016-07,2
8426657ffffffff-2016-08,27
8426657ffffffff-2016-09,16
8426657ffffffff-2016-10,10
8426657ffffffff-2017-04,9
8426657ffffffff-2017-05,2
8426657ffffffff-2017-07,2
8426657ffffffff-2017-08,16
8426657ffffffff-2017-10,7
8426657ffffffff-2017-11,2
8426657ffffffff-2018-04,11
8426657ffffffff-2018-05,8
8426657ffffffff-2018-07,6
8426657ffffffff-2018-08,6
8426657ffffffff-2018-10,1
8426657ffffffff-2019-04,1
8426657ffffffff-2019-05,4
8426657ffffffff-2019-08,9
8426657ffffffff-2020-04,46
8426657ffffffff-2020-05,15
8426657ffffffff-2020-07,1
8426657ffffffff-2020-08,4
8426657ffffffff-2020-09,8
8426657ffffffff-2020-10,45
8426657ffffffff-2020-11,2
8426657ffffffff-2021-04,65
8426657ffffffff-2021-05,20
8426657ffffffff-2021-06,1
8426657ffffffff-2021-08,20
8426657ffffffff-2021-09,68
8426657ffffffff-2021-10,3
8426657ffffffff-2022-04,5
8426657ffffffff-2022-05,15
8426657ffffffff-2022-06,1
8426657ffffffff-2022-07,4
8426657ffffffff-2022-08,16
8426657ffffffff-2022-09,2
8426657ffffffff-2022-10,2
8426657ffffffff-2023-04,39
8426657ffffffff-2023-05,27
8426657ffffffff-2023-06,1
8426657ffffffff-2023-07,4
8426657ffffffff-2023-08,1
8426657ffffffff-2023-09,13
8426657ffffffff-2023-10,14
8426657ffffffff-2023-11,1
8426659ffffffff-2012-04,1
8426659ffffffff-2015-08,4
8426659ffffffff-2015-10,1
8426659ffffffff-2016-04,3
8426659ffffffff-2016-05,3
8426659ffffffff-2016-07,1
8426659ffffffff-2016-09,1
8426659ffffffff-2017-04,1
8426659ffffffff-2017-08,24
8426659ffffffff-2017-09,9
8426659ffffffff-2018-04,1
8426659ffffffff-2018-05,1
8426659ffffffff-2018-09,5
8426659ffffffff-2019-04,3
8426659ffffffff-2019-05,2
8426659ffffffff-2020-04,6
8426659ffffffff-2020-05,7
8426659ffffffff-2020-07,1
8426659ffffffff-2020-08,1
8426659ffffffff-2020-09,1
8426659ffffffff-2021-04,1
8426659ffffffff-2021-05,2
8426659ffffffff-2023-08,1
842665bffffffff-2012-04,3
842665bffffffff-2012-05,2
842665bffffffff-2013-04,4
842665bffffffff-2013-05,2
842665bffffffff-2013-07,1
842665bffffffff-2014-04,2
842665bffffffff-2014-05,2
842665bffffffff-2015-05,2
842665bffffffff-2016-04,8
842665bffffffff-2016-05,9
842665bffffffff-2017-03,2
842665bffffffff-2017-04,3
842665bffffffff-2018-05,2
842665bffffffff-2019-04,1
842665bffffffff-2019-05,1
842665bffffffff-2019-10,1
842665bffffffff-2020-05,1
842665bffffffff-2020-07,1
842665bffffffff-2021-05,5
842665bffffffff-2021-08,1
842665bffffffff-2021-10,1
842665bffffffff-2022-04,2
842665bffffffff-2022-09,1
842665bffffffff-2023-04,1
842665bffffffff-2023-05,2
842665bffffffff-2023-07,1
842665bffffffff-2023-08,1
842665dffffffff-2014-04,2
842665dffffffff-2014-08,2
842665dffffffff-2015-04,1
842665dffffffff-2015-08,1
842665dffffffff-2015-09,5
842665dffffffff-2015-10,3
842665dffffffff-2016-03,1
842665dffffffff-2016-04,1
842665dffffffff-2016-05,2
842665dffffffff-2016-08,1
842665dffffffff-2017-02,3
842665dffffffff-2017-03,1
842665dffffffff-2017-04,3
842665dffffffff-2018-04,1
842665dffffffff-2018-07,1
842665dffffffff-2018-11,1
842665dffffffff-2019-03,1
842665dffffffff-2020-08,1
842665dffffffff-2021-04,2
842665dffffffff-2021-08,1
842665dffffffff-2022-03,1
842665dffffffff-2022-04,10
842665dffffffff-2022-05,4
842665dffffffff-2022-10,1
842665dffffffff-2023-04,6
842665dffffffff-2023-05,9
8426661ffffffff-2012-03,2
8426661ffffffff-2012-04,4
8426661ffffffff-2012-05,2
8426661ffffffff-2012-07,3
8426661ffffffff-2012-08,18
8426661ffffffff-2013-07,8
8426661ffffffff-2013-08,3
8426661ffffffff-2013-10,1
8426661ffffffff-2014-04,3
8426661ffffffff-2014-09,1
8426661ffffffff-2014-10,1
8426661ffffffff-2016-03,1
8426661ffffffff-2016-05,3
8426661ffffffff-2016-08,1
8426661ffffffff-2016-09,1
8426661ffffffff-2017-04,3
8426661ffffffff-2017-08,4
8426661ffffffff-2018-04,4
8426661ffffffff-2018-05,1
8426661ffffffff-2018-08,1
8426661ffffffff-2019-04,1
8426661ffffffff-2019-05,6
8426661ffffffff-2019-10,1
8426661ffffffff-2020-04,3
8426661ffffffff-2020-05,6
8426661ffffffff-2020-08,4
8426661ffffffff-2020-09,35
8426661ffffffff-2020-10,1
8426661ffffffff-2021-08,2
8426661ffffffff-2021-09,5
8426661ffffffff-2021-10,2
8426661ffffffff-2022-05,7
8426661ffffffff-2022-08,9
8426661ffffffff-2022-09,9
8426661ffffffff-2023-04,1
8426661ffffffff-2023-05,19
8426661ffffffff-2023-07,1
8426661ffffffff-2023-08,9
8426661ffffffff-2023-09,1
8426663ffffffff-2015-07,5
8426663ffffffff-2017-04,1
8426663ffffffff-2017-08,1
8426663ffffffff-2019-04,2
8426663ffffffff-2020-04,2
8426663ffffffff-2020-05,4
8426663ffffffff-2021-05,1
8426663ffffffff-2021-07,2
8426663ffffffff-2021-08,2
8426663ffffffff-2021-09,2
8426663ffffffff-2022-04,2
8426663ffffffff-2022-05,2
8426665ffffffff-2012-03,2
8426665ffffffff-2012-04,12
8426665ffffffff-2012-05,4
8426665ffffffff-2012-08,12
8426665ffffffff-2012-09,1
8426665ffffffff-2012-10,1
8426665ffffffff-2013-05,5
8426665ffffffff-2013-06,1
8426665ffffffff-2013-08,1
8426665ffffffff-2014-04,7
8426665ffffffff-2014-05,8
8426665ffffffff-2014-08,4
8426665ffffffff-2015-05,5
8426665ffffffff-2015-08,2
8426665ffffffff-2015-09,1
8426665ffffffff-2015-10,10
8426665ffffffff-2016-05,2
8426665ffffffff-2016-10,4
8426665ffffffff-2017-04,7
8426665ffffffff-2017-05,14
8426665ffffffff-2017-07,1
8426665ffffffff-2017-08,2
8426665ffffffff-2017-09,7
8426665ffffffff-2017-10,21
8426665ffffffff-2018-03,1
8426665ffffffff-2018-04,13
8426665ffffffff-2018-05,6
8426665ffffffff-2018-07,2
8426665ffffffff-2018-08,7
8426665ffffffff-2018-09,13
8426665ffffffff-2018-10,2
8426665ffffffff-2018-11,1
8426665ffffffff-2019-04,9
8426665ffffffff-2019-05,5
8426665ffffffff-2019-07,5
8426665ffffffff-2019-09,7
8426665ffffffff-2019-10,29
8426665ffffffff-2019-11,2
8426665ffffffff-2020-04,43
8426665ffffffff-2020-05,11
8426665ffffffff-2020-07,1
8426665ffffffff-2020-08,31
8426665ffffffff-2020-09,19
8426665ffffffff-2020-10,9
8426665ffffffff-2021-04,4
8426665ffffffff-2021-05,15
8426665ffffffff-2021-08,22
8426665ffffffff-2021-09,16
8426665ffffffff-2021-10,7
8426665ffffffff-2022-03,1
8426665ffffffff-2022-04,12
8426665ffffffff-2022-05,5
8426665ffffffff-2022-07,7
8426665ffffffff-2022-08,8
8426665ffffffff-2022-09,3
8426665ffffffff-2022-10,2
8426665ffffffff-2023-04,36
8426665ffffffff-2023-05,10
8426665ffffffff-2023-07,12
8426665ffffffff-2023-08,56
8426665ffffffff-2023-09,16
8426665ffffffff-2023-10,12
8426667ffffffff-2012-03,1
8426667ffffffff-2012-04,6
8426667ffffffff-2012-05,3
8426667ffffffff-2012-08,5
8426667ffffffff-2012-09,5
8426667ffffffff-2013-04,5
8426667ffffffff-2013-05,9
8426667ffffffff-2013-08,1
8426667ffffffff-2014-05,3
8426667ffffffff-2014-07,1
8426667ffffffff-2014-08,1
8426667ffffffff-2015-04,4
8426667ffffffff-2015-05,1
8426667ffffffff-2015-07,3
8426667ffffffff-2015-08,3
8426667ffffffff-2016-04,1
8426667ffffffff-2016-05,4
8426667ffffffff-2017-04,12
8426667ffffffff-2017-05,9
8426667ffffffff-2018-05,2
8426667ffffffff-2018-07,1
8426667ffffffff-2019-04,4
8426667ffffffff-2019-05,1
8426667ffffffff-2019-08,1
8426667ffffffff-2020-04,5
8426667ffffffff-2020-05,11
8426667ffffffff-2020-07,6
8426667ffffffff-2020-08,1
8426667ffffffff-2020-09,4
8426667ffffffff-2020-10,1
8426667ffffffff-2021-04,6
8426667ffffffff-2021-05,11
8426667ffffffff-2021-08,9
8426667ffffffff-2021-09,3
8426667ffffffff-2021-10,1
8426667ffffffff-2022-04,26
8426667ffffffff-2022-05,19
8426667ffffffff-2022-07,1
8426667ffffffff-2022-08,1
8426667ffffffff-2022-09,7
8426667ffffffff-2023-04,4
8426667ffffffff-2023-05,9
8426667ffffffff-2023-08,3
8426669ffffffff-2012-03,2
8426669ffffffff-2012-04,53
8426669ffffffff-2012-05,12
8426669ffffffff-2012-07,18
8426669ffffffff-2012-08,28
8426669ffffffff-2012-09,8
8426669ffffffff-2012-10,9
8426669ffffffff-2013-04,1
8426669ffffffff-2013-05,5
8426669ffffffff-2013-07,1
8426669ffffffff-2013-08,16
8426669ffffffff-2013-09,8
8426669ffffffff-2014-04,9
8426669ffffffff-2014-05,22
8426669ffffffff-2014-07,62
8426669ffffffff-2014-08,64
8426669ffffffff-2014-09,16
8426669ffffffff-2014-10,18
8426669ffffffff-2014-11,9
8426669ffffffff-2015-04,10
8426669ffffffff-2015-05,16
8426669ffffffff-2015-07,51
8426669ffffffff-2015-08,87
8426669ffffffff-2015-09,30
8426669ffffffff-2015-10,53
8426669ffffffff-2015-11,1
8426669ffffffff-2016-04,7
8426669ffffffff-2016-05,21
8426669ffffffff-2016-07,16
8426669ffffffff-2016-08,20
8426669ffffffff-2016-09,4
8426669ffffffff-2016-10,3
8426669ffffffff-2017-03,2
8426669ffffffff-2017-04,30
8426669ffffffff-2017-05,23
8426669ffffffff-2017-07,8
8426669ffffffff-2017-08,21
8426669ffffffff-2017-09,23
8426669ffffffff-2017-10,14
8426669ffffffff-2018-03,1
8426669ffffffff-2018-04,19
8426669ffffffff-2018-05,43
8426669ffffffff-2018-07,50
8426669ffffffff-2018-08,143
8426669ffffffff-2018-09,24
8426669ffffffff-2018-10,3
8426669ffffffff-2019-04,29
8426669ffffffff-2019-05,21
8426669ffffffff-2019-07,60
8426669ffffffff-2019-08,77
8426669ffffffff-2019-09,46
8426669ffffffff-2019-10,10
8426669ffffffff-2020-04,62
8426669ffffffff-2020-05,71
8426669ffffffff-2020-07,101
8426669ffffffff-2020-08,56
8426669ffffffff-2020-09,51
8426669ffffffff-2020-10,10
8426669ffffffff-2021-04,132
8426669ffffffff-2021-05,109
8426669ffffffff-2021-06,2
8426669ffffffff-2021-07,40
8426669ffffffff-2021-08,99
8426669ffffffff-2021-09,32
8426669ffffffff-2021-10,12
8426669ffffffff-2022-03,2
8426669ffffffff-2022-04,152
8426669ffffffff-2022-05,131
8426669ffffffff-2022-06,1
8426669ffffffff-2022-07,26
8426669ffffffff-2022-08,71
8426669ffffffff-2022-09,20
8426669ffffffff-2022-10,10
8426669ffffffff-2022-11,1
8426669ffffffff-2023-04,58
8426669ffffffff-2023-05,95
8426669ffffffff-2023-06,3
8426669ffffffff-2023-07,50
8426669ffffffff-2023-08,39
8426669ffffffff-2023-09,34
8426669ffffffff-2023-10,2
8426669ffffffff-2023-11,1
842666bffffffff-2012-04,19
842666bffffffff-2012-05,2
842666bffffffff-2012-07,10
842666bffffffff-2012-08,2
842666bffffffff-2012-10,1
842666bffffffff-2013-04,4
842666bffffffff-2013-05,5
842666bffffffff-2013-08,2
842666bffffffff-2013-09,3
842666bffffffff-2014-03,1
842666bffffffff-2014-04,3
842666bffffffff-2014-05,2
842666bffffffff-2015-04,5
842666bffffffff-2015-05,4
842666bffffffff-2015-07,9
842666bffffffff-2015-10,2
842666bffffffff-2016-03,1
842666bffffffff-2016-04,9
842666bffffffff-2016-05,10
842666bffffffff-2016-07,4
842666bffffffff-2016-08,4
842666bffffffff-2016-09,2
842666bffffffff-2016-10,2
842666bffffffff-2016-11,1
842666bffffffff-2017-03,1
842666bffffffff-2017-04,19
842666bffffffff-2017-05,3
842666bffffffff-2017-07,5
842666bffffffff-2017-08,7
842666bffffffff-2017-09,5
842666bffffffff-2017-10,1
842666bffffffff-2018-04,13
842666bffffffff-2018-05,1
842666bffffffff-2018-07,3
842666bffffffff-2018-08,3
842666bffffffff-2018-09,1
842666bffffffff-2019-04,13
842666bffffffff-2019-05,9
842666bffffffff-2019-06,1
842666bffffffff-2019-07,5
842666bffffffff-2019-08,4
842666bffffffff-2019-09,1
842666bffffffff-2020-04,29
842666bffffffff-2020-05,16
842666bffffffff-2020-08,3
842666bffffffff-2020-09,18
842666bffffffff-2020-10,13
842666bffffffff-2020-11,1
842666bffffffff-2021-03,1
842666bffffffff-2021-04,19
842666bffffffff-2021-05,9
842666bffffffff-2021-07,4
842666bffffffff-2021-08,10
842666bffffffff-2021-09,4
842666bffffffff-2021-10,6
842666bffffffff-2022-04,31
842666bffffffff-2022-05,32
842666bffffffff-2022-06,1
842666bffffffff-2022-07,1
842666bffffffff-2022-08,4
842666bffffffff-2022-09,4
842666bffffffff-2022-10,3
842666bffffffff-2023-04,13
842666bffffffff-2023-05,6
842666bffffffff-2023-07,1
842666bffffffff-2023-08,8
842666bffffffff-2023-09,4
842666dffffffff-2012-04,1
842666dffffffff-2014-04,1
842666dffffffff-2014-08,1
842666dffffffff-2015-07,1
842666dffffffff-2016-04,2
842666dffffffff-2016-07,1
842666dffffffff-2016-09,1
842666dffffffff-2017-04,39
842666dffffffff-2017-05,2
842666dffffffff-2017-07,15
842666dffffffff-2017-08,5
842666dffffffff-2017-09,1
842666dffffffff-2018-04,10
842666dffffffff-2018-05,5
842666dffffffff-2018-07,4
842666dffffffff-2018-09,1
842666dffffffff-2018-10,1
842666dffffffff-2019-04,1
842666dffffffff-2019-05,4
842666dffffffff-2019-07,1
842666dffffffff-2019-08,1
842666dffffffff-2019-09,6
842666dffffffff-2020-05,15
842666dffffffff-2020-06,1
842666dffffffff-2020-07,1
842666dffffffff-2020-08,2
842666dffffffff-2020-10,3
842666dffffffff-2021-04,3
842666dffffffff-2021-07,1
842666dffffffff-2021-08,6
842666dffffffff-2021-09,17
842666dffffffff-2021-10,4
842666dffffffff-2022-04,46
842666dffffffff-2022-05,6
842666dffffffff-2022-07,2
842666dffffffff-2022-08,2
842666dffffffff-2022-10,1
842666dffffffff-2023-04,4
842666dffffffff-2023-05,38
842666dffffffff-2023-07,4
842666dffffffff-2023-08,18
842666dffffffff-2023-09,8
842666dffffffff-2023-10,3
8426681ffffffff-2018-10,1
8426681ffffffff-2020-03,1
8426681ffffffff-2021-04,1
8426683ffffffff-2015-09,1
8426683ffffffff-2018-04,5
8426683ffffffff-2018-05,5
8426683ffffffff-2018-09,1
8426683ffffffff-2018-10,2
8426683ffffffff-2019-04,3
8426683ffffffff-2019-05,2
8426683ffffffff-2020-05,4
8426683ffffffff-2020-09,2
8426683ffffffff-2021-04,3
8426683ffffffff-2023-10,1
8426685ffffffff-2020-03,1
8426685ffffffff-2020-10,1
8426689ffffffff-2012-03,1
8426689ffffffff-2012-04,13
8426689ffffffff-2012-05,2
8426689ffffffff-2012-07,2
8426689ffffffff-2012-08,7
8426689ffffffff-2012-09,4
8426689ffffffff-2013-08,4
8426689ffffffff-2014-08,3
8426689ffffffff-2014-09,1
8426689ffffffff-2014-10,2
8426689ffffffff-2015-03,1
8426689ffffffff-2015-04,5
8426689ffffffff-2015-05,2
8426689ffffffff-2015-08,4
8426689ffffffff-2015-09,4
8426689ffffffff-2016-04,2
8426689ffffffff-2016-05,2
8426689ffffffff-2016-08,5
8426689ffffffff-2016-09,7
8426689ffffffff-2017-05,1
8426689ffffffff-2017-08,3
8426689ffffffff-2017-09,29
8426689ffffffff-2018-04,4
8426689ffffffff-2018-05,2
8426689ffffffff-2019-04,3
8426689ffffffff-2019-05,2
8426689ffffffff-2019-08,7
8426689ffffffff-2019-09,1
8426689ffffffff-2019-10,2
8426689ffffffff-2020-04,2
8426689ffffffff-2020-09,7
8426689ffffffff-2021-04,6
8426689ffffffff-2021-05,1
8426689ffffffff-2021-08,4
8426689ffffffff-2022-04,1
8426689ffffffff-2022-05,5
8426689ffffffff-2022-08,4
8426689ffffffff-2022-09,2
8426689ffffffff-2023-04,4
8426689ffffffff-2023-05,2
8426689ffffffff-2023-07,1
8426689ffffffff-2023-08,30
8426689ffffffff-2023-09,14
8426689ffffffff-2023-11,4
842668bffffffff-2012-03,2
842668bffffffff-2012-04,5
842668bffffffff-2012-05,2
842668bffffffff-2012-06,1
842668bffffffff-2013-03,1
842668bffffffff-2013-05,4
842668bffffffff-2013-08,10
842668bffffffff-2013-09,1
842668bffffffff-2014-04,6
842668bffffffff-2014-05,6
842668bffffffff-2015-03,3
842668bffffffff-2015-04,16
842668bffffffff-2015-05,25
842668bffffffff-2015-07,2
842668bffffffff-2015-08,25
842668bffffffff-2015-09,40
842668bffffffff-2015-10,11
842668bffffffff-2016-03,1
842668bffffffff-2016-04,11
842668bffffffff-2016-05,20
842668bffffffff-2016-07,5
842668bffffffff-2016-08,10
842668bffffffff-2016-09,1
842668bffffffff-2016-10,2
842668bffffffff-2017-03,1
842668bffffffff-2017-04,7
842668bffffffff-2017-05,10
842668bffffffff-2017-09,4
842668bffffffff-2017-10,2
842668bffffffff-2018-04,12
842668bffffffff-2018-05,11
842668bffffffff-2018-08,2
842668bffffffff-2018-09,13
842668bffffffff-2018-10,21
842668bffffffff-2019-04,2
842668bffffffff-2019-05,1
842668bffffffff-2019-07,5
842668bffffffff-2019-08,50
842668bffffffff-2019-09,3
842668bffffffff-2020-03,7
842668bffffffff-2020-04,13
842668bffffffff-2020-05,25
842668bffffffff-2020-07,1
842668bffffffff-2020-08,21
842668bffffffff-2020-09,20
842668bffffffff-2020-10,3
842668bffffffff-2021-04,14
842668bffffffff-2021-05,11
842668bffffffff-2021-08,34
842668bffffffff-2021-09,3
842668bffffffff-2022-04,26
842668bffffffff-2022-05,28
842668bffffffff-2022-09,2
842668bffffffff-2023-04,18
842668bffffffff-2023-05,45
842668dffffffff-2012-04,1
842668dffffffff-2016-05,2
842668dffffffff-2017-03,2
842668dffffffff-2017-04,2
842668dffffffff-2017-05,3
842668dffffffff-2018-04,2
842668dffffffff-2018-05,1
842668dffffffff-2019-08,1
842668dffffffff-2023-07,1
8426691ffffffff-2012-04,2
8426691ffffffff-2013-04,1
8426691ffffffff-2015-11,1
8426691ffffffff-2017-03,1
8426691ffffffff-2019-11,1
8426693ffffffff-2013-05,1
8426693ffffffff-2014-05,3
8426693ffffffff-2016-04,2
8426693ffffffff-2016-05,1
8426693ffffffff-2016-07,2
8426693ffffffff-2016-08,8
8426693ffffffff-2016-09,9
8426693ffffffff-2017-04,1
8426693ffffffff-2017-05,1
8426693ffffffff-2017-07,1
8426693ffffffff-2017-09,1
8426693ffffffff-2018-08,1
8426693ffffffff-2019-05,1
8426693ffffffff-2022-05,1
8426695ffffffff-2012-05,1
8426695ffffffff-2013-04,2
8426695ffffffff-2013-08,1
8426695ffffffff-2014-04,2
8426695ffffffff-2015-04,3
8426695ffffffff-2015-05,2
8426695ffffffff-2015-09,1
8426695ffffffff-2015-12,1
8426695ffffffff-2016-01,1
8426695ffffffff-2016-04,2
8426695ffffffff-2016-05,2
8426695ffffffff-2016-08,1
8426695ffffffff-2017-04,2
8426695ffffffff-2017-05,3
8426695ffffffff-2017-08,1
8426695ffffffff-2018-04,5
8426695ffffffff-2018-08,1
8426695ffffffff-2018-10,1
8426695ffffffff-2019-04,5
8426695ffffffff-2019-05,3
8426695ffffffff-2020-04,10
8426695ffffffff-2020-05,5
8426695ffffffff-2020-11,1
8426695ffffffff-2021-04,2
8426695ffffffff-2021-05,3
8426695ffffffff-2022-04,4
8426695ffffffff-2022-09,1
8426695ffffffff-2023-04,2
8426695ffffffff-2023-05,1
8426697ffffffff-2019-10,1
8426697ffffffff-2020-10,1
8426697ffffffff-2021-04,2
8426697ffffffff-2021-05,1
8426697ffffffff-2023-04,1
8426697ffffffff-2023-07,2
8426699ffffffff-2020-04,1
842669bffffffff-2012-04,3
842669bffffffff-2012-05,3
842669bffffffff-2012-07,1
842669bffffffff-2012-08,1
842669bffffffff-2013-04,4
842669bffffffff-2013-05,2
842669bffffffff-2013-09,1
842669bffffffff-2014-04,1
842669bffffffff-2014-05,1
842669bffffffff-2015-04,3
842669bffffffff-2015-05,6
842669bffffffff-2016-04,1
842669bffffffff-2016-05,2
842669bffffffff-2016-08,4
842669bffffffff-2017-03,1
842669bffffffff-2017-04,5
842669bffffffff-2017-05,6
842669bffffffff-2018-04,2
842669bffffffff-2018-05,5
842669bffffffff-2018-09,2
842669bffffffff-2019-04,12
842669bffffffff-2019-05,4
842669bffffffff-2019-08,5
842669bffffffff-2020-04,7
842669bffffffff-2020-05,1
842669bffffffff-2020-08,1
842669bffffffff-2020-09,3
842669bffffffff-2021-04,1
842669bffffffff-2021-05,2
842669bffffffff-2021-09,1
842669bffffffff-2022-04,4
842669bffffffff-2022-05,7
842669bffffffff-2023-04,3
842669bffffffff-2023-05,6
842669bffffffff-2023-08,2
842669dffffffff-2018-05,2
842669dffffffff-2020-05,1
842669dffffffff-2022-09,1
84266a1ffffffff-2012-02,1
84266a1ffffffff-2012-03,4
84266a1ffffffff-2012-04,14
84266a1ffffffff-2012-05,1
84266a1ffffffff-2012-07,2
84266a1ffffffff-2012-08,5
84266a1ffffffff-2012-09,2
84266a1ffffffff-2013-04,17
84266a1ffffffff-2013-05,1
84266a1ffffffff-2013-09,9
84266a1ffffffff-2014-03,1
84266a1ffffffff-2014-04,18
84266a1ffffffff-2014-05,5
84266a1ffffffff-2014-07,1
84266a1ffffffff-2015-03,1
84266a1ffffffff-2015-04,13
84266a1ffffffff-2015-05,7
84266a1ffffffff-2016-03,1
84266a1ffffffff-2016-04,15
84266a1ffffffff-2016-05,2
84266a1ffffffff-2016-08,14
84266a1ffffffff-2016-09,3
84266a1ffffffff-2017-03,2
84266a1ffffffff-2017-04,23
84266a1ffffffff-2017-05,13
84266a1ffffffff-2018-03,2
84266a1ffffffff-2018-04,37
84266a1ffffffff-2018-05,6
84266a1ffffffff-2018-10,1
84266a1ffffffff-2018-11,1
84266a1ffffffff-2019-03,7
84266a1ffffffff-2019-04,57
84266a1ffffffff-2019-05,15
84266a1ffffffff-2019-08,1
84266a1ffffffff-2020-03,7
84266a1ffffffff-2020-04,47
84266a1ffffffff-2020-05,34
84266a1ffffffff-2020-07,6
84266a1ffffffff-2020-08,20
84266a1ffffffff-2020-09,1
84266a1ffffffff-2020-10,1
84266a1ffffffff-2020-11,1
84266a1ffffffff-2021-03,12
84266a1ffffffff-2021-04,18
84266a1ffffffff-2021-05,14
84266a1ffffffff-2021-07,3
84266a1ffffffff-2021-08,3
84266a1ffffffff-2021-09,1
84266a1ffffffff-2022-03,25
84266a1ffffffff-2022-04,51
84266a1ffffffff-2022-05,12
84266a1ffffffff-2022-08,4
84266a1ffffffff-2022-09,29
84266a1ffffffff-2023-02,4
84266a1ffffffff-2023-03,5
84266a1ffffffff-2023-04,57
84266a1ffffffff-2023-05,18
84266a1ffffffff-2023-08,5
84266a1ffffffff-2023-10,1
84266a3ffffffff-2013-04,1
84266a3ffffffff-2014-04,5
84266a3ffffffff-2014-05,3
84266a3ffffffff-2015-03,6
84266a3ffffffff-2015-04,8
84266a3ffffffff-2016-08,7
84266a3ffffffff-2017-04,1
84266a3ffffffff-2019-04,1
84266a3ffffffff-2020-03,1
84266a3ffffffff-2020-04,1
84266a3ffffffff-2021-03,3
84266a3ffffffff-2022-09,1
84266a5ffffffff-2012-02,1
84266a5ffffffff-2012-03,11
84266a5ffffffff-2012-04,15
84266a5ffffffff-2012-05,6
84266a5ffffffff-2012-08,4
84266a5ffffffff-2012-10,6
84266a5ffffffff-2012-11,1
84266a5ffffffff-2013-03,9
84266a5ffffffff-2013-04,23
84266a5ffffffff-2013-05,6
84266a5ffffffff-2013-07,3
84266a5ffffffff-2013-10,7
84266a5ffffffff-2013-11,1
84266a5ffffffff-2014-03,6
84266a5ffffffff-2014-04,19
84266a5ffffffff-2014-05,11
84266a5ffffffff-2014-07,5
84266a5ffffffff-2014-10,1
84266a5ffffffff-2015-03,1
84266a5ffffffff-2015-04,12
84266a5ffffffff-2015-05,14
84266a5ffffffff-2015-07,1
84266a5ffffffff-2015-08,2
84266a5ffffffff-2015-09,18
84266a5ffffffff-2015-11,1
84266a5ffffffff-2016-02,3
84266a5ffffffff-2016-03,10
84266a5ffffffff-2016-04,31
84266a5ffffffff-2016-05,8
84266a5ffffffff-2016-07,4
84266a5ffffffff-2016-08,12
84266a5ffffffff-2016-09,5
84266a5ffffffff-2016-10,1
84266a5ffffffff-2017-03,14
84266a5ffffffff-2017-04,67
84266a5ffffffff-2017-05,10
84266a5ffffffff-2017-07,8
84266a5ffffffff-2017-08,91
84266a5ffffffff-2017-09,2
84266a5ffffffff-2017-11,2
84266a5ffffffff-2018-03,7
84266a5ffffffff-2018-04,25
84266a5ffffffff-2018-05,9
84266a5ffffffff-2018-07,5
84266a5ffffffff-2018-08,19
84266a5ffffffff-2019-03,6
84266a5ffffffff-2019-04,87
84266a5ffffffff-2019-06,4
84266a5ffffffff-2019-07,1
84266a5ffffffff-2019-08,33
84266a5ffffffff-2019-09,6
84266a5ffffffff-2020-03,2
84266a5ffffffff-2020-04,22
84266a5ffffffff-2020-05,13
84266a5ffffffff-2020-07,1
84266a5ffffffff-2020-08,16
84266a5ffffffff-2020-09,6
84266a5ffffffff-2021-03,12
84266a5ffffffff-2021-04,74
84266a5ffffffff-2021-05,45
84266a5ffffffff-2021-06,4
84266a5ffffffff-2021-07,3
84266a5ffffffff-2021-08,11
84266a5ffffffff-2021-09,6
84266a5ffffffff-2021-10,1
84266a5ffffffff-2022-03,14
84266a5ffffffff-2022-04,62
84266a5ffffffff-2022-05,35
84266a5ffffffff-2022-06,1
84266a5ffffffff-2022-07,8
84266a5ffffffff-2022-08,38
84266a5ffffffff-2022-09,6
84266a5ffffffff-2022-10,3
84266a5ffffffff-2023-03,23
84266a5ffffffff-2023-04,118
84266a5ffffffff-2023-05,74
84266a5ffffffff-2023-06,1
84266a5ffffffff-2023-07,7
84266a5ffffffff-2023-08,11
84266a5ffffffff-2023-09,1
84266a7ffffffff-2012-09,4
84266a7ffffffff-2013-08,1
84266a7ffffffff-2014-08,7
84266a7ffffffff-2014-10,5
84266a7ffffffff-2017-07,13
84266a7ffffffff-2017-08,29
84266a7ffffffff-2017-09,5
84266a7ffffffff-2017-10,6
84266a7ffffffff-2018-08,17
84266a7ffffffff-2018-09,7
84266a7ffffffff-2018-10,6
84266a7ffffffff-2019-07,1
84266a7ffffffff-2019-09,2
84266a7ffffffff-2019-10,1
84266a7ffffffff-2021-07,2
84266a7ffffffff-2021-08,5
84266a7ffffffff-2021-09,4
84266a9ffffffff-2012-04,9
84266a9ffffffff-2012-05,2
84266a9ffffffff-2012-09,1
84266a9ffffffff-2013-04,7
84266a9ffffffff-2013-09,1
84266a9ffffffff-2014-02,1
84266a9ffffffff-2014-03,1
84266a9ffffffff-2014-04,18
84266a9ffffffff-2014-05,3
84266a9ffffffff-2014-07,1
84266a9ffffffff-2014-08,1
84266a9ffffffff-2015-04,2
84266a9ffffffff-2016-03,4
84266a9ffffffff-2016-04,15
84266a9ffffffff-2016-05,7
84266a9ffffffff-2016-07,1
84266a9ffffffff-2016-11,2
84266a9ffffffff-2017-03,2
84266a9ffffffff-2017-04,27
84266a9ffffffff-2017-05,34
84266a9ffffffff-2017-10,2
84266a9ffffffff-2017-12,3
84266a9ffffffff-2018-03,2
84266a9ffffffff-2018-04,6
84266a9ffffffff-2018-05,10
84266a9ffffffff-2018-09,2
84266a9ffffffff-2018-11,2
84266a9ffffffff-2019-04,7
84266a9ffffffff-2019-05,2
84266a9ffffffff-2019-08,1
84266a9ffffffff-2020-03,1
84266a9ffffffff-2020-04,6
84266a9ffffffff-2020-05,11
84266a9ffffffff-2021-03,1
84266a9ffffffff-2021-04,10
84266a9ffffffff-2021-05,8
84266a9ffffffff-2021-07,1
84266a9ffffffff-2021-08,2
84266a9ffffffff-2021-09,4
84266a9ffffffff-2021-10,3
84266a9ffffffff-2022-03,1
84266a9ffffffff-2022-04,6
84266a9ffffffff-2022-05,30
84266a9ffffffff-2022-07,2
84266a9ffffffff-2022-08,2
84266a9ffffffff-2022-09,2
84266a9ffffffff-2022-11,1
84266a9ffffffff-2023-03,5
84266a9ffffffff-2023-04,6
84266a9ffffffff-2023-05,4
84266a9ffffffff-2023-08,1
84266a9ffffffff-2023-10,3
84266a9ffffffff-2023-11,1
84266abffffffff-2015-04,1
84266abffffffff-2016-04,6
84266abffffffff-2016-05,3
84266abffffffff-2017-03,2
84266abffffffff-2017-04,3
84266abffffffff-2017-05,1
84266abffffffff-2018-03,1
84266abffffffff-2018-04,15
84266abffffffff-2018-05,3
84266abffffffff-2018-08,2
84266abffffffff-2019-03,1
84266abffffffff-2019-04,11
84266abffffffff-2019-05,4
84266abffffffff-2019-08,3
84266abffffffff-2019-09,1
84266abffffffff-2020-04,8
84266abffffffff-2020-05,5
84266abffffffff-2021-03,1
84266abffffffff-2021-04,5
84266abffffffff-2021-05,5
84266abffffffff-2021-08,1
84266abffffffff-2022-03,1
84266abffffffff-2022-04,8
84266abffffffff-2022-05,1
84266abffffffff-2022-07,1
84266abffffffff-2022-08,5
84266abffffffff-2023-04,16
84266abffffffff-2023-05,3
84266abffffffff-2023-10,1
84266adffffffff-2012-03,9
84266adffffffff-2012-04,18
84266adffffffff-2012-05,7
84266adffffffff-2012-06,1
84266adffffffff-2012-07,4
84266adffffffff-2012-08,6
84266adffffffff-2012-10,1
84266adffffffff-2012-11,1
84266adffffffff-2013-03,1
84266adffffffff-2013-04,16
84266adffffffff-2013-05,4
84266adffffffff-2013-07,3
84266adffffffff-2013-08,20
84266adffffffff-2013-09,2
84266adffffffff-2013-10,3
84266adffffffff-2014-03,5
84266adffffffff-2014-04,17
84266adffffffff-2014-05,6
84266adffffffff-2014-07,20
84266adffffffff-2014-08,30
84266adffffffff-2014-09,14
84266adffffffff-2014-10,5
84266adffffffff-2015-03,4
84266adffffffff-2015-04,48
84266adffffffff-2015-05,14
84266adffffffff-2015-08,27
84266adffffffff-2015-09,13
84266adffffffff-2015-10,4
84266adffffffff-2016-03,2
84266adffffffff-2016-04,23
84266adffffffff-2016-05,14
84266adffffffff-2016-08,2
84266adffffffff-2016-09,33
84266adffffffff-2016-10,7
84266adffffffff-2016-11,3
84266adffffffff-2017-02,1
84266adffffffff-2017-03,9
84266adffffffff-2017-04,36
84266adffffffff-2017-05,20
84266adffffffff-2017-06,2
84266adffffffff-2017-07,1
84266adffffffff-2017-08,9
84266adffffffff-2017-09,15
84266adffffffff-2017-10,17
84266adffffffff-2017-11,1
84266adffffffff-2018-03,11
84266adffffffff-2018-04,117
84266adffffffff-2018-05,19
84266adffffffff-2018-07,4
84266adffffffff-2018-08,41
84266adffffffff-2018-09,11
84266adffffffff-2018-10,4
84266adffffffff-2018-11,10
84266adffffffff-2019-03,1
84266adffffffff-2019-04,38
84266adffffffff-2019-05,37
84266adffffffff-2019-07,4
84266adffffffff-2019-08,17
84266adffffffff-2019-09,52
84266adffffffff-2019-10,22
84266adffffffff-2019-11,7
84266adffffffff-2020-03,5
84266adffffffff-2020-04,62
84266adffffffff-2020-05,27
84266adffffffff-2020-07,24
84266adffffffff-2020-08,63
84266adffffffff-2020-09,42
84266adffffffff-2020-10,20
84266adffffffff-2020-11,1
84266adffffffff-2020-12,1
84266adffffffff-2021-03,3
84266adffffffff-2021-04,32
84266adffffffff-2021-05,37
84266adffffffff-2021-07,2
84266adffffffff-2021-08,79
84266adffffffff-2021-09,26
84266adffffffff-2021-10,5
84266adffffffff-2021-11,1
84266adffffffff-2022-02,2
84266adffffffff-2022-03,3
84266adffffffff-2022-04,43
84266adffffffff-2022-05,13
84266adffffffff-2022-07,6
84266adffffffff-2022-08,7
84266adffffffff-2022-09,11
84266adffffffff-2022-10,6
84266adffffffff-2022-11,2
84266adffffffff-2023-01,2
84266adffffffff-2023-03,1
84266adffffffff-2023-04,35
84266adffffffff-2023-05,41
84266adffffffff-2023-06,2
84266adffffffff-2023-07,4
84266adffffffff-2023-08,28
84266adffffffff-2023-09,60
84266adffffffff-2023-10,1
84266b1ffffffff-2013-04,2
84266b1ffffffff-2013-05,8
84266b1ffffffff-2014-04,2
84266b1ffffffff-2015-04,14
84266b1ffffffff-2015-05,17
84266b1ffffffff-2016-03,7
84266b1ffffffff-2016-04,2
84266b1ffffffff-2017-05,1
84266b1ffffffff-2017-09,1
84266b1ffffffff-2018-03,4
84266b1ffffffff-2018-04,55
84266b1ffffffff-2018-05,25
84266b1ffffffff-2019-02,3
84266b1ffffffff-2019-03,19
84266b1ffffffff-2019-04,60
84266b1ffffffff-2019-05,75
84266b1ffffffff-2020-03,7
84266b1ffffffff-2020-04,29
84266b1ffffffff-2020-05,70
84266b1ffffffff-2020-07,2
84266b1ffffffff-2020-08,1
84266b1ffffffff-2021-03,14
84266b1ffffffff-2021-04,55
84266b1ffffffff-2021-05,16
84266b1ffffffff-2021-07,5
84266b1ffffffff-2022-04,43
84266b1ffffffff-2023-04,5
84266b1ffffffff-2023-05,1
84266b3ffffffff-2015-05,1
84266b5ffffffff-2012-03,1
84266b5ffffffff-2014-10,1
84266b5ffffffff-2017-07,1
84266b5ffffffff-2017-09,1
84266b5ffffffff-2018-10,1
84266b5ffffffff-2020-04,1
84266b5ffffffff-2021-04,1
84266b5ffffffff-2021-07,1
84266b5ffffffff-2022-03,1
84266b7ffffffff-2013-08,2
84266b7ffffffff-2014-03,1
84266b7ffffffff-2014-04,5
84266b7ffffffff-2014-05,3
84266b7ffffffff-2015-04,7
84266b7ffffffff-2015-05,10
84266b7ffffffff-2016-05,1
84266b7ffffffff-2016-07,1
84266b7ffffffff-2016-08,1
84266b7ffffffff-2016-09,2
84266b7ffffffff-2017-05,1
84266b7ffffffff-2017-08,2
84266b7ffffffff-2018-03,4
84266b7ffffffff-2018-04,23
84266b7ffffffff-2018-05,10
84266b7ffffffff-2018-09,5
84266b7ffffffff-2019-03,3
84266b7ffffffff-2019-04,8
84266b7ffffffff-2019-05,10
84266b7ffffffff-2020-03,2
84266b7ffffffff-2020-04,27
84266b7ffffffff-2020-05,8
84266b7ffffffff-2021-04,1
84266b7ffffffff-2021-09,13
84266b7ffffffff-2022-03,1
84266b7ffffffff-2022-04,14
84266b7ffffffff-2022-05,5
84266b7ffffffff-2022-09,4
84266b7ffffffff-2023-04,8
84266b7ffffffff-2023-05,5
84266b7ffffffff-2023-08,1
84266bbffffffff-2015-05,1
84266bbffffffff-2016-03,1
84266bbffffffff-2018-04,5
84266bbffffffff-2019-04,6
84266bbffffffff-2020-03,1
84266bbffffffff-2020-04,2
84266bbffffffff-2020-05,3
84266bbffffffff-2020-07,1
84266bbffffffff-2020-09,3
84266bbffffffff-2021-03,1
84266bbffffffff-2021-04,1
84266bbffffffff-2021-05,3
84266bbffffffff-2021-08,1
84266bbffffffff-2022-05,2
84266bbffffffff-2022-10,1
84266bbffffffff-2022-11,1
84266bbffffffff-2023-03,1
84266bbffffffff-2023-04,4
84266bbffffffff-2023-08,1
84266bbffffffff-2023-09,3
84266bdffffffff-2012-03,1
84266bdffffffff-2018-03,1
84266bdffffffff-2018-04,2
84266bdffffffff-2019-03,1
84266bdffffffff-2019-04,1
84266bdffffffff-2019-05,1
84266bdffffffff-2021-05,1
84266bdffffffff-2023-03,1
84266c1ffffffff-2012-03,1
84266c1ffffffff-2012-04,5
84266c1ffffffff-2012-05,2
84266c1ffffffff-2013-03,2
84266c1ffffffff-2013-04,3
84266c1ffffffff-2013-09,11
84266c1ffffffff-2013-10,2
84266c1ffffffff-2013-11,6
84266c1ffffffff-2014-03,6
84266c1ffffffff-2014-04,6
84266c1ffffffff-2014-05,10
84266c1ffffffff-2015-03,1
84266c1ffffffff-2015-04,6
84266c1ffffffff-2015-05,3
84266c1ffffffff-2015-07,1
84266c1ffffffff-2016-03,1
84266c1ffffffff-2016-04,6
84266c1ffffffff-2016-05,6
84266c1ffffffff-2016-09,1
84266c1ffffffff-2017-02,1
84266c1ffffffff-2017-05,1
84266c1ffffffff-2017-07,1
84266c1ffffffff-2017-10,1
84266c1ffffffff-2018-04,1
84266c1ffffffff-2019-04,2
84266c1ffffffff-2019-05,1
84266c1ffffffff-2019-10,1
84266c1ffffffff-2020-04,2
84266c1ffffffff-2020-05,4
84266c1ffffffff-2020-07,1
84266c1ffffffff-2020-09,1
84266c1ffffffff-2020-10,3
84266c1ffffffff-2021-04,7
84266c1ffffffff-2021-05,4
84266c1ffffffff-2021-08,2
84266c1ffffffff-2022-03,1
84266c1ffffffff-2022-04,2
84266c1ffffffff-2022-05,1
84266c1ffffffff-2022-08,1
84266c1ffffffff-2023-03,1
84266c1ffffffff-2023-04,2
84266c1ffffffff-2023-09,3
84266c1ffffffff-2023-11,1
84266c3ffffffff-2014-10,1
84266c3ffffffff-2015-04,1
84266c3ffffffff-2015-07,1
84266c3ffffffff-2015-09,2
84266c3ffffffff-2015-10,1
84266c3ffffffff-2016-03,4
84266c3ffffffff-2017-04,2
84266c3ffffffff-2017-05,1
84266c3ffffffff-2018-04,1
84266c3ffffffff-2018-05,4
84266c3ffffffff-2018-10,1
84266c3ffffffff-2019-04,2
84266c3ffffffff-2019-05,1
84266c3ffffffff-2020-04,1
84266c3ffffffff-2021-05,3
84266c3ffffffff-2022-05,1
84266c5ffffffff-2012-04,10
84266c5ffffffff-2013-04,2
84266c5ffffffff-2013-05,1
84266c5ffffffff-2014-03,1
84266c5ffffffff-2014-04,18
84266c5ffffffff-2014-05,33
84266c5ffffffff-2014-07,1
84266c5ffffffff-2015-04,6
84266c5ffffffff-2015-05,10
84266c5ffffffff-2015-09,12
84266c5ffffffff-2015-10,11
84266c5ffffffff-2016-04,28
84266c5ffffffff-2016-05,25
84266c5ffffffff-2017-03,1
84266c5ffffffff-2017-04,36
84266c5ffffffff-2017-05,1
84266c5ffffffff-2017-07,2
84266c5ffffffff-2017-08,2
84266c5ffffffff-2017-09,20
84266c5ffffffff-2017-10,6
84266c5ffffffff-2018-04,44
84266c5ffffffff-2018-05,28
84266c5ffffffff-2018-09,5
84266c5ffffffff-2019-03,3
84266c5ffffffff-2019-04,9
84266c5ffffffff-2019-05,2
84266c5ffffffff-2019-07,10
84266c5ffffffff-2019-08,3
84266c5ffffffff-2019-09,9
84266c5ffffffff-2019-10,2
84266c5ffffffff-2020-04,90
84266c5ffffffff-2020-05,30
84266c5ffffffff-2020-07,2
84266c5ffffffff-2020-08,1
84266c5ffffffff-2020-09,11
84266c5ffffffff-2020-10,7
84266c5ffffffff-2021-04,117
84266c5ffffffff-2021-05,35
84266c5ffffffff-2021-08,30
84266c5ffffffff-2021-09,63
84266c5ffffffff-2021-10,1
84266c5ffffffff-2022-03,2
84266c5ffffffff-2022-04,29
84266c5ffffffff-2022-05,21
84266c5ffffffff-2022-07,2
84266c5ffffffff-2022-08,36
84266c5ffffffff-2022-09,39
84266c5ffffffff-2023-04,44
84266c5ffffffff-2023-05,40
84266c5ffffffff-2023-06,2
84266c5ffffffff-2023-07,1
84266c5ffffffff-2023-08,1
84266c5ffffffff-2023-09,11
84266c7ffffffff-2013-03,1
84266c7ffffffff-2013-04,1
84266c7ffffffff-2013-05,1
84266c7ffffffff-2014-05,1
84266c7ffffffff-2015-04,3
84266c7ffffffff-2015-05,1
84266c7ffffffff-2016-03,5
84266c7ffffffff-2016-04,16
84266c7ffffffff-2016-05,5
84266c7ffffffff-2017-03,2
84266c7ffffffff-2017-04,4
84266c7ffffffff-2017-05,2
84266c7ffffffff-2017-07,1
84266c7ffffffff-2018-03,1
84266c7ffffffff-2018-04,4
84266c7ffffffff-2018-05,1
84266c7ffffffff-2018-11,1
84266c7ffffffff-2019-03,3
84266c7ffffffff-2019-04,3
84266c7ffffffff-2019-05,2
84266c7ffffffff-2020-04,2
84266c7ffffffff-2020-05,2
84266c7ffffffff-2021-03,2
84266c7ffffffff-2021-04,3
84266c7ffffffff-2021-05,3
84266c7ffffffff-2021-09,1
84266c7ffffffff-2022-04,1
84266c7ffffffff-2022-09,1
84266c7ffffffff-2023-03,1
84266c7ffffffff-2023-04,5
84266c7ffffffff-2023-05,2
84266c9ffffffff-2019-04,2
84266c9ffffffff-2019-05,1
84266c9ffffffff-2020-05,4
84266c9ffffffff-2021-04,4
84266c9ffffffff-2021-05,2
84266c9ffffffff-2021-09,1
84266c9ffffffff-2022-07,1
84266c9ffffffff-2023-05,6
84266cbffffffff-2013-05,1
84266cbffffffff-2014-04,1
84266cbffffffff-2014-05,1
84266cbffffffff-2016-04,3
84266cbffffffff-2018-05,4
84266cbffffffff-2020-05,2
84266cbffffffff-2020-08,2
84266cbffffffff-2021-04,4
84266cbffffffff-2023-04,1
84266cbffffffff-2023-05,4
84266cbffffffff-2023-09,1
84266cdffffffff-2013-04,4
84266cdffffffff-2013-05,7
84266cdffffffff-2013-06,2
84266cdffffffff-2013-08,8
84266cdffffffff-2013-09,10
84266cdffffffff-2013-10,1
84266cdffffffff-2014-04,6
84266cdffffffff-2014-05,5
84266cdffffffff-2014-07,1
84266cdffffffff-2014-08,1
84266cdffffffff-2015-04,10
84266cdffffffff-2015-08,4
84266cdffffffff-2016-03,4
84266cdffffffff-2016-04,11
84266cdffffffff-2016-05,10
84266cdffffffff-2016-07,1
84266cdffffffff-2017-04,6
84266cdffffffff-2017-05,5
84266cdffffffff-2017-09,1
84266cdffffffff-2018-04,4
84266cdffffffff-2018-05,1
84266cdffffffff-2019-03,1
84266cdffffffff-2019-04,2
84266cdffffffff-2019-05,11
84266cdffffffff-2019-09,1
84266cdffffffff-2020-04,1
84266cdffffffff-2020-05,1
84266cdffffffff-2020-09,1
84266cdffffffff-2020-10,4
84266cdffffffff-2021-04,4
84266cdffffffff-2021-05,4
84266cdffffffff-2022-04,8
84266cdffffffff-2022-05,18
84266cdffffffff-2022-11,6
84266cdffffffff-2023-03,1
84266cdffffffff-2023-04,17
84266cdffffffff-2023-05,5
84266cdffffffff-2023-08,6
84266cdffffffff-2023-09,6
84266d1ffffffff-2014-05,1
84266d1ffffffff-2015-04,1
84266d1ffffffff-2015-05,2
84266d1ffffffff-2016-04,1
84266d1ffffffff-2017-05,1
84266d1ffffffff-2018-08,4
84266d1ffffffff-2018-09,4
84266d1ffffffff-2018-10,2
84266d1ffffffff-2019-04,2
84266d1ffffffff-2019-05,1
84266d1ffffffff-2020-10,1
84266d1ffffffff-2021-04,3
84266d1ffffffff-2021-05,8
84266d1ffffffff-2021-09,9
84266d1ffffffff-2021-10,2
84266d1ffffffff-2022-04,6
84266d1ffffffff-2022-05,1
84266d1ffffffff-2022-07,5
84266d1ffffffff-2022-08,1
84266d1ffffffff-2022-09,7
84266d1ffffffff-2023-04,4
84266d1ffffffff-2023-05,6
84266d1ffffffff-2023-07,2
84266d3ffffffff-2015-05,5
84266d3ffffffff-2016-05,7
84266d3ffffffff-2018-04,1
84266d3ffffffff-2018-05,3
84266d3ffffffff-2018-09,1
84266d3ffffffff-2018-10,5
84266d3ffffffff-2019-04,2
84266d3ffffffff-2019-05,1
84266d3ffffffff-2020-03,1
84266d3ffffffff-2020-04,14
84266d3ffffffff-2020-05,9
84266d3ffffffff-2020-07,3
84266d3ffffffff-2020-08,7
84266d3ffffffff-2020-09,1
84266d3ffffffff-2021-04,7
84266d3ffffffff-2021-05,11
84266d3ffffffff-2021-11,1
84266d3ffffffff-2022-02,2
84266d3ffffffff-2022-04,24
84266d3ffffffff-2022-05,58
84266d3ffffffff-2022-09,1
84266d3ffffffff-2023-03,29
84266d3ffffffff-2023-04,42
84266d3ffffffff-2023-05,20
84266d3ffffffff-2023-07,6
84266d3ffffffff-2023-08,6
84266d3ffffffff-2023-09,2
84266d3ffffffff-2023-10,2
84266d5ffffffff-2012-04,1
84266d5ffffffff-2013-05,1
84266d5ffffffff-2013-08,4
84266d5ffffffff-2014-05,4
84266d5ffffffff-2014-09,1
84266d5ffffffff-2015-03,3
84266d5ffffffff-2015-04,35
84266d5ffffffff-2015-05,3
84266d5ffffffff-2016-05,2
84266d5ffffffff-2016-10,1
84266d5ffffffff-2017-03,7
84266d5ffffffff-2017-04,13
84266d5ffffffff-2017-05,1
84266d5ffffffff-2017-08,6
84266d5ffffffff-2017-09,1
84266d5ffffffff-2017-10,1
84266d5ffffffff-2018-04,6
84266d5ffffffff-2019-04,8
84266d5ffffffff-2019-05,6
84266d5ffffffff-2019-09,1
84266d5ffffffff-2020-03,2
84266d5ffffffff-2020-04,36
84266d5ffffffff-2020-05,14
84266d5ffffffff-2020-09,6
84266d5ffffffff-2021-04,11
84266d5ffffffff-2021-05,10
84266d5ffffffff-2021-08,6
84266d5ffffffff-2022-04,3
84266d5ffffffff-2022-05,4
84266d5ffffffff-2022-07,4
84266d5ffffffff-2022-08,24
84266d5ffffffff-2022-09,2
84266d5ffffffff-2023-04,12
84266d5ffffffff-2023-05,52
84266d5ffffffff-2023-08,4
84266d5ffffffff-2023-09,30
84266d7ffffffff-2014-05,1
84266d7ffffffff-2015-04,3
84266d7ffffffff-2016-04,1
84266d7ffffffff-2016-09,3
84266d7ffffffff-2017-05,1
84266d7ffffffff-2018-10,1
84266d7ffffffff-2020-08,4
84266d7ffffffff-2020-09,1
84266d7ffffffff-2021-05,1
84266d7ffffffff-2021-08,1
84266d7ffffffff-2023-08,4
84266d7ffffffff-2023-09,5
84266d7ffffffff-2023-10,1
84266d7ffffffff-2023-11,1
84266d9ffffffff-2019-10,1
84266d9ffffffff-2020-08,1
84266dbffffffff-2012-04,1
84266dbffffffff-2014-07,1
84266dbffffffff-2014-10,3
84266dbffffffff-2015-05,9
84266dbffffffff-2015-09,1
84266dbffffffff-2016-04,7
84266dbffffffff-2016-05,3
84266dbffffffff-2016-09,1
84266dbffffffff-2016-10,1
84266dbffffffff-2017-04,1
84266dbffffffff-2017-05,2
84266dbffffffff-2018-04,1
84266dbffffffff-2018-05,11
84266dbffffffff-2018-08,2
84266dbffffffff-2019-03,2
84266dbffffffff-2019-04,5
84266dbffffffff-2019-05,1
84266dbffffffff-2019-08,1
84266dbffffffff-2019-09,2
84266dbffffffff-2021-04,3
84266dbffffffff-2021-10,1
84266dbffffffff-2022-03,3
84266dbffffffff-2022-04,17
84266dbffffffff-2022-05,41
84266dbffffffff-2022-09,8
84266dbffffffff-2023-03,2
84266dbffffffff-2023-04,31
84266dbffffffff-2023-05,21
84266dbffffffff-2023-08,31
84266e1ffffffff-2012-03,12
84266e1ffffffff-2012-04,23
84266e1ffffffff-2012-05,19
84266e1ffffffff-2012-06,4
84266e1ffffffff-2012-07,9
84266e1ffffffff-2012-08,31
84266e1ffffffff-2012-10,1
84266e1ffffffff-2013-03,78
84266e1ffffffff-2013-04,45
84266e1ffffffff-2013-05,21
84266e1ffffffff-2013-07,8
84266e1ffffffff-2013-08,18
84266e1ffffffff-2013-09,4
84266e1ffffffff-2013-10,8
84266e1ffffffff-2013-11,1
84266e1ffffffff-2014-03,9
84266e1ffffffff-2014-04,63
84266e1ffffffff-2014-05,24
84266e1ffffffff-2014-06,1
84266e1ffffffff-2014-07,10
84266e1ffffffff-2014-08,50
84266e1ffffffff-2014-09,45
84266e1ffffffff-2014-10,4
84266e1ffffffff-2014-11,6
84266e1ffffffff-2015-03,10
84266e1ffffffff-2015-04,63
84266e1ffffffff-2015-05,38
84266e1ffffffff-2015-07,20
84266e1ffffffff-2015-08,46
84266e1ffffffff-2015-09,30
84266e1ffffffff-2015-10,28
84266e1ffffffff-2015-11,3
84266e1ffffffff-2016-02,2
84266e1ffffffff-2016-03,11
84266e1ffffffff-2016-04,51
84266e1ffffffff-2016-05,37
84266e1ffffffff-2016-07,18
84266e1ffffffff-2016-08,1
84266e1ffffffff-2016-09,16
84266e1ffffffff-2016-10,23
84266e1ffffffff-2017-02,6
84266e1ffffffff-2017-03,58
84266e1ffffffff-2017-04,162
84266e1ffffffff-2017-05,16
84266e1ffffffff-2017-06,1
84266e1ffffffff-2017-07,27
84266e1ffffffff-2017-08,48
84266e1ffffffff-2017-09,43
84266e1ffffffff-2017-10,16
84266e1ffffffff-2017-11,2
84266e1ffffffff-2018-04,40
84266e1ffffffff-2018-05,20
84266e1ffffffff-2018-07,3
84266e1ffffffff-2018-08,35
84266e1ffffffff-2018-09,16
84266e1ffffffff-2018-10,5
84266e1ffffffff-2019-03,12
84266e1ffffffff-2019-04,18
84266e1ffffffff-2019-05,9
84266e1ffffffff-2019-08,13
84266e1ffffffff-2019-09,16
84266e1ffffffff-2019-10,33
84266e1ffffffff-2019-11,2
84266e1ffffffff-2020-03,15
84266e1ffffffff-2020-04,169
84266e1ffffffff-2020-05,57
84266e1ffffffff-2020-07,7
84266e1ffffffff-2020-08,4
84266e1ffffffff-2020-09,35
84266e1ffffffff-2020-10,39
84266e1ffffffff-2020-11,7
84266e1ffffffff-2021-03,37
84266e1ffffffff-2021-04,92
84266e1ffffffff-2021-05,131
84266e1ffffffff-2021-07,2
84266e1ffffffff-2021-08,15
84266e1ffffffff-2021-09,14
84266e1ffffffff-2021-10,15
84266e1ffffffff-2022-03,20
84266e1ffffffff-2022-04,156
84266e1ffffffff-2022-05,38
84266e1ffffffff-2022-06,1
84266e1ffffffff-2022-07,7
84266e1ffffffff-2022-08,11
84266e1ffffffff-2022-09,29
84266e1ffffffff-2022-10,33
84266e1ffffffff-2022-11,5
84266e1ffffffff-2023-03,11
84266e1ffffffff-2023-04,119
84266e1ffffffff-2023-05,29
84266e1ffffffff-2023-07,14
84266e1ffffffff-2023-08,48
84266e1ffffffff-2023-09,19
84266e1ffffffff-2023-10,26
84266e1ffffffff-2023-11,3
84266e3ffffffff-2012-03,1
84266e3ffffffff-2012-04,7
84266e3ffffffff-2012-05,2
84266e3ffffffff-2013-03,1
84266e3ffffffff-2013-04,3
84266e3ffffffff-2014-03,2
84266e3ffffffff-2014-04,1
84266e3ffffffff-2016-03,1
84266e3ffffffff-2016-04,4
84266e3ffffffff-2016-05,1
84266e3ffffffff-2018-04,1
84266e3ffffffff-2019-04,4
84266e3ffffffff-2019-05,6
84266e3ffffffff-2020-03,2
84266e3ffffffff-2020-04,36
84266e3ffffffff-2020-05,20
84266e3ffffffff-2021-04,2
84266e3ffffffff-2021-05,5
84266e3ffffffff-2022-04,4
84266e3ffffffff-2022-05,22
84266e3ffffffff-2023-04,1
84266e5ffffffff-2018-04,7
84266e5ffffffff-2019-04,1
84266e5ffffffff-2019-05,1
84266e5ffffffff-2020-04,7
84266e5ffffffff-2020-05,11
84266e5ffffffff-2020-08,2
84266e5ffffffff-2021-03,1
84266e5ffffffff-2021-04,16
84266e5ffffffff-2021-05,3
84266e5ffffffff-2021-09,1
84266e5ffffffff-2022-03,2
84266e5ffffffff-2022-04,10
84266e5ffffffff-2022-05,11
84266e5ffffffff-2022-08,7
84266e5ffffffff-2023-04,5
84266e5ffffffff-2023-05,1
84266e5ffffffff-2023-08,1
84266e7ffffffff-2012-03,19
84266e7ffffffff-2012-04,18
84266e7ffffffff-2012-05,2
84266e7ffffffff-2013-03,2
84266e7ffffffff-2013-04,24
84266e7ffffffff-2013-05,1
84266e7ffffffff-2013-08,2
84266e7ffffffff-2013-09,1
84266e7ffffffff-2014-03,11
84266e7ffffffff-2014-04,22
84266e7ffffffff-2014-05,10
84266e7ffffffff-2014-07,1
84266e7ffffffff-2014-08,1
84266e7ffffffff-2014-09,1
84266e7ffffffff-2014-10,1
84266e7ffffffff-2014-11,1
84266e7ffffffff-2015-03,7
84266e7ffffffff-2015-04,114
84266e7ffffffff-2015-05,14
84266e7ffffffff-2015-07,7
84266e7ffffffff-2015-08,2
84266e7ffffffff-2015-09,8
84266e7ffffffff-2015-10,24
84266e7ffffffff-2015-11,2
84266e7ffffffff-2016-03,21
84266e7ffffffff-2016-04,104
84266e7ffffffff-2016-05,26
84266e7ffffffff-2016-07,33
84266e7ffffffff-2016-08,7
84266e7ffffffff-2016-09,6
84266e7ffffffff-2016-10,2
84266e7ffffffff-2016-11,3
84266e7ffffffff-2017-02,5
84266e7ffffffff-2017-03,5
84266e7ffffffff-2017-04,12
84266e7ffffffff-2017-05,9
84266e7ffffffff-2017-06,2
84266e7ffffffff-2017-07,2
84266e7ffffffff-2017-08,48
84266e7ffffffff-2017-09,1
84266e7ffffffff-2017-10,4
84266e7ffffffff-2017-11,1
84266e7ffffffff-2018-03,2
84266e7ffffffff-2018-04,23
84266e7ffffffff-2018-05,26
84266e7ffffffff-2018-06,1
84266e7ffffffff-2018-07,45
84266e7ffffffff-2018-08,11
84266e7ffffffff-2018-09,6
84266e7ffffffff-2018-10,3
84266e7ffffffff-2018-11,1
84266e7ffffffff-2019-03,7
84266e7ffffffff-2019-04,21
84266e7ffffffff-2019-05,14
84266e7ffffffff-2019-07,32
84266e7ffffffff-2019-08,32
84266e7ffffffff-2019-09,19
84266e7ffffffff-2019-10,3
84266e7ffffffff-2019-11,2
84266e7ffffffff-2020-03,6
84266e7ffffffff-2020-04,34
84266e7ffffffff-2020-05,18
84266e7ffffffff-2020-06,5
84266e7ffffffff-2020-07,37
84266e7ffffffff-2020-08,23
84266e7ffffffff-2020-09,8
84266e7ffffffff-2020-10,4
84266e7ffffffff-2020-11,1
84266e7ffffffff-2021-03,30
84266e7ffffffff-2021-04,49
84266e7ffffffff-2021-05,34
84266e7ffffffff-2021-07,14
84266e7ffffffff-2021-08,32
84266e7ffffffff-2021-10,1
84266e7ffffffff-2022-03,5
84266e7ffffffff-2022-04,82
84266e7ffffffff-2022-05,27
84266e7ffffffff-2022-06,2
84266e7ffffffff-2022-07,5
84266e7ffffffff-2022-08,67
84266e7ffffffff-2022-09,23
84266e7ffffffff-2022-10,7
84266e7ffffffff-2022-11,4
84266e7ffffffff-2023-02,8
84266e7ffffffff-2023-03,15
84266e7ffffffff-2023-04,60
84266e7ffffffff-2023-05,14
84266e7ffffffff-2023-07,19
84266e7ffffffff-2023-08,39
84266e7ffffffff-2023-09,19
84266e7ffffffff-2023-10,1
84266e9ffffffff-2015-04,1
84266e9ffffffff-2018-04,1
84266e9ffffffff-2022-04,1
84266e9ffffffff-2023-05,1
84266ebffffffff-2015-05,1
84266ebffffffff-2016-07,2
84266ebffffffff-2017-05,4
84266ebffffffff-2018-04,3
84266ebffffffff-2019-04,4
84266ebffffffff-2019-05,1
84266ebffffffff-2020-05,1
84266ebffffffff-2021-04,2
84266ebffffffff-2022-04,1
84266ebffffffff-2022-05,1
84266ebffffffff-2022-09,1
84266ebffffffff-2023-04,2
84266edffffffff-2012-11,2
84266edffffffff-2013-05,1
84266edffffffff-2013-07,3
84266edffffffff-2014-03,1
84266edffffffff-2014-04,8
84266edffffffff-2015-04,2
84266edffffffff-2015-05,2
84266edffffffff-2015-08,21
84266edffffffff-2016-04,7
84266edffffffff-2016-05,1
84266edffffffff-2016-06,2
84266edffffffff-2016-10,2
84266edffffffff-2016-11,1
84266edffffffff-2017-03,4
84266edffffffff-2017-04,10
84266edffffffff-2017-05,2
84266edffffffff-2017-07,7
84266edffffffff-2017-08,5
84266edffffffff-2017-09,2
84266edffffffff-2017-10,1
84266edffffffff-2017-11,1
84266edffffffff-2018-03,1
84266edffffffff-2018-04,23
84266edffffffff-2018-05,13
84266edffffffff-2018-08,1
84266edffffffff-2018-09,1
84266edffffffff-2018-10,4
84266edffffffff-2019-04,42
84266edffffffff-2019-05,16
84266edffffffff-2019-07,6
84266edffffffff-2019-08,8
84266edffffffff-2019-09,3
84266edffffffff-2019-10,2
84266edffffffff-2019-11,1
84266edffffffff-2020-03,1
84266edffffffff-2020-04,36
84266edffffffff-2020-05,32
84266edffffffff-2020-07,8
84266edffffffff-2020-08,3
84266edffffffff-2020-10,2
84266edffffffff-2021-03,3
84266edffffffff-2021-04,23
84266edffffffff-2021-05,4
84266edffffffff-2021-07,12
84266edffffffff-2021-08,18
84266edffffffff-2021-09,24
84266edffffffff-2021-10,7
84266edffffffff-2022-03,2
84266edffffffff-2022-04,33
84266edffffffff-2022-05,36
84266edffffffff-2022-06,1
84266edffffffff-2022-07,4
84266edffffffff-2022-08,13
84266edffffffff-2022-09,8
84266edffffffff-2022-10,3
84266edffffffff-2023-04,11
84266edffffffff-2023-07,2
84266edffffffff-2023-08,6
84266edffffffff-2023-09,1
84266edffffffff-2023-10,2
84266edffffffff-2023-11,2
8426701ffffffff-2015-04,1
8426701ffffffff-2021-04,1
8426703ffffffff-2013-04,1
8426703ffffffff-2014-04,1
8426703ffffffff-2014-08,2
8426703ffffffff-2015-04,1
8426703ffffffff-2015-08,2
8426703ffffffff-2016-04,1
8426703ffffffff-2017-08,2
8426703ffffffff-2019-04,1
8426703ffffffff-2020-08,5
8426703ffffffff-2020-09,3
8426703ffffffff-2021-07,3
8426703ffffffff-2021-11,1
8426703ffffffff-2022-04,1
8426703ffffffff-2022-05,1
8426703ffffffff-2022-08,8
8426703ffffffff-2022-09,3
8426703ffffffff-2023-04,1
8426703ffffffff-2023-09,1
8426703ffffffff-2023-10,2
8426705ffffffff-2012-04,3
8426705ffffffff-2013-04,3
8426705ffffffff-2014-05,4
8426705ffffffff-2018-04,2
8426705ffffffff-2019-05,2
8426705ffffffff-2021-04,1
8426705ffffffff-2022-08,3
8426707ffffffff-2014-04,4
8426707ffffffff-2015-04,1
8426707ffffffff-2016-04,2
8426707ffffffff-2016-05,3
8426707ffffffff-2018-05,2
8426707ffffffff-2020-05,1
8426707ffffffff-2021-05,1
8426707ffffffff-2022-04,6
8426709ffffffff-2013-05,1
8426709ffffffff-2013-09,1
8426709ffffffff-2014-08,2
8426709ffffffff-2017-08,2
8426709ffffffff-2018-09,2
8426709ffffffff-2019-04,1
8426709ffffffff-2020-08,3
8426709ffffffff-2021-05,2
8426709ffffffff-2021-07,1
8426709ffffffff-2021-08,3
8426709ffffffff-2022-04,1
8426709ffffffff-2022-05,3
8426709ffffffff-2022-09,3
842670bffffffff-2013-05,1
842670bffffffff-2014-04,2
842670bffffffff-2017-04,8
842670bffffffff-2017-07,1
842670bffffffff-2017-08,1
842670bffffffff-2020-04,5
842670bffffffff-2020-05,3
842670bffffffff-2020-08,10
842670bffffffff-2021-07,2
842670bffffffff-2021-08,3
842670bffffffff-2021-09,1
842670bffffffff-2022-04,1
842670bffffffff-2022-05,1
842670bffffffff-2022-07,1
842670bffffffff-2022-08,1
842670bffffffff-2023-04,1
842670bffffffff-2023-05,1
842670bffffffff-2023-06,2
842670bffffffff-2023-07,1
842670bffffffff-2023-08,2
842670dffffffff-2017-08,1
842670dffffffff-2018-04,2
842670dffffffff-2020-04,3
842670dffffffff-2022-08,1
842670dffffffff-2023-04,1
8426711ffffffff-2012-04,2
8426711ffffffff-2012-05,10
8426711ffffffff-2012-08,4
8426711ffffffff-2012-09,4
8426711ffffffff-2012-10,2
8426711ffffffff-2013-04,2
8426711ffffffff-2013-07,6
8426711ffffffff-2013-08,13
8426711ffffffff-2013-09,3
8426711ffffffff-2014-04,4
8426711ffffffff-2014-07,2
8426711ffffffff-2014-08,5
8426711ffffffff-2014-10,2
8426711ffffffff-2014-11,2
8426711ffffffff-2015-04,6
8426711ffffffff-2015-05,6
8426711ffffffff-2015-08,14
8426711ffffffff-2015-09,3
8426711ffffffff-2016-04,12
8426711ffffffff-2016-07,4
8426711ffffffff-2016-08,15
8426711ffffffff-2016-10,2
8426711ffffffff-2017-03,2
8426711ffffffff-2017-04,13
8426711ffffffff-2017-05,5
8426711ffffffff-2017-07,6
8426711ffffffff-2017-08,2
8426711ffffffff-2018-03,1
8426711ffffffff-2018-04,7
8426711ffffffff-2018-05,4
8426711ffffffff-2018-07,2
8426711ffffffff-2018-08,1
8426711ffffffff-2018-10,1
8426711ffffffff-2019-03,2
8426711ffffffff-2019-04,10
8426711ffffffff-2019-05,2
8426711ffffffff-2019-07,1
8426711ffffffff-2019-08,1
8426711ffffffff-2020-03,1
8426711ffffffff-2020-04,17
8426711ffffffff-2020-05,5
8426711ffffffff-2020-07,6
8426711ffffffff-2020-08,11
8426711ffffffff-2020-10,3
8426711ffffffff-2020-11,5
8426711ffffffff-2021-05,3
8426711ffffffff-2021-07,1
8426711ffffffff-2021-08,5
8426711ffffffff-2021-09,11
8426711ffffffff-2022-04,1
8426711ffffffff-2022-05,3
8426711ffffffff-2022-07,1
8426711ffffffff-2022-08,15
8426711ffffffff-2022-09,4
8426711ffffffff-2023-04,3
8426711ffffffff-2023-05,4
8426711ffffffff-2023-07,10
8426711ffffffff-2023-08,3
8426711ffffffff-2023-09,1
8426713ffffffff-2012-03,2
8426713ffffffff-2012-04,6
8426713ffffffff-2014-07,5
8426713ffffffff-2014-09,2
8426713ffffffff-2015-04,11
8426713ffffffff-2015-05,5
8426713ffffffff-2015-07,19
8426713ffffffff-2015-08,3
8426713ffffffff-2015-10,5
8426713ffffffff-2016-03,1
8426713ffffffff-2016-04,12
8426713ffffffff-2016-05,8
8426713ffffffff-2016-08,1
8426713ffffffff-2016-10,4
8426713ffffffff-2017-03,4
8426713ffffffff-2017-04,4
8426713ffffffff-2017-05,5
8426713ffffffff-2017-08,1
8426713ffffffff-2018-03,1
8426713ffffffff-2018-05,1
8426713ffffffff-2019-04,4
8426713ffffffff-2019-05,25
8426713ffffffff-2020-04,12
8426713ffffffff-2020-05,33
8426713ffffffff-2020-10,1
8426713ffffffff-2021-05,2
8426713ffffffff-2021-07,10
8426713ffffffff-2022-05,1
8426713ffffffff-2023-05,1
8426717ffffffff-2012-08,3
8426717ffffffff-2013-04,2
8426717ffffffff-2013-05,4
8426717ffffffff-2013-06,1
8426717ffffffff-2013-07,4
8426717ffffffff-2013-08,1
8426717ffffffff-2013-09,2
8426717ffffffff-2014-08,1
8426717ffffffff-2015-04,2
8426717ffffffff-2015-08,15
8426717ffffffff-2015-10,9
8426717ffffffff-2016-07,2
8426717ffffffff-2016-08,2
8426717ffffffff-2017-03,1
8426717ffffffff-2017-04,2
8426717ffffffff-2017-05,6
8426717ffffffff-2017-09,1
8426717ffffffff-2018-04,4
8426717ffffffff-2018-07,1
8426717ffffffff-2018-08,2
8426717ffffffff-2019-03,2
8426717ffffffff-2019-04,23
8426717ffffffff-2019-05,8
8426717ffffffff-2019-06,2
8426717ffffffff-2019-07,7
8426717ffffffff-2020-04,9
8426717ffffffff-2020-05,5
8426717ffffffff-2020-06,1
8426717ffffffff-2020-07,3
8426717ffffffff-2020-08,8
8426717ffffffff-2020-10,4
8426717ffffffff-2020-11,2
8426717ffffffff-2021-08,1
8426717ffffffff-2021-09,1
8426717ffffffff-2022-05,3
8426717ffffffff-2022-07,3
8426717ffffffff-2022-08,3
8426717ffffffff-2022-09,1
8426717ffffffff-2022-10,2
8426717ffffffff-2023-04,1
8426717ffffffff-2023-07,1
8426717ffffffff-2023-08,1
8426719ffffffff-2012-03,5
8426719ffffffff-2012-04,19
8426719ffffffff-2012-05,6
8426719ffffffff-2012-06,12
8426719ffffffff-2012-07,18
8426719ffffffff-2012-08,7
8426719ffffffff-2012-09,6
8426719ffffffff-2012-10,6
8426719ffffffff-2013-04,3
8426719ffffffff-2013-05,1
8426719ffffffff-2013-07,13
8426719ffffffff-2013-08,60
8426719ffffffff-2013-09,31
8426719ffffffff-2014-04,60
8426719ffffffff-2014-05,27
8426719ffffffff-2014-06,2
8426719ffffffff-2014-07,9
8426719ffffffff-2014-08,51
8426719ffffffff-2014-09,44
8426719ffffffff-2014-10,2
8426719ffffffff-2014-11,2
8426719ffffffff-2015-04,4
8426719ffffffff-2015-05,5
8426719ffffffff-2015-07,2
8426719ffffffff-2015-08,75
8426719ffffffff-2015-09,72
8426719ffffffff-2015-10,12
8426719ffffffff-2015-11,1
8426719ffffffff-2016-03,3
8426719ffffffff-2016-04,22
8426719ffffffff-2016-05,19
8426719ffffffff-2016-06,12
8426719ffffffff-2016-07,73
8426719ffffffff-2016-08,90
8426719ffffffff-2016-09,38
8426719ffffffff-2016-10,14
8426719ffffffff-2016-11,6
8426719ffffffff-2016-12,2
8426719ffffffff-2017-03,3
8426719ffffffff-2017-04,30
8426719ffffffff-2017-05,12
8426719ffffffff-2017-06,29
8426719ffffffff-2017-07,39
8426719ffffffff-2017-08,167
8426719ffffffff-2017-09,51
8426719ffffffff-2017-10,6
8426719ffffffff-2017-11,2
8426719ffffffff-2018-04,21
8426719ffffffff-2018-05,44
8426719ffffffff-2018-07,21
8426719ffffffff-2018-08,89
8426719ffffffff-2018-09,5
8426719ffffffff-2018-10,11
8426719ffffffff-2019-04,10
8426719ffffffff-2019-05,5
8426719ffffffff-2019-07,42
8426719ffffffff-2019-08,279
8426719ffffffff-2019-09,73
8426719ffffffff-2019-10,3
8426719ffffffff-2020-04,73
8426719ffffffff-2020-05,19
8426719ffffffff-2020-06,7
8426719ffffffff-2020-07,90
8426719ffffffff-2020-08,231
8426719ffffffff-2020-09,106
8426719ffffffff-2020-10,17
8426719ffffffff-2020-11,4
8426719ffffffff-2021-03,2
8426719ffffffff-2021-04,10
8426719ffffffff-2021-05,36
8426719ffffffff-2021-06,7
8426719ffffffff-2021-07,15
8426719ffffffff-2021-08,149
8426719ffffffff-2021-09,48
8426719ffffffff-2021-10,7
8426719ffffffff-2021-11,4
8426719ffffffff-2022-04,10
8426719ffffffff-2022-05,30
8426719ffffffff-2022-06,12
8426719ffffffff-2022-07,19
8426719ffffffff-2022-08,203
8426719ffffffff-2022-09,39
8426719ffffffff-2022-10,8
8426719ffffffff-2022-11,1
8426719ffffffff-2023-04,6
8426719ffffffff-2023-05,8
8426719ffffffff-2023-06,3
8426719ffffffff-2023-07,44
8426719ffffffff-2023-08,158
8426719ffffffff-2023-09,61
8426719ffffffff-2023-10,9
842671bffffffff-2012-04,2
842671bffffffff-2013-05,2
842671bffffffff-2015-08,1
842671bffffffff-2016-03,1
842671bffffffff-2016-04,9
842671bffffffff-2016-05,5
842671bffffffff-2017-05,1
842671bffffffff-2017-07,1
842671bffffffff-2017-08,1
842671bffffffff-2018-04,1
842671bffffffff-2018-05,2
842671bffffffff-2018-07,1
842671bffffffff-2019-04,4
842671bffffffff-2019-05,7
842671bffffffff-2019-07,1
842671bffffffff-2019-09,1
842671bffffffff-2020-04,19
842671bffffffff-2020-05,18
842671bffffffff-2020-06,1
842671bffffffff-2020-07,2
842671bffffffff-2021-04,1
842671bffffffff-2021-05,1
842671bffffffff-2021-07,4
842671bffffffff-2021-08,5
842671bffffffff-2022-05,2
842671dffffffff-2014-04,3
842671dffffffff-2016-04,1
842671dffffffff-2016-05,3
842671dffffffff-2019-03,1
842671dffffffff-2020-04,2
842671dffffffff-2020-05,2
842671dffffffff-2021-05,1
842671dffffffff-2022-04,1
842671dffffffff-2022-05,1
842671dffffffff-2022-08,1
842671dffffffff-2023-04,3
842671dffffffff-2023-05,2
842671dffffffff-2023-07,1
842671dffffffff-2023-09,2
8426721ffffffff-2014-10,1
8426721ffffffff-2016-04,2
8426721ffffffff-2019-05,1
8426721ffffffff-2021-04,2
8426721ffffffff-2022-04,1
8426721ffffffff-2023-04,5
8426721ffffffff-2023-05,2
8426723ffffffff-2013-05,1
8426723ffffffff-2019-05,1
8426723ffffffff-2020-05,1
8426723ffffffff-2021-05,1
8426723ffffffff-2022-04,6
8426723ffffffff-2022-05,7
8426723ffffffff-2023-04,1
8426725ffffffff-2018-04,2
8426727ffffffff-2023-04,1
8426729ffffffff-2017-04,1
8426729ffffffff-2018-04,4
8426729ffffffff-2023-04,1
8426729ffffffff-2023-08,2
8426729ffffffff-2023-09,1
842672bffffffff-2018-04,1
842672dffffffff-2013-04,1
842672dffffffff-2016-04,1
842672dffffffff-2016-10,1
842672dffffffff-2017-05,5
842672dffffffff-2017-08,2
842672dffffffff-2017-09,1
842672dffffffff-2017-10,1
842672dffffffff-2018-04,3
842672dffffffff-2018-05,1
842672dffffffff-2018-08,2
842672dffffffff-2020-04,5
842672dffffffff-2020-05,2
842672dffffffff-2021-09,6
842672dffffffff-2022-04,6
842672dffffffff-2022-05,2
842672dffffffff-2022-08,1
842672dffffffff-2023-04,8
842672dffffffff-2023-05,1
842672dffffffff-2023-10,1
8426733ffffffff-2017-09,2
8426733ffffffff-2020-09,1
8426733ffffffff-2022-04,1
8426735ffffffff-2017-09,4
8426735ffffffff-2018-09,6
8426735ffffffff-2018-10,1
8426735ffffffff-2020-09,1
8426735ffffffff-2021-09,1
8426735ffffffff-2021-10,1
8426735ffffffff-2022-08,1
8426735ffffffff-2022-09,4
8426735ffffffff-2023-08,1
8426737ffffffff-2016-08,2
8426737ffffffff-2017-08,3
8426737ffffffff-2017-09,1
8426737ffffffff-2020-08,1
8426737ffffffff-2021-04,2
8426737ffffffff-2021-05,3
8426737ffffffff-2021-08,1
8426737ffffffff-2022-09,1
8426739ffffffff-2015-04,1
8426739ffffffff-2017-04,1
8426739ffffffff-2017-05,3
8426739ffffffff-2018-04,4
8426739ffffffff-2018-05,2
8426739ffffffff-2018-10,1
8426739ffffffff-2019-04,1
8426739ffffffff-2020-04,1
8426739ffffffff-2020-07,2
8426739ffffffff-2020-09,3
8426739ffffffff-2021-03,2
8426739ffffffff-2021-04,8
8426739ffffffff-2021-05,3
8426739ffffffff-2022-04,12
8426739ffffffff-2022-05,7
8426739ffffffff-2022-08,3
8426739ffffffff-2022-09,5
8426739ffffffff-2023-03,2
8426739ffffffff-2023-04,23
8426739ffffffff-2023-05,3
8426739ffffffff-2023-07,1
8426739ffffffff-2023-09,1
842673bffffffff-2012-03,1
842673bffffffff-2012-10,1
842673bffffffff-2013-09,1
842673bffffffff-2015-04,1
842673bffffffff-2015-08,1
842673bffffffff-2016-03,4
842673bffffffff-2016-04,2
842673bffffffff-2017-04,1
842673bffffffff-2018-04,8
842673bffffffff-2018-07,1
842673bffffffff-2018-09,1
842673bffffffff-2018-10,1
842673bffffffff-2019-03,5
842673bffffffff-2019-04,10
842673bffffffff-2019-05,2
842673bffffffff-2019-09,1
842673bffffffff-2020-04,15
842673bffffffff-2020-05,4
842673bffffffff-2020-07,1
842673bffffffff-2020-08,3
842673bffffffff-2021-04,11
842673bffffffff-2021-05,4
842673bffffffff-2021-07,2
842673bffffffff-2021-08,3
842673bffffffff-2022-04,11
842673bffffffff-2022-05,6
842673bffffffff-2022-07,1
842673bffffffff-2022-08,1
842673bffffffff-2022-10,3
842673bffffffff-2023-03,1
842673bffffffff-2023-04,30
842673bffffffff-2023-05,5
842673bffffffff-2023-07,1
842673bffffffff-2023-08,3
842673bffffffff-2023-09,1
842673bffffffff-2023-10,1
8426741ffffffff-2019-04,1
8426741ffffffff-2019-08,4
8426741ffffffff-2020-04,20
8426741ffffffff-2020-05,14
8426741ffffffff-2020-07,3
8426741ffffffff-2020-08,8
8426741ffffffff-2020-09,11
8426741ffffffff-2021-04,22
8426741ffffffff-2021-05,11
8426741ffffffff-2021-07,4
8426741ffffffff-2021-08,2
8426741ffffffff-2021-10,4
8426741ffffffff-2022-04,11
8426741ffffffff-2022-05,15
8426741ffffffff-2022-08,10
8426741ffffffff-2022-09,3
8426741ffffffff-2022-10,1
8426741ffffffff-2023-04,11
8426741ffffffff-2023-05,4
8426741ffffffff-2023-07,1
8426741ffffffff-2023-09,2
8426741ffffffff-2023-10,1
8426743ffffffff-2014-08,1
8426743ffffffff-2015-04,1
8426743ffffffff-2016-04,2
8426743ffffffff-2017-04,1
8426743ffffffff-2018-05,1
8426743ffffffff-2019-04,6
8426743ffffffff-2019-05,1
8426743ffffffff-2020-04,3
8426743ffffffff-2020-05,3
8426743ffffffff-2021-04,4
8426743ffffffff-2021-05,7
8426743ffffffff-2021-08,1
8426743ffffffff-2022-04,8
8426743ffffffff-2022-05,1
8426743ffffffff-2023-04,15
8426743ffffffff-2023-05,5
8426745ffffffff-2012-03,1
8426745ffffffff-2012-04,6
8426745ffffffff-2012-05,6
8426745ffffffff-2012-07,1
8426745ffffffff-2012-08,2
8426745ffffffff-2012-09,2
8426745ffffffff-2013-04,15
8426745ffffffff-2013-05,15
8426745ffffffff-2013-07,4
8426745ffffffff-2013-08,11
8426745ffffffff-2013-09,2
8426745ffffffff-2014-04,18
8426745ffffffff-2014-05,7
8426745ffffffff-2014-07,10
8426745ffffffff-2014-08,28
8426745ffffffff-2014-09,6
8426745ffffffff-2014-10,3
8426745ffffffff-2015-03,1
8426745ffffffff-2015-04,10
8426745ffffffff-2015-05,23
8426745ffffffff-2015-07,15
8426745ffffffff-2015-08,17
8426745ffffffff-2015-09,6
8426745ffffffff-2015-10,2
8426745ffffffff-2016-04,41
8426745ffffffff-2016-05,23
8426745ffffffff-2016-07,9
8426745ffffffff-2016-08,27
8426745ffffffff-2016-09,2
8426745ffffffff-2016-10,2
8426745ffffffff-2017-03,8
8426745ffffffff-2017-04,44
8426745ffffffff-2017-05,19
8426745ffffffff-2017-07,20
8426745ffffffff-2017-08,37
8426745ffffffff-2017-09,3
8426745ffffffff-2017-10,3
8426745ffffffff-2018-03,1
8426745ffffffff-2018-04,41
8426745ffffffff-2018-05,47
8426745ffffffff-2018-07,1
8426745ffffffff-2018-08,18
8426745ffffffff-2018-09,2
8426745ffffffff-2018-10,2
8426745ffffffff-2018-11,1
8426745ffffffff-2019-04,15
8426745ffffffff-2019-05,8
8426745ffffffff-2019-07,13
8426745ffffffff-2019-08,19
8426745ffffffff-2019-09,1
8426745ffffffff-2019-10,1
8426745ffffffff-2020-04,191
8426745ffffffff-2020-05,86
8426745ffffffff-2020-07,56
8426745ffffffff-2020-08,76
8426745ffffffff-2020-09,18
8426745ffffffff-2020-10,9
8426745ffffffff-2020-11,2
8426745ffffffff-2021-04,129
8426745ffffffff-2021-05,86
8426745ffffffff-2021-07,14
8426745ffffffff-2021-08,57
8426745ffffffff-2021-09,11
8426745ffffffff-2021-10,18
8426745ffffffff-2022-03,1
8426745ffffffff-2022-04,74
8426745ffffffff-2022-05,55
8426745ffffffff-2022-06,1
8426745ffffffff-2022-07,12
8426745ffffffff-2022-08,97
8426745ffffffff-2022-09,38
8426745ffffffff-2022-10,30
8426745ffffffff-2022-11,1
8426745ffffffff-2023-04,130
8426745ffffffff-2023-05,41
8426745ffffffff-2023-07,53
8426745ffffffff-2023-08,102
8426745ffffffff-2023-09,20
8426745ffffffff-2023-10,14
8426745ffffffff-2023-11,6
8426747ffffffff-2012-04,2
8426747ffffffff-2013-04,4
8426747ffffffff-2013-05,2
8426747ffffffff-2014-04,24
8426747ffffffff-2014-05,31
8426747ffffffff-2014-08,1
8426747ffffffff-2014-09,1
8426747ffffffff-2015-04,15
8426747ffffffff-2015-05,15
8426747ffffffff-2015-08,2
8426747ffffffff-2015-09,5
8426747ffffffff-2016-03,5
8426747ffffffff-2016-04,36
8426747ffffffff-2016-05,20
8426747ffffffff-2016-06,1
8426747ffffffff-2017-03,19
8426747ffffffff-2017-04,45
8426747ffffffff-2017-05,52
8426747ffffffff-2017-07,2
8426747ffffffff-2017-08,5
8426747ffffffff-2017-09,1
8426747ffffffff-2018-04,31
8426747ffffffff-2018-05,50
8426747ffffffff-2018-07,1
8426747ffffffff-2019-04,9
8426747ffffffff-2019-05,32
8426747ffffffff-2019-07,1
8426747ffffffff-2019-08,11
8426747ffffffff-2020-03,3
8426747ffffffff-2020-04,25
8426747ffffffff-2020-05,32
8426747ffffffff-2020-07,1
8426747ffffffff-2020-08,5
8426747ffffffff-2020-09,5
8426747ffffffff-2020-10,1
8426747ffffffff-2020-11,1
8426747ffffffff-2021-04,64
8426747ffffffff-2021-05,89
8426747ffffffff-2021-07,1
8426747ffffffff-2021-08,1
8426747ffffffff-2021-10,2
8426747ffffffff-2022-03,2
8426747ffffffff-2022-04,27
8426747ffffffff-2022-05,25
8426747ffffffff-2022-07,1
8426747ffffffff-2022-08,40
8426747ffffffff-2022-09,12
8426747ffffffff-2023-03,4
8426747ffffffff-2023-04,40
8426747ffffffff-2023-05,60
8426747ffffffff-2023-07,1
8426747ffffffff-2023-08,3
8426747ffffffff-2023-09,4
8426747ffffffff-2023-10,19
8426749ffffffff-2014-05,2
8426749ffffffff-2015-04,8
8426749ffffffff-2015-05,1
8426749ffffffff-2018-05,1
8426749ffffffff-2018-08,1
8426749ffffffff-2022-05,1
8426749ffffffff-2023-04,1
842674bffffffff-2016-04,1
842674bffffffff-2016-07,1
842674bffffffff-2017-03,1
842674bffffffff-2020-05,1
842674bffffffff-2020-10,1
842674bffffffff-2021-07,1
842674bffffffff-2021-08,11
842674bffffffff-2021-09,9
842674bffffffff-2022-04,2
842674bffffffff-2022-07,4
842674bffffffff-2022-08,3
842674bffffffff-2022-09,3
842674bffffffff-2023-04,7
842674bffffffff-2023-05,2
842674bffffffff-2023-07,1
842674bffffffff-2023-08,7
842674bffffffff-2023-09,1
842674dffffffff-2014-08,2
842674dffffffff-2023-08,1
8426751ffffffff-2016-05,1
8426751ffffffff-2018-05,2
8426751ffffffff-2020-09,1
8426751ffffffff-2020-10,1
8426751ffffffff-2021-04,2
8426751ffffffff-2021-05,3
8426751ffffffff-2021-08,3
8426751ffffffff-2022-04,6
8426751ffffffff-2022-05,3
8426751ffffffff-2022-07,1
8426751ffffffff-2022-08,7
8426751ffffffff-2023-04,5
8426751ffffffff-2023-05,3
8426753ffffffff-2014-04,2
8426753ffffffff-2014-07,2
8426753ffffffff-2015-04,1
8426753ffffffff-2016-04,4
8426753ffffffff-2016-05,1
8426753ffffffff-2016-07,1
8426753ffffffff-2017-03,1
8426753ffffffff-2017-04,2
8426753ffffffff-2018-04,2
8426753ffffffff-2018-05,2
8426753ffffffff-2019-05,3
8426753ffffffff-2020-04,3
8426753ffffffff-2020-05,2
8426753ffffffff-2020-10,1
8426753ffffffff-2021-04,2
8426753ffffffff-2021-05,1
8426753ffffffff-2023-04,4
8426753ffffffff-2023-05,2
8426755ffffffff-2013-07,1
8426755ffffffff-2018-04,1
8426755ffffffff-2020-05,1
8426755ffffffff-2020-08,3
8426755ffffffff-2020-10,1
8426755ffffffff-2021-03,2
8426755ffffffff-2021-04,2
8426755ffffffff-2021-07,1
8426755ffffffff-2021-09,2
8426755ffffffff-2022-05,1
8426755ffffffff-2022-08,2
8426755ffffffff-2022-09,4
8426755ffffffff-2023-04,4
8426755ffffffff-2023-09,1
8426755ffffffff-2023-10,1
8426757ffffffff-2012-08,1
8426757ffffffff-2014-05,2
8426757ffffffff-2015-04,1
8426757ffffffff-2016-03,2
8426757ffffffff-2016-09,1
8426757ffffffff-2017-04,1
8426757ffffffff-2017-05,1
8426757ffffffff-2018-05,2
8426757ffffffff-2018-09,1
8426757ffffffff-2019-05,2
8426757ffffffff-2019-10,1
8426757ffffffff-2020-08,1
8426757ffffffff-2020-09,2
8426757ffffffff-2021-04,3
8426757ffffffff-2021-05,1
8426757ffffffff-2022-05,1
8426757ffffffff-2022-08,1
8426757ffffffff-2022-09,1
8426757ffffffff-2023-04,1
8426759ffffffff-2012-05,1
8426759ffffffff-2013-05,7
8426759ffffffff-2013-06,1
8426759ffffffff-2013-08,1
8426759ffffffff-2014-04,2
8426759ffffffff-2014-05,5
8426759ffffffff-2014-08,2
8426759ffffffff-2015-05,2
8426759ffffffff-2015-07,1
8426759ffffffff-2016-04,1
8426759ffffffff-2016-07,2
8426759ffffffff-2016-08,1
8426759ffffffff-2016-09,1
8426759ffffffff-2017-04,2
8426759ffffffff-2017-05,2
8426759ffffffff-2017-08,3
8426759ffffffff-2018-04,3
8426759ffffffff-2018-05,4
8426759ffffffff-2018-07,1
8426759ffffffff-2018-08,1
8426759ffffffff-2018-09,1
8426759ffffffff-2019-05,2
8426759ffffffff-2019-07,16
8426759ffffffff-2019-08,36
8426759ffffffff-2019-09,22
8426759ffffffff-2019-10,1
8426759ffffffff-2020-04,57
8426759ffffffff-2020-05,13
8426759ffffffff-2020-07,17
8426759ffffffff-2020-08,11
8426759ffffffff-2020-09,2
8426759ffffffff-2021-04,23
8426759ffffffff-2021-05,19
8426759ffffffff-2021-06,1
8426759ffffffff-2021-07,13
8426759ffffffff-2021-08,39
8426759ffffffff-2021-09,5
8426759ffffffff-2021-10,1
8426759ffffffff-2022-04,15
8426759ffffffff-2022-05,14
8426759ffffffff-2022-06,1
8426759ffffffff-2023-04,2
8426759ffffffff-2023-05,12
8426759ffffffff-2023-08,2
8426759ffffffff-2023-09,2
842675bffffffff-2012-03,2
842675bffffffff-2012-04,2
842675bffffffff-2012-05,2
842675bffffffff-2012-08,1
842675bffffffff-2012-09,5
842675bffffffff-2013-04,2
842675bffffffff-2013-05,4
842675bffffffff-2013-08,3
842675bffffffff-2013-09,1
842675bffffffff-2014-03,1
842675bffffffff-2014-04,8
842675bffffffff-2015-04,2
842675bffffffff-2015-05,6
842675bffffffff-2015-07,1
842675bffffffff-2015-08,1
842675bffffffff-2016-04,2
842675bffffffff-2016-05,3
842675bffffffff-2017-03,1
842675bffffffff-2017-04,20
842675bffffffff-2017-05,26
842675bffffffff-2017-10,1
842675bffffffff-2018-03,2
842675bffffffff-2018-04,13
842675bffffffff-2018-05,4
842675bffffffff-2018-10,3
842675bffffffff-2019-04,4
842675bffffffff-2019-05,12
842675bffffffff-2019-07,2
842675bffffffff-2019-09,1
842675bffffffff-2019-10,2
842675bffffffff-2020-04,4
842675bffffffff-2020-05,6
842675bffffffff-2020-07,1
842675bffffffff-2020-08,2
842675bffffffff-2020-09,1
842675bffffffff-2020-10,2
842675bffffffff-2021-04,8
842675bffffffff-2021-05,14
842675bffffffff-2021-07,2
842675bffffffff-2021-08,11
842675bffffffff-2022-04,4
842675bffffffff-2022-05,1
842675bffffffff-2022-07,2
842675bffffffff-2022-08,38
842675bffffffff-2022-09,16
842675bffffffff-2022-10,4
842675bffffffff-2023-04,16
842675bffffffff-2023-05,31
842675bffffffff-2023-06,5
842675bffffffff-2023-07,40
842675bffffffff-2023-08,26
842675bffffffff-2023-09,40
842675bffffffff-2023-10,11
842675dffffffff-2012-09,2
842675dffffffff-2013-04,2
842675dffffffff-2013-08,1
842675dffffffff-2013-09,1
842675dffffffff-2014-04,3
842675dffffffff-2014-05,2
842675dffffffff-2014-08,2
842675dffffffff-2015-03,1
842675dffffffff-2015-04,4
842675dffffffff-2015-05,8
842675dffffffff-2015-07,2
842675dffffffff-2015-08,2
842675dffffffff-2016-04,1
842675dffffffff-2016-05,3
842675dffffffff-2016-08,1
842675dffffffff-2017-04,3
842675dffffffff-2017-05,3
842675dffffffff-2017-08,19
842675dffffffff-2017-09,6
842675dffffffff-2018-04,8
842675dffffffff-2018-05,5
842675dffffffff-2018-08,9
842675dffffffff-2018-10,1
842675dffffffff-2019-04,2
842675dffffffff-2019-08,8
842675dffffffff-2019-09,3
842675dffffffff-2020-03,1
842675dffffffff-2020-04,21
842675dffffffff-2020-05,27
842675dffffffff-2020-07,2
842675dffffffff-2020-08,5
842675dffffffff-2020-09,1
842675dffffffff-2020-10,6
842675dffffffff-2021-04,6
842675dffffffff-2021-05,5
842675dffffffff-2022-04,13
842675dffffffff-2022-05,11
842675dffffffff-2022-06,1
842675dffffffff-2022-07,2
842675dffffffff-2022-08,7
842675dffffffff-2022-09,4
842675dffffffff-2023-04,49
842675dffffffff-2023-05,19
842675dffffffff-2023-07,4
842675dffffffff-2023-08,10
842675dffffffff-2023-09,10
8426761ffffffff-2013-08,1
8426761ffffffff-2016-04,1
8426761ffffffff-2016-08,1
8426761ffffffff-2017-04,1
8426761ffffffff-2020-05,4
8426761ffffffff-2021-05,1
8426761ffffffff-2022-08,1
8426763ffffffff-2017-08,1
8426763ffffffff-2018-04,1
8426763ffffffff-2018-05,1
8426763ffffffff-2019-04,3
8426763ffffffff-2020-04,1
8426763ffffffff-2020-08,1
8426763ffffffff-2020-09,3
8426763ffffffff-2021-04,2
8426763ffffffff-2021-05,3
8426763ffffffff-2021-06,1
8426763ffffffff-2021-07,26
8426763ffffffff-2021-08,8
8426763ffffffff-2021-09,1
8426763ffffffff-2022-04,4
8426763ffffffff-2022-05,2
8426763ffffffff-2022-07,1
8426763ffffffff-2022-08,4
8426763ffffffff-2023-03,1
8426763ffffffff-2023-04,16
8426763ffffffff-2023-05,18
8426765ffffffff-2013-04,1
8426765ffffffff-2013-05,2
8426765ffffffff-2014-04,5
8426765ffffffff-2014-05,5
8426765ffffffff-2014-08,2
8426765ffffffff-2017-03,1
8426765ffffffff-2017-07,2
8426765ffffffff-2017-08,24
8426765ffffffff-2017-09,2
8426765ffffffff-2018-05,1
8426765ffffffff-2018-08,9
8426765ffffffff-2018-09,2
8426765ffffffff-2019-07,1
8426765ffffffff-2019-08,4
8426765ffffffff-2020-04,10
8426765ffffffff-2020-05,9
8426765ffffffff-2020-07,1
8426765ffffffff-2020-08,6
8426765ffffffff-2020-09,8
8426765ffffffff-2020-10,1
8426765ffffffff-2021-04,5
8426765ffffffff-2021-05,4
8426765ffffffff-2021-08,2
8426765ffffffff-2021-09,2
8426765ffffffff-2021-10,1
8426765ffffffff-2022-03,1
8426765ffffffff-2022-04,8
8426765ffffffff-2022-05,3
8426765ffffffff-2022-08,6
8426765ffffffff-2022-09,1
8426765ffffffff-2022-10,7
8426765ffffffff-2023-04,2
8426765ffffffff-2023-05,1
8426765ffffffff-2023-08,1
8426765ffffffff-2023-09,3
8426765ffffffff-2023-10,4
8426767ffffffff-2017-07,1
8426767ffffffff-2017-08,2
8426767ffffffff-2018-04,2
8426767ffffffff-2018-05,1
8426767ffffffff-2018-08,1
8426767ffffffff-2018-09,1
8426767ffffffff-2018-10,1
8426767ffffffff-2019-08,1
8426767ffffffff-2020-09,1
8426767ffffffff-2021-05,1
8426767ffffffff-2021-08,1
8426767ffffffff-2021-09,2
8426767ffffffff-2022-04,10
8426767ffffffff-2022-05,2
8426767ffffffff-2022-08,2
8426767ffffffff-2023-04,5
8426767ffffffff-2023-05,7
8426767ffffffff-2023-08,4
8426767ffffffff-2023-09,2
8426767ffffffff-2023-10,2
8426769ffffffff-2012-04,1
8426769ffffffff-2012-05,1
8426769ffffffff-2012-07,1
8426769ffffffff-2012-08,3
8426769ffffffff-2012-09,2
8426769ffffffff-2013-04,8
8426769ffffffff-2013-05,2
8426769ffffffff-2015-04,3
8426769ffffffff-2015-05,1
8426769ffffffff-2016-04,3
8426769ffffffff-2017-04,1
8426769ffffffff-2017-05,1
8426769ffffffff-2017-07,1
8426769ffffffff-2017-08,1
8426769ffffffff-2017-09,1
8426769ffffffff-2018-04,3
8426769ffffffff-2018-05,6
8426769ffffffff-2018-08,1
8426769ffffffff-2019-04,3
8426769ffffffff-2019-05,3
8426769ffffffff-2020-04,4
8426769ffffffff-2020-05,2
8426769ffffffff-2020-08,4
8426769ffffffff-2021-04,5
8426769ffffffff-2021-05,1
8426769ffffffff-2021-08,1
8426769ffffffff-2021-09,2
8426769ffffffff-2022-04,2
8426769ffffffff-2022-08,1
8426769ffffffff-2022-09,1
8426769ffffffff-2023-05,4
842676bffffffff-2021-05,1
842676bffffffff-2023-05,2
842676dffffffff-2015-04,2
842676dffffffff-2016-04,3
842676dffffffff-2016-05,1
842676dffffffff-2016-07,1
842676dffffffff-2017-05,1
842676dffffffff-2018-04,2
842676dffffffff-2018-05,2
842676dffffffff-2020-04,2
842676dffffffff-2020-05,2
842676dffffffff-2020-08,2
842676dffffffff-2020-09,4
842676dffffffff-2020-10,2
842676dffffffff-2021-04,6
842676dffffffff-2021-05,22
842676dffffffff-2022-04,12
842676dffffffff-2022-05,3
842676dffffffff-2022-07,1
842676dffffffff-2022-08,10
842676dffffffff-2023-04,12
842676dffffffff-2023-05,2
842676dffffffff-2023-10,1
8426801ffffffff-2016-04,1
8426801ffffffff-2017-05,1
8426801ffffffff-2019-08,1
8426803ffffffff-2020-04,2
8426803ffffffff-2021-07,2
8426803ffffffff-2022-08,8
8426803ffffffff-2022-09,4
8426805ffffffff-2015-05,2
8426805ffffffff-2015-09,2
8426805ffffffff-2016-08,5
8426805ffffffff-2017-04,5
8426805ffffffff-2020-04,1
8426805ffffffff-2021-04,1
8426805ffffffff-2021-07,2
8426805ffffffff-2021-08,5
8426805ffffffff-2021-09,3
8426805ffffffff-2022-09,3
8426805ffffffff-2023-05,1
8426805ffffffff-2023-08,1
8426805ffffffff-2023-09,7
8426805ffffffff-2023-10,1
8426807ffffffff-2021-04,1
842680bffffffff-2012-06,2
842680bffffffff-2012-07,3
842680bffffffff-2013-04,2
842680bffffffff-2013-05,5
842680bffffffff-2013-07,9
842680bffffffff-2013-08,2
842680bffffffff-2014-06,5
842680bffffffff-2014-07,9
842680bffffffff-2014-08,5
842680bffffffff-2014-09,1
842680bffffffff-2015-04,7
842680bffffffff-2015-07,8
842680bffffffff-2015-08,13
842680bffffffff-2016-04,17
842680bffffffff-2016-07,10
842680bffffffff-2016-08,24
842680bffffffff-2017-04,19
842680bffffffff-2017-07,7
842680bffffffff-2017-08,15
842680bffffffff-2018-04,6
842680bffffffff-2018-05,3
842680bffffffff-2018-08,10
842680bffffffff-2018-09,10
842680bffffffff-2019-04,30
842680bffffffff-2019-05,1
842680bffffffff-2019-07,5
842680bffffffff-2019-08,13
842680bffffffff-2019-09,1
842680bffffffff-2020-05,11
842680bffffffff-2020-07,5
842680bffffffff-2020-08,10
842680bffffffff-2020-09,5
842680bffffffff-2021-04,29
842680bffffffff-2021-05,6
842680bffffffff-2021-07,7
842680bffffffff-2021-08,7
842680bffffffff-2021-09,11
842680bffffffff-2022-04,28
842680bffffffff-2022-05,1
842680bffffffff-2022-06,2
842680bffffffff-2022-07,5
842680bffffffff-2022-08,15
842680bffffffff-2022-09,8
842680bffffffff-2023-04,3
842680bffffffff-2023-05,1
842680bffffffff-2023-07,13
842680bffffffff-2023-08,21
842680bffffffff-2023-09,6
8426813ffffffff-2013-04,1
8426813ffffffff-2021-04,1
8426815ffffffff-2014-08,1
8426815ffffffff-2018-09,1
8426815ffffffff-2020-04,2
8426815ffffffff-2021-07,1
8426815ffffffff-2022-08,3
8426815ffffffff-2022-09,1
8426815ffffffff-2023-08,2
8426817ffffffff-2012-04,1
8426817ffffffff-2013-04,2
8426817ffffffff-2019-04,2
8426819ffffffff-2016-08,1
8426819ffffffff-2018-08,1
8426819ffffffff-2018-09,1
8426819ffffffff-2019-05,1
8426819ffffffff-2021-04,2
8426819ffffffff-2022-05,1
8426819ffffffff-2023-04,1
842681bffffffff-2012-04,3
842681bffffffff-2012-05,6
842681bffffffff-2012-07,2
842681bffffffff-2012-08,11
842681bffffffff-2012-09,29
842681bffffffff-2012-10,2
842681bffffffff-2013-04,95
842681bffffffff-2013-05,11
842681bffffffff-2013-07,1
842681bffffffff-2013-08,3
842681bffffffff-2013-09,7
842681bffffffff-2013-10,1
842681bffffffff-2014-04,20
842681bffffffff-2014-05,18
842681bffffffff-2014-09,16
842681bffffffff-2014-10,6
842681bffffffff-2014-11,1
842681bffffffff-2015-04,16
842681bffffffff-2015-05,2
842681bffffffff-2015-07,2
842681bffffffff-2015-08,8
842681bffffffff-2015-09,3
842681bffffffff-2015-10,4
842681bffffffff-2016-04,21
842681bffffffff-2016-05,7
842681bffffffff-2016-08,16
842681bffffffff-2016-09,37
842681bffffffff-2016-10,14
842681bffffffff-2017-03,1
842681bffffffff-2017-04,63
842681bffffffff-2017-05,14
842681bffffffff-2017-07,1
842681bffffffff-2017-08,36
842681bffffffff-2017-09,6
842681bffffffff-2017-10,7
842681bffffffff-2018-03,8
842681bffffffff-2018-04,67
842681bffffffff-2018-05,16
842681bffffffff-2018-07,3
842681bffffffff-2018-08,7
842681bffffffff-2018-09,37
842681bffffffff-2018-10,17
842681bffffffff-2018-11,1
842681bffffffff-2019-04,130
842681bffffffff-2019-05,23
842681bffffffff-2019-06,1
842681bffffffff-2019-07,3
842681bffffffff-2019-08,100
842681bffffffff-2019-09,7
842681bffffffff-2019-10,10
842681bffffffff-2020-04,153
842681bffffffff-2020-05,20
842681bffffffff-2020-07,11
842681bffffffff-2020-08,15
842681bffffffff-2020-09,27
842681bffffffff-2020-10,6
842681bffffffff-2021-03,4
842681bffffffff-2021-04,370
842681bffffffff-2021-05,39
842681bffffffff-2021-07,10
842681bffffffff-2021-08,63
842681bffffffff-2021-09,12
842681bffffffff-2021-10,5
842681bffffffff-2022-04,252
842681bffffffff-2022-05,108
842681bffffffff-2022-07,21
842681bffffffff-2022-08,15
842681bffffffff-2022-09,58
842681bffffffff-2022-10,26
842681bffffffff-2023-04,337
842681bffffffff-2023-05,63
842681bffffffff-2023-07,2
842681bffffffff-2023-08,192
842681bffffffff-2023-09,170
842681dffffffff-2021-08,1
842681dffffffff-2023-04,4
8426821ffffffff-2017-04,1
8426821ffffffff-2020-04,1
8426821ffffffff-2020-09,1
8426821ffffffff-2021-04,3
8426821ffffffff-2021-09,2
8426821ffffffff-2023-08,9
8426825ffffffff-2017-09,2
842682dffffffff-2017-04,1
8426831ffffffff-2017-04,1
8426831ffffffff-2023-04,1
8426831ffffffff-2023-09,1
8426833ffffffff-2023-04,3
8426835ffffffff-2021-04,11
8426835ffffffff-2021-08,1
8426835ffffffff-2023-09,1
8426839ffffffff-2013-10,1
8426841ffffffff-2012-07,2
8426841ffffffff-2014-09,1
8426841ffffffff-2014-10,1
8426841ffffffff-2016-09,1
8426841ffffffff-2017-08,4
8426841ffffffff-2018-08,1
8426841ffffffff-2020-08,2
8426841ffffffff-2021-06,1
8426841ffffffff-2021-08,9
8426841ffffffff-2021-09,7
8426841ffffffff-2022-04,1
8426841ffffffff-2022-07,1
8426841ffffffff-2022-08,13
8426841ffffffff-2022-09,12
8426841ffffffff-2023-07,5
8426841ffffffff-2023-08,3
8426841ffffffff-2023-09,5
8426843ffffffff-2021-08,2
8426845ffffffff-2018-07,1
8426849ffffffff-2018-10,1
842684bffffffff-2023-06,2
842684dffffffff-2018-08,4
842684dffffffff-2018-09,9
842684dffffffff-2020-09,1
842684dffffffff-2022-07,2
8426851ffffffff-2012-03,1
8426851ffffffff-2012-04,8
8426851ffffffff-2012-06,3
8426851ffffffff-2012-08,2
8426851ffffffff-2012-09,3
8426851ffffffff-2013-04,12
8426851ffffffff-2013-05,5
8426851ffffffff-2013-08,2
8426851ffffffff-2013-09,2
8426851ffffffff-2013-10,3
8426851ffffffff-2014-08,1
8426851ffffffff-2014-09,5
8426851ffffffff-2015-04,2
8426851ffffffff-2015-07,1
8426851ffffffff-2015-09,2
8426851ffffffff-2016-05,2
8426851ffffffff-2016-08,1
8426851ffffffff-2016-09,1
8426851ffffffff-2017-04,6
8426851ffffffff-2017-05,2
8426851ffffffff-2017-09,17
8426851ffffffff-2018-04,12
8426851ffffffff-2018-05,10
8426851ffffffff-2018-06,1
8426851ffffffff-2018-07,5
8426851ffffffff-2018-08,12
8426851ffffffff-2018-09,13
8426851ffffffff-2018-10,5
8426851ffffffff-2019-04,16
8426851ffffffff-2019-08,12
8426851ffffffff-2019-09,3
8426851ffffffff-2020-03,2
8426851ffffffff-2020-04,9
8426851ffffffff-2020-05,4
8426851ffffffff-2020-06,2
8426851ffffffff-2020-07,4
8426851ffffffff-2020-08,6
8426851ffffffff-2020-09,1
8426851ffffffff-2021-04,2
8426851ffffffff-2021-05,1
8426851ffffffff-2021-07,8
8426851ffffffff-2021-08,6
8426851ffffffff-2022-04,8
8426851ffffffff-2022-07,1
8426851ffffffff-2022-08,3
8426851ffffffff-2023-05,1
8426851ffffffff-2023-07,4
8426851ffffffff-2023-08,13
8426851ffffffff-2023-09,2
8426853ffffffff-2012-09,1
8426853ffffffff-2013-04,1
8426853ffffffff-2013-05,1
8426853ffffffff-2014-05,1
8426853ffffffff-2015-04,1
8426853ffffffff-2016-04,1
8426853ffffffff-2017-04,4
8426853ffffffff-2018-04,5
8426853ffffffff-2019-05,1
8426853ffffffff-2020-04,1
8426853ffffffff-2021-04,3
8426853ffffffff-2021-05,1
8426853ffffffff-2022-04,8
8426853ffffffff-2022-05,7
8426853ffffffff-2023-04,11
8426853ffffffff-2023-05,7
8426855ffffffff-2013-05,3
8426855ffffffff-2021-08,1
8426855ffffffff-2023-05,5
8426857ffffffff-2017-06,1
8426857ffffffff-2022-07,2
8426859ffffffff-2012-09,1
8426859ffffffff-2013-07,1
8426859ffffffff-2015-08,1
8426859ffffffff-2015-09,1
8426859ffffffff-2016-08,3
8426859ffffffff-2017-09,7
8426859ffffffff-2017-10,1
8426859ffffffff-2018-07,1
8426859ffffffff-2018-08,1
8426859ffffffff-2019-05,1
8426859ffffffff-2019-08,9
8426859ffffffff-2019-09,2
8426859ffffffff-2019-10,1
8426859ffffffff-2020-04,2
8426859ffffffff-2020-05,1
8426859ffffffff-2020-07,1
8426859ffffffff-2020-08,1
8426859ffffffff-2020-09,3
8426859ffffffff-2021-04,24
8426859ffffffff-2021-05,4
8426859ffffffff-2021-08,4
8426859ffffffff-2021-09,5
8426859ffffffff-2022-08,1
8426859ffffffff-2022-09,1
8426859ffffffff-2023-04,6
8426859ffffffff-2023-08,1
8426859ffffffff-2023-09,2
842685bffffffff-2013-04,1
842685bffffffff-2013-05,2
842685bffffffff-2014-05,1
842685bffffffff-2018-04,1
842685bffffffff-2018-07,1
842685bffffffff-2020-03,4
842685bffffffff-2020-04,2
842685bffffffff-2021-04,3
842685bffffffff-2021-07,1
842685bffffffff-2021-08,4
842685bffffffff-2021-09,1
842685bffffffff-2022-04,1
842685bffffffff-2022-09,1
842685bffffffff-2023-03,7
842685bffffffff-2023-05,1
842685bffffffff-2023-07,2
842685bffffffff-2023-08,3
842685dffffffff-2012-03,7
842685dffffffff-2012-04,3
842685dffffffff-2012-05,2
842685dffffffff-2012-08,2
842685dffffffff-2012-09,1
842685dffffffff-2013-04,3
842685dffffffff-2013-07,3
842685dffffffff-2013-08,2
842685dffffffff-2013-09,7
842685dffffffff-2015-04,3
842685dffffffff-2015-07,1
842685dffffffff-2015-09,1
842685dffffffff-2016-04,1
842685dffffffff-2016-05,1
842685dffffffff-2016-06,2
842685dffffffff-2016-07,6
842685dffffffff-2016-08,2
842685dffffffff-2017-04,2
842685dffffffff-2017-05,1
842685dffffffff-2017-07,2
842685dffffffff-2017-08,5
842685dffffffff-2017-09,1
842685dffffffff-2018-04,2
842685dffffffff-2018-05,4
842685dffffffff-2018-09,2
842685dffffffff-2019-03,1
842685dffffffff-2019-07,2
842685dffffffff-2019-08,3
842685dffffffff-2019-09,1
842685dffffffff-2019-10,1
842685dffffffff-2020-04,1
842685dffffffff-2020-07,3
842685dffffffff-2020-08,1
842685dffffffff-2020-09,1
842685dffffffff-2021-04,14
842685dffffffff-2021-06,3
842685dffffffff-2021-08,4
842685dffffffff-2021-09,3
842685dffffffff-2021-10,5
842685dffffffff-2022-04,8
842685dffffffff-2022-05,2
842685dffffffff-2022-06,2
842685dffffffff-2022-08,6
842685dffffffff-2022-09,8
842685dffffffff-2022-10,2
842685dffffffff-2023-03,1
842685dffffffff-2023-04,6
842685dffffffff-2023-05,1
842685dffffffff-2023-07,4
842685dffffffff-2023-08,12
842685dffffffff-2023-09,5
842685dffffffff-2023-10,4
842686bffffffff-2017-08,2
842686bffffffff-2018-04,1
842686bffffffff-2018-05,2
842686bffffffff-2019-05,2
842686bffffffff-2019-08,2
842686bffffffff-2020-04,2
842686bffffffff-2020-07,2
842686bffffffff-2020-09,2
842686bffffffff-2021-04,2
842686bffffffff-2021-07,1
842686bffffffff-2021-08,3
842686dffffffff-2019-08,1
8426881ffffffff-2013-04,3
8426881ffffffff-2013-05,3
8426881ffffffff-2014-05,1
8426881ffffffff-2016-05,5
8426881ffffffff-2017-04,3
8426881ffffffff-2017-08,1
8426881ffffffff-2018-03,9
8426881ffffffff-2018-04,15
8426881ffffffff-2019-04,3
8426881ffffffff-2019-08,1
8426881ffffffff-2019-10,13
8426881ffffffff-2020-04,26
8426881ffffffff-2020-07,4
8426881ffffffff-2020-08,2
8426881ffffffff-2020-09,4
8426881ffffffff-2020-10,3
8426881ffffffff-2021-03,4
8426881ffffffff-2021-04,107
8426881ffffffff-2021-08,1
8426881ffffffff-2022-04,14
8426881ffffffff-2022-05,2
8426881ffffffff-2022-08,7
8426881ffffffff-2022-09,5
8426881ffffffff-2023-04,27
8426881ffffffff-2023-05,6
8426881ffffffff-2023-09,2
8426885ffffffff-2014-08,1
8426885ffffffff-2016-09,1
8426885ffffffff-2017-09,1
8426885ffffffff-2019-10,2
8426885ffffffff-2020-05,2
8426885ffffffff-2020-07,1
8426885ffffffff-2020-08,9
8426885ffffffff-2021-08,8
8426885ffffffff-2022-08,6
8426885ffffffff-2023-05,2
8426885ffffffff-2023-09,1
8426887ffffffff-2014-09,1
8426887ffffffff-2015-09,1
8426887ffffffff-2021-04,1
8426887ffffffff-2022-04,1
8426889ffffffff-2012-04,10
8426889ffffffff-2012-05,8
8426889ffffffff-2012-07,1
8426889ffffffff-2012-08,4
8426889ffffffff-2013-04,11
8426889ffffffff-2013-05,3
8426889ffffffff-2013-08,1
8426889ffffffff-2014-04,9
8426889ffffffff-2014-05,4
8426889ffffffff-2014-08,1
8426889ffffffff-2014-09,2
8426889ffffffff-2015-04,20
8426889ffffffff-2015-05,1
8426889ffffffff-2016-04,6
8426889ffffffff-2016-05,43
8426889ffffffff-2017-04,6
8426889ffffffff-2017-05,7
8426889ffffffff-2017-08,60
8426889ffffffff-2017-09,2
8426889ffffffff-2017-10,8
8426889ffffffff-2018-03,3
8426889ffffffff-2018-04,71
8426889ffffffff-2018-05,23
8426889ffffffff-2018-07,4
8426889ffffffff-2018-08,3
8426889ffffffff-2018-09,22
8426889ffffffff-2019-04,80
8426889ffffffff-2019-05,46
8426889ffffffff-2019-08,14
8426889ffffffff-2019-09,1
8426889ffffffff-2020-04,59
8426889ffffffff-2020-05,23
8426889ffffffff-2020-10,2
8426889ffffffff-2021-04,249
8426889ffffffff-2021-05,21
8426889ffffffff-2021-09,1
8426889ffffffff-2022-04,114
8426889ffffffff-2022-05,60
8426889ffffffff-2022-07,1
8426889ffffffff-2022-08,9
8426889ffffffff-2022-09,33
8426889ffffffff-2023-04,55
8426889ffffffff-2023-05,103
8426889ffffffff-2023-08,4
8426889ffffffff-2023-09,15
842688bffffffff-2013-04,1
842688bffffffff-2015-04,1
842688bffffffff-2018-03,2
842688bffffffff-2018-04,1
842688bffffffff-2018-05,5
842688bffffffff-2018-08,1
842688bffffffff-2018-09,1
842688bffffffff-2020-04,2
842688bffffffff-2020-05,1
842688bffffffff-2021-05,1
842688dffffffff-2012-04,2
842688dffffffff-2012-08,1
842688dffffffff-2013-03,1
842688dffffffff-2013-04,7
842688dffffffff-2013-05,1
842688dffffffff-2014-04,2
842688dffffffff-2015-04,7
842688dffffffff-2015-05,1
842688dffffffff-2016-04,1
842688dffffffff-2016-05,2
842688dffffffff-2016-08,2
842688dffffffff-2017-04,8
842688dffffffff-2017-05,1
842688dffffffff-2018-04,21
842688dffffffff-2019-04,2
842688dffffffff-2019-05,1
842688dffffffff-2019-09,7
842688dffffffff-2019-10,2
842688dffffffff-2020-04,9
842688dffffffff-2021-04,9
842688dffffffff-2021-05,2
842688dffffffff-2022-05,6
842688dffffffff-2023-04,18
842688dffffffff-2023-08,1
8426897ffffffff-2023-05,1
8426899ffffffff-2013-04,1
8426899ffffffff-2014-04,1
8426899ffffffff-2014-08,2
8426899ffffffff-2015-04,6
8426899ffffffff-2016-04,1
8426899ffffffff-2017-08,2
8426899ffffffff-2018-08,2
8426899ffffffff-2020-04,3
8426899ffffffff-2020-08,1
8426899ffffffff-2021-04,1
8426899ffffffff-2021-09,1
8426899ffffffff-2023-05,2
842689dffffffff-2015-04,1
842689dffffffff-2016-07,1
842689dffffffff-2016-08,1
842689dffffffff-2020-09,3
842689dffffffff-2021-08,1
84268a1ffffffff-2013-04,5
84268a1ffffffff-2014-04,2
84268a1ffffffff-2016-04,3
84268a1ffffffff-2017-04,1
84268a1ffffffff-2018-04,5
84268a1ffffffff-2018-08,1
84268a1ffffffff-2018-09,3
84268a1ffffffff-2019-04,4
84268a1ffffffff-2019-08,2
84268a1ffffffff-2019-09,2
84268a1ffffffff-2019-10,1
84268a1ffffffff-2020-04,4
84268a1ffffffff-2020-09,3
84268a1ffffffff-2021-04,13
84268a1ffffffff-2021-05,1
84268a1ffffffff-2021-08,6
84268a1ffffffff-2022-04,2
84268a1ffffffff-2023-04,5
84268a3ffffffff-2012-08,2
84268a3ffffffff-2012-09,1
84268a3ffffffff-2013-08,1
84268a3ffffffff-2013-09,1
84268a3ffffffff-2014-04,1
84268a3ffffffff-2015-08,4
84268a3ffffffff-2016-04,1
84268a3ffffffff-2016-05,2
84268a3ffffffff-2016-07,2
84268a3ffffffff-2016-08,4
84268a3ffffffff-2017-04,1
84268a3ffffffff-2017-08,4
84268a3ffffffff-2017-09,1
84268a3ffffffff-2018-07,1
84268a3ffffffff-2019-07,3
84268a3ffffffff-2019-08,2
84268a3ffffffff-2019-09,6
84268a3ffffffff-2019-10,1
84268a3ffffffff-2020-08,6
84268a3ffffffff-2020-09,1
84268a3ffffffff-2021-04,2
84268a3ffffffff-2021-08,5
84268a3ffffffff-2021-09,1
84268a3ffffffff-2022-05,3
84268a3ffffffff-2022-08,1
84268a3ffffffff-2022-09,5
84268a3ffffffff-2023-03,1
84268a3ffffffff-2023-04,12
84268a3ffffffff-2023-05,3
84268a3ffffffff-2023-07,2
84268a3ffffffff-2023-08,6
84268a3ffffffff-2023-09,3
84268a7ffffffff-2014-08,1
84268a7ffffffff-2015-08,1
84268a7ffffffff-2015-10,1
84268a7ffffffff-2017-04,2
84268a7ffffffff-2018-07,6
84268a7ffffffff-2019-08,5
84268a7ffffffff-2020-07,2
84268a7ffffffff-2020-08,4
84268a7ffffffff-2020-09,2
84268a7ffffffff-2021-04,2
84268a7ffffffff-2022-04,3
84268a7ffffffff-2022-07,8
84268a7ffffffff-2022-08,5
84268a7ffffffff-2022-09,2
84268a7ffffffff-2023-04,2
84268a7ffffffff-2023-08,1
84268a7ffffffff-2023-09,1
84268a9ffffffff-2023-08,1
84268adffffffff-2012-05,2
84268adffffffff-2014-04,1
84268adffffffff-2014-08,1
84268adffffffff-2015-03,1
84268adffffffff-2015-05,1
84268adffffffff-2017-04,5
84268adffffffff-2018-04,1
84268adffffffff-2018-07,4
84268adffffffff-2018-08,2
84268adffffffff-2019-04,1
84268adffffffff-2019-07,2
84268adffffffff-2020-04,2
84268adffffffff-2021-03,1
84268adffffffff-2021-04,11
84268adffffffff-2021-07,3
84268adffffffff-2021-08,2
84268adffffffff-2023-04,2
84268adffffffff-2023-08,4
84268b1ffffffff-2020-09,2
84268b1ffffffff-2021-04,1
84268b3ffffffff-2012-04,4
84268b3ffffffff-2012-07,7
84268b3ffffffff-2013-04,5
84268b3ffffffff-2013-07,1
84268b3ffffffff-2014-08,2
84268b3ffffffff-2014-10,1
84268b3ffffffff-2015-04,1
84268b3ffffffff-2015-07,1
84268b3ffffffff-2015-08,2
84268b3ffffffff-2016-10,1
84268b3ffffffff-2017-08,1
84268b3ffffffff-2017-09,2
84268b3ffffffff-2018-04,1
84268b3ffffffff-2018-09,2
84268b3ffffffff-2019-04,3
84268b3ffffffff-2019-08,3
84268b3ffffffff-2019-09,2
84268b3ffffffff-2020-04,2
84268b3ffffffff-2020-05,1
84268b3ffffffff-2020-07,2
84268b3ffffffff-2020-08,5
84268b3ffffffff-2020-09,8
84268b3ffffffff-2020-10,122
84268b3ffffffff-2021-04,1
84268b3ffffffff-2021-05,1
84268b3ffffffff-2021-07,1
84268b3ffffffff-2021-08,5
84268b3ffffffff-2021-09,14
84268b3ffffffff-2021-10,3
84268b3ffffffff-2022-04,4
84268b3ffffffff-2022-05,4
84268b3ffffffff-2022-06,1
84268b3ffffffff-2022-08,1
84268b3ffffffff-2023-04,8
84268b3ffffffff-2023-05,8
84268b3ffffffff-2023-08,2
84268b3ffffffff-2023-10,6
84268b5ffffffff-2019-08,1
84268b5ffffffff-2021-04,2
84268b5ffffffff-2021-07,2
84268b5ffffffff-2023-09,1
84268b9ffffffff-2016-05,2
84268b9ffffffff-2019-09,1
84268c1ffffffff-2012-04,3
84268c1ffffffff-2013-04,4
84268c1ffffffff-2013-05,2
84268c1ffffffff-2014-04,1
84268c1ffffffff-2014-05,2
84268c1ffffffff-2015-04,1
84268c1ffffffff-2015-05,1
84268c1ffffffff-2015-08,10
84268c1ffffffff-2015-09,3
84268c1ffffffff-2016-04,3
84268c1ffffffff-2016-05,4
84268c1ffffffff-2016-06,1
84268c1ffffffff-2017-04,3
84268c1ffffffff-2017-05,1
84268c1ffffffff-2018-04,1
84268c1ffffffff-2018-08,1
84268c1ffffffff-2019-04,2
84268c1ffffffff-2019-09,2
84268c1ffffffff-2020-05,1
84268c1ffffffff-2021-04,1
84268c1ffffffff-2023-07,1
84268c1ffffffff-2023-08,5
84268c1ffffffff-2023-09,4
84268c3ffffffff-2014-09,1
84268c3ffffffff-2015-08,66
84268c3ffffffff-2015-09,12
84268c3ffffffff-2015-11,2
84268c3ffffffff-2016-04,16
84268c3ffffffff-2016-05,15
84268c3ffffffff-2016-07,4
84268c3ffffffff-2016-08,14
84268c3ffffffff-2016-09,5
84268c3ffffffff-2017-04,43
84268c3ffffffff-2017-05,16
84268c3ffffffff-2017-07,9
84268c3ffffffff-2017-08,39
84268c3ffffffff-2017-09,2
84268c3ffffffff-2018-03,3
84268c3ffffffff-2018-04,20
84268c3ffffffff-2022-07,2
84268c3ffffffff-2022-08,3
84268c3ffffffff-2023-06,6
84268c3ffffffff-2023-07,12
84268c3ffffffff-2023-08,7
84268c5ffffffff-2012-05,2
84268c5ffffffff-2018-08,1
84268c5ffffffff-2018-10,2
84268c5ffffffff-2020-09,1
84268c5ffffffff-2021-08,1
84268c5ffffffff-2023-04,2
84268c7ffffffff-2012-05,1
84268c7ffffffff-2012-09,1
84268c7ffffffff-2013-04,3
84268c7ffffffff-2013-05,4
84268c7ffffffff-2014-05,2
84268c7ffffffff-2014-07,1
84268c7ffffffff-2015-04,15
84268c7ffffffff-2015-05,2
84268c7ffffffff-2015-08,2
84268c7ffffffff-2015-09,1
84268c7ffffffff-2016-04,15
84268c7ffffffff-2016-05,4
84268c7ffffffff-2016-08,5
84268c7ffffffff-2017-04,3
84268c7ffffffff-2017-08,5
84268c7ffffffff-2018-04,14
84268c7ffffffff-2018-05,4
84268c7ffffffff-2019-04,1
84268c7ffffffff-2019-07,1
84268c7ffffffff-2020-04,53
84268c7ffffffff-2020-05,2
84268c7ffffffff-2020-07,1
84268c7ffffffff-2020-08,4
84268c7ffffffff-2020-09,1
84268c7ffffffff-2021-04,75
84268c7ffffffff-2021-05,4
84268c7ffffffff-2021-08,22
84268c7ffffffff-2021-09,11
84268c7ffffffff-2022-04,46
84268c7ffffffff-2022-05,2
84268c7ffffffff-2022-08,9
84268c7ffffffff-2022-09,1
84268c7ffffffff-2023-04,17
84268c7ffffffff-2023-05,2
84268c7ffffffff-2023-06,1
84268c7ffffffff-2023-08,19
84268c7ffffffff-2023-09,6
84268c9ffffffff-2013-09,1
84268c9ffffffff-2014-09,1
84268c9ffffffff-2015-05,2
84268c9ffffffff-2015-07,8
84268c9ffffffff-2015-08,1
84268c9ffffffff-2016-05,1
84268c9ffffffff-2016-08,18
84268c9ffffffff-2016-09,21
84268c9ffffffff-2023-08,1
84268c9ffffffff-2023-09,2
84268cbffffffff-2015-04,3
84268cbffffffff-2015-05,1
84268cbffffffff-2015-08,4
84268cbffffffff-2015-09,1
84268cbffffffff-2016-04,1
84268cbffffffff-2016-07,1
84268cbffffffff-2017-05,1
84268cbffffffff-2020-04,3
84268cbffffffff-2020-05,2
84268cbffffffff-2023-05,7
84268cbffffffff-2023-09,12
84268cdffffffff-2012-04,2
84268cdffffffff-2012-05,3
84268cdffffffff-2012-07,2
84268cdffffffff-2012-08,6
84268cdffffffff-2012-09,3
84268cdffffffff-2013-04,50
84268cdffffffff-2013-05,60
84268cdffffffff-2013-08,2
84268cdffffffff-2013-09,1
84268cdffffffff-2014-04,9
84268cdffffffff-2014-05,15
84268cdffffffff-2014-06,1
84268cdffffffff-2014-07,5
84268cdffffffff-2014-08,6
84268cdffffffff-2014-09,3
84268cdffffffff-2014-10,2
84268cdffffffff-2015-04,30
84268cdffffffff-2015-05,7
84268cdffffffff-2015-07,1
84268cdffffffff-2015-08,41
84268cdffffffff-2015-09,10
84268cdffffffff-2016-04,29
84268cdffffffff-2016-05,18
84268cdffffffff-2016-08,8
84268cdffffffff-2016-09,6
84268cdffffffff-2017-04,25
84268cdffffffff-2017-05,12
84268cdffffffff-2017-06,1
84268cdffffffff-2017-07,2
84268cdffffffff-2017-08,32
84268cdffffffff-2017-09,34
84268cdffffffff-2017-10,1
84268cdffffffff-2018-04,75
84268cdffffffff-2018-05,16
84268cdffffffff-2018-07,1
84268cdffffffff-2018-08,27
84268cdffffffff-2018-09,24
84268cdffffffff-2018-10,30
84268cdffffffff-2019-03,1
84268cdffffffff-2019-04,86
84268cdffffffff-2019-05,78
84268cdffffffff-2019-07,2
84268cdffffffff-2019-08,33
84268cdffffffff-2019-09,15
84268cdffffffff-2019-10,66
84268cdffffffff-2020-03,1
84268cdffffffff-2020-04,150
84268cdffffffff-2020-05,29
84268cdffffffff-2020-07,8
84268cdffffffff-2020-08,38
84268cdffffffff-2020-09,111
84268cdffffffff-2020-10,5
84268cdffffffff-2021-04,561
84268cdffffffff-2021-05,48
84268cdffffffff-2021-07,1
84268cdffffffff-2021-08,72
84268cdffffffff-2021-09,44
84268cdffffffff-2021-10,1
84268cdffffffff-2022-04,233
84268cdffffffff-2022-05,82
84268cdffffffff-2022-06,1
84268cdffffffff-2022-07,47
84268cdffffffff-2022-08,130
84268cdffffffff-2022-09,55
84268cdffffffff-2022-10,6
84268cdffffffff-2023-03,15
84268cdffffffff-2023-04,426
84268cdffffffff-2023-05,104
84268cdffffffff-2023-06,7
84268cdffffffff-2023-07,10
84268cdffffffff-2023-08,44
84268cdffffffff-2023-09,21
84268cdffffffff-2023-10,1
84268d1ffffffff-2012-09,1
84268d1ffffffff-2014-09,2
84268d1ffffffff-2017-09,1
84268d1ffffffff-2017-10,1
84268d1ffffffff-2018-04,3
84268d1ffffffff-2018-08,1
84268d1ffffffff-2019-04,1
84268d1ffffffff-2019-09,1
84268d1ffffffff-2021-04,2
84268d1ffffffff-2022-04,1
84268d1ffffffff-2022-08,4
84268d1ffffffff-2023-04,7
84268d3ffffffff-2012-09,1
84268d3ffffffff-2012-10,1
84268d3ffffffff-2013-04,4
84268d3ffffffff-2013-05,2
84268d3ffffffff-2013-06,1
84268d3ffffffff-2014-05,4
84268d3ffffffff-2014-07,1
84268d3ffffffff-2014-08,3
84268d3ffffffff-2014-09,16
84268d3ffffffff-2014-10,9
84268d3ffffffff-2014-11,1
84268d3ffffffff-2015-04,16
84268d3ffffffff-2015-05,21
84268d3ffffffff-2015-06,1
84268d3ffffffff-2015-07,2
84268d3ffffffff-2016-04,1
84268d3ffffffff-2016-05,12
84268d3ffffffff-2016-06,2
84268d3ffffffff-2016-07,2
84268d3ffffffff-2017-04,2
84268d3ffffffff-2017-07,1
84268d3ffffffff-2017-08,15
84268d3ffffffff-2017-09,5
84268d3ffffffff-2018-04,2
84268d3ffffffff-2018-07,16
84268d3ffffffff-2018-08,24
84268d3ffffffff-2018-09,7
84268d3ffffffff-2018-10,3
84268d3ffffffff-2019-04,1
84268d3ffffffff-2019-05,1
84268d3ffffffff-2019-10,2
84268d3ffffffff-2020-04,1
84268d3ffffffff-2020-05,1
84268d3ffffffff-2020-07,4
84268d3ffffffff-2020-08,35
84268d3ffffffff-2020-09,4
84268d3ffffffff-2020-10,8
84268d3ffffffff-2020-11,1
84268d3ffffffff-2021-03,3
84268d3ffffffff-2021-04,5
84268d3ffffffff-2021-05,2
84268d3ffffffff-2021-06,1
84268d3ffffffff-2021-07,2
84268d3ffffffff-2021-08,25
84268d3ffffffff-2021-09,14
84268d3ffffffff-2021-10,5
84268d3ffffffff-2022-04,17
84268d3ffffffff-2022-06,1
84268d3ffffffff-2022-07,9
84268d3ffffffff-2022-08,7
84268d3ffffffff-2022-09,9
84268d3ffffffff-2022-10,2
84268d3ffffffff-2023-04,2
84268d3ffffffff-2023-05,5
84268d3ffffffff-2023-06,1
84268d3ffffffff-2023-08,2
84268d3ffffffff-2023-09,12
84268d3ffffffff-2023-10,4
84268d5ffffffff-2012-09,3
84268d5ffffffff-2013-04,1
84268d5ffffffff-2013-05,2
84268d5ffffffff-2015-05,3
84268d5ffffffff-2015-09,3
84268d5ffffffff-2016-07,3
84268d5ffffffff-2016-08,1
84268d5ffffffff-2018-10,1
84268d5ffffffff-2020-07,1
84268d5ffffffff-2020-08,4
84268d5ffffffff-2020-09,1
84268d5ffffffff-2021-08,14
84268d5ffffffff-2021-09,2
84268d5ffffffff-2022-07,3
84268d7ffffffff-2012-04,1
84268d7ffffffff-2012-05,6
84268d7ffffffff-2013-04,27
84268d7ffffffff-2013-05,11
84268d7ffffffff-2013-06,4
84268d7ffffffff-2013-07,5
84268d7ffffffff-2013-09,3
84268d7ffffffff-2014-04,17
84268d7ffffffff-2014-05,7
84268d7ffffffff-2014-08,2
84268d7ffffffff-2014-09,5
84268d7ffffffff-2014-10,5
84268d7ffffffff-2014-11,1
84268d7ffffffff-2015-04,15
84268d7ffffffff-2015-05,3
84268d7ffffffff-2015-07,2
84268d7ffffffff-2015-10,1
84268d7ffffffff-2016-04,30
84268d7ffffffff-2016-05,4
84268d7ffffffff-2016-07,1
84268d7ffffffff-2016-08,4
84268d7ffffffff-2017-03,2
84268d7ffffffff-2017-04,7
84268d7ffffffff-2017-08,27
84268d7ffffffff-2017-09,3
84268d7ffffffff-2017-10,1
84268d7ffffffff-2018-04,6
84268d7ffffffff-2018-07,9
84268d7ffffffff-2018-08,20
84268d7ffffffff-2018-09,22
84268d7ffffffff-2018-10,6
84268d7ffffffff-2018-11,2
84268d7ffffffff-2019-03,1
84268d7ffffffff-2019-04,21
84268d7ffffffff-2019-05,10
84268d7ffffffff-2019-08,5
84268d7ffffffff-2019-10,2
84268d7ffffffff-2020-04,28
84268d7ffffffff-2020-08,24
84268d7ffffffff-2020-09,16
84268d7ffffffff-2020-10,12
84268d7ffffffff-2021-03,6
84268d7ffffffff-2021-04,87
84268d7ffffffff-2021-05,8
84268d7ffffffff-2021-07,2
84268d7ffffffff-2021-08,10
84268d7ffffffff-2021-09,10
84268d7ffffffff-2022-03,9
84268d7ffffffff-2022-04,103
84268d7ffffffff-2022-05,5
84268d7ffffffff-2022-07,3
84268d7ffffffff-2022-08,7
84268d7ffffffff-2022-09,11
84268d7ffffffff-2022-10,14
84268d7ffffffff-2023-04,23
84268d7ffffffff-2023-05,29
84268d7ffffffff-2023-06,2
84268d7ffffffff-2023-07,3
84268d7ffffffff-2023-08,13
84268d7ffffffff-2023-09,19
84268d7ffffffff-2023-10,1
84268d9ffffffff-2016-04,8
84268d9ffffffff-2016-05,3
84268d9ffffffff-2022-08,1
84268d9ffffffff-2022-10,1
84268d9ffffffff-2023-04,5
84268d9ffffffff-2023-05,3
84268d9ffffffff-2023-09,12
84268d9ffffffff-2023-10,3
84268d9ffffffff-2023-11,1
84268dbffffffff-2013-05,1
84268dbffffffff-2013-09,3
84268dbffffffff-2017-05,4
84268dbffffffff-2017-07,2
84268dbffffffff-2017-08,2
84268dbffffffff-2017-09,4
84268dbffffffff-2019-04,1
84268dbffffffff-2020-09,1
84268dbffffffff-2022-08,26
84268dbffffffff-2022-09,11
84268dbffffffff-2022-10,1
84268dbffffffff-2023-04,5
84268dbffffffff-2023-05,3
84268dbffffffff-2023-08,2
84268ddffffffff-2016-04,3
84268ddffffffff-2016-05,5
84268ddffffffff-2019-05,1
84268ddffffffff-2022-08,1
84268ddffffffff-2023-08,1
84268ddffffffff-2023-09,2
84268ddffffffff-2023-10,3
84268e1ffffffff-2013-08,1
84268e1ffffffff-2014-05,1
84268e1ffffffff-2014-07,1
84268e1ffffffff-2014-09,2
84268e1ffffffff-2015-09,1
84268e1ffffffff-2017-07,1
84268e1ffffffff-2017-09,2
84268e1ffffffff-2018-07,1
84268e1ffffffff-2019-05,2
84268e1ffffffff-2019-10,2
84268e1ffffffff-2020-04,1
84268e1ffffffff-2020-07,4
84268e1ffffffff-2020-08,2
84268e1ffffffff-2020-09,2
84268e1ffffffff-2021-06,1
84268e1ffffffff-2021-08,1
84268e1ffffffff-2021-09,1
84268e1ffffffff-2022-04,4
84268e1ffffffff-2023-04,1
84268e1ffffffff-2023-06,2
84268e1ffffffff-2023-07,27
84268e1ffffffff-2023-08,12
84268e1ffffffff-2023-09,1
84268e5ffffffff-2021-08,1
84268e7ffffffff-2012-04,1
84268e7ffffffff-2016-04,1
84268e7ffffffff-2020-04,13
84268e7ffffffff-2021-04,22
84268e7ffffffff-2021-05,1
84268e7ffffffff-2022-04,2
84268e7ffffffff-2022-08,2
84268e7ffffffff-2023-04,2
84268e9ffffffff-2014-04,1
84268e9ffffffff-2016-07,2
84268e9ffffffff-2020-07,4
84268ebffffffff-2015-08,1
84268ebffffffff-2019-08,1
84268ebffffffff-2020-04,2
84268ebffffffff-2020-08,2
84268ebffffffff-2020-09,2
84268ebffffffff-2021-04,6
84268ebffffffff-2021-10,1
84268ebffffffff-2022-04,1
84268ebffffffff-2022-05,2
84268ebffffffff-2022-08,1
84268ebffffffff-2023-04,5
84268ebffffffff-2023-08,1
84268edffffffff-2018-04,1
84268edffffffff-2018-05,1
84268edffffffff-2021-08,2
84268edffffffff-2022-04,1
8426901ffffffff-2019-09,2
8426901ffffffff-2021-08,1
8426901ffffffff-2023-08,1
8426905ffffffff-2012-01,1
8426905ffffffff-2012-03,1
8426905ffffffff-2012-07,1
8426905ffffffff-2012-08,2
8426905ffffffff-2012-09,1
8426905ffffffff-2013-04,5
8426905ffffffff-2013-09,1
8426905ffffffff-2014-04,2
8426905ffffffff-2015-04,1
8426905ffffffff-2015-07,1
8426905ffffffff-2015-09,2
8426905ffffffff-2015-10,1
8426905ffffffff-2016-04,1
8426905ffffffff-2016-07,1
8426905ffffffff-2016-11,1
8426905ffffffff-2017-04,7
8426905ffffffff-2017-06,1
8426905ffffffff-2017-10,1
8426905ffffffff-2018-04,7
8426905ffffffff-2018-05,1
8426905ffffffff-2018-10,2
8426905ffffffff-2019-04,2
8426905ffffffff-2020-04,36
8426905ffffffff-2020-05,18
8426905ffffffff-2020-08,4
8426905ffffffff-2020-09,1
8426905ffffffff-2021-08,2
8426905ffffffff-2021-10,1
8426905ffffffff-2022-04,2
8426905ffffffff-2023-03,2
8426905ffffffff-2023-04,10
8426905ffffffff-2023-08,1
842690bffffffff-2012-03,1
842690bffffffff-2012-04,1
842690bffffffff-2012-05,1
842690bffffffff-2014-04,1
842690bffffffff-2015-03,1
842690bffffffff-2016-04,1
842690bffffffff-2016-08,1
842690bffffffff-2017-03,2
842690bffffffff-2018-05,1
842690bffffffff-2021-08,2
842690dffffffff-2016-04,1
842690dffffffff-2016-08,1
842690dffffffff-2017-09,1
842690dffffffff-2019-04,2
842690dffffffff-2020-04,4
842690dffffffff-2021-04,1
842690dffffffff-2022-04,5
842690dffffffff-2022-05,1
842690dffffffff-2023-04,1
8426913ffffffff-2022-04,2
8426913ffffffff-2023-08,1
8426919ffffffff-2022-08,1
842691dffffffff-2013-08,1
8426921ffffffff-2016-03,1
8426921ffffffff-2018-04,1
8426923ffffffff-2012-04,1
8426923ffffffff-2013-05,3
8426923ffffffff-2019-08,1
8426923ffffffff-2023-04,3
8426927ffffffff-2012-02,1
8426927ffffffff-2013-10,1
8426927ffffffff-2017-03,1
8426927ffffffff-2018-04,1
8426927ffffffff-2020-04,1
8426927ffffffff-2020-10,1
8426927ffffffff-2021-07,1
8426927ffffffff-2021-10,1
8426929ffffffff-2012-08,1
8426929ffffffff-2013-04,5
8426929ffffffff-2013-09,1
8426929ffffffff-2014-04,1
8426929ffffffff-2015-08,3
8426929ffffffff-2016-07,1
8426929ffffffff-2017-04,1
8426929ffffffff-2017-08,1
8426929ffffffff-2018-04,3
8426929ffffffff-2018-07,1
8426929ffffffff-2018-08,4
8426929ffffffff-2019-05,1
8426929ffffffff-2019-08,2
8426929ffffffff-2020-04,4
8426929ffffffff-2020-05,1
8426929ffffffff-2020-07,1
8426929ffffffff-2020-08,4
8426929ffffffff-2020-09,1
8426929ffffffff-2021-04,6
8426929ffffffff-2021-10,1
8426929ffffffff-2022-04,2
8426929ffffffff-2022-07,1
8426929ffffffff-2022-11,1
8426929ffffffff-2023-04,1
8426929ffffffff-2023-05,1
8426929ffffffff-2023-07,1
8426929ffffffff-2023-10,1
842692bffffffff-2013-04,1
842692bffffffff-2015-05,1
842692bffffffff-2021-04,1
842692bffffffff-2023-08,1
842692bffffffff-2023-09,1
8426939ffffffff-2020-07,1
8426939ffffffff-2021-04,2
8426939ffffffff-2021-08,4
8426939ffffffff-2021-09,1
8426939ffffffff-2022-04,2
842693dffffffff-2023-09,2
8426945ffffffff-2014-04,1
8426945ffffffff-2016-08,1
8426945ffffffff-2017-08,1
8426945ffffffff-2017-09,1
8426945ffffffff-2018-04,1
8426945ffffffff-2018-07,1
8426945ffffffff-2019-04,7
8426945ffffffff-2022-04,2
8426945ffffffff-2023-04,6
8426945ffffffff-2023-08,3
842694bffffffff-2014-08,1
842694bffffffff-2017-06,1
842694bffffffff-2018-08,1
842694bffffffff-2020-08,1
842694bffffffff-2021-07,1
842694bffffffff-2021-09,1
842694bffffffff-2022-09,1
842694bffffffff-2023-07,4
842694dffffffff-2012-06,1
842694dffffffff-2012-07,4
842694dffffffff-2013-08,1
842694dffffffff-2014-10,1
842694dffffffff-2015-04,1
842694dffffffff-2015-06,2
842694dffffffff-2016-07,2
842694dffffffff-2017-04,2
842694dffffffff-2019-05,1
842694dffffffff-2020-05,1
842694dffffffff-2020-07,2
842694dffffffff-2020-08,4
842694dffffffff-2021-05,1
842694dffffffff-2021-07,1
842694dffffffff-2021-08,1
842694dffffffff-2022-08,1
842694dffffffff-2023-04,3
8426951ffffffff-2019-04,1
8426951ffffffff-2020-04,2
8426951ffffffff-2021-04,4
8426953ffffffff-2016-04,2
8426957ffffffff-2012-08,3
8426957ffffffff-2013-04,1
8426957ffffffff-2013-05,1
8426957ffffffff-2013-08,1
8426957ffffffff-2014-04,2
8426957ffffffff-2014-05,3
8426957ffffffff-2015-05,1
8426957ffffffff-2016-04,1
8426957ffffffff-2016-09,3
8426957ffffffff-2017-04,5
8426957ffffffff-2017-05,2
8426957ffffffff-2017-08,1
8426957ffffffff-2018-04,1
8426957ffffffff-2018-05,1
8426957ffffffff-2018-08,1
8426957ffffffff-2019-04,5
8426957ffffffff-2019-05,1
8426957ffffffff-2019-07,1
8426957ffffffff-2019-08,4
8426957ffffffff-2019-09,3
8426957ffffffff-2020-04,10
8426957ffffffff-2020-05,1
8426957ffffffff-2020-09,2
8426957ffffffff-2021-04,9
8426957ffffffff-2021-05,6
8426957ffffffff-2021-07,2
8426957ffffffff-2022-04,5
8426957ffffffff-2023-04,5
8426957ffffffff-2023-05,1
8426957ffffffff-2023-08,9
8426957ffffffff-2023-09,7
842695bffffffff-2013-04,1
842695bffffffff-2018-04,1
842695bffffffff-2020-04,1
842695bffffffff-2021-04,1
8426961ffffffff-2012-04,1
8426961ffffffff-2012-08,4
8426961ffffffff-2012-09,3
8426961ffffffff-2013-04,31
8426961ffffffff-2013-05,7
8426961ffffffff-2013-08,4
8426961ffffffff-2013-09,2
8426961ffffffff-2013-10,2
8426961ffffffff-2014-04,5
8426961ffffffff-2014-05,1
8426961ffffffff-2014-07,3
8426961ffffffff-2014-08,8
8426961ffffffff-2014-09,13
8426961ffffffff-2014-11,1
8426961ffffffff-2015-05,3
8426961ffffffff-2015-08,6
8426961ffffffff-2015-09,6
8426961ffffffff-2015-10,1
8426961ffffffff-2016-03,1
8426961ffffffff-2016-04,10
8426961ffffffff-2016-05,1
8426961ffffffff-2016-07,2
8426961ffffffff-2016-08,8
8426961ffffffff-2016-09,15
8426961ffffffff-2017-04,12
8426961ffffffff-2017-05,1
8426961ffffffff-2017-07,5
8426961ffffffff-2017-08,16
8426961ffffffff-2017-09,17
8426961ffffffff-2018-04,16
8426961ffffffff-2018-07,3
8426961ffffffff-2018-08,18
8426961ffffffff-2018-09,4
8426961ffffffff-2019-04,22
8426961ffffffff-2019-05,7
8426961ffffffff-2019-08,3
8426961ffffffff-2019-09,7
8426961ffffffff-2019-10,8
8426961ffffffff-2020-04,6
8426961ffffffff-2020-05,6
8426961ffffffff-2020-07,5
8426961ffffffff-2020-08,2
8426961ffffffff-2020-09,13
8426961ffffffff-2020-10,7
8426961ffffffff-2020-11,5
8426961ffffffff-2021-04,17
8426961ffffffff-2021-07,3
8426961ffffffff-2021-08,4
8426961ffffffff-2021-09,19
8426961ffffffff-2021-10,11
8426961ffffffff-2021-12,2
8426961ffffffff-2022-01,2
8426961ffffffff-2022-04,46
8426961ffffffff-2022-07,12
8426961ffffffff-2022-08,20
8426961ffffffff-2022-09,20
8426961ffffffff-2022-10,8
8426961ffffffff-2023-04,35
8426961ffffffff-2023-05,2
8426961ffffffff-2023-07,4
8426961ffffffff-2023-08,30
8426961ffffffff-2023-09,22
8426961ffffffff-2023-10,1
8426963ffffffff-2012-04,6
8426963ffffffff-2012-05,2
8426963ffffffff-2012-07,1
8426963ffffffff-2012-08,10
8426963ffffffff-2012-09,8
8426963ffffffff-2013-04,75
8426963ffffffff-2013-05,24
8426963ffffffff-2013-07,3
8426963ffffffff-2013-08,13
8426963ffffffff-2013-09,16
8426963ffffffff-2013-10,3
8426963ffffffff-2014-04,37
8426963ffffffff-2014-05,6
8426963ffffffff-2014-07,2
8426963ffffffff-2014-08,6
8426963ffffffff-2014-09,10
8426963ffffffff-2014-10,1
8426963ffffffff-2015-05,1
8426963ffffffff-2015-08,7
8426963ffffffff-2015-09,6
8426963ffffffff-2016-07,1
8426963ffffffff-2016-08,33
8426963ffffffff-2016-09,52
8426963ffffffff-2016-10,2
8426963ffffffff-2017-04,9
8426963ffffffff-2017-05,5
8426963ffffffff-2017-08,3
8426963ffffffff-2017-09,1
8426963ffffffff-2018-04,4
8426963ffffffff-2019-04,2
8426963ffffffff-2019-05,1
8426963ffffffff-2019-10,1
8426963ffffffff-2020-04,16
8426963ffffffff-2020-08,1
8426963ffffffff-2020-09,2
8426963ffffffff-2020-10,5
8426963ffffffff-2021-04,76
8426963ffffffff-2021-05,6
8426963ffffffff-2021-07,4
8426963ffffffff-2021-08,6
8426963ffffffff-2021-09,13
8426963ffffffff-2021-10,1
8426963ffffffff-2022-04,25
8426963ffffffff-2022-05,4
8426963ffffffff-2022-08,1
8426963ffffffff-2022-09,2
8426963ffffffff-2022-10,1
8426963ffffffff-2023-04,11
8426963ffffffff-2023-08,4
8426963ffffffff-2023-09,1
8426965ffffffff-2015-09,1
8426965ffffffff-2016-04,1
8426965ffffffff-2016-08,4
8426965ffffffff-2016-09,2
8426965ffffffff-2017-03,1
8426965ffffffff-2017-04,3
8426965ffffffff-2017-08,1
8426965ffffffff-2018-08,2
8426965ffffffff-2019-04,1
8426965ffffffff-2021-08,2
8426965ffffffff-2023-04,2
8426965ffffffff-2023-08,7
8426965ffffffff-2023-09,2
8426967ffffffff-2014-08,1
8426967ffffffff-2016-04,1
8426969ffffffff-2012-01,9
8426969ffffffff-2012-04,16
8426969ffffffff-2012-07,12
8426969ffffffff-2012-08,30
8426969ffffffff-2012-09,5
8426969ffffffff-2012-10,1
8426969ffffffff-2012-11,1
8426969ffffffff-2013-01,3
8426969ffffffff-2013-03,2
8426969ffffffff-2013-04,13
8426969ffffffff-2013-05,8
8426969ffffffff-2013-08,16
8426969ffffffff-2013-09,23
8426969ffffffff-2013-10,10
8426969ffffffff-2014-03,4
8426969ffffffff-2014-04,15
8426969ffffffff-2014-05,2
8426969ffffffff-2014-07,30
8426969ffffffff-2014-08,34
8426969ffffffff-2014-09,46
8426969ffffffff-2014-10,23
8426969ffffffff-2014-11,7
8426969ffffffff-2014-12,3
8426969ffffffff-2015-01,8
8426969ffffffff-2015-02,2
8426969ffffffff-2015-03,4
8426969ffffffff-2015-04,3
8426969ffffffff-2015-06,1
8426969ffffffff-2015-07,4
8426969ffffffff-2015-08,11
8426969ffffffff-2015-09,37
8426969ffffffff-2015-10,21
8426969ffffffff-2015-11,2
8426969ffffffff-2015-12,1
8426969ffffffff-2016-04,13
8426969ffffffff-2016-05,7
8426969ffffffff-2016-07,12
8426969ffffffff-2016-08,33
8426969ffffffff-2016-09,69
8426969ffffffff-2016-10,3
8426969ffffffff-2017-03,9
8426969ffffffff-2017-04,8
8426969ffffffff-2017-05,2
8426969ffffffff-2017-07,18
8426969ffffffff-2017-08,7
8426969ffffffff-2017-09,48
8426969ffffffff-2017-10,9
8426969ffffffff-2017-11,7
8426969ffffffff-2018-03,1
8426969ffffffff-2018-04,19
8426969ffffffff-2018-05,2
8426969ffffffff-2018-07,5
8426969ffffffff-2018-08,38
8426969ffffffff-2018-09,45
8426969ffffffff-2018-10,26
8426969ffffffff-2018-11,3
8426969ffffffff-2018-12,1
8426969ffffffff-2019-02,24
8426969ffffffff-2019-03,2
8426969ffffffff-2019-04,7
8426969ffffffff-2019-07,29
8426969ffffffff-2019-08,30
8426969ffffffff-2019-09,35
8426969ffffffff-2019-10,21
8426969ffffffff-2020-03,6
8426969ffffffff-2020-04,42
8426969ffffffff-2020-05,11
8426969ffffffff-2020-06,2
8426969ffffffff-2020-07,12
8426969ffffffff-2020-08,19
8426969ffffffff-2020-09,67
8426969ffffffff-2020-10,29
8426969ffffffff-2020-11,10
8426969ffffffff-2020-12,2
8426969ffffffff-2021-01,9
8426969ffffffff-2021-03,1
8426969ffffffff-2021-04,14
8426969ffffffff-2021-05,13
8426969ffffffff-2021-06,2
8426969ffffffff-2021-07,25
8426969ffffffff-2021-08,48
8426969ffffffff-2021-09,66
8426969ffffffff-2021-10,49
8426969ffffffff-2021-11,15
8426969ffffffff-2021-12,1
8426969ffffffff-2022-01,8
8426969ffffffff-2022-02,57
8426969ffffffff-2022-04,11
8426969ffffffff-2022-05,14
8426969ffffffff-2022-07,22
8426969ffffffff-2022-08,63
8426969ffffffff-2022-09,43
8426969ffffffff-2022-10,15
8426969ffffffff-2022-11,7
8426969ffffffff-2022-12,1
8426969ffffffff-2023-02,11
8426969ffffffff-2023-04,30
8426969ffffffff-2023-05,2
8426969ffffffff-2023-07,28
8426969ffffffff-2023-08,50
8426969ffffffff-2023-09,100
8426969ffffffff-2023-10,44
8426969ffffffff-2023-11,1
842696bffffffff-2012-04,1
842696bffffffff-2012-05,2
842696bffffffff-2012-07,1
842696bffffffff-2014-04,1
842696bffffffff-2014-05,2
842696bffffffff-2014-08,1
842696bffffffff-2015-05,2
842696bffffffff-2015-07,1
842696bffffffff-2015-08,2
842696bffffffff-2016-04,4
842696bffffffff-2016-05,1
842696bffffffff-2016-07,1
842696bffffffff-2016-08,5
842696bffffffff-2017-04,1
842696bffffffff-2017-05,1
842696bffffffff-2018-04,4
842696bffffffff-2018-09,1
842696bffffffff-2019-04,2
842696bffffffff-2019-05,2
842696bffffffff-2019-08,1
842696bffffffff-2020-04,5
842696bffffffff-2020-07,1
842696bffffffff-2021-04,7
842696bffffffff-2021-07,2
842696bffffffff-2021-08,6
842696bffffffff-2022-04,3
842696bffffffff-2023-04,4
8426981ffffffff-2013-09,2
8426981ffffffff-2016-04,1
8426981ffffffff-2017-08,2
8426981ffffffff-2017-09,1
8426981ffffffff-2019-07,1
8426981ffffffff-2019-10,1
8426981ffffffff-2020-08,1
8426981ffffffff-2020-09,1
8426981ffffffff-2021-09,1
8426981ffffffff-2022-08,6
8426983ffffffff-2019-10,1
8426983ffffffff-2020-04,4
8426983ffffffff-2020-08,1
8426983ffffffff-2021-04,2
8426983ffffffff-2022-04,2
8426985ffffffff-2013-04,1
8426985ffffffff-2016-04,1
8426987ffffffff-2014-08,1
8426987ffffffff-2017-04,1
8426987ffffffff-2018-09,1
8426987ffffffff-2020-04,1
8426987ffffffff-2020-07,2
8426987ffffffff-2020-08,3
8426987ffffffff-2020-09,5
8426987ffffffff-2021-04,8
8426987ffffffff-2021-08,43
8426987ffffffff-2021-10,1
8426987ffffffff-2022-05,1
8426987ffffffff-2022-08,26
8426987ffffffff-2022-09,2
8426987ffffffff-2023-04,9
8426987ffffffff-2023-08,11
8426987ffffffff-2023-09,5
8426989ffffffff-2013-04,3
8426989ffffffff-2018-04,5
8426989ffffffff-2018-08,2
8426989ffffffff-2019-04,2
8426989ffffffff-2019-05,2
8426989ffffffff-2019-08,1
8426989ffffffff-2019-10,2
8426989ffffffff-2020-04,5
8426989ffffffff-2020-09,2
8426989ffffffff-2021-04,1
8426989ffffffff-2021-08,10
8426989ffffffff-2021-09,2
8426989ffffffff-2022-08,6
8426989ffffffff-2023-08,1
842698dffffffff-2019-10,2
8426991ffffffff-2018-04,4
8426991ffffffff-2020-04,2
8426991ffffffff-2021-04,1
8426991ffffffff-2021-05,1
8426991ffffffff-2023-04,8
8426991ffffffff-2023-05,2
8426991ffffffff-2023-08,1
8426993ffffffff-2021-09,1
8426995ffffffff-2012-05,2
8426995ffffffff-2013-04,4
8426995ffffffff-2013-05,1
8426995ffffffff-2014-04,4
8426995ffffffff-2015-04,10
8426995ffffffff-2016-04,17
8426995ffffffff-2016-05,6
8426995ffffffff-2017-04,6
8426995ffffffff-2017-05,7
8426995ffffffff-2018-04,18
8426995ffffffff-2018-05,9
8426995ffffffff-2019-04,6
8426995ffffffff-2020-04,17
8426995ffffffff-2020-05,2
8426995ffffffff-2020-09,3
8426995ffffffff-2021-04,43
8426995ffffffff-2021-05,15
8426995ffffffff-2021-08,4
8426995ffffffff-2022-04,32
8426995ffffffff-2022-05,1
8426995ffffffff-2023-04,64
8426995ffffffff-2023-05,25
8426995ffffffff-2023-08,1
8426997ffffffff-2018-04,2
8426997ffffffff-2021-04,2
8426997ffffffff-2023-09,4
8426999ffffffff-2020-04,1
8426999ffffffff-2020-08,4
8426999ffffffff-2020-09,1
8426999ffffffff-2021-04,1
8426999ffffffff-2021-08,1
842699bffffffff-2018-04,1
84269a5ffffffff-2022-05,1
84269a9ffffffff-2022-08,1
84269b1ffffffff-2013-05,1
84269b1ffffffff-2013-06,1
84269b1ffffffff-2013-09,1
84269b1ffffffff-2013-10,1
84269b1ffffffff-2014-04,1
84269b1ffffffff-2016-06,1
84269b1ffffffff-2016-08,3
84269b1ffffffff-2022-08,1
84269b1ffffffff-2022-10,1
84269b7ffffffff-2022-09,1
84269b9ffffffff-2021-08,1
84269bbffffffff-2012-04,1
84269bbffffffff-2018-04,1
84269bbffffffff-2020-08,2
84269c1ffffffff-2012-04,1
84269c1ffffffff-2012-07,1
84269c1ffffffff-2012-08,5
84269c1ffffffff-2012-09,2
84269c1ffffffff-2013-04,1
84269c1ffffffff-2013-05,1
84269c1ffffffff-2013-09,1
84269c1ffffffff-2015-04,4
84269c1ffffffff-2015-08,2
84269c1ffffffff-2015-09,1
84269c1ffffffff-2016-05,2
84269c1ffffffff-2016-09,6
84269c1ffffffff-2017-04,3
84269c1ffffffff-2017-08,4
84269c1ffffffff-2018-04,29
84269c1ffffffff-2018-05,26
84269c1ffffffff-2018-06,1
84269c1ffffffff-2018-08,5
84269c1ffffffff-2018-09,15
84269c1ffffffff-2019-04,19
84269c1ffffffff-2019-05,6
84269c1ffffffff-2019-08,1
84269c1ffffffff-2019-10,1
84269c1ffffffff-2020-04,29
84269c1ffffffff-2020-05,1
84269c1ffffffff-2020-07,2
84269c1ffffffff-2020-08,5
84269c1ffffffff-2020-09,27
84269c1ffffffff-2020-10,3
84269c1ffffffff-2020-11,10
84269c1ffffffff-2021-04,36
84269c1ffffffff-2021-05,3
84269c1ffffffff-2021-06,2
84269c1ffffffff-2021-07,6
84269c1ffffffff-2021-08,28
84269c1ffffffff-2021-09,17
84269c1ffffffff-2022-03,1
84269c1ffffffff-2022-04,20
84269c1ffffffff-2022-05,3
84269c1ffffffff-2022-08,41
84269c1ffffffff-2022-09,9
84269c1ffffffff-2023-04,28
84269c1ffffffff-2023-08,30
84269c1ffffffff-2023-09,2
84269c1ffffffff-2023-10,1
84269c3ffffffff-2013-09,3
84269c3ffffffff-2013-10,1
84269c3ffffffff-2017-08,3
84269c3ffffffff-2019-09,1
84269c3ffffffff-2020-04,13
84269c3ffffffff-2020-05,2
84269c3ffffffff-2021-04,4
84269c3ffffffff-2021-08,1
84269c3ffffffff-2022-04,1
84269c3ffffffff-2022-08,3
84269c3ffffffff-2023-04,3
84269c5ffffffff-2023-09,1
84269cbffffffff-2012-04,2
84269cbffffffff-2012-05,1
84269cbffffffff-2012-06,3
84269cbffffffff-2012-09,2
84269cbffffffff-2013-04,8
84269cbffffffff-2014-04,1
84269cbffffffff-2014-09,1
84269cbffffffff-2015-04,4
84269cbffffffff-2015-08,4
84269cbffffffff-2016-04,13
84269cbffffffff-2016-05,3
84269cbffffffff-2016-07,3
84269cbffffffff-2017-04,4
84269cbffffffff-2017-08,1
84269cbffffffff-2017-09,2
84269cbffffffff-2018-07,3
84269cbffffffff-2018-08,1
84269cbffffffff-2019-04,5
84269cbffffffff-2019-05,1
84269cbffffffff-2019-08,5
84269cbffffffff-2020-04,12
84269cbffffffff-2020-05,1
84269cbffffffff-2020-08,1
84269cbffffffff-2021-04,1
84269cbffffffff-2021-05,1
84269cbffffffff-2022-04,7
84269cbffffffff-2022-05,2
84269cbffffffff-2022-07,3
84269cbffffffff-2022-08,2
84269cbffffffff-2022-09,2
84269cbffffffff-2022-10,1
84269cbffffffff-2023-04,3
84269cbffffffff-2023-08,31
84269cbffffffff-2023-09,12
84269cdffffffff-2012-04,1
84269cdffffffff-2012-05,1
84269cdffffffff-2013-04,1
84269cdffffffff-2014-08,2
84269cdffffffff-2015-04,1
84269cdffffffff-2015-05,1
84269cdffffffff-2016-08,4
84269cdffffffff-2017-04,1
84269cdffffffff-2017-10,1
84269cdffffffff-2018-04,25
84269cdffffffff-2018-05,8
84269cdffffffff-2019-04,18
84269cdffffffff-2019-11,2
84269cdffffffff-2020-03,1
84269cdffffffff-2020-04,1
84269cdffffffff-2020-09,1
84269cdffffffff-2020-11,1
84269cdffffffff-2021-04,90
84269cdffffffff-2021-05,5
84269cdffffffff-2022-04,39
84269cdffffffff-2022-05,3
84269cdffffffff-2022-09,2
84269cdffffffff-2022-10,30
84269cdffffffff-2023-04,37
84269cdffffffff-2023-09,1
84269d1ffffffff-2012-04,1
84269d1ffffffff-2016-05,1
84269d1ffffffff-2018-05,4
84269d1ffffffff-2020-09,5
84269d1ffffffff-2021-09,1
84269d1ffffffff-2022-04,2
84269d1ffffffff-2022-08,3
84269d1ffffffff-2022-10,2
84269d3ffffffff-2012-08,1
84269d3ffffffff-2021-07,1
84269d5ffffffff-2018-09,1
84269d5ffffffff-2018-10,2
84269d5ffffffff-2020-09,13
84269d5ffffffff-2020-11,1
84269d5ffffffff-2021-04,18
84269d5ffffffff-2021-08,2
84269d5ffffffff-2022-08,15
84269d5ffffffff-2022-09,2
84269d5ffffffff-2023-08,4
84269d7ffffffff-2021-04,1
84269d9ffffffff-2013-04,1
84269e1ffffffff-2015-08,1
84269e9ffffffff-2020-04,2
84269e9ffffffff-2020-08,1
84269e9ffffffff-2022-09,3
84269ebffffffff-2019-10,2
84269edffffffff-2015-04,5
84269edffffffff-2021-04,1
8426a01ffffffff-2020-07,1
8426a01ffffffff-2021-09,1
8426a01ffffffff-2023-08,3
8426a07ffffffff-2014-08,1
8426a07ffffffff-2016-07,1
8426a07ffffffff-2018-04,2
8426a07ffffffff-2018-09,1
8426a07ffffffff-2018-10,2
8426a07ffffffff-2020-04,2
8426a07ffffffff-2021-04,4
8426a07ffffffff-2022-04,2
8426a07ffffffff-2022-08,1
8426a07ffffffff-2022-09,1
8426a07ffffffff-2023-11,1
8426a09ffffffff-2016-08,1
8426a09ffffffff-2021-07,1
8426a09ffffffff-2021-08,1
8426a09ffffffff-2022-07,1
8426a11ffffffff-2017-08,1
8426a15ffffffff-2015-08,1
8426a15ffffffff-2021-08,2
8426a17ffffffff-2014-08,2
8426a1bffffffff-2021-08,1
8426a1bffffffff-2022-08,2
8426a1bffffffff-2022-09,3
8426a1dffffffff-2021-08,1
8426a1dffffffff-2023-05,1
8426a21ffffffff-2016-05,1
8426a21ffffffff-2020-09,2
8426a23ffffffff-2015-04,1
8426a27ffffffff-2019-10,1
8426a27ffffffff-2020-08,1
8426a27ffffffff-2022-08,1
8426a27ffffffff-2023-04,1
8426a27ffffffff-2023-08,3
8426a29ffffffff-2012-05,1
8426a29ffffffff-2014-07,1
8426a29ffffffff-2014-08,4
8426a29ffffffff-2015-05,1
8426a29ffffffff-2016-04,3
8426a29ffffffff-2016-05,2
8426a29ffffffff-2016-08,2
8426a29ffffffff-2017-04,2
8426a29ffffffff-2017-05,1
8426a29ffffffff-2017-07,1
8426a29ffffffff-2017-08,2
8426a29ffffffff-2017-09,2
8426a29ffffffff-2017-10,1
8426a29ffffffff-2018-04,1
8426a29ffffffff-2018-05,2
8426a29ffffffff-2018-08,6
8426a29ffffffff-2018-09,2
8426a29ffffffff-2018-10,1
8426a29ffffffff-2019-04,8
8426a29ffffffff-2019-05,2
8426a29ffffffff-2019-07,1
8426a29ffffffff-2019-08,2
8426a29ffffffff-2019-09,4
8426a29ffffffff-2020-07,4
8426a29ffffffff-2020-08,2
8426a29ffffffff-2020-09,3
8426a29ffffffff-2021-04,1
8426a29ffffffff-2021-08,3
8426a29ffffffff-2021-09,2
8426a29ffffffff-2022-05,2
8426a29ffffffff-2022-08,3
8426a29ffffffff-2023-07,1
8426a29ffffffff-2023-08,4
8426a29ffffffff-2023-09,1
8426a2bffffffff-2012-07,1
8426a2bffffffff-2012-08,2
8426a2bffffffff-2012-09,1
8426a2bffffffff-2012-10,1
8426a2bffffffff-2013-04,1
8426a2bffffffff-2013-05,2
8426a2bffffffff-2013-08,1
8426a2bffffffff-2013-09,3
8426a2bffffffff-2014-08,1
8426a2bffffffff-2014-09,9
8426a2bffffffff-2014-10,1
8426a2bffffffff-2015-09,5
8426a2bffffffff-2015-10,1
8426a2bffffffff-2016-09,1
8426a2bffffffff-2017-08,1
8426a2bffffffff-2017-09,2
8426a2bffffffff-2017-10,1
8426a2bffffffff-2018-04,1
8426a2bffffffff-2018-08,2
8426a2bffffffff-2018-09,5
8426a2bffffffff-2019-04,2
8426a2bffffffff-2019-05,1
8426a2bffffffff-2019-08,3
8426a2bffffffff-2020-09,5
8426a2bffffffff-2021-04,2
8426a2bffffffff-2021-08,1
8426a2bffffffff-2021-09,4
8426a2bffffffff-2023-09,2
8426a35ffffffff-2017-04,1
8426a35ffffffff-2018-09,1
8426a35ffffffff-2019-08,1
8426a35ffffffff-2021-09,1
8426a37ffffffff-2012-03,2
8426a37ffffffff-2012-05,2
8426a37ffffffff-2014-08,1
8426a37ffffffff-2014-09,2
8426a37ffffffff-2015-03,1
8426a37ffffffff-2015-07,4
8426a37ffffffff-2015-09,1
8426a37ffffffff-2016-08,6
8426a37ffffffff-2017-04,1
8426a37ffffffff-2017-09,5
8426a37ffffffff-2017-10,9
8426a37ffffffff-2018-05,11
8426a37ffffffff-2018-07,2
8426a37ffffffff-2018-08,2
8426a37ffffffff-2019-05,1
8426a37ffffffff-2019-08,2
8426a37ffffffff-2020-08,4
8426a37ffffffff-2020-09,9
8426a37ffffffff-2021-08,4
8426a37ffffffff-2021-09,11
8426a37ffffffff-2021-10,2
8426a37ffffffff-2022-05,3
8426a37ffffffff-2022-07,2
8426a37ffffffff-2022-08,1
8426a37ffffffff-2023-04,1
8426a37ffffffff-2023-08,6
8426a37ffffffff-2023-09,5
8426a39ffffffff-2021-09,2
8426a39ffffffff-2023-09,1
8426a3bffffffff-2018-09,1
8426a3bffffffff-2021-04,1
8426a3bffffffff-2021-08,1
8426a41ffffffff-2014-08,1
8426a41ffffffff-2015-04,1
8426a41ffffffff-2016-07,5
8426a41ffffffff-2016-08,3
8426a41ffffffff-2017-04,1
8426a41ffffffff-2017-08,1
8426a41ffffffff-2017-09,1
8426a41ffffffff-2018-08,6
8426a41ffffffff-2019-08,1
8426a41ffffffff-2020-04,1
8426a41ffffffff-2020-05,5
8426a41ffffffff-2020-07,1
8426a41ffffffff-2020-08,3
8426a41ffffffff-2020-09,2
8426a41ffffffff-2021-05,3
8426a41ffffffff-2021-07,20
8426a41ffffffff-2021-08,12
8426a41ffffffff-2021-09,16
8426a41ffffffff-2021-10,4
8426a41ffffffff-2022-04,7
8426a41ffffffff-2022-05,1
8426a41ffffffff-2022-06,3
8426a41ffffffff-2022-07,7
8426a41ffffffff-2022-08,4
8426a41ffffffff-2022-09,5
8426a41ffffffff-2022-10,1
8426a41ffffffff-2023-08,6
8426a41ffffffff-2023-09,9
8426a41ffffffff-2023-10,1
8426a45ffffffff-2022-07,3
8426a47ffffffff-2016-06,1
8426a47ffffffff-2018-06,1
8426a47ffffffff-2022-08,2
8426a47ffffffff-2023-08,2
8426a4bffffffff-2012-05,2
8426a4bffffffff-2012-08,1
8426a4bffffffff-2012-09,1
8426a4bffffffff-2016-08,1
8426a4bffffffff-2017-08,2
8426a4bffffffff-2018-09,1
8426a4bffffffff-2019-08,3
8426a4bffffffff-2020-04,2
8426a4bffffffff-2020-07,3
8426a4bffffffff-2020-08,9
8426a4bffffffff-2020-09,7
8426a4bffffffff-2020-10,1
8426a4bffffffff-2021-04,1
8426a4bffffffff-2021-05,5
8426a4bffffffff-2021-06,1
8426a4bffffffff-2021-07,4
8426a4bffffffff-2021-08,3
8426a4bffffffff-2021-09,1
8426a4bffffffff-2021-10,1
8426a4bffffffff-2022-07,1
8426a4bffffffff-2022-08,2
8426a4bffffffff-2023-05,1
8426a4bffffffff-2023-09,1
8426a4dffffffff-2015-07,1
8426a4dffffffff-2022-07,1
8426a51ffffffff-2020-05,1
8426a51ffffffff-2020-06,1
8426a51ffffffff-2020-09,1
8426a51ffffffff-2021-05,1
8426a51ffffffff-2021-06,1
8426a51ffffffff-2021-07,1
8426a51ffffffff-2021-09,2
8426a51ffffffff-2022-04,1
8426a51ffffffff-2022-08,3
8426a51ffffffff-2023-05,1
8426a51ffffffff-2023-09,1
8426a53ffffffff-2017-08,1
8426a53ffffffff-2022-04,2
8426a53ffffffff-2022-05,3
8426a53ffffffff-2022-08,1
8426a53ffffffff-2023-05,2
8426a5dffffffff-2020-08,1
8426a5dffffffff-2021-08,1
8426a5dffffffff-2023-09,2
8426a65ffffffff-2020-07,1
8426a69ffffffff-2023-08,5
8426a81ffffffff-2012-07,1
8426a81ffffffff-2012-09,1
8426a81ffffffff-2013-05,3
8426a81ffffffff-2014-08,1
8426a81ffffffff-2014-09,3
8426a81ffffffff-2015-07,1
8426a81ffffffff-2017-08,1
8426a81ffffffff-2017-09,1
8426a81ffffffff-2018-04,2
8426a81ffffffff-2018-05,1
8426a81ffffffff-2019-08,2
8426a81ffffffff-2020-04,4
8426a81ffffffff-2020-05,2
8426a81ffffffff-2020-07,1
8426a81ffffffff-2020-08,1
8426a81ffffffff-2021-04,2
8426a81ffffffff-2021-09,9
8426a83ffffffff-2013-04,1
8426a83ffffffff-2014-08,1
8426a83ffffffff-2016-08,1
8426a83ffffffff-2018-05,3
8426a83ffffffff-2021-05,4
8426a83ffffffff-2021-06,1
8426a83ffffffff-2021-08,1
8426a83ffffffff-2021-09,14
8426a85ffffffff-2016-05,1
8426a85ffffffff-2018-07,1
8426a87ffffffff-2012-04,4
8426a87ffffffff-2012-05,6
8426a87ffffffff-2012-07,8
8426a87ffffffff-2012-08,16
8426a87ffffffff-2012-09,4
8426a87ffffffff-2013-04,11
8426a87ffffffff-2013-05,7
8426a87ffffffff-2013-07,9
8426a87ffffffff-2013-08,25
8426a87ffffffff-2013-09,5
8426a87ffffffff-2013-10,1
8426a87ffffffff-2014-08,9
8426a87ffffffff-2014-10,10
8426a87ffffffff-2015-04,5
8426a87ffffffff-2015-05,4
8426a87ffffffff-2015-08,37
8426a87ffffffff-2015-09,26
8426a87ffffffff-2015-10,7
8426a87ffffffff-2016-04,7
8426a87ffffffff-2016-05,6
8426a87ffffffff-2016-06,1
8426a87ffffffff-2016-07,5
8426a87ffffffff-2016-08,95
8426a87ffffffff-2016-09,43
8426a87ffffffff-2016-10,2
8426a87ffffffff-2017-04,2
8426a87ffffffff-2017-07,1
8426a87ffffffff-2017-08,19
8426a87ffffffff-2017-09,63
8426a87ffffffff-2017-10,6
8426a87ffffffff-2017-11,1
8426a87ffffffff-2018-04,9
8426a87ffffffff-2018-07,2
8426a87ffffffff-2018-08,65
8426a87ffffffff-2018-09,44
8426a87ffffffff-2019-04,3
8426a87ffffffff-2019-08,13
8426a87ffffffff-2019-09,63
8426a87ffffffff-2019-10,3
8426a87ffffffff-2020-05,1
8426a87ffffffff-2020-07,35
8426a87ffffffff-2020-08,35
8426a87ffffffff-2020-09,12
8426a87ffffffff-2021-07,3
8426a87ffffffff-2021-08,110
8426a87ffffffff-2021-09,107
8426a87ffffffff-2021-10,1
8426a87ffffffff-2022-04,8
8426a87ffffffff-2022-05,3
8426a87ffffffff-2022-07,15
8426a87ffffffff-2022-08,90
8426a87ffffffff-2022-09,49
8426a87ffffffff-2022-10,29
8426a87ffffffff-2023-08,97
8426a87ffffffff-2023-09,52
8426a87ffffffff-2023-10,13
8426a89ffffffff-2021-10,2
8426a89ffffffff-2022-07,1
8426a89ffffffff-2023-05,2
8426a8bffffffff-2012-05,1
8426a8bffffffff-2012-07,5
8426a8bffffffff-2012-09,3
8426a8bffffffff-2012-10,2
8426a8bffffffff-2013-06,1
8426a8bffffffff-2013-08,1
8426a8bffffffff-2013-09,4
8426a8bffffffff-2013-10,1
8426a8bffffffff-2014-04,1
8426a8bffffffff-2014-05,4
8426a8bffffffff-2014-07,6
8426a8bffffffff-2014-08,52
8426a8bffffffff-2014-09,11
8426a8bffffffff-2014-10,3
8426a8bffffffff-2015-05,7
8426a8bffffffff-2015-07,17
8426a8bffffffff-2015-08,28
8426a8bffffffff-2015-09,2
8426a8bffffffff-2015-10,1
8426a8bffffffff-2016-03,2
8426a8bffffffff-2016-04,1
8426a8bffffffff-2016-05,8
8426a8bffffffff-2016-06,4
8426a8bffffffff-2016-07,3
8426a8bffffffff-2016-08,6
8426a8bffffffff-2016-09,6
8426a8bffffffff-2016-10,2
8426a8bffffffff-2017-04,7
8426a8bffffffff-2017-06,4
8426a8bffffffff-2017-08,16
8426a8bffffffff-2017-09,10
8426a8bffffffff-2018-04,2
8426a8bffffffff-2018-05,6
8426a8bffffffff-2018-07,2
8426a8bffffffff-2018-08,2
8426a8bffffffff-2018-09,10
8426a8bffffffff-2019-04,1
8426a8bffffffff-2019-05,2
8426a8bffffffff-2019-08,2
8426a8bffffffff-2019-09,11
8426a8bffffffff-2019-10,1
8426a8bffffffff-2020-04,3
8426a8bffffffff-2020-05,2
8426a8bffffffff-2020-07,6
8426a8bffffffff-2020-08,8
8426a8bffffffff-2020-10,3
8426a8bffffffff-2021-04,1
8426a8bffffffff-2021-08,16
8426a8bffffffff-2021-09,20
8426a8bffffffff-2021-10,2
8426a8bffffffff-2022-04,2
8426a8bffffffff-2022-05,11
8426a8bffffffff-2022-06,2
8426a8bffffffff-2022-08,9
8426a8bffffffff-2022-09,74
8426a8bffffffff-2022-10,6
8426a8bffffffff-2023-04,13
8426a8bffffffff-2023-05,6
8426a8bffffffff-2023-08,1
8426a8bffffffff-2023-09,5
8426a8bffffffff-2023-10,1
8426a91ffffffff-2014-05,4
8426a91ffffffff-2015-05,2
8426a91ffffffff-2020-08,1
8426a91ffffffff-2021-04,7
8426a91ffffffff-2023-04,2
8426a91ffffffff-2023-05,3
8426a93ffffffff-2015-04,2
8426a93ffffffff-2018-04,2
8426a93ffffffff-2019-08,4
8426a93ffffffff-2019-10,1
8426a93ffffffff-2020-04,1
8426a93ffffffff-2020-09,3
8426a93ffffffff-2020-11,1
8426a93ffffffff-2021-05,1
8426a93ffffffff-2023-08,12
8426a93ffffffff-2023-09,1
8426a95ffffffff-2012-04,2
8426a95ffffffff-2013-04,2
8426a95ffffffff-2013-05,2
8426a95ffffffff-2013-09,4
8426a95ffffffff-2014-05,2
8426a95ffffffff-2016-04,1
8426a95ffffffff-2016-05,1
8426a95ffffffff-2016-07,3
8426a95ffffffff-2016-09,2
8426a95ffffffff-2017-04,1
8426a95ffffffff-2017-05,3
8426a95ffffffff-2017-08,1
8426a95ffffffff-2018-04,4
8426a95ffffffff-2018-05,2
8426a95ffffffff-2018-07,1
8426a95ffffffff-2018-08,1
8426a95ffffffff-2019-05,2
8426a95ffffffff-2020-04,1
8426a95ffffffff-2020-08,6
8426a95ffffffff-2020-09,10
8426a95ffffffff-2020-10,2
8426a95ffffffff-2021-04,12
8426a95ffffffff-2021-05,3
8426a95ffffffff-2021-07,3
8426a95ffffffff-2021-09,2
8426a95ffffffff-2022-05,2
8426a95ffffffff-2023-04,14
8426a95ffffffff-2023-05,2
8426a95ffffffff-2023-08,1
8426a95ffffffff-2023-09,1
8426a97ffffffff-2012-04,2
8426a97ffffffff-2012-05,3
8426a97ffffffff-2014-08,2
8426a97ffffffff-2015-05,3
8426a97ffffffff-2016-04,2
8426a97ffffffff-2016-05,3
8426a97ffffffff-2018-05,2
8426a97ffffffff-2019-05,1
8426a97ffffffff-2022-05,1
8426a97ffffffff-2023-07,1
8426a99ffffffff-2017-05,9
8426a99ffffffff-2018-04,1
8426a99ffffffff-2021-08,2
8426a99ffffffff-2022-05,1
8426a9bffffffff-2015-04,2
8426a9bffffffff-2019-05,1
8426a9bffffffff-2020-07,1
8426a9bffffffff-2022-05,4
8426a9bffffffff-2023-05,1
8426a9dffffffff-2013-05,1
8426a9dffffffff-2013-09,4
8426a9dffffffff-2014-05,2
8426a9dffffffff-2014-08,4
8426a9dffffffff-2019-08,1
8426a9dffffffff-2019-09,5
8426a9dffffffff-2020-07,1
8426a9dffffffff-2021-05,13
8426a9dffffffff-2021-06,1
8426a9dffffffff-2021-07,4
8426a9dffffffff-2021-08,10
8426a9dffffffff-2021-09,14
8426a9dffffffff-2022-04,2
8426a9dffffffff-2022-05,1
8426a9dffffffff-2023-08,6
8426a9dffffffff-2023-09,10
8426a9dffffffff-2023-10,9
8426aa1ffffffff-2012-04,29
8426aa1ffffffff-2012-05,7
8426aa1ffffffff-2012-07,3
8426aa1ffffffff-2012-08,2
8426aa1ffffffff-2013-03,2
8426aa1ffffffff-2013-04,70
8426aa1ffffffff-2013-05,33
8426aa1ffffffff-2013-06,6
8426aa1ffffffff-2013-07,15
8426aa1ffffffff-2013-08,18
8426aa1ffffffff-2013-09,13
8426aa1ffffffff-2013-10,9
8426aa1ffffffff-2014-04,65
8426aa1ffffffff-2014-05,30
8426aa1ffffffff-2014-07,6
8426aa1ffffffff-2014-08,16
8426aa1ffffffff-2014-09,36
8426aa1ffffffff-2014-10,7
8426aa1ffffffff-2015-04,50
8426aa1ffffffff-2015-05,31
8426aa1ffffffff-2015-06,4
8426aa1ffffffff-2015-07,6
8426aa1ffffffff-2015-08,26
8426aa1ffffffff-2015-09,4
8426aa1ffffffff-2015-10,2
8426aa1ffffffff-2016-03,2
8426aa1ffffffff-2016-04,76
8426aa1ffffffff-2016-05,20
8426aa1ffffffff-2016-06,3
8426aa1ffffffff-2016-07,5
8426aa1ffffffff-2016-08,12
8426aa1ffffffff-2016-09,13
8426aa1ffffffff-2016-10,1
8426aa1ffffffff-2017-03,25
8426aa1ffffffff-2017-04,154
8426aa1ffffffff-2017-05,71
8426aa1ffffffff-2017-06,4
8426aa1ffffffff-2017-07,12
8426aa1ffffffff-2017-08,23
8426aa1ffffffff-2017-09,9
8426aa1ffffffff-2017-10,3
8426aa1ffffffff-2018-03,20
8426aa1ffffffff-2018-04,156
8426aa1ffffffff-2018-05,52
8426aa1ffffffff-2018-07,6
8426aa1ffffffff-2018-08,15
8426aa1ffffffff-2018-09,16
8426aa1ffffffff-2019-03,2
8426aa1ffffffff-2019-04,143
8426aa1ffffffff-2019-05,25
8426aa1ffffffff-2019-06,1
8426aa1ffffffff-2019-07,6
8426aa1ffffffff-2019-08,68
8426aa1ffffffff-2019-09,19
8426aa1ffffffff-2020-03,7
8426aa1ffffffff-2020-04,119
8426aa1ffffffff-2020-05,24
8426aa1ffffffff-2020-07,2
8426aa1ffffffff-2020-08,14
8426aa1ffffffff-2020-09,11
8426aa1ffffffff-2020-10,6
8426aa1ffffffff-2021-03,2
8426aa1ffffffff-2021-04,82
8426aa1ffffffff-2021-05,24
8426aa1ffffffff-2021-07,12
8426aa1ffffffff-2021-08,13
8426aa1ffffffff-2021-09,42
8426aa1ffffffff-2021-10,3
8426aa1ffffffff-2022-03,9
8426aa1ffffffff-2022-04,131
8426aa1ffffffff-2022-05,12
8426aa1ffffffff-2022-08,7
8426aa1ffffffff-2022-09,3
8426aa1ffffffff-2023-03,2
8426aa1ffffffff-2023-04,20
8426aa1ffffffff-2023-05,7
8426aa1ffffffff-2023-06,1
8426aa1ffffffff-2023-07,9
8426aa1ffffffff-2023-08,20
8426aa1ffffffff-2023-09,19
8426aa3ffffffff-2018-08,1
8426aa3ffffffff-2022-04,2
8426aa3ffffffff-2022-09,1
8426aa5ffffffff-2012-03,1
8426aa5ffffffff-2012-04,10
8426aa5ffffffff-2012-05,3
8426aa5ffffffff-2012-06,1
8426aa5ffffffff-2012-07,3
8426aa5ffffffff-2012-08,11
8426aa5ffffffff-2012-09,9
8426aa5ffffffff-2013-04,60
8426aa5ffffffff-2013-05,22
8426aa5ffffffff-2013-06,2
8426aa5ffffffff-2013-07,2
8426aa5ffffffff-2013-08,4
8426aa5ffffffff-2013-09,2
8426aa5ffffffff-2013-10,3
8426aa5ffffffff-2014-03,2
8426aa5ffffffff-2014-04,22
8426aa5ffffffff-2014-05,2
8426aa5ffffffff-2014-07,1
8426aa5ffffffff-2014-08,4
8426aa5ffffffff-2014-09,5
8426aa5ffffffff-2014-10,1
8426aa5ffffffff-2015-03,2
8426aa5ffffffff-2015-04,18
8426aa5ffffffff-2015-05,4
8426aa5ffffffff-2015-07,6
8426aa5ffffffff-2015-08,14
8426aa5ffffffff-2015-09,14
8426aa5ffffffff-2015-10,2
8426aa5ffffffff-2016-04,12
8426aa5ffffffff-2016-05,1
8426aa5ffffffff-2016-07,5
8426aa5ffffffff-2016-08,39
8426aa5ffffffff-2016-09,14
8426aa5ffffffff-2017-03,10
8426aa5ffffffff-2017-04,101
8426aa5ffffffff-2017-05,27
8426aa5ffffffff-2017-07,5
8426aa5ffffffff-2017-08,16
8426aa5ffffffff-2017-09,21
8426aa5ffffffff-2017-10,23
8426aa5ffffffff-2018-03,1
8426aa5ffffffff-2018-04,90
8426aa5ffffffff-2018-05,7
8426aa5ffffffff-2018-06,2
8426aa5ffffffff-2018-07,34
8426aa5ffffffff-2018-08,61
8426aa5ffffffff-2018-09,38
8426aa5ffffffff-2018-10,30
8426aa5ffffffff-2019-03,1
8426aa5ffffffff-2019-04,34
8426aa5ffffffff-2019-05,29
8426aa5ffffffff-2019-07,6
8426aa5ffffffff-2019-08,20
8426aa5ffffffff-2019-09,11
8426aa5ffffffff-2019-10,34
8426aa5ffffffff-2020-03,6
8426aa5ffffffff-2020-04,130
8426aa5ffffffff-2020-05,18
8426aa5ffffffff-2020-07,2
8426aa5ffffffff-2020-08,123
8426aa5ffffffff-2020-09,167
8426aa5ffffffff-2020-10,13
8426aa5ffffffff-2021-03,2
8426aa5ffffffff-2021-04,201
8426aa5ffffffff-2021-05,57
8426aa5ffffffff-2021-07,2
8426aa5ffffffff-2021-08,45
8426aa5ffffffff-2021-09,40
8426aa5ffffffff-2021-10,14
8426aa5ffffffff-2022-03,5
8426aa5ffffffff-2022-04,280
8426aa5ffffffff-2022-05,95
8426aa5ffffffff-2022-06,4
8426aa5ffffffff-2022-07,13
8426aa5ffffffff-2022-08,113
8426aa5ffffffff-2022-09,53
8426aa5ffffffff-2022-10,2
8426aa5ffffffff-2023-04,151
8426aa5ffffffff-2023-05,66
8426aa5ffffffff-2023-08,34
8426aa5ffffffff-2023-09,90
8426aa5ffffffff-2023-10,38
8426aa5ffffffff-2023-11,17
8426aa7ffffffff-2012-07,3
8426aa7ffffffff-2012-08,4
8426aa7ffffffff-2012-09,8
8426aa7ffffffff-2012-11,1
8426aa7ffffffff-2013-04,4
8426aa7ffffffff-2013-05,5
8426aa7ffffffff-2013-07,1
8426aa7ffffffff-2013-08,6
8426aa7ffffffff-2013-09,5
8426aa7ffffffff-2013-10,1
8426aa7ffffffff-2013-11,2
8426aa7ffffffff-2014-04,4
8426aa7ffffffff-2014-05,1
8426aa7ffffffff-2014-08,8
8426aa7ffffffff-2014-09,30
8426aa7ffffffff-2014-10,3
8426aa7ffffffff-2015-05,4
8426aa7ffffffff-2015-08,1
8426aa7ffffffff-2015-10,1
8426aa7ffffffff-2016-05,1
8426aa7ffffffff-2016-08,14
8426aa7ffffffff-2016-09,8
8426aa7ffffffff-2016-10,20
8426aa7ffffffff-2017-03,1
8426aa7ffffffff-2017-04,1
8426aa7ffffffff-2017-08,3
8426aa7ffffffff-2017-09,17
8426aa7ffffffff-2017-10,1
8426aa7ffffffff-2018-04,6
8426aa7ffffffff-2018-08,11
8426aa7ffffffff-2018-09,15
8426aa7ffffffff-2018-10,4
8426aa7ffffffff-2019-03,1
8426aa7ffffffff-2019-04,8
8426aa7ffffffff-2019-08,7
8426aa7ffffffff-2019-09,24
8426aa7ffffffff-2019-10,6
8426aa7ffffffff-2020-04,10
8426aa7ffffffff-2020-05,3
8426aa7ffffffff-2020-07,14
8426aa7ffffffff-2020-08,74
8426aa7ffffffff-2020-09,30
8426aa7ffffffff-2020-10,10
8426aa7ffffffff-2021-04,8
8426aa7ffffffff-2021-05,8
8426aa7ffffffff-2021-07,1
8426aa7ffffffff-2021-08,33
8426aa7ffffffff-2021-09,20
8426aa7ffffffff-2021-10,1
8426aa7ffffffff-2022-04,10
8426aa7ffffffff-2022-05,4
8426aa7ffffffff-2022-07,2
8426aa7ffffffff-2022-08,58
8426aa7ffffffff-2022-09,17
8426aa7ffffffff-2022-10,6
8426aa7ffffffff-2023-03,6
8426aa7ffffffff-2023-04,23
8426aa7ffffffff-2023-05,4
8426aa7ffffffff-2023-06,1
8426aa7ffffffff-2023-07,2
8426aa7ffffffff-2023-08,7
8426aa7ffffffff-2023-09,104
8426aa7ffffffff-2023-10,14
8426aa9ffffffff-2012-09,1
8426aa9ffffffff-2013-05,1
8426aa9ffffffff-2014-05,1
8426aa9ffffffff-2014-08,2
8426aa9ffffffff-2014-09,8
8426aa9ffffffff-2015-07,7
8426aa9ffffffff-2015-08,1
8426aa9ffffffff-2015-09,4
8426aa9ffffffff-2016-04,5
8426aa9ffffffff-2016-07,1
8426aa9ffffffff-2016-08,4
8426aa9ffffffff-2016-09,1
8426aa9ffffffff-2017-07,5
8426aa9ffffffff-2017-08,22
8426aa9ffffffff-2017-09,2
8426aa9ffffffff-2018-05,1
8426aa9ffffffff-2018-08,1
8426aa9ffffffff-2018-09,2
8426aa9ffffffff-2019-08,1
8426aa9ffffffff-2020-04,1
8426aa9ffffffff-2020-07,1
8426aa9ffffffff-2020-08,3
8426aa9ffffffff-2021-05,2
8426aa9ffffffff-2021-06,1
8426aa9ffffffff-2021-08,3
8426aa9ffffffff-2021-09,2
8426aa9ffffffff-2022-07,2
8426aa9ffffffff-2022-09,3
8426aa9ffffffff-2023-04,14
8426aa9ffffffff-2023-05,10
8426aa9ffffffff-2023-08,3
8426aabffffffff-2012-03,2
8426aabffffffff-2012-05,2
8426aabffffffff-2012-07,10
8426aabffffffff-2012-08,39
8426aabffffffff-2012-09,41
8426aabffffffff-2012-10,15
8426aabffffffff-2013-04,2
8426aabffffffff-2013-07,13
8426aabffffffff-2013-08,66
8426aabffffffff-2013-09,53
8426aabffffffff-2013-10,13
8426aabffffffff-2014-04,2
8426aabffffffff-2014-05,1
8426aabffffffff-2014-08,14
8426aabffffffff-2014-10,2
8426aabffffffff-2015-04,7
8426aabffffffff-2015-07,1
8426aabffffffff-2015-08,72
8426aabffffffff-2015-09,50
8426aabffffffff-2015-10,3
8426aabffffffff-2016-04,2
8426aabffffffff-2016-05,3
8426aabffffffff-2016-07,3
8426aabffffffff-2016-08,4
8426aabffffffff-2016-09,8
8426aabffffffff-2017-08,1
8426aabffffffff-2018-05,1
8426aabffffffff-2018-07,3
8426aabffffffff-2018-08,6
8426aabffffffff-2018-09,10
8426aabffffffff-2018-10,6
8426aabffffffff-2019-04,1
8426aabffffffff-2019-05,1
8426aabffffffff-2019-08,4
8426aabffffffff-2019-09,1
8426aabffffffff-2019-10,4
8426aabffffffff-2020-04,1
8426aabffffffff-2020-05,1
8426aabffffffff-2020-07,10
8426aabffffffff-2020-08,24
8426aabffffffff-2020-09,82
8426aabffffffff-2020-10,8
8426aabffffffff-2021-04,3
8426aabffffffff-2021-06,1
8426aabffffffff-2021-07,4
8426aabffffffff-2021-08,3
8426aabffffffff-2021-09,24
8426aabffffffff-2021-10,3
8426aabffffffff-2022-04,1
8426aabffffffff-2022-08,72
8426aabffffffff-2022-09,56
8426aabffffffff-2022-10,30
8426aabffffffff-2022-11,1
8426aabffffffff-2023-04,3
8426aabffffffff-2023-07,6
8426aabffffffff-2023-08,72
8426aabffffffff-2023-09,28
8426aabffffffff-2023-10,3
8426aadffffffff-2012-04,2
8426aadffffffff-2012-07,1
8426aadffffffff-2012-08,4
8426aadffffffff-2012-09,1
8426aadffffffff-2013-04,2
8426aadffffffff-2013-05,1
8426aadffffffff-2014-04,3
8426aadffffffff-2014-05,2
8426aadffffffff-2014-09,9
8426aadffffffff-2015-04,4
8426aadffffffff-2015-05,3
8426aadffffffff-2015-09,1
8426aadffffffff-2016-04,1
8426aadffffffff-2016-05,7
8426aadffffffff-2016-08,23
8426aadffffffff-2016-09,17
8426aadffffffff-2017-04,15
8426aadffffffff-2017-05,3
8426aadffffffff-2017-07,2
8426aadffffffff-2017-08,18
8426aadffffffff-2017-09,14
8426aadffffffff-2018-04,3
8426aadffffffff-2018-05,3
8426aadffffffff-2018-07,4
8426aadffffffff-2018-08,13
8426aadffffffff-2018-09,7
8426aadffffffff-2018-10,2
8426aadffffffff-2019-04,15
8426aadffffffff-2019-05,44
8426aadffffffff-2019-07,19
8426aadffffffff-2019-08,46
8426aadffffffff-2019-09,5
8426aadffffffff-2019-10,2
8426aadffffffff-2020-04,23
8426aadffffffff-2020-05,14
8426aadffffffff-2020-08,1
8426aadffffffff-2020-09,1
8426aadffffffff-2021-04,20
8426aadffffffff-2021-05,3
8426aadffffffff-2021-07,1
8426aadffffffff-2021-08,1
8426aadffffffff-2021-09,1
8426aadffffffff-2022-04,1
8426aadffffffff-2022-05,8
8426aadffffffff-2023-04,6
8426aadffffffff-2023-05,5
8426aadffffffff-2023-08,7
8426ab1ffffffff-2014-09,16
8426ab1ffffffff-2014-10,5
8426ab1ffffffff-2021-05,1
8426ab1ffffffff-2023-09,11
8426ab3ffffffff-2012-07,1
8426ab3ffffffff-2012-08,1
8426ab3ffffffff-2012-09,4
8426ab3ffffffff-2012-10,2
8426ab3ffffffff-2013-05,6
8426ab3ffffffff-2013-08,4
8426ab3ffffffff-2013-09,8
8426ab3ffffffff-2014-04,2
8426ab3ffffffff-2014-05,17
8426ab3ffffffff-2015-04,9
8426ab3ffffffff-2015-05,9
8426ab3ffffffff-2015-09,6
8426ab3ffffffff-2016-04,4
8426ab3ffffffff-2016-05,1
8426ab3ffffffff-2016-06,1
8426ab3ffffffff-2017-08,2
8426ab3ffffffff-2018-04,22
8426ab3ffffffff-2018-05,33
8426ab3ffffffff-2018-08,3
8426ab3ffffffff-2019-04,5
8426ab3ffffffff-2019-05,6
8426ab3ffffffff-2020-05,1
8426ab3ffffffff-2020-08,8
8426ab3ffffffff-2020-09,3
8426ab3ffffffff-2021-04,1
8426ab3ffffffff-2021-07,2
8426ab3ffffffff-2021-08,13
8426ab3ffffffff-2021-09,8
8426ab3ffffffff-2022-08,2
8426ab3ffffffff-2023-04,4
8426ab3ffffffff-2023-05,2
8426ab3ffffffff-2023-09,4
8426ab5ffffffff-2019-04,1
8426ab7ffffffff-2012-04,1
8426ab7ffffffff-2012-09,1
8426ab7ffffffff-2013-04,7
8426ab7ffffffff-2013-05,1
8426ab7ffffffff-2016-09,3
8426ab7ffffffff-2020-08,1
8426ab7ffffffff-2021-04,2
8426ab7ffffffff-2021-08,1
8426ab7ffffffff-2022-05,4
8426ab7ffffffff-2023-04,2
8426ab9ffffffff-2023-04,11
8426abbffffffff-2023-08,1
8426abdffffffff-2014-08,1
8426abdffffffff-2016-08,2
8426abdffffffff-2016-09,1
8426abdffffffff-2017-04,1
8426abdffffffff-2017-06,2
8426abdffffffff-2018-04,1
8426abdffffffff-2018-09,4
8426abdffffffff-2020-08,6
8426abdffffffff-2020-09,2
8426abdffffffff-2021-03,1
8426abdffffffff-2021-04,7
8426abdffffffff-2021-05,2
8426abdffffffff-2023-04,1
8426abdffffffff-2023-05,2
8426abdffffffff-2023-08,7
8426abdffffffff-2023-09,1
8426ac1ffffffff-2022-07,2
8426ac1ffffffff-2022-08,1
8426ac3ffffffff-2019-09,1
8426ac3ffffffff-2023-05,1
8426ac3ffffffff-2023-09,1
8426ac5ffffffff-2013-04,1
8426ac5ffffffff-2013-05,2
8426ac5ffffffff-2013-09,1
8426ac5ffffffff-2013-10,1
8426ac5ffffffff-2014-05,1
8426ac5ffffffff-2015-05,1
8426ac5ffffffff-2017-05,1
8426ac5ffffffff-2018-04,3
8426ac5ffffffff-2018-09,4
8426ac5ffffffff-2019-04,4
8426ac5ffffffff-2019-06,1
8426ac5ffffffff-2019-07,1
8426ac5ffffffff-2019-08,1
8426ac5ffffffff-2019-09,1
8426ac5ffffffff-2020-04,3
8426ac5ffffffff-2020-05,3
8426ac5ffffffff-2020-08,2
8426ac5ffffffff-2020-09,1
8426ac5ffffffff-2021-04,1
8426ac5ffffffff-2021-05,1
8426ac5ffffffff-2021-08,10
8426ac5ffffffff-2021-09,2
8426ac5ffffffff-2022-04,11
8426ac5ffffffff-2022-05,9
8426ac5ffffffff-2022-07,2
8426ac5ffffffff-2022-08,9
8426ac5ffffffff-2022-09,12
8426ac5ffffffff-2022-10,1
8426ac5ffffffff-2022-11,1
8426ac5ffffffff-2023-04,4
8426ac5ffffffff-2023-05,8
8426ac5ffffffff-2023-07,4
8426ac5ffffffff-2023-09,13
8426ac5ffffffff-2023-10,7
8426ac7ffffffff-2013-04,1
8426ac7ffffffff-2013-09,8
8426ac7ffffffff-2019-08,1
8426ac9ffffffff-2015-08,1
8426ac9ffffffff-2016-05,1
8426ac9ffffffff-2018-05,1
8426ac9ffffffff-2020-07,4
8426ac9ffffffff-2021-08,1
8426ac9ffffffff-2023-05,3
8426ac9ffffffff-2023-08,3
8426acbffffffff-2014-08,6
8426acbffffffff-2017-04,1
8426acbffffffff-2017-08,3
8426acbffffffff-2017-09,4
8426acbffffffff-2018-05,2
8426acbffffffff-2018-09,3
8426acbffffffff-2020-05,1
8426acbffffffff-2020-08,2
8426acbffffffff-2020-09,4
8426acbffffffff-2020-10,1
8426acbffffffff-2021-04,3
8426acbffffffff-2021-05,2
8426acbffffffff-2021-08,6
8426acbffffffff-2021-09,14
8426acbffffffff-2021-10,2
8426acbffffffff-2022-05,9
8426acbffffffff-2022-07,5
8426acbffffffff-2022-08,9
8426acbffffffff-2022-09,2
8426acbffffffff-2022-10,1
8426acbffffffff-2023-04,6
8426acbffffffff-2023-05,7
8426acbffffffff-2023-06,1
8426acbffffffff-2023-08,4
8426acbffffffff-2023-09,2
8426acdffffffff-2022-08,1
8426ad1ffffffff-2012-04,1
8426ad1ffffffff-2013-09,2
8426ad1ffffffff-2014-05,1
8426ad1ffffffff-2014-09,1
8426ad1ffffffff-2015-04,2
8426ad1ffffffff-2016-05,1
8426ad1ffffffff-2016-06,1
8426ad1ffffffff-2016-07,1
8426ad1ffffffff-2016-09,3
8426ad1ffffffff-2017-04,3
8426ad1ffffffff-2017-05,1
8426ad1ffffffff-2017-09,9
8426ad1ffffffff-2017-10,1
8426ad1ffffffff-2018-04,3
8426ad1ffffffff-2018-05,1
8426ad1ffffffff-2018-09,1
8426ad1ffffffff-2019-09,1
8426ad1ffffffff-2020-08,3
8426ad1ffffffff-2021-04,2
8426ad1ffffffff-2021-05,1
8426ad1ffffffff-2021-09,9
8426ad1ffffffff-2022-06,1
8426ad1ffffffff-2022-08,5
8426ad1ffffffff-2022-09,7
8426ad1ffffffff-2022-10,7
8426ad1ffffffff-2023-03,1
8426ad1ffffffff-2023-04,1
8426ad1ffffffff-2023-08,4
8426ad1ffffffff-2023-09,1
8426ad1ffffffff-2023-10,3
8426ad3ffffffff-2019-09,1
8426ad5ffffffff-2013-04,1
8426ad5ffffffff-2014-08,1
8426ad5ffffffff-2014-09,2
8426ad5ffffffff-2015-04,1
8426ad5ffffffff-2017-05,1
8426ad5ffffffff-2019-05,1
8426ad5ffffffff-2020-08,1
8426ad5ffffffff-2021-09,2
8426ad5ffffffff-2022-09,1
8426ad5ffffffff-2023-05,3
8426ad5ffffffff-2023-07,1
8426ad7ffffffff-2016-08,2
8426ad7ffffffff-2017-08,1
8426ad7ffffffff-2018-04,3
8426ad7ffffffff-2019-08,1
8426ad7ffffffff-2019-09,7
8426ad7ffffffff-2020-04,1
8426ad7ffffffff-2020-09,1
8426ad7ffffffff-2021-04,1
8426ad7ffffffff-2021-09,3
8426ad9ffffffff-2017-04,1
8426ad9ffffffff-2018-04,2
8426ad9ffffffff-2021-08,1
8426ad9ffffffff-2023-04,1
8426ad9ffffffff-2023-09,1
8426adbffffffff-2013-03,1
8426adbffffffff-2013-04,1
8426adbffffffff-2015-04,1
8426adbffffffff-2017-09,1
8426adbffffffff-2018-04,1
8426adbffffffff-2019-05,1
8426adbffffffff-2019-09,1
8426adbffffffff-2020-04,2
8426adbffffffff-2020-06,1
8426adbffffffff-2020-08,1
8426adbffffffff-2021-09,3
8426adbffffffff-2022-05,1
8426adbffffffff-2022-08,1
8426adbffffffff-2023-04,3
8426adbffffffff-2023-09,1
8426ae1ffffffff-2015-08,4
8426ae1ffffffff-2018-09,1
8426ae3ffffffff-2012-05,1
8426ae3ffffffff-2015-04,2
8426ae3ffffffff-2016-05,1
8426ae3ffffffff-2018-09,3
8426ae3ffffffff-2019-07,1
8426ae3ffffffff-2020-08,2
8426ae3ffffffff-2021-04,1
8426ae3ffffffff-2021-08,1
8426ae3ffffffff-2022-04,1
8426ae3ffffffff-2022-05,1
8426ae3ffffffff-2022-06,1
8426ae7ffffffff-2012-04,2
8426ae7ffffffff-2012-05,1
8426ae7ffffffff-2012-08,6
8426ae7ffffffff-2012-09,1
8426ae7ffffffff-2013-04,1
8426ae7ffffffff-2013-05,5
8426ae7ffffffff-2013-08,1
8426ae7ffffffff-2013-09,2
8426ae7ffffffff-2014-09,2
8426ae7ffffffff-2015-04,3
8426ae7ffffffff-2015-05,1
8426ae7ffffffff-2015-09,1
8426ae7ffffffff-2016-07,2
8426ae7ffffffff-2016-08,2
8426ae7ffffffff-2016-09,1
8426ae7ffffffff-2016-10,1
8426ae7ffffffff-2017-04,1
8426ae7ffffffff-2017-05,2
8426ae7ffffffff-2017-07,1
8426ae7ffffffff-2017-08,2
8426ae7ffffffff-2017-09,1
8426ae7ffffffff-2018-04,3
8426ae7ffffffff-2018-05,1
8426ae7ffffffff-2018-07,1
8426ae7ffffffff-2018-08,2
8426ae7ffffffff-2018-09,3
8426ae7ffffffff-2019-04,4
8426ae7ffffffff-2019-05,5
8426ae7ffffffff-2019-09,4
8426ae7ffffffff-2020-04,1
8426ae7ffffffff-2020-05,3
8426ae7ffffffff-2020-07,2
8426ae7ffffffff-2020-08,7
8426ae7ffffffff-2020-09,6
8426ae7ffffffff-2021-04,2
8426ae7ffffffff-2021-05,1
8426ae7ffffffff-2021-06,1
8426ae7ffffffff-2021-07,9
8426ae7ffffffff-2021-09,2
8426ae7ffffffff-2022-04,2
8426ae7ffffffff-2022-05,1
8426ae7ffffffff-2022-07,3
8426ae7ffffffff-2022-08,2
8426ae7ffffffff-2022-09,7
8426ae7ffffffff-2023-04,5
8426ae7ffffffff-2023-09,10
8426ae7ffffffff-2023-10,1
8426ae9ffffffff-2012-05,1
8426ae9ffffffff-2012-08,4
8426ae9ffffffff-2012-10,1
8426ae9ffffffff-2013-04,15
8426ae9ffffffff-2013-05,4
8426ae9ffffffff-2013-10,2
8426ae9ffffffff-2014-05,6
8426ae9ffffffff-2014-07,1
8426ae9ffffffff-2014-08,12
8426ae9ffffffff-2014-10,1
8426ae9ffffffff-2015-05,1
8426ae9ffffffff-2015-07,2
8426ae9ffffffff-2015-08,1
8426ae9ffffffff-2016-08,1
8426ae9ffffffff-2017-04,4
8426ae9ffffffff-2017-06,1
8426ae9ffffffff-2017-08,2
8426ae9ffffffff-2018-03,4
8426ae9ffffffff-2018-05,5
8426ae9ffffffff-2018-06,1
8426ae9ffffffff-2018-08,2
8426ae9ffffffff-2018-09,6
8426ae9ffffffff-2019-04,1
8426ae9ffffffff-2019-08,7
8426ae9ffffffff-2019-09,4
8426ae9ffffffff-2020-04,4
8426ae9ffffffff-2020-05,4
8426ae9ffffffff-2020-06,3
8426ae9ffffffff-2020-07,3
8426ae9ffffffff-2020-08,4
8426ae9ffffffff-2021-04,4
8426ae9ffffffff-2021-05,5
8426ae9ffffffff-2021-07,1
8426ae9ffffffff-2021-08,8
8426ae9ffffffff-2021-09,3
8426ae9ffffffff-2022-04,1
8426ae9ffffffff-2022-05,1
8426ae9ffffffff-2022-06,1
8426ae9ffffffff-2022-07,3
8426ae9ffffffff-2022-08,1
8426ae9ffffffff-2022-09,11
8426ae9ffffffff-2023-04,2
8426ae9ffffffff-2023-06,1
8426ae9ffffffff-2023-07,3
8426ae9ffffffff-2023-08,9
8426ae9ffffffff-2023-09,3
8426aebffffffff-2016-05,1
8426aedffffffff-2021-04,1
8426aedffffffff-2022-09,2
8426b05ffffffff-2013-05,2
8426b05ffffffff-2014-05,1
8426b05ffffffff-2014-08,1
8426b05ffffffff-2017-04,2
8426b05ffffffff-2017-08,1
8426b05ffffffff-2019-05,1
8426b05ffffffff-2020-04,1
8426b05ffffffff-2021-05,1
8426b05ffffffff-2021-08,1
8426b05ffffffff-2022-04,3
8426b05ffffffff-2022-07,1
8426b05ffffffff-2022-08,2
8426b05ffffffff-2023-04,1
8426b07ffffffff-2020-07,3
8426b07ffffffff-2023-08,1
8426b0bffffffff-2012-05,1
8426b0bffffffff-2013-05,4
8426b0bffffffff-2014-04,1
8426b0bffffffff-2014-05,6
8426b0bffffffff-2014-08,3
8426b0bffffffff-2015-04,6
8426b0bffffffff-2015-08,1
8426b0bffffffff-2015-09,2
8426b0bffffffff-2016-04,2
8426b0bffffffff-2017-04,5
8426b0bffffffff-2017-06,1
8426b0bffffffff-2017-08,5
8426b0bffffffff-2018-04,19
8426b0bffffffff-2018-05,12
8426b0bffffffff-2018-09,2
8426b0bffffffff-2019-04,3
8426b0bffffffff-2019-05,4
8426b0bffffffff-2019-06,1
8426b0bffffffff-2019-07,1
8426b0bffffffff-2020-04,11
8426b0bffffffff-2020-05,9
8426b0bffffffff-2020-06,3
8426b0bffffffff-2020-07,2
8426b0bffffffff-2020-08,9
8426b0bffffffff-2020-09,6
8426b0bffffffff-2020-10,6
8426b0bffffffff-2021-04,24
8426b0bffffffff-2021-05,11
8426b0bffffffff-2021-08,2
8426b0bffffffff-2021-10,1
8426b0bffffffff-2022-04,29
8426b0bffffffff-2022-05,2
8426b0bffffffff-2022-08,1
8426b0bffffffff-2022-09,1
8426b0bffffffff-2022-10,2
8426b0bffffffff-2023-06,1
8426b0bffffffff-2023-07,3
8426b0bffffffff-2023-08,6
8426b0bffffffff-2023-10,1
8426b11ffffffff-2022-07,1
8426b13ffffffff-2018-04,1
8426b13ffffffff-2021-04,1
8426b19ffffffff-2014-07,2
8426b19ffffffff-2014-08,1
8426b19ffffffff-2017-04,1
8426b19ffffffff-2018-07,2
8426b19ffffffff-2020-04,1
8426b19ffffffff-2020-08,1
8426b19ffffffff-2021-05,2
8426b19ffffffff-2021-07,2
8426b19ffffffff-2021-08,1
8426b1dffffffff-2021-04,1
8426b1dffffffff-2021-08,1
8426b1dffffffff-2022-04,1
8426b1dffffffff-2022-05,1
8426b1dffffffff-2022-07,1
8426b1dffffffff-2022-08,1
8426b1dffffffff-2023-07,1
8426b23ffffffff-2013-05,1
8426b23ffffffff-2021-08,1
8426b25ffffffff-2015-08,1
8426b25ffffffff-2015-09,1
8426b25ffffffff-2016-09,2
8426b25ffffffff-2017-08,3
8426b25ffffffff-2017-10,2
8426b25ffffffff-2020-07,2
8426b25ffffffff-2020-08,1
8426b25ffffffff-2021-05,1
8426b25ffffffff-2021-08,2
8426b25ffffffff-2021-09,1
8426b25ffffffff-2022-04,1
8426b25ffffffff-2022-07,1
8426b25ffffffff-2022-08,1
8426b25ffffffff-2023-07,3
8426b25ffffffff-2023-08,2
8426b25ffffffff-2023-09,8
8426b27ffffffff-2017-04,2
8426b27ffffffff-2021-06,1
8426b2bffffffff-2020-07,1
8426b2bffffffff-2021-05,1
8426b2bffffffff-2022-04,1
8426b31ffffffff-2013-09,1
8426b33ffffffff-2020-08,2
8426b33ffffffff-2021-09,1
8426b33ffffffff-2022-05,1
8426b33ffffffff-2022-09,2
8426b33ffffffff-2023-04,1
8426b33ffffffff-2023-09,2
8426b39ffffffff-2019-08,3
8426b39ffffffff-2020-07,3
8426b39ffffffff-2021-08,1
8426b39ffffffff-2022-08,5
8426b39ffffffff-2023-09,2
8426b3dffffffff-2012-07,2
8426b3dffffffff-2014-05,1
8426b3dffffffff-2016-08,2
8426b3dffffffff-2017-09,3
8426b3dffffffff-2019-09,1
8426b3dffffffff-2020-06,1
8426b3dffffffff-2022-04,6
8426b3dffffffff-2022-09,1
8426b3dffffffff-2022-10,1
8426b47ffffffff-2020-04,1
8426b51ffffffff-2020-04,2
8426b51ffffffff-2020-08,1
8426b51ffffffff-2021-04,4
8426b51ffffffff-2022-09,1
8426b55ffffffff-2015-04,1
8426b55ffffffff-2020-04,1
8426b55ffffffff-2020-08,2
8426b55ffffffff-2020-09,2
8426b55ffffffff-2021-04,1
8426b55ffffffff-2021-05,1
8426b57ffffffff-2018-04,1
8426b57ffffffff-2018-09,3
8426b57ffffffff-2019-08,1
8426b57ffffffff-2023-08,1
8426b5dffffffff-2020-09,1
8426b61ffffffff-2016-04,1
8426b61ffffffff-2016-08,2
8426b61ffffffff-2017-04,2
8426b61ffffffff-2017-05,2
8426b61ffffffff-2018-05,4
8426b61ffffffff-2018-06,1
8426b61ffffffff-2018-08,2
8426b61ffffffff-2019-04,6
8426b61ffffffff-2019-05,3
8426b61ffffffff-2020-05,2
8426b61ffffffff-2020-07,2
8426b61ffffffff-2020-08,2
8426b61ffffffff-2020-09,1
8426b61ffffffff-2021-05,2
8426b61ffffffff-2022-04,1
8426b61ffffffff-2022-05,1
8426b61ffffffff-2022-07,1
8426b61ffffffff-2023-05,2
8426b61ffffffff-2023-07,1
8426b61ffffffff-2023-08,3
8426b69ffffffff-2012-08,2
8426b69ffffffff-2018-05,1
8426b69ffffffff-2018-07,1
8426b69ffffffff-2019-08,2
8426b69ffffffff-2020-07,2
8426b69ffffffff-2021-05,2
8426b69ffffffff-2021-08,2
8426b69ffffffff-2022-07,1
8426b69ffffffff-2023-07,1
8426b69ffffffff-2023-08,1
8426b6dffffffff-2015-09,3
8426b6dffffffff-2018-08,1
8426b6dffffffff-2021-05,1
8426b6dffffffff-2022-04,13
8426b6dffffffff-2022-05,5
8426b6dffffffff-2022-08,14
8426b6dffffffff-2023-04,4
8426c01ffffffff-2019-03,1
8426c03ffffffff-2020-04,1
8426c07ffffffff-2013-04,1
8426c07ffffffff-2018-04,1
8426c09ffffffff-2013-04,1
8426c09ffffffff-2013-05,1
8426c09ffffffff-2022-05,1
8426c0bffffffff-2016-08,1
8426c0bffffffff-2017-05,2
8426c0bffffffff-2017-07,1
8426c0bffffffff-2022-03,2
8426c0bffffffff-2022-04,1
8426c0bffffffff-2022-05,1
8426c0dffffffff-2018-04,1
8426c11ffffffff-2013-04,7
8426c11ffffffff-2013-05,2
8426c11ffffffff-2014-04,1
8426c11ffffffff-2014-08,1
8426c11ffffffff-2015-05,17
8426c11ffffffff-2015-07,2
8426c11ffffffff-2016-04,5
8426c11ffffffff-2016-05,3
8426c11ffffffff-2017-04,8
8426c11ffffffff-2017-05,13
8426c11ffffffff-2017-08,2
8426c11ffffffff-2018-04,7
8426c11ffffffff-2018-05,1
8426c11ffffffff-2018-09,1
8426c11ffffffff-2019-03,2
8426c11ffffffff-2019-04,8
8426c11ffffffff-2019-05,4
8426c11ffffffff-2020-03,4
8426c11ffffffff-2020-04,11
8426c11ffffffff-2020-05,7
8426c11ffffffff-2020-09,1
8426c11ffffffff-2021-03,4
8426c11ffffffff-2021-04,37
8426c11ffffffff-2021-05,24
8426c11ffffffff-2021-08,1
8426c11ffffffff-2021-09,2
8426c11ffffffff-2022-04,1
8426c11ffffffff-2022-05,12
8426c11ffffffff-2023-04,6
8426c11ffffffff-2023-05,2
8426c11ffffffff-2023-08,1
8426c13ffffffff-2023-04,3
8426c17ffffffff-2017-04,1
8426c17ffffffff-2018-04,1
8426c17ffffffff-2020-04,1
8426c19ffffffff-2012-04,1
8426c19ffffffff-2012-08,2
8426c19ffffffff-2012-09,1
8426c19ffffffff-2013-04,1
8426c19ffffffff-2013-10,1
8426c19ffffffff-2013-11,1
8426c19ffffffff-2014-03,1
8426c19ffffffff-2014-04,38
8426c19ffffffff-2014-05,11
8426c19ffffffff-2014-08,7
8426c19ffffffff-2014-09,8
8426c19ffffffff-2014-10,5
8426c19ffffffff-2015-03,2
8426c19ffffffff-2015-04,7
8426c19ffffffff-2015-05,4
8426c19ffffffff-2015-09,1
8426c19ffffffff-2016-08,1
8426c19ffffffff-2016-09,4
8426c19ffffffff-2016-10,5
8426c19ffffffff-2017-03,4
8426c19ffffffff-2017-04,1
8426c19ffffffff-2017-05,2
8426c19ffffffff-2017-07,1
8426c19ffffffff-2017-09,1
8426c19ffffffff-2017-10,1
8426c19ffffffff-2018-03,4
8426c19ffffffff-2018-04,29
8426c19ffffffff-2018-05,2
8426c19ffffffff-2018-07,4
8426c19ffffffff-2018-08,2
8426c19ffffffff-2019-04,2
8426c19ffffffff-2020-04,5
8426c19ffffffff-2020-05,2
8426c19ffffffff-2020-09,2
8426c19ffffffff-2020-10,2
8426c19ffffffff-2021-03,16
8426c19ffffffff-2021-04,19
8426c19ffffffff-2021-05,6
8426c19ffffffff-2021-09,1
8426c19ffffffff-2021-10,5
8426c19ffffffff-2022-03,1
8426c19ffffffff-2022-04,13
8426c19ffffffff-2022-05,10
8426c19ffffffff-2022-07,2
8426c19ffffffff-2022-08,19
8426c19ffffffff-2022-09,11
8426c19ffffffff-2022-10,4
8426c19ffffffff-2023-03,10
8426c19ffffffff-2023-04,85
8426c19ffffffff-2023-05,13
8426c19ffffffff-2023-08,2
8426c19ffffffff-2023-09,1
8426c19ffffffff-2023-10,4
8426c1bffffffff-2013-03,9
8426c1bffffffff-2013-04,1
8426c1bffffffff-2014-04,1
8426c1bffffffff-2015-03,2
8426c1bffffffff-2015-04,3
8426c1bffffffff-2015-05,1
8426c1bffffffff-2015-10,2
8426c1bffffffff-2016-09,5
8426c1bffffffff-2017-01,1
8426c1bffffffff-2017-03,2
8426c1bffffffff-2017-08,1
8426c1bffffffff-2019-10,1
8426c1bffffffff-2020-04,4
8426c1bffffffff-2020-05,5
8426c1bffffffff-2020-08,4
8426c1bffffffff-2020-09,2
8426c1bffffffff-2020-10,4
8426c1bffffffff-2021-03,1
8426c1bffffffff-2021-04,7
8426c1bffffffff-2021-05,4
8426c1bffffffff-2021-08,13
8426c1bffffffff-2021-09,7
8426c1bffffffff-2022-04,7
8426c1bffffffff-2022-05,2
8426c1bffffffff-2022-08,3
8426c1bffffffff-2022-09,1
8426c1bffffffff-2023-03,2
8426c1bffffffff-2023-04,18
8426c1bffffffff-2023-05,2
8426c1bffffffff-2023-08,9
8426c1bffffffff-2023-09,2
8426c1dffffffff-2012-03,2
8426c1dffffffff-2012-04,1
8426c1dffffffff-2012-05,2
8426c1dffffffff-2013-04,3
8426c1dffffffff-2013-05,1
8426c1dffffffff-2013-08,4
8426c1dffffffff-2013-09,2
8426c1dffffffff-2013-10,1
8426c1dffffffff-2014-03,1
8426c1dffffffff-2014-04,10
8426c1dffffffff-2014-05,20
8426c1dffffffff-2014-08,5
8426c1dffffffff-2014-09,16
8426c1dffffffff-2014-10,1
8426c1dffffffff-2015-03,1
8426c1dffffffff-2015-04,7
8426c1dffffffff-2015-05,2
8426c1dffffffff-2015-08,3
8426c1dffffffff-2016-04,6
8426c1dffffffff-2016-05,5
8426c1dffffffff-2017-03,1
8426c1dffffffff-2017-04,19
8426c1dffffffff-2017-05,12
8426c1dffffffff-2017-08,3
8426c1dffffffff-2018-03,7
8426c1dffffffff-2018-04,33
8426c1dffffffff-2018-05,8
8426c1dffffffff-2018-09,1
8426c1dffffffff-2019-03,1
8426c1dffffffff-2019-04,11
8426c1dffffffff-2019-05,9
8426c1dffffffff-2020-03,11
8426c1dffffffff-2020-04,90
8426c1dffffffff-2020-05,29
8426c1dffffffff-2020-09,2
8426c1dffffffff-2020-10,1
8426c1dffffffff-2021-03,7
8426c1dffffffff-2021-04,55
8426c1dffffffff-2021-05,6
8426c1dffffffff-2021-09,2
8426c1dffffffff-2021-10,3
8426c1dffffffff-2021-11,3
8426c1dffffffff-2022-04,14
8426c1dffffffff-2022-05,4
8426c1dffffffff-2023-04,3
8426c1dffffffff-2023-05,2
8426c1dffffffff-2023-07,1
8426c1dffffffff-2023-08,1
8426c21ffffffff-2018-05,2
8426c21ffffffff-2021-04,1
8426c23ffffffff-2013-05,1
8426c23ffffffff-2016-08,1
8426c23ffffffff-2018-04,2
8426c23ffffffff-2019-05,1
8426c23ffffffff-2021-04,1
8426c23ffffffff-2023-04,3
8426c23ffffffff-2023-05,1
8426c25ffffffff-2020-06,1
8426c25ffffffff-2021-04,1
8426c25ffffffff-2021-05,1
8426c25ffffffff-2022-04,3
8426c25ffffffff-2022-05,2
8426c25ffffffff-2022-09,3
8426c29ffffffff-2013-04,1
8426c29ffffffff-2014-05,1
8426c29ffffffff-2018-04,2
8426c2bffffffff-2012-04,1
8426c2bffffffff-2013-04,1
8426c2bffffffff-2014-04,2
8426c2bffffffff-2014-05,1
8426c2bffffffff-2022-05,1
8426c2dffffffff-2014-05,1
8426c2dffffffff-2018-04,1
8426c2dffffffff-2022-04,2
8426c31ffffffff-2014-05,2
8426c31ffffffff-2015-08,1
8426c31ffffffff-2020-04,1
8426c31ffffffff-2021-04,1
8426c31ffffffff-2021-05,1
8426c31ffffffff-2023-04,4
8426c31ffffffff-2023-05,1
8426c33ffffffff-2012-05,3
8426c33ffffffff-2013-04,1
8426c33ffffffff-2013-05,1
8426c33ffffffff-2015-04,1
8426c33ffffffff-2015-05,1
8426c33ffffffff-2017-05,1
8426c33ffffffff-2019-05,2
8426c33ffffffff-2019-08,2
8426c33ffffffff-2020-03,2
8426c33ffffffff-2022-04,1
8426c33ffffffff-2022-05,1
8426c33ffffffff-2023-04,5
8426c33ffffffff-2023-05,1
8426c33ffffffff-2023-07,3
8426c35ffffffff-2012-05,2
8426c35ffffffff-2012-07,1
8426c35ffffffff-2012-09,1
8426c35ffffffff-2013-05,3
8426c35ffffffff-2015-04,3
8426c35ffffffff-2017-04,1
8426c35ffffffff-2018-04,3
8426c35ffffffff-2020-04,2
8426c35ffffffff-2021-05,3
8426c35ffffffff-2021-08,1
8426c35ffffffff-2022-04,2
8426c35ffffffff-2022-05,1
8426c37ffffffff-2012-02,3
8426c37ffffffff-2012-03,6
8426c37ffffffff-2012-04,10
8426c37ffffffff-2012-05,3
8426c37ffffffff-2012-07,2
8426c37ffffffff-2012-08,1
8426c37ffffffff-2013-05,4
8426c37ffffffff-2013-08,1
8426c37ffffffff-2015-05,1
8426c37ffffffff-2015-07,25
8426c37ffffffff-2015-08,2
8426c37ffffffff-2015-09,2
8426c37ffffffff-2015-10,2
8426c37ffffffff-2016-03,3
8426c37ffffffff-2016-04,11
8426c37ffffffff-2016-05,5
8426c37ffffffff-2016-07,5
8426c37ffffffff-2016-08,3
8426c37ffffffff-2016-09,3
8426c37ffffffff-2016-10,2
8426c37ffffffff-2016-11,1
8426c37ffffffff-2017-01,1
8426c37ffffffff-2017-03,7
8426c37ffffffff-2017-04,14
8426c37ffffffff-2017-05,17
8426c37ffffffff-2017-06,1
8426c37ffffffff-2017-08,1
8426c37ffffffff-2017-09,58
8426c37ffffffff-2017-10,7
8426c37ffffffff-2018-03,4
8426c37ffffffff-2018-04,16
8426c37ffffffff-2018-05,18
8426c37ffffffff-2018-06,1
8426c37ffffffff-2018-07,1
8426c37ffffffff-2018-09,1
8426c37ffffffff-2018-10,1
8426c37ffffffff-2019-03,1
8426c37ffffffff-2019-04,11
8426c37ffffffff-2019-05,8
8426c37ffffffff-2019-08,1
8426c37ffffffff-2019-09,1
8426c37ffffffff-2019-10,2
8426c37ffffffff-2020-03,11
8426c37ffffffff-2020-04,19
8426c37ffffffff-2020-05,4
8426c37ffffffff-2020-06,4
8426c37ffffffff-2020-07,3
8426c37ffffffff-2020-10,15
8426c37ffffffff-2021-01,3
8426c37ffffffff-2021-02,1
8426c37ffffffff-2021-03,3
8426c37ffffffff-2021-04,11
8426c37ffffffff-2021-05,4
8426c37ffffffff-2021-06,2
8426c37ffffffff-2021-08,7
8426c37ffffffff-2021-09,9
8426c37ffffffff-2021-10,1
8426c37ffffffff-2021-11,4
8426c37ffffffff-2022-04,11
8426c37ffffffff-2022-05,6
8426c37ffffffff-2023-04,7
8426c39ffffffff-2018-04,1
8426c39ffffffff-2020-05,2
8426c39ffffffff-2023-04,1
8426c3bffffffff-2013-04,6
8426c3bffffffff-2013-05,1
8426c3bffffffff-2014-04,1
8426c3bffffffff-2014-05,4
8426c3bffffffff-2015-04,2
8426c3bffffffff-2016-04,1
8426c3bffffffff-2018-04,5
8426c3bffffffff-2020-04,2
8426c3bffffffff-2022-09,1
8426c3bffffffff-2023-04,1
8426c3bffffffff-2023-05,2
8426c3dffffffff-2012-05,1
8426c3dffffffff-2021-09,2
8426c3dffffffff-2022-03,1
8426c41ffffffff-2018-07,3
8426c41ffffffff-2022-08,1
8426c43ffffffff-2012-04,3
8426c43ffffffff-2012-05,11
8426c43ffffffff-2012-08,1
8426c43ffffffff-2012-09,3
8426c43ffffffff-2013-04,2
8426c43ffffffff-2013-05,10
8426c43ffffffff-2013-09,4
8426c43ffffffff-2014-04,5
8426c43ffffffff-2014-05,10
8426c43ffffffff-2014-09,4
8426c43ffffffff-2014-10,2
8426c43ffffffff-2014-11,2
8426c43ffffffff-2015-04,2
8426c43ffffffff-2015-05,6
8426c43ffffffff-2015-06,1
8426c43ffffffff-2015-08,5
8426c43ffffffff-2015-09,1
8426c43ffffffff-2016-04,7
8426c43ffffffff-2016-09,1
8426c43ffffffff-2016-10,2
8426c43ffffffff-2017-03,3
8426c43ffffffff-2017-04,5
8426c43ffffffff-2017-07,1
8426c43ffffffff-2017-09,6
8426c43ffffffff-2018-03,1
8426c43ffffffff-2018-04,16
8426c43ffffffff-2018-05,3
8426c43ffffffff-2018-10,1
8426c43ffffffff-2019-04,16
8426c43ffffffff-2019-05,1
8426c43ffffffff-2019-09,2
8426c43ffffffff-2020-04,5
8426c43ffffffff-2020-05,3
8426c43ffffffff-2020-07,2
8426c43ffffffff-2020-08,3
8426c43ffffffff-2020-09,5
8426c43ffffffff-2020-10,11
8426c43ffffffff-2020-11,2
8426c43ffffffff-2021-04,13
8426c43ffffffff-2021-05,8
8426c43ffffffff-2021-07,3
8426c43ffffffff-2021-08,6
8426c43ffffffff-2021-09,24
8426c43ffffffff-2021-10,4
8426c43ffffffff-2021-11,2
8426c43ffffffff-2022-03,6
8426c43ffffffff-2022-04,21
8426c43ffffffff-2022-05,13
8426c43ffffffff-2022-07,4
8426c43ffffffff-2022-08,2
8426c43ffffffff-2022-09,3
8426c43ffffffff-2023-03,1
8426c43ffffffff-2023-04,29
8426c43ffffffff-2023-05,10
8426c43ffffffff-2023-06,1
8426c43ffffffff-2023-07,1
8426c43ffffffff-2023-08,19
8426c43ffffffff-2023-09,19
8426c43ffffffff-2023-10,7
8426c45ffffffff-2014-08,1
8426c47ffffffff-2014-04,2
8426c47ffffffff-2018-04,1
8426c47ffffffff-2021-04,1
8426c47ffffffff-2021-05,2
8426c47ffffffff-2022-04,1
8426c47ffffffff-2022-09,1
8426c49ffffffff-2013-04,2
8426c49ffffffff-2014-03,1
8426c49ffffffff-2014-04,2
8426c49ffffffff-2019-03,2
8426c49ffffffff-2019-08,1
8426c49ffffffff-2020-04,7
8426c49ffffffff-2021-03,1
8426c4bffffffff-2014-04,1
8426c4bffffffff-2015-05,1
8426c4bffffffff-2016-05,1
8426c4bffffffff-2016-09,1
8426c4bffffffff-2017-04,1
8426c4bffffffff-2017-09,1
8426c4bffffffff-2018-04,4
8426c4bffffffff-2020-04,4
8426c4bffffffff-2020-05,1
8426c4bffffffff-2020-06,1
8426c4bffffffff-2021-04,5
8426c4bffffffff-2021-05,1
8426c4bffffffff-2022-04,4
8426c4bffffffff-2023-04,5
8426c4bffffffff-2023-05,2
8426c4dffffffff-2013-04,5
8426c4dffffffff-2013-05,3
8426c4dffffffff-2014-04,8
8426c4dffffffff-2014-05,3
8426c4dffffffff-2014-08,1
8426c4dffffffff-2015-04,1
8426c4dffffffff-2015-05,3
8426c4dffffffff-2016-03,2
8426c4dffffffff-2016-04,3
8426c4dffffffff-2016-05,3
8426c4dffffffff-2017-04,1
8426c4dffffffff-2017-05,5
8426c4dffffffff-2017-11,2
8426c4dffffffff-2017-12,1
8426c4dffffffff-2019-09,2
8426c4dffffffff-2019-11,1
8426c4dffffffff-2020-03,1
8426c4dffffffff-2020-04,4
8426c4dffffffff-2021-03,1
8426c4dffffffff-2021-04,2
8426c51ffffffff-2015-04,1
8426c51ffffffff-2017-04,1
8426c51ffffffff-2017-08,1
8426c51ffffffff-2020-10,1
8426c53ffffffff-2012-04,1
8426c53ffffffff-2012-05,2
8426c53ffffffff-2012-09,1
8426c53ffffffff-2013-03,1
8426c53ffffffff-2013-04,11
8426c53ffffffff-2013-05,8
8426c53ffffffff-2013-09,2
8426c53ffffffff-2013-10,1
8426c53ffffffff-2014-04,1
8426c53ffffffff-2014-05,1
8426c53ffffffff-2014-12,1
8426c53ffffffff-2015-04,18
8426c53ffffffff-2015-05,8
8426c53ffffffff-2015-10,1
8426c53ffffffff-2016-04,3
8426c53ffffffff-2016-05,2
8426c53ffffffff-2016-08,1
8426c53ffffffff-2017-03,5
8426c53ffffffff-2017-04,17
8426c53ffffffff-2017-05,4
8426c53ffffffff-2017-06,2
8426c53ffffffff-2018-03,1
8426c53ffffffff-2018-04,35
8426c53ffffffff-2019-03,3
8426c53ffffffff-2019-04,16
8426c53ffffffff-2019-05,13
8426c53ffffffff-2019-10,3
8426c53ffffffff-2020-03,3
8426c53ffffffff-2020-04,1
8426c53ffffffff-2020-05,3
8426c53ffffffff-2021-04,24
8426c53ffffffff-2021-05,9
8426c53ffffffff-2022-04,13
8426c53ffffffff-2022-05,5
8426c53ffffffff-2022-08,2
8426c53ffffffff-2023-04,33
8426c53ffffffff-2023-05,16
8426c55ffffffff-2012-04,1
8426c55ffffffff-2012-05,5
8426c55ffffffff-2012-09,1
8426c55ffffffff-2013-05,3
8426c55ffffffff-2016-04,1
8426c55ffffffff-2017-04,4
8426c55ffffffff-2018-07,1
8426c55ffffffff-2019-03,1
8426c55ffffffff-2020-03,5
8426c55ffffffff-2020-04,12
8426c55ffffffff-2020-05,7
8426c55ffffffff-2020-08,3
8426c55ffffffff-2020-09,3
8426c55ffffffff-2020-10,3
8426c55ffffffff-2020-11,2
8426c55ffffffff-2021-03,3
8426c55ffffffff-2021-04,20
8426c55ffffffff-2021-05,3
8426c55ffffffff-2021-07,4
8426c55ffffffff-2021-08,18
8426c55ffffffff-2021-09,3
8426c55ffffffff-2021-10,1
8426c55ffffffff-2022-03,1
8426c55ffffffff-2022-04,18
8426c55ffffffff-2022-05,2
8426c55ffffffff-2023-04,8
8426c55ffffffff-2023-05,8
8426c55ffffffff-2023-08,1
8426c55ffffffff-2023-09,2
8426c55ffffffff-2023-10,2
8426c57ffffffff-2016-05,1
8426c57ffffffff-2017-09,1
8426c57ffffffff-2018-04,2
8426c57ffffffff-2020-05,1
8426c57ffffffff-2020-07,2
8426c57ffffffff-2021-04,2
8426c57ffffffff-2022-09,1
8426c57ffffffff-2023-04,2
8426c59ffffffff-2019-04,1
8426c59ffffffff-2021-05,1
8426c59ffffffff-2023-04,1
8426c5bffffffff-2014-05,2
8426c5bffffffff-2017-05,5
8426c5bffffffff-2018-04,3
8426c5bffffffff-2018-10,1
8426c5bffffffff-2019-03,2
8426c5bffffffff-2019-05,2
8426c5bffffffff-2020-04,3
8426c5bffffffff-2020-08,1
8426c5bffffffff-2021-04,1
8426c5bffffffff-2022-04,9
8426c5bffffffff-2022-05,6
8426c5bffffffff-2022-10,2
8426c5bffffffff-2023-04,6
8426c5bffffffff-2023-08,1
8426c5dffffffff-2012-05,3
8426c5dffffffff-2015-04,1
8426c5dffffffff-2016-05,2
8426c5dffffffff-2019-03,1
8426c5dffffffff-2020-05,1
8426c5dffffffff-2023-08,1
8426c5dffffffff-2023-09,1
8426c61ffffffff-2014-05,1
8426c61ffffffff-2014-09,1
8426c61ffffffff-2016-04,1
8426c61ffffffff-2017-05,1
8426c61ffffffff-2018-03,1
8426c61ffffffff-2019-04,3
8426c61ffffffff-2019-05,2
8426c61ffffffff-2020-04,1
8426c61ffffffff-2021-08,1
8426c61ffffffff-2023-04,13
8426c63ffffffff-2016-03,2
8426c63ffffffff-2016-04,2
8426c63ffffffff-2016-05,1
8426c65ffffffff-2012-06,1
8426c65ffffffff-2015-06,1
8426c65ffffffff-2016-04,4
8426c65ffffffff-2017-04,3
8426c65ffffffff-2020-04,1
8426c65ffffffff-2023-04,10
8426c65ffffffff-2023-05,2
8426c69ffffffff-2014-04,1
8426c69ffffffff-2017-07,1
8426c69ffffffff-2018-08,3
8426c69ffffffff-2018-09,1
8426c69ffffffff-2019-08,3
8426c69ffffffff-2019-09,2
8426c69ffffffff-2019-10,1
8426c69ffffffff-2020-04,3
8426c69ffffffff-2020-10,1
8426c69ffffffff-2023-04,6
8426c6bffffffff-2014-04,3
8426c6bffffffff-2015-04,1
8426c6bffffffff-2015-05,2
8426c6bffffffff-2016-04,1
8426c6bffffffff-2019-04,1
8426c6bffffffff-2020-04,1
8426c6bffffffff-2023-04,2
8426c6dffffffff-2016-05,2
8426c6dffffffff-2018-04,1
8426c6dffffffff-2019-04,1
8426c6dffffffff-2023-09,1
8426c81ffffffff-2013-02,1
8426c81ffffffff-2013-03,1
8426c81ffffffff-2013-11,1
8426c81ffffffff-2017-01,10
8426c81ffffffff-2017-03,1
8426c81ffffffff-2017-04,1
8426c81ffffffff-2018-04,6
8426c81ffffffff-2019-08,1
8426c81ffffffff-2020-02,1
8426c81ffffffff-2020-03,2
8426c81ffffffff-2020-04,28
8426c81ffffffff-2020-05,2
8426c81ffffffff-2021-04,3
8426c81ffffffff-2022-03,1
8426c81ffffffff-2022-05,1
8426c81ffffffff-2023-05,1
8426c81ffffffff-2023-10,2
8426c81ffffffff-2023-11,2
8426c83ffffffff-2012-04,1
8426c83ffffffff-2012-05,3
8426c83ffffffff-2012-08,3
8426c83ffffffff-2012-09,10
8426c83ffffffff-2012-10,2
8426c83ffffffff-2012-11,7
8426c83ffffffff-2012-12,2
8426c83ffffffff-2013-03,8
8426c83ffffffff-2013-04,28
8426c83ffffffff-2013-05,45
8426c83ffffffff-2013-08,10
8426c83ffffffff-2013-09,14
8426c83ffffffff-2013-10,3
8426c83ffffffff-2013-11,1
8426c83ffffffff-2013-12,1
8426c83ffffffff-2014-02,1
8426c83ffffffff-2014-03,1
8426c83ffffffff-2014-04,13
8426c83ffffffff-2014-05,8
8426c83ffffffff-2014-09,7
8426c83ffffffff-2014-10,4
8426c83ffffffff-2014-11,1
8426c83ffffffff-2015-04,1
8426c83ffffffff-2016-04,5
8426c83ffffffff-2016-05,7
8426c83ffffffff-2016-08,1
8426c83ffffffff-2016-10,1
8426c83ffffffff-2017-04,1
8426c83ffffffff-2018-03,2
8426c83ffffffff-2018-04,10
8426c83ffffffff-2018-05,1
8426c83ffffffff-2018-08,2
8426c83ffffffff-2018-09,3
8426c83ffffffff-2019-04,2
8426c83ffffffff-2019-09,3
8426c83ffffffff-2020-03,8
8426c83ffffffff-2020-04,62
8426c83ffffffff-2020-05,8
8426c83ffffffff-2020-07,1
8426c83ffffffff-2020-09,1
8426c83ffffffff-2020-10,1
8426c83ffffffff-2021-04,33
8426c83ffffffff-2021-05,9
8426c83ffffffff-2021-07,1
8426c83ffffffff-2021-08,2
8426c83ffffffff-2022-03,2
8426c83ffffffff-2022-04,2
8426c83ffffffff-2022-08,3
8426c83ffffffff-2023-04,9
8426c83ffffffff-2023-05,1
8426c83ffffffff-2023-08,1
8426c83ffffffff-2023-09,47
8426c83ffffffff-2023-10,5
8426c85ffffffff-2012-05,1
8426c85ffffffff-2013-01,1
8426c85ffffffff-2013-04,2
8426c85ffffffff-2014-05,1
8426c85ffffffff-2014-11,1
8426c85ffffffff-2014-12,2
8426c85ffffffff-2015-04,2
8426c85ffffffff-2015-09,1
8426c85ffffffff-2016-01,3
8426c85ffffffff-2016-09,1
8426c85ffffffff-2016-11,2
8426c85ffffffff-2016-12,1
8426c85ffffffff-2017-01,1
8426c85ffffffff-2017-03,1
8426c85ffffffff-2017-04,5
8426c85ffffffff-2017-05,1
8426c85ffffffff-2017-08,6
8426c85ffffffff-2017-10,10
8426c85ffffffff-2017-11,6
8426c85ffffffff-2018-05,4
8426c85ffffffff-2018-10,1
8426c85ffffffff-2019-03,2
8426c85ffffffff-2019-05,1
8426c85ffffffff-2019-09,1
8426c85ffffffff-2019-12,1
8426c85ffffffff-2020-03,1
8426c85ffffffff-2020-04,2
8426c85ffffffff-2021-04,1
8426c85ffffffff-2021-05,1
8426c85ffffffff-2021-09,1
8426c85ffffffff-2021-10,1
8426c85ffffffff-2022-07,2
8426c85ffffffff-2022-10,5
8426c85ffffffff-2022-11,2
8426c85ffffffff-2023-04,1
8426c85ffffffff-2023-07,7
8426c85ffffffff-2023-09,2
8426c85ffffffff-2023-10,3
8426c85ffffffff-2023-11,5
8426c87ffffffff-2012-05,2
8426c87ffffffff-2012-07,2
8426c87ffffffff-2012-08,1
8426c87ffffffff-2012-09,3
8426c87ffffffff-2012-10,2
8426c87ffffffff-2012-11,3
8426c87ffffffff-2012-12,1
8426c87ffffffff-2013-02,4
8426c87ffffffff-2013-03,2
8426c87ffffffff-2013-04,4
8426c87ffffffff-2013-05,1
8426c87ffffffff-2013-09,1
8426c87ffffffff-2014-02,1
8426c87ffffffff-2014-04,3
8426c87ffffffff-2014-05,6
8426c87ffffffff-2014-07,2
8426c87ffffffff-2014-08,14
8426c87ffffffff-2014-09,9
8426c87ffffffff-2014-10,14
8426c87ffffffff-2014-11,5
8426c87ffffffff-2014-12,1
8426c87ffffffff-2015-01,1
8426c87ffffffff-2015-02,1
8426c87ffffffff-2015-04,7
8426c87ffffffff-2015-05,5
8426c87ffffffff-2015-07,7
8426c87ffffffff-2015-08,5
8426c87ffffffff-2015-09,24
8426c87ffffffff-2015-10,9
8426c87ffffffff-2015-11,2
8426c87ffffffff-2015-12,1
8426c87ffffffff-2016-01,2
8426c87ffffffff-2016-02,1
8426c87ffffffff-2016-03,3
8426c87ffffffff-2016-04,57
8426c87ffffffff-2016-05,18
8426c87ffffffff-2016-07,11
8426c87ffffffff-2016-08,7
8426c87ffffffff-2016-09,4
8426c87ffffffff-2016-11,2
8426c87ffffffff-2016-12,17
8426c87ffffffff-2017-03,1
8426c87ffffffff-2017-04,29
8426c87ffffffff-2017-05,6
8426c87ffffffff-2017-08,6
8426c87ffffffff-2017-09,2
8426c87ffffffff-2017-10,2
8426c87ffffffff-2017-11,4
8426c87ffffffff-2017-12,3
8426c87ffffffff-2018-02,1
8426c87ffffffff-2018-03,18
8426c87ffffffff-2018-04,54
8426c87ffffffff-2018-05,10
8426c87ffffffff-2018-07,4
8426c87ffffffff-2018-08,4
8426c87ffffffff-2018-09,11
8426c87ffffffff-2018-10,14
8426c87ffffffff-2018-11,2
8426c87ffffffff-2019-02,2
8426c87ffffffff-2019-03,11
8426c87ffffffff-2019-04,15
8426c87ffffffff-2019-05,9
8426c87ffffffff-2019-07,1
8426c87ffffffff-2019-08,4
8426c87ffffffff-2019-09,14
8426c87ffffffff-2019-10,7
8426c87ffffffff-2019-11,3
8426c87ffffffff-2019-12,4
8426c87ffffffff-2020-03,6
8426c87ffffffff-2020-04,83
8426c87ffffffff-2020-05,46
8426c87ffffffff-2020-07,1
8426c87ffffffff-2020-08,4
8426c87ffffffff-2020-09,2
8426c87ffffffff-2020-10,3
8426c87ffffffff-2020-11,1
8426c87ffffffff-2020-12,1
8426c87ffffffff-2021-01,1
8426c87ffffffff-2021-03,6
8426c87ffffffff-2021-04,51
8426c87ffffffff-2021-05,22
8426c87ffffffff-2021-07,1
8426c87ffffffff-2021-08,4
8426c87ffffffff-2021-09,12
8426c87ffffffff-2021-10,20
8426c87ffffffff-2021-11,4
8426c87ffffffff-2021-12,3
8426c87ffffffff-2022-02,2
8426c87ffffffff-2022-03,8
8426c87ffffffff-2022-04,37
8426c87ffffffff-2022-05,43
8426c87ffffffff-2022-08,10
8426c87ffffffff-2022-09,6
8426c87ffffffff-2022-11,6
8426c87ffffffff-2023-02,2
8426c87ffffffff-2023-03,7
8426c87ffffffff-2023-04,54
8426c87ffffffff-2023-05,19
8426c87ffffffff-2023-07,1
8426c87ffffffff-2023-08,13
8426c87ffffffff-2023-09,8
8426c87ffffffff-2023-10,16
8426c87ffffffff-2023-11,1
8426c89ffffffff-2012-01,2
8426c89ffffffff-2012-02,3
8426c89ffffffff-2012-03,9
8426c89ffffffff-2012-04,21
8426c89ffffffff-2012-05,21
8426c89ffffffff-2012-06,2
8426c89ffffffff-2012-07,4
8426c89ffffffff-2012-08,13
8426c89ffffffff-2012-09,1
8426c89ffffffff-2012-10,13
8426c89ffffffff-2012-11,5
8426c89ffffffff-2013-03,9
8426c89ffffffff-2013-04,14
8426c89ffffffff-2013-05,32
8426c89ffffffff-2013-07,3
8426c89ffffffff-2013-08,1
8426c89ffffffff-2013-09,1
8426c89ffffffff-2013-11,2
8426c89ffffffff-2014-03,3
8426c89ffffffff-2014-04,13
8426c89ffffffff-2014-05,37
8426c89ffffffff-2014-08,1
8426c89ffffffff-2014-09,4
8426c89ffffffff-2014-10,2
8426c89ffffffff-2015-01,4
8426c89ffffffff-2015-02,3
8426c89ffffffff-2015-03,14
8426c89ffffffff-2015-04,18
8426c89ffffffff-2015-05,9
8426c89ffffffff-2015-09,11
8426c89ffffffff-2015-10,25
8426c89ffffffff-2015-12,1
8426c89ffffffff-2016-01,1
8426c89ffffffff-2016-02,5
8426c89ffffffff-2016-03,25
8426c89ffffffff-2016-04,17
8426c89ffffffff-2016-05,13
8426c89ffffffff-2016-06,1
8426c89ffffffff-2016-07,7
8426c89ffffffff-2016-08,6
8426c89ffffffff-2016-09,4
8426c89ffffffff-2016-10,2
8426c89ffffffff-2016-11,4
8426c89ffffffff-2016-12,1
8426c89ffffffff-2017-02,3
8426c89ffffffff-2017-03,12
8426c89ffffffff-2017-04,19
8426c89ffffffff-2017-05,26
8426c89ffffffff-2017-07,11
8426c89ffffffff-2017-08,14
8426c89ffffffff-2017-09,19
8426c89ffffffff-2017-10,6
8426c89ffffffff-2018-01,1
8426c89ffffffff-2018-02,2
8426c89ffffffff-2018-03,45
8426c89ffffffff-2018-04,48
8426c89ffffffff-2018-05,25
8426c89ffffffff-2018-07,11
8426c89ffffffff-2018-08,2
8426c89ffffffff-2018-09,7
8426c89ffffffff-2018-10,4
8426c89ffffffff-2018-11,1
8426c89ffffffff-2019-03,40
8426c89ffffffff-2019-04,49
8426c89ffffffff-2019-05,3
8426c89ffffffff-2019-07,9
8426c89ffffffff-2019-08,20
8426c89ffffffff-2019-09,6
8426c89ffffffff-2019-10,13
8426c89ffffffff-2020-02,2
8426c89ffffffff-2020-03,8
8426c89ffffffff-2020-04,40
8426c89ffffffff-2020-05,23
8426c89ffffffff-2020-07,2
8426c89ffffffff-2020-08,9
8426c89ffffffff-2020-09,7
8426c89ffffffff-2020-10,17
8426c89ffffffff-2020-11,11
8426c89ffffffff-2021-02,1
8426c89ffffffff-2021-03,13
8426c89ffffffff-2021-04,49
8426c89ffffffff-2021-05,28
8426c89ffffffff-2021-06,2
8426c89ffffffff-2021-08,77
8426c89ffffffff-2021-09,21
8426c89ffffffff-2021-10,14
8426c89ffffffff-2021-11,8
8426c89ffffffff-2022-02,2
8426c89ffffffff-2022-03,37
8426c89ffffffff-2022-04,66
8426c89ffffffff-2022-05,58
8426c89ffffffff-2022-07,1
8426c89ffffffff-2022-08,21
8426c89ffffffff-2022-09,15
8426c89ffffffff-2022-10,39
8426c89ffffffff-2022-11,9
8426c89ffffffff-2023-01,1
8426c89ffffffff-2023-02,1
8426c89ffffffff-2023-03,23
8426c89ffffffff-2023-04,79
8426c89ffffffff-2023-05,57
8426c89ffffffff-2023-06,3
8426c89ffffffff-2023-08,21
8426c89ffffffff-2023-09,57
8426c89ffffffff-2023-10,16
8426c89ffffffff-2023-11,9
8426c8bffffffff-2012-04,1
8426c8bffffffff-2016-10,1
8426c8bffffffff-2017-07,1
8426c8bffffffff-2018-05,2
8426c8bffffffff-2019-05,4
8426c8bffffffff-2022-04,4
8426c8bffffffff-2022-05,1
8426c8dffffffff-2012-04,1
8426c8dffffffff-2012-05,2
8426c8dffffffff-2013-05,1
8426c8dffffffff-2016-03,2
8426c8dffffffff-2018-03,3
8426c8dffffffff-2018-05,1
8426c8dffffffff-2020-10,2
8426c8dffffffff-2021-04,2
8426c8dffffffff-2022-05,1
8426c8dffffffff-2023-05,2
8426c91ffffffff-2012-01,1
8426c91ffffffff-2012-04,2
8426c91ffffffff-2013-04,3
8426c93ffffffff-2013-04,1
8426c93ffffffff-2019-11,1
8426c93ffffffff-2020-05,1
8426c93ffffffff-2021-04,1
8426c93ffffffff-2022-10,1
8426c93ffffffff-2023-08,1
8426c93ffffffff-2023-11,1
8426c95ffffffff-2012-08,1
8426c95ffffffff-2016-05,1
8426c95ffffffff-2018-04,1
8426c95ffffffff-2018-05,1
8426c95ffffffff-2021-02,1
8426c95ffffffff-2023-07,1
8426c97ffffffff-2012-08,3
8426c97ffffffff-2012-09,7
8426c97ffffffff-2012-11,1
8426c97ffffffff-2014-01,1
8426c97ffffffff-2014-04,3
8426c97ffffffff-2015-02,1
8426c97ffffffff-2018-07,2
8426c97ffffffff-2022-03,3
8426c97ffffffff-2022-04,2
8426c97ffffffff-2022-10,1
8426c99ffffffff-2012-11,1
8426c99ffffffff-2019-04,2
8426c99ffffffff-2020-05,1
8426c99ffffffff-2020-11,3
8426c99ffffffff-2021-01,2
8426c99ffffffff-2021-04,2
8426c99ffffffff-2022-08,1
8426c99ffffffff-2023-11,1
8426c9bffffffff-2017-08,1
8426c9bffffffff-2019-04,3
8426c9bffffffff-2021-04,3
8426c9bffffffff-2022-05,1
8426c9dffffffff-2012-02,2
8426c9dffffffff-2012-09,4
8426c9dffffffff-2012-11,1
8426c9dffffffff-2013-04,18
8426c9dffffffff-2013-05,29
8426c9dffffffff-2013-09,1
8426c9dffffffff-2013-10,2
8426c9dffffffff-2014-03,20
8426c9dffffffff-2014-04,27
8426c9dffffffff-2014-05,12
8426c9dffffffff-2014-09,1
8426c9dffffffff-2014-10,9
8426c9dffffffff-2014-12,3
8426c9dffffffff-2015-04,1
8426c9dffffffff-2015-08,1
8426c9dffffffff-2016-04,1
8426c9dffffffff-2016-05,3
8426c9dffffffff-2016-09,1
8426c9dffffffff-2016-10,1
8426c9dffffffff-2016-12,3
8426c9dffffffff-2017-03,2
8426c9dffffffff-2017-04,6
8426c9dffffffff-2017-05,2
8426c9dffffffff-2017-08,1
8426c9dffffffff-2017-09,1
8426c9dffffffff-2017-11,1
8426c9dffffffff-2018-02,2
8426c9dffffffff-2018-03,1
8426c9dffffffff-2018-04,13
8426c9dffffffff-2019-11,1
8426c9dffffffff-2020-04,2
8426c9dffffffff-2022-05,1
8426c9dffffffff-2022-11,6
8426c9dffffffff-2022-12,1
8426c9dffffffff-2023-04,1
8426ca1ffffffff-2014-04,4
8426ca1ffffffff-2014-05,2
8426ca1ffffffff-2016-03,1
8426ca1ffffffff-2018-05,1
8426ca1ffffffff-2018-12,1
8426ca1ffffffff-2020-04,1
8426ca1ffffffff-2023-04,1
8426ca3ffffffff-2012-03,1
8426ca3ffffffff-2012-04,1
8426ca3ffffffff-2012-08,2
8426ca3ffffffff-2013-05,2
8426ca3ffffffff-2013-11,2
8426ca3ffffffff-2014-03,2
8426ca3ffffffff-2014-04,2
8426ca3ffffffff-2014-09,2
8426ca3ffffffff-2015-04,3
8426ca3ffffffff-2016-04,1
8426ca3ffffffff-2016-05,1
8426ca3ffffffff-2017-04,6
8426ca3ffffffff-2017-05,1
8426ca3ffffffff-2017-09,1
8426ca3ffffffff-2018-09,1
8426ca3ffffffff-2019-04,2
8426ca3ffffffff-2019-05,3
8426ca3ffffffff-2020-04,3
8426ca3ffffffff-2020-05,1
8426ca3ffffffff-2020-09,1
8426ca3ffffffff-2020-10,1
8426ca3ffffffff-2021-04,1
8426ca3ffffffff-2021-05,2
8426ca3ffffffff-2021-08,1
8426ca3ffffffff-2022-04,3
8426ca3ffffffff-2022-05,1
8426ca3ffffffff-2022-08,4
8426ca3ffffffff-2023-01,1
8426ca3ffffffff-2023-03,3
8426ca3ffffffff-2023-04,13
8426ca3ffffffff-2023-05,14
8426ca7ffffffff-2012-10,2
8426ca7ffffffff-2015-04,1
8426ca7ffffffff-2017-10,1
8426ca7ffffffff-2020-12,1
8426ca7ffffffff-2022-08,2
8426ca7ffffffff-2023-03,1
8426ca7ffffffff-2023-04,1
8426ca7ffffffff-2023-08,1
8426ca7ffffffff-2023-09,1
8426ca9ffffffff-2014-03,1
8426ca9ffffffff-2015-03,3
8426ca9ffffffff-2016-03,1
8426ca9ffffffff-2016-05,2
8426ca9ffffffff-2016-07,1
8426ca9ffffffff-2016-08,5
8426ca9ffffffff-2016-10,2
8426ca9ffffffff-2017-08,6
8426ca9ffffffff-2017-12,2
8426ca9ffffffff-2018-04,1
8426ca9ffffffff-2019-08,2
8426ca9ffffffff-2021-04,1
8426ca9ffffffff-2021-08,1
8426ca9ffffffff-2023-05,1
8426ca9ffffffff-2023-08,5
8426ca9ffffffff-2023-09,1
8426ca9ffffffff-2023-10,2
8426cabffffffff-2012-01,1
8426cabffffffff-2012-08,1
8426cabffffffff-2012-12,1
8426cabffffffff-2013-01,1
8426cabffffffff-2013-04,9
8426cabffffffff-2013-05,7
8426cabffffffff-2013-07,1
8426cabffffffff-2013-09,2
8426cabffffffff-2014-01,1
8426cabffffffff-2014-03,1
8426cabffffffff-2014-04,10
8426cabffffffff-2014-05,5
8426cabffffffff-2014-10,1
8426cabffffffff-2014-12,1
8426cabffffffff-2015-10,1
8426cabffffffff-2016-04,9
8426cabffffffff-2016-05,1
8426cabffffffff-2017-01,1
8426cabffffffff-2017-04,2
8426cabffffffff-2017-08,1
8426cabffffffff-2018-01,1
8426cabffffffff-2018-04,3
8426cabffffffff-2019-04,1
8426cabffffffff-2019-05,3
8426cabffffffff-2020-04,1
8426cabffffffff-2020-05,3
8426cabffffffff-2021-05,2
8426cabffffffff-2021-08,1
8426cabffffffff-2022-03,1
8426cabffffffff-2022-04,5
8426cabffffffff-2022-08,1
8426cabffffffff-2022-09,1
8426cabffffffff-2023-02,1
8426cabffffffff-2023-04,5
8426cabffffffff-2023-05,2
8426cabffffffff-2023-08,1
8426cadffffffff-2020-11,1
8426cadffffffff-2022-08,1
8426cb1ffffffff-2012-04,1
8426cb1ffffffff-2013-04,8
8426cb1ffffffff-2014-03,1
8426cb1ffffffff-2014-04,27
8426cb1ffffffff-2014-05,6
8426cb1ffffffff-2014-08,3
8426cb1ffffffff-2014-09,7
8426cb1ffffffff-2014-10,13
8426cb1ffffffff-2015-04,4
8426cb1ffffffff-2015-05,2
8426cb1ffffffff-2015-09,3
8426cb1ffffffff-2015-10,1
8426cb1ffffffff-2016-04,6
8426cb1ffffffff-2016-05,2
8426cb1ffffffff-2017-04,2
8426cb1ffffffff-2017-09,2
8426cb1ffffffff-2017-10,21
8426cb1ffffffff-2018-01,1
8426cb1ffffffff-2018-03,1
8426cb1ffffffff-2018-04,2
8426cb1ffffffff-2018-05,1
8426cb1ffffffff-2018-09,3
8426cb1ffffffff-2019-04,2
8426cb1ffffffff-2019-09,1
8426cb1ffffffff-2020-08,4
8426cb1ffffffff-2020-09,10
8426cb1ffffffff-2020-10,17
8426cb1ffffffff-2020-11,13
8426cb1ffffffff-2021-04,9
8426cb1ffffffff-2021-05,2
8426cb1ffffffff-2021-10,1
8426cb1ffffffff-2021-11,3
8426cb1ffffffff-2021-12,17
8426cb1ffffffff-2022-03,21
8426cb1ffffffff-2022-04,22
8426cb1ffffffff-2022-05,2
8426cb1ffffffff-2022-07,2
8426cb1ffffffff-2022-08,5
8426cb1ffffffff-2022-10,16
8426cb1ffffffff-2022-11,1
8426cb1ffffffff-2023-04,2
8426cb1ffffffff-2023-08,8
8426cb1ffffffff-2023-09,3
8426cb1ffffffff-2023-10,11
8426cb3ffffffff-2016-03,2
8426cb3ffffffff-2016-04,1
8426cb3ffffffff-2018-05,3
8426cb3ffffffff-2019-11,1
8426cb3ffffffff-2022-04,1
8426cb3ffffffff-2022-09,1
8426cb3ffffffff-2023-05,1
8426cb5ffffffff-2012-04,1
8426cb5ffffffff-2012-07,1
8426cb5ffffffff-2013-04,1
8426cb5ffffffff-2013-05,3
8426cb5ffffffff-2014-04,4
8426cb5ffffffff-2014-05,1
8426cb5ffffffff-2015-03,1
8426cb5ffffffff-2015-05,1
8426cb5ffffffff-2016-02,1
8426cb5ffffffff-2016-03,2
8426cb5ffffffff-2016-04,3
8426cb5ffffffff-2017-03,1
8426cb5ffffffff-2018-04,1
8426cb5ffffffff-2020-04,3
8426cb5ffffffff-2020-08,1
8426cb5ffffffff-2020-09,5
8426cb5ffffffff-2020-10,3
8426cb5ffffffff-2020-11,1
8426cb5ffffffff-2020-12,1
8426cb5ffffffff-2021-01,1
8426cb5ffffffff-2021-02,1
8426cb5ffffffff-2021-04,12
8426cb5ffffffff-2021-05,7
8426cb5ffffffff-2021-10,2
8426cb5ffffffff-2021-11,2
8426cb5ffffffff-2022-02,7
8426cb5ffffffff-2022-03,4
8426cb5ffffffff-2022-04,17
8426cb5ffffffff-2022-05,2
8426cb5ffffffff-2022-08,5
8426cb5ffffffff-2022-09,3
8426cb5ffffffff-2023-01,4
8426cb5ffffffff-2023-02,6
8426cb5ffffffff-2023-05,2
8426cb5ffffffff-2023-08,1
8426cb5ffffffff-2023-09,3
8426cb7ffffffff-2016-02,1
8426cb7ffffffff-2016-03,4
8426cb7ffffffff-2016-05,1
8426cb7ffffffff-2018-04,1
8426cb7ffffffff-2018-05,2
8426cb7ffffffff-2019-10,3
8426cb7ffffffff-2020-03,1
8426cb7ffffffff-2020-04,2
8426cb7ffffffff-2020-05,1
8426cb7ffffffff-2020-09,3
8426cb7ffffffff-2020-11,1
8426cb7ffffffff-2021-04,4
8426cb7ffffffff-2021-05,2
8426cb7ffffffff-2021-09,2
8426cb7ffffffff-2021-10,2
8426cb7ffffffff-2021-12,2
8426cb7ffffffff-2022-05,1
8426cb7ffffffff-2022-08,2
8426cb7ffffffff-2022-09,1
8426cb7ffffffff-2022-10,3
8426cb7ffffffff-2022-11,2
8426cb7ffffffff-2023-04,5
8426cb7ffffffff-2023-05,2
8426cb7ffffffff-2023-08,7
8426cb7ffffffff-2023-10,1
8426cb9ffffffff-2012-01,3
8426cb9ffffffff-2012-03,17
8426cb9ffffffff-2012-04,47
8426cb9ffffffff-2012-05,24
8426cb9ffffffff-2012-06,4
8426cb9ffffffff-2012-07,5
8426cb9ffffffff-2012-08,41
8426cb9ffffffff-2012-09,16
8426cb9ffffffff-2012-10,2
8426cb9ffffffff-2012-11,5
8426cb9ffffffff-2013-01,2
8426cb9ffffffff-2013-03,5
8426cb9ffffffff-2013-04,21
8426cb9ffffffff-2013-05,18
8426cb9ffffffff-2013-07,7
8426cb9ffffffff-2013-08,7
8426cb9ffffffff-2013-09,11
8426cb9ffffffff-2013-10,9
8426cb9ffffffff-2014-03,2
8426cb9ffffffff-2014-04,30
8426cb9ffffffff-2014-05,14
8426cb9ffffffff-2014-07,3
8426cb9ffffffff-2014-08,4
8426cb9ffffffff-2014-09,1
8426cb9ffffffff-2014-10,16
8426cb9ffffffff-2014-11,1
8426cb9ffffffff-2014-12,5
8426cb9ffffffff-2015-01,1
8426cb9ffffffff-2015-02,1
8426cb9ffffffff-2015-03,4
8426cb9ffffffff-2015-04,23
8426cb9ffffffff-2015-05,10
8426cb9ffffffff-2015-07,5
8426cb9ffffffff-2015-08,3
8426cb9ffffffff-2015-09,4
8426cb9ffffffff-2015-10,1
8426cb9ffffffff-2015-11,4
8426cb9ffffffff-2015-12,2
8426cb9ffffffff-2016-01,3
8426cb9ffffffff-2016-02,8
8426cb9ffffffff-2016-03,7
8426cb9ffffffff-2016-04,45
8426cb9ffffffff-2016-05,26
8426cb9ffffffff-2016-06,5
8426cb9ffffffff-2016-07,18
8426cb9ffffffff-2016-08,20
8426cb9ffffffff-2016-09,17
8426cb9ffffffff-2016-10,11
8426cb9ffffffff-2016-11,7
8426cb9ffffffff-2016-12,2
8426cb9ffffffff-2017-03,23
8426cb9ffffffff-2017-04,39
8426cb9ffffffff-2017-05,17
8426cb9ffffffff-2017-06,3
8426cb9ffffffff-2017-07,18
8426cb9ffffffff-2017-08,27
8426cb9ffffffff-2017-09,9
8426cb9ffffffff-2017-10,5
8426cb9ffffffff-2017-11,17
8426cb9ffffffff-2017-12,8
8426cb9ffffffff-2018-01,3
8426cb9ffffffff-2018-03,7
8426cb9ffffffff-2018-04,51
8426cb9ffffffff-2018-05,32
8426cb9ffffffff-2018-06,3
8426cb9ffffffff-2018-07,4
8426cb9ffffffff-2018-08,11
8426cb9ffffffff-2018-09,31
8426cb9ffffffff-2018-10,7
8426cb9ffffffff-2018-11,3
8426cb9ffffffff-2019-02,1
8426cb9ffffffff-2019-03,8
8426cb9ffffffff-2019-04,33
8426cb9ffffffff-2019-05,37
8426cb9ffffffff-2019-06,3
8426cb9ffffffff-2019-07,5
8426cb9ffffffff-2019-08,13
8426cb9ffffffff-2019-09,12
8426cb9ffffffff-2019-10,12
8426cb9ffffffff-2019-11,9
8426cb9ffffffff-2020-01,4
8426cb9ffffffff-2020-02,1
8426cb9ffffffff-2020-03,31
8426cb9ffffffff-2020-04,110
8426cb9ffffffff-2020-05,33
8426cb9ffffffff-2020-06,2
8426cb9ffffffff-2020-07,23
8426cb9ffffffff-2020-08,42
8426cb9ffffffff-2020-09,55
8426cb9ffffffff-2020-10,16
8426cb9ffffffff-2020-11,10
8426cb9ffffffff-2021-02,10
8426cb9ffffffff-2021-03,17
8426cb9ffffffff-2021-04,113
8426cb9ffffffff-2021-05,29
8426cb9ffffffff-2021-06,2
8426cb9ffffffff-2021-07,11
8426cb9ffffffff-2021-08,55
8426cb9ffffffff-2021-09,23
8426cb9ffffffff-2021-10,3
8426cb9ffffffff-2021-11,3
8426cb9ffffffff-2022-03,11
8426cb9ffffffff-2022-04,33
8426cb9ffffffff-2022-05,38
8426cb9ffffffff-2022-06,5
8426cb9ffffffff-2022-07,17
8426cb9ffffffff-2022-08,42
8426cb9ffffffff-2022-09,55
8426cb9ffffffff-2022-10,30
8426cb9ffffffff-2022-11,8
8426cb9ffffffff-2022-12,2
8426cb9ffffffff-2023-01,1
8426cb9ffffffff-2023-02,5
8426cb9ffffffff-2023-03,28
8426cb9ffffffff-2023-04,111
8426cb9ffffffff-2023-05,38
8426cb9ffffffff-2023-06,13
8426cb9ffffffff-2023-07,13
8426cb9ffffffff-2023-08,65
8426cb9ffffffff-2023-09,66
8426cb9ffffffff-2023-10,28
8426cb9ffffffff-2023-11,8
8426cbbffffffff-2012-05,2
8426cbbffffffff-2012-06,1
8426cbbffffffff-2012-09,2
8426cbbffffffff-2013-01,1
8426cbbffffffff-2013-04,1
8426cbbffffffff-2013-05,1
8426cbbffffffff-2014-04,4
8426cbbffffffff-2014-05,2
8426cbbffffffff-2015-04,4
8426cbbffffffff-2015-05,1
8426cbbffffffff-2015-07,1
8426cbbffffffff-2016-02,1
8426cbbffffffff-2016-04,5
8426cbbffffffff-2016-05,7
8426cbbffffffff-2016-07,1
8426cbbffffffff-2016-12,2
8426cbbffffffff-2017-04,2
8426cbbffffffff-2017-11,2
8426cbbffffffff-2018-05,3
8426cbbffffffff-2018-08,1
8426cbbffffffff-2019-04,3
8426cbbffffffff-2019-05,4
8426cbbffffffff-2019-08,1
8426cbbffffffff-2019-10,2
8426cbbffffffff-2019-11,1
8426cbbffffffff-2020-04,4
8426cbbffffffff-2020-05,2
8426cbbffffffff-2020-07,2
8426cbbffffffff-2020-09,2
8426cbbffffffff-2021-04,7
8426cbbffffffff-2021-11,2
8426cbbffffffff-2022-05,6
8426cbbffffffff-2022-10,4
8426cbbffffffff-2022-11,1
8426cbbffffffff-2022-12,1
8426cbbffffffff-2023-04,10
8426cbbffffffff-2023-05,1
8426cbbffffffff-2023-11,1
8426cbdffffffff-2012-01,4
8426cbdffffffff-2012-03,3
8426cbdffffffff-2012-04,30
8426cbdffffffff-2012-05,59
8426cbdffffffff-2012-06,9
8426cbdffffffff-2012-07,36
8426cbdffffffff-2012-08,23
8426cbdffffffff-2012-09,29
8426cbdffffffff-2012-10,49
8426cbdffffffff-2012-11,8
8426cbdffffffff-2012-12,1
8426cbdffffffff-2013-01,11
8426cbdffffffff-2013-02,3
8426cbdffffffff-2013-03,28
8426cbdffffffff-2013-04,67
8426cbdffffffff-2013-05,41
8426cbdffffffff-2013-06,4
8426cbdffffffff-2013-07,3
8426cbdffffffff-2013-08,2
8426cbdffffffff-2013-09,5
8426cbdffffffff-2013-10,13
8426cbdffffffff-2013-11,1
8426cbdffffffff-2014-02,1
8426cbdffffffff-2014-03,4
8426cbdffffffff-2014-04,49
8426cbdffffffff-2014-05,44
8426cbdffffffff-2014-07,5
8426cbdffffffff-2014-08,13
8426cbdffffffff-2014-09,4
8426cbdffffffff-2014-11,3
8426cbdffffffff-2014-12,2
8426cbdffffffff-2015-03,1
8426cbdffffffff-2015-04,14
8426cbdffffffff-2015-05,7
8426cbdffffffff-2015-07,1
8426cbdffffffff-2015-08,1
8426cbdffffffff-2015-09,12
8426cbdffffffff-2015-10,22
8426cbdffffffff-2016-01,1
8426cbdffffffff-2016-03,2
8426cbdffffffff-2016-04,30
8426cbdffffffff-2016-05,16
8426cbdffffffff-2016-07,5
8426cbdffffffff-2016-08,12
8426cbdffffffff-2016-10,66
8426cbdffffffff-2016-11,23
8426cbdffffffff-2016-12,3
8426cbdffffffff-2017-01,4
8426cbdffffffff-2017-02,1
8426cbdffffffff-2017-03,19
8426cbdffffffff-2017-04,68
8426cbdffffffff-2017-05,36
8426cbdffffffff-2017-07,12
8426cbdffffffff-2017-08,14
8426cbdffffffff-2017-09,5
8426cbdffffffff-2017-10,5
8426cbdffffffff-2017-11,2
8426cbdffffffff-2018-01,2
8426cbdffffffff-2018-02,2
8426cbdffffffff-2018-03,1
8426cbdffffffff-2018-04,52
8426cbdffffffff-2018-05,14
8426cbdffffffff-2018-07,6
8426cbdffffffff-2018-08,8
8426cbdffffffff-2018-09,4
8426cbdffffffff-2018-10,3
8426cbdffffffff-2019-03,1
8426cbdffffffff-2019-04,10
8426cbdffffffff-2019-05,4
8426cbdffffffff-2019-06,1
8426cbdffffffff-2019-07,1
8426cbdffffffff-2019-08,2
8426cbdffffffff-2019-09,21
8426cbdffffffff-2019-10,19
8426cbdffffffff-2019-11,10
8426cbdffffffff-2019-12,4
8426cbdffffffff-2020-03,9
8426cbdffffffff-2020-04,51
8426cbdffffffff-2020-05,53
8426cbdffffffff-2020-06,1
8426cbdffffffff-2020-07,4
8426cbdffffffff-2020-08,25
8426cbdffffffff-2020-09,18
8426cbdffffffff-2020-10,16
8426cbdffffffff-2020-11,8
8426cbdffffffff-2020-12,1
8426cbdffffffff-2021-01,4
8426cbdffffffff-2021-02,3
8426cbdffffffff-2021-03,72
8426cbdffffffff-2021-04,149
8426cbdffffffff-2021-05,47
8426cbdffffffff-2021-08,12
8426cbdffffffff-2021-09,9
8426cbdffffffff-2021-10,3
8426cbdffffffff-2021-11,2
8426cbdffffffff-2022-03,21
8426cbdffffffff-2022-04,116
8426cbdffffffff-2022-05,61
8426cbdffffffff-2022-07,7
8426cbdffffffff-2022-08,12
8426cbdffffffff-2022-09,2
8426cbdffffffff-2022-11,2
8426cbdffffffff-2023-03,7
8426cbdffffffff-2023-04,61
8426cbdffffffff-2023-05,24
8426cbdffffffff-2023-07,1
8426cbdffffffff-2023-08,29
8426cbdffffffff-2023-09,51
8426cbdffffffff-2023-10,58
8426cbdffffffff-2023-11,4
8426cc1ffffffff-2020-04,1
8426cc3ffffffff-2015-04,1
8426cc3ffffffff-2020-05,2
8426cc3ffffffff-2021-04,3
8426cc3ffffffff-2021-05,1
8426cc3ffffffff-2022-04,3
8426cc3ffffffff-2022-05,1
8426cc3ffffffff-2023-09,1
8426cc5ffffffff-2013-01,1
8426cc5ffffffff-2014-05,2
8426cc5ffffffff-2022-04,2
8426cc5ffffffff-2023-04,1
8426cc5ffffffff-2023-05,1
8426cc7ffffffff-2012-04,2
8426cc7ffffffff-2012-05,5
8426cc7ffffffff-2012-08,1
8426cc7ffffffff-2013-05,6
8426cc7ffffffff-2013-09,1
8426cc7ffffffff-2013-10,1
8426cc7ffffffff-2014-03,7
8426cc7ffffffff-2014-04,8
8426cc7ffffffff-2014-05,6
8426cc7ffffffff-2014-10,1
8426cc7ffffffff-2015-04,3
8426cc7ffffffff-2016-04,1
8426cc7ffffffff-2017-04,1
8426cc7ffffffff-2018-03,4
8426cc7ffffffff-2018-04,4
8426cc7ffffffff-2018-05,2
8426cc7ffffffff-2019-03,1
8426cc7ffffffff-2019-05,1
8426cc7ffffffff-2020-04,16
8426cc7ffffffff-2020-05,8
8426cc7ffffffff-2020-06,1
8426cc7ffffffff-2020-09,1
8426cc7ffffffff-2021-03,1
8426cc7ffffffff-2021-04,6
8426cc7ffffffff-2021-05,4
8426cc7ffffffff-2021-09,5
8426cc7ffffffff-2022-04,3
8426cc7ffffffff-2022-05,3
8426cc7ffffffff-2023-03,2
8426cc7ffffffff-2023-04,10
8426cc7ffffffff-2023-05,9
8426cc7ffffffff-2023-09,12
8426cc7ffffffff-2023-10,3
8426ccdffffffff-2014-05,1
8426ccdffffffff-2020-05,1
8426cd1ffffffff-2012-08,2
8426cd1ffffffff-2015-04,1
8426cd1ffffffff-2015-08,1
8426cd1ffffffff-2020-04,1
8426cd1ffffffff-2020-05,3
8426cd1ffffffff-2020-09,1
8426cd1ffffffff-2021-04,4
8426cd3ffffffff-2014-05,1
8426cd3ffffffff-2021-09,1
8426cd3ffffffff-2022-03,2
8426cd3ffffffff-2022-04,1
8426cd3ffffffff-2023-03,5
8426cd3ffffffff-2023-04,2
8426cd5ffffffff-2016-10,1
8426cd5ffffffff-2020-03,1
8426cd5ffffffff-2020-04,1
8426cd5ffffffff-2020-05,3
8426cd5ffffffff-2021-04,4
8426cd5ffffffff-2021-08,1
8426cd5ffffffff-2021-11,4
8426cd5ffffffff-2022-04,6
8426cd5ffffffff-2022-05,2
8426cd5ffffffff-2023-03,1
8426cd5ffffffff-2023-04,1
8426cd5ffffffff-2023-08,1
8426cd7ffffffff-2012-10,2
8426cd7ffffffff-2014-09,1
8426cd7ffffffff-2016-09,1
8426cd7ffffffff-2017-11,3
8426cd7ffffffff-2019-03,4
8426cd7ffffffff-2020-04,2
8426cd7ffffffff-2022-03,2
8426cd7ffffffff-2022-04,1
8426cd7ffffffff-2022-10,2
8426cd7ffffffff-2023-04,1
8426cd9ffffffff-2017-05,1
8426cd9ffffffff-2020-04,1
8426cd9ffffffff-2020-05,1
8426cdbffffffff-2016-04,2
8426cdbffffffff-2017-03,3
8426cdbffffffff-2017-04,4
8426cdbffffffff-2017-08,2
8426cdbffffffff-2017-11,3
8426cdbffffffff-2018-03,1
8426cdbffffffff-2020-05,1
8426cdbffffffff-2022-03,2
8426cdbffffffff-2022-05,4
8426cdbffffffff-2023-03,2
8426ce1ffffffff-2012-04,1
8426ce1ffffffff-2016-05,3
8426ce1ffffffff-2021-04,1
8426ce3ffffffff-2012-09,1
8426ce3ffffffff-2014-05,1
8426ce3ffffffff-2014-09,1
8426ce3ffffffff-2015-04,4
8426ce3ffffffff-2016-05,1
8426ce3ffffffff-2023-04,1
8426ce5ffffffff-2013-04,1
8426ce5ffffffff-2015-05,1
8426ce5ffffffff-2018-03,1
8426ce5ffffffff-2018-04,1
8426ce5ffffffff-2019-01,1
8426ce5ffffffff-2019-04,1
8426ce5ffffffff-2019-11,1
8426ce5ffffffff-2020-04,6
8426ce5ffffffff-2020-05,1
8426ce5ffffffff-2021-04,7
8426ce5ffffffff-2021-05,7
8426ce5ffffffff-2021-09,3
8426ce5ffffffff-2022-03,2
8426ce5ffffffff-2022-04,2
8426ce5ffffffff-2022-05,4
8426ce5ffffffff-2023-05,2
8426ce7ffffffff-2020-04,4
8426ce7ffffffff-2022-04,2
8426ce7ffffffff-2023-05,2
8426ce7ffffffff-2023-08,1
8426cebffffffff-2013-04,1
8426cebffffffff-2014-09,4
8426cebffffffff-2014-10,2
8426cebffffffff-2015-03,1
8426cebffffffff-2017-05,1
8426cebffffffff-2018-05,2
8426cebffffffff-2021-04,15
8426cebffffffff-2022-03,1
8426cebffffffff-2022-04,5
8426cebffffffff-2022-05,5
8426cebffffffff-2022-07,2
8426cebffffffff-2022-08,19
8426cebffffffff-2022-09,3
8426cebffffffff-2022-10,2
8426cebffffffff-2023-03,4
8426cebffffffff-2023-04,25
8426cebffffffff-2023-05,11
8426cebffffffff-2023-08,8
8426cebffffffff-2023-09,10
8426cebffffffff-2023-10,1
8426cedffffffff-2012-05,1
8426cedffffffff-2014-04,1
8426cedffffffff-2015-01,1
8426cedffffffff-2015-03,3
8426cedffffffff-2015-04,4
8426cedffffffff-2015-05,1
8426cedffffffff-2016-05,4
8426cedffffffff-2018-04,2
8426cedffffffff-2019-04,1
8426cedffffffff-2020-04,2
8426cedffffffff-2020-07,1
8426cedffffffff-2021-04,1
8426cedffffffff-2023-07,3
8426cedffffffff-2023-10,2
8426d01ffffffff-2019-04,1
8426d01ffffffff-2022-09,3
8426d03ffffffff-2020-05,1
8426d03ffffffff-2022-09,3
8426d03ffffffff-2023-09,2
8426d07ffffffff-2023-08,2
8426d09ffffffff-2012-08,1
8426d09ffffffff-2018-08,2
8426d09ffffffff-2019-08,5
8426d09ffffffff-2019-09,2
8426d09ffffffff-2020-07,3
8426d09ffffffff-2020-08,1
8426d09ffffffff-2020-09,4
8426d09ffffffff-2021-08,1
8426d09ffffffff-2022-05,1
8426d09ffffffff-2022-08,4
8426d09ffffffff-2022-09,12
8426d09ffffffff-2023-04,1
8426d09ffffffff-2023-05,2
8426d09ffffffff-2023-07,2
8426d09ffffffff-2023-08,2
8426d09ffffffff-2023-09,6
8426d0bffffffff-2012-04,1
8426d0bffffffff-2013-09,1
8426d0bffffffff-2019-04,1
8426d11ffffffff-2015-07,1
8426d11ffffffff-2016-05,2
8426d11ffffffff-2018-03,1
8426d11ffffffff-2019-09,2
8426d11ffffffff-2023-07,2
8426d11ffffffff-2023-09,6
8426d15ffffffff-2013-05,5
8426d15ffffffff-2013-09,1
8426d15ffffffff-2014-04,2
8426d15ffffffff-2014-05,1
8426d15ffffffff-2014-09,1
8426d15ffffffff-2015-09,1
8426d15ffffffff-2016-11,1
8426d15ffffffff-2017-10,1
8426d15ffffffff-2018-04,2
8426d15ffffffff-2018-08,1
8426d15ffffffff-2018-09,1
8426d15ffffffff-2019-04,3
8426d15ffffffff-2019-08,5
8426d15ffffffff-2019-09,11
8426d15ffffffff-2019-10,4
8426d15ffffffff-2020-04,2
8426d15ffffffff-2020-05,1
8426d15ffffffff-2020-06,1
8426d15ffffffff-2020-08,1
8426d15ffffffff-2020-09,1
8426d15ffffffff-2020-10,1
8426d15ffffffff-2021-04,4
8426d15ffffffff-2021-07,1
8426d15ffffffff-2021-08,1
8426d15ffffffff-2021-09,5
8426d15ffffffff-2021-10,1
8426d15ffffffff-2021-11,1
8426d15ffffffff-2022-04,1
8426d15ffffffff-2022-08,2
8426d15ffffffff-2022-09,5
8426d15ffffffff-2022-10,4
8426d15ffffffff-2023-04,2
8426d15ffffffff-2023-05,1
8426d15ffffffff-2023-08,7
8426d15ffffffff-2023-09,13
8426d17ffffffff-2016-04,1
8426d17ffffffff-2017-09,1
8426d17ffffffff-2018-09,1
8426d17ffffffff-2019-04,1
8426d17ffffffff-2023-04,1
8426d17ffffffff-2023-09,4
8426d19ffffffff-2012-04,3
8426d19ffffffff-2019-10,1
8426d19ffffffff-2021-05,2
8426d19ffffffff-2022-08,1
8426d19ffffffff-2022-09,3
8426d1bffffffff-2016-03,1
8426d1bffffffff-2016-05,1
8426d1bffffffff-2017-11,1
8426d1bffffffff-2019-10,1
8426d1bffffffff-2020-09,2
8426d1bffffffff-2021-03,1
8426d1bffffffff-2021-04,4
8426d1bffffffff-2021-05,1
8426d1bffffffff-2022-04,8
8426d1dffffffff-2012-06,1
8426d1dffffffff-2012-08,2
8426d1dffffffff-2013-05,1
8426d1dffffffff-2018-02,2
8426d1dffffffff-2018-05,1
8426d1dffffffff-2019-03,1
8426d1dffffffff-2019-08,1
8426d1dffffffff-2019-09,3
8426d1dffffffff-2020-06,1
8426d1dffffffff-2020-08,3
8426d1dffffffff-2020-09,3
8426d1dffffffff-2020-10,1
8426d1dffffffff-2021-05,2
8426d1dffffffff-2022-04,2
8426d1dffffffff-2022-09,9
8426d1dffffffff-2022-10,1
8426d1dffffffff-2023-07,2
8426d1dffffffff-2023-08,3
8426d21ffffffff-2019-05,1
8426d21ffffffff-2019-08,1
8426d21ffffffff-2020-05,2
8426d21ffffffff-2023-07,3
8426d21ffffffff-2023-08,5
8426d21ffffffff-2023-09,3
8426d23ffffffff-2021-08,2
8426d25ffffffff-2012-09,3
8426d25ffffffff-2013-09,1
8426d2bffffffff-2012-09,3
8426d2bffffffff-2013-10,2
8426d2bffffffff-2019-10,1
8426d2bffffffff-2020-09,2
8426d2bffffffff-2021-04,1
8426d2bffffffff-2021-08,2
8426d2bffffffff-2022-04,1
8426d2bffffffff-2022-06,1
8426d2bffffffff-2022-07,2
8426d2bffffffff-2022-09,4
8426d2bffffffff-2022-10,1
8426d2bffffffff-2023-09,1
8426d31ffffffff-2014-05,1
8426d31ffffffff-2017-07,1
8426d31ffffffff-2017-09,3
8426d31ffffffff-2019-09,1
8426d31ffffffff-2021-09,1
8426d31ffffffff-2021-10,2
8426d31ffffffff-2022-07,1
8426d31ffffffff-2022-09,6
8426d31ffffffff-2023-10,1
8426d33ffffffff-2012-09,1
8426d33ffffffff-2013-10,3
8426d33ffffffff-2014-09,2
8426d33ffffffff-2017-08,1
8426d33ffffffff-2017-09,1
8426d33ffffffff-2021-09,3
8426d33ffffffff-2022-04,2
8426d33ffffffff-2022-09,3
8426d33ffffffff-2023-07,9
8426d33ffffffff-2023-08,6
8426d33ffffffff-2023-09,5
8426d33ffffffff-2023-10,1
8426d35ffffffff-2012-04,1
8426d35ffffffff-2013-04,1
8426d35ffffffff-2014-08,2
8426d35ffffffff-2014-09,5
8426d35ffffffff-2015-04,2
8426d35ffffffff-2015-08,1
8426d35ffffffff-2016-04,4
8426d35ffffffff-2017-09,2
8426d35ffffffff-2018-08,1
8426d35ffffffff-2018-09,1
8426d35ffffffff-2019-05,1
8426d35ffffffff-2020-04,1
8426d35ffffffff-2020-07,1
8426d35ffffffff-2020-09,3
8426d35ffffffff-2021-08,1
8426d35ffffffff-2021-09,2
8426d35ffffffff-2022-08,2
8426d35ffffffff-2023-09,2
8426d37ffffffff-2016-05,1
8426d37ffffffff-2016-09,1
8426d37ffffffff-2016-10,1
8426d37ffffffff-2017-08,1
8426d37ffffffff-2017-09,4
8426d37ffffffff-2018-09,3
8426d37ffffffff-2018-10,1
8426d37ffffffff-2021-08,1
8426d37ffffffff-2021-09,3
8426d37ffffffff-2023-07,2
8426d39ffffffff-2014-08,2
8426d39ffffffff-2014-10,2
8426d39ffffffff-2014-11,2
8426d39ffffffff-2016-05,1
8426d39ffffffff-2016-09,1
8426d39ffffffff-2016-10,2
8426d39ffffffff-2019-08,2
8426d39ffffffff-2020-08,2
8426d39ffffffff-2021-08,1
8426d39ffffffff-2021-10,2
8426d39ffffffff-2022-08,2
8426d39ffffffff-2022-09,17
8426d39ffffffff-2023-07,4
8426d39ffffffff-2023-08,5
8426d39ffffffff-2023-09,3
8426d39ffffffff-2023-10,1
8426d3bffffffff-2016-05,1
8426d3bffffffff-2018-04,1
8426d3bffffffff-2022-08,5
8426d3bffffffff-2023-08,3
8426d3bffffffff-2023-09,3
8426d3bffffffff-2023-11,1
8426d41ffffffff-2012-04,1
8426d41ffffffff-2012-05,2
8426d41ffffffff-2013-09,1
8426d41ffffffff-2014-04,3
8426d41ffffffff-2016-04,1
8426d41ffffffff-2016-08,1
8426d41ffffffff-2017-08,1
8426d41ffffffff-2017-09,2
8426d41ffffffff-2018-08,3
8426d41ffffffff-2019-04,3
8426d41ffffffff-2019-08,4
8426d41ffffffff-2020-05,1
8426d41ffffffff-2020-09,4
8426d41ffffffff-2023-05,1
8426d41ffffffff-2023-07,1
8426d43ffffffff-2019-08,2
8426d43ffffffff-2020-09,3
8426d43ffffffff-2022-08,1
8426d43ffffffff-2023-07,2
8426d43ffffffff-2023-09,2
8426d45ffffffff-2014-05,1
8426d45ffffffff-2015-05,1
8426d45ffffffff-2015-08,1
8426d45ffffffff-2016-04,1
8426d45ffffffff-2016-05,1
8426d45ffffffff-2017-04,1
8426d45ffffffff-2018-04,1
8426d45ffffffff-2019-04,4
8426d45ffffffff-2019-08,1
8426d45ffffffff-2019-10,2
8426d45ffffffff-2019-11,1
8426d45ffffffff-2020-04,1
8426d45ffffffff-2020-05,1
8426d45ffffffff-2021-04,12
8426d45ffffffff-2021-05,4
8426d45ffffffff-2021-08,2
8426d45ffffffff-2022-04,2
8426d45ffffffff-2022-05,3
8426d45ffffffff-2023-04,7
8426d45ffffffff-2023-05,7
8426d45ffffffff-2023-09,3
8426d47ffffffff-2013-08,1
8426d47ffffffff-2021-04,1
8426d47ffffffff-2021-07,2
8426d49ffffffff-2014-07,2
8426d49ffffffff-2017-08,1
8426d49ffffffff-2020-04,1
8426d49ffffffff-2022-04,1
8426d49ffffffff-2023-05,1
8426d4bffffffff-2013-04,1
8426d4bffffffff-2013-05,1
8426d4bffffffff-2013-09,2
8426d4bffffffff-2014-05,6
8426d4bffffffff-2014-09,3
8426d4bffffffff-2015-04,5
8426d4bffffffff-2015-05,2
8426d4bffffffff-2016-05,1
8426d4bffffffff-2017-05,3
8426d4bffffffff-2017-06,3
8426d4bffffffff-2017-07,9
8426d4bffffffff-2017-08,1
8426d4bffffffff-2017-09,2
8426d4bffffffff-2017-10,1
8426d4bffffffff-2018-03,1
8426d4bffffffff-2018-05,2
8426d4bffffffff-2019-08,5
8426d4bffffffff-2020-04,3
8426d4bffffffff-2020-05,7
8426d4bffffffff-2020-09,2
8426d4bffffffff-2021-04,1
8426d4bffffffff-2021-09,4
8426d4bffffffff-2022-04,3
8426d4bffffffff-2022-05,6
8426d4bffffffff-2022-09,3
8426d4bffffffff-2023-05,3
8426d4bffffffff-2023-07,5
8426d4bffffffff-2023-08,1
8426d4bffffffff-2023-09,9
8426d4dffffffff-2012-08,1
8426d4dffffffff-2012-09,2
8426d4dffffffff-2019-08,2
8426d4dffffffff-2022-05,1
8426d4dffffffff-2022-07,3
8426d4dffffffff-2022-08,3
8426d4dffffffff-2022-09,1
8426d4dffffffff-2023-04,3
8426d4dffffffff-2023-08,3
8426d51ffffffff-2015-04,2
8426d51ffffffff-2019-09,6
8426d51ffffffff-2019-10,1
8426d51ffffffff-2020-09,3
8426d51ffffffff-2022-05,2
8426d51ffffffff-2022-06,1
8426d51ffffffff-2022-08,1
8426d51ffffffff-2023-08,1
8426d51ffffffff-2023-09,3
8426d55ffffffff-2023-07,2
8426d55ffffffff-2023-09,4
8426d57ffffffff-2013-10,1
8426d57ffffffff-2014-04,1
8426d57ffffffff-2016-05,3
8426d57ffffffff-2017-03,1
8426d57ffffffff-2017-04,1
8426d57ffffffff-2018-04,1
8426d57ffffffff-2019-04,4
8426d57ffffffff-2020-04,4
8426d57ffffffff-2022-05,1
8426d59ffffffff-2012-05,1
8426d59ffffffff-2015-04,4
8426d59ffffffff-2016-05,1
8426d59ffffffff-2019-04,1
8426d59ffffffff-2020-04,1
8426d59ffffffff-2021-04,1
8426d59ffffffff-2022-04,3
8426d59ffffffff-2023-07,1
8426d59ffffffff-2023-08,1
8426d59ffffffff-2023-09,2
8426d5bffffffff-2016-05,1
8426d5bffffffff-2016-10,2
8426d5bffffffff-2019-09,1
8426d5bffffffff-2020-09,1
8426d5bffffffff-2021-04,2
8426d5bffffffff-2022-04,3
8426d5bffffffff-2023-09,5
8426d5dffffffff-2012-09,1
8426d5dffffffff-2017-05,3
8426d5dffffffff-2018-04,2
8426d5dffffffff-2019-08,4
8426d5dffffffff-2022-07,3
8426d5dffffffff-2023-09,2
8426d61ffffffff-2018-05,1
8426d65ffffffff-2022-08,1
8426d65ffffffff-2022-09,2
8426d6bffffffff-2012-04,2
8426d6bffffffff-2013-08,1
8426d6bffffffff-2018-09,1
8426d6bffffffff-2019-09,1
8426d6bffffffff-2020-10,3
8426d6bffffffff-2021-05,2
8426d6bffffffff-2021-08,1
8426d6bffffffff-2022-09,1
8426d6bffffffff-2023-04,7
8426d6bffffffff-2023-05,2
8426d6dffffffff-2013-09,2
8426d6dffffffff-2017-04,1
8426d6dffffffff-2017-08,1
8426d81ffffffff-2016-04,2
8426d83ffffffff-2018-07,1
8426d83ffffffff-2018-12,1
8426d83ffffffff-2020-10,1
8426d83ffffffff-2021-05,1
8426d83ffffffff-2023-03,2
8426d83ffffffff-2023-07,1
8426d83ffffffff-2023-08,1
8426d83ffffffff-2023-11,1
8426d87ffffffff-2018-07,1
8426d87ffffffff-2018-08,1
8426d87ffffffff-2019-11,1
8426d87ffffffff-2020-04,3
8426d87ffffffff-2020-05,5
8426d87ffffffff-2020-09,1
8426d87ffffffff-2021-03,1
8426d87ffffffff-2021-08,2
8426d89ffffffff-2012-04,1
8426d89ffffffff-2013-04,6
8426d89ffffffff-2014-09,8
8426d89ffffffff-2017-05,2
8426d89ffffffff-2022-03,1
8426d89ffffffff-2022-08,2
8426d89ffffffff-2023-04,2
8426d89ffffffff-2023-07,1
8426d89ffffffff-2023-10,1
8426d8bffffffff-2015-10,1
8426d8bffffffff-2015-11,3
8426d8bffffffff-2016-05,3
8426d8bffffffff-2017-01,1
8426d8bffffffff-2019-03,2
8426d8bffffffff-2019-04,1
8426d8bffffffff-2019-07,4
8426d8bffffffff-2019-08,6
8426d8bffffffff-2020-02,4
8426d8bffffffff-2020-03,1
8426d8bffffffff-2020-05,1
8426d8bffffffff-2020-08,2
8426d8bffffffff-2021-04,2
8426d8bffffffff-2021-09,1
8426d8bffffffff-2021-10,1
8426d8dffffffff-2012-10,1
8426d8dffffffff-2020-09,1
8426d8dffffffff-2022-07,3
8426d8dffffffff-2022-08,1
8426d8dffffffff-2023-05,2
8426d8dffffffff-2023-08,2
8426d91ffffffff-2012-08,1
8426d91ffffffff-2020-04,1
8426d91ffffffff-2022-04,2
8426d91ffffffff-2023-05,1
8426d91ffffffff-2023-09,1
8426d91ffffffff-2023-10,1
8426d93ffffffff-2016-04,1
8426d93ffffffff-2020-12,1
8426d93ffffffff-2023-04,2
8426d95ffffffff-2012-04,3
8426d95ffffffff-2012-09,1
8426d95ffffffff-2013-05,4
8426d95ffffffff-2013-09,1
8426d95ffffffff-2014-04,5
8426d95ffffffff-2014-05,2
8426d95ffffffff-2014-09,11
8426d95ffffffff-2014-11,1
8426d95ffffffff-2015-04,3
8426d95ffffffff-2015-07,4
8426d95ffffffff-2015-08,7
8426d95ffffffff-2016-04,7
8426d95ffffffff-2016-08,5
8426d95ffffffff-2016-10,1
8426d95ffffffff-2017-04,5
8426d95ffffffff-2018-05,1
8426d95ffffffff-2019-02,3
8426d95ffffffff-2019-04,35
8426d95ffffffff-2019-05,26
8426d95ffffffff-2019-08,35
8426d95ffffffff-2019-09,11
8426d95ffffffff-2019-10,15
8426d95ffffffff-2019-11,1
8426d95ffffffff-2020-03,1
8426d95ffffffff-2020-04,10
8426d95ffffffff-2020-05,3
8426d95ffffffff-2020-08,14
8426d95ffffffff-2020-09,2
8426d95ffffffff-2020-10,7
8426d95ffffffff-2020-11,5
8426d95ffffffff-2021-03,2
8426d95ffffffff-2021-04,10
8426d95ffffffff-2021-05,3
8426d95ffffffff-2021-08,11
8426d95ffffffff-2021-09,26
8426d95ffffffff-2021-10,15
8426d95ffffffff-2021-11,8
8426d95ffffffff-2022-03,2
8426d95ffffffff-2022-04,9
8426d95ffffffff-2022-05,3
8426d95ffffffff-2022-07,1
8426d95ffffffff-2022-08,23
8426d95ffffffff-2022-09,1
8426d95ffffffff-2022-10,9
8426d95ffffffff-2022-11,1
8426d95ffffffff-2023-03,8
8426d95ffffffff-2023-04,4
8426d95ffffffff-2023-05,57
8426d95ffffffff-2023-08,4
8426d95ffffffff-2023-09,6
8426d95ffffffff-2023-10,1
8426d95ffffffff-2023-11,2
8426d97ffffffff-2016-05,1
8426d97ffffffff-2020-04,1
8426d97ffffffff-2021-04,1
8426d97ffffffff-2022-04,2
8426d97ffffffff-2023-05,1
8426d97ffffffff-2023-11,2
8426d99ffffffff-2012-09,6
8426d99ffffffff-2016-09,1
8426d99ffffffff-2023-05,1
8426d99ffffffff-2023-06,1
8426d9bffffffff-2014-09,1
8426d9bffffffff-2016-03,1
8426d9bffffffff-2017-01,1
8426d9bffffffff-2021-03,1
8426d9dffffffff-2014-04,1
8426d9dffffffff-2014-10,2
8426d9dffffffff-2020-10,1
8426d9dffffffff-2021-10,1
8426d9dffffffff-2023-01,8
8426d9dffffffff-2023-02,4
8426da1ffffffff-2014-07,1
8426da3ffffffff-2013-05,2
8426da3ffffffff-2014-08,2
8426da3ffffffff-2019-03,2
8426da3ffffffff-2023-04,2
8426da3ffffffff-2023-10,2
8426da5ffffffff-2014-11,2
8426da5ffffffff-2019-09,1
8426da5ffffffff-2020-09,1
8426da7ffffffff-2012-03,1
8426da7ffffffff-2012-04,1
8426da7ffffffff-2015-11,2
8426da7ffffffff-2016-08,5
8426da7ffffffff-2016-10,2
8426da7ffffffff-2016-11,1
8426da7ffffffff-2017-07,1
8426da7ffffffff-2017-08,5
8426da7ffffffff-2017-09,1
8426da7ffffffff-2017-12,1
8426da7ffffffff-2018-04,1
8426da7ffffffff-2018-07,3
8426da7ffffffff-2018-08,1
8426da7ffffffff-2018-11,2
8426da7ffffffff-2019-08,2
8426da7ffffffff-2019-09,3
8426da7ffffffff-2019-11,1
8426da7ffffffff-2019-12,1
8426da7ffffffff-2020-01,2
8426da7ffffffff-2020-07,2
8426da7ffffffff-2020-08,2
8426da7ffffffff-2020-09,1
8426da7ffffffff-2021-01,1
8426da7ffffffff-2021-08,5
8426da7ffffffff-2021-09,3
8426da7ffffffff-2023-11,4
8426da9ffffffff-2012-08,1
8426da9ffffffff-2013-04,4
8426da9ffffffff-2013-05,1
8426da9ffffffff-2013-09,1
8426da9ffffffff-2014-10,2
8426da9ffffffff-2016-09,1
8426da9ffffffff-2016-10,1
8426da9ffffffff-2016-11,1
8426da9ffffffff-2018-06,1
8426da9ffffffff-2018-07,2
8426da9ffffffff-2018-09,1
8426da9ffffffff-2020-08,1
8426da9ffffffff-2020-09,1
8426da9ffffffff-2021-07,2
8426da9ffffffff-2021-09,1
8426da9ffffffff-2022-05,1
8426da9ffffffff-2022-07,3
8426da9ffffffff-2022-08,1
8426da9ffffffff-2022-09,4
8426da9ffffffff-2023-05,1
8426da9ffffffff-2023-08,5
8426da9ffffffff-2023-09,2
8426da9ffffffff-2023-10,1
8426da9ffffffff-2023-11,11
8426dabffffffff-2023-03,1
8426dabffffffff-2023-05,1
8426dadffffffff-2012-05,2
8426dadffffffff-2012-07,1
8426dadffffffff-2016-05,1
8426dadffffffff-2016-09,1
8426dadffffffff-2016-10,2
8426dadffffffff-2016-11,1
8426dadffffffff-2016-12,1
8426dadffffffff-2017-03,2
8426dadffffffff-2017-04,7
8426dadffffffff-2017-05,2
8426dadffffffff-2017-06,1
8426dadffffffff-2017-07,9
8426dadffffffff-2017-08,13
8426dadffffffff-2017-09,5
8426dadffffffff-2017-10,7
8426dadffffffff-2017-11,2
8426dadffffffff-2018-08,1
8426dadffffffff-2019-03,2
8426dadffffffff-2019-04,6
8426dadffffffff-2019-10,1
8426dadffffffff-2021-07,2
8426dadffffffff-2021-08,3
8426dadffffffff-2021-09,1
8426dadffffffff-2023-09,1
8426dadffffffff-2023-10,1
8426dadffffffff-2023-11,3
8426db1ffffffff-2012-08,1
8426db1ffffffff-2014-04,1
8426db1ffffffff-2017-08,3
8426db1ffffffff-2018-09,1
8426db1ffffffff-2023-05,1
8426db3ffffffff-2014-04,1
8426db3ffffffff-2017-08,2
8426db3ffffffff-2018-07,1
8426db3ffffffff-2019-11,2
8426db3ffffffff-2021-04,1
8426db3ffffffff-2021-09,2
8426db3ffffffff-2022-05,1
8426db3ffffffff-2022-07,1
8426db3ffffffff-2022-08,1
8426db3ffffffff-2022-09,1
8426db3ffffffff-2022-11,1
8426db3ffffffff-2023-04,2
8426db3ffffffff-2023-09,1
8426db3ffffffff-2023-11,2
8426db9ffffffff-2014-03,1
8426db9ffffffff-2014-05,1
8426db9ffffffff-2017-09,2
8426db9ffffffff-2018-11,1
8426db9ffffffff-2019-08,5
8426db9ffffffff-2019-09,18
8426db9ffffffff-2019-10,4
8426db9ffffffff-2020-11,1
8426db9ffffffff-2021-04,5
8426db9ffffffff-2021-05,1
8426db9ffffffff-2021-08,1
8426db9ffffffff-2021-09,2
8426db9ffffffff-2021-10,1
8426db9ffffffff-2022-05,1
8426db9ffffffff-2023-04,1
8426db9ffffffff-2023-05,6
8426dbbffffffff-2014-05,2
8426dbbffffffff-2019-03,7
8426dbbffffffff-2019-04,2
8426dbbffffffff-2019-05,6
8426dbbffffffff-2020-09,1
8426dbbffffffff-2021-03,1
8426dbbffffffff-2021-08,1
8426dbbffffffff-2021-09,1
8426dbbffffffff-2023-05,1
8426dbdffffffff-2014-03,1
8426dbdffffffff-2014-05,1
8426dbdffffffff-2014-08,1
8426dbdffffffff-2014-09,7
8426dbdffffffff-2014-10,2
8426dbdffffffff-2015-04,1
8426dbdffffffff-2016-01,1
8426dbdffffffff-2016-04,3
8426dbdffffffff-2016-05,6
8426dbdffffffff-2016-09,2
8426dbdffffffff-2017-05,2
8426dbdffffffff-2018-04,2
8426dbdffffffff-2020-10,1
8426dbdffffffff-2021-05,1
8426dbdffffffff-2021-08,4
8426dbdffffffff-2021-09,4
8426dbdffffffff-2021-10,1
8426dbdffffffff-2022-04,1
8426dbdffffffff-2023-09,3
8426dc1ffffffff-2012-04,1
8426dc1ffffffff-2023-04,1
8426dc1ffffffff-2023-11,2
8426dc3ffffffff-2020-04,2
8426dc3ffffffff-2023-09,4
8426dc7ffffffff-2022-04,1
8426dc7ffffffff-2023-04,3
8426dc9ffffffff-2018-05,1
8426dc9ffffffff-2018-09,1
8426dc9ffffffff-2019-03,1
8426dc9ffffffff-2022-05,1
8426dc9ffffffff-2023-04,1
8426dc9ffffffff-2023-09,2
8426dcbffffffff-2012-04,1
8426dcbffffffff-2015-04,1
8426dcbffffffff-2017-03,1
8426dcbffffffff-2017-04,3
8426dcbffffffff-2017-05,3
8426dcbffffffff-2017-09,2
8426dcbffffffff-2018-04,1
8426dcbffffffff-2018-08,1
8426dcbffffffff-2018-09,1
8426dcbffffffff-2019-04,2
8426dcbffffffff-2019-05,2
8426dcbffffffff-2019-08,2
8426dcbffffffff-2019-09,1
8426dcbffffffff-2019-10,1
8426dcbffffffff-2021-09,1
8426dcbffffffff-2022-08,2
8426dcbffffffff-2023-03,1
8426dcbffffffff-2023-09,2
8426dcdffffffff-2017-04,1
8426dcdffffffff-2017-05,3
8426dd1ffffffff-2018-09,2
8426dd3ffffffff-2015-05,2
8426dd3ffffffff-2016-05,2
8426dd3ffffffff-2017-04,4
8426dd3ffffffff-2018-04,1
8426dd3ffffffff-2019-04,2
8426dd3ffffffff-2019-05,6
8426dd3ffffffff-2019-09,1
8426dd3ffffffff-2019-10,1
8426dd3ffffffff-2020-03,1
8426dd3ffffffff-2020-04,2
8426dd3ffffffff-2021-05,1
8426dd3ffffffff-2022-04,1
8426dd3ffffffff-2023-04,1
8426dd5ffffffff-2015-10,1
8426dd5ffffffff-2016-05,1
8426dd5ffffffff-2016-10,2
8426dd5ffffffff-2016-11,1
8426dd5ffffffff-2017-03,1
8426dd5ffffffff-2018-08,1
8426dd5ffffffff-2019-05,1
8426dd5ffffffff-2019-08,2
8426dd5ffffffff-2020-04,1
8426dd5ffffffff-2020-05,1
8426dd5ffffffff-2020-08,1
8426dd5ffffffff-2020-10,3
8426dd5ffffffff-2021-05,1
8426dd5ffffffff-2021-09,1
8426dd5ffffffff-2022-05,1
8426dd5ffffffff-2022-08,2
8426dd5ffffffff-2023-04,1
8426dd5ffffffff-2023-07,2
8426dd5ffffffff-2023-09,3
8426dd5ffffffff-2023-10,2
8426dd7ffffffff-2012-04,2
8426dd7ffffffff-2012-11,2
8426dd7ffffffff-2014-07,2
8426dd7ffffffff-2015-07,5
8426dd7ffffffff-2016-07,4
8426dd7ffffffff-2016-08,5
8426dd7ffffffff-2016-09,3
8426dd7ffffffff-2016-11,1
8426dd7ffffffff-2017-08,1
8426dd7ffffffff-2017-09,1
8426dd7ffffffff-2018-06,3
8426dd7ffffffff-2018-08,1
8426dd7ffffffff-2018-09,1
8426dd7ffffffff-2018-11,2
8426dd7ffffffff-2019-05,1
8426dd7ffffffff-2019-08,6
8426dd7ffffffff-2019-09,2
8426dd7ffffffff-2019-10,2
8426dd7ffffffff-2019-11,2
8426dd7ffffffff-2019-12,1
8426dd7ffffffff-2020-04,3
8426dd7ffffffff-2020-05,2
8426dd7ffffffff-2020-07,1
8426dd7ffffffff-2020-08,15
8426dd7ffffffff-2020-09,2
8426dd7ffffffff-2020-10,2
8426dd7ffffffff-2021-04,4
8426dd7ffffffff-2021-09,3
8426dd7ffffffff-2022-01,2
8426dd7ffffffff-2022-05,3
8426dd7ffffffff-2022-07,1
8426dd7ffffffff-2023-04,1
8426dd7ffffffff-2023-08,6
8426dd9ffffffff-2014-05,1
8426dd9ffffffff-2014-08,1
8426dd9ffffffff-2015-04,3
8426dd9ffffffff-2016-04,3
8426dd9ffffffff-2018-04,1
8426dd9ffffffff-2019-04,1
8426dd9ffffffff-2019-08,4
8426dd9ffffffff-2020-03,1
8426dd9ffffffff-2020-04,9
8426dd9ffffffff-2020-06,1
8426dd9ffffffff-2020-07,1
8426dd9ffffffff-2020-08,2
8426dd9ffffffff-2020-10,1
8426dd9ffffffff-2020-12,1
8426dd9ffffffff-2021-04,4
8426dd9ffffffff-2021-05,3
8426dd9ffffffff-2021-08,1
8426dd9ffffffff-2021-09,3
8426dd9ffffffff-2021-10,2
8426dd9ffffffff-2021-11,1
8426dd9ffffffff-2022-04,9
8426dd9ffffffff-2022-05,1
8426dd9ffffffff-2022-07,1
8426dd9ffffffff-2022-08,2
8426dd9ffffffff-2022-09,13
8426dd9ffffffff-2022-10,3
8426dd9ffffffff-2023-04,14
8426dd9ffffffff-2023-05,4
8426dd9ffffffff-2023-07,1
8426ddbffffffff-2012-09,21
8426ddbffffffff-2012-11,3
8426ddbffffffff-2012-12,1
8426ddbffffffff-2013-05,1
8426ddbffffffff-2013-08,6
8426ddbffffffff-2013-09,2
8426ddbffffffff-2013-10,4
8426ddbffffffff-2014-04,1
8426ddbffffffff-2014-07,2
8426ddbffffffff-2014-08,1
8426ddbffffffff-2014-09,2
8426ddbffffffff-2015-04,6
8426ddbffffffff-2016-04,1
8426ddbffffffff-2016-05,4
8426ddbffffffff-2016-07,3
8426ddbffffffff-2016-09,1
8426ddbffffffff-2016-11,1
8426ddbffffffff-2017-02,1
8426ddbffffffff-2017-03,2
8426ddbffffffff-2018-03,2
8426ddbffffffff-2018-04,7
8426ddbffffffff-2018-05,1
8426ddbffffffff-2018-07,1
8426ddbffffffff-2018-08,1
8426ddbffffffff-2018-09,2
8426ddbffffffff-2018-11,2
8426ddbffffffff-2019-01,4
8426ddbffffffff-2019-02,3
8426ddbffffffff-2019-03,3
8426ddbffffffff-2019-04,4
8426ddbffffffff-2019-08,1
8426ddbffffffff-2019-09,1
8426ddbffffffff-2019-10,3
8426ddbffffffff-2019-11,3
8426ddbffffffff-2019-12,3
8426ddbffffffff-2020-01,1
8426ddbffffffff-2020-03,1
8426ddbffffffff-2020-04,1
8426ddbffffffff-2020-05,2
8426ddbffffffff-2020-09,4
8426ddbffffffff-2020-10,5
8426ddbffffffff-2020-11,2
8426ddbffffffff-2021-03,1
8426ddbffffffff-2021-04,3
8426ddbffffffff-2021-05,5
8426ddbffffffff-2021-08,2
8426ddbffffffff-2021-09,3
8426ddbffffffff-2021-10,4
8426ddbffffffff-2022-03,2
8426ddbffffffff-2022-04,10
8426ddbffffffff-2022-05,15
8426ddbffffffff-2022-07,5
8426ddbffffffff-2022-08,8
8426ddbffffffff-2022-09,22
8426ddbffffffff-2022-10,15
8426ddbffffffff-2022-12,1
8426ddbffffffff-2023-01,2
8426ddbffffffff-2023-03,1
8426ddbffffffff-2023-04,21
8426ddbffffffff-2023-05,3
8426ddbffffffff-2023-06,1
8426ddbffffffff-2023-07,5
8426ddbffffffff-2023-08,10
8426ddbffffffff-2023-09,8
8426ddbffffffff-2023-10,1
8426ddbffffffff-2023-11,1
8426dddffffffff-2013-04,1
8426dddffffffff-2013-08,1
8426dddffffffff-2020-09,1
8426de1ffffffff-2012-07,1
8426de1ffffffff-2012-08,1
8426de1ffffffff-2013-08,1
8426de1ffffffff-2013-09,1
8426de1ffffffff-2013-10,2
8426de1ffffffff-2014-09,1
8426de1ffffffff-2017-07,4
8426de1ffffffff-2018-04,3
8426de1ffffffff-2018-05,2
8426de1ffffffff-2018-07,4
8426de1ffffffff-2018-08,4
8426de1ffffffff-2018-09,3
8426de1ffffffff-2019-10,7
8426de1ffffffff-2019-11,2
8426de1ffffffff-2020-01,2
8426de1ffffffff-2021-04,1
8426de1ffffffff-2021-05,1
8426de1ffffffff-2021-07,2
8426de1ffffffff-2021-09,5
8426de1ffffffff-2021-10,5
8426de1ffffffff-2022-07,1
8426de1ffffffff-2022-08,13
8426de1ffffffff-2022-11,1
8426de1ffffffff-2023-04,23
8426de1ffffffff-2023-05,3
8426de1ffffffff-2023-08,8
8426de1ffffffff-2023-09,6
8426de1ffffffff-2023-10,1
8426de3ffffffff-2012-03,1
8426de3ffffffff-2012-04,1
8426de3ffffffff-2012-07,1
8426de3ffffffff-2012-08,1
8426de3ffffffff-2013-07,1
8426de3ffffffff-2014-03,1
8426de3ffffffff-2014-07,1
8426de3ffffffff-2014-08,1
8426de3ffffffff-2014-09,4
8426de3ffffffff-2014-10,4
8426de3ffffffff-2015-04,1
8426de3ffffffff-2015-09,2
8426de3ffffffff-2015-10,3
8426de3ffffffff-2015-11,7
8426de3ffffffff-2015-12,3
8426de3ffffffff-2016-09,2
8426de3ffffffff-2016-10,3
8426de3ffffffff-2016-11,1
8426de3ffffffff-2017-02,1
8426de3ffffffff-2017-04,2
8426de3ffffffff-2017-07,4
8426de3ffffffff-2017-08,7
8426de3ffffffff-2017-09,4
8426de3ffffffff-2017-10,6
8426de3ffffffff-2017-11,1
8426de3ffffffff-2018-07,2
8426de3ffffffff-2019-08,2
8426de3ffffffff-2019-09,4
8426de3ffffffff-2019-12,1
8426de3ffffffff-2020-02,1
8426de3ffffffff-2020-04,1
8426de3ffffffff-2020-05,1
8426de3ffffffff-2021-07,2
8426de3ffffffff-2021-08,4
8426de3ffffffff-2021-09,6
8426de3ffffffff-2021-10,4
8426de3ffffffff-2022-04,1
8426de3ffffffff-2022-05,2
8426de3ffffffff-2022-08,1
8426de3ffffffff-2022-09,5
8426de3ffffffff-2022-10,3
8426de3ffffffff-2023-09,1
8426de3ffffffff-2023-11,2
8426de5ffffffff-2012-05,1
8426de5ffffffff-2012-08,1
8426de5ffffffff-2012-09,1
8426de5ffffffff-2012-11,1
8426de5ffffffff-2013-09,2
8426de5ffffffff-2013-10,1
8426de5ffffffff-2014-07,2
8426de5ffffffff-2014-09,2
8426de5ffffffff-2015-09,1
8426de5ffffffff-2016-05,2
8426de5ffffffff-2016-06,1
8426de5ffffffff-2016-08,1
8426de5ffffffff-2016-09,1
8426de5ffffffff-2016-10,1
8426de5ffffffff-2016-11,1
8426de5ffffffff-2017-07,2
8426de5ffffffff-2017-09,4
8426de5ffffffff-2017-10,1
8426de5ffffffff-2018-11,2
8426de5ffffffff-2019-08,4
8426de5ffffffff-2019-09,5
8426de5ffffffff-2019-11,2
8426de5ffffffff-2020-04,1
8426de5ffffffff-2020-09,2
8426de5ffffffff-2021-07,2
8426de5ffffffff-2021-08,3
8426de5ffffffff-2021-09,4
8426de5ffffffff-2022-07,7
8426de5ffffffff-2022-08,2
8426de5ffffffff-2022-09,9
8426de5ffffffff-2023-09,3
8426de5ffffffff-2023-10,1
8426de7ffffffff-2012-04,9
8426de7ffffffff-2012-05,9
8426de7ffffffff-2012-08,4
8426de7ffffffff-2012-09,5
8426de7ffffffff-2012-11,1
8426de7ffffffff-2012-12,1
8426de7ffffffff-2013-01,1
8426de7ffffffff-2013-03,1
8426de7ffffffff-2013-04,5
8426de7ffffffff-2013-05,8
8426de7ffffffff-2013-07,1
8426de7ffffffff-2013-08,2
8426de7ffffffff-2013-09,3
8426de7ffffffff-2013-10,10
8426de7ffffffff-2013-11,3
8426de7ffffffff-2014-03,2
8426de7ffffffff-2014-04,2
8426de7ffffffff-2014-05,1
8426de7ffffffff-2014-08,3
8426de7ffffffff-2015-03,1
8426de7ffffffff-2015-04,1
8426de7ffffffff-2015-07,1
8426de7ffffffff-2016-03,1
8426de7ffffffff-2016-04,1
8426de7ffffffff-2016-05,1
8426de7ffffffff-2016-08,3
8426de7ffffffff-2016-09,3
8426de7ffffffff-2016-10,3
8426de7ffffffff-2017-08,3
8426de7ffffffff-2017-09,3
8426de7ffffffff-2017-10,1
8426de7ffffffff-2018-04,6
8426de7ffffffff-2018-05,6
8426de7ffffffff-2018-07,2
8426de7ffffffff-2018-08,5
8426de7ffffffff-2018-09,12
8426de7ffffffff-2018-10,5
8426de7ffffffff-2018-11,1
8426de7ffffffff-2019-03,1
8426de7ffffffff-2019-04,1
8426de7ffffffff-2019-08,5
8426de7ffffffff-2019-09,12
8426de7ffffffff-2019-10,2
8426de7ffffffff-2019-11,6
8426de7ffffffff-2019-12,1
8426de7ffffffff-2020-03,1
8426de7ffffffff-2020-04,38
8426de7ffffffff-2020-05,3
8426de7ffffffff-2020-07,1
8426de7ffffffff-2020-08,9
8426de7ffffffff-2020-09,39
8426de7ffffffff-2020-10,5
8426de7ffffffff-2020-11,1
8426de7ffffffff-2021-03,3
8426de7ffffffff-2021-04,27
8426de7ffffffff-2021-05,12
8426de7ffffffff-2021-07,1
8426de7ffffffff-2021-08,1
8426de7ffffffff-2021-09,26
8426de7ffffffff-2021-10,15
8426de7ffffffff-2022-04,10
8426de7ffffffff-2022-05,4
8426de7ffffffff-2022-07,22
8426de7ffffffff-2022-08,13
8426de7ffffffff-2022-09,5
8426de7ffffffff-2022-11,1
8426de7ffffffff-2023-03,6
8426de7ffffffff-2023-04,7
8426de7ffffffff-2023-08,6
8426de7ffffffff-2023-09,11
8426de7ffffffff-2023-10,24
8426de9ffffffff-2014-10,1
8426de9ffffffff-2015-07,1
8426de9ffffffff-2016-10,1
8426de9ffffffff-2017-04,1
8426de9ffffffff-2018-10,2
8426de9ffffffff-2022-10,1
8426de9ffffffff-2023-04,1
8426de9ffffffff-2023-05,1
8426de9ffffffff-2023-10,2
8426debffffffff-2012-05,1
8426debffffffff-2014-08,1
8426debffffffff-2015-07,1
8426debffffffff-2015-11,1
8426debffffffff-2015-12,1
8426debffffffff-2016-03,2
8426debffffffff-2016-04,4
8426debffffffff-2016-07,3
8426debffffffff-2017-05,3
8426debffffffff-2020-04,2
8426debffffffff-2022-08,2
8426debffffffff-2023-08,2
8426debffffffff-2023-10,1
8426dedffffffff-2013-08,2
8426dedffffffff-2013-09,14
8426dedffffffff-2013-10,14
8426dedffffffff-2013-11,1
8426dedffffffff-2014-04,2
8426dedffffffff-2014-10,1
8426dedffffffff-2014-11,1
8426dedffffffff-2015-07,1
8426dedffffffff-2015-08,3
8426dedffffffff-2017-09,2
8426dedffffffff-2017-10,2
8426dedffffffff-2018-09,1
8426dedffffffff-2019-09,6
8426dedffffffff-2020-04,1
8426dedffffffff-2021-09,1
8426dedffffffff-2022-09,1
8426dedffffffff-2022-10,1
8426dedffffffff-2023-07,2
8426dedffffffff-2023-08,1
8426dedffffffff-2023-09,1
8426e01ffffffff-2012-08,1
8426e01ffffffff-2012-09,2
8426e01ffffffff-2013-05,1
8426e01ffffffff-2017-05,1
8426e01ffffffff-2018-04,2
8426e01ffffffff-2018-05,3
8426e01ffffffff-2018-08,7
8426e01ffffffff-2019-04,1
8426e01ffffffff-2019-05,9
8426e01ffffffff-2021-04,1
8426e01ffffffff-2021-05,1
8426e01ffffffff-2021-08,7
8426e01ffffffff-2022-03,1
8426e01ffffffff-2022-04,2
8426e01ffffffff-2022-05,10
8426e01ffffffff-2022-10,2
8426e01ffffffff-2022-11,1
8426e01ffffffff-2023-03,1
8426e01ffffffff-2023-04,12
8426e01ffffffff-2023-05,11
8426e01ffffffff-2023-06,1
8426e01ffffffff-2023-10,12
8426e03ffffffff-2018-04,2
8426e03ffffffff-2019-04,2
8426e03ffffffff-2019-05,1
8426e03ffffffff-2020-04,1
8426e03ffffffff-2022-04,1
8426e03ffffffff-2022-08,1
8426e03ffffffff-2022-09,1
8426e03ffffffff-2023-04,9
8426e03ffffffff-2023-05,3
8426e03ffffffff-2023-10,1
8426e05ffffffff-2013-07,1
8426e05ffffffff-2013-08,1
8426e05ffffffff-2013-10,2
8426e05ffffffff-2014-07,1
8426e05ffffffff-2015-04,3
8426e05ffffffff-2017-04,1
8426e05ffffffff-2019-05,3
8426e05ffffffff-2019-07,1
8426e05ffffffff-2019-08,1
8426e05ffffffff-2020-04,5
8426e05ffffffff-2021-04,6
8426e05ffffffff-2021-07,1
8426e05ffffffff-2021-08,1
8426e05ffffffff-2021-09,1
8426e05ffffffff-2022-04,4
8426e05ffffffff-2022-05,2
8426e05ffffffff-2022-07,2
8426e05ffffffff-2022-08,6
8426e05ffffffff-2022-09,1
8426e05ffffffff-2023-03,3
8426e05ffffffff-2023-04,11
8426e05ffffffff-2023-05,2
8426e05ffffffff-2023-06,1
8426e05ffffffff-2023-09,1
8426e07ffffffff-2013-04,2
8426e07ffffffff-2015-04,3
8426e07ffffffff-2016-03,1
8426e07ffffffff-2016-04,3
8426e07ffffffff-2016-05,2
8426e07ffffffff-2017-04,2
8426e07ffffffff-2017-05,1
8426e07ffffffff-2018-04,23
8426e07ffffffff-2018-05,11
8426e07ffffffff-2018-10,1
8426e07ffffffff-2019-04,2
8426e07ffffffff-2019-05,6
8426e07ffffffff-2020-04,8
8426e07ffffffff-2020-05,7
8426e07ffffffff-2020-10,1
8426e07ffffffff-2021-04,8
8426e07ffffffff-2021-05,1
8426e07ffffffff-2021-09,1
8426e07ffffffff-2023-03,2
8426e07ffffffff-2023-04,21
8426e07ffffffff-2023-05,17
8426e07ffffffff-2023-11,4
8426e09ffffffff-2013-03,1
8426e09ffffffff-2014-05,5
8426e09ffffffff-2015-05,2
8426e09ffffffff-2016-05,2
8426e09ffffffff-2017-04,1
8426e09ffffffff-2017-05,1
8426e09ffffffff-2018-04,11
8426e09ffffffff-2018-05,1
8426e09ffffffff-2019-09,1
8426e09ffffffff-2020-05,1
8426e09ffffffff-2023-04,3
8426e09ffffffff-2023-05,1
8426e09ffffffff-2023-10,5
8426e0bffffffff-2012-04,1
8426e0bffffffff-2013-04,1
8426e0bffffffff-2014-03,3
8426e0bffffffff-2014-04,1
8426e0bffffffff-2015-04,3
8426e0bffffffff-2015-09,1
8426e0bffffffff-2016-03,1
8426e0bffffffff-2017-04,8
8426e0bffffffff-2018-03,1
8426e0bffffffff-2018-04,1
8426e0bffffffff-2018-05,1
8426e0bffffffff-2019-04,1
8426e0bffffffff-2021-04,1
8426e0bffffffff-2021-05,1
8426e0bffffffff-2022-05,1
8426e0bffffffff-2022-08,1
8426e0bffffffff-2023-04,1
8426e0bffffffff-2023-05,2
8426e0bffffffff-2023-09,2
8426e0bffffffff-2023-10,4
8426e0dffffffff-2017-04,3
8426e0dffffffff-2017-05,3
8426e0dffffffff-2017-10,2
8426e0dffffffff-2018-04,7
8426e0dffffffff-2018-05,2
8426e0dffffffff-2018-08,1
8426e0dffffffff-2019-05,1
8426e0dffffffff-2019-09,1
8426e0dffffffff-2021-03,1
8426e0dffffffff-2021-04,1
8426e0dffffffff-2022-06,1
8426e11ffffffff-2014-05,1
8426e11ffffffff-2014-08,1
8426e11ffffffff-2015-09,2
8426e11ffffffff-2015-10,1
8426e11ffffffff-2016-04,4
8426e11ffffffff-2016-08,1
8426e11ffffffff-2017-03,1
8426e11ffffffff-2017-04,1
8426e11ffffffff-2017-05,2
8426e11ffffffff-2017-07,1
8426e11ffffffff-2017-10,13
8426e11ffffffff-2018-04,4
8426e11ffffffff-2020-03,1
8426e11ffffffff-2020-04,1
8426e11ffffffff-2021-05,2
8426e11ffffffff-2021-10,1
8426e11ffffffff-2022-03,1
8426e11ffffffff-2022-04,4
8426e11ffffffff-2022-08,1
8426e11ffffffff-2023-03,2
8426e11ffffffff-2023-05,1
8426e11ffffffff-2023-08,1
8426e11ffffffff-2023-09,1
8426e11ffffffff-2023-10,1
8426e13ffffffff-2012-03,1
8426e13ffffffff-2012-04,1
8426e13ffffffff-2013-05,2
8426e13ffffffff-2014-04,1
8426e13ffffffff-2015-04,1
8426e13ffffffff-2016-04,1
8426e13ffffffff-2017-03,1
8426e13ffffffff-2017-05,1
8426e13ffffffff-2018-03,1
8426e13ffffffff-2018-04,9
8426e13ffffffff-2018-05,1
8426e13ffffffff-2019-04,2
8426e13ffffffff-2020-04,1
8426e13ffffffff-2021-04,2
8426e13ffffffff-2021-05,2
8426e13ffffffff-2021-07,1
8426e13ffffffff-2022-04,2
8426e15ffffffff-2016-04,1
8426e15ffffffff-2018-04,3
8426e15ffffffff-2022-08,3
8426e15ffffffff-2022-09,1
8426e15ffffffff-2023-04,2
8426e17ffffffff-2012-10,1
8426e17ffffffff-2016-04,1
8426e17ffffffff-2017-05,2
8426e17ffffffff-2018-04,3
8426e17ffffffff-2019-04,2
8426e17ffffffff-2021-03,1
8426e17ffffffff-2021-04,3
8426e17ffffffff-2022-04,10
8426e17ffffffff-2022-05,1
8426e19ffffffff-2012-04,1
8426e19ffffffff-2012-09,1
8426e19ffffffff-2012-10,5
8426e19ffffffff-2013-04,5
8426e19ffffffff-2014-04,1
8426e19ffffffff-2014-05,1
8426e19ffffffff-2014-08,1
8426e19ffffffff-2015-10,5
8426e19ffffffff-2016-03,5
8426e19ffffffff-2016-07,2
8426e19ffffffff-2016-09,1
8426e19ffffffff-2016-10,1
8426e19ffffffff-2017-07,1
8426e19ffffffff-2018-04,5
8426e19ffffffff-2019-04,7
8426e19ffffffff-2020-03,1
8426e19ffffffff-2020-04,1
8426e19ffffffff-2020-10,2
8426e19ffffffff-2021-04,3
8426e19ffffffff-2021-05,1
8426e19ffffffff-2021-08,4
8426e19ffffffff-2021-09,1
8426e19ffffffff-2022-04,2
8426e19ffffffff-2022-09,1
8426e19ffffffff-2022-10,1
8426e19ffffffff-2023-05,2
8426e19ffffffff-2023-10,1
8426e1bffffffff-2014-10,1
8426e1bffffffff-2015-04,2
8426e1bffffffff-2016-05,1
8426e1bffffffff-2016-07,1
8426e1bffffffff-2017-05,2
8426e1bffffffff-2018-03,1
8426e1bffffffff-2018-04,5
8426e1bffffffff-2019-05,4
8426e1bffffffff-2020-05,2
8426e1bffffffff-2020-08,1
8426e1bffffffff-2021-05,1
8426e1bffffffff-2022-05,1
8426e1bffffffff-2022-08,1
8426e1bffffffff-2022-10,1
8426e1dffffffff-2023-04,2
8426e21ffffffff-2012-04,10
8426e21ffffffff-2012-05,7
8426e21ffffffff-2012-06,2
8426e21ffffffff-2012-07,13
8426e21ffffffff-2012-08,3
8426e21ffffffff-2012-09,5
8426e21ffffffff-2012-10,2
8426e21ffffffff-2012-11,1
8426e21ffffffff-2013-03,6
8426e21ffffffff-2013-04,33
8426e21ffffffff-2013-05,20
8426e21ffffffff-2013-06,7
8426e21ffffffff-2013-07,17
8426e21ffffffff-2013-08,14
8426e21ffffffff-2013-09,12
8426e21ffffffff-2013-10,25
8426e21ffffffff-2013-11,7
8426e21ffffffff-2014-03,3
8426e21ffffffff-2014-04,63
8426e21ffffffff-2014-05,26
8426e21ffffffff-2014-06,6
8426e21ffffffff-2014-07,28
8426e21ffffffff-2014-08,43
8426e21ffffffff-2014-09,50
8426e21ffffffff-2014-10,12
8426e21ffffffff-2014-11,14
8426e21ffffffff-2015-03,5
8426e21ffffffff-2015-04,58
8426e21ffffffff-2015-05,36
8426e21ffffffff-2015-06,3
8426e21ffffffff-2015-07,11
8426e21ffffffff-2015-08,42
8426e21ffffffff-2015-09,20
8426e21ffffffff-2015-10,25
8426e21ffffffff-2015-11,5
8426e21ffffffff-2016-02,1
8426e21ffffffff-2016-03,14
8426e21ffffffff-2016-04,50
8426e21ffffffff-2016-05,23
8426e21ffffffff-2016-06,10
8426e21ffffffff-2016-07,10
8426e21ffffffff-2016-08,103
8426e21ffffffff-2016-09,40
8426e21ffffffff-2016-10,23
8426e21ffffffff-2016-11,28
8426e21ffffffff-2017-03,14
8426e21ffffffff-2017-04,70
8426e21ffffffff-2017-05,37
8426e21ffffffff-2017-06,6
8426e21ffffffff-2017-07,39
8426e21ffffffff-2017-08,70
8426e21ffffffff-2017-09,58
8426e21ffffffff-2017-10,19
8426e21ffffffff-2017-11,19
8426e21ffffffff-2018-03,1
8426e21ffffffff-2018-04,49
8426e21ffffffff-2018-05,67
8426e21ffffffff-2018-06,16
8426e21ffffffff-2018-07,35
8426e21ffffffff-2018-08,42
8426e21ffffffff-2018-09,20
8426e21ffffffff-2018-10,28
8426e21ffffffff-2018-11,6
8426e21ffffffff-2019-03,4
8426e21ffffffff-2019-04,41
8426e21ffffffff-2019-05,38
8426e21ffffffff-2019-06,3
8426e21ffffffff-2019-07,14
8426e21ffffffff-2019-08,70
8426e21ffffffff-2019-09,29
8426e21ffffffff-2019-10,33
8426e21ffffffff-2019-11,10
8426e21ffffffff-2020-03,15
8426e21ffffffff-2020-04,42
8426e21ffffffff-2020-05,22
8426e21ffffffff-2020-06,4
8426e21ffffffff-2020-07,15
8426e21ffffffff-2020-08,56
8426e21ffffffff-2020-09,72
8426e21ffffffff-2020-10,60
8426e21ffffffff-2020-11,11
8426e21ffffffff-2020-12,3
8426e21ffffffff-2021-03,4
8426e21ffffffff-2021-04,48
8426e21ffffffff-2021-05,45
8426e21ffffffff-2021-06,2
8426e21ffffffff-2021-07,33
8426e21ffffffff-2021-08,33
8426e21ffffffff-2021-09,60
8426e21ffffffff-2021-10,64
8426e21ffffffff-2021-11,11
8426e21ffffffff-2022-03,8
8426e21ffffffff-2022-04,112
8426e21ffffffff-2022-05,90
8426e21ffffffff-2022-06,10
8426e21ffffffff-2022-07,19
8426e21ffffffff-2022-08,58
8426e21ffffffff-2022-09,50
8426e21ffffffff-2022-10,16
8426e21ffffffff-2022-11,2
8426e21ffffffff-2023-03,2
8426e21ffffffff-2023-04,106
8426e21ffffffff-2023-05,64
8426e21ffffffff-2023-06,17
8426e21ffffffff-2023-07,18
8426e21ffffffff-2023-08,77
8426e21ffffffff-2023-09,54
8426e21ffffffff-2023-10,17
8426e21ffffffff-2023-11,4
8426e23ffffffff-2013-04,1
8426e23ffffffff-2013-05,3
8426e23ffffffff-2016-05,1
8426e23ffffffff-2017-05,2
8426e23ffffffff-2017-09,1
8426e23ffffffff-2018-08,1
8426e23ffffffff-2019-03,1
8426e23ffffffff-2020-04,1
8426e23ffffffff-2020-05,1
8426e23ffffffff-2020-10,1
8426e23ffffffff-2021-08,3
8426e23ffffffff-2021-09,5
8426e23ffffffff-2022-04,4
8426e23ffffffff-2022-08,2
8426e23ffffffff-2022-09,1
8426e23ffffffff-2022-10,2
8426e23ffffffff-2022-11,1
8426e23ffffffff-2023-04,9
8426e23ffffffff-2023-05,32
8426e23ffffffff-2023-06,2
8426e23ffffffff-2023-07,1
8426e23ffffffff-2023-08,8
8426e23ffffffff-2023-10,1
8426e25ffffffff-2014-04,1
8426e25ffffffff-2014-09,1
8426e25ffffffff-2015-05,1
8426e25ffffffff-2016-05,1
8426e25ffffffff-2017-05,1
8426e25ffffffff-2017-06,1
8426e25ffffffff-2017-07,21
8426e25ffffffff-2017-08,19
8426e25ffffffff-2017-09,2
8426e25ffffffff-2018-05,2
8426e27ffffffff-2013-04,4
8426e27ffffffff-2013-05,4
8426e27ffffffff-2014-04,2
8426e27ffffffff-2014-09,1
8426e27ffffffff-2016-04,1
8426e27ffffffff-2017-04,2
8426e27ffffffff-2018-04,4
8426e27ffffffff-2018-05,4
8426e27ffffffff-2018-07,1
8426e27ffffffff-2019-04,8
8426e27ffffffff-2019-09,1
8426e27ffffffff-2020-04,6
8426e27ffffffff-2020-10,1
8426e27ffffffff-2021-04,2
8426e27ffffffff-2021-05,1
8426e27ffffffff-2021-09,1
8426e27ffffffff-2021-11,1
8426e27ffffffff-2022-04,2
8426e27ffffffff-2022-05,2
8426e27ffffffff-2023-05,2
8426e29ffffffff-2013-03,1
8426e29ffffffff-2016-10,1
8426e29ffffffff-2017-04,1
8426e29ffffffff-2018-03,1
8426e29ffffffff-2018-09,1
8426e29ffffffff-2019-05,1
8426e29ffffffff-2020-05,1
8426e29ffffffff-2020-10,1
8426e29ffffffff-2023-05,1
8426e2bffffffff-2013-04,1
8426e2bffffffff-2013-05,2
8426e2bffffffff-2013-09,1
8426e2bffffffff-2013-10,1
8426e2bffffffff-2014-04,2
8426e2bffffffff-2014-05,3
8426e2bffffffff-2015-08,2
8426e2bffffffff-2016-03,1
8426e2bffffffff-2016-04,3
8426e2bffffffff-2016-08,1
8426e2bffffffff-2016-09,1
8426e2bffffffff-2017-04,6
8426e2bffffffff-2017-05,9
8426e2bffffffff-2017-08,15
8426e2bffffffff-2017-09,9
8426e2bffffffff-2017-11,5
8426e2bffffffff-2018-04,2
8426e2bffffffff-2018-05,1
8426e2bffffffff-2018-08,1
8426e2bffffffff-2019-04,1
8426e2bffffffff-2020-03,3
8426e2bffffffff-2020-04,14
8426e2bffffffff-2020-05,10
8426e2bffffffff-2020-08,8
8426e2bffffffff-2020-09,2
8426e2bffffffff-2020-10,2
8426e2bffffffff-2021-04,9
8426e2bffffffff-2021-05,4
8426e2bffffffff-2021-07,4
8426e2bffffffff-2021-08,7
8426e2bffffffff-2021-09,4
8426e2bffffffff-2022-04,14
8426e2bffffffff-2022-05,14
8426e2bffffffff-2022-06,2
8426e2bffffffff-2022-07,1
8426e2bffffffff-2022-08,7
8426e2bffffffff-2022-09,9
8426e2bffffffff-2022-10,1
8426e2bffffffff-2023-03,2
8426e2bffffffff-2023-04,8
8426e2bffffffff-2023-05,5
8426e2bffffffff-2023-07,9
8426e2bffffffff-2023-08,5
8426e2dffffffff-2012-03,9
8426e2dffffffff-2012-04,24
8426e2dffffffff-2012-05,23
8426e2dffffffff-2012-06,7
8426e2dffffffff-2012-07,6
8426e2dffffffff-2013-04,5
8426e2dffffffff-2013-05,4
8426e2dffffffff-2013-07,1
8426e2dffffffff-2013-08,5
8426e2dffffffff-2013-09,3
8426e2dffffffff-2013-10,5
8426e2dffffffff-2014-04,36
8426e2dffffffff-2014-05,9
8426e2dffffffff-2014-06,3
8426e2dffffffff-2014-07,1
8426e2dffffffff-2014-08,7
8426e2dffffffff-2014-10,1
8426e2dffffffff-2014-11,1
8426e2dffffffff-2015-03,4
8426e2dffffffff-2015-04,37
8426e2dffffffff-2015-05,17
8426e2dffffffff-2015-07,27
8426e2dffffffff-2015-08,46
8426e2dffffffff-2015-09,8
8426e2dffffffff-2015-10,24
8426e2dffffffff-2015-11,2
8426e2dffffffff-2015-12,1
8426e2dffffffff-2016-03,31
8426e2dffffffff-2016-04,68
8426e2dffffffff-2016-05,21
8426e2dffffffff-2016-06,7
8426e2dffffffff-2016-07,12
8426e2dffffffff-2016-08,22
8426e2dffffffff-2016-09,11
8426e2dffffffff-2016-10,2
8426e2dffffffff-2016-11,1
8426e2dffffffff-2017-03,6
8426e2dffffffff-2017-04,36
8426e2dffffffff-2017-05,17
8426e2dffffffff-2017-07,10
8426e2dffffffff-2017-08,41
8426e2dffffffff-2017-09,22
8426e2dffffffff-2017-10,3
8426e2dffffffff-2017-11,1
8426e2dffffffff-2018-03,16
8426e2dffffffff-2018-04,79
8426e2dffffffff-2018-05,29
8426e2dffffffff-2018-06,2
8426e2dffffffff-2018-07,24
8426e2dffffffff-2018-08,70
8426e2dffffffff-2018-09,8
8426e2dffffffff-2019-03,2
8426e2dffffffff-2019-04,42
8426e2dffffffff-2019-05,24
8426e2dffffffff-2019-07,15
8426e2dffffffff-2019-08,45
8426e2dffffffff-2019-09,44
8426e2dffffffff-2019-10,22
8426e2dffffffff-2019-11,2
8426e2dffffffff-2020-03,19
8426e2dffffffff-2020-04,7
8426e2dffffffff-2020-05,7
8426e2dffffffff-2020-06,6
8426e2dffffffff-2020-07,14
8426e2dffffffff-2020-08,9
8426e2dffffffff-2020-09,9
8426e2dffffffff-2020-10,5
8426e2dffffffff-2020-11,4
8426e2dffffffff-2021-03,15
8426e2dffffffff-2021-04,109
8426e2dffffffff-2021-05,52
8426e2dffffffff-2021-07,7
8426e2dffffffff-2021-08,26
8426e2dffffffff-2021-09,32
8426e2dffffffff-2021-10,21
8426e2dffffffff-2021-11,1
8426e2dffffffff-2022-03,28
8426e2dffffffff-2022-04,198
8426e2dffffffff-2022-05,99
8426e2dffffffff-2022-06,10
8426e2dffffffff-2022-07,8
8426e2dffffffff-2022-08,8
8426e2dffffffff-2023-04,1
8426e2dffffffff-2023-05,4
8426e2dffffffff-2023-06,3
8426e2dffffffff-2023-07,15
8426e2dffffffff-2023-08,41
8426e2dffffffff-2023-09,42
8426e2dffffffff-2023-10,10
8426e2dffffffff-2023-11,20
8426e31ffffffff-2012-05,2
8426e31ffffffff-2013-03,1
8426e31ffffffff-2014-04,1
8426e31ffffffff-2014-08,1
8426e31ffffffff-2015-04,1
8426e31ffffffff-2018-04,2
8426e31ffffffff-2020-04,2
8426e31ffffffff-2020-05,1
8426e31ffffffff-2022-04,1
8426e31ffffffff-2022-05,2
8426e31ffffffff-2023-04,2
8426e31ffffffff-2023-05,1
8426e33ffffffff-2012-05,2
8426e33ffffffff-2012-07,2
8426e33ffffffff-2012-08,2
8426e33ffffffff-2012-09,2
8426e33ffffffff-2013-05,1
8426e33ffffffff-2014-03,3
8426e33ffffffff-2014-04,5
8426e33ffffffff-2014-05,5
8426e33ffffffff-2014-09,1
8426e33ffffffff-2015-03,2
8426e33ffffffff-2015-04,2
8426e33ffffffff-2015-07,3
8426e33ffffffff-2015-08,1
8426e33ffffffff-2015-09,1
8426e33ffffffff-2016-04,1
8426e33ffffffff-2016-05,27
8426e33ffffffff-2016-07,1
8426e33ffffffff-2016-08,1
8426e33ffffffff-2016-09,1
8426e33ffffffff-2017-03,2
8426e33ffffffff-2017-05,2
8426e33ffffffff-2017-06,1
8426e33ffffffff-2017-07,2
8426e33ffffffff-2017-08,4
8426e33ffffffff-2017-09,2
8426e33ffffffff-2017-10,2
8426e33ffffffff-2018-03,4
8426e33ffffffff-2018-04,3
8426e33ffffffff-2018-05,5
8426e33ffffffff-2019-04,3
8426e33ffffffff-2019-05,1
8426e33ffffffff-2020-03,1
8426e33ffffffff-2020-04,4
8426e33ffffffff-2020-05,3
8426e33ffffffff-2020-08,4
8426e33ffffffff-2020-09,1
8426e33ffffffff-2020-10,3
8426e33ffffffff-2020-11,1
8426e33ffffffff-2021-03,3
8426e33ffffffff-2021-04,8
8426e33ffffffff-2021-05,5
8426e33ffffffff-2021-07,3
8426e33ffffffff-2021-08,11
8426e33ffffffff-2021-09,4
8426e33ffffffff-2021-10,2
8426e33ffffffff-2022-03,2
8426e33ffffffff-2022-04,7
8426e33ffffffff-2022-05,7
8426e33ffffffff-2022-06,1
8426e33ffffffff-2022-07,3
8426e33ffffffff-2022-08,2
8426e33ffffffff-2023-03,2
8426e33ffffffff-2023-04,2
8426e33ffffffff-2023-05,10
8426e33ffffffff-2023-06,1
8426e33ffffffff-2023-07,1
8426e33ffffffff-2023-08,2
8426e35ffffffff-2020-04,1
8426e35ffffffff-2020-09,1
8426e35ffffffff-2021-04,2
8426e35ffffffff-2021-09,1
8426e35ffffffff-2022-04,2
8426e35ffffffff-2022-05,2
8426e35ffffffff-2023-05,1
8426e37ffffffff-2018-04,1
8426e37ffffffff-2018-05,2
8426e37ffffffff-2018-08,1
8426e37ffffffff-2019-04,1
8426e37ffffffff-2019-09,1
8426e37ffffffff-2020-04,1
8426e37ffffffff-2020-05,1
8426e37ffffffff-2020-09,1
8426e37ffffffff-2020-10,1
8426e37ffffffff-2020-11,1
8426e37ffffffff-2021-09,1
8426e37ffffffff-2022-03,2
8426e37ffffffff-2022-05,2
8426e37ffffffff-2022-08,1
8426e37ffffffff-2022-09,2
8426e37ffffffff-2023-04,3
8426e37ffffffff-2023-05,1
8426e39ffffffff-2012-04,1
8426e39ffffffff-2012-05,3
8426e39ffffffff-2012-08,5
8426e39ffffffff-2013-04,1
8426e39ffffffff-2014-05,1
8426e39ffffffff-2017-03,1
8426e39ffffffff-2017-04,2
8426e39ffffffff-2017-05,8
8426e39ffffffff-2018-03,1
8426e39ffffffff-2018-04,6
8426e39ffffffff-2019-04,1
8426e39ffffffff-2019-10,1
8426e39ffffffff-2020-04,5
8426e39ffffffff-2020-05,3
8426e39ffffffff-2021-04,1
8426e39ffffffff-2022-04,2
8426e39ffffffff-2022-05,3
8426e39ffffffff-2022-08,1
8426e39ffffffff-2022-10,1
8426e39ffffffff-2023-03,1
8426e39ffffffff-2023-04,15
8426e39ffffffff-2023-05,16
8426e3bffffffff-2012-09,2
8426e3bffffffff-2013-03,1
8426e3bffffffff-2013-05,1
8426e3bffffffff-2020-04,1
8426e3bffffffff-2020-11,1
8426e3bffffffff-2020-12,1
8426e3bffffffff-2022-04,1
8426e3bffffffff-2023-05,4
8426e3dffffffff-2013-04,3
8426e3dffffffff-2013-08,9
8426e3dffffffff-2013-09,4
8426e3dffffffff-2015-03,1
8426e3dffffffff-2015-04,1
8426e3dffffffff-2015-08,2
8426e3dffffffff-2016-04,1
8426e3dffffffff-2016-05,8
8426e3dffffffff-2017-04,1
8426e3dffffffff-2017-05,1
8426e3dffffffff-2017-06,1
8426e3dffffffff-2017-08,7
8426e3dffffffff-2018-03,3
8426e3dffffffff-2018-04,17
8426e3dffffffff-2018-05,11
8426e3dffffffff-2018-10,1
8426e3dffffffff-2019-04,14
8426e3dffffffff-2019-05,6
8426e3dffffffff-2019-07,2
8426e3dffffffff-2019-08,1
8426e3dffffffff-2020-04,59
8426e3dffffffff-2020-05,46
8426e3dffffffff-2021-04,15
8426e3dffffffff-2021-05,17
8426e3dffffffff-2021-08,4
8426e3dffffffff-2021-09,3
8426e3dffffffff-2022-04,20
8426e3dffffffff-2022-05,22
8426e3dffffffff-2022-08,1
8426e3dffffffff-2023-03,2
8426e3dffffffff-2023-04,40
8426e3dffffffff-2023-05,34
8426e3dffffffff-2023-06,1
8426e3dffffffff-2023-07,1
8426e3dffffffff-2023-08,9
8426e3dffffffff-2023-09,4
8426e3dffffffff-2023-10,3
8426e41ffffffff-2012-04,4
8426e41ffffffff-2012-05,3
8426e41ffffffff-2012-09,2
8426e41ffffffff-2013-03,1
8426e41ffffffff-2013-04,4
8426e41ffffffff-2013-05,6
8426e41ffffffff-2014-05,5
8426e41ffffffff-2014-08,5
8426e41ffffffff-2015-04,1
8426e41ffffffff-2015-07,1
8426e41ffffffff-2015-08,6
8426e41ffffffff-2015-09,2
8426e41ffffffff-2016-04,2
8426e41ffffffff-2016-05,2
8426e41ffffffff-2017-04,1
8426e41ffffffff-2017-08,1
8426e41ffffffff-2018-05,1
8426e41ffffffff-2018-08,4
8426e41ffffffff-2019-04,2
8426e41ffffffff-2019-05,3
8426e41ffffffff-2020-05,1
8426e41ffffffff-2020-10,2
8426e41ffffffff-2021-04,3
8426e41ffffffff-2021-05,2
8426e41ffffffff-2021-09,1
8426e41ffffffff-2022-04,2
8426e41ffffffff-2022-05,1
8426e41ffffffff-2022-09,4
8426e41ffffffff-2022-10,1
8426e41ffffffff-2023-04,3
8426e41ffffffff-2023-05,2
8426e41ffffffff-2023-08,1
8426e41ffffffff-2023-09,7
8426e41ffffffff-2023-11,1
8426e43ffffffff-2012-04,16
8426e43ffffffff-2012-05,8
8426e43ffffffff-2012-08,7
8426e43ffffffff-2012-09,3
8426e43ffffffff-2012-10,4
8426e43ffffffff-2013-04,71
8426e43ffffffff-2013-05,24
8426e43ffffffff-2013-09,4
8426e43ffffffff-2013-10,2
8426e43ffffffff-2013-11,6
8426e43ffffffff-2014-04,29
8426e43ffffffff-2014-05,37
8426e43ffffffff-2014-08,5
8426e43ffffffff-2014-09,5
8426e43ffffffff-2015-03,1
8426e43ffffffff-2015-04,58
8426e43ffffffff-2015-05,34
8426e43ffffffff-2015-08,4
8426e43ffffffff-2016-03,1
8426e43ffffffff-2016-04,45
8426e43ffffffff-2016-05,30
8426e43ffffffff-2016-07,1
8426e43ffffffff-2016-08,1
8426e43ffffffff-2017-03,4
8426e43ffffffff-2017-04,15
8426e43ffffffff-2017-05,7
8426e43ffffffff-2017-07,4
8426e43ffffffff-2017-08,7
8426e43ffffffff-2018-03,1
8426e43ffffffff-2018-04,24
8426e43ffffffff-2018-05,3
8426e43ffffffff-2018-09,2
8426e43ffffffff-2018-10,1
8426e43ffffffff-2019-03,1
8426e43ffffffff-2019-04,10
8426e43ffffffff-2019-05,1
8426e43ffffffff-2020-04,10
8426e43ffffffff-2020-05,16
8426e43ffffffff-2020-10,1
8426e43ffffffff-2021-04,11
8426e43ffffffff-2021-05,10
8426e43ffffffff-2022-03,2
8426e43ffffffff-2022-04,12
8426e43ffffffff-2022-05,6
8426e43ffffffff-2022-08,2
8426e43ffffffff-2022-09,3
8426e43ffffffff-2023-04,100
8426e43ffffffff-2023-05,48
8426e43ffffffff-2023-08,4
8426e43ffffffff-2023-09,1
8426e43ffffffff-2023-10,2
8426e45ffffffff-2012-04,2
8426e45ffffffff-2018-04,4
8426e45ffffffff-2018-05,3
8426e45ffffffff-2018-08,2
8426e45ffffffff-2019-04,2
8426e45ffffffff-2021-04,1
8426e45ffffffff-2021-05,1
8426e45ffffffff-2022-05,1
8426e45ffffffff-2023-05,8
8426e47ffffffff-2012-04,15
8426e47ffffffff-2012-05,2
8426e47ffffffff-2012-08,3
8426e47ffffffff-2013-04,2
8426e47ffffffff-2013-05,3
8426e47ffffffff-2013-07,1
8426e47ffffffff-2013-08,1
8426e47ffffffff-2014-04,8
8426e47ffffffff-2014-05,8
8426e47ffffffff-2015-07,2
8426e47ffffffff-2015-08,2
8426e47ffffffff-2016-03,3
8426e47ffffffff-2016-04,18
8426e47ffffffff-2016-07,2
8426e47ffffffff-2017-06,1
8426e47ffffffff-2018-04,24
8426e47ffffffff-2019-05,5
8426e47ffffffff-2019-09,1
8426e47ffffffff-2020-09,1
8426e47ffffffff-2020-10,1
8426e47ffffffff-2021-04,1
8426e47ffffffff-2021-05,1
8426e47ffffffff-2022-04,1
8426e47ffffffff-2023-04,6
8426e47ffffffff-2023-05,2
8426e49ffffffff-2020-04,1
8426e49ffffffff-2021-05,1
8426e49ffffffff-2022-04,4
8426e49ffffffff-2023-04,1
8426e49ffffffff-2023-05,2
8426e4bffffffff-2016-04,2
8426e4bffffffff-2018-03,2
8426e4bffffffff-2018-04,2
8426e4bffffffff-2019-05,3
8426e4bffffffff-2020-04,2
8426e4bffffffff-2020-05,6
8426e4bffffffff-2021-04,1
8426e4bffffffff-2022-04,2
8426e4dffffffff-2018-04,1
8426e4dffffffff-2021-04,2
8426e4dffffffff-2023-04,1
8426e4dffffffff-2023-05,1
8426e4dffffffff-2023-09,1
8426e51ffffffff-2013-04,7
8426e51ffffffff-2013-05,10
8426e51ffffffff-2013-08,1
8426e51ffffffff-2014-04,1
8426e51ffffffff-2014-05,7
8426e51ffffffff-2015-04,4
8426e51ffffffff-2015-05,6
8426e51ffffffff-2015-07,1
8426e51ffffffff-2015-08,4
8426e51ffffffff-2015-09,2
8426e51ffffffff-2016-03,1
8426e51ffffffff-2016-04,9
8426e51ffffffff-2016-05,16
8426e51ffffffff-2016-07,1
8426e51ffffffff-2017-04,49
8426e51ffffffff-2017-05,13
8426e51ffffffff-2018-04,4
8426e51ffffffff-2018-05,2
8426e51ffffffff-2019-04,4
8426e51ffffffff-2019-05,11
8426e51ffffffff-2020-03,2
8426e51ffffffff-2020-04,40
8426e51ffffffff-2020-05,37
8426e51ffffffff-2020-07,9
8426e51ffffffff-2020-08,13
8426e51ffffffff-2021-04,3
8426e51ffffffff-2021-05,4
8426e51ffffffff-2021-07,6
8426e51ffffffff-2021-08,2
8426e51ffffffff-2022-04,13
8426e51ffffffff-2022-05,10
8426e51ffffffff-2022-08,2
8426e51ffffffff-2022-09,2
8426e51ffffffff-2023-04,10
8426e51ffffffff-2023-05,3
8426e51ffffffff-2023-07,1
8426e53ffffffff-2012-04,2
8426e53ffffffff-2012-05,4
8426e53ffffffff-2012-08,1
8426e53ffffffff-2013-04,6
8426e53ffffffff-2013-05,2
8426e53ffffffff-2013-08,1
8426e53ffffffff-2014-04,1
8426e53ffffffff-2014-10,3
8426e53ffffffff-2015-09,1
8426e53ffffffff-2015-10,1
8426e53ffffffff-2017-05,2
8426e53ffffffff-2017-10,1
8426e53ffffffff-2018-03,1
8426e53ffffffff-2018-04,11
8426e53ffffffff-2019-03,1
8426e53ffffffff-2019-04,8
8426e53ffffffff-2019-05,4
8426e53ffffffff-2019-10,4
8426e53ffffffff-2020-03,2
8426e53ffffffff-2020-04,11
8426e53ffffffff-2020-05,4
8426e53ffffffff-2020-10,6
8426e53ffffffff-2021-03,1
8426e53ffffffff-2021-04,6
8426e53ffffffff-2021-05,1
8426e53ffffffff-2021-09,8
8426e53ffffffff-2022-04,2
8426e53ffffffff-2022-05,2
8426e53ffffffff-2023-03,1
8426e53ffffffff-2023-04,6
8426e53ffffffff-2023-05,4
8426e55ffffffff-2012-10,1
8426e55ffffffff-2013-03,2
8426e55ffffffff-2013-04,2
8426e55ffffffff-2014-05,4
8426e55ffffffff-2018-03,4
8426e55ffffffff-2018-04,12
8426e55ffffffff-2018-05,1
8426e55ffffffff-2018-08,1
8426e55ffffffff-2020-03,2
8426e55ffffffff-2020-04,1
8426e55ffffffff-2020-05,2
8426e55ffffffff-2021-04,1
8426e55ffffffff-2021-05,1
8426e55ffffffff-2023-05,3
8426e55ffffffff-2023-08,1
8426e57ffffffff-2012-07,1
8426e57ffffffff-2012-11,2
8426e57ffffffff-2013-04,12
8426e57ffffffff-2014-03,3
8426e57ffffffff-2014-04,2
8426e57ffffffff-2014-05,3
8426e57ffffffff-2014-08,1
8426e57ffffffff-2015-04,3
8426e57ffffffff-2016-04,4
8426e57ffffffff-2016-05,3
8426e57ffffffff-2017-03,3
8426e57ffffffff-2017-04,7
8426e57ffffffff-2017-05,1
8426e57ffffffff-2018-03,3
8426e57ffffffff-2018-04,9
8426e57ffffffff-2018-08,1
8426e57ffffffff-2018-10,1
8426e57ffffffff-2019-03,4
8426e57ffffffff-2019-05,3
8426e57ffffffff-2019-08,1
8426e57ffffffff-2019-10,1
8426e57ffffffff-2020-03,4
8426e57ffffffff-2020-04,1
8426e57ffffffff-2020-05,10
8426e57ffffffff-2020-09,2
8426e57ffffffff-2021-04,6
8426e57ffffffff-2021-05,1
8426e57ffffffff-2021-09,1
8426e57ffffffff-2022-03,3
8426e57ffffffff-2022-04,6
8426e57ffffffff-2022-05,11
8426e57ffffffff-2022-07,2
8426e57ffffffff-2022-08,4
8426e57ffffffff-2023-03,4
8426e57ffffffff-2023-04,3
8426e57ffffffff-2023-05,22
8426e57ffffffff-2023-08,1
8426e57ffffffff-2023-09,16
8426e57ffffffff-2023-10,1
8426e59ffffffff-2012-07,3
8426e59ffffffff-2013-04,4
8426e59ffffffff-2014-04,3
8426e59ffffffff-2015-04,16
8426e59ffffffff-2015-05,7
8426e59ffffffff-2015-07,3
8426e59ffffffff-2015-08,7
8426e59ffffffff-2015-09,9
8426e59ffffffff-2015-10,3
8426e59ffffffff-2016-03,1
8426e59ffffffff-2016-04,4
8426e59ffffffff-2016-05,16
8426e59ffffffff-2017-03,1
8426e59ffffffff-2017-04,6
8426e59ffffffff-2017-05,4
8426e59ffffffff-2017-08,1
8426e59ffffffff-2018-03,2
8426e59ffffffff-2018-04,13
8426e59ffffffff-2018-05,1
8426e59ffffffff-2018-08,1
8426e59ffffffff-2019-04,32
8426e59ffffffff-2019-05,8
8426e59ffffffff-2019-08,4
8426e59ffffffff-2020-03,2
8426e59ffffffff-2020-04,59
8426e59ffffffff-2020-05,24
8426e59ffffffff-2020-07,5
8426e59ffffffff-2020-10,1
8426e59ffffffff-2021-03,11
8426e59ffffffff-2021-04,148
8426e59ffffffff-2021-05,25
8426e59ffffffff-2021-07,2
8426e59ffffffff-2021-08,5
8426e59ffffffff-2021-09,3
8426e59ffffffff-2021-10,3
8426e59ffffffff-2022-04,7
8426e59ffffffff-2022-05,8
8426e59ffffffff-2022-07,2
8426e59ffffffff-2022-08,1
8426e59ffffffff-2023-03,1
8426e59ffffffff-2023-04,18
8426e59ffffffff-2023-05,7
8426e59ffffffff-2023-08,2
8426e59ffffffff-2023-09,2
8426e59ffffffff-2023-10,1
8426e5bffffffff-2012-03,9
8426e5bffffffff-2012-04,48
8426e5bffffffff-2012-05,26
8426e5bffffffff-2012-07,10
8426e5bffffffff-2012-08,19
8426e5bffffffff-2012-09,5
8426e5bffffffff-2013-03,4
8426e5bffffffff-2013-04,67
8426e5bffffffff-2013-05,29
8426e5bffffffff-2013-06,6
8426e5bffffffff-2013-08,2
8426e5bffffffff-2013-09,1
8426e5bffffffff-2013-10,1
8426e5bffffffff-2014-04,12
8426e5bffffffff-2014-05,8
8426e5bffffffff-2014-07,3
8426e5bffffffff-2014-08,5
8426e5bffffffff-2014-09,6
8426e5bffffffff-2014-10,4
8426e5bffffffff-2015-03,2
8426e5bffffffff-2015-04,9
8426e5bffffffff-2015-05,8
8426e5bffffffff-2015-06,1
8426e5bffffffff-2015-07,10
8426e5bffffffff-2015-08,24
8426e5bffffffff-2015-09,14
8426e5bffffffff-2015-10,7
8426e5bffffffff-2016-03,32
8426e5bffffffff-2016-04,97
8426e5bffffffff-2016-05,43
8426e5bffffffff-2016-06,6
8426e5bffffffff-2016-07,35
8426e5bffffffff-2016-08,8
8426e5bffffffff-2016-09,2
8426e5bffffffff-2016-10,1
8426e5bffffffff-2017-03,24
8426e5bffffffff-2017-04,65
8426e5bffffffff-2017-05,36
8426e5bffffffff-2017-07,6
8426e5bffffffff-2017-08,19
8426e5bffffffff-2017-09,18
8426e5bffffffff-2017-10,8
8426e5bffffffff-2018-03,41
8426e5bffffffff-2018-04,163
8426e5bffffffff-2018-05,57
8426e5bffffffff-2018-06,3
8426e5bffffffff-2018-07,10
8426e5bffffffff-2018-08,11
8426e5bffffffff-2018-09,27
8426e5bffffffff-2018-10,9
8426e5bffffffff-2019-03,7
8426e5bffffffff-2019-04,103
8426e5bffffffff-2019-05,39
8426e5bffffffff-2019-07,2
8426e5bffffffff-2019-08,7
8426e5bffffffff-2019-09,14
8426e5bffffffff-2020-03,23
8426e5bffffffff-2020-04,198
8426e5bffffffff-2020-05,94
8426e5bffffffff-2020-07,1
8426e5bffffffff-2020-08,47
8426e5bffffffff-2020-09,11
8426e5bffffffff-2020-10,10
8426e5bffffffff-2021-03,9
8426e5bffffffff-2021-04,82
8426e5bffffffff-2021-05,50
8426e5bffffffff-2021-07,2
8426e5bffffffff-2021-08,3
8426e5bffffffff-2021-09,25
8426e5bffffffff-2021-10,2
8426e5bffffffff-2022-03,5
8426e5bffffffff-2022-04,76
8426e5bffffffff-2022-05,43
8426e5bffffffff-2022-06,2
8426e5bffffffff-2022-07,1
8426e5bffffffff-2022-08,3
8426e5bffffffff-2022-09,13
8426e5bffffffff-2022-10,3
8426e5bffffffff-2023-03,4
8426e5bffffffff-2023-04,102
8426e5bffffffff-2023-05,53
8426e5bffffffff-2023-07,5
8426e5bffffffff-2023-08,19
8426e5bffffffff-2023-09,14
8426e5bffffffff-2023-10,5
8426e5bffffffff-2023-11,1
8426e5dffffffff-2012-04,2
8426e5dffffffff-2012-05,3
8426e5dffffffff-2012-10,1
8426e5dffffffff-2013-03,1
8426e5dffffffff-2013-04,11
8426e5dffffffff-2013-05,4
8426e5dffffffff-2013-07,1
8426e5dffffffff-2014-03,1
8426e5dffffffff-2014-04,7
8426e5dffffffff-2014-05,2
8426e5dffffffff-2014-09,1
8426e5dffffffff-2015-04,1
8426e5dffffffff-2015-08,2
8426e5dffffffff-2015-10,1
8426e5dffffffff-2016-03,1
8426e5dffffffff-2016-04,4
8426e5dffffffff-2016-05,26
8426e5dffffffff-2017-03,2
8426e5dffffffff-2017-04,17
8426e5dffffffff-2017-05,1
8426e5dffffffff-2018-03,1
8426e5dffffffff-2018-04,16
8426e5dffffffff-2018-05,1
8426e5dffffffff-2019-05,4
8426e5dffffffff-2019-08,7
8426e5dffffffff-2019-09,7
8426e5dffffffff-2020-04,8
8426e5dffffffff-2020-05,3
8426e5dffffffff-2020-09,2
8426e5dffffffff-2020-10,1
8426e5dffffffff-2021-04,1
8426e5dffffffff-2021-05,2
8426e5dffffffff-2022-04,13
8426e5dffffffff-2022-05,9
8426e5dffffffff-2023-04,11
8426e5dffffffff-2023-05,5
8426e5dffffffff-2023-07,3
8426e61ffffffff-2017-04,3
8426e61ffffffff-2018-04,1
8426e61ffffffff-2019-04,1
8426e61ffffffff-2021-04,1
8426e61ffffffff-2021-05,2
8426e61ffffffff-2022-05,1
8426e61ffffffff-2022-08,2
8426e61ffffffff-2023-04,1
8426e61ffffffff-2023-05,2
8426e63ffffffff-2012-04,1
8426e63ffffffff-2012-07,2
8426e63ffffffff-2013-03,1
8426e63ffffffff-2013-04,1
8426e63ffffffff-2013-10,1
8426e63ffffffff-2015-04,4
8426e63ffffffff-2016-04,2
8426e63ffffffff-2016-05,5
8426e63ffffffff-2017-04,3
8426e63ffffffff-2017-05,1
8426e63ffffffff-2017-07,1
8426e63ffffffff-2018-04,2
8426e63ffffffff-2018-05,6
8426e63ffffffff-2019-04,1
8426e63ffffffff-2019-05,2
8426e63ffffffff-2019-08,1
8426e63ffffffff-2021-04,1
8426e63ffffffff-2022-04,1
8426e63ffffffff-2023-04,4
8426e63ffffffff-2023-05,8
8426e65ffffffff-2018-04,1
8426e65ffffffff-2020-05,1
8426e67ffffffff-2012-07,1
8426e67ffffffff-2013-04,4
8426e67ffffffff-2013-05,7
8426e67ffffffff-2013-08,1
8426e67ffffffff-2014-04,6
8426e67ffffffff-2014-05,1
8426e67ffffffff-2014-07,4
8426e67ffffffff-2014-08,3
8426e67ffffffff-2014-09,2
8426e67ffffffff-2014-10,1
8426e67ffffffff-2014-11,3
8426e67ffffffff-2015-04,2
8426e67ffffffff-2015-05,6
8426e67ffffffff-2015-09,1
8426e67ffffffff-2016-04,3
8426e67ffffffff-2016-05,2
8426e67ffffffff-2017-04,5
8426e67ffffffff-2017-08,1
8426e67ffffffff-2018-04,5
8426e67ffffffff-2018-05,1
8426e67ffffffff-2019-09,1
8426e67ffffffff-2020-04,1
8426e67ffffffff-2020-05,5
8426e67ffffffff-2020-09,1
8426e67ffffffff-2021-04,2
8426e67ffffffff-2021-08,1
8426e67ffffffff-2021-09,1
8426e67ffffffff-2022-05,7
8426e67ffffffff-2022-10,2
8426e67ffffffff-2023-04,6
8426e67ffffffff-2023-05,10
8426e67ffffffff-2023-09,4
8426e67ffffffff-2023-10,3
8426e69ffffffff-2012-04,2
8426e69ffffffff-2012-10,2
8426e69ffffffff-2013-04,1
8426e69ffffffff-2013-05,1
8426e69ffffffff-2014-05,1
8426e69ffffffff-2015-07,1
8426e69ffffffff-2017-05,1
8426e69ffffffff-2017-09,1
8426e69ffffffff-2018-04,6
8426e69ffffffff-2018-08,2
8426e69ffffffff-2018-09,1
8426e69ffffffff-2019-04,2
8426e69ffffffff-2019-05,1
8426e69ffffffff-2020-07,2
8426e69ffffffff-2021-04,11
8426e69ffffffff-2021-05,3
8426e69ffffffff-2022-04,9
8426e69ffffffff-2022-09,1
8426e69ffffffff-2023-03,1
8426e69ffffffff-2023-04,11
8426e69ffffffff-2023-05,139
8426e69ffffffff-2023-09,1
8426e69ffffffff-2023-10,2
8426e6bffffffff-2012-04,1
8426e6bffffffff-2014-04,2
8426e6bffffffff-2015-03,2
8426e6bffffffff-2016-03,4
8426e6bffffffff-2017-04,1
8426e6bffffffff-2018-03,4
8426e6bffffffff-2018-04,1
8426e6bffffffff-2021-04,2
8426e6bffffffff-2021-05,1
8426e6bffffffff-2022-04,2
8426e6bffffffff-2023-05,40
8426e6dffffffff-2012-05,1
8426e6dffffffff-2013-05,1
8426e6dffffffff-2017-03,2
8426e6dffffffff-2020-05,1
8426e6dffffffff-2021-04,1
8426e6dffffffff-2021-08,1
8426e6dffffffff-2022-05,1
8426e6dffffffff-2022-08,1
8426e6dffffffff-2022-09,7
8426e6dffffffff-2023-04,1
8426e6dffffffff-2023-05,8
8426e81ffffffff-2023-05,1
8426e83ffffffff-2015-05,1
8426e83ffffffff-2015-08,2
8426e83ffffffff-2018-04,3
8426e83ffffffff-2021-04,1
8426e83ffffffff-2022-05,1
8426e85ffffffff-2013-04,1
8426e85ffffffff-2014-04,1
8426e85ffffffff-2014-09,1
8426e85ffffffff-2015-05,1
8426e85ffffffff-2016-04,3
8426e85ffffffff-2016-05,1
8426e85ffffffff-2017-04,7
8426e85ffffffff-2017-05,3
8426e85ffffffff-2017-08,2
8426e85ffffffff-2018-03,4
8426e85ffffffff-2018-04,4
8426e85ffffffff-2018-05,2
8426e85ffffffff-2019-03,5
8426e85ffffffff-2019-04,2
8426e85ffffffff-2019-05,17
8426e85ffffffff-2019-08,1
8426e85ffffffff-2020-03,1
8426e85ffffffff-2020-04,25
8426e85ffffffff-2020-05,13
8426e85ffffffff-2021-04,11
8426e85ffffffff-2021-05,1
8426e85ffffffff-2021-09,1
8426e85ffffffff-2022-04,1
8426e85ffffffff-2022-05,17
8426e85ffffffff-2022-08,1
8426e85ffffffff-2022-09,3
8426e85ffffffff-2023-04,8
8426e85ffffffff-2023-05,12
8426e85ffffffff-2023-09,1
8426e87ffffffff-2014-05,1
8426e89ffffffff-2014-04,1
8426e89ffffffff-2023-05,1
8426e8bffffffff-2021-04,1
8426e8dffffffff-2015-04,1
8426e8dffffffff-2018-04,2
8426e8dffffffff-2021-04,1
8426e8dffffffff-2022-08,1
8426e8dffffffff-2023-04,1
8426e91ffffffff-2016-03,1
8426e95ffffffff-2015-04,1
8426e95ffffffff-2015-05,2
8426e95ffffffff-2016-05,1
8426e95ffffffff-2017-04,2
8426e95ffffffff-2017-05,2
8426e95ffffffff-2018-04,4
8426e95ffffffff-2018-05,1
8426e95ffffffff-2019-04,1
8426e95ffffffff-2019-05,1
8426e95ffffffff-2020-04,6
8426e95ffffffff-2021-04,4
8426e95ffffffff-2022-04,2
8426e95ffffffff-2022-05,7
8426e95ffffffff-2023-04,1
8426e95ffffffff-2023-08,1
8426e97ffffffff-2013-03,3
8426e97ffffffff-2013-04,14
8426e97ffffffff-2013-05,7
8426e97ffffffff-2013-10,2
8426e97ffffffff-2013-11,3
8426e97ffffffff-2014-03,3
8426e97ffffffff-2014-04,6
8426e97ffffffff-2014-05,3
8426e97ffffffff-2015-04,1
8426e97ffffffff-2015-05,4
8426e97ffffffff-2016-03,4
8426e97ffffffff-2016-04,5
8426e97ffffffff-2016-05,4
8426e97ffffffff-2016-10,1
8426e97ffffffff-2017-03,3
8426e97ffffffff-2017-04,3
8426e97ffffffff-2017-05,1
8426e97ffffffff-2017-10,1
8426e97ffffffff-2018-04,8
8426e97ffffffff-2018-05,2
8426e97ffffffff-2018-11,1
8426e97ffffffff-2019-04,21
8426e97ffffffff-2019-05,9
8426e97ffffffff-2020-03,13
8426e97ffffffff-2020-04,22
8426e97ffffffff-2020-05,8
8426e97ffffffff-2020-10,4
8426e97ffffffff-2021-04,4
8426e97ffffffff-2021-10,3
8426e97ffffffff-2021-11,1
8426e97ffffffff-2021-12,1
8426e97ffffffff-2023-04,1
8426e97ffffffff-2023-05,1
8426e9bffffffff-2012-06,1
8426e9bffffffff-2017-05,8
8426e9bffffffff-2019-09,2
8426e9bffffffff-2020-04,1
8426e9bffffffff-2023-04,7
8426e9bffffffff-2023-05,1
8426e9bffffffff-2023-10,1
8426e9bffffffff-2023-11,1
8426e9dffffffff-2013-04,1
8426e9dffffffff-2013-05,1
8426e9dffffffff-2013-08,1
8426e9dffffffff-2015-03,1
8426e9dffffffff-2015-05,1
8426e9dffffffff-2017-04,4
8426e9dffffffff-2018-03,1
8426e9dffffffff-2018-04,20
8426e9dffffffff-2018-05,2
8426e9dffffffff-2018-09,1
8426e9dffffffff-2018-10,1
8426e9dffffffff-2018-11,1
8426e9dffffffff-2019-04,11
8426e9dffffffff-2019-05,2
8426e9dffffffff-2019-08,1
8426e9dffffffff-2019-10,2
8426e9dffffffff-2020-03,5
8426e9dffffffff-2020-04,24
8426e9dffffffff-2020-05,9
8426e9dffffffff-2020-07,1
8426e9dffffffff-2020-08,3
8426e9dffffffff-2020-09,3
8426e9dffffffff-2021-04,16
8426e9dffffffff-2021-05,17
8426e9dffffffff-2021-07,1
8426e9dffffffff-2021-09,15
8426e9dffffffff-2022-04,16
8426e9dffffffff-2022-05,5
8426e9dffffffff-2022-07,6
8426e9dffffffff-2022-08,3
8426e9dffffffff-2022-09,1
8426e9dffffffff-2022-10,2
8426e9dffffffff-2023-03,1
8426e9dffffffff-2023-04,48
8426e9dffffffff-2023-05,3
8426e9dffffffff-2023-08,14
8426e9dffffffff-2023-09,2
8426e9dffffffff-2023-10,1
8426ea1ffffffff-2017-05,1
8426ea5ffffffff-2014-04,1
8426ea5ffffffff-2017-04,1
8426ea7ffffffff-2022-10,1
8426ea9ffffffff-2012-03,1
8426ea9ffffffff-2013-05,1
8426ea9ffffffff-2014-04,4
8426ea9ffffffff-2014-05,1
8426ea9ffffffff-2016-04,1
8426ea9ffffffff-2016-10,1
8426ea9ffffffff-2017-04,5
8426ea9ffffffff-2017-05,1
8426ea9ffffffff-2019-05,11
8426ea9ffffffff-2020-04,5
8426ea9ffffffff-2021-04,3
8426ea9ffffffff-2021-05,1
8426ea9ffffffff-2022-05,8
8426ea9ffffffff-2023-04,7
8426ea9ffffffff-2023-05,1
8426eabffffffff-2012-04,1
8426eabffffffff-2013-04,1
8426eabffffffff-2016-04,1
8426eabffffffff-2018-04,1
8426eabffffffff-2018-09,2
8426eabffffffff-2021-04,1
8426eabffffffff-2021-05,1
8426eabffffffff-2022-04,1
8426eadffffffff-2014-05,3
8426eadffffffff-2015-04,2
8426eadffffffff-2016-04,13
8426eadffffffff-2016-05,12
8426eadffffffff-2017-03,1
8426eadffffffff-2017-04,7
8426eadffffffff-2018-04,3
8426eadffffffff-2018-05,5
8426eadffffffff-2019-04,1
8426eadffffffff-2020-04,10
8426eadffffffff-2020-05,12
8426eadffffffff-2020-06,1
8426eadffffffff-2020-07,1
8426eadffffffff-2020-08,1
8426eadffffffff-2020-09,1
8426eadffffffff-2021-04,10
8426eadffffffff-2021-08,1
8426eadffffffff-2021-09,6
8426eadffffffff-2022-04,22
8426eadffffffff-2022-05,4
8426eadffffffff-2022-07,1
8426eadffffffff-2022-08,3
8426eadffffffff-2022-09,2
8426eadffffffff-2023-03,1
8426eadffffffff-2023-04,11
8426eadffffffff-2023-05,6
8426eb1ffffffff-2021-09,1
8426eb5ffffffff-2020-04,1
8426eb7ffffffff-2023-04,1
8426eb9ffffffff-2013-04,1
8426eb9ffffffff-2013-05,1
8426eb9ffffffff-2014-04,1
8426eb9ffffffff-2014-05,2
8426eb9ffffffff-2015-04,2
8426eb9ffffffff-2015-05,3
8426eb9ffffffff-2015-08,2
8426eb9ffffffff-2016-04,3
8426eb9ffffffff-2016-05,1
8426eb9ffffffff-2016-08,1
8426eb9ffffffff-2017-04,1
8426eb9ffffffff-2017-05,2
8426eb9ffffffff-2018-03,4
8426eb9ffffffff-2018-04,9
8426eb9ffffffff-2019-04,5
8426eb9ffffffff-2019-05,3
8426eb9ffffffff-2020-05,4
8426eb9ffffffff-2020-08,2
8426eb9ffffffff-2021-03,5
8426eb9ffffffff-2021-04,1
8426eb9ffffffff-2021-05,1
8426eb9ffffffff-2022-03,2
8426eb9ffffffff-2022-04,2
8426eb9ffffffff-2022-05,7
8426eb9ffffffff-2023-04,4
8426eb9ffffffff-2023-05,5
8426eb9ffffffff-2023-11,2
8426ebdffffffff-2017-03,1
8426ebdffffffff-2022-05,2
8426ec1ffffffff-2013-05,4
8426ec1ffffffff-2015-04,6
8426ec1ffffffff-2015-05,2
8426ec1ffffffff-2016-03,1
8426ec1ffffffff-2016-04,20
8426ec1ffffffff-2016-08,1
8426ec1ffffffff-2017-04,1
8426ec1ffffffff-2017-05,92
8426ec1ffffffff-2017-08,1
8426ec1ffffffff-2018-04,1
8426ec1ffffffff-2019-04,1
8426ec1ffffffff-2020-04,3
8426ec1ffffffff-2020-05,3
8426ec1ffffffff-2021-04,6
8426ec1ffffffff-2021-05,2
8426ec1ffffffff-2022-04,1
8426ec1ffffffff-2022-05,3
8426ec1ffffffff-2023-04,6
8426ec3ffffffff-2020-10,1
8426ec5ffffffff-2013-04,1
8426ec5ffffffff-2015-04,1
8426ec7ffffffff-2015-05,1
8426ec7ffffffff-2018-04,1
8426ec7ffffffff-2020-04,1
8426ec7ffffffff-2021-04,3
8426ec7ffffffff-2021-05,1
8426ec7ffffffff-2022-04,1
8426ec7ffffffff-2023-05,2
8426ec9ffffffff-2013-05,5
8426ec9ffffffff-2014-04,1
8426ec9ffffffff-2014-05,1
8426ec9ffffffff-2018-04,5
8426ec9ffffffff-2018-09,2
8426ec9ffffffff-2019-04,2
8426ec9ffffffff-2019-05,4
8426ec9ffffffff-2020-04,1
8426ec9ffffffff-2020-05,1
8426ec9ffffffff-2021-05,2
8426ec9ffffffff-2021-07,4
8426ec9ffffffff-2021-11,1
8426ec9ffffffff-2022-04,20
8426ec9ffffffff-2022-05,9
8426ec9ffffffff-2022-08,2
8426ec9ffffffff-2022-10,1
8426ec9ffffffff-2023-04,8
8426ec9ffffffff-2023-05,5
8426ecbffffffff-2012-03,1
8426ecbffffffff-2012-04,2
8426ecbffffffff-2012-07,1
8426ecbffffffff-2012-08,2
8426ecbffffffff-2013-04,1
8426ecbffffffff-2014-04,1
8426ecbffffffff-2016-05,2
8426ecbffffffff-2017-03,1
8426ecbffffffff-2018-04,5
8426ecbffffffff-2020-04,3
8426ecbffffffff-2020-05,1
8426ecbffffffff-2020-08,1
8426ecbffffffff-2020-09,2
8426ecbffffffff-2021-04,5
8426ecbffffffff-2021-05,6
8426ecbffffffff-2021-07,1
8426ecbffffffff-2022-03,1
8426ecbffffffff-2022-04,16
8426ecbffffffff-2022-05,20
8426ecbffffffff-2022-08,1
8426ecbffffffff-2023-03,1
8426ecbffffffff-2023-04,25
8426ecbffffffff-2023-05,34
8426ecbffffffff-2023-07,1
8426ecbffffffff-2023-08,14
8426ecbffffffff-2023-09,6
8426ecbffffffff-2023-10,1
8426ecdffffffff-2013-04,5
8426ecdffffffff-2013-05,1
8426ecdffffffff-2014-03,2
8426ecdffffffff-2014-04,23
8426ecdffffffff-2014-05,23
8426ecdffffffff-2014-07,2
8426ecdffffffff-2014-08,42
8426ecdffffffff-2014-09,12
8426ecdffffffff-2014-10,3
8426ecdffffffff-2015-04,9
8426ecdffffffff-2015-05,5
8426ecdffffffff-2015-08,2
8426ecdffffffff-2016-03,2
8426ecdffffffff-2016-04,14
8426ecdffffffff-2016-05,9
8426ecdffffffff-2016-08,1
8426ecdffffffff-2017-03,5
8426ecdffffffff-2017-04,23
8426ecdffffffff-2017-05,32
8426ecdffffffff-2017-06,3
8426ecdffffffff-2017-07,11
8426ecdffffffff-2017-08,3
8426ecdffffffff-2017-09,3
8426ecdffffffff-2017-10,3
8426ecdffffffff-2018-03,10
8426ecdffffffff-2018-04,38
8426ecdffffffff-2018-05,12
8426ecdffffffff-2018-07,2
8426ecdffffffff-2019-03,2
8426ecdffffffff-2019-04,18
8426ecdffffffff-2019-05,10
8426ecdffffffff-2019-08,2
8426ecdffffffff-2020-03,2
8426ecdffffffff-2020-04,7
8426ecdffffffff-2020-05,5
8426ecdffffffff-2020-08,1
8426ecdffffffff-2021-03,4
8426ecdffffffff-2021-04,20
8426ecdffffffff-2021-05,7
8426ecdffffffff-2022-03,4
8426ecdffffffff-2022-04,12
8426ecdffffffff-2022-05,21
8426ecdffffffff-2022-06,2
8426ecdffffffff-2022-07,3
8426ecdffffffff-2022-08,1
8426ecdffffffff-2023-04,21
8426ecdffffffff-2023-05,4
8426ecdffffffff-2023-07,1
8426ed1ffffffff-2013-04,1
8426ed1ffffffff-2016-05,1
8426ed1ffffffff-2017-04,1
8426ed1ffffffff-2019-05,2
8426ed1ffffffff-2022-05,2
8426ed1ffffffff-2023-04,5
8426ed1ffffffff-2023-05,1
8426ed5ffffffff-2012-04,2
8426ed5ffffffff-2012-10,1
8426ed5ffffffff-2013-04,12
8426ed5ffffffff-2013-05,7
8426ed5ffffffff-2014-04,14
8426ed5ffffffff-2014-05,8
8426ed5ffffffff-2014-10,5
8426ed5ffffffff-2015-01,3
8426ed5ffffffff-2015-04,6
8426ed5ffffffff-2015-05,7
8426ed5ffffffff-2015-07,3
8426ed5ffffffff-2015-08,1
8426ed5ffffffff-2015-09,2
8426ed5ffffffff-2016-04,15
8426ed5ffffffff-2016-05,5
8426ed5ffffffff-2016-08,2
8426ed5ffffffff-2016-10,5
8426ed5ffffffff-2016-11,1
8426ed5ffffffff-2017-03,6
8426ed5ffffffff-2017-04,6
8426ed5ffffffff-2017-05,5
8426ed5ffffffff-2018-03,1
8426ed5ffffffff-2018-04,28
8426ed5ffffffff-2018-05,1
8426ed5ffffffff-2018-06,2
8426ed5ffffffff-2018-07,1
8426ed5ffffffff-2018-09,1
8426ed5ffffffff-2018-10,8
8426ed5ffffffff-2019-03,1
8426ed5ffffffff-2019-04,14
8426ed5ffffffff-2019-05,13
8426ed5ffffffff-2020-04,11
8426ed5ffffffff-2020-05,12
8426ed5ffffffff-2020-08,1
8426ed5ffffffff-2020-09,3
8426ed5ffffffff-2020-10,10
8426ed5ffffffff-2020-11,2
8426ed5ffffffff-2021-03,5
8426ed5ffffffff-2021-04,28
8426ed5ffffffff-2021-05,4
8426ed5ffffffff-2021-10,6
8426ed5ffffffff-2021-11,3
8426ed5ffffffff-2022-01,1
8426ed5ffffffff-2022-03,2
8426ed5ffffffff-2022-04,25
8426ed5ffffffff-2022-05,12
8426ed5ffffffff-2022-08,9
8426ed5ffffffff-2022-09,9
8426ed5ffffffff-2022-11,2
8426ed5ffffffff-2023-03,1
8426ed5ffffffff-2023-04,31
8426ed5ffffffff-2023-05,13
8426ed5ffffffff-2023-07,7
8426ed5ffffffff-2023-08,8
8426ed5ffffffff-2023-09,7
8426ed5ffffffff-2023-10,1
8426ed7ffffffff-2012-05,1
8426ed7ffffffff-2013-04,9
8426ed7ffffffff-2014-04,2
8426ed7ffffffff-2014-05,5
8426ed7ffffffff-2014-12,1
8426ed7ffffffff-2015-05,1
8426ed7ffffffff-2017-04,2
8426ed7ffffffff-2018-04,3
8426ed7ffffffff-2020-04,6
8426ed7ffffffff-2020-05,3
8426ed7ffffffff-2020-06,1
8426ed7ffffffff-2021-04,31
8426ed7ffffffff-2021-05,11
8426ed7ffffffff-2021-08,2
8426ed7ffffffff-2021-09,12
8426ed7ffffffff-2022-04,2
8426ed7ffffffff-2022-05,21
8426ed7ffffffff-2022-07,4
8426ed7ffffffff-2022-10,1
8426ed7ffffffff-2023-03,1
8426ed7ffffffff-2023-04,16
8426ed7ffffffff-2023-05,13
8426ed7ffffffff-2023-07,4
8426ed7ffffffff-2023-08,34
8426ed7ffffffff-2023-09,2
8426ed7ffffffff-2023-10,1
8426ed9ffffffff-2022-07,1
8426eddffffffff-2014-04,2
8426eddffffffff-2014-05,2
8426eddffffffff-2014-11,1
8426eddffffffff-2015-09,1
8426eddffffffff-2017-04,5
8426eddffffffff-2017-05,3
8426eddffffffff-2021-05,1
8426eddffffffff-2022-05,6
8426eddffffffff-2023-04,1
8426ee1ffffffff-2014-03,3
8426ee1ffffffff-2015-05,1
8426ee1ffffffff-2017-04,8
8426ee1ffffffff-2017-05,3
8426ee1ffffffff-2018-05,2
8426ee1ffffffff-2019-04,1
8426ee1ffffffff-2019-05,4
8426ee1ffffffff-2020-04,4
8426ee1ffffffff-2020-05,5
8426ee1ffffffff-2021-04,11
8426ee1ffffffff-2022-05,3
8426ee3ffffffff-2013-04,3
8426ee3ffffffff-2013-05,1
8426ee3ffffffff-2014-05,6
8426ee3ffffffff-2014-09,1
8426ee3ffffffff-2015-04,1
8426ee3ffffffff-2015-05,1
8426ee3ffffffff-2015-07,1
8426ee3ffffffff-2016-03,1
8426ee3ffffffff-2016-04,9
8426ee3ffffffff-2016-05,4
8426ee3ffffffff-2016-08,1
8426ee3ffffffff-2017-03,1
8426ee3ffffffff-2017-04,1
8426ee3ffffffff-2017-05,3
8426ee3ffffffff-2017-10,3
8426ee3ffffffff-2018-04,8
8426ee3ffffffff-2018-05,4
8426ee3ffffffff-2019-04,5
8426ee3ffffffff-2019-05,9
8426ee3ffffffff-2019-10,1
8426ee3ffffffff-2020-03,26
8426ee3ffffffff-2020-04,21
8426ee3ffffffff-2020-05,6
8426ee3ffffffff-2020-07,1
8426ee3ffffffff-2020-08,4
8426ee3ffffffff-2020-09,1
8426ee3ffffffff-2021-04,4
8426ee3ffffffff-2021-05,3
8426ee3ffffffff-2021-08,2
8426ee3ffffffff-2021-09,2
8426ee3ffffffff-2021-10,3
8426ee3ffffffff-2021-11,1
8426ee3ffffffff-2022-03,1
8426ee3ffffffff-2022-04,6
8426ee3ffffffff-2022-05,13
8426ee3ffffffff-2022-07,1
8426ee3ffffffff-2022-09,1
8426ee3ffffffff-2023-03,24
8426ee3ffffffff-2023-04,51
8426ee3ffffffff-2023-05,15
8426ee3ffffffff-2023-08,5
8426ee3ffffffff-2023-09,1
8426ee3ffffffff-2023-10,1
8426ee3ffffffff-2023-11,1
8426ee5ffffffff-2015-04,3
8426ee5ffffffff-2018-04,2
8426ee5ffffffff-2020-04,1
8426ee5ffffffff-2022-03,1
8426ee5ffffffff-2022-04,1
8426ee5ffffffff-2022-08,1
8426ee5ffffffff-2023-04,1
8426ee5ffffffff-2023-05,1
8426ee7ffffffff-2014-05,1
8426ee7ffffffff-2018-05,1
8426ee7ffffffff-2021-05,1
8426ee7ffffffff-2021-08,1
8426ee7ffffffff-2022-08,3
8426ee7ffffffff-2022-09,2
8426ee9ffffffff-2014-03,1
8426ee9ffffffff-2014-04,2
8426ee9ffffffff-2014-05,3
8426ee9ffffffff-2014-09,1
8426ee9ffffffff-2014-10,1
8426ee9ffffffff-2015-05,2
8426ee9ffffffff-2015-07,1
8426ee9ffffffff-2016-03,3
8426ee9ffffffff-2016-04,5
8426ee9ffffffff-2016-05,6
8426ee9ffffffff-2017-04,1
8426ee9ffffffff-2017-05,2
8426ee9ffffffff-2018-04,2
8426ee9ffffffff-2019-04,4
8426ee9ffffffff-2019-07,3
8426ee9ffffffff-2020-04,10
8426ee9ffffffff-2020-05,8
8426ee9ffffffff-2021-04,2
8426ee9ffffffff-2021-05,2
8426ee9ffffffff-2022-04,3
8426ee9ffffffff-2022-05,1
8426ee9ffffffff-2022-08,1
8426ee9ffffffff-2023-04,11
8426ee9ffffffff-2023-05,5
8426ee9ffffffff-2023-08,3
8426ee9ffffffff-2023-09,1
8426eebffffffff-2018-05,1
8426eebffffffff-2021-04,1
8426eebffffffff-2022-04,1
8426eebffffffff-2022-05,1
8426eebffffffff-2023-04,2
8426eedffffffff-2012-03,4
8426eedffffffff-2012-04,7
8426eedffffffff-2012-05,2
8426eedffffffff-2013-05,7
8426eedffffffff-2014-04,6
8426eedffffffff-2015-04,17
8426eedffffffff-2016-04,3
8426eedffffffff-2016-05,1
8426eedffffffff-2017-04,2
8426eedffffffff-2018-04,5
8426eedffffffff-2019-04,2
8426eedffffffff-2020-04,2
8426eedffffffff-2021-03,6
8426eedffffffff-2021-04,5
8426eedffffffff-2022-03,1
8426eedffffffff-2022-04,6
8426eedffffffff-2022-05,1
8426eedffffffff-2023-03,2
8426eedffffffff-2023-04,1
8426eedffffffff-2023-05,2
8426f01ffffffff-2014-05,5
8426f01ffffffff-2014-08,1
8426f01ffffffff-2017-07,2
8426f01ffffffff-2018-07,1
8426f01ffffffff-2018-10,1
8426f01ffffffff-2020-05,2
8426f01ffffffff-2022-05,1
8426f01ffffffff-2022-09,2
8426f01ffffffff-2023-09,4
8426f01ffffffff-2023-10,2
8426f03ffffffff-2014-08,12
8426f03ffffffff-2015-07,3
8426f03ffffffff-2015-08,1
8426f03ffffffff-2015-09,1
8426f03ffffffff-2016-04,1
8426f03ffffffff-2016-08,1
8426f03ffffffff-2016-09,5
8426f03ffffffff-2016-10,7
8426f03ffffffff-2017-03,2
8426f03ffffffff-2017-04,8
8426f03ffffffff-2018-08,1
8426f03ffffffff-2018-09,1
8426f03ffffffff-2019-04,5
8426f03ffffffff-2019-05,1
8426f03ffffffff-2019-07,1
8426f03ffffffff-2019-08,2
8426f03ffffffff-2020-04,2
8426f03ffffffff-2020-05,3
8426f03ffffffff-2021-05,2
8426f03ffffffff-2021-08,1
8426f03ffffffff-2021-09,5
8426f03ffffffff-2023-08,7
8426f03ffffffff-2023-09,13
8426f03ffffffff-2023-10,5
8426f03ffffffff-2023-11,1
8426f05ffffffff-2016-07,1
8426f05ffffffff-2018-04,1
8426f05ffffffff-2019-05,2
8426f05ffffffff-2020-09,1
8426f07ffffffff-2017-07,4
8426f07ffffffff-2018-04,1
8426f07ffffffff-2018-05,2
8426f07ffffffff-2018-07,2
8426f07ffffffff-2019-05,2
8426f07ffffffff-2019-06,1
8426f07ffffffff-2019-07,2
8426f07ffffffff-2019-08,4
8426f07ffffffff-2019-09,4
8426f07ffffffff-2020-04,1
8426f07ffffffff-2020-05,4
8426f07ffffffff-2020-10,1
8426f07ffffffff-2021-04,4
8426f07ffffffff-2022-05,1
8426f07ffffffff-2022-08,1
8426f07ffffffff-2023-03,1
8426f07ffffffff-2023-04,2
8426f07ffffffff-2023-05,1
8426f09ffffffff-2015-05,1
8426f09ffffffff-2020-04,9
8426f09ffffffff-2020-05,1
8426f09ffffffff-2022-05,2
8426f09ffffffff-2023-04,2
8426f09ffffffff-2023-08,1
8426f0bffffffff-2013-07,2
8426f0bffffffff-2015-04,1
8426f0bffffffff-2015-05,3
8426f0bffffffff-2015-07,1
8426f0bffffffff-2021-05,2
8426f0dffffffff-2013-05,1
8426f0dffffffff-2014-05,1
8426f0dffffffff-2019-04,3
8426f0dffffffff-2019-05,1
8426f0dffffffff-2021-04,3
8426f0dffffffff-2022-04,3
8426f0dffffffff-2023-04,3
8426f0dffffffff-2023-06,1
8426f0dffffffff-2023-07,1
8426f11ffffffff-2012-07,1
8426f11ffffffff-2012-08,1
8426f11ffffffff-2013-04,1
8426f11ffffffff-2013-05,1
8426f11ffffffff-2013-07,1
8426f11ffffffff-2013-08,2
8426f11ffffffff-2014-04,10
8426f11ffffffff-2014-05,10
8426f11ffffffff-2014-06,3
8426f11ffffffff-2015-04,3
8426f11ffffffff-2015-07,1
8426f11ffffffff-2016-04,4
8426f11ffffffff-2016-05,4
8426f11ffffffff-2016-07,1
8426f11ffffffff-2017-04,2
8426f11ffffffff-2017-06,2
8426f11ffffffff-2017-07,5
8426f11ffffffff-2017-08,3
8426f11ffffffff-2017-09,6
8426f11ffffffff-2018-04,2
8426f11ffffffff-2018-05,8
8426f11ffffffff-2018-07,1
8426f11ffffffff-2018-08,1
8426f11ffffffff-2018-09,1
8426f11ffffffff-2019-04,11
8426f11ffffffff-2019-05,3
8426f11ffffffff-2019-07,5
8426f11ffffffff-2019-08,2
8426f11ffffffff-2020-05,1
8426f11ffffffff-2020-07,2
8426f11ffffffff-2020-08,2
8426f11ffffffff-2020-09,1
8426f11ffffffff-2021-03,1
8426f11ffffffff-2021-04,6
8426f11ffffffff-2021-05,9
8426f11ffffffff-2021-08,3
8426f11ffffffff-2022-03,2
8426f11ffffffff-2022-04,19
8426f11ffffffff-2022-05,12
8426f11ffffffff-2022-09,5
8426f11ffffffff-2023-04,6
8426f11ffffffff-2023-05,5
8426f11ffffffff-2023-08,6
8426f13ffffffff-2013-05,1
8426f13ffffffff-2014-07,4
8426f13ffffffff-2016-05,4
8426f13ffffffff-2018-04,1
8426f13ffffffff-2020-07,1
8426f13ffffffff-2020-09,1
8426f13ffffffff-2021-07,1
8426f13ffffffff-2022-05,2
8426f13ffffffff-2022-09,4
8426f15ffffffff-2013-07,2
8426f15ffffffff-2014-04,1
8426f15ffffffff-2014-07,1
8426f15ffffffff-2014-09,1
8426f15ffffffff-2015-04,1
8426f15ffffffff-2015-07,7
8426f15ffffffff-2015-08,3
8426f15ffffffff-2015-09,1
8426f15ffffffff-2016-04,1
8426f15ffffffff-2016-05,1
8426f15ffffffff-2016-06,2
8426f15ffffffff-2016-07,3
8426f15ffffffff-2016-09,4
8426f15ffffffff-2017-08,1
8426f15ffffffff-2018-04,1
8426f15ffffffff-2018-05,29
8426f15ffffffff-2019-04,4
8426f15ffffffff-2019-05,2
8426f15ffffffff-2019-09,1
8426f15ffffffff-2021-05,2
8426f15ffffffff-2021-09,3
8426f15ffffffff-2022-04,1
8426f15ffffffff-2022-05,4
8426f15ffffffff-2023-05,1
8426f15ffffffff-2023-07,1
8426f15ffffffff-2023-09,1
8426f17ffffffff-2013-04,3
8426f17ffffffff-2013-05,2
8426f17ffffffff-2013-08,2
8426f17ffffffff-2014-07,4
8426f17ffffffff-2014-08,2
8426f17ffffffff-2015-07,3
8426f17ffffffff-2016-03,1
8426f17ffffffff-2016-04,1
8426f17ffffffff-2016-05,3
8426f17ffffffff-2016-07,1
8426f17ffffffff-2016-08,2
8426f17ffffffff-2016-09,7
8426f17ffffffff-2017-04,8
8426f17ffffffff-2017-05,1
8426f17ffffffff-2017-07,2
8426f17ffffffff-2017-08,1
8426f17ffffffff-2017-09,7
8426f17ffffffff-2017-10,1
8426f17ffffffff-2018-05,6
8426f17ffffffff-2019-04,3
8426f17ffffffff-2019-05,8
8426f17ffffffff-2021-04,14
8426f17ffffffff-2023-04,4
8426f17ffffffff-2023-05,10
8426f17ffffffff-2023-07,2
8426f19ffffffff-2014-04,1
8426f19ffffffff-2017-10,1
8426f19ffffffff-2021-05,2
8426f19ffffffff-2023-09,1
8426f1bffffffff-2014-04,2
8426f1bffffffff-2015-04,2
8426f1bffffffff-2016-05,10
8426f1bffffffff-2017-04,8
8426f1bffffffff-2017-05,1
8426f1bffffffff-2018-05,1
8426f1bffffffff-2019-04,1
8426f1bffffffff-2019-07,2
8426f1bffffffff-2019-09,2
8426f1bffffffff-2019-10,1
8426f1bffffffff-2020-03,1
8426f1bffffffff-2020-04,2
8426f1bffffffff-2020-08,1
8426f1bffffffff-2021-04,5
8426f1bffffffff-2021-05,7
8426f1bffffffff-2021-09,1
8426f1bffffffff-2022-04,1
8426f1bffffffff-2022-05,4
8426f1bffffffff-2022-09,2
8426f1bffffffff-2023-04,1
8426f1bffffffff-2023-05,2
8426f1bffffffff-2023-08,1
8426f1dffffffff-2012-04,2
8426f1dffffffff-2012-09,1
8426f1dffffffff-2013-04,2
8426f1dffffffff-2013-05,1
8426f1dffffffff-2013-08,4
8426f1dffffffff-2015-05,7
8426f1dffffffff-2016-04,7
8426f1dffffffff-2016-05,1
8426f1dffffffff-2016-07,1
8426f1dffffffff-2017-03,1
8426f1dffffffff-2017-04,6
8426f1dffffffff-2017-07,1
8426f1dffffffff-2018-04,4
8426f1dffffffff-2018-05,8
8426f1dffffffff-2018-08,1
8426f1dffffffff-2020-08,1
8426f1dffffffff-2022-03,1
8426f1dffffffff-2022-08,1
8426f1dffffffff-2022-09,2
8426f1dffffffff-2022-10,1
8426f1dffffffff-2023-04,7
8426f1dffffffff-2023-05,1
8426f1dffffffff-2023-10,1
8426f21ffffffff-2012-04,1
8426f21ffffffff-2015-04,3
8426f21ffffffff-2019-08,1
8426f21ffffffff-2021-04,4
8426f21ffffffff-2021-05,26
8426f21ffffffff-2021-06,1
8426f21ffffffff-2022-04,2
8426f21ffffffff-2022-05,2
8426f21ffffffff-2023-05,7
8426f23ffffffff-2014-09,1
8426f23ffffffff-2016-05,1
8426f23ffffffff-2016-09,1
8426f23ffffffff-2019-08,2
8426f23ffffffff-2019-09,1
8426f23ffffffff-2020-05,1
8426f23ffffffff-2023-04,1
8426f25ffffffff-2012-04,1
8426f25ffffffff-2012-09,2
8426f25ffffffff-2012-10,1
8426f25ffffffff-2013-04,2
8426f25ffffffff-2013-05,4
8426f25ffffffff-2013-07,1
8426f25ffffffff-2014-03,2
8426f25ffffffff-2014-05,5
8426f25ffffffff-2014-08,1
8426f25ffffffff-2014-09,11
8426f25ffffffff-2015-04,10
8426f25ffffffff-2015-05,1
8426f25ffffffff-2015-07,6
8426f25ffffffff-2015-08,13
8426f25ffffffff-2015-09,8
8426f25ffffffff-2015-10,1
8426f25ffffffff-2016-04,14
8426f25ffffffff-2016-05,6
8426f25ffffffff-2016-07,2
8426f25ffffffff-2016-08,3
8426f25ffffffff-2016-09,1
8426f25ffffffff-2017-03,2
8426f25ffffffff-2017-04,7
8426f25ffffffff-2017-05,6
8426f25ffffffff-2017-06,1
8426f25ffffffff-2017-08,2
8426f25ffffffff-2017-09,1
8426f25ffffffff-2017-10,2
8426f25ffffffff-2018-04,12
8426f25ffffffff-2018-08,1
8426f25ffffffff-2018-10,1
8426f25ffffffff-2019-04,13
8426f25ffffffff-2019-05,1
8426f25ffffffff-2019-08,2
8426f25ffffffff-2020-04,9
8426f25ffffffff-2020-05,8
8426f25ffffffff-2020-07,2
8426f25ffffffff-2020-09,9
8426f25ffffffff-2020-10,5
8426f25ffffffff-2021-04,34
8426f25ffffffff-2021-05,14
8426f25ffffffff-2021-08,16
8426f25ffffffff-2021-09,12
8426f25ffffffff-2021-10,2
8426f25ffffffff-2022-04,25
8426f25ffffffff-2022-05,41
8426f25ffffffff-2022-08,3
8426f25ffffffff-2022-09,3
8426f25ffffffff-2022-10,2
8426f25ffffffff-2023-03,6
8426f25ffffffff-2023-04,32
8426f25ffffffff-2023-05,15
8426f25ffffffff-2023-07,1
8426f25ffffffff-2023-08,1
8426f25ffffffff-2023-09,1
8426f27ffffffff-2012-05,2
8426f27ffffffff-2013-04,5
8426f27ffffffff-2013-05,31
8426f27ffffffff-2014-05,3
8426f27ffffffff-2016-04,1
8426f27ffffffff-2016-05,2
8426f27ffffffff-2016-07,1
8426f27ffffffff-2018-04,1
8426f27ffffffff-2018-05,1
8426f27ffffffff-2018-09,1
8426f27ffffffff-2019-05,2
8426f27ffffffff-2019-08,2
8426f27ffffffff-2019-10,1
8426f27ffffffff-2020-04,1
8426f27ffffffff-2020-05,6
8426f27ffffffff-2020-08,3
8426f27ffffffff-2021-05,5
8426f27ffffffff-2022-05,1
8426f27ffffffff-2022-08,1
8426f27ffffffff-2022-09,3
8426f27ffffffff-2023-04,10
8426f27ffffffff-2023-05,4
8426f29ffffffff-2019-04,3
8426f29ffffffff-2020-09,4
8426f2bffffffff-2013-09,4
8426f2bffffffff-2018-09,2
8426f2bffffffff-2019-09,1
8426f2bffffffff-2020-05,3
8426f2bffffffff-2020-09,4
8426f2bffffffff-2021-04,3
8426f2bffffffff-2022-04,1
8426f2bffffffff-2023-05,2
8426f2dffffffff-2012-05,6
8426f2dffffffff-2012-07,1
8426f2dffffffff-2012-08,1
8426f2dffffffff-2013-04,12
8426f2dffffffff-2013-05,26
8426f2dffffffff-2014-04,8
8426f2dffffffff-2014-05,7
8426f2dffffffff-2014-07,5
8426f2dffffffff-2014-08,5
8426f2dffffffff-2014-09,7
8426f2dffffffff-2014-10,5
8426f2dffffffff-2015-03,1
8426f2dffffffff-2015-04,7
8426f2dffffffff-2015-05,1
8426f2dffffffff-2015-07,2
8426f2dffffffff-2015-08,2
8426f2dffffffff-2015-09,5
8426f2dffffffff-2015-10,1
8426f2dffffffff-2016-04,2
8426f2dffffffff-2016-05,13
8426f2dffffffff-2016-06,1
8426f2dffffffff-2016-07,4
8426f2dffffffff-2016-09,1
8426f2dffffffff-2017-03,1
8426f2dffffffff-2017-04,22
8426f2dffffffff-2017-05,47
8426f2dffffffff-2017-07,4
8426f2dffffffff-2017-08,10
8426f2dffffffff-2017-09,22
8426f2dffffffff-2017-10,10
8426f2dffffffff-2017-11,2
8426f2dffffffff-2018-03,1
8426f2dffffffff-2018-04,34
8426f2dffffffff-2018-05,56
8426f2dffffffff-2018-07,24
8426f2dffffffff-2018-08,35
8426f2dffffffff-2018-09,13
8426f2dffffffff-2018-10,8
8426f2dffffffff-2019-04,35
8426f2dffffffff-2019-05,41
8426f2dffffffff-2019-06,1
8426f2dffffffff-2019-07,9
8426f2dffffffff-2019-08,10
8426f2dffffffff-2019-09,4
8426f2dffffffff-2019-10,2
8426f2dffffffff-2020-03,1
8426f2dffffffff-2020-04,28
8426f2dffffffff-2020-05,15
8426f2dffffffff-2020-08,10
8426f2dffffffff-2021-04,12
8426f2dffffffff-2021-05,6
8426f2dffffffff-2021-09,1
8426f2dffffffff-2022-04,26
8426f2dffffffff-2022-05,3
8426f2dffffffff-2022-06,1
8426f2dffffffff-2022-07,10
8426f2dffffffff-2022-08,5
8426f2dffffffff-2022-09,4
8426f2dffffffff-2023-04,46
8426f2dffffffff-2023-05,14
8426f2dffffffff-2023-06,1
8426f2dffffffff-2023-07,10
8426f2dffffffff-2023-08,19
8426f2dffffffff-2023-09,9
8426f2dffffffff-2023-10,11
8426f2dffffffff-2023-11,1
8426f31ffffffff-2015-04,1
8426f31ffffffff-2017-04,1
8426f31ffffffff-2017-09,3
8426f31ffffffff-2018-09,2
8426f31ffffffff-2019-07,2
8426f31ffffffff-2019-08,1
8426f31ffffffff-2022-05,2
8426f33ffffffff-2012-04,1
8426f33ffffffff-2013-09,3
8426f33ffffffff-2015-04,18
8426f33ffffffff-2016-04,1
8426f33ffffffff-2018-09,1
8426f33ffffffff-2019-05,2
8426f33ffffffff-2019-07,4
8426f33ffffffff-2019-09,4
8426f33ffffffff-2019-10,1
8426f33ffffffff-2021-05,8
8426f33ffffffff-2021-08,1
8426f33ffffffff-2021-09,1
8426f33ffffffff-2022-04,4
8426f33ffffffff-2022-05,7
8426f33ffffffff-2022-09,1
8426f33ffffffff-2023-05,19
8426f33ffffffff-2023-09,3
8426f35ffffffff-2012-08,2
8426f35ffffffff-2014-07,4
8426f35ffffffff-2016-05,1
8426f35ffffffff-2017-05,1
8426f35ffffffff-2017-09,14
8426f35ffffffff-2018-05,1
8426f35ffffffff-2018-08,2
8426f35ffffffff-2021-09,1
8426f35ffffffff-2022-05,4
8426f35ffffffff-2022-07,2
8426f35ffffffff-2022-09,3
8426f35ffffffff-2023-08,1
8426f35ffffffff-2023-09,2
8426f37ffffffff-2015-04,1
8426f37ffffffff-2018-04,4
8426f37ffffffff-2018-07,4
8426f37ffffffff-2018-08,4
8426f37ffffffff-2019-04,1
8426f37ffffffff-2019-07,2
8426f37ffffffff-2021-07,1
8426f37ffffffff-2023-06,1
8426f39ffffffff-2013-07,1
8426f39ffffffff-2015-04,1
8426f39ffffffff-2015-05,1
8426f39ffffffff-2015-07,1
8426f39ffffffff-2015-08,1
8426f39ffffffff-2017-09,5
8426f39ffffffff-2018-05,2
8426f39ffffffff-2018-09,2
8426f39ffffffff-2019-06,1
8426f39ffffffff-2019-07,3
8426f39ffffffff-2019-09,2
8426f39ffffffff-2020-08,1
8426f39ffffffff-2021-09,2
8426f39ffffffff-2023-05,2
8426f39ffffffff-2023-09,4
8426f3bffffffff-2012-09,1
8426f3bffffffff-2015-06,1
8426f3bffffffff-2016-07,2
8426f3bffffffff-2018-09,2
8426f3bffffffff-2021-08,1
8426f3bffffffff-2023-04,1
8426f3bffffffff-2023-05,2
8426f3bffffffff-2023-07,4
8426f3dffffffff-2012-09,1
8426f3dffffffff-2015-04,1
8426f3dffffffff-2017-09,3
8426f3dffffffff-2018-04,1
8426f3dffffffff-2018-05,1
8426f3dffffffff-2018-09,2
8426f3dffffffff-2019-03,2
8426f3dffffffff-2019-07,1
8426f3dffffffff-2020-05,2
8426f3dffffffff-2021-04,1
8426f3dffffffff-2021-05,2
8426f3dffffffff-2022-05,1
8426f3dffffffff-2023-05,3
8426f3dffffffff-2023-09,15
8426f41ffffffff-2019-08,1
8426f41ffffffff-2023-08,4
8426f43ffffffff-2012-04,1
8426f43ffffffff-2012-05,1
8426f43ffffffff-2018-04,1
8426f43ffffffff-2018-05,1
8426f43ffffffff-2019-08,1
8426f43ffffffff-2022-04,1
8426f43ffffffff-2022-05,2
8426f43ffffffff-2023-05,1
8426f45ffffffff-2012-05,1
8426f45ffffffff-2013-05,1
8426f45ffffffff-2020-09,2
8426f45ffffffff-2022-04,6
8426f45ffffffff-2023-04,1
8426f45ffffffff-2023-08,2
8426f45ffffffff-2023-09,1
8426f47ffffffff-2016-07,1
8426f47ffffffff-2019-04,3
8426f47ffffffff-2019-10,1
8426f47ffffffff-2020-04,1
8426f47ffffffff-2021-04,3
8426f47ffffffff-2021-05,1
8426f47ffffffff-2021-06,7
8426f47ffffffff-2021-07,5
8426f47ffffffff-2021-08,1
8426f49ffffffff-2013-05,7
8426f49ffffffff-2016-04,1
8426f49ffffffff-2020-09,1
8426f49ffffffff-2021-08,1
8426f49ffffffff-2021-09,4
8426f49ffffffff-2022-08,1
8426f4bffffffff-2013-04,1
8426f4bffffffff-2013-05,1
8426f4bffffffff-2018-03,1
8426f4dffffffff-2013-05,1
8426f4dffffffff-2017-05,1
8426f4dffffffff-2021-04,1
8426f4dffffffff-2023-05,2
8426f4dffffffff-2023-08,1
8426f51ffffffff-2016-04,5
8426f51ffffffff-2016-07,3
8426f51ffffffff-2017-05,2
8426f51ffffffff-2018-04,13
8426f51ffffffff-2018-05,5
8426f51ffffffff-2019-04,2
8426f51ffffffff-2019-05,2
8426f51ffffffff-2020-03,2
8426f51ffffffff-2020-04,15
8426f51ffffffff-2020-05,4
8426f51ffffffff-2021-03,1
8426f51ffffffff-2021-04,4
8426f51ffffffff-2021-05,1
8426f51ffffffff-2021-08,1
8426f51ffffffff-2022-04,7
8426f51ffffffff-2022-05,2
8426f51ffffffff-2023-04,7
8426f51ffffffff-2023-10,15
8426f53ffffffff-2012-03,2
8426f53ffffffff-2012-05,1
8426f53ffffffff-2015-05,4
8426f53ffffffff-2015-09,2
8426f53ffffffff-2017-03,1
8426f53ffffffff-2018-04,13
8426f53ffffffff-2018-05,2
8426f53ffffffff-2019-04,1
8426f53ffffffff-2019-07,2
8426f53ffffffff-2019-09,3
8426f53ffffffff-2020-10,3
8426f53ffffffff-2021-04,3
8426f53ffffffff-2021-05,3
8426f53ffffffff-2022-05,1
8426f55ffffffff-2015-07,1
8426f55ffffffff-2018-04,1
8426f55ffffffff-2019-04,1
8426f57ffffffff-2015-05,2
8426f57ffffffff-2018-04,8
8426f57ffffffff-2018-05,1
8426f57ffffffff-2018-08,1
8426f57ffffffff-2019-07,2
8426f57ffffffff-2020-09,4
8426f57ffffffff-2021-05,3
8426f57ffffffff-2023-09,3
8426f59ffffffff-2012-04,1
8426f59ffffffff-2012-05,7
8426f59ffffffff-2012-07,2
8426f59ffffffff-2013-04,5
8426f59ffffffff-2013-05,6
8426f59ffffffff-2013-07,1
8426f59ffffffff-2016-09,1
8426f59ffffffff-2017-04,1
8426f59ffffffff-2018-04,1
8426f59ffffffff-2018-09,1
8426f59ffffffff-2019-08,1
8426f59ffffffff-2020-03,1
8426f59ffffffff-2020-05,1
8426f59ffffffff-2023-04,2
8426f59ffffffff-2023-05,2
8426f5bffffffff-2013-05,6
8426f5bffffffff-2015-09,1
8426f5bffffffff-2015-10,1
8426f5bffffffff-2018-04,1
8426f5bffffffff-2018-05,4
8426f5bffffffff-2020-05,1
8426f5bffffffff-2021-09,1
8426f5bffffffff-2022-05,1
8426f5bffffffff-2023-03,1
8426f5bffffffff-2023-04,5
8426f5bffffffff-2023-05,2
8426f5bffffffff-2023-06,1
8426f5bffffffff-2023-09,1
8426f5dffffffff-2022-04,1
8426f5dffffffff-2023-04,13
8426f61ffffffff-2014-05,1
8426f61ffffffff-2016-08,2
8426f61ffffffff-2016-09,2
8426f61ffffffff-2018-08,2
8426f61ffffffff-2021-07,8
8426f61ffffffff-2021-08,15
8426f61ffffffff-2023-08,2
8426f63ffffffff-2016-07,1
8426f63ffffffff-2023-07,1
8426f63ffffffff-2023-08,9
8426f65ffffffff-2015-09,4
8426f65ffffffff-2016-09,1
8426f65ffffffff-2022-08,12
8426f65ffffffff-2022-09,13
8426f65ffffffff-2023-08,2
8426f67ffffffff-2018-08,2
8426f67ffffffff-2022-08,5
8426f67ffffffff-2022-09,3
8426f69ffffffff-2021-04,1
8426f69ffffffff-2021-08,1
8426f69ffffffff-2021-09,3
8426f69ffffffff-2022-04,15
8426f69ffffffff-2022-05,1
8426f69ffffffff-2022-08,1
8426f69ffffffff-2023-04,3
8426f69ffffffff-2023-08,5
8426f69ffffffff-2023-09,5
8426f6bffffffff-2016-07,7
8426f6bffffffff-2016-08,1
8426f6bffffffff-2017-05,1
8426f6bffffffff-2017-06,1
8426f6bffffffff-2017-08,2
8426f6bffffffff-2018-09,1
8426f6bffffffff-2023-04,1
8426f6bffffffff-2023-07,1
8426f6bffffffff-2023-08,11
8426f6dffffffff-2014-05,3
8426f6dffffffff-2015-04,1
8426f6dffffffff-2016-04,1
8426f6dffffffff-2016-06,1
8426f6dffffffff-2016-08,1
8426f6dffffffff-2017-04,19
8426f6dffffffff-2017-05,3
8426f6dffffffff-2017-09,1
8426f6dffffffff-2018-04,15
8426f6dffffffff-2018-07,1
8426f6dffffffff-2020-09,1
8426f6dffffffff-2021-09,1
8426f6dffffffff-2022-05,1
8426f6dffffffff-2023-04,10
8426f6dffffffff-2023-05,1
8427001ffffffff-2015-08,1
8427001ffffffff-2018-08,1
8427001ffffffff-2020-08,1
8427003ffffffff-2021-05,2
8427003ffffffff-2022-07,1
8427005ffffffff-2015-08,1
8427005ffffffff-2020-05,1
8427005ffffffff-2021-08,1
8427005ffffffff-2021-09,1
8427007ffffffff-2018-05,1
8427009ffffffff-2022-06,1
842700dffffffff-2015-09,1
842700dffffffff-2016-09,1
842700dffffffff-2017-08,1
842700dffffffff-2018-08,2
842700dffffffff-2020-07,1
8427017ffffffff-2018-05,1
8427017ffffffff-2020-05,1
8427017ffffffff-2020-08,1
8427017ffffffff-2021-04,1
8427021ffffffff-2012-05,1
8427021ffffffff-2014-05,1
8427021ffffffff-2014-08,2
8427021ffffffff-2015-04,1
8427021ffffffff-2015-07,26
8427021ffffffff-2015-08,16
8427021ffffffff-2015-10,4
8427021ffffffff-2016-04,1
8427021ffffffff-2016-05,4
8427021ffffffff-2016-07,1
8427021ffffffff-2016-09,2
8427021ffffffff-2016-10,1
8427021ffffffff-2017-05,7
8427021ffffffff-2017-09,3
8427021ffffffff-2017-10,2
8427021ffffffff-2018-05,14
8427021ffffffff-2018-07,10
8427021ffffffff-2018-08,15
8427021ffffffff-2018-09,2
8427021ffffffff-2019-05,20
8427021ffffffff-2019-06,6
8427021ffffffff-2019-07,4
8427021ffffffff-2019-08,10
8427021ffffffff-2019-09,8
8427021ffffffff-2020-04,5
8427021ffffffff-2020-05,15
8427021ffffffff-2020-07,22
8427021ffffffff-2020-08,23
8427021ffffffff-2020-09,14
8427021ffffffff-2020-10,2
8427021ffffffff-2021-04,13
8427021ffffffff-2021-05,60
8427021ffffffff-2021-06,6
8427021ffffffff-2021-07,3
8427021ffffffff-2021-08,1
8427021ffffffff-2021-09,3
8427021ffffffff-2022-05,8
8427021ffffffff-2022-07,2
8427021ffffffff-2022-08,4
8427021ffffffff-2022-09,1
8427021ffffffff-2023-05,2
8427021ffffffff-2023-06,1
8427021ffffffff-2023-07,9
8427021ffffffff-2023-08,5
8427021ffffffff-2023-10,1
8427023ffffffff-2012-04,6
8427023ffffffff-2012-05,19
8427023ffffffff-2012-06,5
8427023ffffffff-2012-08,4
8427023ffffffff-2012-09,3
8427023ffffffff-2013-05,8
8427023ffffffff-2013-06,2
8427023ffffffff-2013-07,1
8427023ffffffff-2013-08,10
8427023ffffffff-2013-09,6
8427023ffffffff-2013-11,2
8427023ffffffff-2014-05,5
8427023ffffffff-2014-06,3
8427023ffffffff-2014-07,1
8427023ffffffff-2014-08,5
8427023ffffffff-2014-09,2
8427023ffffffff-2015-04,2
8427023ffffffff-2015-05,16
8427023ffffffff-2015-06,1
8427023ffffffff-2015-07,1
8427023ffffffff-2015-08,2
8427023ffffffff-2015-09,3
8427023ffffffff-2015-10,4
8427023ffffffff-2016-04,1
8427023ffffffff-2016-05,34
8427023ffffffff-2016-07,11
8427023ffffffff-2016-08,34
8427023ffffffff-2016-09,32
8427023ffffffff-2016-10,11
8427023ffffffff-2016-11,1
8427023ffffffff-2017-04,5
8427023ffffffff-2017-05,59
8427023ffffffff-2017-06,3
8427023ffffffff-2017-07,19
8427023ffffffff-2017-08,21
8427023ffffffff-2017-09,29
8427023ffffffff-2017-10,8
8427023ffffffff-2018-04,15
8427023ffffffff-2018-05,75
8427023ffffffff-2018-06,12
8427023ffffffff-2018-07,12
8427023ffffffff-2018-08,23
8427023ffffffff-2018-09,8
8427023ffffffff-2018-10,8
8427023ffffffff-2019-04,2
8427023ffffffff-2019-05,40
8427023ffffffff-2019-06,2
8427023ffffffff-2019-07,20
8427023ffffffff-2019-08,66
8427023ffffffff-2019-09,28
8427023ffffffff-2019-10,3
8427023ffffffff-2020-04,3
8427023ffffffff-2020-05,51
8427023ffffffff-2020-06,4
8427023ffffffff-2020-07,13
8427023ffffffff-2020-08,46
8427023ffffffff-2020-09,55
8427023ffffffff-2020-10,9
8427023ffffffff-2021-04,4
8427023ffffffff-2021-05,114
8427023ffffffff-2021-06,16
8427023ffffffff-2021-07,40
8427023ffffffff-2021-08,78
8427023ffffffff-2021-09,60
8427023ffffffff-2021-10,15
8427023ffffffff-2022-04,8
8427023ffffffff-2022-05,30
8427023ffffffff-2022-06,2
8427023ffffffff-2022-07,28
8427023ffffffff-2022-08,64
8427023ffffffff-2022-09,37
8427023ffffffff-2022-10,12
8427023ffffffff-2023-05,53
8427023ffffffff-2023-06,24
8427023ffffffff-2023-07,42
8427023ffffffff-2023-08,64
8427023ffffffff-2023-09,45
8427023ffffffff-2023-10,5
8427025ffffffff-2015-05,6
8427025ffffffff-2015-07,1
8427025ffffffff-2016-05,11
8427025ffffffff-2016-08,7
8427025ffffffff-2017-07,6
8427025ffffffff-2018-05,4
8427025ffffffff-2018-07,1
8427025ffffffff-2018-08,5
8427025ffffffff-2018-09,6
8427025ffffffff-2019-05,13
8427025ffffffff-2019-07,8
8427025ffffffff-2019-08,9
8427025ffffffff-2019-09,2
8427025ffffffff-2020-05,5
8427025ffffffff-2020-06,1
8427025ffffffff-2020-07,2
8427025ffffffff-2020-08,13
8427025ffffffff-2020-09,1
8427025ffffffff-2021-05,14
8427025ffffffff-2021-09,1
8427025ffffffff-2021-10,1
8427025ffffffff-2022-05,2
8427025ffffffff-2022-07,4
8427025ffffffff-2022-08,2
8427025ffffffff-2023-05,1
8427025ffffffff-2023-07,2
8427025ffffffff-2023-09,4
8427027ffffffff-2013-08,3
8427027ffffffff-2013-09,2
8427027ffffffff-2014-05,5
8427027ffffffff-2015-04,1
8427027ffffffff-2015-05,6
8427027ffffffff-2015-07,31
8427027ffffffff-2015-08,30
8427027ffffffff-2015-09,3
8427027ffffffff-2015-10,14
8427027ffffffff-2016-05,1
8427027ffffffff-2016-11,1
8427027ffffffff-2017-04,1
8427027ffffffff-2017-05,3
8427027ffffffff-2017-08,5
8427027ffffffff-2017-09,11
8427027ffffffff-2018-04,1
8427027ffffffff-2018-05,4
8427027ffffffff-2018-07,3
8427027ffffffff-2018-08,4
8427027ffffffff-2018-09,5
8427027ffffffff-2018-10,1
8427027ffffffff-2019-05,19
8427027ffffffff-2019-06,1
8427027ffffffff-2019-07,6
8427027ffffffff-2019-09,1
8427027ffffffff-2019-10,2
8427027ffffffff-2020-04,1
8427027ffffffff-2020-05,5
8427027ffffffff-2020-06,2
8427027ffffffff-2020-07,7
8427027ffffffff-2020-08,1
8427027ffffffff-2020-09,5
8427027ffffffff-2021-05,28
8427027ffffffff-2021-08,1
8427027ffffffff-2021-09,6
8427027ffffffff-2022-05,5
8427027ffffffff-2022-07,2
8427027ffffffff-2022-08,1
8427027ffffffff-2022-09,3
8427027ffffffff-2023-05,16
8427027ffffffff-2023-09,2
8427029ffffffff-2013-05,1
8427029ffffffff-2014-09,1
8427029ffffffff-2015-05,4
8427029ffffffff-2015-06,1
8427029ffffffff-2016-04,1
8427029ffffffff-2016-05,2
8427029ffffffff-2016-07,2
8427029ffffffff-2016-08,5
8427029ffffffff-2017-05,1
8427029ffffffff-2017-08,9
8427029ffffffff-2017-10,1
8427029ffffffff-2018-05,3
8427029ffffffff-2018-07,1
8427029ffffffff-2018-08,9
8427029ffffffff-2018-09,2
8427029ffffffff-2019-05,4
8427029ffffffff-2019-07,5
8427029ffffffff-2019-08,5
8427029ffffffff-2019-09,1
8427029ffffffff-2020-05,4
8427029ffffffff-2020-07,5
8427029ffffffff-2020-08,16
8427029ffffffff-2020-09,7
8427029ffffffff-2020-10,8
8427029ffffffff-2021-05,24
8427029ffffffff-2021-07,5
8427029ffffffff-2021-08,3
8427029ffffffff-2021-09,12
8427029ffffffff-2022-05,4
8427029ffffffff-2022-07,2
8427029ffffffff-2022-08,6
8427029ffffffff-2022-09,5
8427029ffffffff-2022-10,5
8427029ffffffff-2023-05,19
8427029ffffffff-2023-07,4
8427029ffffffff-2023-08,8
8427029ffffffff-2023-09,12
842702bffffffff-2012-05,2
842702bffffffff-2012-08,1
842702bffffffff-2012-09,1
842702bffffffff-2012-10,1
842702bffffffff-2013-05,1
842702bffffffff-2013-07,3
842702bffffffff-2013-08,4
842702bffffffff-2013-09,2
842702bffffffff-2014-08,2
842702bffffffff-2015-05,5
842702bffffffff-2015-08,1
842702bffffffff-2016-05,6
842702bffffffff-2016-08,1
842702bffffffff-2017-05,2
842702bffffffff-2017-07,1
842702bffffffff-2017-08,2
842702bffffffff-2017-09,5
842702bffffffff-2017-10,1
842702bffffffff-2018-04,1
842702bffffffff-2018-05,5
842702bffffffff-2018-07,2
842702bffffffff-2018-08,3
842702bffffffff-2018-09,4
842702bffffffff-2018-10,3
842702bffffffff-2019-05,11
842702bffffffff-2019-07,1
842702bffffffff-2019-08,1
842702bffffffff-2019-09,1
842702bffffffff-2019-10,2
842702bffffffff-2020-05,8
842702bffffffff-2020-06,2
842702bffffffff-2020-07,6
842702bffffffff-2020-08,10
842702bffffffff-2020-09,20
842702bffffffff-2020-10,11
842702bffffffff-2021-04,3
842702bffffffff-2021-05,62
842702bffffffff-2021-07,5
842702bffffffff-2021-08,8
842702bffffffff-2021-09,7
842702bffffffff-2021-10,13
842702bffffffff-2022-05,15
842702bffffffff-2022-07,1
842702bffffffff-2022-08,1
842702bffffffff-2022-09,3
842702bffffffff-2023-05,29
842702bffffffff-2023-06,1
842702bffffffff-2023-07,1
842702bffffffff-2023-08,19
842702bffffffff-2023-09,5
842702bffffffff-2023-10,3
842702dffffffff-2014-05,1
8427031ffffffff-2012-08,1
8427031ffffffff-2020-07,1
8427031ffffffff-2023-05,1
8427033ffffffff-2021-08,1
8427033ffffffff-2023-06,1
8427033ffffffff-2023-07,1
8427035ffffffff-2012-04,3
8427035ffffffff-2012-05,1
8427035ffffffff-2013-07,1
8427035ffffffff-2014-05,2
8427035ffffffff-2014-09,2
8427035ffffffff-2015-09,1
8427035ffffffff-2016-05,1
8427035ffffffff-2017-05,3
8427035ffffffff-2017-07,2
8427035ffffffff-2017-09,1
8427035ffffffff-2018-04,1
8427035ffffffff-2018-05,7
8427035ffffffff-2018-07,1
8427035ffffffff-2018-10,1
8427035ffffffff-2019-05,4
8427035ffffffff-2020-06,2
8427035ffffffff-2020-07,2
8427035ffffffff-2020-09,1
8427035ffffffff-2021-05,4
8427035ffffffff-2021-10,1
8427035ffffffff-2022-05,4
8427035ffffffff-2022-07,1
8427035ffffffff-2022-09,1
8427035ffffffff-2023-05,3
8427035ffffffff-2023-07,8
8427035ffffffff-2023-08,5
8427037ffffffff-2022-07,1
8427037ffffffff-2023-05,1
8427039ffffffff-2015-05,2
8427039ffffffff-2016-05,1
8427039ffffffff-2018-05,2
8427039ffffffff-2018-09,1
8427039ffffffff-2019-05,1
8427039ffffffff-2019-07,1
8427039ffffffff-2019-08,6
8427039ffffffff-2020-05,2
8427039ffffffff-2020-08,2
8427039ffffffff-2020-10,1
8427039ffffffff-2021-04,2
8427039ffffffff-2021-05,3
8427039ffffffff-2022-09,1
8427039ffffffff-2023-09,1
842703bffffffff-2019-08,1
842703bffffffff-2021-05,2
842703bffffffff-2021-08,2
842703dffffffff-2015-05,2
842703dffffffff-2016-04,1
842703dffffffff-2018-05,7
842703dffffffff-2018-08,1
842703dffffffff-2018-09,1
842703dffffffff-2020-07,9
842703dffffffff-2020-08,13
842703dffffffff-2020-09,3
842703dffffffff-2021-05,1
842703dffffffff-2021-07,1
842703dffffffff-2021-09,1
842703dffffffff-2022-06,1
842703dffffffff-2022-07,1
842703dffffffff-2022-08,3
842703dffffffff-2022-09,1
842703dffffffff-2023-08,7
8427053ffffffff-2013-05,1
8427053ffffffff-2013-06,1
8427053ffffffff-2013-07,1
8427053ffffffff-2013-08,4
8427053ffffffff-2013-09,1
8427053ffffffff-2014-05,4
8427053ffffffff-2016-04,2
8427053ffffffff-2016-09,1
8427053ffffffff-2018-05,1
8427053ffffffff-2018-07,2
8427053ffffffff-2018-08,5
8427053ffffffff-2018-09,2
8427053ffffffff-2019-06,1
8427053ffffffff-2019-07,9
8427053ffffffff-2019-08,5
8427053ffffffff-2019-09,3
8427053ffffffff-2020-05,7
8427053ffffffff-2020-07,16
8427053ffffffff-2020-08,10
8427053ffffffff-2020-09,13
8427053ffffffff-2020-10,4
8427053ffffffff-2021-05,15
8427053ffffffff-2021-06,1
8427053ffffffff-2021-07,6
8427053ffffffff-2021-08,22
8427053ffffffff-2021-09,3
8427053ffffffff-2022-07,7
8427053ffffffff-2022-08,3
8427053ffffffff-2022-09,4
8427053ffffffff-2022-10,1
8427053ffffffff-2023-05,1
8427053ffffffff-2023-06,3
8427053ffffffff-2023-07,8
8427053ffffffff-2023-08,1
8427053ffffffff-2023-09,3
8427055ffffffff-2022-06,3
8427063ffffffff-2013-05,1
8427063ffffffff-2014-08,2
8427063ffffffff-2015-10,1
8427063ffffffff-2017-10,1
8427063ffffffff-2018-08,4
8427063ffffffff-2018-10,1
8427063ffffffff-2019-08,5
8427063ffffffff-2019-09,1
8427063ffffffff-2020-07,1
8427063ffffffff-2020-08,2
8427063ffffffff-2020-09,2
8427063ffffffff-2021-04,4
8427063ffffffff-2021-05,3
8427063ffffffff-2021-07,2
8427063ffffffff-2021-08,6
8427063ffffffff-2022-08,1
8427063ffffffff-2022-09,4
8427063ffffffff-2023-05,2
8427063ffffffff-2023-08,1
8427063ffffffff-2023-09,2
8427067ffffffff-2014-07,2
8427067ffffffff-2014-08,3
8427067ffffffff-2014-09,1
8427067ffffffff-2015-04,1
8427067ffffffff-2015-05,2
8427067ffffffff-2015-08,1
8427067ffffffff-2016-05,6
8427067ffffffff-2016-08,3
8427067ffffffff-2017-05,4
8427067ffffffff-2018-04,1
8427067ffffffff-2019-05,1
8427067ffffffff-2020-08,2
8427067ffffffff-2021-05,1
8427081ffffffff-2017-05,1
8427083ffffffff-2022-05,1
8427083ffffffff-2023-08,2
8427085ffffffff-2017-05,1
8427085ffffffff-2019-09,3
8427085ffffffff-2021-05,6
8427085ffffffff-2021-08,6
8427089ffffffff-2017-07,2
8427089ffffffff-2020-05,1
8427089ffffffff-2020-08,1
8427089ffffffff-2021-05,1
8427089ffffffff-2023-05,3
842708bffffffff-2022-05,1
842708dffffffff-2012-05,1
842708dffffffff-2013-05,3
842708dffffffff-2013-08,1
842708dffffffff-2014-08,2
842708dffffffff-2015-05,1
842708dffffffff-2015-08,1
842708dffffffff-2016-05,7
842708dffffffff-2016-08,2
842708dffffffff-2016-09,3
842708dffffffff-2017-05,7
842708dffffffff-2017-07,2
842708dffffffff-2017-08,3
842708dffffffff-2018-05,2
842708dffffffff-2018-06,2
842708dffffffff-2018-07,5
842708dffffffff-2018-08,3
842708dffffffff-2018-09,2
842708dffffffff-2019-05,2
842708dffffffff-2020-05,2
842708dffffffff-2020-06,1
842708dffffffff-2020-08,2
842708dffffffff-2021-05,15
842708dffffffff-2021-07,1
842708dffffffff-2021-08,10
842708dffffffff-2021-09,3
842708dffffffff-2022-04,1
842708dffffffff-2022-05,7
842708dffffffff-2022-07,4
842708dffffffff-2022-09,1
842708dffffffff-2023-05,2
842708dffffffff-2023-08,3
842708dffffffff-2023-09,3
8427091ffffffff-2022-05,2
8427093ffffffff-2014-08,1
8427093ffffffff-2015-05,3
8427093ffffffff-2015-08,3
8427093ffffffff-2016-05,1
8427093ffffffff-2016-07,1
8427093ffffffff-2016-08,4
8427093ffffffff-2016-09,1
8427093ffffffff-2017-05,2
8427093ffffffff-2017-08,1
8427093ffffffff-2017-09,2
8427093ffffffff-2018-05,4
8427093ffffffff-2018-08,2
8427093ffffffff-2018-09,2
8427093ffffffff-2019-05,2
8427093ffffffff-2019-08,4
8427093ffffffff-2019-09,3
8427093ffffffff-2020-05,1
8427093ffffffff-2020-08,6
8427093ffffffff-2020-09,15
8427093ffffffff-2021-05,3
8427093ffffffff-2021-08,4
8427093ffffffff-2021-09,2
8427093ffffffff-2022-04,3
8427093ffffffff-2022-07,2
8427093ffffffff-2022-08,1
8427093ffffffff-2022-09,2
8427093ffffffff-2023-05,7
8427093ffffffff-2023-07,3
8427093ffffffff-2023-08,8
8427095ffffffff-2018-05,1
8427095ffffffff-2020-05,1
8427095ffffffff-2021-08,1
8427095ffffffff-2022-08,2
8427097ffffffff-2015-05,2
8427097ffffffff-2017-05,4
8427097ffffffff-2019-07,1
8427097ffffffff-2022-05,8
8427097ffffffff-2022-06,4
8427097ffffffff-2022-08,1
8427097ffffffff-2023-05,16
8427097ffffffff-2023-08,4
8427097ffffffff-2023-09,1
8427099ffffffff-2013-05,1
8427099ffffffff-2016-09,1
8427099ffffffff-2017-05,1
8427099ffffffff-2018-05,2
8427099ffffffff-2021-09,1
8427099ffffffff-2022-05,1
8427099ffffffff-2022-08,1
8427099ffffffff-2023-08,2
842709bffffffff-2013-08,1
842709dffffffff-2017-07,3
842709dffffffff-2017-08,5
842709dffffffff-2018-05,5
842709dffffffff-2018-07,4
842709dffffffff-2018-08,8
842709dffffffff-2018-09,3
842709dffffffff-2019-05,3
842709dffffffff-2019-07,4
842709dffffffff-2019-08,12
842709dffffffff-2019-09,6
842709dffffffff-2020-05,3
842709dffffffff-2020-08,5
842709dffffffff-2020-09,5
842709dffffffff-2021-05,7
842709dffffffff-2021-07,2
842709dffffffff-2021-08,1
842709dffffffff-2021-09,1
842709dffffffff-2022-05,9
842709dffffffff-2022-07,1
842709dffffffff-2022-08,3
842709dffffffff-2022-09,1
842709dffffffff-2023-04,1
842709dffffffff-2023-05,1
842709dffffffff-2023-07,5
842709dffffffff-2023-08,7
84270a1ffffffff-2019-04,2
84270a1ffffffff-2021-05,1
84270a1ffffffff-2022-08,6
84270a1ffffffff-2023-04,2
84270a3ffffffff-2013-04,1
84270a3ffffffff-2013-05,1
84270a3ffffffff-2014-08,2
84270a3ffffffff-2018-04,2
84270a3ffffffff-2018-05,2
84270a3ffffffff-2020-08,3
84270a3ffffffff-2021-04,1
84270a3ffffffff-2021-05,10
84270a3ffffffff-2021-08,2
84270a3ffffffff-2021-09,1
84270a3ffffffff-2022-05,1
84270a3ffffffff-2023-07,1
84270a5ffffffff-2012-04,2
84270a5ffffffff-2018-05,8
84270a5ffffffff-2019-05,4
84270a5ffffffff-2020-05,2
84270a5ffffffff-2021-04,1
84270a5ffffffff-2021-05,25
84270a5ffffffff-2021-06,4
84270a5ffffffff-2022-08,1
84270a5ffffffff-2023-05,3
84270a7ffffffff-2013-08,2
84270a7ffffffff-2016-07,2
84270a7ffffffff-2018-05,2
84270a7ffffffff-2018-08,1
84270a7ffffffff-2019-05,2
84270a7ffffffff-2019-08,3
84270a7ffffffff-2020-09,1
84270a7ffffffff-2021-05,9
84270a7ffffffff-2023-05,2
84270a7ffffffff-2023-08,1
84270a9ffffffff-2021-08,1
84270a9ffffffff-2023-05,2
84270abffffffff-2017-04,2
84270abffffffff-2017-05,1
84270abffffffff-2017-09,1
84270abffffffff-2018-05,2
84270abffffffff-2019-09,3
84270abffffffff-2021-05,1
84270abffffffff-2022-08,3
84270abffffffff-2023-05,2
84270b1ffffffff-2013-08,1
84270b1ffffffff-2015-05,1
84270b1ffffffff-2019-04,1
84270b1ffffffff-2020-04,1
84270b1ffffffff-2020-05,2
84270b1ffffffff-2021-05,5
84270b1ffffffff-2021-08,1
84270b1ffffffff-2022-04,1
84270b1ffffffff-2023-04,1
84270b1ffffffff-2023-05,1
84270b3ffffffff-2021-05,1
84270b3ffffffff-2022-05,2
84270b3ffffffff-2022-08,1
84270b3ffffffff-2023-08,1
84270b5ffffffff-2014-04,1
84270b5ffffffff-2016-07,1
84270b5ffffffff-2017-05,1
84270b5ffffffff-2017-07,1
84270b5ffffffff-2018-05,2
84270b5ffffffff-2018-08,4
84270b5ffffffff-2018-09,4
84270b5ffffffff-2019-08,2
84270b5ffffffff-2020-05,3
84270b5ffffffff-2020-07,1
84270b5ffffffff-2020-10,1
84270b5ffffffff-2021-05,6
84270b5ffffffff-2021-08,7
84270b5ffffffff-2021-09,2
84270b5ffffffff-2021-10,3
84270b5ffffffff-2022-07,1
84270b5ffffffff-2022-08,1
84270b5ffffffff-2023-04,3
84270b5ffffffff-2023-08,4
84270b7ffffffff-2014-08,2
84270b7ffffffff-2019-08,1
84270b7ffffffff-2020-08,2
84270b7ffffffff-2021-05,2
84270b7ffffffff-2021-07,1
84270b7ffffffff-2022-05,1
84270b7ffffffff-2022-08,2
84270b7ffffffff-2022-09,2
84270b7ffffffff-2023-05,2
84270b9ffffffff-2019-04,1
84270bbffffffff-2022-05,7
84270bdffffffff-2019-08,1
84270bdffffffff-2023-08,1
84270c9ffffffff-2017-07,1
84270c9ffffffff-2022-05,1
84270d1ffffffff-2014-05,3
84270d1ffffffff-2022-05,2
84270d1ffffffff-2023-05,2
84270d5ffffffff-2023-09,1
84270dbffffffff-2022-08,1
84270dbffffffff-2023-09,1
84270e1ffffffff-2012-07,2
84270e1ffffffff-2017-07,2
84270e1ffffffff-2018-08,3
84270e1ffffffff-2020-08,1
84270e1ffffffff-2020-09,1
84270e1ffffffff-2021-05,2
84270e1ffffffff-2021-06,1
84270e1ffffffff-2021-07,2
84270e1ffffffff-2021-08,2
84270e1ffffffff-2022-05,2
84270e1ffffffff-2022-07,5
84270e1ffffffff-2023-05,3
84270e1ffffffff-2023-06,3
84270e3ffffffff-2013-05,6
84270e3ffffffff-2014-05,1
84270e3ffffffff-2014-08,1
84270e3ffffffff-2015-05,2
84270e3ffffffff-2015-06,1
84270e3ffffffff-2015-09,1
84270e3ffffffff-2016-05,1
84270e3ffffffff-2017-07,6
84270e3ffffffff-2018-07,1
84270e3ffffffff-2021-07,8
84270e3ffffffff-2021-08,2
84270e3ffffffff-2022-05,3
84270e3ffffffff-2022-07,3
84270e3ffffffff-2022-09,8
84270e3ffffffff-2023-08,1
84270e5ffffffff-2012-10,1
84270e5ffffffff-2013-05,1
84270e5ffffffff-2014-08,12
84270e5ffffffff-2015-09,1
84270e5ffffffff-2017-08,2
84270e5ffffffff-2018-05,4
84270e5ffffffff-2019-08,14
84270e5ffffffff-2019-09,6
84270e5ffffffff-2021-04,1
84270e5ffffffff-2021-08,3
84270e5ffffffff-2022-07,6
84270e5ffffffff-2022-08,1
84270e5ffffffff-2022-09,16
84270e5ffffffff-2023-05,6
84270e7ffffffff-2014-08,2
84270e7ffffffff-2018-08,2
84270e7ffffffff-2019-08,3
84270e7ffffffff-2020-09,2
84270e7ffffffff-2021-07,1
84270e7ffffffff-2021-09,1
84270e7ffffffff-2022-09,5
84270e7ffffffff-2023-05,3
84270ebffffffff-2017-08,1
84270ebffffffff-2021-08,1
8427103ffffffff-2015-05,1
8427103ffffffff-2017-05,3
8427103ffffffff-2017-09,1
8427103ffffffff-2018-05,1
8427103ffffffff-2020-09,3
8427103ffffffff-2021-10,2
8427103ffffffff-2022-06,2
8427103ffffffff-2022-08,2
8427103ffffffff-2023-07,1
8427103ffffffff-2023-08,2
8427105ffffffff-2022-07,1
8427105ffffffff-2022-09,1
8427107ffffffff-2019-06,1
8427107ffffffff-2021-05,1
8427107ffffffff-2023-08,1
8427109ffffffff-2012-08,1
8427109ffffffff-2015-05,1
8427109ffffffff-2016-06,1
8427109ffffffff-2016-08,1
8427109ffffffff-2016-09,1
8427109ffffffff-2018-09,1
8427109ffffffff-2019-10,1
8427109ffffffff-2022-08,2
842710bffffffff-2018-07,2
842710bffffffff-2023-07,1
8427111ffffffff-2015-05,1
8427113ffffffff-2021-04,1
8427113ffffffff-2022-05,2
8427113ffffffff-2022-08,2
8427115ffffffff-2018-05,1
8427115ffffffff-2019-05,3
8427115ffffffff-2020-08,1
8427115ffffffff-2021-04,2
8427115ffffffff-2021-05,1
8427115ffffffff-2022-08,1
8427115ffffffff-2022-10,2
8427115ffffffff-2023-05,5
8427115ffffffff-2023-07,5
8427115ffffffff-2023-08,2
8427115ffffffff-2023-10,1
8427117ffffffff-2018-07,1
8427117ffffffff-2019-05,2
8427117ffffffff-2020-08,5
8427117ffffffff-2021-05,1
8427117ffffffff-2021-08,1
8427117ffffffff-2022-07,2
8427117ffffffff-2022-09,4
8427119ffffffff-2015-08,1
8427119ffffffff-2017-05,1
8427119ffffffff-2018-05,1
8427119ffffffff-2018-07,1
8427119ffffffff-2018-10,3
8427119ffffffff-2019-05,1
8427119ffffffff-2022-08,1
842711bffffffff-2012-04,1
842711bffffffff-2012-08,1
842711bffffffff-2013-05,1
842711bffffffff-2013-08,2
842711bffffffff-2013-09,1
842711bffffffff-2014-05,24
842711bffffffff-2014-08,2
842711bffffffff-2015-05,8
842711bffffffff-2015-07,2
842711bffffffff-2015-08,2
842711bffffffff-2015-09,8
842711bffffffff-2015-10,1
842711bffffffff-2016-05,8
842711bffffffff-2016-06,1
842711bffffffff-2016-07,9
842711bffffffff-2016-08,27
842711bffffffff-2016-09,19
842711bffffffff-2016-10,3
842711bffffffff-2016-11,1
842711bffffffff-2017-04,3
842711bffffffff-2017-05,11
842711bffffffff-2017-07,4
842711bffffffff-2017-08,8
842711bffffffff-2017-09,18
842711bffffffff-2017-10,7
842711bffffffff-2018-04,1
842711bffffffff-2018-05,18
842711bffffffff-2018-06,2
842711bffffffff-2018-07,2
842711bffffffff-2018-08,32
842711bffffffff-2018-09,13
842711bffffffff-2018-10,5
842711bffffffff-2019-05,11
842711bffffffff-2019-06,3
842711bffffffff-2019-07,5
842711bffffffff-2019-08,51
842711bffffffff-2019-09,19
842711bffffffff-2019-10,2
842711bffffffff-2020-05,27
842711bffffffff-2020-07,8
842711bffffffff-2020-08,23
842711bffffffff-2020-09,60
842711bffffffff-2020-10,21
842711bffffffff-2021-04,2
842711bffffffff-2021-05,120
842711bffffffff-2021-06,3
842711bffffffff-2021-08,48
842711bffffffff-2021-09,20
842711bffffffff-2021-10,5
842711bffffffff-2022-05,9
842711bffffffff-2022-07,5
842711bffffffff-2022-08,13
842711bffffffff-2022-09,28
842711bffffffff-2022-10,27
842711bffffffff-2022-11,1
842711bffffffff-2023-05,32
842711bffffffff-2023-06,1
842711bffffffff-2023-07,57
842711bffffffff-2023-08,23
842711bffffffff-2023-09,17
842711bffffffff-2023-10,19
842711dffffffff-2018-05,1
842711dffffffff-2021-05,1
842711dffffffff-2023-11,1
8427121ffffffff-2015-05,1
8427121ffffffff-2016-07,1
8427121ffffffff-2017-05,1
8427121ffffffff-2017-07,1
8427121ffffffff-2018-05,2
8427121ffffffff-2018-07,2
8427121ffffffff-2018-08,3
8427121ffffffff-2019-05,2
8427121ffffffff-2019-07,1
8427121ffffffff-2021-05,1
8427121ffffffff-2022-05,1
8427121ffffffff-2022-07,2
8427121ffffffff-2022-09,1
8427121ffffffff-2023-05,1
8427121ffffffff-2023-07,1
8427123ffffffff-2018-07,1
8427123ffffffff-2019-05,1
8427123ffffffff-2023-08,1
8427125ffffffff-2016-07,1
8427125ffffffff-2017-05,2
8427125ffffffff-2017-06,1
8427125ffffffff-2017-07,3
8427125ffffffff-2017-08,4
8427125ffffffff-2017-09,1
8427125ffffffff-2018-05,3
8427125ffffffff-2018-06,2
8427125ffffffff-2018-07,10
8427125ffffffff-2018-08,12
8427125ffffffff-2018-09,3
8427125ffffffff-2019-04,2
8427125ffffffff-2019-05,10
8427125ffffffff-2019-07,4
8427125ffffffff-2019-08,4
8427125ffffffff-2020-04,1
8427125ffffffff-2020-05,2
8427125ffffffff-2020-07,7
8427125ffffffff-2020-08,12
8427125ffffffff-2020-09,5
8427125ffffffff-2020-10,1
8427125ffffffff-2021-04,7
8427125ffffffff-2021-05,11
8427125ffffffff-2021-06,1
8427125ffffffff-2021-07,5
8427125ffffffff-2021-08,4
8427125ffffffff-2021-09,3
8427125ffffffff-2022-04,2
8427125ffffffff-2022-05,2
8427125ffffffff-2022-07,4
8427125ffffffff-2022-08,3
8427125ffffffff-2022-09,4
8427125ffffffff-2022-10,2
8427125ffffffff-2023-05,2
8427125ffffffff-2023-06,2
8427125ffffffff-2023-07,24
8427125ffffffff-2023-08,18
8427125ffffffff-2023-09,6
8427125ffffffff-2023-10,1
8427127ffffffff-2017-07,3
8427127ffffffff-2018-09,1
8427127ffffffff-2019-05,1
8427127ffffffff-2019-07,1
8427127ffffffff-2020-04,1
8427127ffffffff-2020-07,1
8427127ffffffff-2021-06,1
8427127ffffffff-2021-07,1
8427127ffffffff-2022-08,1
8427127ffffffff-2022-09,2
8427127ffffffff-2023-05,1
8427127ffffffff-2023-09,1
8427129ffffffff-2018-07,1
8427129ffffffff-2023-06,2
842712bffffffff-2018-06,2
842712bffffffff-2022-08,2
842712dffffffff-2014-10,1
842712dffffffff-2016-08,1
842712dffffffff-2017-06,1
842712dffffffff-2017-07,1
842712dffffffff-2017-08,1
842712dffffffff-2018-07,2
842712dffffffff-2018-08,1
842712dffffffff-2018-09,1
842712dffffffff-2019-05,1
842712dffffffff-2021-04,1
842712dffffffff-2021-05,1
842712dffffffff-2021-08,1
842712dffffffff-2022-08,1
842712dffffffff-2023-08,1
8427131ffffffff-2014-05,2
8427131ffffffff-2014-07,2
8427131ffffffff-2015-05,4
8427131ffffffff-2015-09,6
8427131ffffffff-2016-06,2
8427131ffffffff-2016-07,2
8427131ffffffff-2016-09,1
8427131ffffffff-2017-05,1
8427131ffffffff-2017-07,3
8427131ffffffff-2017-08,7
8427131ffffffff-2017-09,4
8427131ffffffff-2018-07,4
8427131ffffffff-2018-08,12
8427131ffffffff-2018-09,8
8427131ffffffff-2018-10,8
8427131ffffffff-2019-05,12
8427131ffffffff-2019-06,6
8427131ffffffff-2019-07,24
8427131ffffffff-2019-08,16
8427131ffffffff-2019-09,2
8427131ffffffff-2019-10,9
8427131ffffffff-2020-05,3
8427131ffffffff-2020-07,9
8427131ffffffff-2020-08,5
8427131ffffffff-2020-09,4
8427131ffffffff-2021-05,12
8427131ffffffff-2021-06,1
8427131ffffffff-2021-07,18
8427131ffffffff-2021-08,40
8427131ffffffff-2021-09,38
8427131ffffffff-2021-10,7
8427131ffffffff-2022-05,2
8427131ffffffff-2022-07,10
8427131ffffffff-2022-08,20
8427131ffffffff-2022-09,7
8427131ffffffff-2022-10,2
8427131ffffffff-2023-04,1
8427131ffffffff-2023-06,5
8427131ffffffff-2023-07,19
8427131ffffffff-2023-08,12
8427131ffffffff-2023-09,22
8427131ffffffff-2023-10,3
8427133ffffffff-2012-06,1
8427133ffffffff-2012-07,5
8427133ffffffff-2013-05,1
8427133ffffffff-2013-06,1
8427133ffffffff-2013-08,1
8427133ffffffff-2013-09,2
8427133ffffffff-2014-05,1
8427133ffffffff-2014-06,1
8427133ffffffff-2014-07,5
8427133ffffffff-2014-08,7
8427133ffffffff-2014-09,1
8427133ffffffff-2015-05,7
8427133ffffffff-2015-07,9
8427133ffffffff-2015-08,75
8427133ffffffff-2015-09,26
8427133ffffffff-2015-10,4
8427133ffffffff-2016-04,6
8427133ffffffff-2016-05,30
8427133ffffffff-2016-06,3
8427133ffffffff-2016-07,10
8427133ffffffff-2016-08,17
8427133ffffffff-2016-09,6
8427133ffffffff-2017-04,5
8427133ffffffff-2017-05,11
8427133ffffffff-2017-06,5
8427133ffffffff-2017-07,28
8427133ffffffff-2017-08,16
8427133ffffffff-2017-09,2
8427133ffffffff-2017-10,2
8427133ffffffff-2018-04,4
8427133ffffffff-2018-05,23
8427133ffffffff-2018-07,23
8427133ffffffff-2018-08,18
8427133ffffffff-2018-09,2
8427133ffffffff-2018-10,2
8427133ffffffff-2019-05,1
8427133ffffffff-2019-06,10
8427133ffffffff-2019-07,19
8427133ffffffff-2019-08,58
8427133ffffffff-2019-09,9
8427133ffffffff-2019-10,3
8427133ffffffff-2020-05,9
8427133ffffffff-2020-06,4
8427133ffffffff-2020-07,20
8427133ffffffff-2020-08,43
8427133ffffffff-2020-09,14
8427133ffffffff-2020-10,3
8427133ffffffff-2021-04,4
8427133ffffffff-2021-05,33
8427133ffffffff-2021-06,5
8427133ffffffff-2021-07,12
8427133ffffffff-2021-08,28
8427133ffffffff-2021-09,1
8427133ffffffff-2022-05,10
8427133ffffffff-2022-06,1
8427133ffffffff-2022-07,20
8427133ffffffff-2022-08,23
8427133ffffffff-2022-09,10
8427133ffffffff-2022-10,1
8427133ffffffff-2023-04,2
8427133ffffffff-2023-05,24
8427133ffffffff-2023-06,1
8427133ffffffff-2023-07,29
8427133ffffffff-2023-08,42
8427133ffffffff-2023-09,9
8427133ffffffff-2023-10,1
8427135ffffffff-2017-08,3
8427135ffffffff-2019-07,1
8427135ffffffff-2022-08,3
8427137ffffffff-2015-07,2
8427137ffffffff-2015-08,9
8427137ffffffff-2018-05,1
8427137ffffffff-2018-07,4
8427137ffffffff-2018-08,1
8427137ffffffff-2018-09,2
8427137ffffffff-2019-07,1
8427137ffffffff-2020-08,4
8427137ffffffff-2021-06,1
8427137ffffffff-2022-05,4
8427137ffffffff-2022-06,1
8427137ffffffff-2022-07,15
8427137ffffffff-2023-06,4
8427137ffffffff-2023-07,2
8427137ffffffff-2023-08,4
8427139ffffffff-2013-07,2
8427139ffffffff-2017-09,1
8427139ffffffff-2018-07,1
8427139ffffffff-2020-07,1
8427139ffffffff-2021-05,16
8427139ffffffff-2021-06,2
8427139ffffffff-2021-07,11
8427139ffffffff-2021-08,7
8427139ffffffff-2021-09,2
8427139ffffffff-2021-10,2
8427139ffffffff-2022-05,5
8427139ffffffff-2022-06,1
8427139ffffffff-2022-07,33
8427139ffffffff-2022-08,28
8427139ffffffff-2022-09,16
8427139ffffffff-2022-10,9
8427139ffffffff-2023-04,2
8427139ffffffff-2023-05,35
8427139ffffffff-2023-06,3
8427139ffffffff-2023-07,19
8427139ffffffff-2023-08,9
8427139ffffffff-2023-09,5
8427139ffffffff-2023-10,5
842713bffffffff-2013-05,1
842713bffffffff-2014-04,5
842713bffffffff-2014-05,1
842713bffffffff-2014-07,2
842713bffffffff-2014-08,7
842713bffffffff-2014-09,8
842713bffffffff-2014-10,1
842713bffffffff-2015-04,2
842713bffffffff-2015-05,8
842713bffffffff-2015-07,2
842713bffffffff-2015-08,3
842713bffffffff-2015-09,1
842713bffffffff-2015-10,1
842713bffffffff-2015-11,2
842713bffffffff-2016-04,3
842713bffffffff-2016-05,10
842713bffffffff-2016-07,1
842713bffffffff-2016-10,2
842713bffffffff-2017-05,3
842713bffffffff-2017-07,3
842713bffffffff-2017-08,5
842713bffffffff-2018-04,3
842713bffffffff-2018-05,13
842713bffffffff-2018-06,4
842713bffffffff-2018-07,3
842713bffffffff-2018-08,10
842713bffffffff-2018-09,2
842713bffffffff-2018-10,1
842713bffffffff-2019-05,4
842713bffffffff-2019-08,2
842713bffffffff-2020-05,5
842713bffffffff-2020-07,17
842713bffffffff-2020-08,23
842713bffffffff-2020-09,4
842713bffffffff-2021-05,10
842713bffffffff-2021-08,2
842713bffffffff-2021-09,3
842713bffffffff-2022-04,1
842713bffffffff-2022-05,2
842713bffffffff-2022-07,6
842713bffffffff-2022-08,3
842713bffffffff-2022-09,2
842713bffffffff-2022-10,2
842713bffffffff-2023-04,2
842713bffffffff-2023-05,6
842713bffffffff-2023-06,1
842713bffffffff-2023-07,14
842713bffffffff-2023-08,18
842713bffffffff-2023-09,8
842713bffffffff-2023-10,2
842713dffffffff-2015-09,2
842713dffffffff-2018-05,1
842713dffffffff-2019-07,1
842713dffffffff-2019-09,4
8427141ffffffff-2014-06,1
8427141ffffffff-2016-05,2
8427141ffffffff-2017-05,2
8427141ffffffff-2019-05,1
8427143ffffffff-2016-05,5
8427143ffffffff-2017-05,1
8427143ffffffff-2019-05,1
8427143ffffffff-2020-04,1
8427143ffffffff-2020-05,3
8427143ffffffff-2020-09,1
8427143ffffffff-2021-05,9
8427147ffffffff-2014-07,1
8427151ffffffff-2018-08,2
8427151ffffffff-2020-08,2
8427151ffffffff-2021-09,1
8427151ffffffff-2023-06,2
8427153ffffffff-2012-08,1
8427153ffffffff-2017-07,2
8427153ffffffff-2018-05,1
8427153ffffffff-2019-08,1
8427155ffffffff-2012-08,2
8427155ffffffff-2016-07,1
8427155ffffffff-2017-08,1
8427155ffffffff-2018-08,1
8427159ffffffff-2012-10,2
8427159ffffffff-2014-09,1
842715bffffffff-2018-08,1
842715bffffffff-2021-05,1
8427161ffffffff-2018-06,1
8427161ffffffff-2021-05,2
8427161ffffffff-2021-07,1
8427161ffffffff-2023-08,1
8427163ffffffff-2021-08,2
8427165ffffffff-2012-08,1
8427165ffffffff-2013-05,1
8427165ffffffff-2014-08,2
8427165ffffffff-2023-07,1
8427167ffffffff-2019-08,3
8427167ffffffff-2021-08,1
8427167ffffffff-2023-05,1
842716dffffffff-2019-05,1
842716dffffffff-2021-05,14
8427181ffffffff-2018-05,1
8427181ffffffff-2019-07,1
8427181ffffffff-2020-08,1
8427181ffffffff-2023-09,2
8427183ffffffff-2012-05,1
8427183ffffffff-2012-07,1
8427183ffffffff-2012-08,4
8427183ffffffff-2013-05,1
8427183ffffffff-2013-08,8
8427183ffffffff-2013-09,18
8427183ffffffff-2013-10,1
8427183ffffffff-2014-07,1
8427183ffffffff-2014-08,1
8427183ffffffff-2014-09,5
8427183ffffffff-2014-10,4
8427183ffffffff-2015-04,31
8427183ffffffff-2015-05,16
8427183ffffffff-2015-07,6
8427183ffffffff-2015-08,15
8427183ffffffff-2015-09,22
8427183ffffffff-2015-10,3
8427183ffffffff-2016-04,8
8427183ffffffff-2016-05,24
8427183ffffffff-2016-06,1
8427183ffffffff-2016-07,2
8427183ffffffff-2016-08,17
8427183ffffffff-2016-09,1
8427183ffffffff-2016-10,6
8427183ffffffff-2017-04,23
8427183ffffffff-2017-05,17
8427183ffffffff-2017-06,1
8427183ffffffff-2017-07,15
8427183ffffffff-2017-08,1
8427183ffffffff-2017-09,10
8427183ffffffff-2017-10,2
8427183ffffffff-2018-04,3
8427183ffffffff-2018-05,19
8427183ffffffff-2018-06,5
8427183ffffffff-2018-07,13
8427183ffffffff-2018-08,6
8427183ffffffff-2018-09,3
8427183ffffffff-2019-04,12
8427183ffffffff-2019-05,17
8427183ffffffff-2019-06,7
8427183ffffffff-2019-07,11
8427183ffffffff-2019-08,14
8427183ffffffff-2019-09,8
8427183ffffffff-2020-04,7
8427183ffffffff-2020-05,15
8427183ffffffff-2020-07,5
8427183ffffffff-2020-08,16
8427183ffffffff-2020-09,16
8427183ffffffff-2020-10,15
8427183ffffffff-2021-03,6
8427183ffffffff-2021-04,61
8427183ffffffff-2021-05,46
8427183ffffffff-2021-06,6
8427183ffffffff-2021-07,17
8427183ffffffff-2021-08,20
8427183ffffffff-2021-09,15
8427183ffffffff-2021-10,2
8427183ffffffff-2022-04,1
8427183ffffffff-2022-05,15
8427183ffffffff-2022-06,4
8427183ffffffff-2022-07,8
8427183ffffffff-2022-08,50
8427183ffffffff-2022-09,24
8427183ffffffff-2022-10,11
8427183ffffffff-2023-04,1
8427183ffffffff-2023-05,21
8427183ffffffff-2023-06,4
8427183ffffffff-2023-07,20
8427183ffffffff-2023-08,35
8427183ffffffff-2023-09,7
8427183ffffffff-2023-10,9
8427185ffffffff-2014-10,1
8427185ffffffff-2018-08,1
8427185ffffffff-2020-08,1
8427185ffffffff-2021-05,4
8427185ffffffff-2021-08,1
8427185ffffffff-2022-08,5
8427185ffffffff-2023-10,1
8427187ffffffff-2012-08,1
8427187ffffffff-2013-08,4
8427187ffffffff-2013-09,1
8427187ffffffff-2014-09,1
8427187ffffffff-2015-04,7
8427187ffffffff-2015-05,8
8427187ffffffff-2015-06,1
8427187ffffffff-2015-07,1
8427187ffffffff-2015-08,1
8427187ffffffff-2015-10,1
8427187ffffffff-2016-08,1
8427187ffffffff-2016-09,1
8427187ffffffff-2017-04,1
8427187ffffffff-2017-07,1
8427187ffffffff-2017-08,1
8427187ffffffff-2017-09,2
8427187ffffffff-2019-05,2
8427187ffffffff-2020-05,5
8427187ffffffff-2020-07,1
8427187ffffffff-2020-08,1
8427187ffffffff-2020-10,2
8427187ffffffff-2021-04,4
8427187ffffffff-2021-05,8
8427187ffffffff-2021-06,4
8427187ffffffff-2021-08,1
8427187ffffffff-2022-07,1
8427187ffffffff-2022-08,6
8427187ffffffff-2022-09,2
8427187ffffffff-2023-04,2
8427187ffffffff-2023-05,3
8427187ffffffff-2023-08,4
8427187ffffffff-2023-09,37
8427189ffffffff-2018-06,1
842718bffffffff-2013-04,1
842718bffffffff-2013-05,1
842718bffffffff-2016-07,1
842718bffffffff-2018-08,1
842718bffffffff-2019-06,1
842718bffffffff-2019-07,2
842718bffffffff-2020-08,7
842718bffffffff-2021-04,2
842718bffffffff-2021-05,2
842718bffffffff-2021-09,2
842718bffffffff-2022-07,2
842718bffffffff-2022-08,1
842718bffffffff-2022-09,2
842718bffffffff-2023-07,3
842718bffffffff-2023-08,1
842718dffffffff-2016-09,1
842718dffffffff-2020-05,2
842718dffffffff-2020-08,5
842718dffffffff-2021-05,4
842718dffffffff-2021-08,1
842718dffffffff-2022-07,1
842718dffffffff-2022-09,1
8427191ffffffff-2013-05,1
8427191ffffffff-2013-07,1
8427191ffffffff-2014-05,1
8427191ffffffff-2014-08,1
8427191ffffffff-2016-04,1
8427191ffffffff-2016-05,2
8427191ffffffff-2017-08,3
8427191ffffffff-2018-05,1
8427191ffffffff-2018-09,7
8427191ffffffff-2019-05,3
8427191ffffffff-2021-08,1
8427191ffffffff-2021-09,4
8427191ffffffff-2022-04,14
8427191ffffffff-2022-05,3
8427191ffffffff-2022-08,2
8427191ffffffff-2023-05,2
8427193ffffffff-2014-05,1
8427193ffffffff-2014-09,1
8427193ffffffff-2016-05,4
8427193ffffffff-2016-09,1
8427193ffffffff-2017-04,2
8427193ffffffff-2017-05,6
8427193ffffffff-2017-06,2
8427193ffffffff-2017-07,2
8427193ffffffff-2017-08,2
8427193ffffffff-2018-05,2
8427193ffffffff-2018-08,5
8427193ffffffff-2018-09,2
8427193ffffffff-2019-05,2
8427193ffffffff-2019-08,2
8427193ffffffff-2020-09,2
8427193ffffffff-2021-05,2
8427193ffffffff-2021-09,4
8427193ffffffff-2022-04,25
8427193ffffffff-2022-05,10
8427193ffffffff-2023-05,2
8427193ffffffff-2023-08,2
8427195ffffffff-2012-04,1
8427195ffffffff-2012-07,1
8427195ffffffff-2017-05,1
8427195ffffffff-2019-04,1
8427195ffffffff-2019-05,1
8427195ffffffff-2020-04,1
8427195ffffffff-2020-05,1
8427195ffffffff-2020-07,2
8427195ffffffff-2021-04,7
8427195ffffffff-2021-05,5
8427195ffffffff-2021-06,1
8427195ffffffff-2021-09,5
8427195ffffffff-2021-10,1
8427195ffffffff-2022-04,2
8427195ffffffff-2022-05,10
8427195ffffffff-2022-06,1
8427195ffffffff-2022-07,5
8427195ffffffff-2022-08,3
8427195ffffffff-2023-05,3
8427195ffffffff-2023-08,2
8427197ffffffff-2016-05,1
8427197ffffffff-2017-08,3
8427197ffffffff-2018-07,4
8427197ffffffff-2018-08,1
8427197ffffffff-2019-05,3
8427197ffffffff-2019-07,5
8427197ffffffff-2019-08,2
8427197ffffffff-2020-09,2
8427197ffffffff-2021-05,3
8427197ffffffff-2022-04,3
8427197ffffffff-2022-05,3
8427197ffffffff-2022-07,8
8427197ffffffff-2023-08,2
8427199ffffffff-2013-08,2
8427199ffffffff-2014-08,4
8427199ffffffff-2016-05,4
8427199ffffffff-2016-08,2
8427199ffffffff-2016-09,7
8427199ffffffff-2017-05,3
8427199ffffffff-2018-05,3
8427199ffffffff-2018-08,7
8427199ffffffff-2019-07,5
8427199ffffffff-2020-07,2
8427199ffffffff-2020-09,19
8427199ffffffff-2021-04,1
8427199ffffffff-2021-05,9
8427199ffffffff-2021-07,4
8427199ffffffff-2021-08,10
8427199ffffffff-2021-09,24
8427199ffffffff-2022-05,1
8427199ffffffff-2022-09,4
8427199ffffffff-2023-05,2
8427199ffffffff-2023-06,1
8427199ffffffff-2023-08,1
8427199ffffffff-2023-09,14
842719bffffffff-2014-09,1
842719bffffffff-2016-05,1
842719bffffffff-2016-08,1
842719bffffffff-2016-09,1
842719bffffffff-2017-05,6
842719bffffffff-2018-05,3
842719bffffffff-2018-09,4
842719bffffffff-2019-04,2
842719bffffffff-2019-07,3
842719bffffffff-2019-08,4
842719bffffffff-2020-09,1
842719bffffffff-2021-05,9
842719bffffffff-2021-07,1
842719bffffffff-2021-09,4
842719bffffffff-2022-04,1
842719bffffffff-2022-05,2
842719bffffffff-2022-08,2
842719bffffffff-2023-08,2
842719bffffffff-2023-09,3
842719dffffffff-2012-04,2
842719dffffffff-2012-05,6
842719dffffffff-2012-06,2
842719dffffffff-2012-07,2
842719dffffffff-2013-05,6
842719dffffffff-2013-08,7
842719dffffffff-2013-09,10
842719dffffffff-2013-10,7
842719dffffffff-2014-07,1
842719dffffffff-2014-08,2
842719dffffffff-2014-09,4
842719dffffffff-2014-10,3
842719dffffffff-2015-04,15
842719dffffffff-2015-05,5
842719dffffffff-2015-07,3
842719dffffffff-2015-08,8
842719dffffffff-2015-09,4
842719dffffffff-2016-04,3
842719dffffffff-2016-05,25
842719dffffffff-2016-07,3
842719dffffffff-2016-08,3
842719dffffffff-2016-09,4
842719dffffffff-2017-03,4
842719dffffffff-2017-04,5
842719dffffffff-2017-05,4
842719dffffffff-2017-06,3
842719dffffffff-2017-07,28
842719dffffffff-2017-08,9
842719dffffffff-2017-09,15
842719dffffffff-2017-10,3
842719dffffffff-2018-04,1
842719dffffffff-2018-05,4
842719dffffffff-2018-06,2
842719dffffffff-2018-07,3
842719dffffffff-2019-04,2
842719dffffffff-2019-05,4
842719dffffffff-2019-06,1
842719dffffffff-2019-08,2
842719dffffffff-2019-09,1
842719dffffffff-2019-10,2
842719dffffffff-2020-05,3
842719dffffffff-2020-06,2
842719dffffffff-2020-07,4
842719dffffffff-2020-08,3
842719dffffffff-2020-09,6
842719dffffffff-2020-10,11
842719dffffffff-2021-04,20
842719dffffffff-2021-05,51
842719dffffffff-2021-06,1
842719dffffffff-2021-07,16
842719dffffffff-2021-08,44
842719dffffffff-2021-09,38
842719dffffffff-2021-10,8
842719dffffffff-2022-05,33
842719dffffffff-2022-06,8
842719dffffffff-2022-07,20
842719dffffffff-2022-08,36
842719dffffffff-2022-09,37
842719dffffffff-2022-10,19
842719dffffffff-2023-04,2
842719dffffffff-2023-05,32
842719dffffffff-2023-06,2
842719dffffffff-2023-07,22
842719dffffffff-2023-08,27
842719dffffffff-2023-09,14
842719dffffffff-2023-10,7
84271a1ffffffff-2018-08,1
84271a1ffffffff-2019-06,2
84271a1ffffffff-2019-07,2
84271a1ffffffff-2019-08,1
84271a1ffffffff-2020-05,4
84271a1ffffffff-2020-07,4
84271a1ffffffff-2021-05,14
84271a1ffffffff-2021-07,10
84271a1ffffffff-2021-08,2
84271a1ffffffff-2021-09,7
84271a1ffffffff-2023-07,2
84271a3ffffffff-2013-05,1
84271a3ffffffff-2013-09,1
84271a3ffffffff-2015-04,1
84271a3ffffffff-2016-05,10
84271a3ffffffff-2018-07,2
84271a3ffffffff-2019-07,1
84271a3ffffffff-2020-05,3
84271a3ffffffff-2020-08,2
84271a3ffffffff-2020-10,1
84271a3ffffffff-2021-05,4
84271a3ffffffff-2021-06,3
84271a3ffffffff-2021-07,1
84271a3ffffffff-2021-08,1
84271a3ffffffff-2022-05,2
84271a3ffffffff-2022-07,2
84271a3ffffffff-2022-08,2
84271a5ffffffff-2014-09,1
84271a5ffffffff-2017-09,2
84271a5ffffffff-2018-07,1
84271a5ffffffff-2018-09,1
84271a5ffffffff-2019-09,4
84271a5ffffffff-2020-07,4
84271a5ffffffff-2020-08,8
84271a5ffffffff-2020-09,1
84271a5ffffffff-2021-05,3
84271a5ffffffff-2022-09,1
84271a5ffffffff-2022-10,2
84271a5ffffffff-2023-05,3
84271a5ffffffff-2023-08,1
84271a7ffffffff-2013-05,1
84271a7ffffffff-2014-05,1
84271a7ffffffff-2015-05,1
84271a7ffffffff-2016-04,1
84271a7ffffffff-2018-04,2
84271a7ffffffff-2019-05,2
84271a7ffffffff-2020-07,5
84271a7ffffffff-2021-06,1
84271a7ffffffff-2021-07,1
84271a7ffffffff-2022-05,13
84271a7ffffffff-2022-07,1
84271a7ffffffff-2023-07,2
84271a7ffffffff-2023-08,1
84271a7ffffffff-2023-09,1
84271a9ffffffff-2012-08,1
84271a9ffffffff-2013-08,2
84271a9ffffffff-2014-09,12
84271a9ffffffff-2015-08,1
84271a9ffffffff-2016-09,3
84271a9ffffffff-2017-07,1
84271a9ffffffff-2017-08,1
84271a9ffffffff-2018-05,2
84271a9ffffffff-2018-07,1
84271a9ffffffff-2018-08,5
84271a9ffffffff-2019-07,4
84271a9ffffffff-2019-08,5
84271a9ffffffff-2020-06,2
84271a9ffffffff-2020-07,6
84271a9ffffffff-2020-08,2
84271a9ffffffff-2021-05,3
84271a9ffffffff-2021-07,5
84271a9ffffffff-2021-09,4
84271a9ffffffff-2021-10,1
84271a9ffffffff-2022-07,4
84271a9ffffffff-2022-08,26
84271a9ffffffff-2022-09,3
84271a9ffffffff-2022-10,1
84271a9ffffffff-2023-05,1
84271a9ffffffff-2023-07,3
84271a9ffffffff-2023-08,4
84271a9ffffffff-2023-09,7
84271a9ffffffff-2023-10,1
84271abffffffff-2012-08,1
84271abffffffff-2013-08,4
84271abffffffff-2013-09,1
84271abffffffff-2014-05,1
84271abffffffff-2014-09,8
84271abffffffff-2015-04,1
84271abffffffff-2015-05,6
84271abffffffff-2016-05,5
84271abffffffff-2016-08,1
84271abffffffff-2016-09,2
84271abffffffff-2017-04,1
84271abffffffff-2017-06,3
84271abffffffff-2017-08,1
84271abffffffff-2018-05,1
84271abffffffff-2018-07,2
84271abffffffff-2018-08,3
84271abffffffff-2018-09,1
84271abffffffff-2019-06,1
84271abffffffff-2019-07,5
84271abffffffff-2019-08,15
84271abffffffff-2020-07,1
84271abffffffff-2020-10,2
84271abffffffff-2021-05,3
84271abffffffff-2021-08,1
84271abffffffff-2021-09,1
84271abffffffff-2022-08,14
84271abffffffff-2022-09,2
84271abffffffff-2022-10,2
84271abffffffff-2023-07,1
84271abffffffff-2023-08,2
84271abffffffff-2023-09,4
84271adffffffff-2012-08,1
84271adffffffff-2014-09,1
84271adffffffff-2016-08,2
84271adffffffff-2016-09,1
84271adffffffff-2017-06,2
84271adffffffff-2017-08,2
84271adffffffff-2017-09,1
84271adffffffff-2018-08,1
84271adffffffff-2019-07,1
84271adffffffff-2019-08,3
84271adffffffff-2020-08,3
84271adffffffff-2021-05,3
84271adffffffff-2021-07,1
84271adffffffff-2021-08,2
84271adffffffff-2021-09,2
84271adffffffff-2022-05,1
84271adffffffff-2022-08,1
84271adffffffff-2022-09,2
84271adffffffff-2023-04,1
84271adffffffff-2023-06,3
84271adffffffff-2023-07,1
84271adffffffff-2023-08,4
84271adffffffff-2023-09,3
84271b1ffffffff-2016-04,1
84271b1ffffffff-2016-07,1
84271b1ffffffff-2016-09,1
84271b1ffffffff-2016-10,3
84271b1ffffffff-2017-04,1
84271b1ffffffff-2017-08,1
84271b1ffffffff-2019-07,1
84271b1ffffffff-2019-08,3
84271b1ffffffff-2020-05,2
84271b1ffffffff-2021-05,3
84271b1ffffffff-2021-08,3
84271b1ffffffff-2022-05,1
84271b1ffffffff-2022-10,1
84271b1ffffffff-2023-05,5
84271b1ffffffff-2023-06,3
84271b3ffffffff-2013-04,3
84271b3ffffffff-2013-05,2
84271b3ffffffff-2013-07,5
84271b3ffffffff-2013-08,2
84271b3ffffffff-2015-05,6
84271b3ffffffff-2015-07,1
84271b3ffffffff-2016-07,5
84271b3ffffffff-2016-08,2
84271b3ffffffff-2017-04,2
84271b3ffffffff-2017-05,8
84271b3ffffffff-2017-07,8
84271b3ffffffff-2017-08,9
84271b3ffffffff-2018-05,2
84271b3ffffffff-2018-07,13
84271b3ffffffff-2018-08,4
84271b3ffffffff-2018-09,1
84271b3ffffffff-2019-04,1
84271b3ffffffff-2019-05,8
84271b3ffffffff-2019-07,1
84271b3ffffffff-2019-08,3
84271b3ffffffff-2020-04,1
84271b3ffffffff-2020-05,2
84271b3ffffffff-2020-08,1
84271b3ffffffff-2021-04,1
84271b3ffffffff-2021-05,2
84271b3ffffffff-2021-07,2
84271b3ffffffff-2021-08,12
84271b3ffffffff-2021-09,3
84271b3ffffffff-2022-04,3
84271b3ffffffff-2022-05,4
84271b3ffffffff-2022-07,1
84271b3ffffffff-2022-08,1
84271b3ffffffff-2023-04,4
84271b3ffffffff-2023-05,7
84271b3ffffffff-2023-06,1
84271b3ffffffff-2023-08,3
84271b3ffffffff-2023-10,2
84271b5ffffffff-2012-05,2
84271b5ffffffff-2012-07,1
84271b5ffffffff-2012-09,3
84271b5ffffffff-2012-10,2
84271b5ffffffff-2013-04,1
84271b5ffffffff-2013-05,1
84271b5ffffffff-2013-06,1
84271b5ffffffff-2013-07,4
84271b5ffffffff-2013-08,4
84271b5ffffffff-2014-07,1
84271b5ffffffff-2014-08,1
84271b5ffffffff-2015-04,1
84271b5ffffffff-2015-05,1
84271b5ffffffff-2015-07,1
84271b5ffffffff-2015-08,2
84271b5ffffffff-2015-09,5
84271b5ffffffff-2015-10,1
84271b5ffffffff-2016-04,2
84271b5ffffffff-2016-06,5
84271b5ffffffff-2016-07,1
84271b5ffffffff-2016-08,1
84271b5ffffffff-2016-09,1
84271b5ffffffff-2016-10,2
84271b5ffffffff-2017-06,1
84271b5ffffffff-2017-07,2
84271b5ffffffff-2017-09,1
84271b5ffffffff-2017-10,1
84271b5ffffffff-2018-07,3
84271b5ffffffff-2018-08,2
84271b5ffffffff-2019-05,2
84271b5ffffffff-2019-07,11
84271b5ffffffff-2019-08,1
84271b5ffffffff-2020-05,2
84271b5ffffffff-2020-06,3
84271b5ffffffff-2020-07,10
84271b5ffffffff-2020-08,5
84271b5ffffffff-2020-09,1
84271b5ffffffff-2020-10,1
84271b5ffffffff-2021-06,7
84271b5ffffffff-2021-07,4
84271b5ffffffff-2021-08,5
84271b5ffffffff-2022-06,1
84271b5ffffffff-2022-07,12
84271b5ffffffff-2022-08,9
84271b5ffffffff-2023-04,1
84271b5ffffffff-2023-05,4
84271b5ffffffff-2023-06,2
84271b5ffffffff-2023-07,1
84271b5ffffffff-2023-08,7
84271b7ffffffff-2012-05,1
84271b7ffffffff-2013-05,2
84271b7ffffffff-2014-07,9
84271b7ffffffff-2014-08,4
84271b7ffffffff-2015-05,1
84271b7ffffffff-2015-07,2
84271b7ffffffff-2015-08,1
84271b7ffffffff-2016-07,3
84271b7ffffffff-2017-04,3
84271b7ffffffff-2017-07,2
84271b7ffffffff-2017-08,1
84271b7ffffffff-2017-09,1
84271b7ffffffff-2018-05,12
84271b7ffffffff-2018-07,3
84271b7ffffffff-2019-05,3
84271b7ffffffff-2019-06,1
84271b7ffffffff-2019-07,1
84271b7ffffffff-2019-08,2
84271b7ffffffff-2020-05,3
84271b7ffffffff-2020-07,1
84271b7ffffffff-2020-08,3
84271b7ffffffff-2020-09,3
84271b7ffffffff-2021-04,50
84271b7ffffffff-2021-06,1
84271b7ffffffff-2021-07,2
84271b7ffffffff-2021-08,3
84271b7ffffffff-2021-09,5
84271b7ffffffff-2022-04,16
84271b7ffffffff-2022-05,2
84271b7ffffffff-2022-07,5
84271b7ffffffff-2022-08,4
84271b7ffffffff-2022-09,6
84271b7ffffffff-2023-04,9
84271b7ffffffff-2023-05,14
84271b7ffffffff-2023-08,9
84271b7ffffffff-2023-09,1
84271b9ffffffff-2020-05,1
84271b9ffffffff-2020-08,1
84271b9ffffffff-2021-04,6
84271b9ffffffff-2021-05,4
84271b9ffffffff-2021-07,3
84271b9ffffffff-2021-09,2
84271b9ffffffff-2022-04,2
84271b9ffffffff-2022-05,2
84271b9ffffffff-2022-08,4
84271b9ffffffff-2022-09,2
84271b9ffffffff-2023-05,2
84271b9ffffffff-2023-08,3
84271b9ffffffff-2023-09,33
84271bbffffffff-2013-07,3
84271bbffffffff-2014-07,1
84271bbffffffff-2014-09,1
84271bbffffffff-2014-10,1
84271bbffffffff-2015-04,2
84271bbffffffff-2015-05,4
84271bbffffffff-2016-04,1
84271bbffffffff-2016-05,3
84271bbffffffff-2016-07,2
84271bbffffffff-2016-09,10
84271bbffffffff-2017-04,19
84271bbffffffff-2017-05,24
84271bbffffffff-2018-04,4
84271bbffffffff-2018-05,23
84271bbffffffff-2019-04,8
84271bbffffffff-2019-05,15
84271bbffffffff-2019-07,1
84271bbffffffff-2020-04,2
84271bbffffffff-2020-05,14
84271bbffffffff-2020-06,1
84271bbffffffff-2020-07,4
84271bbffffffff-2020-08,7
84271bbffffffff-2020-09,2
84271bbffffffff-2021-04,1
84271bbffffffff-2021-05,2
84271bbffffffff-2021-07,4
84271bbffffffff-2021-08,3
84271bbffffffff-2021-10,1
84271bbffffffff-2022-04,1
84271bbffffffff-2022-05,14
84271bbffffffff-2022-07,8
84271bbffffffff-2022-08,4
84271bbffffffff-2023-04,1
84271bbffffffff-2023-05,12
84271bbffffffff-2023-06,1
84271bbffffffff-2023-07,1
84271bdffffffff-2012-05,2
84271bdffffffff-2013-06,1
84271bdffffffff-2015-05,6
84271bdffffffff-2018-07,1
84271bdffffffff-2018-10,1
84271bdffffffff-2019-07,1
84271bdffffffff-2020-04,1
84271bdffffffff-2020-05,7
84271bdffffffff-2020-07,4
84271bdffffffff-2020-10,2
84271bdffffffff-2021-04,3
84271bdffffffff-2021-05,1
84271bdffffffff-2022-05,1
84271bdffffffff-2023-05,1
84271bdffffffff-2023-08,2
84271bdffffffff-2023-09,2
84271c1ffffffff-2019-08,1
84271c1ffffffff-2020-05,1
84271c1ffffffff-2020-07,1
84271c1ffffffff-2021-07,2
84271c1ffffffff-2023-08,3
84271c1ffffffff-2023-09,6
84271c3ffffffff-2012-04,2
84271c3ffffffff-2012-05,3
84271c3ffffffff-2012-06,2
84271c3ffffffff-2012-07,1
84271c3ffffffff-2017-08,1
84271c3ffffffff-2018-05,1
84271c3ffffffff-2019-05,8
84271c3ffffffff-2020-05,8
84271c3ffffffff-2020-07,1
84271c3ffffffff-2021-07,1
84271c3ffffffff-2021-08,1
84271c3ffffffff-2022-05,2
84271c3ffffffff-2022-09,2
84271c3ffffffff-2023-05,6
84271c5ffffffff-2012-08,1
84271c5ffffffff-2014-05,1
84271c5ffffffff-2017-07,3
84271c5ffffffff-2018-05,1
84271c5ffffffff-2018-08,3
84271c5ffffffff-2018-09,5
84271c5ffffffff-2019-09,8
84271c5ffffffff-2020-05,1
84271c5ffffffff-2020-09,3
84271c5ffffffff-2020-10,2
84271c5ffffffff-2021-09,2
84271c5ffffffff-2022-05,2
84271c5ffffffff-2022-08,9
84271c5ffffffff-2022-09,4
84271c5ffffffff-2023-05,2
84271c5ffffffff-2023-06,1
84271c5ffffffff-2023-07,7
84271c5ffffffff-2023-08,11
84271c5ffffffff-2023-09,5
84271c7ffffffff-2014-05,1
84271c7ffffffff-2017-09,1
84271c7ffffffff-2018-08,2
84271c7ffffffff-2019-05,3
84271c7ffffffff-2020-05,3
84271c7ffffffff-2020-09,3
84271c7ffffffff-2020-10,1
84271c7ffffffff-2021-04,2
84271c7ffffffff-2021-05,14
84271c7ffffffff-2021-06,2
84271c7ffffffff-2021-07,1
84271c7ffffffff-2021-08,7
84271c7ffffffff-2021-09,4
84271c7ffffffff-2021-10,1
84271c7ffffffff-2022-05,1
84271c7ffffffff-2022-07,4
84271c7ffffffff-2022-08,9
84271c7ffffffff-2022-09,5
84271c7ffffffff-2022-10,1
84271c7ffffffff-2023-05,8
84271c7ffffffff-2023-07,4
84271c7ffffffff-2023-08,11
84271c7ffffffff-2023-09,1
84271c7ffffffff-2023-10,2
84271c9ffffffff-2012-05,1
84271c9ffffffff-2012-08,1
84271c9ffffffff-2012-09,1
84271c9ffffffff-2012-10,1
84271c9ffffffff-2013-05,2
84271c9ffffffff-2013-08,2
84271c9ffffffff-2014-05,1
84271c9ffffffff-2014-07,1
84271c9ffffffff-2014-08,1
84271c9ffffffff-2014-09,3
84271c9ffffffff-2014-10,1
84271c9ffffffff-2015-05,9
84271c9ffffffff-2015-07,2
84271c9ffffffff-2015-08,5
84271c9ffffffff-2015-09,3
84271c9ffffffff-2015-10,1
84271c9ffffffff-2016-05,14
84271c9ffffffff-2016-06,1
84271c9ffffffff-2016-07,2
84271c9ffffffff-2016-08,3
84271c9ffffffff-2016-09,4
84271c9ffffffff-2017-04,1
84271c9ffffffff-2017-05,17
84271c9ffffffff-2017-08,1
84271c9ffffffff-2017-09,8
84271c9ffffffff-2017-10,1
84271c9ffffffff-2018-04,1
84271c9ffffffff-2018-05,16
84271c9ffffffff-2018-07,2
84271c9ffffffff-2018-08,5
84271c9ffffffff-2018-09,4
84271c9ffffffff-2018-10,8
84271c9ffffffff-2019-05,6
84271c9ffffffff-2019-08,4
84271c9ffffffff-2019-09,2
84271c9ffffffff-2020-04,1
84271c9ffffffff-2020-05,63
84271c9ffffffff-2020-07,2
84271c9ffffffff-2020-08,5
84271c9ffffffff-2020-09,17
84271c9ffffffff-2020-10,7
84271c9ffffffff-2020-11,1
84271c9ffffffff-2021-05,84
84271c9ffffffff-2021-07,4
84271c9ffffffff-2021-08,20
84271c9ffffffff-2021-09,6
84271c9ffffffff-2021-10,3
84271c9ffffffff-2022-05,9
84271c9ffffffff-2022-08,5
84271c9ffffffff-2022-09,13
84271c9ffffffff-2022-10,11
84271c9ffffffff-2023-05,6
84271c9ffffffff-2023-07,10
84271c9ffffffff-2023-08,23
84271c9ffffffff-2023-09,7
84271c9ffffffff-2023-10,2
84271cbffffffff-2016-05,1
84271cbffffffff-2017-05,1
84271cbffffffff-2018-05,2
84271cbffffffff-2018-08,2
84271cbffffffff-2020-08,1
84271cbffffffff-2021-09,1
84271cbffffffff-2022-05,1
84271cbffffffff-2022-09,1
84271cbffffffff-2023-08,1
84271cbffffffff-2023-09,3
84271cdffffffff-2016-05,1
84271cdffffffff-2022-04,1
84271cdffffffff-2022-05,2
84271cdffffffff-2022-08,2
84271d1ffffffff-2012-09,1
84271d1ffffffff-2016-08,1
84271d1ffffffff-2017-08,5
84271d1ffffffff-2017-09,2
84271d1ffffffff-2019-07,2
84271d1ffffffff-2019-09,14
84271d1ffffffff-2020-08,4
84271d1ffffffff-2020-09,2
84271d1ffffffff-2021-05,1
84271d1ffffffff-2021-07,2
84271d1ffffffff-2021-08,1
84271d1ffffffff-2022-05,2
84271d1ffffffff-2023-09,23
84271d3ffffffff-2012-09,3
84271d3ffffffff-2014-05,1
84271d3ffffffff-2014-08,1
84271d3ffffffff-2014-09,1
84271d3ffffffff-2015-05,4
84271d3ffffffff-2016-04,1
84271d3ffffffff-2016-05,1
84271d3ffffffff-2016-08,3
84271d3ffffffff-2016-09,9
84271d3ffffffff-2017-05,9
84271d3ffffffff-2017-07,1
84271d3ffffffff-2017-08,4
84271d3ffffffff-2018-05,6
84271d3ffffffff-2018-07,1
84271d3ffffffff-2018-08,5
84271d3ffffffff-2019-05,8
84271d3ffffffff-2020-08,1
84271d3ffffffff-2020-09,4
84271d3ffffffff-2021-05,14
84271d3ffffffff-2021-06,2
84271d3ffffffff-2021-07,3
84271d3ffffffff-2021-08,6
84271d3ffffffff-2021-09,9
84271d3ffffffff-2021-10,2
84271d3ffffffff-2022-05,10
84271d3ffffffff-2022-06,2
84271d3ffffffff-2022-08,6
84271d3ffffffff-2022-09,3
84271d3ffffffff-2023-04,1
84271d3ffffffff-2023-05,16
84271d3ffffffff-2023-06,4
84271d3ffffffff-2023-07,2
84271d3ffffffff-2023-08,3
84271d3ffffffff-2023-09,14
84271d3ffffffff-2023-10,1
84271d5ffffffff-2013-05,2
84271d5ffffffff-2015-05,4
84271d5ffffffff-2016-05,8
84271d5ffffffff-2017-05,2
84271d5ffffffff-2018-08,2
84271d5ffffffff-2020-08,5
84271d5ffffffff-2020-09,10
84271d5ffffffff-2021-04,2
84271d5ffffffff-2021-05,5
84271d5ffffffff-2021-08,1
84271d5ffffffff-2021-09,1
84271d5ffffffff-2022-05,6
84271d5ffffffff-2022-07,4
84271d5ffffffff-2023-06,1
84271d5ffffffff-2023-09,1
84271d7ffffffff-2012-05,2
84271d7ffffffff-2012-06,1
84271d7ffffffff-2012-08,1
84271d7ffffffff-2013-08,4
84271d7ffffffff-2013-09,1
84271d7ffffffff-2014-08,1
84271d7ffffffff-2014-09,1
84271d7ffffffff-2015-04,1
84271d7ffffffff-2015-05,1
84271d7ffffffff-2015-10,1
84271d7ffffffff-2016-07,1
84271d7ffffffff-2016-10,4
84271d7ffffffff-2017-05,2
84271d7ffffffff-2017-06,1
84271d7ffffffff-2017-07,8
84271d7ffffffff-2017-08,10
84271d7ffffffff-2017-09,1
84271d7ffffffff-2017-10,3
84271d7ffffffff-2018-04,1
84271d7ffffffff-2018-08,9
84271d7ffffffff-2018-09,9
84271d7ffffffff-2019-05,6
84271d7ffffffff-2019-07,1
84271d7ffffffff-2019-08,1
84271d7ffffffff-2020-04,3
84271d7ffffffff-2020-05,15
84271d7ffffffff-2020-08,3
84271d7ffffffff-2020-10,6
84271d7ffffffff-2021-04,10
84271d7ffffffff-2021-05,12
84271d7ffffffff-2021-07,10
84271d7ffffffff-2021-08,16
84271d7ffffffff-2021-09,26
84271d7ffffffff-2021-10,7
84271d7ffffffff-2022-04,3
84271d7ffffffff-2022-05,9
84271d7ffffffff-2022-07,10
84271d7ffffffff-2022-08,18
84271d7ffffffff-2022-09,25
84271d7ffffffff-2022-10,11
84271d7ffffffff-2023-05,7
84271d7ffffffff-2023-07,4
84271d7ffffffff-2023-08,6
84271d7ffffffff-2023-09,22
84271d7ffffffff-2023-10,6
84271d9ffffffff-2015-07,1
84271d9ffffffff-2017-08,2
84271d9ffffffff-2018-08,1
84271d9ffffffff-2020-09,1
84271d9ffffffff-2022-05,2
84271d9ffffffff-2022-09,3
84271dbffffffff-2014-07,1
84271dbffffffff-2014-08,3
84271dbffffffff-2017-05,1
84271dbffffffff-2017-08,5
84271dbffffffff-2017-09,1
84271dbffffffff-2019-07,2
84271dbffffffff-2019-08,1
84271dbffffffff-2019-09,12
84271dbffffffff-2020-08,2
84271dbffffffff-2020-09,2
84271dbffffffff-2021-07,2
84271dbffffffff-2021-08,1
84271dbffffffff-2022-05,4
84271dbffffffff-2022-09,14
84271dbffffffff-2023-05,1
84271dbffffffff-2023-08,2
84271dbffffffff-2023-09,2
84271ddffffffff-2017-05,3
84271ddffffffff-2021-05,1
84271ddffffffff-2022-05,1
84271ddffffffff-2023-05,2
84271ddffffffff-2023-06,1
84271ddffffffff-2023-07,1
84271e1ffffffff-2021-05,2
84271e1ffffffff-2023-07,1
84271e3ffffffff-2020-08,1
84271e3ffffffff-2021-05,2
84271e3ffffffff-2022-07,2
84271e3ffffffff-2022-08,1
84271e3ffffffff-2022-09,2
84271e3ffffffff-2023-05,2
84271e3ffffffff-2023-09,2
84271e3ffffffff-2023-10,1
84271e5ffffffff-2021-05,4
84271e5ffffffff-2021-09,2
84271e5ffffffff-2022-05,2
84271e5ffffffff-2022-08,3
84271e5ffffffff-2023-07,2
84271e5ffffffff-2023-08,1
84271e5ffffffff-2023-09,2
84271e7ffffffff-2013-06,1
84271e7ffffffff-2017-07,1
84271e7ffffffff-2020-05,1
84271e7ffffffff-2021-05,4
84271e7ffffffff-2021-08,4
84271e7ffffffff-2021-09,18
84271e7ffffffff-2022-05,1
84271e7ffffffff-2022-06,1
84271e7ffffffff-2022-09,1
84271e9ffffffff-2012-09,1
84271e9ffffffff-2017-05,1
84271e9ffffffff-2018-08,1
84271e9ffffffff-2020-07,1
84271e9ffffffff-2020-08,2
84271ebffffffff-2013-10,5
84271ebffffffff-2014-09,2
84271ebffffffff-2015-05,2
84271ebffffffff-2015-07,1
84271ebffffffff-2017-07,3
84271ebffffffff-2018-04,5
84271ebffffffff-2018-05,6
84271ebffffffff-2019-05,4
84271ebffffffff-2019-06,2
84271ebffffffff-2019-07,11
84271ebffffffff-2019-08,5
84271ebffffffff-2019-09,1
84271ebffffffff-2020-05,4
84271ebffffffff-2020-07,1
84271ebffffffff-2020-08,2
84271ebffffffff-2021-04,5
84271ebffffffff-2021-05,16
84271ebffffffff-2021-06,2
84271ebffffffff-2021-07,16
84271ebffffffff-2022-05,1
84271ebffffffff-2022-08,1
84271ebffffffff-2023-05,2
84271ebffffffff-2023-07,2
84271edffffffff-2014-08,2
84271edffffffff-2016-08,2
84271edffffffff-2017-05,2
84271edffffffff-2017-09,1
84271edffffffff-2018-04,1
84271edffffffff-2019-05,3
84271edffffffff-2020-05,1
84271edffffffff-2021-04,1
84271edffffffff-2021-08,1
8427259ffffffff-2023-06,1
8427287ffffffff-2023-08,1
842729dffffffff-2018-06,3
84272a5ffffffff-2020-05,2
84272a5ffffffff-2021-05,2
84272a7ffffffff-2022-05,3
84272b1ffffffff-2021-05,2
84272b7ffffffff-2018-05,3
84272b7ffffffff-2021-05,1
84272bdffffffff-2017-05,2
84272bdffffffff-2018-05,2
84272bdffffffff-2018-07,1
84272bdffffffff-2018-08,6
84272bdffffffff-2019-08,1
84272bdffffffff-2020-05,2
84272bdffffffff-2020-08,2
84272bdffffffff-2021-05,2
84272bdffffffff-2021-07,3
84272bdffffffff-2021-08,2
84272bdffffffff-2021-09,1
84272bdffffffff-2022-05,3
84272d9ffffffff-2023-06,1
84272e7ffffffff-2023-06,1
8427307ffffffff-2019-05,1
8427311ffffffff-2013-07,1
8427321ffffffff-2020-08,1
8427321ffffffff-2022-08,1
8427321ffffffff-2023-05,1
8427321ffffffff-2023-08,1
8427325ffffffff-2022-05,1
8427325ffffffff-2022-08,1
8427329ffffffff-2013-06,1
8427333ffffffff-2012-06,2
8427335ffffffff-2023-05,1
842733dffffffff-2012-06,1
842733dffffffff-2013-06,1
8427341ffffffff-2022-06,1
8427365ffffffff-2019-07,1
8427365ffffffff-2022-07,1
8427365ffffffff-2022-08,1
8427365ffffffff-2022-09,1
8427365ffffffff-2023-07,2
8427365ffffffff-2023-09,1
842736bffffffff-2012-06,2
842736dffffffff-2015-06,1
8427401ffffffff-2016-05,1
8427401ffffffff-2016-08,2
8427401ffffffff-2018-05,4
8427401ffffffff-2019-05,3
8427401ffffffff-2019-10,2
8427401ffffffff-2020-05,1
8427401ffffffff-2021-05,1
8427401ffffffff-2021-08,1
8427401ffffffff-2021-11,1
8427401ffffffff-2022-05,4
8427401ffffffff-2022-08,2
8427401ffffffff-2023-05,13
8427401ffffffff-2023-09,1
8427403ffffffff-2013-07,2
8427403ffffffff-2022-04,1
8427403ffffffff-2022-05,3
8427403ffffffff-2022-07,3
8427403ffffffff-2023-04,1
8427405ffffffff-2019-05,2
8427405ffffffff-2020-05,2
8427405ffffffff-2020-07,1
8427405ffffffff-2021-07,1
8427405ffffffff-2021-08,2
8427405ffffffff-2022-05,1
8427405ffffffff-2023-05,1
8427407ffffffff-2012-04,6
8427407ffffffff-2012-05,3
8427407ffffffff-2012-07,2
8427407ffffffff-2012-08,4
8427407ffffffff-2012-09,1
8427407ffffffff-2013-04,6
8427407ffffffff-2013-05,4
8427407ffffffff-2013-08,5
8427407ffffffff-2013-09,2
8427407ffffffff-2013-10,3
8427407ffffffff-2014-05,1
8427407ffffffff-2014-08,1
8427407ffffffff-2014-09,1
8427407ffffffff-2015-04,1
8427407ffffffff-2015-05,11
8427407ffffffff-2015-08,1
8427407ffffffff-2016-04,6
8427407ffffffff-2016-05,16
8427407ffffffff-2017-05,1
8427407ffffffff-2017-08,1
8427407ffffffff-2018-04,1
8427407ffffffff-2018-05,10
8427407ffffffff-2019-05,9
8427407ffffffff-2019-10,1
8427407ffffffff-2020-05,1
8427407ffffffff-2021-04,1
8427407ffffffff-2021-05,21
8427407ffffffff-2021-07,1
8427407ffffffff-2021-08,11
8427407ffffffff-2022-05,14
8427407ffffffff-2022-07,1
8427407ffffffff-2022-08,3
8427407ffffffff-2022-09,1
8427407ffffffff-2023-04,4
8427407ffffffff-2023-05,26
8427407ffffffff-2023-07,1
8427407ffffffff-2023-08,2
8427409ffffffff-2012-05,2
8427409ffffffff-2014-05,11
8427409ffffffff-2014-08,1
8427409ffffffff-2015-04,2
8427409ffffffff-2015-05,1
8427409ffffffff-2015-08,2
8427409ffffffff-2015-09,1
8427409ffffffff-2016-04,1
8427409ffffffff-2016-05,5
8427409ffffffff-2017-04,1
8427409ffffffff-2017-05,1
8427409ffffffff-2018-04,2
8427409ffffffff-2018-05,8
8427409ffffffff-2018-10,1
8427409ffffffff-2019-05,1
8427409ffffffff-2020-05,4
8427409ffffffff-2021-04,2
8427409ffffffff-2021-05,1
8427409ffffffff-2021-08,2
8427409ffffffff-2022-05,11
8427409ffffffff-2022-09,1
8427409ffffffff-2023-05,15
8427409ffffffff-2023-07,1
8427409ffffffff-2023-08,1
842740dffffffff-2012-05,1
842740dffffffff-2012-07,1
842740dffffffff-2013-05,3
842740dffffffff-2013-08,1
842740dffffffff-2014-05,3
842740dffffffff-2015-08,1
842740dffffffff-2015-09,1
842740dffffffff-2017-08,1
842740dffffffff-2018-04,2
842740dffffffff-2018-05,3
842740dffffffff-2018-07,1
842740dffffffff-2019-05,3
842740dffffffff-2019-09,1
842740dffffffff-2020-05,2
842740dffffffff-2020-08,1
842740dffffffff-2021-05,10
842740dffffffff-2021-07,3
842740dffffffff-2021-08,4
842740dffffffff-2021-09,3
842740dffffffff-2022-05,6
842740dffffffff-2022-07,2
842740dffffffff-2022-08,4
842740dffffffff-2022-09,2
8427411ffffffff-2012-04,7
8427411ffffffff-2012-05,3
8427411ffffffff-2012-06,2
8427411ffffffff-2012-08,15
8427411ffffffff-2012-09,14
8427411ffffffff-2013-04,8
8427411ffffffff-2013-05,5
8427411ffffffff-2013-08,8
8427411ffffffff-2013-09,8
8427411ffffffff-2013-10,2
8427411ffffffff-2014-04,4
8427411ffffffff-2014-05,14
8427411ffffffff-2014-07,2
8427411ffffffff-2014-08,3
8427411ffffffff-2014-09,3
8427411ffffffff-2015-05,8
8427411ffffffff-2015-08,5
8427411ffffffff-2016-05,2
8427411ffffffff-2016-07,2
8427411ffffffff-2016-08,1
8427411ffffffff-2016-10,1
8427411ffffffff-2017-04,14
8427411ffffffff-2017-05,4
8427411ffffffff-2017-06,1
8427411ffffffff-2017-07,2
8427411ffffffff-2017-08,5
8427411ffffffff-2018-05,19
8427411ffffffff-2018-07,3
8427411ffffffff-2018-08,9
8427411ffffffff-2018-09,11
8427411ffffffff-2019-05,4
8427411ffffffff-2019-06,2
8427411ffffffff-2019-07,8
8427411ffffffff-2019-08,36
8427411ffffffff-2019-09,5
8427411ffffffff-2020-05,30
8427411ffffffff-2020-07,11
8427411ffffffff-2020-08,22
8427411ffffffff-2020-09,4
8427411ffffffff-2021-04,8
8427411ffffffff-2021-05,24
8427411ffffffff-2021-08,84
8427411ffffffff-2021-09,11
8427411ffffffff-2021-10,1
8427411ffffffff-2022-04,21
8427411ffffffff-2022-05,19
8427411ffffffff-2022-07,16
8427411ffffffff-2022-08,72
8427411ffffffff-2022-09,17
8427411ffffffff-2022-10,1
8427411ffffffff-2023-04,13
8427411ffffffff-2023-05,52
8427411ffffffff-2023-06,2
8427411ffffffff-2023-07,15
8427411ffffffff-2023-08,10
8427411ffffffff-2023-09,3
8427413ffffffff-2012-09,3
8427413ffffffff-2017-08,1
8427413ffffffff-2017-09,1
8427413ffffffff-2018-08,1
8427413ffffffff-2020-05,2
8427413ffffffff-2020-08,1
8427413ffffffff-2021-05,4
8427413ffffffff-2022-05,2
8427413ffffffff-2023-05,4
8427415ffffffff-2023-08,3
8427417ffffffff-2012-05,1
8427417ffffffff-2012-07,3
8427417ffffffff-2012-08,5
8427417ffffffff-2012-09,6
8427417ffffffff-2012-10,2
8427417ffffffff-2013-05,9
8427417ffffffff-2013-07,4
8427417ffffffff-2013-08,19
8427417ffffffff-2013-09,3
8427417ffffffff-2014-04,2
8427417ffffffff-2014-05,1
8427417ffffffff-2014-07,8
8427417ffffffff-2014-08,9
8427417ffffffff-2015-04,3
8427417ffffffff-2015-05,2
8427417ffffffff-2015-07,1
8427417ffffffff-2015-08,12
8427417ffffffff-2015-09,1
8427417ffffffff-2016-04,3
8427417ffffffff-2016-05,6
8427417ffffffff-2016-07,5
8427417ffffffff-2016-08,8
8427417ffffffff-2016-09,4
8427417ffffffff-2017-04,1
8427417ffffffff-2017-05,5
8427417ffffffff-2017-07,3
8427417ffffffff-2017-08,2
8427417ffffffff-2017-09,3
8427417ffffffff-2018-04,3
8427417ffffffff-2018-05,2
8427417ffffffff-2018-07,2
8427417ffffffff-2018-08,5
8427417ffffffff-2019-04,1
8427417ffffffff-2019-05,5
8427417ffffffff-2019-07,2
8427417ffffffff-2019-08,6
8427417ffffffff-2019-09,3
8427417ffffffff-2020-04,18
8427417ffffffff-2020-05,3
8427417ffffffff-2020-07,2
8427417ffffffff-2020-08,7
8427417ffffffff-2020-09,4
8427417ffffffff-2021-04,1
8427417ffffffff-2021-05,10
8427417ffffffff-2021-07,3
8427417ffffffff-2021-08,11
8427417ffffffff-2021-09,3
8427417ffffffff-2022-04,23
8427417ffffffff-2022-05,30
8427417ffffffff-2022-07,1
8427417ffffffff-2022-08,5
8427417ffffffff-2022-09,4
8427417ffffffff-2023-04,25
8427417ffffffff-2023-05,24
8427417ffffffff-2023-07,3
8427417ffffffff-2023-08,5
8427419ffffffff-2012-05,7
8427419ffffffff-2012-07,5
8427419ffffffff-2012-08,13
8427419ffffffff-2012-09,2
8427419ffffffff-2012-10,1
8427419ffffffff-2013-05,7
8427419ffffffff-2013-08,9
8427419ffffffff-2013-09,4
8427419ffffffff-2014-04,1
8427419ffffffff-2014-05,1
8427419ffffffff-2014-08,2
8427419ffffffff-2015-04,1
8427419ffffffff-2015-05,14
8427419ffffffff-2015-08,2
8427419ffffffff-2016-05,2
8427419ffffffff-2017-04,12
8427419ffffffff-2017-05,6
8427419ffffffff-2017-07,6
8427419ffffffff-2017-08,1
8427419ffffffff-2017-10,1
8427419ffffffff-2018-05,10
8427419ffffffff-2018-07,10
8427419ffffffff-2018-08,29
8427419ffffffff-2018-09,5
8427419ffffffff-2019-05,25
8427419ffffffff-2019-07,7
8427419ffffffff-2019-08,94
8427419ffffffff-2019-09,37
8427419ffffffff-2020-04,2
8427419ffffffff-2020-05,25
8427419ffffffff-2020-07,3
8427419ffffffff-2020-08,38
8427419ffffffff-2020-09,53
8427419ffffffff-2020-10,1
8427419ffffffff-2021-05,26
8427419ffffffff-2021-07,1
8427419ffffffff-2021-08,55
8427419ffffffff-2021-09,6
8427419ffffffff-2022-04,6
8427419ffffffff-2022-05,8
8427419ffffffff-2022-07,30
8427419ffffffff-2022-08,52
8427419ffffffff-2022-09,23
8427419ffffffff-2022-10,1
8427419ffffffff-2023-04,8
8427419ffffffff-2023-05,12
8427419ffffffff-2023-07,13
8427419ffffffff-2023-08,93
842741bffffffff-2012-05,4
842741bffffffff-2013-04,11
842741bffffffff-2013-05,4
842741bffffffff-2013-06,2
842741bffffffff-2013-08,1
842741bffffffff-2014-04,4
842741bffffffff-2014-05,10
842741bffffffff-2015-04,1
842741bffffffff-2015-05,1
842741bffffffff-2016-04,4
842741bffffffff-2016-05,1
842741bffffffff-2017-04,11
842741bffffffff-2017-07,2
842741bffffffff-2017-08,1
842741bffffffff-2018-04,4
842741bffffffff-2018-05,9
842741bffffffff-2018-07,2
842741bffffffff-2018-08,2
842741bffffffff-2019-04,3
842741bffffffff-2019-05,8
842741bffffffff-2020-04,1
842741bffffffff-2020-05,5
842741bffffffff-2020-07,2
842741bffffffff-2020-08,5
842741bffffffff-2021-05,1
842741bffffffff-2022-04,5
842741bffffffff-2022-05,1
842741bffffffff-2022-08,1
842741bffffffff-2023-04,12
842741bffffffff-2023-05,7
842741bffffffff-2023-07,1
842741bffffffff-2023-08,1
842741dffffffff-2012-08,14
842741dffffffff-2014-05,5
842741dffffffff-2014-09,1
842741dffffffff-2015-05,1
842741dffffffff-2015-08,1
842741dffffffff-2017-04,2
842741dffffffff-2017-05,1
842741dffffffff-2017-08,5
842741dffffffff-2018-04,2
842741dffffffff-2018-05,2
842741dffffffff-2019-04,3
842741dffffffff-2019-05,2
842741dffffffff-2019-07,1
842741dffffffff-2019-08,5
842741dffffffff-2019-09,1
842741dffffffff-2020-05,2
842741dffffffff-2020-07,12
842741dffffffff-2020-08,7
842741dffffffff-2020-09,4
842741dffffffff-2021-04,1
842741dffffffff-2021-05,8
842741dffffffff-2021-08,5
842741dffffffff-2021-09,1
842741dffffffff-2022-04,1
842741dffffffff-2022-05,12
842741dffffffff-2022-08,4
842741dffffffff-2023-04,1
842741dffffffff-2023-05,4
842741dffffffff-2023-07,1
842741dffffffff-2023-08,25
8427421ffffffff-2017-07,2
8427421ffffffff-2018-04,1
8427421ffffffff-2020-05,1
8427421ffffffff-2020-08,2
8427421ffffffff-2023-09,2
8427423ffffffff-2013-04,1
8427423ffffffff-2014-05,1
8427423ffffffff-2015-07,1
8427423ffffffff-2017-04,2
8427423ffffffff-2017-05,2
8427423ffffffff-2018-04,1
8427423ffffffff-2018-05,2
8427423ffffffff-2019-08,1
8427423ffffffff-2020-05,4
8427423ffffffff-2020-08,1
8427423ffffffff-2021-05,2
8427423ffffffff-2021-08,3
8427423ffffffff-2021-09,3
8427423ffffffff-2022-05,2
8427423ffffffff-2022-09,2
8427423ffffffff-2023-05,9
8427423ffffffff-2023-08,5
8427425ffffffff-2013-04,3
8427425ffffffff-2013-05,1
8427425ffffffff-2016-06,1
8427425ffffffff-2018-08,11
8427425ffffffff-2019-05,4
8427425ffffffff-2019-08,1
8427425ffffffff-2020-05,3
8427425ffffffff-2021-05,1
8427425ffffffff-2021-08,3
8427425ffffffff-2021-09,1
8427425ffffffff-2022-05,2
8427425ffffffff-2023-08,1
8427427ffffffff-2013-05,3
8427427ffffffff-2016-05,1
8427427ffffffff-2023-05,6
8427429ffffffff-2013-05,1
8427429ffffffff-2021-04,1
8427429ffffffff-2022-07,1
8427429ffffffff-2022-09,1
842742bffffffff-2016-05,1
842742bffffffff-2017-05,1
842742bffffffff-2018-05,1
842742bffffffff-2018-08,1
842742bffffffff-2020-05,4
842742bffffffff-2020-07,1
842742bffffffff-2020-08,3
842742bffffffff-2020-09,14
842742bffffffff-2020-10,1
842742bffffffff-2021-04,2
842742bffffffff-2021-05,6
842742bffffffff-2021-07,2
842742bffffffff-2021-09,4
842742bffffffff-2021-10,1
842742bffffffff-2022-04,1
842742bffffffff-2022-05,1
842742bffffffff-2022-07,1
842742bffffffff-2022-08,2
842742bffffffff-2022-09,1
842742bffffffff-2023-05,7
842742bffffffff-2023-07,3
842742bffffffff-2023-08,1
842742dffffffff-2013-04,2
842742dffffffff-2013-05,1
842742dffffffff-2013-08,1
842742dffffffff-2014-05,2
842742dffffffff-2015-04,3
842742dffffffff-2015-05,3
842742dffffffff-2016-04,2
842742dffffffff-2016-05,1
842742dffffffff-2017-04,5
842742dffffffff-2017-05,1
842742dffffffff-2018-04,1
842742dffffffff-2018-05,5
842742dffffffff-2019-05,1
842742dffffffff-2020-05,6
842742dffffffff-2020-09,1
842742dffffffff-2021-04,1
842742dffffffff-2021-05,4
842742dffffffff-2021-07,1
842742dffffffff-2021-08,7
842742dffffffff-2021-09,2
842742dffffffff-2022-04,5
842742dffffffff-2022-05,10
842742dffffffff-2022-07,9
842742dffffffff-2022-08,5
842742dffffffff-2022-09,1
842742dffffffff-2023-04,3
842742dffffffff-2023-05,7
842742dffffffff-2023-06,3
842742dffffffff-2023-07,1
842742dffffffff-2023-08,6
842742dffffffff-2023-09,1
8427431ffffffff-2012-05,1
8427431ffffffff-2014-05,1
8427431ffffffff-2015-04,4
8427431ffffffff-2015-05,13
8427431ffffffff-2015-08,1
8427431ffffffff-2016-04,5
8427431ffffffff-2016-05,5
8427431ffffffff-2016-09,1
8427431ffffffff-2017-04,11
8427431ffffffff-2017-05,8
8427431ffffffff-2017-07,1
8427431ffffffff-2017-08,1
8427431ffffffff-2018-04,11
8427431ffffffff-2018-05,9
8427431ffffffff-2018-07,1
8427431ffffffff-2019-04,7
8427431ffffffff-2019-05,5
8427431ffffffff-2019-07,1
8427431ffffffff-2019-08,5
8427431ffffffff-2019-09,6
8427431ffffffff-2020-04,8
8427431ffffffff-2020-05,17
8427431ffffffff-2020-06,1
8427431ffffffff-2020-07,13
8427431ffffffff-2020-08,10
8427431ffffffff-2020-09,2
8427431ffffffff-2020-10,3
8427431ffffffff-2021-04,13
8427431ffffffff-2021-05,34
8427431ffffffff-2021-07,1
8427431ffffffff-2021-08,17
8427431ffffffff-2021-09,9
8427431ffffffff-2021-11,1
8427431ffffffff-2022-04,7
8427431ffffffff-2022-05,9
8427431ffffffff-2022-06,1
8427431ffffffff-2022-07,4
8427431ffffffff-2022-08,8
8427431ffffffff-2022-09,8
8427431ffffffff-2022-10,1
8427431ffffffff-2022-11,5
8427431ffffffff-2023-04,7
8427431ffffffff-2023-05,8
8427431ffffffff-2023-07,9
8427431ffffffff-2023-08,14
8427431ffffffff-2023-09,4
8427431ffffffff-2023-10,2
8427435ffffffff-2012-04,9
8427435ffffffff-2012-05,12
8427435ffffffff-2012-08,3
8427435ffffffff-2012-09,28
8427435ffffffff-2013-04,5
8427435ffffffff-2013-05,17
8427435ffffffff-2013-07,11
8427435ffffffff-2013-08,26
8427435ffffffff-2013-09,6
8427435ffffffff-2014-04,8
8427435ffffffff-2014-05,13
8427435ffffffff-2014-07,4
8427435ffffffff-2014-08,11
8427435ffffffff-2014-09,2
8427435ffffffff-2014-10,4
8427435ffffffff-2015-04,4
8427435ffffffff-2015-05,37
8427435ffffffff-2015-06,1
8427435ffffffff-2015-07,10
8427435ffffffff-2015-08,30
8427435ffffffff-2015-09,11
8427435ffffffff-2016-04,20
8427435ffffffff-2016-05,14
8427435ffffffff-2016-06,1
8427435ffffffff-2016-07,9
8427435ffffffff-2016-08,17
8427435ffffffff-2016-09,4
8427435ffffffff-2016-10,1
8427435ffffffff-2017-04,14
8427435ffffffff-2017-05,27
8427435ffffffff-2017-06,2
8427435ffffffff-2017-07,9
8427435ffffffff-2017-08,35
8427435ffffffff-2017-09,1
8427435ffffffff-2017-10,3
8427435ffffffff-2018-04,10
8427435ffffffff-2018-05,24
8427435ffffffff-2018-07,16
8427435ffffffff-2018-08,41
8427435ffffffff-2018-09,10
8427435ffffffff-2018-10,2
8427435ffffffff-2019-04,1
8427435ffffffff-2019-05,51
8427435ffffffff-2019-06,1
8427435ffffffff-2019-07,2
8427435ffffffff-2019-08,6
8427435ffffffff-2019-09,2
8427435ffffffff-2019-10,1
8427435ffffffff-2020-04,9
8427435ffffffff-2020-05,28
8427435ffffffff-2020-06,1
8427435ffffffff-2020-07,11
8427435ffffffff-2020-08,37
8427435ffffffff-2020-09,37
8427435ffffffff-2020-10,9
8427435ffffffff-2021-03,1
8427435ffffffff-2021-04,20
8427435ffffffff-2021-05,125
8427435ffffffff-2021-06,2
8427435ffffffff-2021-07,16
8427435ffffffff-2021-08,70
8427435ffffffff-2021-09,42
8427435ffffffff-2021-10,9
8427435ffffffff-2022-04,92
8427435ffffffff-2022-05,211
8427435ffffffff-2022-06,11
8427435ffffffff-2022-07,50
8427435ffffffff-2022-08,75
8427435ffffffff-2022-09,43
8427435ffffffff-2022-10,7
8427435ffffffff-2022-11,3
8427435ffffffff-2023-04,40
8427435ffffffff-2023-05,104
8427435ffffffff-2023-06,16
8427435ffffffff-2023-07,247
8427435ffffffff-2023-08,398
8427435ffffffff-2023-09,102
8427435ffffffff-2023-10,20
8427437ffffffff-2012-03,1
8427437ffffffff-2012-04,5
8427437ffffffff-2012-05,13
8427437ffffffff-2012-06,1
8427437ffffffff-2012-07,4
8427437ffffffff-2012-08,15
8427437ffffffff-2012-09,17
8427437ffffffff-2013-04,18
8427437ffffffff-2013-05,25
8427437ffffffff-2013-07,1
8427437ffffffff-2013-08,8
8427437ffffffff-2013-09,17
8427437ffffffff-2014-04,7
8427437ffffffff-2014-05,6
8427437ffffffff-2014-07,9
8427437ffffffff-2014-08,7
8427437ffffffff-2015-04,7
8427437ffffffff-2015-05,5
8427437ffffffff-2015-07,7
8427437ffffffff-2015-08,11
8427437ffffffff-2015-09,5
8427437ffffffff-2015-10,1
8427437ffffffff-2015-11,4
8427437ffffffff-2016-04,16
8427437ffffffff-2016-05,19
8427437ffffffff-2016-06,4
8427437ffffffff-2016-07,7
8427437ffffffff-2016-08,2
8427437ffffffff-2016-09,8
8427437ffffffff-2017-04,47
8427437ffffffff-2017-05,51
8427437ffffffff-2017-07,6
8427437ffffffff-2017-08,8
8427437ffffffff-2017-09,3
8427437ffffffff-2018-04,23
8427437ffffffff-2018-05,45
8427437ffffffff-2018-06,1
8427437ffffffff-2018-07,10
8427437ffffffff-2018-08,19
8427437ffffffff-2018-09,11
8427437ffffffff-2019-04,11
8427437ffffffff-2019-05,17
8427437ffffffff-2019-07,8
8427437ffffffff-2019-08,8
8427437ffffffff-2019-09,2
8427437ffffffff-2019-10,13
8427437ffffffff-2020-04,38
8427437ffffffff-2020-05,30
8427437ffffffff-2020-06,1
8427437ffffffff-2020-07,18
8427437ffffffff-2020-08,66
8427437ffffffff-2020-09,29
8427437ffffffff-2020-10,8
8427437ffffffff-2020-11,2
8427437ffffffff-2021-04,30
8427437ffffffff-2021-05,100
8427437ffffffff-2021-06,3
8427437ffffffff-2021-07,16
8427437ffffffff-2021-08,17
8427437ffffffff-2021-09,8
8427437ffffffff-2022-04,15
8427437ffffffff-2022-05,29
8427437ffffffff-2022-06,2
8427437ffffffff-2022-07,25
8427437ffffffff-2022-08,12
8427437ffffffff-2022-09,17
8427437ffffffff-2022-10,10
8427437ffffffff-2023-04,11
8427437ffffffff-2023-05,25
8427437ffffffff-2023-06,2
8427437ffffffff-2023-07,42
8427437ffffffff-2023-08,30
8427437ffffffff-2023-09,10
8427437ffffffff-2023-10,4
8427439ffffffff-2017-04,1
8427439ffffffff-2017-07,1
8427439ffffffff-2019-05,4
8427439ffffffff-2019-07,4
8427439ffffffff-2020-05,1
8427439ffffffff-2020-08,1
8427439ffffffff-2021-04,1
8427439ffffffff-2021-05,16
8427439ffffffff-2022-05,7
8427439ffffffff-2022-08,2
8427439ffffffff-2023-04,10
8427439ffffffff-2023-05,11
8427439ffffffff-2023-07,2
8427439ffffffff-2023-08,14
842743dffffffff-2012-04,1
842743dffffffff-2012-05,2
842743dffffffff-2012-07,1
842743dffffffff-2012-09,1
842743dffffffff-2013-05,9
842743dffffffff-2013-07,1
842743dffffffff-2013-08,1
842743dffffffff-2013-09,1
842743dffffffff-2014-04,1
842743dffffffff-2014-05,2
842743dffffffff-2014-07,1
842743dffffffff-2014-08,1
842743dffffffff-2016-05,5
842743dffffffff-2016-07,1
842743dffffffff-2017-04,1
842743dffffffff-2017-05,3
842743dffffffff-2018-05,10
842743dffffffff-2019-04,1
842743dffffffff-2019-05,17
842743dffffffff-2019-06,1
842743dffffffff-2019-07,1
842743dffffffff-2019-08,1
842743dffffffff-2020-04,5
842743dffffffff-2020-05,16
842743dffffffff-2020-07,11
842743dffffffff-2020-08,17
842743dffffffff-2020-09,2
842743dffffffff-2021-04,3
842743dffffffff-2021-05,23
842743dffffffff-2021-07,3
842743dffffffff-2021-08,10
842743dffffffff-2021-09,7
842743dffffffff-2022-04,1
842743dffffffff-2022-05,7
842743dffffffff-2022-07,1
842743dffffffff-2022-09,1
842743dffffffff-2023-04,23
842743dffffffff-2023-05,31
842743dffffffff-2023-07,1
842743dffffffff-2023-08,2
8427441ffffffff-2012-05,1
8427441ffffffff-2018-05,5
8427441ffffffff-2018-09,1
8427441ffffffff-2020-05,1
8427441ffffffff-2021-05,4
8427441ffffffff-2021-08,2
8427441ffffffff-2022-05,1
8427441ffffffff-2022-07,2
8427441ffffffff-2022-08,1
8427441ffffffff-2023-05,1
8427441ffffffff-2023-08,1
8427443ffffffff-2015-05,3
8427443ffffffff-2016-04,1
8427443ffffffff-2016-05,4
8427443ffffffff-2017-06,2
8427443ffffffff-2017-08,1
8427443ffffffff-2018-05,8
8427443ffffffff-2020-05,1
8427443ffffffff-2021-07,1
8427443ffffffff-2021-08,1
8427443ffffffff-2022-04,1
8427443ffffffff-2022-08,1
8427443ffffffff-2022-09,2
8427445ffffffff-2012-05,1
8427445ffffffff-2013-05,4
8427445ffffffff-2013-08,1
8427445ffffffff-2014-04,1
8427445ffffffff-2014-05,3
8427445ffffffff-2014-07,1
8427445ffffffff-2015-05,7
8427445ffffffff-2017-04,1
8427445ffffffff-2017-05,7
8427445ffffffff-2017-07,1
8427445ffffffff-2017-09,5
8427445ffffffff-2018-04,1
8427445ffffffff-2018-05,38
8427445ffffffff-2018-09,1
8427445ffffffff-2018-10,6
8427445ffffffff-2019-04,1
8427445ffffffff-2019-05,16
8427445ffffffff-2019-08,4
8427445ffffffff-2019-09,1
8427445ffffffff-2020-04,1
8427445ffffffff-2020-05,17
8427445ffffffff-2020-08,3
8427445ffffffff-2021-05,10
8427445ffffffff-2021-08,5
8427445ffffffff-2021-09,1
8427445ffffffff-2022-04,2
8427445ffffffff-2022-05,1
8427445ffffffff-2022-07,1
8427445ffffffff-2022-08,2
8427445ffffffff-2023-04,3
8427445ffffffff-2023-05,48
8427445ffffffff-2023-07,2
8427445ffffffff-2023-08,1
8427447ffffffff-2012-09,1
8427447ffffffff-2013-04,1
8427447ffffffff-2015-05,5
8427447ffffffff-2016-08,1
8427447ffffffff-2017-04,2
8427447ffffffff-2017-08,6
8427447ffffffff-2018-04,3
8427447ffffffff-2018-05,6
8427447ffffffff-2018-08,4
8427447ffffffff-2019-05,2
8427447ffffffff-2019-08,6
8427447ffffffff-2020-04,1
8427447ffffffff-2020-05,22
8427447ffffffff-2020-08,1
8427447ffffffff-2020-10,1
8427447ffffffff-2021-04,1
8427447ffffffff-2021-05,3
8427447ffffffff-2021-08,24
8427447ffffffff-2021-09,2
8427447ffffffff-2022-05,3
8427447ffffffff-2022-07,1
8427447ffffffff-2022-08,18
8427447ffffffff-2023-05,6
8427447ffffffff-2023-08,7
8427449ffffffff-2014-07,1
8427449ffffffff-2014-09,1
8427449ffffffff-2015-07,1
8427449ffffffff-2015-08,1
8427449ffffffff-2019-08,2
8427449ffffffff-2020-05,1
8427449ffffffff-2020-07,1
8427449ffffffff-2020-09,1
8427449ffffffff-2021-05,1
842744bffffffff-2012-08,1
842744bffffffff-2014-05,9
842744bffffffff-2014-08,6
842744bffffffff-2014-09,5
842744bffffffff-2015-08,10
842744bffffffff-2015-09,7
842744bffffffff-2016-08,3
842744bffffffff-2017-05,5
842744bffffffff-2017-07,1
842744bffffffff-2017-08,5
842744bffffffff-2017-09,3
842744bffffffff-2018-05,5
842744bffffffff-2018-07,1
842744bffffffff-2018-08,1
842744bffffffff-2018-09,1
842744bffffffff-2018-10,1
842744bffffffff-2019-04,1
842744bffffffff-2019-07,1
842744bffffffff-2020-05,1
842744bffffffff-2020-07,2
842744bffffffff-2020-08,6
842744bffffffff-2020-09,4
842744bffffffff-2020-10,2
842744bffffffff-2021-05,9
842744bffffffff-2021-09,3
842744bffffffff-2022-05,3
842744bffffffff-2023-09,2
8427451ffffffff-2021-05,1
8427451ffffffff-2022-05,1
8427451ffffffff-2022-08,1
8427451ffffffff-2023-05,3
8427451ffffffff-2023-07,2
8427453ffffffff-2012-05,5
8427453ffffffff-2012-06,1
8427453ffffffff-2012-07,1
8427453ffffffff-2012-08,3
8427453ffffffff-2012-09,1
8427453ffffffff-2013-05,4
8427453ffffffff-2013-08,3
8427453ffffffff-2014-05,3
8427453ffffffff-2014-08,10
8427453ffffffff-2014-09,5
8427453ffffffff-2015-05,8
8427453ffffffff-2015-08,8
8427453ffffffff-2015-09,4
8427453ffffffff-2016-04,5
8427453ffffffff-2016-05,6
8427453ffffffff-2016-06,1
8427453ffffffff-2016-07,12
8427453ffffffff-2016-08,5
8427453ffffffff-2016-10,1
8427453ffffffff-2017-04,1
8427453ffffffff-2017-05,4
8427453ffffffff-2017-07,4
8427453ffffffff-2017-08,6
8427453ffffffff-2017-09,5
8427453ffffffff-2018-05,10
8427453ffffffff-2018-08,21
8427453ffffffff-2018-09,4
8427453ffffffff-2019-05,11
8427453ffffffff-2019-07,2
8427453ffffffff-2019-08,12
8427453ffffffff-2019-09,7
8427453ffffffff-2020-05,5
8427453ffffffff-2020-08,3
8427453ffffffff-2020-09,1
8427453ffffffff-2021-05,15
8427453ffffffff-2021-08,2
8427453ffffffff-2021-10,1
8427453ffffffff-2022-04,8
8427453ffffffff-2022-05,18
8427453ffffffff-2022-07,5
8427453ffffffff-2022-08,39
8427453ffffffff-2022-09,31
8427453ffffffff-2022-10,3
8427453ffffffff-2023-04,2
8427453ffffffff-2023-05,19
8427453ffffffff-2023-07,13
8427453ffffffff-2023-08,54
8427453ffffffff-2023-09,1
8427457ffffffff-2014-09,1
8427457ffffffff-2022-08,2
8427457ffffffff-2023-07,1
8427457ffffffff-2023-08,1
8427459ffffffff-2012-09,2
8427459ffffffff-2012-10,1
8427459ffffffff-2014-05,1
8427459ffffffff-2014-07,1
8427459ffffffff-2014-08,7
8427459ffffffff-2015-07,1
8427459ffffffff-2015-08,1
8427459ffffffff-2016-08,4
8427459ffffffff-2017-05,4
8427459ffffffff-2017-07,2
8427459ffffffff-2018-05,1
8427459ffffffff-2018-07,1
8427459ffffffff-2018-08,1
8427459ffffffff-2018-09,2
8427459ffffffff-2019-08,2
8427459ffffffff-2020-05,1
8427459ffffffff-2020-07,2
8427459ffffffff-2021-08,2
8427459ffffffff-2022-05,2
8427459ffffffff-2022-07,2
8427459ffffffff-2023-04,1
8427459ffffffff-2023-05,7
8427459ffffffff-2023-07,1
8427459ffffffff-2023-08,6
8427459ffffffff-2023-09,2
8427459ffffffff-2023-10,2
842745bffffffff-2013-05,2
842745bffffffff-2013-08,1
842745bffffffff-2014-05,1
842745bffffffff-2014-08,1
842745bffffffff-2014-09,1
842745bffffffff-2016-05,5
842745bffffffff-2016-10,1
842745bffffffff-2017-04,2
842745bffffffff-2017-05,13
842745bffffffff-2017-06,2
842745bffffffff-2018-05,2
842745bffffffff-2018-09,3
842745bffffffff-2019-04,1
842745bffffffff-2019-05,4
842745bffffffff-2020-05,3
842745bffffffff-2020-08,2
842745bffffffff-2021-05,7
842745bffffffff-2021-08,3
842745bffffffff-2022-04,4
842745bffffffff-2022-05,2
842745bffffffff-2022-09,3
842745bffffffff-2023-04,5
842745bffffffff-2023-05,14
842745bffffffff-2023-07,1
842745bffffffff-2023-09,4
842745bffffffff-2023-10,4
842745dffffffff-2014-04,2
842745dffffffff-2018-05,2
842745dffffffff-2019-05,3
842745dffffffff-2022-05,1
842745dffffffff-2023-05,3
842745dffffffff-2023-07,1
842745dffffffff-2023-08,2
8427461ffffffff-2018-08,2
8427461ffffffff-2021-10,1
8427461ffffffff-2022-07,1
8427463ffffffff-2012-05,2
8427463ffffffff-2013-04,2
8427463ffffffff-2013-07,1
8427463ffffffff-2014-08,1
8427463ffffffff-2017-04,3
8427463ffffffff-2018-08,2
8427463ffffffff-2019-04,1
8427463ffffffff-2020-05,4
8427463ffffffff-2021-05,3
8427463ffffffff-2022-04,1
8427463ffffffff-2023-05,2
8427465ffffffff-2017-05,2
8427465ffffffff-2020-05,1
8427465ffffffff-2022-05,1
8427467ffffffff-2012-05,3
8427467ffffffff-2014-05,1
8427467ffffffff-2019-05,1
8427467ffffffff-2020-08,2
8427467ffffffff-2021-05,3
8427467ffffffff-2021-08,1
8427467ffffffff-2022-05,5
8427467ffffffff-2023-05,5
8427469ffffffff-2016-05,1
8427469ffffffff-2020-05,1
8427469ffffffff-2020-07,1
8427469ffffffff-2020-08,2
8427469ffffffff-2023-05,1
842746bffffffff-2013-05,1
842746bffffffff-2015-05,3
842746bffffffff-2018-05,5
842746bffffffff-2019-05,1
842746bffffffff-2020-05,2
842746bffffffff-2021-04,1
842746bffffffff-2021-05,21
842746bffffffff-2021-06,1
842746bffffffff-2021-08,1
842746bffffffff-2022-05,10
842746bffffffff-2023-05,15
842746dffffffff-2012-10,1
842746dffffffff-2014-08,1
842746dffffffff-2015-04,1
842746dffffffff-2015-05,2
842746dffffffff-2016-07,1
842746dffffffff-2016-08,5
842746dffffffff-2017-07,3
842746dffffffff-2018-05,2
842746dffffffff-2018-07,4
842746dffffffff-2018-08,5
842746dffffffff-2019-05,1
842746dffffffff-2019-08,2
842746dffffffff-2020-05,3
842746dffffffff-2020-08,4
842746dffffffff-2020-09,1
842746dffffffff-2021-05,6
842746dffffffff-2021-06,1
842746dffffffff-2021-07,1
842746dffffffff-2021-08,4
842746dffffffff-2021-09,3
842746dffffffff-2022-08,4
842746dffffffff-2022-09,2
842746dffffffff-2023-05,2
842746dffffffff-2023-08,4
8427481ffffffff-2012-04,12
8427481ffffffff-2012-05,6
8427481ffffffff-2012-07,2
8427481ffffffff-2012-08,19
8427481ffffffff-2012-09,1
8427481ffffffff-2013-04,22
8427481ffffffff-2013-05,13
8427481ffffffff-2013-08,23
8427481ffffffff-2013-09,7
8427481ffffffff-2013-10,1
8427481ffffffff-2014-04,21
8427481ffffffff-2014-05,44
8427481ffffffff-2014-07,15
8427481ffffffff-2014-08,35
8427481ffffffff-2014-09,12
8427481ffffffff-2014-10,1
8427481ffffffff-2015-04,29
8427481ffffffff-2015-05,30
8427481ffffffff-2015-07,38
8427481ffffffff-2015-08,34
8427481ffffffff-2015-09,19
8427481ffffffff-2016-04,29
8427481ffffffff-2016-05,26
8427481ffffffff-2016-07,21
8427481ffffffff-2016-08,37
8427481ffffffff-2016-09,39
8427481ffffffff-2016-10,2
8427481ffffffff-2017-04,20
8427481ffffffff-2017-05,11
8427481ffffffff-2017-07,3
8427481ffffffff-2017-08,50
8427481ffffffff-2017-09,28
8427481ffffffff-2018-04,33
8427481ffffffff-2018-05,37
8427481ffffffff-2018-07,34
8427481ffffffff-2018-08,55
8427481ffffffff-2018-09,16
8427481ffffffff-2018-10,2
8427481ffffffff-2019-04,24
8427481ffffffff-2019-05,15
8427481ffffffff-2019-07,11
8427481ffffffff-2019-08,24
8427481ffffffff-2019-09,4
8427481ffffffff-2019-10,2
8427481ffffffff-2020-04,100
8427481ffffffff-2020-05,106
8427481ffffffff-2020-07,4
8427481ffffffff-2020-08,14
8427481ffffffff-2020-09,7
8427481ffffffff-2020-10,3
8427481ffffffff-2021-04,2
8427481ffffffff-2021-05,8
8427481ffffffff-2021-07,4
8427481ffffffff-2021-08,17
8427481ffffffff-2021-09,9
8427481ffffffff-2022-04,39
8427481ffffffff-2022-05,30
8427481ffffffff-2022-07,5
8427481ffffffff-2022-08,18
8427481ffffffff-2022-09,41
8427481ffffffff-2022-10,20
8427481ffffffff-2022-11,1
8427481ffffffff-2023-04,10
8427481ffffffff-2023-05,7
8427481ffffffff-2023-07,30
8427481ffffffff-2023-08,36
8427481ffffffff-2023-09,10
8427483ffffffff-2012-05,2
8427483ffffffff-2012-07,1
8427483ffffffff-2013-04,2
8427483ffffffff-2013-05,2
8427483ffffffff-2013-08,1
8427483ffffffff-2013-09,1
8427483ffffffff-2014-04,8
8427483ffffffff-2014-05,6
8427483ffffffff-2014-08,4
8427483ffffffff-2014-09,12
8427483ffffffff-2014-10,14
8427483ffffffff-2015-04,4
8427483ffffffff-2015-05,12
8427483ffffffff-2015-08,6
8427483ffffffff-2015-09,3
8427483ffffffff-2015-10,11
8427483ffffffff-2016-04,5
8427483ffffffff-2016-05,6
8427483ffffffff-2016-07,3
8427483ffffffff-2016-08,10
8427483ffffffff-2016-09,3
8427483ffffffff-2017-04,24
8427483ffffffff-2017-05,18
8427483ffffffff-2017-08,4
8427483ffffffff-2017-09,3
8427483ffffffff-2017-10,1
8427483ffffffff-2018-04,14
8427483ffffffff-2018-05,21
8427483ffffffff-2018-07,2
8427483ffffffff-2018-08,5
8427483ffffffff-2018-09,3
8427483ffffffff-2018-10,1
8427483ffffffff-2019-04,3
8427483ffffffff-2019-05,1
8427483ffffffff-2019-07,3
8427483ffffffff-2019-08,6
8427483ffffffff-2019-09,2
8427483ffffffff-2019-10,6
8427483ffffffff-2020-04,6
8427483ffffffff-2020-05,17
8427483ffffffff-2020-06,12
8427483ffffffff-2020-07,10
8427483ffffffff-2020-08,28
8427483ffffffff-2020-09,22
8427483ffffffff-2020-10,6
8427483ffffffff-2021-03,1
8427483ffffffff-2021-04,68
8427483ffffffff-2021-05,58
8427483ffffffff-2021-07,11
8427483ffffffff-2021-08,22
8427483ffffffff-2021-09,40
8427483ffffffff-2021-10,3
8427483ffffffff-2022-04,18
8427483ffffffff-2022-05,24
8427483ffffffff-2022-07,4
8427483ffffffff-2022-08,5
8427483ffffffff-2022-09,4
8427483ffffffff-2023-04,70
8427483ffffffff-2023-05,27
8427483ffffffff-2023-07,15
8427483ffffffff-2023-08,16
8427483ffffffff-2023-09,1
8427483ffffffff-2023-10,1
8427485ffffffff-2012-04,2
8427485ffffffff-2012-05,1
8427485ffffffff-2012-07,1
8427485ffffffff-2012-08,6
8427485ffffffff-2013-04,5
8427485ffffffff-2013-05,8
8427485ffffffff-2014-04,1
8427485ffffffff-2014-05,10
8427485ffffffff-2014-08,12
8427485ffffffff-2014-09,3
8427485ffffffff-2015-04,1
8427485ffffffff-2015-05,7
8427485ffffffff-2015-07,1
8427485ffffffff-2015-08,14
8427485ffffffff-2015-09,20
8427485ffffffff-2015-10,1
8427485ffffffff-2016-04,11
8427485ffffffff-2016-05,9
8427485ffffffff-2016-07,2
8427485ffffffff-2016-08,48
8427485ffffffff-2016-09,3
8427485ffffffff-2016-10,1
8427485ffffffff-2017-04,8
8427485ffffffff-2017-05,11
8427485ffffffff-2017-07,5
8427485ffffffff-2017-08,18
8427485ffffffff-2017-09,8
8427485ffffffff-2017-10,1
8427485ffffffff-2018-04,13
8427485ffffffff-2018-05,16
8427485ffffffff-2018-07,9
8427485ffffffff-2018-08,17
8427485ffffffff-2018-09,25
8427485ffffffff-2019-04,14
8427485ffffffff-2019-05,31
8427485ffffffff-2019-07,2
8427485ffffffff-2019-08,4
8427485ffffffff-2019-09,1
8427485ffffffff-2019-10,10
8427485ffffffff-2020-04,43
8427485ffffffff-2020-05,44
8427485ffffffff-2020-07,7
8427485ffffffff-2020-08,15
8427485ffffffff-2020-09,11
8427485ffffffff-2021-04,7
8427485ffffffff-2021-05,33
8427485ffffffff-2021-07,4
8427485ffffffff-2021-08,8
8427485ffffffff-2021-09,14
8427485ffffffff-2021-10,3
8427485ffffffff-2022-04,34
8427485ffffffff-2022-05,85
8427485ffffffff-2022-07,4
8427485ffffffff-2022-08,37
8427485ffffffff-2022-09,4
8427485ffffffff-2023-04,8
8427485ffffffff-2023-05,16
8427485ffffffff-2023-07,37
8427485ffffffff-2023-08,46
8427485ffffffff-2023-09,1
8427485ffffffff-2023-10,2
8427487ffffffff-2013-04,5
8427487ffffffff-2013-05,1
8427487ffffffff-2014-04,4
8427487ffffffff-2014-05,7
8427487ffffffff-2014-08,1
8427487ffffffff-2015-04,4
8427487ffffffff-2015-05,5
8427487ffffffff-2015-07,4
8427487ffffffff-2015-08,4
8427487ffffffff-2015-10,3
8427487ffffffff-2016-04,4
8427487ffffffff-2016-05,5
8427487ffffffff-2016-08,4
8427487ffffffff-2017-03,2
8427487ffffffff-2017-04,3
8427487ffffffff-2017-05,14
8427487ffffffff-2017-07,6
8427487ffffffff-2017-08,10
8427487ffffffff-2017-09,8
8427487ffffffff-2017-10,2
8427487ffffffff-2018-03,7
8427487ffffffff-2018-04,41
8427487ffffffff-2018-05,24
8427487ffffffff-2018-07,5
8427487ffffffff-2018-08,8
8427487ffffffff-2018-09,3
8427487ffffffff-2018-10,3
8427487ffffffff-2019-04,12
8427487ffffffff-2019-05,21
8427487ffffffff-2019-07,4
8427487ffffffff-2019-08,27
8427487ffffffff-2019-09,6
8427487ffffffff-2019-10,21
8427487ffffffff-2020-03,2
8427487ffffffff-2020-04,41
8427487ffffffff-2020-05,39
8427487ffffffff-2020-07,8
8427487ffffffff-2020-08,22
8427487ffffffff-2020-09,22
8427487ffffffff-2020-10,51
8427487ffffffff-2021-04,30
8427487ffffffff-2021-05,15
8427487ffffffff-2021-08,7
8427487ffffffff-2021-10,3
8427487ffffffff-2022-04,3
8427487ffffffff-2022-05,4
8427487ffffffff-2022-07,7
8427487ffffffff-2022-08,10
8427487ffffffff-2022-09,6
8427487ffffffff-2022-10,1
8427487ffffffff-2023-04,15
8427487ffffffff-2023-05,11
8427487ffffffff-2023-07,6
8427487ffffffff-2023-08,6
8427487ffffffff-2023-09,14
8427487ffffffff-2023-10,5
8427487ffffffff-2023-11,1
8427489ffffffff-2012-04,1
8427489ffffffff-2013-04,5
8427489ffffffff-2013-05,4
8427489ffffffff-2013-08,1
8427489ffffffff-2014-04,2
8427489ffffffff-2014-05,1
8427489ffffffff-2014-07,2
8427489ffffffff-2014-08,1
8427489ffffffff-2014-09,1
8427489ffffffff-2015-05,1
8427489ffffffff-2015-09,2
8427489ffffffff-2016-04,1
8427489ffffffff-2016-05,3
8427489ffffffff-2016-09,4
8427489ffffffff-2017-03,1
8427489ffffffff-2017-04,10
8427489ffffffff-2017-05,2
8427489ffffffff-2017-07,1
8427489ffffffff-2017-08,4
8427489ffffffff-2017-09,4
8427489ffffffff-2018-04,7
8427489ffffffff-2018-05,13
8427489ffffffff-2018-07,1
8427489ffffffff-2018-08,1
8427489ffffffff-2019-04,3
8427489ffffffff-2019-05,2
8427489ffffffff-2019-07,2
8427489ffffffff-2019-08,1
8427489ffffffff-2019-10,1
8427489ffffffff-2020-03,1
8427489ffffffff-2020-04,34
8427489ffffffff-2020-05,6
8427489ffffffff-2020-07,3
8427489ffffffff-2020-08,2
8427489ffffffff-2020-09,2
8427489ffffffff-2021-04,1
8427489ffffffff-2021-05,1
8427489ffffffff-2021-09,1
8427489ffffffff-2022-04,10
8427489ffffffff-2022-05,11
8427489ffffffff-2023-04,2
8427489ffffffff-2023-05,9
842748bffffffff-2012-04,2
842748bffffffff-2012-09,2
842748bffffffff-2013-04,2
842748bffffffff-2013-05,1
842748bffffffff-2013-09,2
842748bffffffff-2014-04,3
842748bffffffff-2014-05,7
842748bffffffff-2014-07,15
842748bffffffff-2014-08,49
842748bffffffff-2014-09,13
842748bffffffff-2014-10,3
842748bffffffff-2015-04,2
842748bffffffff-2015-05,7
842748bffffffff-2015-06,1
842748bffffffff-2015-07,2
842748bffffffff-2015-08,4
842748bffffffff-2015-09,3
842748bffffffff-2015-10,1
842748bffffffff-2016-04,5
842748bffffffff-2016-05,9
842748bffffffff-2016-07,3
842748bffffffff-2016-08,11
842748bffffffff-2016-09,10
842748bffffffff-2016-10,11
842748bffffffff-2017-05,9
842748bffffffff-2017-07,2
842748bffffffff-2017-08,4
842748bffffffff-2017-09,2
842748bffffffff-2018-04,3
842748bffffffff-2018-05,4
842748bffffffff-2018-07,5
842748bffffffff-2018-08,2
842748bffffffff-2018-09,4
842748bffffffff-2018-10,1
842748bffffffff-2019-05,6
842748bffffffff-2019-08,8
842748bffffffff-2019-09,1
842748bffffffff-2019-10,1
842748bffffffff-2020-04,2
842748bffffffff-2020-05,14
842748bffffffff-2020-07,1
842748bffffffff-2020-08,4
842748bffffffff-2020-09,7
842748bffffffff-2021-04,1
842748bffffffff-2021-05,4
842748bffffffff-2021-07,1
842748bffffffff-2021-08,2
842748bffffffff-2021-09,3
842748bffffffff-2021-10,1
842748bffffffff-2022-04,1
842748bffffffff-2022-05,3
842748bffffffff-2022-07,1
842748bffffffff-2022-08,3
842748bffffffff-2022-09,11
842748bffffffff-2023-04,2
842748bffffffff-2023-05,16
842748bffffffff-2023-07,3
842748bffffffff-2023-08,12
842748bffffffff-2023-09,6
842748dffffffff-2012-04,3
842748dffffffff-2012-05,7
842748dffffffff-2012-07,2
842748dffffffff-2012-08,1
842748dffffffff-2012-09,2
842748dffffffff-2013-04,3
842748dffffffff-2013-05,12
842748dffffffff-2013-07,3
842748dffffffff-2013-08,1
842748dffffffff-2013-09,10
842748dffffffff-2014-04,2
842748dffffffff-2014-05,6
842748dffffffff-2014-08,11
842748dffffffff-2014-09,6
842748dffffffff-2014-10,2
842748dffffffff-2015-04,1
842748dffffffff-2015-05,2
842748dffffffff-2015-07,4
842748dffffffff-2015-08,25
842748dffffffff-2015-09,17
842748dffffffff-2015-10,30
842748dffffffff-2016-04,3
842748dffffffff-2016-05,10
842748dffffffff-2016-07,6
842748dffffffff-2016-08,16
842748dffffffff-2016-09,36
842748dffffffff-2016-10,14
842748dffffffff-2016-11,1
842748dffffffff-2017-05,5
842748dffffffff-2017-07,9
842748dffffffff-2017-08,20
842748dffffffff-2017-09,25
842748dffffffff-2017-10,1
842748dffffffff-2018-04,4
842748dffffffff-2018-05,48
842748dffffffff-2018-08,4
842748dffffffff-2019-04,1
842748dffffffff-2019-05,3
842748dffffffff-2019-07,5
842748dffffffff-2019-08,11
842748dffffffff-2019-09,4
842748dffffffff-2020-04,2
842748dffffffff-2020-05,12
842748dffffffff-2020-07,2
842748dffffffff-2020-08,19
842748dffffffff-2020-09,5
842748dffffffff-2020-10,3
842748dffffffff-2021-04,21
842748dffffffff-2021-05,32
842748dffffffff-2021-08,5
842748dffffffff-2022-04,4
842748dffffffff-2022-07,1
842748dffffffff-2022-08,19
842748dffffffff-2022-09,16
842748dffffffff-2022-10,3
842748dffffffff-2023-04,5
842748dffffffff-2023-05,10
842748dffffffff-2023-07,3
842748dffffffff-2023-08,10
842748dffffffff-2023-09,14
8427491ffffffff-2012-04,6
8427491ffffffff-2012-05,1
8427491ffffffff-2012-07,3
8427491ffffffff-2013-08,3
8427491ffffffff-2013-09,2
8427491ffffffff-2014-04,2
8427491ffffffff-2014-08,1
8427491ffffffff-2015-08,1
8427491ffffffff-2016-05,3
8427491ffffffff-2016-07,4
8427491ffffffff-2016-08,11
8427491ffffffff-2017-03,1
8427491ffffffff-2017-05,3
8427491ffffffff-2017-07,1
8427491ffffffff-2017-08,31
8427491ffffffff-2017-09,4
8427491ffffffff-2017-10,4
8427491ffffffff-2018-04,2
8427491ffffffff-2018-05,2
8427491ffffffff-2018-07,10
8427491ffffffff-2018-08,8
8427491ffffffff-2018-09,2
8427491ffffffff-2018-10,2
8427491ffffffff-2019-05,9
8427491ffffffff-2019-07,2
8427491ffffffff-2019-08,7
8427491ffffffff-2019-09,3
8427491ffffffff-2020-04,25
8427491ffffffff-2020-05,32
8427491ffffffff-2020-07,3
8427491ffffffff-2020-08,9
8427491ffffffff-2020-09,2
8427491ffffffff-2020-10,4
8427491ffffffff-2021-04,11
8427491ffffffff-2021-05,32
8427491ffffffff-2021-07,1
8427491ffffffff-2021-08,31
8427491ffffffff-2021-10,2
8427491ffffffff-2022-04,14
8427491ffffffff-2022-05,12
8427491ffffffff-2022-08,2
8427491ffffffff-2022-09,2
8427491ffffffff-2022-10,1
8427491ffffffff-2023-04,8
8427491ffffffff-2023-05,14
8427491ffffffff-2023-09,4
8427491ffffffff-2023-10,4
8427493ffffffff-2012-04,5
8427493ffffffff-2012-05,1
8427493ffffffff-2012-07,1
8427493ffffffff-2013-04,1
8427493ffffffff-2013-08,5
8427493ffffffff-2013-09,2
8427493ffffffff-2014-04,1
8427493ffffffff-2014-05,1
8427493ffffffff-2014-07,1
8427493ffffffff-2015-05,2
8427493ffffffff-2016-04,4
8427493ffffffff-2016-05,5
8427493ffffffff-2016-07,1
8427493ffffffff-2016-08,1
8427493ffffffff-2017-04,4
8427493ffffffff-2017-05,2
8427493ffffffff-2018-04,2
8427493ffffffff-2018-05,5
8427493ffffffff-2018-07,1
8427493ffffffff-2018-10,1
8427493ffffffff-2019-04,1
8427493ffffffff-2020-04,10
8427493ffffffff-2020-05,9
8427493ffffffff-2020-07,3
8427493ffffffff-2020-08,6
8427493ffffffff-2020-09,1
8427493ffffffff-2021-04,1
8427493ffffffff-2021-05,6
8427493ffffffff-2021-08,1
8427493ffffffff-2021-09,1
8427493ffffffff-2022-04,1
8427493ffffffff-2022-09,1
8427493ffffffff-2023-04,3
8427493ffffffff-2023-05,3
8427493ffffffff-2023-08,1
8427495ffffffff-2012-05,1
8427495ffffffff-2012-08,1
8427495ffffffff-2012-09,2
8427495ffffffff-2013-04,1
8427495ffffffff-2013-05,1
8427495ffffffff-2013-08,3
8427495ffffffff-2013-09,10
8427495ffffffff-2013-10,2
8427495ffffffff-2014-04,3
8427495ffffffff-2014-05,5
8427495ffffffff-2014-07,8
8427495ffffffff-2014-08,16
8427495ffffffff-2014-09,21
8427495ffffffff-2014-10,4
8427495ffffffff-2015-06,1
8427495ffffffff-2015-07,1
8427495ffffffff-2015-08,17
8427495ffffffff-2015-09,28
8427495ffffffff-2015-10,16
8427495ffffffff-2016-04,5
8427495ffffffff-2016-05,8
8427495ffffffff-2016-07,5
8427495ffffffff-2016-08,11
8427495ffffffff-2016-09,9
8427495ffffffff-2016-10,5
8427495ffffffff-2017-04,6
8427495ffffffff-2017-05,1
8427495ffffffff-2017-08,13
8427495ffffffff-2017-09,18
8427495ffffffff-2017-10,3
8427495ffffffff-2018-03,2
8427495ffffffff-2018-04,10
8427495ffffffff-2018-05,8
8427495ffffffff-2018-07,3
8427495ffffffff-2018-08,35
8427495ffffffff-2018-09,9
8427495ffffffff-2018-10,5
8427495ffffffff-2019-04,2
8427495ffffffff-2019-05,1
8427495ffffffff-2019-08,4
8427495ffffffff-2019-09,2
8427495ffffffff-2020-04,1
8427495ffffffff-2020-05,5
8427495ffffffff-2020-07,9
8427495ffffffff-2020-08,14
8427495ffffffff-2020-09,57
8427495ffffffff-2020-10,2
8427495ffffffff-2021-04,9
8427495ffffffff-2021-05,5
8427495ffffffff-2021-07,2
8427495ffffffff-2021-08,12
8427495ffffffff-2021-09,13
8427495ffffffff-2021-10,7
8427495ffffffff-2022-04,11
8427495ffffffff-2022-05,16
8427495ffffffff-2022-07,4
8427495ffffffff-2022-08,30
8427495ffffffff-2022-09,26
8427495ffffffff-2022-10,5
8427495ffffffff-2023-04,19
8427495ffffffff-2023-05,10
8427495ffffffff-2023-07,12
8427495ffffffff-2023-08,9
8427495ffffffff-2023-09,19
8427495ffffffff-2023-10,4
8427497ffffffff-2014-04,1
8427497ffffffff-2015-03,2
8427497ffffffff-2015-04,10
8427497ffffffff-2015-05,1
8427497ffffffff-2015-09,1
8427497ffffffff-2016-04,1
8427497ffffffff-2016-05,4
8427497ffffffff-2017-03,1
8427497ffffffff-2017-04,1
8427497ffffffff-2017-05,5
8427497ffffffff-2017-08,2
8427497ffffffff-2017-09,1
8427497ffffffff-2017-10,4
8427497ffffffff-2018-04,2
8427497ffffffff-2018-05,3
8427497ffffffff-2018-07,14
8427497ffffffff-2018-08,1
8427497ffffffff-2019-05,4
8427497ffffffff-2019-08,1
8427497ffffffff-2019-09,1
8427497ffffffff-2020-04,4
8427497ffffffff-2020-05,1
8427497ffffffff-2020-07,3
8427497ffffffff-2020-08,24
8427497ffffffff-2020-09,21
8427497ffffffff-2020-10,10
8427497ffffffff-2021-04,2
8427497ffffffff-2021-05,7
8427497ffffffff-2021-06,1
8427497ffffffff-2021-07,1
8427497ffffffff-2021-08,2
8427497ffffffff-2021-09,3
8427497ffffffff-2021-10,1
8427497ffffffff-2022-04,7
8427497ffffffff-2022-05,2
8427497ffffffff-2022-07,1
8427497ffffffff-2022-08,2
8427497ffffffff-2022-09,1
8427497ffffffff-2022-10,6
8427497ffffffff-2023-04,2
8427497ffffffff-2023-05,7
8427497ffffffff-2023-09,4
8427497ffffffff-2023-10,8
8427499ffffffff-2012-04,19
8427499ffffffff-2012-05,19
8427499ffffffff-2012-07,9
8427499ffffffff-2012-08,11
8427499ffffffff-2012-09,6
8427499ffffffff-2012-10,6
8427499ffffffff-2013-04,12
8427499ffffffff-2013-05,23
8427499ffffffff-2013-07,2
8427499ffffffff-2013-08,61
8427499ffffffff-2013-09,25
8427499ffffffff-2013-10,29
8427499ffffffff-2013-11,1
8427499ffffffff-2014-04,38
8427499ffffffff-2014-05,56
8427499ffffffff-2014-08,4
8427499ffffffff-2014-09,3
8427499ffffffff-2014-10,11
8427499ffffffff-2015-03,1
8427499ffffffff-2015-04,26
8427499ffffffff-2015-05,78
8427499ffffffff-2015-07,11
8427499ffffffff-2015-08,22
8427499ffffffff-2015-09,19
8427499ffffffff-2015-10,79
8427499ffffffff-2015-11,11
8427499ffffffff-2016-04,44
8427499ffffffff-2016-05,58
8427499ffffffff-2016-07,7
8427499ffffffff-2016-08,60
8427499ffffffff-2016-09,5
8427499ffffffff-2016-10,3
8427499ffffffff-2017-04,20
8427499ffffffff-2017-05,19
8427499ffffffff-2017-06,3
8427499ffffffff-2017-07,10
8427499ffffffff-2017-08,74
8427499ffffffff-2017-09,50
8427499ffffffff-2017-10,52
8427499ffffffff-2018-04,27
8427499ffffffff-2018-05,44
8427499ffffffff-2018-07,129
8427499ffffffff-2018-08,78
8427499ffffffff-2018-09,44
8427499ffffffff-2018-10,40
8427499ffffffff-2019-04,76
8427499ffffffff-2019-05,24
8427499ffffffff-2019-07,95
8427499ffffffff-2019-08,107
8427499ffffffff-2019-09,42
8427499ffffffff-2019-10,19
8427499ffffffff-2020-04,163
8427499ffffffff-2020-05,145
8427499ffffffff-2020-07,27
8427499ffffffff-2020-08,114
8427499ffffffff-2020-09,47
8427499ffffffff-2020-10,42
8427499ffffffff-2021-04,37
8427499ffffffff-2021-05,86
8427499ffffffff-2021-07,4
8427499ffffffff-2021-08,15
8427499ffffffff-2021-09,27
8427499ffffffff-2021-10,2
8427499ffffffff-2022-04,9
8427499ffffffff-2022-05,33
8427499ffffffff-2022-07,37
8427499ffffffff-2022-08,50
8427499ffffffff-2022-09,48
8427499ffffffff-2022-10,36
8427499ffffffff-2022-11,4
8427499ffffffff-2023-03,1
8427499ffffffff-2023-04,83
8427499ffffffff-2023-05,11
8427499ffffffff-2023-07,12
8427499ffffffff-2023-08,6
8427499ffffffff-2023-09,7
842749bffffffff-2012-04,2
842749bffffffff-2014-09,2
842749bffffffff-2014-10,1
842749bffffffff-2015-05,2
842749bffffffff-2015-08,1
842749bffffffff-2015-09,6
842749bffffffff-2015-10,2
842749bffffffff-2016-04,3
842749bffffffff-2017-04,1
842749bffffffff-2017-05,2
842749bffffffff-2017-08,2
842749bffffffff-2018-05,2
842749bffffffff-2018-08,2
842749bffffffff-2019-05,2
842749bffffffff-2019-07,8
842749bffffffff-2019-08,1
842749bffffffff-2020-04,10
842749bffffffff-2020-05,6
842749bffffffff-2021-04,1
842749bffffffff-2021-05,5
842749bffffffff-2022-04,1
842749bffffffff-2022-05,2
842749bffffffff-2023-05,1
842749bffffffff-2023-09,5
842749bffffffff-2023-10,1
842749dffffffff-2014-04,3
842749dffffffff-2014-05,14
842749dffffffff-2014-10,2
842749dffffffff-2015-07,2
842749dffffffff-2015-08,73
842749dffffffff-2015-09,1
842749dffffffff-2015-10,1
842749dffffffff-2016-03,5
842749dffffffff-2016-04,3
842749dffffffff-2016-05,1
842749dffffffff-2016-07,2
842749dffffffff-2016-08,3
842749dffffffff-2016-09,4
842749dffffffff-2017-04,11
842749dffffffff-2017-05,39
842749dffffffff-2017-07,2
842749dffffffff-2017-08,9
842749dffffffff-2017-09,4
842749dffffffff-2018-04,13
842749dffffffff-2018-05,18
842749dffffffff-2018-07,2
842749dffffffff-2018-08,2
842749dffffffff-2018-11,1
842749dffffffff-2019-04,6
842749dffffffff-2019-05,2
842749dffffffff-2019-07,1
842749dffffffff-2019-08,2
842749dffffffff-2019-09,1
842749dffffffff-2020-04,16
842749dffffffff-2020-05,27
842749dffffffff-2020-07,1
842749dffffffff-2020-08,6
842749dffffffff-2020-09,2
842749dffffffff-2020-10,1
842749dffffffff-2021-04,21
842749dffffffff-2021-05,14
842749dffffffff-2021-07,23
842749dffffffff-2021-08,14
842749dffffffff-2021-09,3
842749dffffffff-2021-10,13
842749dffffffff-2022-03,2
842749dffffffff-2022-04,83
842749dffffffff-2022-05,24
842749dffffffff-2022-06,6
842749dffffffff-2022-07,4
842749dffffffff-2022-08,4
842749dffffffff-2022-09,2
842749dffffffff-2022-10,11
842749dffffffff-2023-04,43
842749dffffffff-2023-05,15
842749dffffffff-2023-08,43
842749dffffffff-2023-09,2
84274a3ffffffff-2012-04,1
84274a3ffffffff-2013-07,1
84274a3ffffffff-2013-10,1
84274a3ffffffff-2014-05,1
84274a3ffffffff-2014-08,1
84274a3ffffffff-2015-08,1
84274a3ffffffff-2019-04,1
84274a3ffffffff-2020-04,3
84274a3ffffffff-2020-05,5
84274a3ffffffff-2020-07,2
84274a3ffffffff-2020-08,1
84274a3ffffffff-2020-09,1
84274a3ffffffff-2021-04,6
84274a3ffffffff-2021-05,28
84274a3ffffffff-2021-08,7
84274a3ffffffff-2021-09,1
84274a3ffffffff-2022-08,10
84274a3ffffffff-2022-09,5
84274a3ffffffff-2023-05,1
84274a3ffffffff-2023-09,1
84274abffffffff-2012-04,4
84274abffffffff-2012-07,8
84274abffffffff-2012-08,6
84274abffffffff-2012-09,10
84274abffffffff-2012-10,4
84274abffffffff-2013-04,13
84274abffffffff-2013-05,12
84274abffffffff-2013-07,24
84274abffffffff-2013-08,42
84274abffffffff-2013-09,16
84274abffffffff-2013-10,16
84274abffffffff-2013-11,6
84274abffffffff-2014-04,15
84274abffffffff-2014-05,5
84274abffffffff-2014-07,2
84274abffffffff-2014-08,1
84274abffffffff-2014-09,1
84274abffffffff-2014-10,1
84274abffffffff-2015-04,3
84274abffffffff-2015-07,1
84274abffffffff-2015-08,1
84274abffffffff-2016-04,9
84274abffffffff-2016-05,5
84274abffffffff-2016-07,1
84274abffffffff-2016-08,8
84274abffffffff-2016-09,12
84274abffffffff-2017-04,1
84274abffffffff-2017-05,4
84274abffffffff-2017-10,2
84274abffffffff-2018-03,1
84274abffffffff-2018-04,6
84274abffffffff-2018-05,3
84274abffffffff-2018-09,1
84274abffffffff-2019-04,5
84274abffffffff-2019-05,51
84274abffffffff-2019-10,1
84274abffffffff-2020-04,25
84274abffffffff-2020-05,6
84274abffffffff-2020-07,1
84274abffffffff-2020-09,1
84274abffffffff-2021-03,1
84274abffffffff-2021-04,6
84274abffffffff-2021-05,6
84274abffffffff-2021-07,9
84274abffffffff-2021-08,6
84274abffffffff-2021-09,1
84274abffffffff-2021-10,1
84274abffffffff-2022-04,8
84274abffffffff-2022-05,2
84274abffffffff-2022-07,1
84274abffffffff-2022-08,6
84274abffffffff-2022-09,2
84274abffffffff-2023-04,10
84274abffffffff-2023-05,59
84274abffffffff-2023-08,4
84274abffffffff-2023-09,5
84274abffffffff-2023-10,3
84274b1ffffffff-2012-09,1
84274b1ffffffff-2013-08,1
84274b1ffffffff-2013-09,1
84274b1ffffffff-2013-10,1
84274b1ffffffff-2014-08,4
84274b1ffffffff-2014-10,3
84274b1ffffffff-2015-04,7
84274b1ffffffff-2015-05,4
84274b1ffffffff-2015-07,1
84274b1ffffffff-2015-08,1
84274b1ffffffff-2015-09,2
84274b1ffffffff-2015-10,2
84274b1ffffffff-2016-04,2
84274b1ffffffff-2016-08,5
84274b1ffffffff-2017-04,4
84274b1ffffffff-2017-05,1
84274b1ffffffff-2017-07,1
84274b1ffffffff-2017-08,3
84274b1ffffffff-2017-09,2
84274b1ffffffff-2017-10,1
84274b1ffffffff-2018-04,5
84274b1ffffffff-2018-05,6
84274b1ffffffff-2018-08,3
84274b1ffffffff-2019-05,4
84274b1ffffffff-2019-07,1
84274b1ffffffff-2019-08,5
84274b1ffffffff-2020-04,19
84274b1ffffffff-2020-05,13
84274b1ffffffff-2020-07,6
84274b1ffffffff-2020-08,8
84274b1ffffffff-2020-09,2
84274b1ffffffff-2021-03,1
84274b1ffffffff-2021-04,7
84274b1ffffffff-2021-05,6
84274b1ffffffff-2021-08,5
84274b1ffffffff-2021-09,13
84274b1ffffffff-2022-04,1
84274b1ffffffff-2022-05,1
84274b1ffffffff-2022-08,23
84274b1ffffffff-2022-09,20
84274b1ffffffff-2022-10,2
84274b1ffffffff-2023-04,9
84274b1ffffffff-2023-05,2
84274b1ffffffff-2023-08,3
84274b3ffffffff-2014-04,2
84274b3ffffffff-2014-05,2
84274b3ffffffff-2014-07,1
84274b3ffffffff-2014-08,1
84274b3ffffffff-2014-09,4
84274b3ffffffff-2015-04,1
84274b3ffffffff-2015-08,1
84274b3ffffffff-2015-09,1
84274b3ffffffff-2016-04,1
84274b3ffffffff-2016-05,1
84274b3ffffffff-2016-07,3
84274b3ffffffff-2016-08,1
84274b3ffffffff-2016-09,1
84274b3ffffffff-2016-10,2
84274b3ffffffff-2016-11,1
84274b3ffffffff-2017-03,2
84274b3ffffffff-2017-04,6
84274b3ffffffff-2017-05,1
84274b3ffffffff-2017-08,8
84274b3ffffffff-2017-09,7
84274b3ffffffff-2017-10,4
84274b3ffffffff-2018-04,4
84274b3ffffffff-2018-05,7
84274b3ffffffff-2018-07,1
84274b3ffffffff-2018-08,1
84274b3ffffffff-2019-05,2
84274b3ffffffff-2020-04,22
84274b3ffffffff-2020-05,12
84274b3ffffffff-2020-08,15
84274b3ffffffff-2020-09,2
84274b3ffffffff-2020-10,1
84274b3ffffffff-2020-11,1
84274b3ffffffff-2021-04,3
84274b3ffffffff-2021-05,9
84274b3ffffffff-2021-08,1
84274b3ffffffff-2021-09,2
84274b3ffffffff-2022-04,1
84274b3ffffffff-2022-05,7
84274b3ffffffff-2022-08,5
84274b3ffffffff-2022-09,6
84274b3ffffffff-2022-10,1
84274b3ffffffff-2023-04,6
84274b3ffffffff-2023-05,3
84274b3ffffffff-2023-07,3
84274b5ffffffff-2012-04,3
84274b5ffffffff-2012-05,3
84274b5ffffffff-2012-09,1
84274b5ffffffff-2013-04,8
84274b5ffffffff-2013-05,25
84274b5ffffffff-2014-04,36
84274b5ffffffff-2014-05,20
84274b5ffffffff-2014-07,1
84274b5ffffffff-2014-08,1
84274b5ffffffff-2014-09,1
84274b5ffffffff-2014-10,1
84274b5ffffffff-2015-04,20
84274b5ffffffff-2015-05,20
84274b5ffffffff-2015-08,5
84274b5ffffffff-2015-09,4
84274b5ffffffff-2016-03,2
84274b5ffffffff-2016-04,26
84274b5ffffffff-2016-05,29
84274b5ffffffff-2016-07,6
84274b5ffffffff-2016-08,20
84274b5ffffffff-2016-09,22
84274b5ffffffff-2016-10,1
84274b5ffffffff-2017-03,9
84274b5ffffffff-2017-04,30
84274b5ffffffff-2017-05,36
84274b5ffffffff-2017-07,4
84274b5ffffffff-2017-08,5
84274b5ffffffff-2017-09,6
84274b5ffffffff-2017-10,3
84274b5ffffffff-2018-04,43
84274b5ffffffff-2018-05,25
84274b5ffffffff-2018-06,1
84274b5ffffffff-2018-07,2
84274b5ffffffff-2018-08,4
84274b5ffffffff-2018-09,7
84274b5ffffffff-2018-10,2
84274b5ffffffff-2019-04,37
84274b5ffffffff-2019-05,17
84274b5ffffffff-2019-07,40
84274b5ffffffff-2019-08,83
84274b5ffffffff-2019-09,10
84274b5ffffffff-2019-10,6
84274b5ffffffff-2019-11,2
84274b5ffffffff-2020-04,39
84274b5ffffffff-2020-05,99
84274b5ffffffff-2020-06,1
84274b5ffffffff-2020-07,9
84274b5ffffffff-2020-08,16
84274b5ffffffff-2020-09,12
84274b5ffffffff-2020-10,3
84274b5ffffffff-2021-04,57
84274b5ffffffff-2021-05,83
84274b5ffffffff-2021-07,2
84274b5ffffffff-2021-08,28
84274b5ffffffff-2021-09,6
84274b5ffffffff-2022-04,31
84274b5ffffffff-2022-05,53
84274b5ffffffff-2022-07,29
84274b5ffffffff-2022-08,27
84274b5ffffffff-2022-09,5
84274b5ffffffff-2022-10,3
84274b5ffffffff-2022-11,2
84274b5ffffffff-2023-04,110
84274b5ffffffff-2023-05,183
84274b5ffffffff-2023-07,16
84274b5ffffffff-2023-08,84
84274b5ffffffff-2023-09,20
84274b7ffffffff-2013-05,5
84274b7ffffffff-2013-08,2
84274b7ffffffff-2013-10,3
84274b7ffffffff-2014-04,1
84274b7ffffffff-2014-05,8
84274b7ffffffff-2014-08,2
84274b7ffffffff-2014-09,1
84274b7ffffffff-2015-04,2
84274b7ffffffff-2015-05,4
84274b7ffffffff-2015-07,5
84274b7ffffffff-2015-08,28
84274b7ffffffff-2015-09,16
84274b7ffffffff-2015-10,4
84274b7ffffffff-2016-03,1
84274b7ffffffff-2016-04,16
84274b7ffffffff-2016-05,15
84274b7ffffffff-2016-06,1
84274b7ffffffff-2016-07,4
84274b7ffffffff-2016-08,9
84274b7ffffffff-2016-09,20
84274b7ffffffff-2016-10,7
84274b7ffffffff-2017-03,8
84274b7ffffffff-2017-04,29
84274b7ffffffff-2017-05,12
84274b7ffffffff-2017-07,3
84274b7ffffffff-2017-08,41
84274b7ffffffff-2017-09,8
84274b7ffffffff-2018-03,1
84274b7ffffffff-2018-04,22
84274b7ffffffff-2018-05,22
84274b7ffffffff-2018-07,1
84274b7ffffffff-2018-08,18
84274b7ffffffff-2018-09,11
84274b7ffffffff-2018-10,1
84274b7ffffffff-2019-04,14
84274b7ffffffff-2019-05,21
84274b7ffffffff-2019-07,3
84274b7ffffffff-2019-08,18
84274b7ffffffff-2019-09,14
84274b7ffffffff-2019-10,1
84274b7ffffffff-2020-04,57
84274b7ffffffff-2020-05,37
84274b7ffffffff-2020-08,1
84274b7ffffffff-2020-09,2
84274b7ffffffff-2021-04,19
84274b7ffffffff-2021-05,28
84274b7ffffffff-2021-07,12
84274b7ffffffff-2021-08,11
84274b7ffffffff-2021-09,15
84274b7ffffffff-2021-10,5
84274b7ffffffff-2022-04,9
84274b7ffffffff-2022-05,10
84274b7ffffffff-2022-08,3
84274b7ffffffff-2022-09,4
84274b7ffffffff-2023-04,3
84274b7ffffffff-2023-05,14
84274b7ffffffff-2023-07,3
84274b7ffffffff-2023-08,7
84274b7ffffffff-2023-09,3
84274b9ffffffff-2013-10,1
84274b9ffffffff-2014-04,1
84274b9ffffffff-2014-05,3
84274b9ffffffff-2014-09,2
84274b9ffffffff-2015-05,1
84274b9ffffffff-2015-10,2
84274b9ffffffff-2016-04,4
84274b9ffffffff-2016-05,2
84274b9ffffffff-2016-08,5
84274b9ffffffff-2016-09,3
84274b9ffffffff-2017-04,7
84274b9ffffffff-2017-05,2
84274b9ffffffff-2017-08,10
84274b9ffffffff-2017-09,8
84274b9ffffffff-2017-10,3
84274b9ffffffff-2018-04,10
84274b9ffffffff-2018-05,9
84274b9ffffffff-2018-07,2
84274b9ffffffff-2018-08,30
84274b9ffffffff-2018-09,19
84274b9ffffffff-2018-10,27
84274b9ffffffff-2018-11,1
84274b9ffffffff-2019-04,3
84274b9ffffffff-2019-05,3
84274b9ffffffff-2019-07,5
84274b9ffffffff-2019-08,20
84274b9ffffffff-2019-09,4
84274b9ffffffff-2019-10,2
84274b9ffffffff-2020-04,19
84274b9ffffffff-2020-05,25
84274b9ffffffff-2020-07,11
84274b9ffffffff-2020-08,46
84274b9ffffffff-2020-09,41
84274b9ffffffff-2020-10,9
84274b9ffffffff-2021-04,16
84274b9ffffffff-2021-05,5
84274b9ffffffff-2021-07,7
84274b9ffffffff-2022-04,3
84274b9ffffffff-2022-05,2
84274b9ffffffff-2022-07,2
84274b9ffffffff-2022-08,34
84274b9ffffffff-2022-09,10
84274b9ffffffff-2023-04,10
84274b9ffffffff-2023-05,8
84274b9ffffffff-2023-07,2
84274b9ffffffff-2023-08,5
84274b9ffffffff-2023-09,1
84274bbffffffff-2013-04,1
84274bbffffffff-2013-05,2
84274bbffffffff-2013-09,5
84274bbffffffff-2013-10,4
84274bbffffffff-2013-11,1
84274bbffffffff-2014-04,7
84274bbffffffff-2014-05,5
84274bbffffffff-2014-07,1
84274bbffffffff-2014-08,5
84274bbffffffff-2014-09,5
84274bbffffffff-2014-10,2
84274bbffffffff-2015-04,1
84274bbffffffff-2015-08,14
84274bbffffffff-2015-09,3
84274bbffffffff-2016-04,1
84274bbffffffff-2016-05,6
84274bbffffffff-2016-07,1
84274bbffffffff-2016-09,1
84274bbffffffff-2017-03,1
84274bbffffffff-2017-04,6
84274bbffffffff-2017-05,8
84274bbffffffff-2017-07,7
84274bbffffffff-2017-08,3
84274bbffffffff-2017-09,6
84274bbffffffff-2017-10,1
84274bbffffffff-2018-04,7
84274bbffffffff-2018-05,17
84274bbffffffff-2018-07,7
84274bbffffffff-2018-08,18
84274bbffffffff-2018-09,9
84274bbffffffff-2018-10,3
84274bbffffffff-2018-11,3
84274bbffffffff-2019-04,4
84274bbffffffff-2019-05,16
84274bbffffffff-2019-07,8
84274bbffffffff-2019-08,20
84274bbffffffff-2019-09,6
84274bbffffffff-2019-10,2
84274bbffffffff-2020-03,1
84274bbffffffff-2020-04,15
84274bbffffffff-2020-05,20
84274bbffffffff-2020-07,6
84274bbffffffff-2020-08,17
84274bbffffffff-2020-09,10
84274bbffffffff-2020-10,1
84274bbffffffff-2021-04,3
84274bbffffffff-2021-05,16
84274bbffffffff-2021-08,12
84274bbffffffff-2021-09,17
84274bbffffffff-2021-10,5
84274bbffffffff-2022-04,8
84274bbffffffff-2022-05,15
84274bbffffffff-2022-07,7
84274bbffffffff-2022-08,16
84274bbffffffff-2022-09,9
84274bbffffffff-2023-04,8
84274bbffffffff-2023-05,10
84274bbffffffff-2023-07,1
84274bbffffffff-2023-08,6
84274bbffffffff-2023-09,5
84274bbffffffff-2023-10,2
84274bdffffffff-2013-05,5
84274bdffffffff-2014-04,1
84274bdffffffff-2014-09,1
84274bdffffffff-2015-05,1
84274bdffffffff-2017-04,2
84274bdffffffff-2017-10,4
84274bdffffffff-2018-04,2
84274bdffffffff-2018-05,1
84274bdffffffff-2018-07,3
84274bdffffffff-2018-08,3
84274bdffffffff-2019-04,1
84274bdffffffff-2019-07,2
84274bdffffffff-2019-08,13
84274bdffffffff-2019-09,5
84274bdffffffff-2020-04,2
84274bdffffffff-2020-05,5
84274bdffffffff-2020-07,7
84274bdffffffff-2020-08,10
84274bdffffffff-2021-04,7
84274bdffffffff-2021-05,9
84274bdffffffff-2021-08,2
84274bdffffffff-2021-09,1
84274bdffffffff-2022-04,3
84274bdffffffff-2022-05,1
84274bdffffffff-2022-08,2
84274bdffffffff-2023-04,1
84274bdffffffff-2023-05,5
84274bdffffffff-2023-08,1
84274c1ffffffff-2013-04,8
84274c1ffffffff-2013-05,7
84274c1ffffffff-2013-08,1
84274c1ffffffff-2014-04,2
84274c1ffffffff-2014-05,1
84274c1ffffffff-2015-04,6
84274c1ffffffff-2015-05,5
84274c1ffffffff-2015-06,1
84274c1ffffffff-2016-04,13
84274c1ffffffff-2016-05,7
84274c1ffffffff-2016-07,1
84274c1ffffffff-2016-09,2
84274c1ffffffff-2017-04,8
84274c1ffffffff-2017-05,11
84274c1ffffffff-2017-07,3
84274c1ffffffff-2017-08,4
84274c1ffffffff-2017-10,1
84274c1ffffffff-2018-04,6
84274c1ffffffff-2018-05,17
84274c1ffffffff-2018-07,1
84274c1ffffffff-2018-08,3
84274c1ffffffff-2018-09,6
84274c1ffffffff-2019-04,4
84274c1ffffffff-2019-05,8
84274c1ffffffff-2019-07,4
84274c1ffffffff-2019-08,26
84274c1ffffffff-2019-09,6
84274c1ffffffff-2020-04,18
84274c1ffffffff-2020-05,30
84274c1ffffffff-2020-07,3
84274c1ffffffff-2020-08,4
84274c1ffffffff-2021-04,7
84274c1ffffffff-2021-05,2
84274c1ffffffff-2021-07,12
84274c1ffffffff-2021-08,7
84274c1ffffffff-2021-09,1
84274c1ffffffff-2022-04,6
84274c1ffffffff-2022-05,9
84274c1ffffffff-2022-07,19
84274c1ffffffff-2022-08,6
84274c1ffffffff-2023-04,14
84274c1ffffffff-2023-05,26
84274c1ffffffff-2023-07,19
84274c1ffffffff-2023-08,18
84274c1ffffffff-2023-09,1
84274c3ffffffff-2014-05,1
84274c3ffffffff-2014-08,1
84274c3ffffffff-2015-05,2
84274c3ffffffff-2016-04,1
84274c3ffffffff-2017-04,1
84274c3ffffffff-2017-07,30
84274c3ffffffff-2017-08,41
84274c3ffffffff-2017-09,1
84274c3ffffffff-2018-04,1
84274c3ffffffff-2018-05,6
84274c3ffffffff-2018-07,1
84274c3ffffffff-2018-08,11
84274c3ffffffff-2018-09,2
84274c3ffffffff-2019-04,3
84274c3ffffffff-2019-05,1
84274c3ffffffff-2019-08,7
84274c3ffffffff-2019-09,1
84274c3ffffffff-2020-04,3
84274c3ffffffff-2020-05,4
84274c3ffffffff-2020-07,12
84274c3ffffffff-2020-08,5
84274c3ffffffff-2020-09,1
84274c3ffffffff-2020-10,4
84274c3ffffffff-2021-04,5
84274c3ffffffff-2021-05,9
84274c3ffffffff-2021-07,3
84274c3ffffffff-2021-08,3
84274c3ffffffff-2021-09,6
84274c3ffffffff-2021-10,1
84274c3ffffffff-2022-04,1
84274c3ffffffff-2022-05,5
84274c3ffffffff-2022-08,16
84274c3ffffffff-2022-10,2
84274c3ffffffff-2023-04,8
84274c3ffffffff-2023-05,8
84274c3ffffffff-2023-07,3
84274c3ffffffff-2023-08,28
84274c3ffffffff-2023-09,1
84274c3ffffffff-2023-10,4
84274c5ffffffff-2018-08,1
84274c5ffffffff-2019-07,2
84274c5ffffffff-2021-05,1
84274c5ffffffff-2022-05,3
84274c5ffffffff-2022-09,1
84274c5ffffffff-2023-07,1
84274c5ffffffff-2023-08,1
84274c7ffffffff-2013-05,1
84274c7ffffffff-2013-09,2
84274c7ffffffff-2014-05,4
84274c7ffffffff-2015-04,2
84274c7ffffffff-2015-05,1
84274c7ffffffff-2016-05,2
84274c7ffffffff-2016-09,1
84274c7ffffffff-2017-04,1
84274c7ffffffff-2018-07,1
84274c7ffffffff-2018-08,7
84274c7ffffffff-2018-09,2
84274c7ffffffff-2019-04,1
84274c7ffffffff-2019-08,12
84274c7ffffffff-2020-05,1
84274c7ffffffff-2020-07,1
84274c7ffffffff-2020-08,18
84274c7ffffffff-2020-09,1
84274c7ffffffff-2020-10,2
84274c7ffffffff-2021-04,1
84274c7ffffffff-2021-07,9
84274c7ffffffff-2021-08,4
84274c7ffffffff-2021-09,5
84274c7ffffffff-2022-04,2
84274c7ffffffff-2022-05,5
84274c7ffffffff-2022-07,2
84274c7ffffffff-2022-08,13
84274c7ffffffff-2022-09,1
84274c7ffffffff-2022-10,1
84274c7ffffffff-2023-04,3
84274c7ffffffff-2023-05,13
84274c7ffffffff-2023-07,3
84274c7ffffffff-2023-08,9
84274c7ffffffff-2023-09,2
84274c9ffffffff-2014-09,2
84274c9ffffffff-2015-05,2
84274c9ffffffff-2020-05,1
84274c9ffffffff-2022-07,1
84274c9ffffffff-2023-05,4
84274cbffffffff-2012-04,1
84274cbffffffff-2012-05,2
84274cbffffffff-2012-07,1
84274cbffffffff-2012-08,5
84274cbffffffff-2012-09,6
84274cbffffffff-2012-10,1
84274cbffffffff-2013-05,2
84274cbffffffff-2013-07,3
84274cbffffffff-2013-08,5
84274cbffffffff-2014-04,1
84274cbffffffff-2014-05,5
84274cbffffffff-2014-07,2
84274cbffffffff-2014-09,16
84274cbffffffff-2014-10,1
84274cbffffffff-2015-04,2
84274cbffffffff-2015-05,1
84274cbffffffff-2015-08,1
84274cbffffffff-2015-09,6
84274cbffffffff-2015-10,4
84274cbffffffff-2016-05,2
84274cbffffffff-2016-07,1
84274cbffffffff-2017-04,1
84274cbffffffff-2017-07,3
84274cbffffffff-2017-08,3
84274cbffffffff-2017-09,6
84274cbffffffff-2017-10,1
84274cbffffffff-2018-05,2
84274cbffffffff-2018-07,1
84274cbffffffff-2018-08,1
84274cbffffffff-2018-09,3
84274cbffffffff-2019-04,4
84274cbffffffff-2019-05,3
84274cbffffffff-2019-08,5
84274cbffffffff-2019-09,5
84274cbffffffff-2020-04,4
84274cbffffffff-2020-05,3
84274cbffffffff-2020-08,2
84274cbffffffff-2020-09,10
84274cbffffffff-2021-04,3
84274cbffffffff-2021-05,30
84274cbffffffff-2021-07,2
84274cbffffffff-2021-08,12
84274cbffffffff-2021-09,18
84274cbffffffff-2021-10,10
84274cbffffffff-2022-05,4
84274cbffffffff-2022-07,8
84274cbffffffff-2022-08,8
84274cbffffffff-2022-09,2
84274cbffffffff-2023-05,4
84274cbffffffff-2023-07,3
84274cbffffffff-2023-08,9
84274cbffffffff-2023-09,6
84274cdffffffff-2013-08,2
84274cdffffffff-2014-05,1
84274cdffffffff-2015-04,1
84274cdffffffff-2015-05,1
84274cdffffffff-2016-04,2
84274cdffffffff-2016-10,1
84274cdffffffff-2017-04,3
84274cdffffffff-2017-05,1
84274cdffffffff-2017-09,2
84274cdffffffff-2018-04,1
84274cdffffffff-2018-05,3
84274cdffffffff-2018-07,2
84274cdffffffff-2019-04,12
84274cdffffffff-2019-05,2
84274cdffffffff-2019-07,1
84274cdffffffff-2019-08,4
84274cdffffffff-2019-09,3
84274cdffffffff-2020-04,6
84274cdffffffff-2020-05,8
84274cdffffffff-2020-07,2
84274cdffffffff-2020-08,4
84274cdffffffff-2021-04,3
84274cdffffffff-2021-05,1
84274cdffffffff-2021-08,1
84274cdffffffff-2021-09,5
84274cdffffffff-2021-10,1
84274cdffffffff-2022-04,2
84274cdffffffff-2022-05,1
84274cdffffffff-2023-04,9
84274cdffffffff-2023-05,1
84274cdffffffff-2023-07,1
84274cdffffffff-2023-09,1
84274d1ffffffff-2012-04,3
84274d1ffffffff-2012-05,4
84274d1ffffffff-2013-05,1
84274d1ffffffff-2013-08,2
84274d1ffffffff-2013-10,1
84274d1ffffffff-2014-04,2
84274d1ffffffff-2014-05,3
84274d1ffffffff-2015-04,2
84274d1ffffffff-2015-05,3
84274d1ffffffff-2015-07,3
84274d1ffffffff-2015-08,11
84274d1ffffffff-2015-09,1
84274d1ffffffff-2016-04,8
84274d1ffffffff-2016-05,3
84274d1ffffffff-2016-07,14
84274d1ffffffff-2016-08,14
84274d1ffffffff-2016-09,4
84274d1ffffffff-2017-04,4
84274d1ffffffff-2017-06,1
84274d1ffffffff-2017-07,2
84274d1ffffffff-2017-08,11
84274d1ffffffff-2017-09,3
84274d1ffffffff-2017-10,1
84274d1ffffffff-2018-04,14
84274d1ffffffff-2018-05,52
84274d1ffffffff-2018-07,3
84274d1ffffffff-2018-08,5
84274d1ffffffff-2018-09,4
84274d1ffffffff-2018-10,1
84274d1ffffffff-2019-04,15
84274d1ffffffff-2019-05,19
84274d1ffffffff-2019-07,9
84274d1ffffffff-2019-08,15
84274d1ffffffff-2019-09,21
84274d1ffffffff-2019-10,7
84274d1ffffffff-2020-04,31
84274d1ffffffff-2020-05,66
84274d1ffffffff-2020-07,1
84274d1ffffffff-2020-08,15
84274d1ffffffff-2020-09,22
84274d1ffffffff-2020-10,8
84274d1ffffffff-2021-04,13
84274d1ffffffff-2021-05,68
84274d1ffffffff-2021-07,5
84274d1ffffffff-2021-08,52
84274d1ffffffff-2021-09,15
84274d1ffffffff-2021-10,4
84274d1ffffffff-2021-11,2
84274d1ffffffff-2022-04,20
84274d1ffffffff-2022-05,35
84274d1ffffffff-2022-07,5
84274d1ffffffff-2022-08,5
84274d1ffffffff-2022-09,7
84274d1ffffffff-2022-10,1
84274d1ffffffff-2023-04,22
84274d1ffffffff-2023-05,32
84274d1ffffffff-2023-07,2
84274d1ffffffff-2023-08,32
84274d1ffffffff-2023-09,28
84274d1ffffffff-2023-10,6
84274d3ffffffff-2012-04,1
84274d3ffffffff-2012-05,2
84274d3ffffffff-2012-06,5
84274d3ffffffff-2012-07,11
84274d3ffffffff-2012-08,9
84274d3ffffffff-2012-09,3
84274d3ffffffff-2013-05,6
84274d3ffffffff-2013-08,3
84274d3ffffffff-2013-09,2
84274d3ffffffff-2014-04,4
84274d3ffffffff-2014-05,1
84274d3ffffffff-2014-08,2
84274d3ffffffff-2014-09,6
84274d3ffffffff-2014-10,1
84274d3ffffffff-2015-05,2
84274d3ffffffff-2015-07,2
84274d3ffffffff-2015-08,2
84274d3ffffffff-2015-09,2
84274d3ffffffff-2015-10,17
84274d3ffffffff-2016-04,7
84274d3ffffffff-2016-05,4
84274d3ffffffff-2016-07,10
84274d3ffffffff-2016-08,38
84274d3ffffffff-2016-09,1
84274d3ffffffff-2016-10,1
84274d3ffffffff-2017-04,1
84274d3ffffffff-2017-07,4
84274d3ffffffff-2017-08,4
84274d3ffffffff-2017-09,7
84274d3ffffffff-2018-04,1
84274d3ffffffff-2018-05,4
84274d3ffffffff-2018-07,29
84274d3ffffffff-2018-08,14
84274d3ffffffff-2018-09,2
84274d3ffffffff-2019-04,6
84274d3ffffffff-2019-05,22
84274d3ffffffff-2019-07,4
84274d3ffffffff-2019-08,29
84274d3ffffffff-2019-09,5
84274d3ffffffff-2020-04,4
84274d3ffffffff-2020-05,63
84274d3ffffffff-2020-07,1
84274d3ffffffff-2020-08,6
84274d3ffffffff-2020-09,8
84274d3ffffffff-2020-10,4
84274d3ffffffff-2021-04,17
84274d3ffffffff-2021-05,32
84274d3ffffffff-2021-07,1
84274d3ffffffff-2021-08,16
84274d3ffffffff-2021-09,4
84274d3ffffffff-2022-04,5
84274d3ffffffff-2022-05,4
84274d3ffffffff-2022-07,10
84274d3ffffffff-2022-08,15
84274d3ffffffff-2022-09,10
84274d3ffffffff-2023-04,9
84274d3ffffffff-2023-05,23
84274d3ffffffff-2023-07,4
84274d3ffffffff-2023-08,5
84274d3ffffffff-2023-09,1
84274d5ffffffff-2012-03,1
84274d5ffffffff-2012-04,2
84274d5ffffffff-2012-05,3
84274d5ffffffff-2012-08,1
84274d5ffffffff-2012-10,1
84274d5ffffffff-2013-07,1
84274d5ffffffff-2013-08,12
84274d5ffffffff-2013-09,1
84274d5ffffffff-2014-04,14
84274d5ffffffff-2014-05,7
84274d5ffffffff-2014-07,12
84274d5ffffffff-2014-08,7
84274d5ffffffff-2015-04,4
84274d5ffffffff-2015-05,2
84274d5ffffffff-2015-07,3
84274d5ffffffff-2015-08,25
84274d5ffffffff-2015-09,2
84274d5ffffffff-2015-10,1
84274d5ffffffff-2016-03,1
84274d5ffffffff-2016-04,46
84274d5ffffffff-2016-05,28
84274d5ffffffff-2016-07,22
84274d5ffffffff-2016-08,7
84274d5ffffffff-2016-09,3
84274d5ffffffff-2017-03,15
84274d5ffffffff-2017-04,31
84274d5ffffffff-2017-05,40
84274d5ffffffff-2017-07,2
84274d5ffffffff-2017-08,15
84274d5ffffffff-2017-09,6
84274d5ffffffff-2017-10,2
84274d5ffffffff-2018-03,1
84274d5ffffffff-2018-04,30
84274d5ffffffff-2018-05,17
84274d5ffffffff-2018-07,4
84274d5ffffffff-2018-08,2
84274d5ffffffff-2018-09,1
84274d5ffffffff-2018-10,2
84274d5ffffffff-2019-04,27
84274d5ffffffff-2019-05,47
84274d5ffffffff-2019-08,12
84274d5ffffffff-2019-09,3
84274d5ffffffff-2020-04,37
84274d5ffffffff-2020-05,31
84274d5ffffffff-2020-07,42
84274d5ffffffff-2020-08,125
84274d5ffffffff-2020-09,15
84274d5ffffffff-2021-04,33
84274d5ffffffff-2021-05,44
84274d5ffffffff-2021-07,43
84274d5ffffffff-2021-08,105
84274d5ffffffff-2021-09,46
84274d5ffffffff-2021-10,4
84274d5ffffffff-2022-03,2
84274d5ffffffff-2022-04,39
84274d5ffffffff-2022-05,43
84274d5ffffffff-2022-07,21
84274d5ffffffff-2022-08,13
84274d5ffffffff-2022-09,16
84274d5ffffffff-2023-04,22
84274d5ffffffff-2023-05,28
84274d5ffffffff-2023-07,7
84274d5ffffffff-2023-08,10
84274d5ffffffff-2023-09,38
84274d5ffffffff-2023-10,1
84274d7ffffffff-2012-04,2
84274d7ffffffff-2012-05,9
84274d7ffffffff-2012-08,3
84274d7ffffffff-2012-10,1
84274d7ffffffff-2013-04,31
84274d7ffffffff-2013-05,12
84274d7ffffffff-2013-08,5
84274d7ffffffff-2013-09,3
84274d7ffffffff-2014-04,8
84274d7ffffffff-2014-05,8
84274d7ffffffff-2014-08,1
84274d7ffffffff-2014-09,3
84274d7ffffffff-2014-10,2
84274d7ffffffff-2015-04,2
84274d7ffffffff-2015-05,5
84274d7ffffffff-2015-07,10
84274d7ffffffff-2015-08,3
84274d7ffffffff-2015-09,5
84274d7ffffffff-2016-03,1
84274d7ffffffff-2016-04,14
84274d7ffffffff-2016-05,8
84274d7ffffffff-2016-07,1
84274d7ffffffff-2016-08,11
84274d7ffffffff-2016-09,3
84274d7ffffffff-2017-04,8
84274d7ffffffff-2017-05,16
84274d7ffffffff-2017-07,5
84274d7ffffffff-2017-08,7
84274d7ffffffff-2017-09,8
84274d7ffffffff-2017-10,5
84274d7ffffffff-2017-11,1
84274d7ffffffff-2018-03,1
84274d7ffffffff-2018-04,4
84274d7ffffffff-2018-05,4
84274d7ffffffff-2018-07,2
84274d7ffffffff-2018-08,2
84274d7ffffffff-2019-04,16
84274d7ffffffff-2019-05,26
84274d7ffffffff-2019-08,2
84274d7ffffffff-2019-09,15
84274d7ffffffff-2020-04,20
84274d7ffffffff-2020-05,24
84274d7ffffffff-2020-07,2
84274d7ffffffff-2020-08,5
84274d7ffffffff-2020-09,1
84274d7ffffffff-2021-04,21
84274d7ffffffff-2021-05,66
84274d7ffffffff-2021-07,1
84274d7ffffffff-2021-08,56
84274d7ffffffff-2021-09,4
84274d7ffffffff-2021-10,2
84274d7ffffffff-2022-04,19
84274d7ffffffff-2022-05,25
84274d7ffffffff-2022-07,9
84274d7ffffffff-2022-08,36
84274d7ffffffff-2022-09,8
84274d7ffffffff-2022-10,2
84274d7ffffffff-2023-04,17
84274d7ffffffff-2023-05,2
84274d7ffffffff-2023-07,3
84274d7ffffffff-2023-08,24
84274d7ffffffff-2023-09,6
84274d9ffffffff-2012-04,1
84274d9ffffffff-2014-10,1
84274d9ffffffff-2016-05,1
84274d9ffffffff-2017-04,4
84274d9ffffffff-2017-07,3
84274d9ffffffff-2017-08,3
84274d9ffffffff-2018-04,5
84274d9ffffffff-2018-05,8
84274d9ffffffff-2018-07,5
84274d9ffffffff-2018-08,3
84274d9ffffffff-2019-04,6
84274d9ffffffff-2019-05,4
84274d9ffffffff-2019-07,4
84274d9ffffffff-2019-08,1
84274d9ffffffff-2020-04,6
84274d9ffffffff-2020-05,8
84274d9ffffffff-2020-07,1
84274d9ffffffff-2020-08,1
84274d9ffffffff-2020-09,1
84274d9ffffffff-2021-04,1
84274d9ffffffff-2021-05,5
84274d9ffffffff-2021-08,5
84274d9ffffffff-2021-09,3
84274d9ffffffff-2021-10,2
84274d9ffffffff-2022-04,1
84274d9ffffffff-2022-05,2
84274d9ffffffff-2022-07,20
84274d9ffffffff-2022-08,17
84274d9ffffffff-2023-04,4
84274d9ffffffff-2023-05,3
84274d9ffffffff-2023-07,5
84274d9ffffffff-2023-08,10
84274d9ffffffff-2023-09,1
84274d9ffffffff-2023-10,3
84274dbffffffff-2012-05,1
84274dbffffffff-2012-08,1
84274dbffffffff-2013-05,1
84274dbffffffff-2013-09,2
84274dbffffffff-2013-10,4
84274dbffffffff-2014-07,1
84274dbffffffff-2014-09,2
84274dbffffffff-2014-10,1
84274dbffffffff-2015-04,1
84274dbffffffff-2015-05,6
84274dbffffffff-2015-08,6
84274dbffffffff-2015-09,9
84274dbffffffff-2015-10,11
84274dbffffffff-2016-04,6
84274dbffffffff-2016-05,4
84274dbffffffff-2017-04,1
84274dbffffffff-2017-05,1
84274dbffffffff-2017-07,12
84274dbffffffff-2017-08,6
84274dbffffffff-2017-09,2
84274dbffffffff-2017-10,3
84274dbffffffff-2018-04,2
84274dbffffffff-2018-05,8
84274dbffffffff-2018-07,4
84274dbffffffff-2018-08,19
84274dbffffffff-2018-09,3
84274dbffffffff-2018-10,2
84274dbffffffff-2019-05,3
84274dbffffffff-2019-06,2
84274dbffffffff-2019-07,4
84274dbffffffff-2019-08,9
84274dbffffffff-2020-04,14
84274dbffffffff-2020-05,33
84274dbffffffff-2020-07,1
84274dbffffffff-2020-08,2
84274dbffffffff-2020-09,2
84274dbffffffff-2021-04,7
84274dbffffffff-2021-05,7
84274dbffffffff-2021-08,19
84274dbffffffff-2021-09,7
84274dbffffffff-2021-10,1
84274dbffffffff-2022-04,1
84274dbffffffff-2022-05,9
84274dbffffffff-2022-07,3
84274dbffffffff-2022-08,28
84274dbffffffff-2022-09,27
84274dbffffffff-2023-04,15
84274dbffffffff-2023-05,14
84274dbffffffff-2023-07,2
84274dbffffffff-2023-08,49
84274dbffffffff-2023-09,13
84274dbffffffff-2023-10,2
84274ddffffffff-2012-03,2
84274ddffffffff-2012-04,3
84274ddffffffff-2012-05,1
84274ddffffffff-2012-06,1
84274ddffffffff-2012-07,22
84274ddffffffff-2012-08,36
84274ddffffffff-2012-09,21
84274ddffffffff-2012-10,10
84274ddffffffff-2013-04,4
84274ddffffffff-2013-05,11
84274ddffffffff-2013-06,4
84274ddffffffff-2013-07,30
84274ddffffffff-2013-08,47
84274ddffffffff-2013-09,51
84274ddffffffff-2013-10,22
84274ddffffffff-2013-11,1
84274ddffffffff-2014-04,7
84274ddffffffff-2014-05,18
84274ddffffffff-2014-06,5
84274ddffffffff-2014-07,24
84274ddffffffff-2014-08,12
84274ddffffffff-2014-09,3
84274ddffffffff-2014-10,4
84274ddffffffff-2015-04,5
84274ddffffffff-2015-05,9
84274ddffffffff-2015-07,18
84274ddffffffff-2015-08,46
84274ddffffffff-2015-09,67
84274ddffffffff-2016-04,5
84274ddffffffff-2016-05,16
84274ddffffffff-2016-06,1
84274ddffffffff-2016-07,10
84274ddffffffff-2016-08,29
84274ddffffffff-2016-09,78
84274ddffffffff-2016-10,4
84274ddffffffff-2017-04,5
84274ddffffffff-2017-05,5
84274ddffffffff-2017-06,1
84274ddffffffff-2017-07,1
84274ddffffffff-2017-08,36
84274ddffffffff-2017-09,29
84274ddffffffff-2017-10,5
84274ddffffffff-2018-04,7
84274ddffffffff-2018-05,5
84274ddffffffff-2018-06,1
84274ddffffffff-2018-07,4
84274ddffffffff-2018-08,14
84274ddffffffff-2018-09,32
84274ddffffffff-2018-10,2
84274ddffffffff-2019-03,1
84274ddffffffff-2019-04,7
84274ddffffffff-2019-05,8
84274ddffffffff-2019-06,1
84274ddffffffff-2019-07,15
84274ddffffffff-2019-08,50
84274ddffffffff-2019-09,79
84274ddffffffff-2019-10,4
84274ddffffffff-2020-04,29
84274ddffffffff-2020-05,85
84274ddffffffff-2020-07,43
84274ddffffffff-2020-08,103
84274ddffffffff-2020-09,24
84274ddffffffff-2020-10,3
84274ddffffffff-2021-03,4
84274ddffffffff-2021-04,10
84274ddffffffff-2021-05,10
84274ddffffffff-2021-06,3
84274ddffffffff-2021-07,6
84274ddffffffff-2021-08,80
84274ddffffffff-2021-09,28
84274ddffffffff-2021-10,2
84274ddffffffff-2022-04,5
84274ddffffffff-2022-05,15
84274ddffffffff-2022-06,3
84274ddffffffff-2022-07,58
84274ddffffffff-2022-08,99
84274ddffffffff-2022-09,121
84274ddffffffff-2022-10,7
84274ddffffffff-2022-11,1
84274ddffffffff-2023-04,41
84274ddffffffff-2023-05,37
84274ddffffffff-2023-06,5
84274ddffffffff-2023-07,49
84274ddffffffff-2023-08,12
84274ddffffffff-2023-09,6
84274ddffffffff-2023-10,2
84274e1ffffffff-2012-08,1
84274e1ffffffff-2013-09,7
84274e1ffffffff-2014-04,1
84274e1ffffffff-2014-08,2
84274e1ffffffff-2014-09,3
84274e1ffffffff-2015-07,1
84274e1ffffffff-2016-04,3
84274e1ffffffff-2016-05,4
84274e1ffffffff-2016-06,1
84274e1ffffffff-2016-07,1
84274e1ffffffff-2016-08,25
84274e1ffffffff-2016-09,11
84274e1ffffffff-2017-05,11
84274e1ffffffff-2017-07,5
84274e1ffffffff-2017-08,10
84274e1ffffffff-2017-09,9
84274e1ffffffff-2017-10,1
84274e1ffffffff-2018-05,5
84274e1ffffffff-2018-07,1
84274e1ffffffff-2018-08,15
84274e1ffffffff-2018-09,1
84274e1ffffffff-2019-08,12
84274e1ffffffff-2019-09,4
84274e1ffffffff-2020-05,1
84274e1ffffffff-2020-07,3
84274e1ffffffff-2020-08,15
84274e1ffffffff-2020-09,14
84274e1ffffffff-2021-04,2
84274e1ffffffff-2021-05,9
84274e1ffffffff-2021-08,4
84274e1ffffffff-2022-04,3
84274e1ffffffff-2022-05,3
84274e1ffffffff-2022-06,2
84274e1ffffffff-2022-07,5
84274e1ffffffff-2022-08,21
84274e1ffffffff-2022-09,1
84274e1ffffffff-2023-04,2
84274e1ffffffff-2023-05,5
84274e1ffffffff-2023-07,2
84274e1ffffffff-2023-08,9
84274e1ffffffff-2023-09,1
84274e3ffffffff-2012-03,2
84274e3ffffffff-2012-04,30
84274e3ffffffff-2012-05,6
84274e3ffffffff-2012-06,4
84274e3ffffffff-2012-07,7
84274e3ffffffff-2012-08,17
84274e3ffffffff-2012-09,16
84274e3ffffffff-2012-10,1
84274e3ffffffff-2013-04,8
84274e3ffffffff-2013-05,11
84274e3ffffffff-2013-06,4
84274e3ffffffff-2013-07,24
84274e3ffffffff-2013-08,46
84274e3ffffffff-2013-09,37
84274e3ffffffff-2013-10,9
84274e3ffffffff-2014-04,5
84274e3ffffffff-2014-05,12
84274e3ffffffff-2014-07,23
84274e3ffffffff-2014-08,52
84274e3ffffffff-2014-09,5
84274e3ffffffff-2014-10,12
84274e3ffffffff-2015-04,7
84274e3ffffffff-2015-05,30
84274e3ffffffff-2015-06,4
84274e3ffffffff-2015-07,13
84274e3ffffffff-2015-08,50
84274e3ffffffff-2015-09,28
84274e3ffffffff-2015-10,22
84274e3ffffffff-2016-04,32
84274e3ffffffff-2016-05,28
84274e3ffffffff-2016-06,6
84274e3ffffffff-2016-07,25
84274e3ffffffff-2016-08,176
84274e3ffffffff-2016-09,42
84274e3ffffffff-2016-10,7
84274e3ffffffff-2017-03,12
84274e3ffffffff-2017-04,236
84274e3ffffffff-2017-05,72
84274e3ffffffff-2017-06,2
84274e3ffffffff-2017-07,51
84274e3ffffffff-2017-08,92
84274e3ffffffff-2017-09,53
84274e3ffffffff-2017-10,6
84274e3ffffffff-2018-03,2
84274e3ffffffff-2018-04,16
84274e3ffffffff-2018-05,29
84274e3ffffffff-2018-06,10
84274e3ffffffff-2018-07,32
84274e3ffffffff-2018-08,39
84274e3ffffffff-2018-09,12
84274e3ffffffff-2018-10,5
84274e3ffffffff-2019-04,15
84274e3ffffffff-2019-05,44
84274e3ffffffff-2019-07,18
84274e3ffffffff-2019-08,82
84274e3ffffffff-2019-09,57
84274e3ffffffff-2019-10,32
84274e3ffffffff-2020-04,45
84274e3ffffffff-2020-05,80
84274e3ffffffff-2020-06,1
84274e3ffffffff-2020-07,44
84274e3ffffffff-2020-08,83
84274e3ffffffff-2020-09,33
84274e3ffffffff-2020-10,32
84274e3ffffffff-2021-04,87
84274e3ffffffff-2021-05,131
84274e3ffffffff-2021-06,1
84274e3ffffffff-2021-07,33
84274e3ffffffff-2021-08,110
84274e3ffffffff-2021-09,46
84274e3ffffffff-2021-10,24
84274e3ffffffff-2022-03,3
84274e3ffffffff-2022-04,29
84274e3ffffffff-2022-05,85
84274e3ffffffff-2022-06,1
84274e3ffffffff-2022-07,44
84274e3ffffffff-2022-08,186
84274e3ffffffff-2022-09,70
84274e3ffffffff-2022-10,13
84274e3ffffffff-2023-04,26
84274e3ffffffff-2023-05,59
84274e3ffffffff-2023-07,23
84274e3ffffffff-2023-08,87
84274e3ffffffff-2023-09,50
84274e3ffffffff-2023-10,1
84274e9ffffffff-2014-05,1
84274e9ffffffff-2015-05,6
84274e9ffffffff-2016-05,1
84274e9ffffffff-2016-07,1
84274e9ffffffff-2017-05,2
84274e9ffffffff-2018-05,3
84274e9ffffffff-2018-09,3
84274e9ffffffff-2019-05,3
84274e9ffffffff-2019-08,3
84274e9ffffffff-2020-05,2
84274e9ffffffff-2021-04,3
84274e9ffffffff-2021-05,1
84274e9ffffffff-2022-05,1
84274e9ffffffff-2023-04,1
84274ebffffffff-2013-09,3
84274ebffffffff-2016-08,1
84274ebffffffff-2020-04,3
84274ebffffffff-2020-05,1
84274ebffffffff-2020-08,1
84274ebffffffff-2021-05,1
84274ebffffffff-2021-08,1
84274ebffffffff-2021-09,1
84274ebffffffff-2023-04,2
84274edffffffff-2012-04,1
84274edffffffff-2012-07,1
84274edffffffff-2012-08,1
84274edffffffff-2013-07,1
84274edffffffff-2013-08,2
84274edffffffff-2013-09,8
84274edffffffff-2013-10,1
84274edffffffff-2014-05,1
84274edffffffff-2014-09,4
84274edffffffff-2014-10,3
84274edffffffff-2015-05,1
84274edffffffff-2015-08,2
84274edffffffff-2016-08,7
84274edffffffff-2016-09,6
84274edffffffff-2016-10,2
84274edffffffff-2017-04,1
84274edffffffff-2017-08,3
84274edffffffff-2018-05,3
84274edffffffff-2018-07,1
84274edffffffff-2018-08,1
84274edffffffff-2020-05,1
84274edffffffff-2021-04,3
84274edffffffff-2021-05,3
84274edffffffff-2021-08,1
84274edffffffff-2021-10,2
84274edffffffff-2022-07,1
84274edffffffff-2022-08,4
84274edffffffff-2023-05,8
84274edffffffff-2023-07,3
84274edffffffff-2023-08,7
8427501ffffffff-2016-04,1
8427501ffffffff-2016-07,1
8427501ffffffff-2022-05,2
8427501ffffffff-2023-04,1
8427501ffffffff-2023-05,3
8427503ffffffff-2013-07,2
8427503ffffffff-2013-08,2
8427503ffffffff-2020-05,3
8427503ffffffff-2021-05,2
8427503ffffffff-2021-07,6
8427503ffffffff-2022-04,1
8427503ffffffff-2022-05,9
8427503ffffffff-2022-06,1
8427503ffffffff-2022-07,14
8427503ffffffff-2022-08,7
8427503ffffffff-2023-04,8
8427503ffffffff-2023-05,18
8427503ffffffff-2023-07,1
8427503ffffffff-2023-08,1
8427503ffffffff-2023-09,1
8427505ffffffff-2016-05,1
8427505ffffffff-2016-07,1
8427505ffffffff-2018-05,1
8427505ffffffff-2019-05,12
8427505ffffffff-2020-05,1
8427505ffffffff-2021-09,1
8427505ffffffff-2022-04,4
8427505ffffffff-2022-05,7
8427505ffffffff-2022-08,1
8427505ffffffff-2023-05,2
8427507ffffffff-2014-08,2
8427507ffffffff-2016-04,1
8427507ffffffff-2018-05,1
8427507ffffffff-2019-05,6
8427507ffffffff-2019-08,1
8427507ffffffff-2020-04,1
8427507ffffffff-2023-04,1
8427507ffffffff-2023-05,1
8427509ffffffff-2020-04,1
8427509ffffffff-2021-08,3
8427509ffffffff-2022-04,3
8427509ffffffff-2022-08,1
8427509ffffffff-2023-04,1
8427509ffffffff-2023-05,1
8427509ffffffff-2023-09,1
842750bffffffff-2014-05,2
842750bffffffff-2015-05,2
842750bffffffff-2022-04,1
842750bffffffff-2022-05,2
842750dffffffff-2013-04,2
842750dffffffff-2013-05,1
842750dffffffff-2020-05,1
842750dffffffff-2022-04,1
842750dffffffff-2022-05,1
842750dffffffff-2023-05,1
8427511ffffffff-2012-07,2
8427511ffffffff-2012-08,3
8427511ffffffff-2012-09,3
8427511ffffffff-2013-04,1
8427511ffffffff-2013-05,1
8427511ffffffff-2013-07,5
8427511ffffffff-2013-08,8
8427511ffffffff-2013-09,1
8427511ffffffff-2014-05,6
8427511ffffffff-2014-07,3
8427511ffffffff-2014-08,6
8427511ffffffff-2014-09,1
8427511ffffffff-2014-10,1
8427511ffffffff-2015-04,1
8427511ffffffff-2015-07,1
8427511ffffffff-2015-08,4
8427511ffffffff-2015-10,2
8427511ffffffff-2016-09,1
8427511ffffffff-2018-04,3
8427511ffffffff-2018-05,5
8427511ffffffff-2018-07,1
8427511ffffffff-2018-08,10
8427511ffffffff-2019-07,1
8427511ffffffff-2019-08,5
8427511ffffffff-2019-09,2
8427511ffffffff-2020-05,9
8427511ffffffff-2020-08,8
8427511ffffffff-2020-09,4
8427511ffffffff-2020-10,3
8427511ffffffff-2021-04,1
8427511ffffffff-2021-05,2
8427511ffffffff-2021-09,1
8427511ffffffff-2022-05,9
8427511ffffffff-2022-08,3
8427511ffffffff-2022-09,1
8427511ffffffff-2022-10,2
8427511ffffffff-2023-05,5
8427511ffffffff-2023-08,12
8427511ffffffff-2023-09,17
8427513ffffffff-2012-04,1
8427513ffffffff-2012-05,4
8427513ffffffff-2012-09,6
8427513ffffffff-2013-04,1
8427513ffffffff-2013-08,5
8427513ffffffff-2013-09,2
8427513ffffffff-2014-04,1
8427513ffffffff-2015-04,3
8427513ffffffff-2015-05,3
8427513ffffffff-2015-08,4
8427513ffffffff-2016-04,1
8427513ffffffff-2016-05,15
8427513ffffffff-2016-07,1
8427513ffffffff-2016-08,2
8427513ffffffff-2017-04,4
8427513ffffffff-2017-05,18
8427513ffffffff-2018-04,3
8427513ffffffff-2018-05,3
8427513ffffffff-2018-09,1
8427513ffffffff-2019-05,16
8427513ffffffff-2019-07,13
8427513ffffffff-2019-08,22
8427513ffffffff-2019-09,8
8427513ffffffff-2020-04,4
8427513ffffffff-2020-05,6
8427513ffffffff-2020-08,1
8427513ffffffff-2021-04,7
8427513ffffffff-2021-05,18
8427513ffffffff-2021-07,26
8427513ffffffff-2021-08,17
8427513ffffffff-2021-09,23
8427513ffffffff-2021-10,25
8427513ffffffff-2022-04,16
8427513ffffffff-2022-05,28
8427513ffffffff-2022-06,4
8427513ffffffff-2022-07,12
8427513ffffffff-2022-08,14
8427513ffffffff-2022-09,3
8427513ffffffff-2023-04,12
8427513ffffffff-2023-05,5
8427513ffffffff-2023-06,8
8427513ffffffff-2023-07,4
8427513ffffffff-2023-08,56
8427513ffffffff-2023-09,25
8427515ffffffff-2022-05,1
8427515ffffffff-2023-04,2
8427517ffffffff-2013-05,2
8427517ffffffff-2018-05,1
8427517ffffffff-2022-04,1
8427517ffffffff-2022-07,1
8427517ffffffff-2022-08,1
8427517ffffffff-2023-05,3
8427517ffffffff-2023-09,1
8427519ffffffff-2017-04,1
8427519ffffffff-2018-04,6
8427519ffffffff-2018-05,5
8427519ffffffff-2018-10,2
8427519ffffffff-2019-04,9
8427519ffffffff-2019-05,1
8427519ffffffff-2020-04,2
8427519ffffffff-2020-05,4
8427519ffffffff-2020-08,3
8427519ffffffff-2021-04,3
8427519ffffffff-2021-05,5
8427519ffffffff-2021-07,1
8427519ffffffff-2022-04,5
8427519ffffffff-2022-05,14
8427519ffffffff-2023-04,15
8427519ffffffff-2023-05,32
8427519ffffffff-2023-08,9
842751bffffffff-2012-04,1
842751bffffffff-2012-05,3
842751bffffffff-2013-08,1
842751bffffffff-2014-04,2
842751bffffffff-2014-05,1
842751bffffffff-2014-08,2
842751bffffffff-2015-05,2
842751bffffffff-2015-07,1
842751bffffffff-2016-04,2
842751bffffffff-2016-05,2
842751bffffffff-2016-08,2
842751bffffffff-2018-04,7
842751bffffffff-2018-05,6
842751bffffffff-2018-07,4
842751bffffffff-2018-08,8
842751bffffffff-2019-04,7
842751bffffffff-2019-05,2
842751bffffffff-2019-07,1
842751bffffffff-2019-08,2
842751bffffffff-2020-05,3
842751bffffffff-2020-08,8
842751bffffffff-2021-05,9
842751bffffffff-2021-08,1
842751bffffffff-2022-04,1
842751bffffffff-2022-05,3
842751bffffffff-2022-08,1
842751bffffffff-2023-04,9
842751bffffffff-2023-05,3
842751dffffffff-2020-08,1
842751dffffffff-2022-04,1
8427521ffffffff-2012-04,1
8427521ffffffff-2013-05,1
8427521ffffffff-2013-08,4
8427521ffffffff-2014-04,2
8427521ffffffff-2014-08,2
8427521ffffffff-2015-04,2
8427521ffffffff-2015-05,6
8427521ffffffff-2016-04,1
8427521ffffffff-2016-05,1
8427521ffffffff-2016-09,1
8427521ffffffff-2017-04,2
8427521ffffffff-2017-05,5
8427521ffffffff-2017-07,1
8427521ffffffff-2017-08,2
8427521ffffffff-2018-04,1
8427521ffffffff-2018-05,4
8427521ffffffff-2018-09,2
8427521ffffffff-2019-04,1
8427521ffffffff-2019-05,1
8427521ffffffff-2019-09,4
8427521ffffffff-2020-05,8
8427521ffffffff-2020-08,1
8427521ffffffff-2020-09,2
8427521ffffffff-2021-05,11
8427521ffffffff-2021-07,1
8427521ffffffff-2021-08,2
8427521ffffffff-2021-09,1
8427521ffffffff-2022-04,11
8427521ffffffff-2022-05,3
8427521ffffffff-2022-07,9
8427521ffffffff-2022-08,4
8427521ffffffff-2022-09,6
8427521ffffffff-2022-10,1
8427521ffffffff-2023-04,20
8427521ffffffff-2023-05,4
8427521ffffffff-2023-07,1
8427521ffffffff-2023-08,1
8427521ffffffff-2023-09,2
8427521ffffffff-2023-11,2
8427523ffffffff-2012-04,1
8427523ffffffff-2012-08,1
8427523ffffffff-2014-04,1
8427523ffffffff-2014-05,1
8427523ffffffff-2014-08,1
8427523ffffffff-2015-04,1
8427523ffffffff-2015-08,3
8427523ffffffff-2016-04,6
8427523ffffffff-2016-05,6
8427523ffffffff-2016-09,1
8427523ffffffff-2017-04,3
8427523ffffffff-2017-05,2
8427523ffffffff-2017-07,5
8427523ffffffff-2017-08,2
8427523ffffffff-2018-04,5
8427523ffffffff-2018-05,5
8427523ffffffff-2018-08,2
8427523ffffffff-2019-04,1
8427523ffffffff-2019-05,2
8427523ffffffff-2020-04,2
8427523ffffffff-2020-05,6
8427523ffffffff-2020-07,1
8427523ffffffff-2020-08,2
8427523ffffffff-2020-09,1
8427523ffffffff-2021-05,6
8427523ffffffff-2021-08,2
8427523ffffffff-2022-04,2
8427523ffffffff-2022-05,6
8427523ffffffff-2022-08,3
8427523ffffffff-2023-04,2
8427523ffffffff-2023-05,5
8427523ffffffff-2023-08,3
8427525ffffffff-2013-05,1
8427525ffffffff-2014-05,3
8427525ffffffff-2014-07,1
8427525ffffffff-2014-08,1
8427525ffffffff-2014-09,1
8427525ffffffff-2015-05,3
8427525ffffffff-2015-08,2
8427525ffffffff-2016-05,2
8427525ffffffff-2017-07,1
8427525ffffffff-2017-08,3
8427525ffffffff-2018-04,1
8427525ffffffff-2018-05,1
8427525ffffffff-2018-06,1
8427525ffffffff-2018-08,1
8427525ffffffff-2018-10,1
8427525ffffffff-2019-05,1
8427525ffffffff-2019-07,1
8427525ffffffff-2020-04,3
8427525ffffffff-2020-05,4
8427525ffffffff-2020-08,3
8427525ffffffff-2020-09,2
8427525ffffffff-2021-04,3
8427525ffffffff-2021-05,5
8427525ffffffff-2021-06,1
8427525ffffffff-2021-08,1
8427525ffffffff-2021-09,4
8427525ffffffff-2021-10,2
8427525ffffffff-2022-04,8
8427525ffffffff-2022-05,1
8427525ffffffff-2022-08,2
8427525ffffffff-2022-09,1
8427525ffffffff-2023-04,5
8427525ffffffff-2023-05,7
8427525ffffffff-2023-07,3
8427525ffffffff-2023-08,6
8427525ffffffff-2023-09,4
8427525ffffffff-2023-10,1
8427527ffffffff-2012-04,5
8427527ffffffff-2012-05,12
8427527ffffffff-2012-08,1
8427527ffffffff-2013-04,9
8427527ffffffff-2013-05,4
8427527ffffffff-2013-09,5
8427527ffffffff-2013-10,1
8427527ffffffff-2014-04,4
8427527ffffffff-2014-05,13
8427527ffffffff-2014-08,11
8427527ffffffff-2015-04,6
8427527ffffffff-2015-05,10
8427527ffffffff-2015-08,2
8427527ffffffff-2015-09,2
8427527ffffffff-2016-05,15
8427527ffffffff-2017-04,4
8427527ffffffff-2017-05,27
8427527ffffffff-2017-08,3
8427527ffffffff-2018-04,12
8427527ffffffff-2018-05,15
8427527ffffffff-2018-09,2
8427527ffffffff-2018-10,5
8427527ffffffff-2019-04,78
8427527ffffffff-2019-05,30
8427527ffffffff-2019-07,1
8427527ffffffff-2019-08,7
8427527ffffffff-2020-04,5
8427527ffffffff-2020-05,16
8427527ffffffff-2020-07,6
8427527ffffffff-2020-08,26
8427527ffffffff-2020-09,2
8427527ffffffff-2020-10,1
8427527ffffffff-2021-04,11
8427527ffffffff-2021-05,57
8427527ffffffff-2021-07,5
8427527ffffffff-2021-08,70
8427527ffffffff-2021-09,3
8427527ffffffff-2021-10,1
8427527ffffffff-2022-04,67
8427527ffffffff-2022-05,57
8427527ffffffff-2022-07,15
8427527ffffffff-2022-08,80
8427527ffffffff-2022-09,7
8427527ffffffff-2022-10,2
8427527ffffffff-2023-04,118
8427527ffffffff-2023-05,43
8427527ffffffff-2023-06,1
8427527ffffffff-2023-07,74
8427527ffffffff-2023-08,127
8427527ffffffff-2023-09,46
8427529ffffffff-2012-04,3
8427529ffffffff-2012-08,4
8427529ffffffff-2013-08,5
8427529ffffffff-2013-09,1
8427529ffffffff-2014-04,1
8427529ffffffff-2014-05,4
8427529ffffffff-2014-09,1
8427529ffffffff-2015-05,3
8427529ffffffff-2015-07,1
8427529ffffffff-2015-10,2
8427529ffffffff-2016-04,1
8427529ffffffff-2016-08,2
8427529ffffffff-2016-10,5
8427529ffffffff-2017-04,4
8427529ffffffff-2017-05,4
8427529ffffffff-2017-07,4
8427529ffffffff-2017-08,1
8427529ffffffff-2017-09,2
8427529ffffffff-2018-04,1
8427529ffffffff-2018-05,5
8427529ffffffff-2018-07,1
8427529ffffffff-2018-08,7
8427529ffffffff-2018-09,2
8427529ffffffff-2019-04,1
8427529ffffffff-2019-05,6
8427529ffffffff-2019-09,3
8427529ffffffff-2019-10,3
8427529ffffffff-2020-04,13
8427529ffffffff-2020-05,9
8427529ffffffff-2020-08,7
8427529ffffffff-2020-09,3
8427529ffffffff-2021-04,7
8427529ffffffff-2021-05,6
8427529ffffffff-2021-07,7
8427529ffffffff-2021-08,25
8427529ffffffff-2021-09,6
8427529ffffffff-2021-10,2
8427529ffffffff-2022-04,4
8427529ffffffff-2022-05,19
8427529ffffffff-2022-07,9
8427529ffffffff-2022-08,25
8427529ffffffff-2022-09,6
8427529ffffffff-2022-10,1
8427529ffffffff-2023-04,20
8427529ffffffff-2023-05,9
8427529ffffffff-2023-07,24
8427529ffffffff-2023-08,2
8427529ffffffff-2023-09,10
842752bffffffff-2012-04,6
842752bffffffff-2012-05,1
842752bffffffff-2012-08,3
842752bffffffff-2014-04,2
842752bffffffff-2014-05,3
842752bffffffff-2015-08,4
842752bffffffff-2016-04,2
842752bffffffff-2016-05,4
842752bffffffff-2016-07,1
842752bffffffff-2016-09,1
842752bffffffff-2017-08,1
842752bffffffff-2017-09,2
842752bffffffff-2018-04,2
842752bffffffff-2018-05,2
842752bffffffff-2018-07,1
842752bffffffff-2019-04,1
842752bffffffff-2019-05,7
842752bffffffff-2019-07,2
842752bffffffff-2020-04,1
842752bffffffff-2020-05,1
842752bffffffff-2020-09,1
842752bffffffff-2021-04,1
842752bffffffff-2021-05,1
842752bffffffff-2021-06,4
842752bffffffff-2021-07,4
842752bffffffff-2021-08,13
842752bffffffff-2022-05,2
842752bffffffff-2022-07,1
842752bffffffff-2023-04,1
842752bffffffff-2023-08,6
842752bffffffff-2023-09,1
842752dffffffff-2014-05,2
842752dffffffff-2015-08,1
842752dffffffff-2016-04,1
842752dffffffff-2017-05,4
842752dffffffff-2018-05,2
842752dffffffff-2019-04,2
842752dffffffff-2019-05,17
842752dffffffff-2019-08,2
842752dffffffff-2020-05,5
842752dffffffff-2020-07,1
842752dffffffff-2020-08,3
842752dffffffff-2021-04,5
842752dffffffff-2021-05,18
842752dffffffff-2021-08,1
842752dffffffff-2021-09,2
842752dffffffff-2022-04,11
842752dffffffff-2022-05,98
842752dffffffff-2022-07,5
842752dffffffff-2022-08,3
842752dffffffff-2022-09,3
842752dffffffff-2023-04,23
842752dffffffff-2023-05,19
842752dffffffff-2023-07,1
842752dffffffff-2023-08,2
842752dffffffff-2023-09,10
8427531ffffffff-2012-04,2
8427531ffffffff-2012-05,12
8427531ffffffff-2012-07,3
8427531ffffffff-2012-10,1
8427531ffffffff-2013-04,22
8427531ffffffff-2013-05,19
8427531ffffffff-2013-07,1
8427531ffffffff-2013-08,6
8427531ffffffff-2013-09,2
8427531ffffffff-2013-10,3
8427531ffffffff-2014-04,4
8427531ffffffff-2014-05,19
8427531ffffffff-2014-07,10
8427531ffffffff-2014-08,8
8427531ffffffff-2015-04,15
8427531ffffffff-2015-05,21
8427531ffffffff-2015-08,2
8427531ffffffff-2015-09,2
8427531ffffffff-2016-04,5
8427531ffffffff-2016-05,2
8427531ffffffff-2016-07,1
8427531ffffffff-2016-08,7
8427531ffffffff-2017-04,5
8427531ffffffff-2017-05,29
8427531ffffffff-2017-07,1
8427531ffffffff-2017-08,3
8427531ffffffff-2017-09,1
8427531ffffffff-2018-04,7
8427531ffffffff-2018-05,11
8427531ffffffff-2018-06,1
8427531ffffffff-2019-04,2
8427531ffffffff-2019-05,14
8427531ffffffff-2019-08,2
8427531ffffffff-2020-04,1
8427531ffffffff-2020-05,8
8427531ffffffff-2020-07,4
8427531ffffffff-2020-08,1
8427531ffffffff-2021-04,18
8427531ffffffff-2021-05,33
8427531ffffffff-2021-07,13
8427531ffffffff-2021-08,5
8427531ffffffff-2022-04,12
8427531ffffffff-2022-05,21
8427531ffffffff-2022-07,10
8427531ffffffff-2022-08,44
8427531ffffffff-2023-04,8
8427531ffffffff-2023-05,21
8427531ffffffff-2023-06,1
8427531ffffffff-2023-07,11
8427531ffffffff-2023-08,1
8427533ffffffff-2013-04,1
8427533ffffffff-2022-08,1
8427533ffffffff-2023-04,1
8427535ffffffff-2012-04,1
8427535ffffffff-2012-09,1
8427535ffffffff-2013-04,1
8427535ffffffff-2013-05,2
8427535ffffffff-2013-08,2
8427535ffffffff-2014-05,2
8427535ffffffff-2014-08,1
8427535ffffffff-2015-05,4
8427535ffffffff-2017-09,1
8427535ffffffff-2018-05,1
8427535ffffffff-2018-07,1
8427535ffffffff-2019-05,3
8427535ffffffff-2020-04,2
8427535ffffffff-2020-05,10
8427535ffffffff-2021-04,3
8427535ffffffff-2021-05,34
8427535ffffffff-2021-08,2
8427535ffffffff-2021-09,1
8427535ffffffff-2021-10,1
8427535ffffffff-2022-07,1
8427535ffffffff-2022-08,1
8427535ffffffff-2023-04,2
8427535ffffffff-2023-05,11
8427535ffffffff-2023-07,4
8427535ffffffff-2023-09,1
8427537ffffffff-2013-04,2
8427537ffffffff-2014-05,12
8427537ffffffff-2015-05,1
8427537ffffffff-2016-04,2
8427537ffffffff-2017-05,1
8427537ffffffff-2018-04,3
8427537ffffffff-2018-05,6
8427537ffffffff-2018-08,2
8427537ffffffff-2019-04,2
8427537ffffffff-2019-05,9
8427537ffffffff-2020-04,3
8427537ffffffff-2020-05,2
8427537ffffffff-2020-08,2
8427537ffffffff-2021-04,16
8427537ffffffff-2021-05,7
8427537ffffffff-2021-08,1
8427537ffffffff-2022-04,18
8427537ffffffff-2022-05,7
8427537ffffffff-2022-08,6
8427537ffffffff-2022-10,1
8427537ffffffff-2023-04,5
8427537ffffffff-2023-05,35
8427539ffffffff-2012-04,3
8427539ffffffff-2012-08,1
8427539ffffffff-2013-04,1
8427539ffffffff-2013-05,3
8427539ffffffff-2013-08,7
8427539ffffffff-2013-09,8
8427539ffffffff-2014-04,2
8427539ffffffff-2014-05,2
8427539ffffffff-2014-08,6
8427539ffffffff-2014-09,1
8427539ffffffff-2015-05,3
8427539ffffffff-2015-08,1
8427539ffffffff-2016-04,13
8427539ffffffff-2016-05,5
8427539ffffffff-2016-08,1
8427539ffffffff-2017-04,4
8427539ffffffff-2017-05,6
8427539ffffffff-2017-08,1
8427539ffffffff-2017-09,1
8427539ffffffff-2018-04,2
8427539ffffffff-2018-05,4
8427539ffffffff-2018-07,2
8427539ffffffff-2018-08,3
8427539ffffffff-2019-04,4
8427539ffffffff-2019-05,2
8427539ffffffff-2019-09,1
8427539ffffffff-2020-04,4
8427539ffffffff-2020-05,2
8427539ffffffff-2020-06,1
8427539ffffffff-2020-07,2
8427539ffffffff-2020-08,15
8427539ffffffff-2020-09,2
8427539ffffffff-2020-10,1
8427539ffffffff-2021-04,6
8427539ffffffff-2021-05,4
8427539ffffffff-2022-05,11
8427539ffffffff-2022-07,1
8427539ffffffff-2022-08,3
8427539ffffffff-2022-09,1
8427539ffffffff-2023-04,5
8427539ffffffff-2023-05,1
8427539ffffffff-2023-08,17
8427539ffffffff-2023-09,8
842753bffffffff-2013-05,5
842753bffffffff-2013-07,3
842753bffffffff-2013-08,7
842753bffffffff-2014-04,3
842753bffffffff-2014-05,3
842753bffffffff-2015-08,2
842753bffffffff-2017-04,4
842753bffffffff-2017-05,1
842753bffffffff-2017-08,4
842753bffffffff-2018-04,1
842753bffffffff-2019-04,4
842753bffffffff-2019-05,13
842753bffffffff-2019-06,1
842753bffffffff-2019-07,1
842753bffffffff-2022-05,3
842753bffffffff-2023-04,2
842753bffffffff-2023-08,2
842753dffffffff-2012-04,5
842753dffffffff-2012-05,3
842753dffffffff-2013-04,2
842753dffffffff-2013-05,1
842753dffffffff-2013-08,3
842753dffffffff-2013-09,1
842753dffffffff-2014-04,3
842753dffffffff-2014-05,8
842753dffffffff-2015-05,1
842753dffffffff-2015-08,1
842753dffffffff-2016-04,2
842753dffffffff-2016-05,13
842753dffffffff-2016-07,2
842753dffffffff-2017-04,1
842753dffffffff-2017-05,1
842753dffffffff-2017-07,1
842753dffffffff-2017-09,2
842753dffffffff-2018-04,5
842753dffffffff-2018-05,8
842753dffffffff-2019-05,4
842753dffffffff-2019-06,1
842753dffffffff-2020-04,3
842753dffffffff-2020-05,21
842753dffffffff-2020-07,10
842753dffffffff-2020-08,45
842753dffffffff-2020-09,6
842753dffffffff-2020-10,2
842753dffffffff-2021-04,4
842753dffffffff-2021-05,9
842753dffffffff-2021-07,1
842753dffffffff-2022-04,4
842753dffffffff-2022-05,4
842753dffffffff-2022-08,1
842753dffffffff-2023-04,1
842753dffffffff-2023-05,5
8427541ffffffff-2012-04,8
8427541ffffffff-2012-05,72
8427541ffffffff-2012-07,1
8427541ffffffff-2012-08,2
8427541ffffffff-2013-04,2
8427541ffffffff-2013-05,18
8427541ffffffff-2013-08,3
8427541ffffffff-2014-04,5
8427541ffffffff-2014-05,11
8427541ffffffff-2014-08,1
8427541ffffffff-2014-09,2
8427541ffffffff-2015-04,3
8427541ffffffff-2015-05,11
8427541ffffffff-2015-08,3
8427541ffffffff-2015-09,1
8427541ffffffff-2016-04,4
8427541ffffffff-2016-05,11
8427541ffffffff-2016-08,1
8427541ffffffff-2017-04,1
8427541ffffffff-2017-05,15
8427541ffffffff-2018-04,1
8427541ffffffff-2018-05,29
8427541ffffffff-2018-08,2
8427541ffffffff-2019-05,3
8427541ffffffff-2019-08,2
8427541ffffffff-2020-04,1
8427541ffffffff-2020-05,22
8427541ffffffff-2020-07,2
8427541ffffffff-2020-08,3
8427541ffffffff-2020-09,4
8427541ffffffff-2021-05,29
8427541ffffffff-2021-08,23
8427541ffffffff-2021-09,3
8427541ffffffff-2022-04,7
8427541ffffffff-2022-05,49
8427541ffffffff-2022-06,1
8427541ffffffff-2022-07,1
8427541ffffffff-2022-08,5
8427541ffffffff-2022-09,3
8427541ffffffff-2023-04,8
8427541ffffffff-2023-05,28
8427541ffffffff-2023-07,5
8427541ffffffff-2023-08,5
8427543ffffffff-2013-05,4
8427543ffffffff-2013-07,2
8427543ffffffff-2013-08,13
8427543ffffffff-2014-05,3
8427543ffffffff-2014-07,1
8427543ffffffff-2018-05,2
8427543ffffffff-2021-04,1
8427543ffffffff-2021-05,1
8427543ffffffff-2023-05,1
8427545ffffffff-2014-05,3
8427545ffffffff-2016-06,2
8427545ffffffff-2016-07,2
8427545ffffffff-2016-08,2
8427545ffffffff-2017-07,1
8427545ffffffff-2018-05,2
8427545ffffffff-2018-06,2
8427545ffffffff-2018-08,10
8427545ffffffff-2019-05,1
8427545ffffffff-2019-07,1
8427545ffffffff-2019-08,4
8427545ffffffff-2020-05,4
8427545ffffffff-2020-08,6
8427545ffffffff-2021-05,1
8427545ffffffff-2021-06,1
8427545ffffffff-2021-08,2
8427545ffffffff-2021-09,2
8427545ffffffff-2022-04,1
8427545ffffffff-2022-05,5
8427545ffffffff-2022-07,2
8427545ffffffff-2022-08,3
8427545ffffffff-2023-04,1
8427545ffffffff-2023-05,3
8427545ffffffff-2023-06,1
8427545ffffffff-2023-07,4
8427545ffffffff-2023-08,6
8427545ffffffff-2023-09,1
8427547ffffffff-2013-05,3
8427547ffffffff-2014-09,1
8427547ffffffff-2016-05,1
8427547ffffffff-2017-05,9
8427547ffffffff-2018-05,6
8427547ffffffff-2020-08,1
8427547ffffffff-2021-04,1
8427547ffffffff-2022-05,3
8427547ffffffff-2022-08,1
8427547ffffffff-2022-09,1
8427547ffffffff-2023-05,1
8427549ffffffff-2014-08,1
8427549ffffffff-2015-09,1
8427549ffffffff-2020-08,1
842754bffffffff-2021-08,2
842754bffffffff-2022-08,2
842754bffffffff-2023-05,1
842754dffffffff-2016-08,1
842754dffffffff-2017-05,1
842754dffffffff-2017-09,4
842754dffffffff-2018-05,2
842754dffffffff-2019-08,1
842754dffffffff-2020-05,2
842754dffffffff-2020-09,2
842754dffffffff-2021-05,3
842754dffffffff-2021-08,2
842754dffffffff-2022-07,1
842754dffffffff-2022-08,2
842754dffffffff-2022-09,2
842754dffffffff-2023-05,2
842754dffffffff-2023-07,1
842754dffffffff-2023-08,2
842754dffffffff-2023-09,1
8427551ffffffff-2012-04,12
8427551ffffffff-2012-05,8
8427551ffffffff-2012-08,3
8427551ffffffff-2012-09,2
8427551ffffffff-2012-10,1
8427551ffffffff-2013-05,4
8427551ffffffff-2013-07,1
8427551ffffffff-2013-08,3
8427551ffffffff-2014-04,2
8427551ffffffff-2014-05,3
8427551ffffffff-2014-08,2
8427551ffffffff-2015-05,2
8427551ffffffff-2015-08,1
8427551ffffffff-2016-05,3
8427551ffffffff-2016-07,1
8427551ffffffff-2016-08,2
8427551ffffffff-2017-04,1
8427551ffffffff-2017-05,6
8427551ffffffff-2017-06,4
8427551ffffffff-2017-08,10
8427551ffffffff-2017-09,1
8427551ffffffff-2018-05,5
8427551ffffffff-2018-08,3
8427551ffffffff-2019-05,1
8427551ffffffff-2019-07,9
8427551ffffffff-2020-05,4
8427551ffffffff-2021-04,1
8427551ffffffff-2021-05,12
8427551ffffffff-2021-07,1
8427551ffffffff-2021-08,6
8427551ffffffff-2021-09,1
8427551ffffffff-2022-05,18
8427551ffffffff-2022-07,2
8427551ffffffff-2022-08,3
8427551ffffffff-2023-04,1
8427551ffffffff-2023-05,8
8427551ffffffff-2023-07,1
8427551ffffffff-2023-08,21
8427551ffffffff-2023-09,4
8427553ffffffff-2012-04,2
8427553ffffffff-2013-05,1
8427553ffffffff-2017-04,2
8427553ffffffff-2017-05,1
8427553ffffffff-2018-04,3
8427553ffffffff-2018-05,5
8427553ffffffff-2019-04,2
8427553ffffffff-2021-04,3
8427553ffffffff-2022-04,2
8427553ffffffff-2022-05,3
8427553ffffffff-2023-04,3
8427553ffffffff-2023-05,4
8427555ffffffff-2013-04,1
8427555ffffffff-2015-05,3
8427555ffffffff-2018-05,3
8427555ffffffff-2020-05,1
8427555ffffffff-2021-04,3
8427555ffffffff-2021-05,1
8427555ffffffff-2022-05,12
8427555ffffffff-2023-05,6
8427557ffffffff-2012-04,2
8427559ffffffff-2014-05,3
8427559ffffffff-2020-09,1
8427559ffffffff-2023-08,1
842755bffffffff-2014-04,2
842755bffffffff-2014-05,2
842755bffffffff-2015-09,1
842755bffffffff-2016-07,1
842755bffffffff-2017-05,2
842755bffffffff-2019-09,1
842755bffffffff-2022-04,3
842755bffffffff-2022-09,1
842755bffffffff-2023-04,1
842755bffffffff-2023-05,1
842755bffffffff-2023-07,1
842755dffffffff-2013-05,1
842755dffffffff-2014-05,1
842755dffffffff-2015-05,1
842755dffffffff-2015-08,1
842755dffffffff-2018-05,1
842755dffffffff-2018-08,1
842755dffffffff-2019-09,2
842755dffffffff-2020-05,4
842755dffffffff-2020-08,2
842755dffffffff-2021-05,5
842755dffffffff-2021-08,3
842755dffffffff-2022-05,5
842755dffffffff-2022-08,2
842755dffffffff-2022-09,2
842755dffffffff-2023-04,3
842755dffffffff-2023-05,7
842755dffffffff-2023-06,2
842755dffffffff-2023-08,3
842755dffffffff-2023-09,1
8427561ffffffff-2012-08,8
8427561ffffffff-2014-05,2
8427561ffffffff-2015-07,7
8427561ffffffff-2015-08,3
8427561ffffffff-2020-04,1
8427561ffffffff-2020-07,1
8427561ffffffff-2021-05,1
8427561ffffffff-2023-05,1
8427563ffffffff-2023-05,1
8427565ffffffff-2013-08,2
8427565ffffffff-2015-08,2
8427565ffffffff-2016-08,1
8427565ffffffff-2017-05,1
8427565ffffffff-2017-07,1
8427565ffffffff-2017-09,3
8427565ffffffff-2018-09,3
8427565ffffffff-2018-10,1
8427565ffffffff-2019-05,1
8427565ffffffff-2019-08,1
8427565ffffffff-2019-09,3
8427565ffffffff-2020-05,5
8427565ffffffff-2020-07,1
8427565ffffffff-2020-08,3
8427565ffffffff-2021-05,16
8427565ffffffff-2021-08,2
8427565ffffffff-2022-05,4
8427565ffffffff-2022-07,2
8427565ffffffff-2022-09,4
8427565ffffffff-2023-05,3
8427565ffffffff-2023-08,2
8427565ffffffff-2023-09,1
8427567ffffffff-2013-09,1
8427567ffffffff-2019-08,3
8427567ffffffff-2020-08,14
8427567ffffffff-2021-05,6
8427567ffffffff-2021-07,1
8427567ffffffff-2021-08,6
8427567ffffffff-2021-09,2
8427567ffffffff-2022-05,6
8427567ffffffff-2022-08,18
8427567ffffffff-2023-08,3
8427569ffffffff-2012-04,5
8427569ffffffff-2012-05,12
8427569ffffffff-2012-07,1
8427569ffffffff-2012-08,11
8427569ffffffff-2012-09,4
8427569ffffffff-2013-04,10
8427569ffffffff-2013-05,7
8427569ffffffff-2013-08,3
8427569ffffffff-2013-09,5
8427569ffffffff-2014-05,4
8427569ffffffff-2014-07,3
8427569ffffffff-2014-08,9
8427569ffffffff-2014-09,1
8427569ffffffff-2015-04,5
8427569ffffffff-2015-05,4
8427569ffffffff-2015-07,3
8427569ffffffff-2015-08,41
8427569ffffffff-2015-09,12
8427569ffffffff-2016-05,9
8427569ffffffff-2016-07,13
8427569ffffffff-2016-08,17
8427569ffffffff-2016-09,25
8427569ffffffff-2017-04,3
8427569ffffffff-2017-05,23
8427569ffffffff-2017-07,1
8427569ffffffff-2017-08,66
8427569ffffffff-2017-09,14
8427569ffffffff-2018-05,17
8427569ffffffff-2018-08,12
8427569ffffffff-2018-09,22
8427569ffffffff-2018-10,1
8427569ffffffff-2019-05,20
8427569ffffffff-2019-06,1
8427569ffffffff-2019-07,4
8427569ffffffff-2019-08,13
8427569ffffffff-2019-09,27
8427569ffffffff-2020-04,3
8427569ffffffff-2020-05,11
8427569ffffffff-2020-07,2
8427569ffffffff-2020-08,31
8427569ffffffff-2020-09,21
8427569ffffffff-2021-04,2
8427569ffffffff-2021-05,47
8427569ffffffff-2021-07,1
8427569ffffffff-2021-08,47
8427569ffffffff-2021-09,16
8427569ffffffff-2021-10,3
8427569ffffffff-2022-04,5
8427569ffffffff-2022-05,30
8427569ffffffff-2022-06,2
8427569ffffffff-2022-07,3
8427569ffffffff-2022-08,17
8427569ffffffff-2022-09,8
8427569ffffffff-2023-04,12
8427569ffffffff-2023-05,40
8427569ffffffff-2023-07,5
8427569ffffffff-2023-08,24
8427569ffffffff-2023-09,8
842756bffffffff-2012-08,1
842756bffffffff-2016-07,1
842756bffffffff-2021-05,2
842756bffffffff-2023-04,1
842756bffffffff-2023-05,3
842756dffffffff-2016-05,5
842756dffffffff-2017-04,1
842756dffffffff-2019-04,1
842756dffffffff-2020-05,2
842756dffffffff-2020-09,2
842756dffffffff-2021-05,13
842756dffffffff-2021-08,1
842756dffffffff-2022-05,5
842756dffffffff-2023-04,1
842756dffffffff-2023-05,3
8427581ffffffff-2012-03,19
8427581ffffffff-2012-04,83
8427581ffffffff-2012-05,119
8427581ffffffff-2012-06,2
8427581ffffffff-2012-07,46
8427581ffffffff-2012-08,82
8427581ffffffff-2012-09,27
8427581ffffffff-2012-10,12
8427581ffffffff-2013-04,38
8427581ffffffff-2013-05,74
8427581ffffffff-2013-07,18
8427581ffffffff-2013-08,79
8427581ffffffff-2013-09,41
8427581ffffffff-2013-10,13
8427581ffffffff-2013-11,1
8427581ffffffff-2014-04,102
8427581ffffffff-2014-05,191
8427581ffffffff-2014-07,29
8427581ffffffff-2014-08,57
8427581ffffffff-2014-09,32
8427581ffffffff-2014-10,38
8427581ffffffff-2015-04,96
8427581ffffffff-2015-05,167
8427581ffffffff-2015-06,1
8427581ffffffff-2015-07,49
8427581ffffffff-2015-08,69
8427581ffffffff-2015-09,26
8427581ffffffff-2015-10,45
8427581ffffffff-2016-04,101
8427581ffffffff-2016-05,114
8427581ffffffff-2016-06,1
8427581ffffffff-2016-07,9
8427581ffffffff-2016-08,15
8427581ffffffff-2016-09,16
8427581ffffffff-2016-10,17
8427581ffffffff-2017-03,5
8427581ffffffff-2017-04,90
8427581ffffffff-2017-05,51
8427581ffffffff-2017-07,13
8427581ffffffff-2017-08,62
8427581ffffffff-2017-09,58
8427581ffffffff-2017-10,18
8427581ffffffff-2018-04,143
8427581ffffffff-2018-05,130
8427581ffffffff-2018-06,1
8427581ffffffff-2018-07,24
8427581ffffffff-2018-08,24
8427581ffffffff-2018-09,4
8427581ffffffff-2019-04,89
8427581ffffffff-2019-05,137
8427581ffffffff-2019-07,28
8427581ffffffff-2019-08,62
8427581ffffffff-2019-09,21
8427581ffffffff-2019-10,1
8427581ffffffff-2020-03,1
8427581ffffffff-2020-04,538
8427581ffffffff-2020-05,582
8427581ffffffff-2020-06,10
8427581ffffffff-2020-07,71
8427581ffffffff-2020-08,301
8427581ffffffff-2020-09,114
8427581ffffffff-2020-10,97
8427581ffffffff-2020-11,1
8427581ffffffff-2021-03,4
8427581ffffffff-2021-04,502
8427581ffffffff-2021-05,517
8427581ffffffff-2021-06,1
8427581ffffffff-2021-07,101
8427581ffffffff-2021-08,194
8427581ffffffff-2021-09,159
8427581ffffffff-2021-10,81
8427581ffffffff-2022-04,605
8427581ffffffff-2022-05,707
8427581ffffffff-2022-06,8
8427581ffffffff-2022-07,108
8427581ffffffff-2022-08,166
8427581ffffffff-2022-09,51
8427581ffffffff-2022-10,69
8427581ffffffff-2023-03,3
8427581ffffffff-2023-04,436
8427581ffffffff-2023-05,459
8427581ffffffff-2023-06,13
8427581ffffffff-2023-07,55
8427581ffffffff-2023-08,190
8427581ffffffff-2023-09,88
8427581ffffffff-2023-10,3
8427583ffffffff-2012-04,3
8427583ffffffff-2012-05,1
8427583ffffffff-2012-07,10
8427583ffffffff-2012-08,24
8427583ffffffff-2012-09,9
8427583ffffffff-2013-04,4
8427583ffffffff-2013-05,14
8427583ffffffff-2013-07,2
8427583ffffffff-2013-08,5
8427583ffffffff-2013-10,3
8427583ffffffff-2014-04,12
8427583ffffffff-2014-05,7
8427583ffffffff-2014-08,1
8427583ffffffff-2014-09,2
8427583ffffffff-2014-10,1
8427583ffffffff-2015-04,3
8427583ffffffff-2015-05,6
8427583ffffffff-2015-07,1
8427583ffffffff-2015-08,17
8427583ffffffff-2015-10,2
8427583ffffffff-2016-04,5
8427583ffffffff-2016-05,1
8427583ffffffff-2016-08,1
8427583ffffffff-2016-09,2
8427583ffffffff-2016-10,1
8427583ffffffff-2017-03,1
8427583ffffffff-2017-04,22
8427583ffffffff-2017-05,3
8427583ffffffff-2017-07,2
8427583ffffffff-2017-08,10
8427583ffffffff-2017-09,5
8427583ffffffff-2018-04,23
8427583ffffffff-2018-05,14
8427583ffffffff-2018-07,3
8427583ffffffff-2018-08,7
8427583ffffffff-2018-09,10
8427583ffffffff-2018-10,3
8427583ffffffff-2019-04,22
8427583ffffffff-2019-05,10
8427583ffffffff-2019-08,24
8427583ffffffff-2019-09,38
8427583ffffffff-2019-10,1
8427583ffffffff-2020-04,81
8427583ffffffff-2020-05,40
8427583ffffffff-2020-07,6
8427583ffffffff-2020-08,66
8427583ffffffff-2020-09,20
8427583ffffffff-2020-10,9
8427583ffffffff-2021-04,40
8427583ffffffff-2021-05,39
8427583ffffffff-2021-07,2
8427583ffffffff-2021-08,7
8427583ffffffff-2021-09,7
8427583ffffffff-2021-10,3
8427583ffffffff-2022-04,17
8427583ffffffff-2022-05,16
8427583ffffffff-2022-07,5
8427583ffffffff-2022-08,4
8427583ffffffff-2023-04,22
8427583ffffffff-2023-05,4
8427583ffffffff-2023-07,13
8427583ffffffff-2023-08,11
8427583ffffffff-2023-09,10
8427583ffffffff-2023-10,3
8427585ffffffff-2012-03,1
8427585ffffffff-2012-04,13
8427585ffffffff-2012-05,13
8427585ffffffff-2012-07,4
8427585ffffffff-2012-08,3
8427585ffffffff-2013-04,4
8427585ffffffff-2013-05,6
8427585ffffffff-2013-07,5
8427585ffffffff-2013-08,3
8427585ffffffff-2013-09,3
8427585ffffffff-2014-04,18
8427585ffffffff-2014-05,6
8427585ffffffff-2014-07,2
8427585ffffffff-2014-08,22
8427585ffffffff-2014-09,2
8427585ffffffff-2015-04,2
8427585ffffffff-2015-05,26
8427585ffffffff-2015-06,1
8427585ffffffff-2015-07,1
8427585ffffffff-2016-04,7
8427585ffffffff-2016-05,1
8427585ffffffff-2016-07,1
8427585ffffffff-2017-04,3
8427585ffffffff-2017-05,4
8427585ffffffff-2018-04,2
8427585ffffffff-2018-05,13
8427585ffffffff-2018-07,1
8427585ffffffff-2018-08,6
8427585ffffffff-2019-04,7
8427585ffffffff-2019-05,13
8427585ffffffff-2019-07,2
8427585ffffffff-2019-08,16
8427585ffffffff-2019-09,2
8427585ffffffff-2019-10,1
8427585ffffffff-2020-04,21
8427585ffffffff-2020-05,26
8427585ffffffff-2020-07,1
8427585ffffffff-2020-08,6
8427585ffffffff-2020-09,2
8427585ffffffff-2021-04,14
8427585ffffffff-2021-05,17
8427585ffffffff-2021-07,2
8427585ffffffff-2021-08,1
8427585ffffffff-2021-09,4
8427585ffffffff-2022-03,1
8427585ffffffff-2022-04,55
8427585ffffffff-2022-05,24
8427585ffffffff-2022-07,1
8427585ffffffff-2023-04,59
8427585ffffffff-2023-05,15
8427585ffffffff-2023-07,10
8427585ffffffff-2023-08,22
8427585ffffffff-2023-09,22
8427587ffffffff-2012-04,3
8427587ffffffff-2012-05,5
8427587ffffffff-2012-07,2
8427587ffffffff-2012-08,8
8427587ffffffff-2012-09,5
8427587ffffffff-2013-04,5
8427587ffffffff-2013-08,9
8427587ffffffff-2013-09,8
8427587ffffffff-2013-10,3
8427587ffffffff-2014-04,8
8427587ffffffff-2014-05,5
8427587ffffffff-2014-08,6
8427587ffffffff-2014-09,10
8427587ffffffff-2014-10,9
8427587ffffffff-2015-04,1
8427587ffffffff-2015-08,1
8427587ffffffff-2016-04,3
8427587ffffffff-2016-05,3
8427587ffffffff-2016-09,1
8427587ffffffff-2017-04,4
8427587ffffffff-2017-05,4
8427587ffffffff-2017-08,1
8427587ffffffff-2017-09,3
8427587ffffffff-2017-10,4
8427587ffffffff-2018-04,3
8427587ffffffff-2018-05,8
8427587ffffffff-2019-04,2
8427587ffffffff-2019-05,1
8427587ffffffff-2019-07,2
8427587ffffffff-2019-08,1
8427587ffffffff-2019-09,7
8427587ffffffff-2019-10,2
8427587ffffffff-2020-04,11
8427587ffffffff-2020-05,18
8427587ffffffff-2020-07,2
8427587ffffffff-2020-09,1
8427587ffffffff-2020-10,3
8427587ffffffff-2021-04,15
8427587ffffffff-2021-05,41
8427587ffffffff-2021-07,5
8427587ffffffff-2021-08,19
8427587ffffffff-2021-09,21
8427587ffffffff-2022-04,13
8427587ffffffff-2022-05,13
8427587ffffffff-2022-08,3
8427587ffffffff-2023-04,9
8427587ffffffff-2023-05,6
8427587ffffffff-2023-08,5
8427587ffffffff-2023-09,7
8427587ffffffff-2023-10,2
8427589ffffffff-2012-04,16
8427589ffffffff-2012-05,7
8427589ffffffff-2012-07,4
8427589ffffffff-2012-08,1
8427589ffffffff-2012-09,1
8427589ffffffff-2013-04,6
8427589ffffffff-2013-05,2
8427589ffffffff-2013-07,6
8427589ffffffff-2013-08,16
8427589ffffffff-2013-09,5
8427589ffffffff-2013-10,1
8427589ffffffff-2014-04,7
8427589ffffffff-2014-05,11
8427589ffffffff-2014-07,17
8427589ffffffff-2014-08,7
8427589ffffffff-2014-09,8
8427589ffffffff-2015-05,7
8427589ffffffff-2015-08,1
8427589ffffffff-2016-04,7
8427589ffffffff-2016-05,3
8427589ffffffff-2016-07,2
8427589ffffffff-2016-08,2
8427589ffffffff-2017-03,1
8427589ffffffff-2017-04,18
8427589ffffffff-2017-05,10
8427589ffffffff-2017-07,2
8427589ffffffff-2017-09,2
8427589ffffffff-2018-04,6
8427589ffffffff-2018-05,10
8427589ffffffff-2018-08,2
8427589ffffffff-2019-04,13
8427589ffffffff-2019-05,7
8427589ffffffff-2019-08,1
8427589ffffffff-2019-09,1
8427589ffffffff-2020-03,1
8427589ffffffff-2020-04,38
8427589ffffffff-2020-05,20
8427589ffffffff-2020-07,20
8427589ffffffff-2020-08,13
8427589ffffffff-2020-10,22
8427589ffffffff-2021-04,12
8427589ffffffff-2021-05,16
8427589ffffffff-2021-07,8
8427589ffffffff-2021-08,4
8427589ffffffff-2021-09,3
8427589ffffffff-2022-04,25
8427589ffffffff-2022-05,22
8427589ffffffff-2022-07,10
8427589ffffffff-2022-08,21
8427589ffffffff-2023-04,20
8427589ffffffff-2023-05,18
8427589ffffffff-2023-07,2
8427589ffffffff-2023-08,1
8427589ffffffff-2023-09,1
8427589ffffffff-2023-10,1
8427589ffffffff-2023-11,1
842758bffffffff-2012-04,22
842758bffffffff-2012-05,25
842758bffffffff-2012-07,6
842758bffffffff-2012-08,24
842758bffffffff-2012-09,6
842758bffffffff-2012-10,6
842758bffffffff-2013-04,31
842758bffffffff-2013-05,18
842758bffffffff-2013-07,5
842758bffffffff-2013-08,12
842758bffffffff-2013-09,10
842758bffffffff-2013-10,2
842758bffffffff-2014-04,10
842758bffffffff-2014-05,28
842758bffffffff-2014-07,15
842758bffffffff-2014-08,18
842758bffffffff-2014-09,5
842758bffffffff-2015-04,9
842758bffffffff-2015-05,23
842758bffffffff-2015-07,3
842758bffffffff-2015-08,9
842758bffffffff-2015-09,6
842758bffffffff-2015-10,1
842758bffffffff-2016-04,14
842758bffffffff-2016-05,15
842758bffffffff-2016-07,5
842758bffffffff-2016-08,5
842758bffffffff-2017-03,1
842758bffffffff-2017-04,18
842758bffffffff-2017-05,20
842758bffffffff-2017-07,3
842758bffffffff-2017-08,12
842758bffffffff-2017-09,17
842758bffffffff-2017-10,2
842758bffffffff-2018-04,6
842758bffffffff-2018-05,12
842758bffffffff-2018-07,7
842758bffffffff-2018-08,6
842758bffffffff-2018-09,2
842758bffffffff-2018-10,3
842758bffffffff-2019-04,13
842758bffffffff-2019-05,28
842758bffffffff-2019-07,3
842758bffffffff-2019-08,24
842758bffffffff-2019-09,15
842758bffffffff-2020-04,18
842758bffffffff-2020-05,30
842758bffffffff-2020-07,3
842758bffffffff-2020-08,113
842758bffffffff-2020-09,16
842758bffffffff-2020-10,20
842758bffffffff-2021-04,35
842758bffffffff-2021-05,57
842758bffffffff-2021-07,31
842758bffffffff-2021-08,68
842758bffffffff-2021-09,51
842758bffffffff-2021-10,5
842758bffffffff-2022-03,1
842758bffffffff-2022-04,36
842758bffffffff-2022-05,37
842758bffffffff-2022-07,35
842758bffffffff-2022-08,96
842758bffffffff-2022-09,38
842758bffffffff-2022-10,7
842758bffffffff-2023-04,28
842758bffffffff-2023-05,81
842758bffffffff-2023-07,61
842758bffffffff-2023-08,130
842758bffffffff-2023-09,39
842758bffffffff-2023-10,14
842758bffffffff-2023-11,1
842758dffffffff-2012-03,1
842758dffffffff-2012-05,9
842758dffffffff-2012-07,1
842758dffffffff-2013-04,1
842758dffffffff-2013-05,2
842758dffffffff-2014-04,1
842758dffffffff-2014-05,2
842758dffffffff-2014-08,4
842758dffffffff-2015-04,1
842758dffffffff-2015-08,2
842758dffffffff-2016-04,5
842758dffffffff-2016-05,10
842758dffffffff-2016-07,2
842758dffffffff-2016-08,4
842758dffffffff-2017-04,4
842758dffffffff-2017-05,2
842758dffffffff-2017-08,1
842758dffffffff-2018-05,6
842758dffffffff-2018-08,1
842758dffffffff-2019-04,10
842758dffffffff-2019-05,2
842758dffffffff-2019-07,4
842758dffffffff-2019-08,1
842758dffffffff-2020-04,4
842758dffffffff-2020-05,9
842758dffffffff-2020-08,5
842758dffffffff-2020-09,1
842758dffffffff-2021-04,5
842758dffffffff-2021-05,11
842758dffffffff-2021-06,1
842758dffffffff-2021-07,3
842758dffffffff-2021-08,11
842758dffffffff-2021-09,8
842758dffffffff-2021-10,1
842758dffffffff-2022-04,13
842758dffffffff-2022-05,12
842758dffffffff-2022-07,1
842758dffffffff-2022-08,3
842758dffffffff-2022-09,5
842758dffffffff-2023-04,10
842758dffffffff-2023-05,11
842758dffffffff-2023-07,7
842758dffffffff-2023-08,27
842758dffffffff-2023-09,5
8427591ffffffff-2012-03,1
8427591ffffffff-2012-04,9
8427591ffffffff-2012-05,18
8427591ffffffff-2012-07,2
8427591ffffffff-2012-08,4
8427591ffffffff-2013-04,7
8427591ffffffff-2013-05,4
8427591ffffffff-2013-08,15
8427591ffffffff-2013-09,5
8427591ffffffff-2013-10,8
8427591ffffffff-2013-11,1
8427591ffffffff-2014-04,25
8427591ffffffff-2014-05,6
8427591ffffffff-2014-07,1
8427591ffffffff-2014-08,7
8427591ffffffff-2014-09,1
8427591ffffffff-2014-10,8
8427591ffffffff-2015-03,1
8427591ffffffff-2015-04,16
8427591ffffffff-2015-05,30
8427591ffffffff-2015-07,3
8427591ffffffff-2015-08,16
8427591ffffffff-2015-09,26
8427591ffffffff-2015-10,4
8427591ffffffff-2016-03,2
8427591ffffffff-2016-04,60
8427591ffffffff-2016-05,60
8427591ffffffff-2016-07,26
8427591ffffffff-2016-08,26
8427591ffffffff-2016-09,8
8427591ffffffff-2016-10,7
8427591ffffffff-2017-03,8
8427591ffffffff-2017-04,35
8427591ffffffff-2017-05,31
8427591ffffffff-2017-07,14
8427591ffffffff-2017-08,38
8427591ffffffff-2017-09,53
8427591ffffffff-2017-10,59
8427591ffffffff-2018-02,1
8427591ffffffff-2018-04,56
8427591ffffffff-2018-05,37
8427591ffffffff-2018-07,20
8427591ffffffff-2018-08,9
8427591ffffffff-2018-09,4
8427591ffffffff-2019-04,10
8427591ffffffff-2019-05,18
8427591ffffffff-2019-07,60
8427591ffffffff-2019-08,31
8427591ffffffff-2019-09,4
8427591ffffffff-2019-10,13
8427591ffffffff-2020-04,55
8427591ffffffff-2020-05,96
8427591ffffffff-2020-07,39
8427591ffffffff-2020-08,25
8427591ffffffff-2020-09,15
8427591ffffffff-2020-10,9
8427591ffffffff-2021-03,1
8427591ffffffff-2021-04,26
8427591ffffffff-2021-05,121
8427591ffffffff-2021-06,4
8427591ffffffff-2021-07,23
8427591ffffffff-2021-08,13
8427591ffffffff-2021-09,11
8427591ffffffff-2021-10,3
8427591ffffffff-2022-04,74
8427591ffffffff-2022-05,111
8427591ffffffff-2022-06,1
8427591ffffffff-2022-07,12
8427591ffffffff-2022-08,69
8427591ffffffff-2022-09,14
8427591ffffffff-2022-10,8
8427591ffffffff-2022-11,1
8427591ffffffff-2023-04,82
8427591ffffffff-2023-05,116
8427591ffffffff-2023-07,52
8427591ffffffff-2023-08,48
8427591ffffffff-2023-09,26
8427591ffffffff-2023-10,4
8427593ffffffff-2012-03,1
8427593ffffffff-2012-04,33
8427593ffffffff-2012-05,22
8427593ffffffff-2012-06,1
8427593ffffffff-2012-07,37
8427593ffffffff-2012-08,66
8427593ffffffff-2012-09,15
8427593ffffffff-2012-10,20
8427593ffffffff-2012-11,3
8427593ffffffff-2013-04,24
8427593ffffffff-2013-05,17
8427593ffffffff-2013-07,60
8427593ffffffff-2013-08,93
8427593ffffffff-2013-09,47
8427593ffffffff-2013-10,75
8427593ffffffff-2013-11,13
8427593ffffffff-2014-03,4
8427593ffffffff-2014-04,53
8427593ffffffff-2014-05,54
8427593ffffffff-2014-07,41
8427593ffffffff-2014-08,66
8427593ffffffff-2014-09,19
8427593ffffffff-2014-10,24
8427593ffffffff-2014-11,1
8427593ffffffff-2015-03,5
8427593ffffffff-2015-04,16
8427593ffffffff-2015-05,19
8427593ffffffff-2015-06,3
8427593ffffffff-2015-07,12
8427593ffffffff-2015-08,87
8427593ffffffff-2015-09,80
8427593ffffffff-2015-10,83
8427593ffffffff-2016-04,38
8427593ffffffff-2016-05,36
8427593ffffffff-2016-07,11
8427593ffffffff-2016-08,32
8427593ffffffff-2016-09,26
8427593ffffffff-2016-10,22
8427593ffffffff-2017-03,3
8427593ffffffff-2017-04,22
8427593ffffffff-2017-05,8
8427593ffffffff-2017-08,52
8427593ffffffff-2017-09,100
8427593ffffffff-2017-10,11
8427593ffffffff-2018-04,62
8427593ffffffff-2018-05,46
8427593ffffffff-2018-07,45
8427593ffffffff-2018-08,62
8427593ffffffff-2018-09,25
8427593ffffffff-2018-10,3
8427593ffffffff-2019-04,19
8427593ffffffff-2019-05,15
8427593ffffffff-2019-07,22
8427593ffffffff-2019-08,67
8427593ffffffff-2019-09,18
8427593ffffffff-2020-04,100
8427593ffffffff-2020-05,100
8427593ffffffff-2020-07,52
8427593ffffffff-2020-08,132
8427593ffffffff-2020-09,63
8427593ffffffff-2020-10,30
8427593ffffffff-2020-11,1
8427593ffffffff-2021-03,1
8427593ffffffff-2021-04,209
8427593ffffffff-2021-05,223
8427593ffffffff-2021-07,9
8427593ffffffff-2021-08,202
8427593ffffffff-2021-09,142
8427593ffffffff-2021-10,44
8427593ffffffff-2022-04,24
8427593ffffffff-2022-05,45
8427593ffffffff-2022-06,1
8427593ffffffff-2022-07,83
8427593ffffffff-2022-08,163
8427593ffffffff-2022-09,18
8427593ffffffff-2022-10,18
8427593ffffffff-2023-03,1
8427593ffffffff-2023-04,91
8427593ffffffff-2023-05,76
8427593ffffffff-2023-06,1
8427593ffffffff-2023-07,20
8427593ffffffff-2023-08,117
8427593ffffffff-2023-09,58
8427593ffffffff-2023-10,16
8427593ffffffff-2023-11,4
8427595ffffffff-2012-03,2
8427595ffffffff-2012-04,9
8427595ffffffff-2012-05,5
8427595ffffffff-2012-06,2
8427595ffffffff-2012-07,2
8427595ffffffff-2012-08,1
8427595ffffffff-2013-05,1
8427595ffffffff-2013-07,2
8427595ffffffff-2013-08,1
8427595ffffffff-2013-09,2
8427595ffffffff-2014-05,1
8427595ffffffff-2015-04,1
8427595ffffffff-2015-05,3
8427595ffffffff-2015-08,7
8427595ffffffff-2015-10,5
8427595ffffffff-2016-04,5
8427595ffffffff-2016-05,2
8427595ffffffff-2016-07,7
8427595ffffffff-2016-08,8
8427595ffffffff-2016-09,3
8427595ffffffff-2016-10,9
8427595ffffffff-2017-04,4
8427595ffffffff-2017-05,1
8427595ffffffff-2017-07,1
8427595ffffffff-2017-08,5
8427595ffffffff-2017-09,7
8427595ffffffff-2017-10,5
8427595ffffffff-2018-04,17
8427595ffffffff-2018-05,6
8427595ffffffff-2018-06,1
8427595ffffffff-2018-07,5
8427595ffffffff-2018-08,5
8427595ffffffff-2018-09,3
8427595ffffffff-2018-10,2
8427595ffffffff-2019-04,12
8427595ffffffff-2019-05,2
8427595ffffffff-2019-07,9
8427595ffffffff-2019-08,4
8427595ffffffff-2019-09,2
8427595ffffffff-2020-04,29
8427595ffffffff-2020-05,15
8427595ffffffff-2020-07,25
8427595ffffffff-2020-08,24
8427595ffffffff-2020-09,7
8427595ffffffff-2020-10,10
8427595ffffffff-2020-11,1
8427595ffffffff-2021-03,1
8427595ffffffff-2021-04,10
8427595ffffffff-2021-05,32
8427595ffffffff-2021-07,6
8427595ffffffff-2021-08,7
8427595ffffffff-2021-09,1
8427595ffffffff-2021-10,3
8427595ffffffff-2022-04,6
8427595ffffffff-2022-05,4
8427595ffffffff-2022-06,1
8427595ffffffff-2022-07,5
8427595ffffffff-2022-08,6
8427595ffffffff-2022-10,2
8427595ffffffff-2022-11,1
8427595ffffffff-2023-04,193
8427595ffffffff-2023-05,6
8427595ffffffff-2023-07,19
8427595ffffffff-2023-08,67
8427595ffffffff-2023-09,7
8427595ffffffff-2023-10,15
8427597ffffffff-2012-03,4
8427597ffffffff-2012-04,5
8427597ffffffff-2012-05,7
8427597ffffffff-2012-06,1
8427597ffffffff-2012-07,2
8427597ffffffff-2012-08,2
8427597ffffffff-2013-04,10
8427597ffffffff-2013-05,6
8427597ffffffff-2013-07,1
8427597ffffffff-2013-09,4
8427597ffffffff-2013-10,2
8427597ffffffff-2014-03,1
8427597ffffffff-2014-04,5
8427597ffffffff-2014-05,7
8427597ffffffff-2014-07,8
8427597ffffffff-2014-08,4
8427597ffffffff-2014-09,2
8427597ffffffff-2015-04,16
8427597ffffffff-2015-05,9
8427597ffffffff-2015-07,61
8427597ffffffff-2015-08,87
8427597ffffffff-2015-09,5
8427597ffffffff-2016-04,12
8427597ffffffff-2016-05,17
8427597ffffffff-2016-07,5
8427597ffffffff-2016-08,52
8427597ffffffff-2016-09,9
8427597ffffffff-2016-10,17
8427597ffffffff-2016-11,3
8427597ffffffff-2017-04,25
8427597ffffffff-2017-05,31
8427597ffffffff-2017-06,1
8427597ffffffff-2017-07,1
8427597ffffffff-2017-08,12
8427597ffffffff-2017-09,1
8427597ffffffff-2017-10,1
8427597ffffffff-2018-04,12
8427597ffffffff-2018-05,27
8427597ffffffff-2018-06,2
8427597ffffffff-2018-07,18
8427597ffffffff-2018-08,5
8427597ffffffff-2018-09,3
8427597ffffffff-2018-10,6
8427597ffffffff-2019-04,4
8427597ffffffff-2019-05,7
8427597ffffffff-2019-07,10
8427597ffffffff-2019-08,1
8427597ffffffff-2019-09,1
8427597ffffffff-2020-04,45
8427597ffffffff-2020-05,17
8427597ffffffff-2020-06,1
8427597ffffffff-2020-07,18
8427597ffffffff-2020-08,15
8427597ffffffff-2020-09,4
8427597ffffffff-2021-04,11
8427597ffffffff-2021-05,13
8427597ffffffff-2021-07,3
8427597ffffffff-2021-08,9
8427597ffffffff-2021-09,7
8427597ffffffff-2021-10,2
8427597ffffffff-2022-04,12
8427597ffffffff-2022-05,12
8427597ffffffff-2022-07,21
8427597ffffffff-2022-08,12
8427597ffffffff-2022-09,4
8427597ffffffff-2022-10,2
8427597ffffffff-2023-04,70
8427597ffffffff-2023-05,67
8427597ffffffff-2023-06,4
8427597ffffffff-2023-07,83
8427597ffffffff-2023-08,183
8427597ffffffff-2023-09,101
8427597ffffffff-2023-10,42
8427599ffffffff-2012-03,4
8427599ffffffff-2012-04,11
8427599ffffffff-2012-05,3
8427599ffffffff-2012-07,1
8427599ffffffff-2012-08,1
8427599ffffffff-2012-09,5
8427599ffffffff-2013-04,35
8427599ffffffff-2013-05,44
8427599ffffffff-2013-07,15
8427599ffffffff-2013-08,75
8427599ffffffff-2013-09,8
8427599ffffffff-2013-10,9
8427599ffffffff-2013-11,3
8427599ffffffff-2014-04,30
8427599ffffffff-2014-05,31
8427599ffffffff-2014-07,12
8427599ffffffff-2014-08,26
8427599ffffffff-2015-03,1
8427599ffffffff-2015-04,16
8427599ffffffff-2015-05,26
8427599ffffffff-2015-07,5
8427599ffffffff-2015-08,29
8427599ffffffff-2016-03,2
8427599ffffffff-2016-04,42
8427599ffffffff-2016-05,42
8427599ffffffff-2016-07,7
8427599ffffffff-2016-08,9
8427599ffffffff-2016-09,1
8427599ffffffff-2016-10,1
8427599ffffffff-2017-04,24
8427599ffffffff-2017-05,17
8427599ffffffff-2017-06,1
8427599ffffffff-2017-07,7
8427599ffffffff-2017-08,39
8427599ffffffff-2017-09,3
8427599ffffffff-2017-10,2
8427599ffffffff-2018-04,40
8427599ffffffff-2018-05,34
8427599ffffffff-2018-07,2
8427599ffffffff-2018-08,7
8427599ffffffff-2018-09,10
8427599ffffffff-2019-04,16
8427599ffffffff-2019-05,16
8427599ffffffff-2019-07,1
8427599ffffffff-2019-08,10
8427599ffffffff-2019-09,8
8427599ffffffff-2019-10,1
8427599ffffffff-2020-03,1
8427599ffffffff-2020-04,66
8427599ffffffff-2020-05,39
8427599ffffffff-2020-07,9
8427599ffffffff-2020-08,8
8427599ffffffff-2020-09,2
8427599ffffffff-2020-10,3
8427599ffffffff-2021-03,3
8427599ffffffff-2021-04,37
8427599ffffffff-2021-05,41
8427599ffffffff-2021-07,11
8427599ffffffff-2021-08,15
8427599ffffffff-2021-09,3
8427599ffffffff-2021-10,12
8427599ffffffff-2022-04,17
8427599ffffffff-2022-05,39
8427599ffffffff-2022-07,3
8427599ffffffff-2022-08,6
8427599ffffffff-2022-09,3
8427599ffffffff-2023-04,37
8427599ffffffff-2023-05,74
8427599ffffffff-2023-07,22
8427599ffffffff-2023-08,70
8427599ffffffff-2023-09,25
842759bffffffff-2012-03,1
842759bffffffff-2012-04,9
842759bffffffff-2012-05,6
842759bffffffff-2012-07,12
842759bffffffff-2012-08,3
842759bffffffff-2012-09,3
842759bffffffff-2013-04,9
842759bffffffff-2013-05,9
842759bffffffff-2013-07,4
842759bffffffff-2013-08,9
842759bffffffff-2013-09,8
842759bffffffff-2014-04,16
842759bffffffff-2014-05,23
842759bffffffff-2014-07,48
842759bffffffff-2014-08,76
842759bffffffff-2014-09,18
842759bffffffff-2014-10,3
842759bffffffff-2015-04,9
842759bffffffff-2015-05,18
842759bffffffff-2015-07,29
842759bffffffff-2015-08,78
842759bffffffff-2015-09,25
842759bffffffff-2015-10,15
842759bffffffff-2016-04,52
842759bffffffff-2016-05,34
842759bffffffff-2016-06,3
842759bffffffff-2016-07,46
842759bffffffff-2016-08,40
842759bffffffff-2016-09,20
842759bffffffff-2016-10,3
842759bffffffff-2017-03,3
842759bffffffff-2017-04,41
842759bffffffff-2017-05,22
842759bffffffff-2017-06,1
842759bffffffff-2017-07,20
842759bffffffff-2017-08,99
842759bffffffff-2017-09,30
842759bffffffff-2017-10,10
842759bffffffff-2018-04,82
842759bffffffff-2018-05,104
842759bffffffff-2018-07,59
842759bffffffff-2018-08,73
842759bffffffff-2018-09,9
842759bffffffff-2018-10,3
842759bffffffff-2019-04,32
842759bffffffff-2019-05,35
842759bffffffff-2019-07,70
842759bffffffff-2019-08,71
842759bffffffff-2019-09,16
842759bffffffff-2019-10,17
842759bffffffff-2020-04,76
842759bffffffff-2020-05,51
842759bffffffff-2020-07,75
842759bffffffff-2020-08,122
842759bffffffff-2020-09,83
842759bffffffff-2020-10,12
842759bffffffff-2020-11,4
842759bffffffff-2021-03,1
842759bffffffff-2021-04,158
842759bffffffff-2021-05,290
842759bffffffff-2021-06,2
842759bffffffff-2021-07,108
842759bffffffff-2021-08,213
842759bffffffff-2021-09,64
842759bffffffff-2021-10,14
842759bffffffff-2022-03,1
842759bffffffff-2022-04,63
842759bffffffff-2022-05,46
842759bffffffff-2022-06,2
842759bffffffff-2022-07,120
842759bffffffff-2022-08,204
842759bffffffff-2022-09,80
842759bffffffff-2022-10,3
842759bffffffff-2023-04,121
842759bffffffff-2023-05,155
842759bffffffff-2023-06,33
842759bffffffff-2023-07,156
842759bffffffff-2023-08,212
842759bffffffff-2023-09,56
842759bffffffff-2023-10,6
842759dffffffff-2012-03,8
842759dffffffff-2012-04,4
842759dffffffff-2012-05,5
842759dffffffff-2012-08,7
842759dffffffff-2012-09,4
842759dffffffff-2013-04,1
842759dffffffff-2013-05,8
842759dffffffff-2013-07,3
842759dffffffff-2013-08,17
842759dffffffff-2013-09,1
842759dffffffff-2014-04,2
842759dffffffff-2014-05,5
842759dffffffff-2014-08,3
842759dffffffff-2015-04,1
842759dffffffff-2015-07,2
842759dffffffff-2016-04,1
842759dffffffff-2016-08,1
842759dffffffff-2017-03,1
842759dffffffff-2017-04,1
842759dffffffff-2017-09,2
842759dffffffff-2018-04,3
842759dffffffff-2018-05,4
842759dffffffff-2018-07,4
842759dffffffff-2018-08,1
842759dffffffff-2018-09,6
842759dffffffff-2019-05,4
842759dffffffff-2019-08,5
842759dffffffff-2020-03,1
842759dffffffff-2020-04,71
842759dffffffff-2020-05,15
842759dffffffff-2020-07,5
842759dffffffff-2020-08,10
842759dffffffff-2020-10,11
842759dffffffff-2020-11,4
842759dffffffff-2021-04,20
842759dffffffff-2021-05,73
842759dffffffff-2021-07,1
842759dffffffff-2021-08,7
842759dffffffff-2021-10,1
842759dffffffff-2022-04,2
842759dffffffff-2022-05,5
842759dffffffff-2022-08,2
842759dffffffff-2023-04,40
842759dffffffff-2023-05,29
842759dffffffff-2023-08,6
842759dffffffff-2023-09,2
842759dffffffff-2023-10,3
84275a1ffffffff-2013-04,2
84275a1ffffffff-2013-05,2
84275a1ffffffff-2014-04,4
84275a1ffffffff-2014-05,6
84275a1ffffffff-2016-04,3
84275a1ffffffff-2016-05,2
84275a1ffffffff-2017-05,1
84275a1ffffffff-2017-08,1
84275a1ffffffff-2018-05,3
84275a1ffffffff-2019-04,3
84275a1ffffffff-2019-05,1
84275a1ffffffff-2021-05,4
84275a1ffffffff-2021-08,1
84275a1ffffffff-2022-05,1
84275a1ffffffff-2023-04,2
84275a3ffffffff-2012-03,1
84275a3ffffffff-2012-04,6
84275a3ffffffff-2012-05,6
84275a3ffffffff-2012-10,3
84275a3ffffffff-2013-04,10
84275a3ffffffff-2013-05,25
84275a3ffffffff-2013-07,1
84275a3ffffffff-2013-08,4
84275a3ffffffff-2013-09,1
84275a3ffffffff-2014-03,2
84275a3ffffffff-2014-04,22
84275a3ffffffff-2014-05,9
84275a3ffffffff-2014-07,2
84275a3ffffffff-2014-08,4
84275a3ffffffff-2015-04,10
84275a3ffffffff-2015-05,11
84275a3ffffffff-2015-08,2
84275a3ffffffff-2015-09,1
84275a3ffffffff-2016-04,3
84275a3ffffffff-2016-05,8
84275a3ffffffff-2016-07,1
84275a3ffffffff-2017-03,5
84275a3ffffffff-2017-04,7
84275a3ffffffff-2017-05,8
84275a3ffffffff-2017-08,1
84275a3ffffffff-2018-04,21
84275a3ffffffff-2018-05,8
84275a3ffffffff-2018-08,3
84275a3ffffffff-2018-10,1
84275a3ffffffff-2019-04,4
84275a3ffffffff-2019-08,1
84275a3ffffffff-2020-04,18
84275a3ffffffff-2020-05,19
84275a3ffffffff-2020-08,1
84275a3ffffffff-2020-09,1
84275a3ffffffff-2021-04,12
84275a3ffffffff-2021-05,18
84275a3ffffffff-2021-07,2
84275a3ffffffff-2021-09,1
84275a3ffffffff-2022-04,14
84275a3ffffffff-2022-05,4
84275a3ffffffff-2022-08,5
84275a3ffffffff-2022-09,1
84275a3ffffffff-2023-03,2
84275a3ffffffff-2023-04,10
84275a3ffffffff-2023-05,2
84275a3ffffffff-2023-07,2
84275a3ffffffff-2023-08,20
84275a3ffffffff-2023-09,15
84275a3ffffffff-2023-10,1
84275a7ffffffff-2020-09,1
84275a7ffffffff-2021-07,1
84275a7ffffffff-2021-08,1
84275a9ffffffff-2012-04,1
84275a9ffffffff-2013-04,1
84275a9ffffffff-2013-05,1
84275a9ffffffff-2013-07,5
84275a9ffffffff-2014-04,1
84275a9ffffffff-2016-04,1
84275a9ffffffff-2017-04,2
84275a9ffffffff-2017-05,1
84275a9ffffffff-2017-08,1
84275a9ffffffff-2018-04,4
84275a9ffffffff-2018-05,11
84275a9ffffffff-2019-04,2
84275a9ffffffff-2019-05,3
84275a9ffffffff-2020-05,2
84275a9ffffffff-2021-03,3
84275a9ffffffff-2021-04,6
84275a9ffffffff-2021-05,10
84275a9ffffffff-2021-09,1
84275a9ffffffff-2021-10,3
84275a9ffffffff-2022-04,7
84275a9ffffffff-2022-05,12
84275a9ffffffff-2022-10,1
84275a9ffffffff-2023-04,12
84275a9ffffffff-2023-05,17
84275a9ffffffff-2023-09,1
84275abffffffff-2013-08,1
84275abffffffff-2014-04,1
84275abffffffff-2015-04,1
84275abffffffff-2015-07,1
84275abffffffff-2017-04,1
84275abffffffff-2018-04,1
84275abffffffff-2018-05,1
84275abffffffff-2020-04,1
84275abffffffff-2020-05,3
84275abffffffff-2020-10,1
84275abffffffff-2021-04,1
84275abffffffff-2023-04,3
84275abffffffff-2023-07,1
84275abffffffff-2023-08,1
84275adffffffff-2012-04,2
84275adffffffff-2012-05,2
84275adffffffff-2013-05,3
84275adffffffff-2014-04,1
84275adffffffff-2014-05,7
84275adffffffff-2017-05,4
84275adffffffff-2018-04,1
84275adffffffff-2018-05,1
84275adffffffff-2018-08,1
84275adffffffff-2019-04,1
84275adffffffff-2020-04,1
84275adffffffff-2021-04,1
84275adffffffff-2021-05,6
84275adffffffff-2022-05,2
84275b1ffffffff-2016-09,2
84275b1ffffffff-2023-05,3
84275b3ffffffff-2012-03,1
84275b3ffffffff-2012-04,2
84275b3ffffffff-2012-05,1
84275b3ffffffff-2012-07,2
84275b3ffffffff-2012-08,5
84275b3ffffffff-2013-04,2
84275b3ffffffff-2013-05,5
84275b3ffffffff-2013-07,5
84275b3ffffffff-2013-08,8
84275b3ffffffff-2013-09,2
84275b3ffffffff-2013-10,2
84275b3ffffffff-2014-04,3
84275b3ffffffff-2014-05,1
84275b3ffffffff-2014-08,7
84275b3ffffffff-2014-09,1
84275b3ffffffff-2014-10,7
84275b3ffffffff-2015-04,1
84275b3ffffffff-2015-08,2
84275b3ffffffff-2016-10,1
84275b3ffffffff-2017-04,1
84275b3ffffffff-2018-04,3
84275b3ffffffff-2018-05,1
84275b3ffffffff-2018-08,1
84275b3ffffffff-2019-08,24
84275b3ffffffff-2020-04,3
84275b3ffffffff-2020-05,5
84275b3ffffffff-2020-08,23
84275b3ffffffff-2020-09,2
84275b3ffffffff-2020-10,1
84275b3ffffffff-2021-04,17
84275b3ffffffff-2021-07,2
84275b3ffffffff-2021-09,2
84275b3ffffffff-2022-04,9
84275b3ffffffff-2023-04,10
84275b3ffffffff-2023-05,2
84275b3ffffffff-2023-08,2
84275b5ffffffff-2012-05,1
84275b5ffffffff-2012-09,3
84275b5ffffffff-2013-05,1
84275b5ffffffff-2013-07,2
84275b5ffffffff-2013-08,2
84275b5ffffffff-2014-04,5
84275b5ffffffff-2014-05,4
84275b5ffffffff-2014-07,5
84275b5ffffffff-2014-08,13
84275b5ffffffff-2014-09,2
84275b5ffffffff-2014-10,1
84275b5ffffffff-2015-03,2
84275b5ffffffff-2015-04,16
84275b5ffffffff-2015-05,13
84275b5ffffffff-2015-08,3
84275b5ffffffff-2016-04,7
84275b5ffffffff-2016-05,9
84275b5ffffffff-2016-07,5
84275b5ffffffff-2016-09,1
84275b5ffffffff-2016-11,1
84275b5ffffffff-2017-04,7
84275b5ffffffff-2017-05,7
84275b5ffffffff-2017-06,2
84275b5ffffffff-2017-07,2
84275b5ffffffff-2017-08,7
84275b5ffffffff-2017-10,2
84275b5ffffffff-2018-04,29
84275b5ffffffff-2018-05,20
84275b5ffffffff-2018-07,3
84275b5ffffffff-2018-08,4
84275b5ffffffff-2018-09,1
84275b5ffffffff-2018-10,1
84275b5ffffffff-2019-04,16
84275b5ffffffff-2019-05,28
84275b5ffffffff-2019-07,3
84275b5ffffffff-2019-08,1
84275b5ffffffff-2019-09,1
84275b5ffffffff-2020-04,25
84275b5ffffffff-2020-05,23
84275b5ffffffff-2020-08,6
84275b5ffffffff-2020-09,4
84275b5ffffffff-2020-10,1
84275b5ffffffff-2021-03,1
84275b5ffffffff-2021-04,23
84275b5ffffffff-2021-05,26
84275b5ffffffff-2021-07,5
84275b5ffffffff-2021-08,10
84275b5ffffffff-2021-09,1
84275b5ffffffff-2022-04,17
84275b5ffffffff-2022-05,27
84275b5ffffffff-2022-07,2
84275b5ffffffff-2022-08,4
84275b5ffffffff-2022-10,1
84275b5ffffffff-2023-04,34
84275b5ffffffff-2023-05,52
84275b5ffffffff-2023-06,2
84275b5ffffffff-2023-07,7
84275b5ffffffff-2023-08,15
84275b5ffffffff-2023-09,9
84275b5ffffffff-2023-10,1
84275b7ffffffff-2012-08,1
84275b7ffffffff-2013-03,2
84275b7ffffffff-2013-04,2
84275b7ffffffff-2013-07,2
84275b7ffffffff-2013-09,1
84275b7ffffffff-2013-10,3
84275b7ffffffff-2014-04,3
84275b7ffffffff-2014-05,1
84275b7ffffffff-2014-08,5
84275b7ffffffff-2014-09,1
84275b7ffffffff-2014-10,4
84275b7ffffffff-2014-11,2
84275b7ffffffff-2015-03,1
84275b7ffffffff-2015-04,3
84275b7ffffffff-2015-05,5
84275b7ffffffff-2015-08,2
84275b7ffffffff-2015-10,1
84275b7ffffffff-2015-11,1
84275b7ffffffff-2016-04,2
84275b7ffffffff-2016-05,2
84275b7ffffffff-2017-03,1
84275b7ffffffff-2017-04,6
84275b7ffffffff-2017-05,2
84275b7ffffffff-2017-08,3
84275b7ffffffff-2017-09,2
84275b7ffffffff-2018-03,1
84275b7ffffffff-2018-04,5
84275b7ffffffff-2018-08,3
84275b7ffffffff-2019-04,7
84275b7ffffffff-2019-08,1
84275b7ffffffff-2019-09,1
84275b7ffffffff-2020-04,1
84275b7ffffffff-2020-05,2
84275b7ffffffff-2020-07,2
84275b7ffffffff-2020-08,5
84275b7ffffffff-2021-04,2
84275b7ffffffff-2021-05,1
84275b7ffffffff-2021-09,2
84275b7ffffffff-2022-04,2
84275b7ffffffff-2022-05,9
84275b7ffffffff-2022-09,1
84275b7ffffffff-2023-04,2
84275b7ffffffff-2023-05,12
84275b7ffffffff-2023-08,11
84275b7ffffffff-2023-09,1
84275b7ffffffff-2023-10,3
84275b9ffffffff-2012-03,1
84275b9ffffffff-2012-04,1
84275b9ffffffff-2012-05,1
84275b9ffffffff-2013-04,3
84275b9ffffffff-2013-05,3
84275b9ffffffff-2013-07,1
84275b9ffffffff-2014-04,5
84275b9ffffffff-2014-05,4
84275b9ffffffff-2015-04,4
84275b9ffffffff-2016-03,3
84275b9ffffffff-2016-04,2
84275b9ffffffff-2016-05,3
84275b9ffffffff-2017-03,2
84275b9ffffffff-2017-04,19
84275b9ffffffff-2017-05,4
84275b9ffffffff-2017-08,50
84275b9ffffffff-2017-09,3
84275b9ffffffff-2017-10,1
84275b9ffffffff-2018-04,4
84275b9ffffffff-2018-05,5
84275b9ffffffff-2018-07,8
84275b9ffffffff-2019-03,1
84275b9ffffffff-2019-04,14
84275b9ffffffff-2019-05,8
84275b9ffffffff-2019-09,3
84275b9ffffffff-2020-04,15
84275b9ffffffff-2020-05,5
84275b9ffffffff-2020-08,1
84275b9ffffffff-2021-04,3
84275b9ffffffff-2021-05,6
84275b9ffffffff-2021-09,4
84275b9ffffffff-2022-04,8
84275b9ffffffff-2022-05,24
84275b9ffffffff-2022-07,2
84275b9ffffffff-2022-08,2
84275b9ffffffff-2022-09,1
84275b9ffffffff-2023-04,15
84275b9ffffffff-2023-05,21
84275b9ffffffff-2023-07,3
84275b9ffffffff-2023-08,5
84275b9ffffffff-2023-09,10
84275b9ffffffff-2023-10,3
84275bbffffffff-2012-05,2
84275bbffffffff-2012-08,1
84275bbffffffff-2013-04,3
84275bbffffffff-2013-05,2
84275bbffffffff-2013-07,4
84275bbffffffff-2013-08,11
84275bbffffffff-2013-09,1
84275bbffffffff-2013-10,1
84275bbffffffff-2013-11,1
84275bbffffffff-2014-04,1
84275bbffffffff-2014-05,4
84275bbffffffff-2014-07,1
84275bbffffffff-2014-08,7
84275bbffffffff-2015-04,2
84275bbffffffff-2015-05,4
84275bbffffffff-2015-06,1
84275bbffffffff-2015-08,2
84275bbffffffff-2016-05,6
84275bbffffffff-2016-07,5
84275bbffffffff-2016-08,7
84275bbffffffff-2016-09,1
84275bbffffffff-2016-10,1
84275bbffffffff-2017-04,6
84275bbffffffff-2017-05,4
84275bbffffffff-2017-06,1
84275bbffffffff-2017-07,1
84275bbffffffff-2017-08,5
84275bbffffffff-2017-09,1
84275bbffffffff-2018-04,1
84275bbffffffff-2018-05,1
84275bbffffffff-2018-07,2
84275bbffffffff-2018-08,1
84275bbffffffff-2019-04,2
84275bbffffffff-2019-05,2
84275bbffffffff-2019-10,1
84275bbffffffff-2020-04,4
84275bbffffffff-2020-10,1
84275bbffffffff-2021-04,13
84275bbffffffff-2021-05,13
84275bbffffffff-2021-07,1
84275bbffffffff-2021-08,8
84275bbffffffff-2021-09,6
84275bbffffffff-2021-10,20
84275bbffffffff-2022-05,3
84275bbffffffff-2022-07,23
84275bbffffffff-2022-08,5
84275bbffffffff-2023-04,31
84275bbffffffff-2023-05,5
84275bbffffffff-2023-06,1
84275bbffffffff-2023-07,11
84275bbffffffff-2023-08,1
84275bbffffffff-2023-09,1
84275bdffffffff-2017-05,1
84275bdffffffff-2017-08,2
84275bdffffffff-2020-04,4
84275bdffffffff-2020-05,2
84275bdffffffff-2023-04,3
84275bdffffffff-2023-05,1
84275c1ffffffff-2012-05,1
84275c1ffffffff-2014-04,1
84275c1ffffffff-2015-04,2
84275c1ffffffff-2015-09,1
84275c1ffffffff-2016-04,1
84275c1ffffffff-2016-08,1
84275c1ffffffff-2017-04,5
84275c1ffffffff-2017-05,7
84275c1ffffffff-2018-04,3
84275c1ffffffff-2018-05,7
84275c1ffffffff-2019-04,1
84275c1ffffffff-2019-05,4
84275c1ffffffff-2020-04,10
84275c1ffffffff-2020-05,2
84275c1ffffffff-2020-07,3
84275c1ffffffff-2020-08,30
84275c1ffffffff-2020-10,3
84275c1ffffffff-2021-04,1
84275c1ffffffff-2021-05,6
84275c1ffffffff-2021-07,1
84275c1ffffffff-2022-04,2
84275c1ffffffff-2022-05,7
84275c1ffffffff-2023-07,4
84275c1ffffffff-2023-08,2
84275c1ffffffff-2023-09,2
84275c3ffffffff-2012-04,28
84275c3ffffffff-2012-05,4
84275c3ffffffff-2012-06,12
84275c3ffffffff-2012-07,122
84275c3ffffffff-2012-08,95
84275c3ffffffff-2012-09,12
84275c3ffffffff-2012-10,13
84275c3ffffffff-2012-11,1
84275c3ffffffff-2013-04,7
84275c3ffffffff-2013-05,20
84275c3ffffffff-2013-06,1
84275c3ffffffff-2013-07,73
84275c3ffffffff-2013-08,123
84275c3ffffffff-2013-09,36
84275c3ffffffff-2013-10,17
84275c3ffffffff-2013-11,2
84275c3ffffffff-2014-04,3
84275c3ffffffff-2014-05,27
84275c3ffffffff-2014-06,2
84275c3ffffffff-2014-07,55
84275c3ffffffff-2014-08,69
84275c3ffffffff-2014-09,11
84275c3ffffffff-2014-10,35
84275c3ffffffff-2014-11,2
84275c3ffffffff-2015-04,33
84275c3ffffffff-2015-05,71
84275c3ffffffff-2015-06,2
84275c3ffffffff-2015-07,27
84275c3ffffffff-2015-08,127
84275c3ffffffff-2015-09,22
84275c3ffffffff-2015-10,8
84275c3ffffffff-2015-11,8
84275c3ffffffff-2016-03,1
84275c3ffffffff-2016-04,108
84275c3ffffffff-2016-05,148
84275c3ffffffff-2016-06,4
84275c3ffffffff-2016-07,56
84275c3ffffffff-2016-08,86
84275c3ffffffff-2016-09,1
84275c3ffffffff-2016-10,21
84275c3ffffffff-2016-11,7
84275c3ffffffff-2017-04,55
84275c3ffffffff-2017-05,142
84275c3ffffffff-2017-06,4
84275c3ffffffff-2017-07,58
84275c3ffffffff-2017-08,73
84275c3ffffffff-2017-09,14
84275c3ffffffff-2017-10,15
84275c3ffffffff-2017-11,3
84275c3ffffffff-2018-03,1
84275c3ffffffff-2018-04,20
84275c3ffffffff-2018-05,102
84275c3ffffffff-2018-06,13
84275c3ffffffff-2018-07,63
84275c3ffffffff-2018-08,307
84275c3ffffffff-2018-09,2
84275c3ffffffff-2018-10,1
84275c3ffffffff-2018-11,1
84275c3ffffffff-2019-03,1
84275c3ffffffff-2019-04,125
84275c3ffffffff-2019-05,142
84275c3ffffffff-2019-07,100
84275c3ffffffff-2019-08,200
84275c3ffffffff-2019-09,24
84275c3ffffffff-2019-10,2
84275c3ffffffff-2020-04,11
84275c3ffffffff-2020-05,27
84275c3ffffffff-2020-06,1
84275c3ffffffff-2020-07,53
84275c3ffffffff-2020-08,119
84275c3ffffffff-2020-09,8
84275c3ffffffff-2020-10,1
84275c3ffffffff-2021-04,206
84275c3ffffffff-2021-05,297
84275c3ffffffff-2021-06,12
84275c3ffffffff-2021-07,122
84275c3ffffffff-2021-08,108
84275c3ffffffff-2021-09,18
84275c3ffffffff-2021-10,41
84275c3ffffffff-2022-04,17
84275c3ffffffff-2022-05,141
84275c3ffffffff-2022-06,32
84275c3ffffffff-2022-07,75
84275c3ffffffff-2022-08,135
84275c3ffffffff-2022-09,40
84275c3ffffffff-2022-10,61
84275c3ffffffff-2022-11,4
84275c3ffffffff-2023-04,59
84275c3ffffffff-2023-05,67
84275c3ffffffff-2023-06,4
84275c3ffffffff-2023-07,110
84275c3ffffffff-2023-08,193
84275c3ffffffff-2023-09,23
84275c3ffffffff-2023-10,23
84275c5ffffffff-2012-04,3
84275c5ffffffff-2012-05,6
84275c5ffffffff-2012-07,12
84275c5ffffffff-2012-08,33
84275c5ffffffff-2012-09,13
84275c5ffffffff-2012-10,2
84275c5ffffffff-2013-04,6
84275c5ffffffff-2013-05,3
84275c5ffffffff-2013-08,6
84275c5ffffffff-2013-09,1
84275c5ffffffff-2013-10,1
84275c5ffffffff-2014-04,5
84275c5ffffffff-2014-05,10
84275c5ffffffff-2014-08,2
84275c5ffffffff-2015-05,1
84275c5ffffffff-2015-08,1
84275c5ffffffff-2016-04,5
84275c5ffffffff-2016-05,2
84275c5ffffffff-2016-07,1
84275c5ffffffff-2017-04,9
84275c5ffffffff-2017-05,12
84275c5ffffffff-2017-08,1
84275c5ffffffff-2017-10,1
84275c5ffffffff-2018-04,15
84275c5ffffffff-2018-05,29
84275c5ffffffff-2018-07,1
84275c5ffffffff-2018-08,13
84275c5ffffffff-2018-09,1
84275c5ffffffff-2018-10,1
84275c5ffffffff-2019-04,25
84275c5ffffffff-2019-05,23
84275c5ffffffff-2019-07,14
84275c5ffffffff-2019-08,12
84275c5ffffffff-2019-09,13
84275c5ffffffff-2020-04,2
84275c5ffffffff-2020-05,20
84275c5ffffffff-2020-07,4
84275c5ffffffff-2020-08,24
84275c5ffffffff-2020-09,6
84275c5ffffffff-2020-10,5
84275c5ffffffff-2020-11,1
84275c5ffffffff-2021-04,5
84275c5ffffffff-2021-05,18
84275c5ffffffff-2021-08,4
84275c5ffffffff-2022-04,3
84275c5ffffffff-2022-05,8
84275c5ffffffff-2022-08,1
84275c5ffffffff-2022-09,1
84275c5ffffffff-2023-04,4
84275c5ffffffff-2023-05,9
84275c5ffffffff-2023-07,3
84275c5ffffffff-2023-08,24
84275c5ffffffff-2023-09,2
84275c7ffffffff-2012-07,1
84275c7ffffffff-2013-08,4
84275c7ffffffff-2013-09,2
84275c7ffffffff-2015-04,1
84275c7ffffffff-2015-09,1
84275c7ffffffff-2016-04,1
84275c7ffffffff-2017-05,3
84275c7ffffffff-2017-07,3
84275c7ffffffff-2017-08,1
84275c7ffffffff-2018-05,3
84275c7ffffffff-2019-05,2
84275c7ffffffff-2020-04,2
84275c7ffffffff-2020-05,18
84275c7ffffffff-2020-08,4
84275c7ffffffff-2021-04,5
84275c7ffffffff-2021-05,25
84275c7ffffffff-2021-08,1
84275c7ffffffff-2022-04,8
84275c7ffffffff-2022-05,8
84275c7ffffffff-2022-07,2
84275c7ffffffff-2023-05,5
84275c7ffffffff-2023-07,1
84275c7ffffffff-2023-08,4
84275c7ffffffff-2023-09,6
84275c7ffffffff-2023-10,1
84275c9ffffffff-2012-03,1
84275c9ffffffff-2012-04,1
84275c9ffffffff-2012-05,4
84275c9ffffffff-2012-06,1
84275c9ffffffff-2012-07,5
84275c9ffffffff-2012-08,11
84275c9ffffffff-2012-09,3
84275c9ffffffff-2012-10,3
84275c9ffffffff-2013-04,6
84275c9ffffffff-2013-05,15
84275c9ffffffff-2013-09,2
84275c9ffffffff-2014-04,3
84275c9ffffffff-2014-05,24
84275c9ffffffff-2014-07,1
84275c9ffffffff-2014-08,1
84275c9ffffffff-2015-04,15
84275c9ffffffff-2015-05,4
84275c9ffffffff-2015-07,2
84275c9ffffffff-2015-08,1
84275c9ffffffff-2016-03,3
84275c9ffffffff-2016-04,17
84275c9ffffffff-2016-05,5
84275c9ffffffff-2016-07,6
84275c9ffffffff-2016-08,5
84275c9ffffffff-2017-04,41
84275c9ffffffff-2017-05,15
84275c9ffffffff-2017-07,1
84275c9ffffffff-2017-08,17
84275c9ffffffff-2017-09,1
84275c9ffffffff-2017-10,1
84275c9ffffffff-2018-04,32
84275c9ffffffff-2018-05,77
84275c9ffffffff-2018-07,2
84275c9ffffffff-2018-08,6
84275c9ffffffff-2018-09,7
84275c9ffffffff-2019-04,4
84275c9ffffffff-2019-05,15
84275c9ffffffff-2019-07,1
84275c9ffffffff-2019-08,10
84275c9ffffffff-2019-09,2
84275c9ffffffff-2019-10,2
84275c9ffffffff-2020-04,13
84275c9ffffffff-2020-05,14
84275c9ffffffff-2020-07,1
84275c9ffffffff-2020-08,9
84275c9ffffffff-2020-09,1
84275c9ffffffff-2020-10,1
84275c9ffffffff-2020-11,2
84275c9ffffffff-2021-04,16
84275c9ffffffff-2021-05,17
84275c9ffffffff-2021-07,1
84275c9ffffffff-2021-08,4
84275c9ffffffff-2021-09,7
84275c9ffffffff-2022-04,20
84275c9ffffffff-2022-05,15
84275c9ffffffff-2022-07,2
84275c9ffffffff-2022-08,1
84275c9ffffffff-2023-04,38
84275c9ffffffff-2023-05,58
84275c9ffffffff-2023-06,1
84275c9ffffffff-2023-07,4
84275c9ffffffff-2023-08,5
84275c9ffffffff-2023-09,4
84275cbffffffff-2012-04,6
84275cbffffffff-2012-05,2
84275cbffffffff-2012-07,2
84275cbffffffff-2013-04,20
84275cbffffffff-2013-05,7
84275cbffffffff-2013-07,2
84275cbffffffff-2013-08,5
84275cbffffffff-2013-09,2
84275cbffffffff-2014-04,8
84275cbffffffff-2014-05,11
84275cbffffffff-2014-07,1
84275cbffffffff-2014-08,6
84275cbffffffff-2014-09,1
84275cbffffffff-2014-10,1
84275cbffffffff-2015-04,2
84275cbffffffff-2015-05,5
84275cbffffffff-2015-07,11
84275cbffffffff-2015-08,9
84275cbffffffff-2015-09,37
84275cbffffffff-2016-04,6
84275cbffffffff-2016-05,36
84275cbffffffff-2016-06,3
84275cbffffffff-2016-07,5
84275cbffffffff-2016-08,24
84275cbffffffff-2016-09,14
84275cbffffffff-2017-04,3
84275cbffffffff-2017-05,10
84275cbffffffff-2017-08,11
84275cbffffffff-2017-09,3
84275cbffffffff-2018-04,7
84275cbffffffff-2018-05,18
84275cbffffffff-2018-07,6
84275cbffffffff-2018-08,12
84275cbffffffff-2019-04,1
84275cbffffffff-2019-05,9
84275cbffffffff-2019-07,4
84275cbffffffff-2019-08,9
84275cbffffffff-2019-09,4
84275cbffffffff-2020-04,7
84275cbffffffff-2020-05,22
84275cbffffffff-2020-07,3
84275cbffffffff-2020-08,16
84275cbffffffff-2020-09,3
84275cbffffffff-2020-10,1
84275cbffffffff-2021-04,1
84275cbffffffff-2021-05,20
84275cbffffffff-2021-07,16
84275cbffffffff-2021-08,11
84275cbffffffff-2022-04,5
84275cbffffffff-2022-05,7
84275cbffffffff-2022-08,3
84275cbffffffff-2022-10,1
84275cbffffffff-2023-04,3
84275cbffffffff-2023-05,21
84275cbffffffff-2023-07,23
84275cbffffffff-2023-08,14
84275cbffffffff-2023-09,4
84275cdffffffff-2012-03,1
84275cdffffffff-2012-04,6
84275cdffffffff-2012-05,8
84275cdffffffff-2012-06,1
84275cdffffffff-2012-07,10
84275cdffffffff-2012-08,19
84275cdffffffff-2012-09,3
84275cdffffffff-2013-04,4
84275cdffffffff-2013-05,10
84275cdffffffff-2013-07,2
84275cdffffffff-2013-08,7
84275cdffffffff-2013-09,3
84275cdffffffff-2014-05,2
84275cdffffffff-2014-08,3
84275cdffffffff-2014-09,6
84275cdffffffff-2015-05,1
84275cdffffffff-2015-07,1
84275cdffffffff-2015-08,4
84275cdffffffff-2016-04,1
84275cdffffffff-2018-04,7
84275cdffffffff-2018-05,14
84275cdffffffff-2018-09,1
84275cdffffffff-2019-05,16
84275cdffffffff-2020-05,13
84275cdffffffff-2020-08,1
84275cdffffffff-2021-04,10
84275cdffffffff-2021-05,61
84275cdffffffff-2021-07,2
84275cdffffffff-2021-08,43
84275cdffffffff-2021-09,5
84275cdffffffff-2022-04,13
84275cdffffffff-2022-05,12
84275cdffffffff-2022-08,2
84275cdffffffff-2023-04,3
84275cdffffffff-2023-05,2
84275cdffffffff-2023-07,25
84275cdffffffff-2023-08,28
84275cdffffffff-2023-09,14
84275d1ffffffff-2012-04,13
84275d1ffffffff-2012-05,13
84275d1ffffffff-2012-07,1
84275d1ffffffff-2012-08,15
84275d1ffffffff-2012-09,1
84275d1ffffffff-2013-04,19
84275d1ffffffff-2013-05,6
84275d1ffffffff-2013-08,3
84275d1ffffffff-2013-09,4
84275d1ffffffff-2014-04,38
84275d1ffffffff-2014-05,49
84275d1ffffffff-2014-07,7
84275d1ffffffff-2014-08,2
84275d1ffffffff-2014-09,2
84275d1ffffffff-2015-04,17
84275d1ffffffff-2015-05,25
84275d1ffffffff-2015-07,2
84275d1ffffffff-2015-08,7
84275d1ffffffff-2015-09,1
84275d1ffffffff-2016-03,1
84275d1ffffffff-2016-04,12
84275d1ffffffff-2016-05,16
84275d1ffffffff-2016-08,6
84275d1ffffffff-2017-03,1
84275d1ffffffff-2017-04,19
84275d1ffffffff-2017-05,34
84275d1ffffffff-2017-07,1
84275d1ffffffff-2017-08,8
84275d1ffffffff-2017-09,4
84275d1ffffffff-2018-02,1
84275d1ffffffff-2018-04,8
84275d1ffffffff-2018-05,67
84275d1ffffffff-2018-07,2
84275d1ffffffff-2018-08,1
84275d1ffffffff-2018-09,5
84275d1ffffffff-2018-10,1
84275d1ffffffff-2019-04,15
84275d1ffffffff-2019-05,20
84275d1ffffffff-2019-09,2
84275d1ffffffff-2019-10,5
84275d1ffffffff-2020-04,47
84275d1ffffffff-2020-05,51
84275d1ffffffff-2020-07,19
84275d1ffffffff-2020-08,16
84275d1ffffffff-2020-09,1
84275d1ffffffff-2020-10,2
84275d1ffffffff-2021-04,13
84275d1ffffffff-2021-05,70
84275d1ffffffff-2021-07,1
84275d1ffffffff-2021-08,7
84275d1ffffffff-2021-10,1
84275d1ffffffff-2022-04,26
84275d1ffffffff-2022-05,101
84275d1ffffffff-2022-06,5
84275d1ffffffff-2022-07,25
84275d1ffffffff-2022-08,14
84275d1ffffffff-2022-09,1
84275d1ffffffff-2022-10,1
84275d1ffffffff-2023-04,39
84275d1ffffffff-2023-05,29
84275d1ffffffff-2023-07,17
84275d1ffffffff-2023-08,21
84275d1ffffffff-2023-09,4
84275d3ffffffff-2012-04,2
84275d3ffffffff-2012-05,6
84275d3ffffffff-2012-08,2
84275d3ffffffff-2012-09,1
84275d3ffffffff-2013-04,2
84275d3ffffffff-2013-05,4
84275d3ffffffff-2013-08,1
84275d3ffffffff-2014-04,9
84275d3ffffffff-2014-05,18
84275d3ffffffff-2014-07,7
84275d3ffffffff-2014-08,1
84275d3ffffffff-2015-04,6
84275d3ffffffff-2015-07,1
84275d3ffffffff-2015-08,2
84275d3ffffffff-2016-05,2
84275d3ffffffff-2016-07,1
84275d3ffffffff-2016-08,2
84275d3ffffffff-2016-09,2
84275d3ffffffff-2017-04,12
84275d3ffffffff-2017-05,4
84275d3ffffffff-2017-08,1
84275d3ffffffff-2017-09,1
84275d3ffffffff-2018-04,4
84275d3ffffffff-2018-05,15
84275d3ffffffff-2018-08,5
84275d3ffffffff-2018-09,4
84275d3ffffffff-2019-04,8
84275d3ffffffff-2019-05,20
84275d3ffffffff-2020-04,4
84275d3ffffffff-2020-05,50
84275d3ffffffff-2020-07,2
84275d3ffffffff-2020-08,58
84275d3ffffffff-2020-09,4
84275d3ffffffff-2021-04,12
84275d3ffffffff-2021-05,32
84275d3ffffffff-2021-07,1
84275d3ffffffff-2021-08,12
84275d3ffffffff-2021-09,1
84275d3ffffffff-2022-04,66
84275d3ffffffff-2022-05,47
84275d3ffffffff-2022-07,3
84275d3ffffffff-2022-08,3
84275d3ffffffff-2022-09,2
84275d3ffffffff-2022-10,2
84275d3ffffffff-2023-03,2
84275d3ffffffff-2023-04,13
84275d3ffffffff-2023-05,10
84275d3ffffffff-2023-07,7
84275d3ffffffff-2023-08,10
84275d3ffffffff-2023-09,1
84275d5ffffffff-2012-04,19
84275d5ffffffff-2012-05,10
84275d5ffffffff-2012-07,12
84275d5ffffffff-2012-08,17
84275d5ffffffff-2012-09,1
84275d5ffffffff-2012-10,2
84275d5ffffffff-2013-04,12
84275d5ffffffff-2013-05,20
84275d5ffffffff-2013-07,13
84275d5ffffffff-2013-08,13
84275d5ffffffff-2013-09,2
84275d5ffffffff-2013-10,7
84275d5ffffffff-2014-04,24
84275d5ffffffff-2014-05,29
84275d5ffffffff-2014-07,20
84275d5ffffffff-2014-08,57
84275d5ffffffff-2014-09,2
84275d5ffffffff-2014-10,3
84275d5ffffffff-2014-11,1
84275d5ffffffff-2015-04,39
84275d5ffffffff-2015-05,18
84275d5ffffffff-2015-07,7
84275d5ffffffff-2015-08,23
84275d5ffffffff-2015-09,8
84275d5ffffffff-2015-10,1
84275d5ffffffff-2015-11,2
84275d5ffffffff-2016-03,4
84275d5ffffffff-2016-04,42
84275d5ffffffff-2016-05,42
84275d5ffffffff-2016-06,1
84275d5ffffffff-2016-07,5
84275d5ffffffff-2016-08,15
84275d5ffffffff-2016-10,6
84275d5ffffffff-2017-04,18
84275d5ffffffff-2017-05,9
84275d5ffffffff-2017-07,2
84275d5ffffffff-2017-08,4
84275d5ffffffff-2017-09,2
84275d5ffffffff-2017-10,3
84275d5ffffffff-2018-04,11
84275d5ffffffff-2018-05,27
84275d5ffffffff-2018-07,13
84275d5ffffffff-2018-08,8
84275d5ffffffff-2018-09,7
84275d5ffffffff-2018-10,3
84275d5ffffffff-2019-04,21
84275d5ffffffff-2019-05,42
84275d5ffffffff-2019-06,1
84275d5ffffffff-2019-07,3
84275d5ffffffff-2019-08,5
84275d5ffffffff-2019-10,3
84275d5ffffffff-2020-04,8
84275d5ffffffff-2020-05,27
84275d5ffffffff-2020-07,6
84275d5ffffffff-2020-08,8
84275d5ffffffff-2020-09,6
84275d5ffffffff-2021-03,4
84275d5ffffffff-2021-04,5
84275d5ffffffff-2021-05,57
84275d5ffffffff-2021-07,11
84275d5ffffffff-2021-08,12
84275d5ffffffff-2021-09,14
84275d5ffffffff-2021-10,23
84275d5ffffffff-2021-11,1
84275d5ffffffff-2022-04,15
84275d5ffffffff-2022-05,78
84275d5ffffffff-2022-06,3
84275d5ffffffff-2022-07,3
84275d5ffffffff-2022-08,23
84275d5ffffffff-2022-09,14
84275d5ffffffff-2022-10,8
84275d5ffffffff-2023-03,1
84275d5ffffffff-2023-04,42
84275d5ffffffff-2023-05,65
84275d5ffffffff-2023-07,11
84275d5ffffffff-2023-08,33
84275d5ffffffff-2023-09,23
84275d5ffffffff-2023-10,9
84275d7ffffffff-2012-03,1
84275d7ffffffff-2012-04,14
84275d7ffffffff-2012-05,16
84275d7ffffffff-2012-07,13
84275d7ffffffff-2012-08,18
84275d7ffffffff-2012-09,3
84275d7ffffffff-2013-04,18
84275d7ffffffff-2013-05,39
84275d7ffffffff-2013-07,3
84275d7ffffffff-2013-08,9
84275d7ffffffff-2013-09,1
84275d7ffffffff-2014-04,15
84275d7ffffffff-2014-05,25
84275d7ffffffff-2014-07,1
84275d7ffffffff-2014-08,6
84275d7ffffffff-2014-09,3
84275d7ffffffff-2014-10,1
84275d7ffffffff-2015-04,13
84275d7ffffffff-2015-05,20
84275d7ffffffff-2015-08,3
84275d7ffffffff-2015-09,1
84275d7ffffffff-2016-04,3
84275d7ffffffff-2016-05,17
84275d7ffffffff-2016-07,13
84275d7ffffffff-2016-08,13
84275d7ffffffff-2016-09,3
84275d7ffffffff-2016-10,2
84275d7ffffffff-2017-04,7
84275d7ffffffff-2017-05,15
84275d7ffffffff-2017-07,2
84275d7ffffffff-2017-08,3
84275d7ffffffff-2017-09,4
84275d7ffffffff-2017-10,1
84275d7ffffffff-2018-04,26
84275d7ffffffff-2018-05,22
84275d7ffffffff-2018-07,3
84275d7ffffffff-2018-08,11
84275d7ffffffff-2018-09,5
84275d7ffffffff-2018-10,1
84275d7ffffffff-2019-04,1
84275d7ffffffff-2019-05,9
84275d7ffffffff-2019-07,2
84275d7ffffffff-2019-08,19
84275d7ffffffff-2019-09,2
84275d7ffffffff-2020-04,57
84275d7ffffffff-2020-05,44
84275d7ffffffff-2020-07,6
84275d7ffffffff-2020-08,31
84275d7ffffffff-2020-09,6
84275d7ffffffff-2020-10,2
84275d7ffffffff-2021-04,27
84275d7ffffffff-2021-05,60
84275d7ffffffff-2021-07,9
84275d7ffffffff-2021-08,20
84275d7ffffffff-2021-09,4
84275d7ffffffff-2022-04,15
84275d7ffffffff-2022-05,13
84275d7ffffffff-2022-07,17
84275d7ffffffff-2022-08,28
84275d7ffffffff-2022-09,10
84275d7ffffffff-2022-10,5
84275d7ffffffff-2023-04,9
84275d7ffffffff-2023-05,40
84275d7ffffffff-2023-07,47
84275d7ffffffff-2023-08,74
84275d7ffffffff-2023-09,16
84275d7ffffffff-2023-10,1
84275d9ffffffff-2013-05,2
84275d9ffffffff-2013-08,1
84275d9ffffffff-2015-08,4
84275d9ffffffff-2016-05,2
84275d9ffffffff-2016-08,1
84275d9ffffffff-2017-04,1
84275d9ffffffff-2017-05,5
84275d9ffffffff-2018-08,1
84275d9ffffffff-2018-09,2
84275d9ffffffff-2019-04,2
84275d9ffffffff-2019-05,7
84275d9ffffffff-2020-04,4
84275d9ffffffff-2020-05,3
84275d9ffffffff-2021-04,1
84275d9ffffffff-2021-05,20
84275d9ffffffff-2022-04,10
84275d9ffffffff-2022-05,8
84275d9ffffffff-2022-07,4
84275d9ffffffff-2023-04,2
84275d9ffffffff-2023-05,29
84275d9ffffffff-2023-07,3
84275d9ffffffff-2023-08,7
84275ddffffffff-2012-08,2
84275ddffffffff-2013-04,2
84275ddffffffff-2013-05,3
84275ddffffffff-2013-09,1
84275ddffffffff-2014-04,2
84275ddffffffff-2014-05,5
84275ddffffffff-2014-07,5
84275ddffffffff-2014-08,2
84275ddffffffff-2014-10,1
84275ddffffffff-2015-03,1
84275ddffffffff-2015-04,2
84275ddffffffff-2015-05,22
84275ddffffffff-2015-07,3
84275ddffffffff-2015-08,2
84275ddffffffff-2016-04,3
84275ddffffffff-2016-05,4
84275ddffffffff-2016-07,4
84275ddffffffff-2016-08,1
84275ddffffffff-2016-09,1
84275ddffffffff-2017-04,6
84275ddffffffff-2017-05,9
84275ddffffffff-2017-08,2
84275ddffffffff-2017-09,2
84275ddffffffff-2018-04,6
84275ddffffffff-2018-05,16
84275ddffffffff-2019-04,5
84275ddffffffff-2019-05,5
84275ddffffffff-2019-06,1
84275ddffffffff-2019-07,3
84275ddffffffff-2019-08,3
84275ddffffffff-2020-04,13
84275ddffffffff-2020-05,14
84275ddffffffff-2020-07,2
84275ddffffffff-2020-08,3
84275ddffffffff-2020-10,1
84275ddffffffff-2021-03,2
84275ddffffffff-2021-04,18
84275ddffffffff-2021-05,47
84275ddffffffff-2021-08,14
84275ddffffffff-2021-09,19
84275ddffffffff-2021-10,4
84275ddffffffff-2022-04,8
84275ddffffffff-2022-05,24
84275ddffffffff-2022-07,10
84275ddffffffff-2022-08,14
84275ddffffffff-2022-09,9
84275ddffffffff-2022-10,5
84275ddffffffff-2022-11,1
84275ddffffffff-2023-04,33
84275ddffffffff-2023-05,44
84275ddffffffff-2023-07,6
84275ddffffffff-2023-08,8
84275ddffffffff-2023-09,9
84275ddffffffff-2023-10,2
84275e1ffffffff-2012-05,2
84275e1ffffffff-2013-04,3
84275e1ffffffff-2013-05,2
84275e1ffffffff-2013-07,1
84275e1ffffffff-2013-09,1
84275e1ffffffff-2014-04,1
84275e1ffffffff-2014-05,1
84275e1ffffffff-2014-08,3
84275e1ffffffff-2015-05,1
84275e1ffffffff-2016-04,1
84275e1ffffffff-2016-05,2
84275e1ffffffff-2016-08,1
84275e1ffffffff-2017-04,1
84275e1ffffffff-2017-05,5
84275e1ffffffff-2017-08,1
84275e1ffffffff-2018-05,4
84275e1ffffffff-2018-08,1
84275e1ffffffff-2019-05,1
84275e1ffffffff-2019-06,1
84275e1ffffffff-2020-04,2
84275e1ffffffff-2020-05,2
84275e1ffffffff-2021-05,1
84275e1ffffffff-2021-08,5
84275e1ffffffff-2023-04,2
84275e1ffffffff-2023-05,1
84275e1ffffffff-2023-08,5
84275e3ffffffff-2012-08,1
84275e3ffffffff-2014-04,1
84275e3ffffffff-2019-04,3
84275e3ffffffff-2019-05,1
84275e3ffffffff-2020-04,3
84275e3ffffffff-2020-05,6
84275e3ffffffff-2020-07,2
84275e3ffffffff-2020-08,12
84275e3ffffffff-2020-09,1
84275e3ffffffff-2020-10,1
84275e3ffffffff-2021-04,6
84275e3ffffffff-2021-05,13
84275e3ffffffff-2021-07,4
84275e3ffffffff-2021-08,2
84275e3ffffffff-2021-09,2
84275e3ffffffff-2022-04,4
84275e3ffffffff-2022-05,11
84275e3ffffffff-2023-04,4
84275e3ffffffff-2023-05,10
84275e5ffffffff-2012-04,11
84275e5ffffffff-2012-05,4
84275e5ffffffff-2012-08,3
84275e5ffffffff-2013-04,20
84275e5ffffffff-2013-05,10
84275e5ffffffff-2014-04,2
84275e5ffffffff-2014-05,12
84275e5ffffffff-2015-04,1
84275e5ffffffff-2016-05,4
84275e5ffffffff-2017-04,12
84275e5ffffffff-2017-05,24
84275e5ffffffff-2018-04,5
84275e5ffffffff-2018-05,17
84275e5ffffffff-2018-09,1
84275e5ffffffff-2019-04,4
84275e5ffffffff-2019-05,8
84275e5ffffffff-2020-04,6
84275e5ffffffff-2020-05,10
84275e5ffffffff-2020-08,6
84275e5ffffffff-2021-04,16
84275e5ffffffff-2021-05,14
84275e5ffffffff-2021-08,4
84275e5ffffffff-2022-04,5
84275e5ffffffff-2022-05,2
84275e5ffffffff-2022-08,11
84275e5ffffffff-2023-04,12
84275e5ffffffff-2023-05,6
84275e5ffffffff-2023-08,11
84275e5ffffffff-2023-09,16
84275e7ffffffff-2012-03,1
84275e7ffffffff-2012-04,4
84275e7ffffffff-2012-05,2
84275e7ffffffff-2012-08,3
84275e7ffffffff-2013-04,3
84275e7ffffffff-2013-05,1
84275e7ffffffff-2014-04,1
84275e7ffffffff-2014-05,3
84275e7ffffffff-2016-04,1
84275e7ffffffff-2018-04,4
84275e7ffffffff-2018-09,3
84275e7ffffffff-2019-04,1
84275e7ffffffff-2019-05,1
84275e7ffffffff-2020-05,1
84275e7ffffffff-2020-10,1
84275e7ffffffff-2021-04,1
84275e7ffffffff-2021-05,11
84275e7ffffffff-2021-08,1
84275e7ffffffff-2022-04,9
84275e7ffffffff-2022-05,3
84275e7ffffffff-2022-08,1
84275e7ffffffff-2022-10,1
84275e7ffffffff-2023-04,2
84275e7ffffffff-2023-05,7
84275e7ffffffff-2023-07,1
84275e9ffffffff-2012-07,1
84275e9ffffffff-2012-08,3
84275e9ffffffff-2013-08,1
84275e9ffffffff-2013-09,1
84275e9ffffffff-2013-10,1
84275e9ffffffff-2014-08,2
84275e9ffffffff-2015-04,1
84275e9ffffffff-2015-08,6
84275e9ffffffff-2015-09,3
84275e9ffffffff-2015-10,4
84275e9ffffffff-2017-07,4
84275e9ffffffff-2017-08,11
84275e9ffffffff-2017-09,3
84275e9ffffffff-2018-04,1
84275e9ffffffff-2018-08,1
84275e9ffffffff-2019-08,1
84275e9ffffffff-2019-09,1
84275e9ffffffff-2020-05,2
84275e9ffffffff-2020-08,7
84275e9ffffffff-2021-04,1
84275e9ffffffff-2021-05,3
84275e9ffffffff-2021-06,1
84275e9ffffffff-2021-08,1
84275e9ffffffff-2021-10,2
84275e9ffffffff-2022-05,2
84275e9ffffffff-2022-06,2
84275e9ffffffff-2022-07,1
84275e9ffffffff-2022-08,7
84275e9ffffffff-2022-09,1
84275e9ffffffff-2023-05,3
84275e9ffffffff-2023-07,3
84275e9ffffffff-2023-08,2
84275e9ffffffff-2023-09,6
84275ebffffffff-2018-04,1
84275ebffffffff-2019-08,1
84275ebffffffff-2020-08,1
84275ebffffffff-2021-04,2
84275ebffffffff-2021-05,1
84275ebffffffff-2022-04,1
84275ebffffffff-2022-08,1
84275ebffffffff-2023-04,1
84275ebffffffff-2023-07,2
84275ebffffffff-2023-08,6
84275edffffffff-2012-08,1
84275edffffffff-2013-07,1
84275edffffffff-2018-05,1
84275edffffffff-2020-08,1
84275edffffffff-2021-05,2
84275edffffffff-2021-08,2
84275edffffffff-2022-08,4
84275edffffffff-2023-05,3
84275edffffffff-2023-08,1
84275edffffffff-2023-09,1
8427605ffffffff-2020-08,1
8427605ffffffff-2022-08,2
8427607ffffffff-2016-08,3
8427607ffffffff-2022-08,1
842760dffffffff-2013-05,3
842760dffffffff-2013-08,1
842760dffffffff-2018-08,1
842760dffffffff-2019-05,3
842760dffffffff-2019-08,1
842760dffffffff-2020-05,1
842760dffffffff-2021-08,4
8427613ffffffff-2020-05,1
8427613ffffffff-2021-05,1
8427613ffffffff-2022-05,1
8427617ffffffff-2012-05,2
8427617ffffffff-2015-05,1
8427617ffffffff-2017-04,1
8427617ffffffff-2017-05,1
8427617ffffffff-2018-05,7
8427617ffffffff-2020-05,5
8427617ffffffff-2021-05,4
8427617ffffffff-2022-05,4
8427617ffffffff-2023-05,3
842761bffffffff-2021-08,1
8427631ffffffff-2012-08,2
8427631ffffffff-2013-04,1
8427631ffffffff-2013-05,2
8427631ffffffff-2013-08,22
8427631ffffffff-2013-09,3
8427631ffffffff-2013-10,1
8427631ffffffff-2014-05,2
8427631ffffffff-2014-08,8
8427631ffffffff-2014-09,6
8427631ffffffff-2015-05,9
8427631ffffffff-2015-08,11
8427631ffffffff-2015-09,6
8427631ffffffff-2016-04,2
8427631ffffffff-2016-05,3
8427631ffffffff-2016-07,4
8427631ffffffff-2016-08,16
8427631ffffffff-2016-09,11
8427631ffffffff-2016-10,11
8427631ffffffff-2017-04,6
8427631ffffffff-2017-05,36
8427631ffffffff-2017-07,4
8427631ffffffff-2017-08,19
8427631ffffffff-2017-09,10
8427631ffffffff-2018-04,1
8427631ffffffff-2018-05,16
8427631ffffffff-2018-07,1
8427631ffffffff-2018-08,5
8427631ffffffff-2018-09,12
8427631ffffffff-2018-10,1
8427631ffffffff-2019-05,10
8427631ffffffff-2019-08,19
8427631ffffffff-2019-09,18
8427631ffffffff-2019-10,1
8427631ffffffff-2020-05,20
8427631ffffffff-2020-07,12
8427631ffffffff-2020-08,66
8427631ffffffff-2020-09,10
8427631ffffffff-2021-05,45
8427631ffffffff-2021-06,4
8427631ffffffff-2021-07,14
8427631ffffffff-2021-08,23
8427631ffffffff-2021-09,19
8427631ffffffff-2021-10,1
8427631ffffffff-2022-04,3
8427631ffffffff-2022-05,21
8427631ffffffff-2022-07,28
8427631ffffffff-2022-08,42
8427631ffffffff-2022-09,38
8427631ffffffff-2022-10,13
8427631ffffffff-2023-04,8
8427631ffffffff-2023-05,33
8427631ffffffff-2023-06,2
8427631ffffffff-2023-07,4
8427631ffffffff-2023-08,24
8427631ffffffff-2023-09,3
8427631ffffffff-2023-10,1
8427633ffffffff-2016-08,2
8427633ffffffff-2017-05,1
8427633ffffffff-2018-05,2
8427633ffffffff-2018-09,1
8427633ffffffff-2019-05,1
8427633ffffffff-2020-05,1
8427633ffffffff-2020-11,3
8427633ffffffff-2021-05,4
8427633ffffffff-2021-08,2
8427633ffffffff-2022-07,1
8427633ffffffff-2023-05,2
8427635ffffffff-2015-05,1
8427635ffffffff-2020-08,1
8427637ffffffff-2012-05,1
8427637ffffffff-2014-05,1
8427637ffffffff-2018-05,1
8427637ffffffff-2019-05,1
8427637ffffffff-2021-05,1
8427637ffffffff-2023-08,2
8427639ffffffff-2018-09,1
8427639ffffffff-2022-05,1
842763bffffffff-2013-05,1
842763bffffffff-2013-06,1
842763bffffffff-2014-05,3
842763bffffffff-2015-05,2
842763bffffffff-2016-04,1
842763bffffffff-2016-05,7
842763bffffffff-2017-04,5
842763bffffffff-2017-05,4
842763bffffffff-2017-09,3
842763bffffffff-2018-05,6
842763bffffffff-2018-07,1
842763bffffffff-2018-08,1
842763bffffffff-2018-09,2
842763bffffffff-2018-10,1
842763bffffffff-2019-04,1
842763bffffffff-2019-05,5
842763bffffffff-2019-09,1
842763bffffffff-2020-05,19
842763bffffffff-2020-07,2
842763bffffffff-2020-08,3
842763bffffffff-2020-09,3
842763bffffffff-2021-05,9
842763bffffffff-2021-07,1
842763bffffffff-2021-08,17
842763bffffffff-2021-09,4
842763bffffffff-2022-04,5
842763bffffffff-2022-05,15
842763bffffffff-2022-06,1
842763bffffffff-2022-07,1
842763bffffffff-2022-08,5
842763bffffffff-2022-09,4
842763bffffffff-2023-04,4
842763bffffffff-2023-05,4
842763bffffffff-2023-07,2
842763bffffffff-2023-08,1
842763bffffffff-2023-09,1
8427661ffffffff-2013-05,3
8427665ffffffff-2012-05,1
8427665ffffffff-2012-06,1
8427665ffffffff-2012-07,2
8427665ffffffff-2012-08,8
8427665ffffffff-2012-09,5
8427665ffffffff-2016-05,2
8427665ffffffff-2017-05,1
8427665ffffffff-2017-09,1
8427665ffffffff-2018-05,3
8427665ffffffff-2018-08,7
8427665ffffffff-2018-09,1
8427665ffffffff-2019-05,1
8427665ffffffff-2019-08,8
8427665ffffffff-2019-09,3
8427665ffffffff-2020-07,1
8427665ffffffff-2020-08,8
8427665ffffffff-2020-09,5
8427665ffffffff-2021-05,1
8427665ffffffff-2021-07,2
8427665ffffffff-2021-08,5
8427665ffffffff-2021-10,1
8427665ffffffff-2023-05,1
8427665ffffffff-2023-09,2
8427685ffffffff-2013-08,2
8427685ffffffff-2013-09,2
8427685ffffffff-2014-08,2
8427685ffffffff-2014-09,1
8427685ffffffff-2015-04,1
8427685ffffffff-2017-09,1
8427685ffffffff-2018-05,1
8427685ffffffff-2018-07,2
8427685ffffffff-2018-08,3
8427685ffffffff-2019-04,2
8427685ffffffff-2020-05,4
8427685ffffffff-2020-08,3
8427685ffffffff-2020-09,3
8427685ffffffff-2021-04,2
8427685ffffffff-2021-05,7
8427685ffffffff-2021-08,1
8427685ffffffff-2021-09,1
8427685ffffffff-2022-07,1
8427685ffffffff-2022-08,12
8427685ffffffff-2022-09,2
8427685ffffffff-2022-10,3
8427685ffffffff-2023-05,3
8427685ffffffff-2023-07,1
8427687ffffffff-2015-05,2
8427687ffffffff-2015-07,2
8427687ffffffff-2015-08,15
8427687ffffffff-2015-09,5
8427687ffffffff-2016-04,1
8427687ffffffff-2016-07,2
8427687ffffffff-2016-08,7
8427687ffffffff-2017-05,8
8427687ffffffff-2017-07,2
8427687ffffffff-2017-08,2
8427687ffffffff-2017-09,3
8427687ffffffff-2018-04,4
8427687ffffffff-2018-05,23
8427687ffffffff-2018-08,1
8427687ffffffff-2018-09,1
8427687ffffffff-2019-04,4
8427687ffffffff-2019-05,12
8427687ffffffff-2019-08,1
8427687ffffffff-2019-09,1
8427687ffffffff-2020-04,10
8427687ffffffff-2020-05,11
8427687ffffffff-2020-07,2
8427687ffffffff-2020-08,1
8427687ffffffff-2020-09,1
8427687ffffffff-2021-05,13
8427687ffffffff-2021-08,3
8427687ffffffff-2021-09,5
8427687ffffffff-2022-05,13
8427687ffffffff-2022-07,2
8427687ffffffff-2022-08,2
8427687ffffffff-2023-05,10
8427687ffffffff-2023-07,1
8427687ffffffff-2023-08,1
8427691ffffffff-2012-04,1
8427691ffffffff-2012-05,11
8427691ffffffff-2012-07,1
8427691ffffffff-2012-08,6
8427691ffffffff-2013-05,1
8427691ffffffff-2013-07,2
8427691ffffffff-2013-08,2
8427691ffffffff-2013-09,1
8427691ffffffff-2015-07,2
8427691ffffffff-2015-08,2
8427691ffffffff-2015-09,1
8427691ffffffff-2016-05,3
8427691ffffffff-2016-08,7
8427691ffffffff-2016-09,10
8427691ffffffff-2016-10,4
8427691ffffffff-2017-07,1
8427691ffffffff-2018-05,1
8427691ffffffff-2018-07,2
8427691ffffffff-2018-08,1
8427691ffffffff-2018-10,1
8427691ffffffff-2019-05,13
8427691ffffffff-2019-08,2
8427691ffffffff-2019-09,2
8427691ffffffff-2020-04,4
8427691ffffffff-2020-05,8
8427691ffffffff-2020-07,4
8427691ffffffff-2020-08,5
8427691ffffffff-2020-09,4
8427691ffffffff-2021-05,2
8427691ffffffff-2021-07,3
8427691ffffffff-2021-08,2
8427691ffffffff-2022-05,5
8427691ffffffff-2022-06,1
8427691ffffffff-2023-04,5
8427691ffffffff-2023-05,11
8427693ffffffff-2012-07,2
8427693ffffffff-2012-08,1
8427693ffffffff-2015-05,2
8427693ffffffff-2016-04,2
8427693ffffffff-2016-07,1
8427693ffffffff-2017-05,2
8427693ffffffff-2017-07,1
8427693ffffffff-2017-09,1
8427693ffffffff-2018-05,1
8427693ffffffff-2018-07,2
8427693ffffffff-2018-08,3
8427693ffffffff-2018-09,1
8427693ffffffff-2018-10,8
8427693ffffffff-2018-11,2
8427693ffffffff-2019-05,6
8427693ffffffff-2019-08,9
8427693ffffffff-2020-05,9
8427693ffffffff-2020-07,4
8427693ffffffff-2020-08,6
8427693ffffffff-2020-09,6
8427693ffffffff-2020-10,4
8427693ffffffff-2021-04,5
8427693ffffffff-2021-05,50
8427693ffffffff-2021-07,5
8427693ffffffff-2021-08,4
8427693ffffffff-2021-09,3
8427693ffffffff-2022-04,1
8427693ffffffff-2022-07,4
8427693ffffffff-2022-08,3
8427693ffffffff-2022-09,2
8427693ffffffff-2023-05,3
8427693ffffffff-2023-07,1
8427693ffffffff-2023-08,5
8427693ffffffff-2023-10,4
8427699ffffffff-2012-04,1
8427699ffffffff-2012-07,2
8427699ffffffff-2012-09,2
8427699ffffffff-2012-10,1
8427699ffffffff-2013-04,1
8427699ffffffff-2013-05,1
8427699ffffffff-2013-07,1
8427699ffffffff-2013-08,1
8427699ffffffff-2013-10,3
8427699ffffffff-2014-04,1
8427699ffffffff-2014-05,1
8427699ffffffff-2014-07,1
8427699ffffffff-2014-08,3
8427699ffffffff-2015-05,6
8427699ffffffff-2015-06,1
8427699ffffffff-2015-07,1
8427699ffffffff-2015-08,3
8427699ffffffff-2015-09,11
8427699ffffffff-2015-10,4
8427699ffffffff-2016-04,14
8427699ffffffff-2016-05,7
8427699ffffffff-2016-07,7
8427699ffffffff-2016-08,22
8427699ffffffff-2016-09,20
8427699ffffffff-2016-10,9
8427699ffffffff-2017-04,5
8427699ffffffff-2017-05,1
8427699ffffffff-2017-07,6
8427699ffffffff-2017-08,29
8427699ffffffff-2017-09,17
8427699ffffffff-2017-10,4
8427699ffffffff-2018-04,2
8427699ffffffff-2018-05,7
8427699ffffffff-2018-07,20
8427699ffffffff-2018-08,13
8427699ffffffff-2018-09,7
8427699ffffffff-2018-10,7
8427699ffffffff-2019-04,4
8427699ffffffff-2019-05,20
8427699ffffffff-2019-06,11
8427699ffffffff-2019-07,21
8427699ffffffff-2019-08,17
8427699ffffffff-2019-09,4
8427699ffffffff-2019-10,2
8427699ffffffff-2020-04,7
8427699ffffffff-2020-05,43
8427699ffffffff-2020-07,13
8427699ffffffff-2020-08,10
8427699ffffffff-2020-09,8
8427699ffffffff-2020-10,5
8427699ffffffff-2021-04,7
8427699ffffffff-2021-05,17
8427699ffffffff-2021-07,6
8427699ffffffff-2021-08,17
8427699ffffffff-2021-09,23
8427699ffffffff-2021-10,11
8427699ffffffff-2022-04,22
8427699ffffffff-2022-05,46
8427699ffffffff-2022-07,16
8427699ffffffff-2022-08,29
8427699ffffffff-2022-09,18
8427699ffffffff-2022-10,12
8427699ffffffff-2023-04,8
8427699ffffffff-2023-05,17
8427699ffffffff-2023-06,1
8427699ffffffff-2023-07,5
8427699ffffffff-2023-08,16
8427699ffffffff-2023-09,23
8427699ffffffff-2023-10,6
842769bffffffff-2012-07,2
842769bffffffff-2012-09,1
842769bffffffff-2012-10,2
842769bffffffff-2013-08,1
842769bffffffff-2014-07,4
842769bffffffff-2014-08,1
842769bffffffff-2015-08,2
842769bffffffff-2015-09,2
842769bffffffff-2016-04,2
842769bffffffff-2016-05,2
842769bffffffff-2016-09,1
842769bffffffff-2017-08,1
842769bffffffff-2018-05,1
842769bffffffff-2018-08,3
842769bffffffff-2019-05,7
842769bffffffff-2019-07,3
842769bffffffff-2019-08,1
842769bffffffff-2020-05,4
842769bffffffff-2020-07,5
842769bffffffff-2020-08,12
842769bffffffff-2020-09,3
842769bffffffff-2021-05,12
842769bffffffff-2021-08,4
842769bffffffff-2021-10,1
842769bffffffff-2022-07,3
842769bffffffff-2022-08,9
842769bffffffff-2022-10,1
842769bffffffff-2023-04,1
842769bffffffff-2023-05,4
842769bffffffff-2023-07,2
842769bffffffff-2023-09,2
84276a1ffffffff-2012-04,1
84276a1ffffffff-2013-08,1
84276a1ffffffff-2015-07,1
84276a1ffffffff-2020-04,2
84276a1ffffffff-2020-05,5
84276a1ffffffff-2021-05,2
84276a1ffffffff-2023-04,3
84276a3ffffffff-2018-08,2
84276a3ffffffff-2022-04,5
84276a3ffffffff-2022-05,3
84276a3ffffffff-2022-08,1
84276a3ffffffff-2023-04,2
84276a3ffffffff-2023-05,39
84276a5ffffffff-2012-05,1
84276a5ffffffff-2015-05,4
84276a5ffffffff-2015-07,1
84276a5ffffffff-2015-08,2
84276a5ffffffff-2016-04,1
84276a5ffffffff-2016-07,1
84276a5ffffffff-2017-07,1
84276a5ffffffff-2017-08,4
84276a5ffffffff-2017-09,2
84276a5ffffffff-2018-08,2
84276a5ffffffff-2019-08,9
84276a5ffffffff-2019-09,2
84276a5ffffffff-2020-05,7
84276a5ffffffff-2021-04,2
84276a5ffffffff-2021-05,19
84276a5ffffffff-2021-07,1
84276a5ffffffff-2021-08,4
84276a5ffffffff-2022-05,1
84276a5ffffffff-2022-07,1
84276a5ffffffff-2022-08,1
84276a5ffffffff-2023-04,1
84276a5ffffffff-2023-05,3
84276a5ffffffff-2023-08,1
84276a7ffffffff-2012-04,6
84276a7ffffffff-2012-05,14
84276a7ffffffff-2012-07,4
84276a7ffffffff-2012-08,16
84276a7ffffffff-2012-09,15
84276a7ffffffff-2013-04,3
84276a7ffffffff-2013-05,2
84276a7ffffffff-2013-07,2
84276a7ffffffff-2013-08,11
84276a7ffffffff-2013-09,3
84276a7ffffffff-2014-04,1
84276a7ffffffff-2014-05,4
84276a7ffffffff-2014-07,7
84276a7ffffffff-2014-08,27
84276a7ffffffff-2014-09,12
84276a7ffffffff-2015-05,14
84276a7ffffffff-2015-07,1
84276a7ffffffff-2015-08,25
84276a7ffffffff-2015-09,8
84276a7ffffffff-2015-10,7
84276a7ffffffff-2016-04,8
84276a7ffffffff-2016-05,17
84276a7ffffffff-2016-07,9
84276a7ffffffff-2016-08,13
84276a7ffffffff-2016-09,11
84276a7ffffffff-2017-04,9
84276a7ffffffff-2017-05,12
84276a7ffffffff-2017-07,8
84276a7ffffffff-2017-08,33
84276a7ffffffff-2017-09,12
84276a7ffffffff-2018-05,7
84276a7ffffffff-2018-07,6
84276a7ffffffff-2018-08,32
84276a7ffffffff-2018-09,15
84276a7ffffffff-2018-10,1
84276a7ffffffff-2019-05,14
84276a7ffffffff-2019-07,4
84276a7ffffffff-2019-08,15
84276a7ffffffff-2019-09,17
84276a7ffffffff-2020-05,12
84276a7ffffffff-2020-07,13
84276a7ffffffff-2020-08,19
84276a7ffffffff-2020-09,16
84276a7ffffffff-2020-10,1
84276a7ffffffff-2021-04,3
84276a7ffffffff-2021-05,34
84276a7ffffffff-2021-07,10
84276a7ffffffff-2021-08,56
84276a7ffffffff-2021-09,21
84276a7ffffffff-2022-04,1
84276a7ffffffff-2022-05,27
84276a7ffffffff-2022-06,1
84276a7ffffffff-2022-07,7
84276a7ffffffff-2022-08,31
84276a7ffffffff-2022-09,19
84276a7ffffffff-2023-04,10
84276a7ffffffff-2023-05,57
84276a7ffffffff-2023-07,22
84276a7ffffffff-2023-08,46
84276a7ffffffff-2023-09,1
84276a9ffffffff-2016-05,1
84276a9ffffffff-2018-08,5
84276a9ffffffff-2019-05,1
84276a9ffffffff-2019-08,3
84276a9ffffffff-2020-05,7
84276a9ffffffff-2020-08,11
84276a9ffffffff-2020-09,11
84276a9ffffffff-2020-10,3
84276a9ffffffff-2021-05,11
84276a9ffffffff-2021-08,4
84276a9ffffffff-2021-09,2
84276a9ffffffff-2022-05,2
84276a9ffffffff-2022-07,1
84276a9ffffffff-2023-07,1
84276a9ffffffff-2023-08,3
84276abffffffff-2019-05,2
84276abffffffff-2020-05,3
84276abffffffff-2020-10,1
84276abffffffff-2021-04,2
84276abffffffff-2022-05,1
84276abffffffff-2022-08,1
84276adffffffff-2012-04,1
84276adffffffff-2013-04,2
84276adffffffff-2013-05,1
84276adffffffff-2013-08,2
84276adffffffff-2014-04,1
84276adffffffff-2014-05,11
84276adffffffff-2015-04,1
84276adffffffff-2015-07,1
84276adffffffff-2016-04,2
84276adffffffff-2016-05,3
84276adffffffff-2016-09,1
84276adffffffff-2017-04,1
84276adffffffff-2017-05,1
84276adffffffff-2018-04,1
84276adffffffff-2018-05,6
84276adffffffff-2018-08,1
84276adffffffff-2019-05,3
84276adffffffff-2019-08,8
84276adffffffff-2020-04,1
84276adffffffff-2020-05,2
84276adffffffff-2020-08,3
84276adffffffff-2021-04,1
84276adffffffff-2021-05,5
84276adffffffff-2021-08,2
84276adffffffff-2021-09,3
84276adffffffff-2022-05,1
84276adffffffff-2022-08,1
84276adffffffff-2023-04,2
84276adffffffff-2023-05,3
84276adffffffff-2023-08,9
84276b1ffffffff-2012-04,1
84276b1ffffffff-2012-07,2
84276b1ffffffff-2013-04,1
84276b1ffffffff-2013-11,1
84276b1ffffffff-2014-09,1
84276b1ffffffff-2015-04,1
84276b1ffffffff-2017-04,2
84276b1ffffffff-2017-08,1
84276b1ffffffff-2018-04,1
84276b1ffffffff-2020-05,1
84276b1ffffffff-2021-04,3
84276b1ffffffff-2021-05,11
84276b1ffffffff-2021-06,2
84276b1ffffffff-2021-07,1
84276b1ffffffff-2021-08,3
84276b1ffffffff-2022-04,1
84276b1ffffffff-2022-05,7
84276b1ffffffff-2023-04,1
84276b1ffffffff-2023-05,3
84276b1ffffffff-2023-10,2
84276b3ffffffff-2013-04,1
84276b3ffffffff-2013-05,4
84276b3ffffffff-2014-04,1
84276b3ffffffff-2014-05,1
84276b3ffffffff-2015-10,1
84276b3ffffffff-2016-04,1
84276b3ffffffff-2016-08,1
84276b3ffffffff-2017-04,1
84276b3ffffffff-2019-05,1
84276b3ffffffff-2021-08,1
84276b3ffffffff-2022-04,1
84276b5ffffffff-2012-04,1
84276b5ffffffff-2012-07,1
84276b5ffffffff-2012-08,1
84276b5ffffffff-2013-04,1
84276b5ffffffff-2013-05,2
84276b5ffffffff-2013-07,5
84276b5ffffffff-2013-08,4
84276b5ffffffff-2013-09,2
84276b5ffffffff-2014-04,2
84276b5ffffffff-2014-05,8
84276b5ffffffff-2014-07,3
84276b5ffffffff-2014-08,7
84276b5ffffffff-2014-09,2
84276b5ffffffff-2015-04,4
84276b5ffffffff-2015-08,1
84276b5ffffffff-2015-09,4
84276b5ffffffff-2016-04,3
84276b5ffffffff-2016-05,3
84276b5ffffffff-2016-09,1
84276b5ffffffff-2017-05,1
84276b5ffffffff-2017-08,1
84276b5ffffffff-2018-04,1
84276b5ffffffff-2018-05,1
84276b5ffffffff-2019-04,2
84276b5ffffffff-2019-05,2
84276b5ffffffff-2019-07,8
84276b5ffffffff-2019-08,58
84276b5ffffffff-2019-09,28
84276b5ffffffff-2019-10,3
84276b5ffffffff-2020-04,10
84276b5ffffffff-2020-05,41
84276b5ffffffff-2020-07,64
84276b5ffffffff-2020-08,51
84276b5ffffffff-2020-09,25
84276b5ffffffff-2020-10,26
84276b5ffffffff-2020-11,3
84276b5ffffffff-2021-04,4
84276b5ffffffff-2021-05,64
84276b5ffffffff-2021-08,1
84276b5ffffffff-2021-09,2
84276b5ffffffff-2021-10,1
84276b5ffffffff-2022-04,7
84276b5ffffffff-2022-05,11
84276b5ffffffff-2022-07,6
84276b5ffffffff-2022-08,8
84276b5ffffffff-2022-09,8
84276b5ffffffff-2023-04,3
84276b5ffffffff-2023-05,8
84276b5ffffffff-2023-09,3
84276b7ffffffff-2012-04,6
84276b7ffffffff-2012-05,8
84276b7ffffffff-2012-06,1
84276b7ffffffff-2012-07,3
84276b7ffffffff-2012-08,4
84276b7ffffffff-2013-04,2
84276b7ffffffff-2013-05,16
84276b7ffffffff-2013-07,2
84276b7ffffffff-2013-08,14
84276b7ffffffff-2013-09,10
84276b7ffffffff-2013-10,2
84276b7ffffffff-2014-04,7
84276b7ffffffff-2014-05,19
84276b7ffffffff-2014-06,2
84276b7ffffffff-2014-07,9
84276b7ffffffff-2014-08,10
84276b7ffffffff-2014-09,3
84276b7ffffffff-2015-04,9
84276b7ffffffff-2015-05,19
84276b7ffffffff-2015-07,7
84276b7ffffffff-2015-08,26
84276b7ffffffff-2015-09,14
84276b7ffffffff-2015-10,3
84276b7ffffffff-2015-11,1
84276b7ffffffff-2016-03,3
84276b7ffffffff-2016-04,71
84276b7ffffffff-2016-05,60
84276b7ffffffff-2016-06,3
84276b7ffffffff-2016-07,1
84276b7ffffffff-2016-08,3
84276b7ffffffff-2016-09,6
84276b7ffffffff-2016-10,5
84276b7ffffffff-2017-04,59
84276b7ffffffff-2017-05,79
84276b7ffffffff-2017-06,3
84276b7ffffffff-2017-07,1
84276b7ffffffff-2017-08,31
84276b7ffffffff-2017-09,7
84276b7ffffffff-2017-10,25
84276b7ffffffff-2018-04,18
84276b7ffffffff-2018-05,71
84276b7ffffffff-2018-06,10
84276b7ffffffff-2018-07,21
84276b7ffffffff-2018-08,20
84276b7ffffffff-2018-09,14
84276b7ffffffff-2019-04,16
84276b7ffffffff-2019-05,60
84276b7ffffffff-2019-06,9
84276b7ffffffff-2019-07,10
84276b7ffffffff-2019-08,2
84276b7ffffffff-2019-09,6
84276b7ffffffff-2019-10,1
84276b7ffffffff-2020-04,20
84276b7ffffffff-2020-05,79
84276b7ffffffff-2020-06,108
84276b7ffffffff-2020-07,28
84276b7ffffffff-2020-08,21
84276b7ffffffff-2020-09,5
84276b7ffffffff-2020-10,6
84276b7ffffffff-2021-04,44
84276b7ffffffff-2021-05,151
84276b7ffffffff-2021-06,4
84276b7ffffffff-2021-07,11
84276b7ffffffff-2021-08,24
84276b7ffffffff-2021-09,10
84276b7ffffffff-2021-10,7
84276b7ffffffff-2022-03,3
84276b7ffffffff-2022-04,18
84276b7ffffffff-2022-05,50
84276b7ffffffff-2022-06,2
84276b7ffffffff-2022-07,23
84276b7ffffffff-2022-08,65
84276b7ffffffff-2022-09,6
84276b7ffffffff-2022-10,3
84276b7ffffffff-2023-04,88
84276b7ffffffff-2023-05,126
84276b7ffffffff-2023-06,1
84276b7ffffffff-2023-07,12
84276b7ffffffff-2023-08,7
84276b7ffffffff-2023-09,1
84276b7ffffffff-2023-10,22
84276b7ffffffff-2023-11,2
84276b9ffffffff-2015-05,1
84276b9ffffffff-2017-05,1
84276b9ffffffff-2022-10,4
84276bbffffffff-2012-05,2
84276bbffffffff-2012-07,1
84276bbffffffff-2012-08,4
84276bbffffffff-2013-05,11
84276bbffffffff-2013-09,1
84276bbffffffff-2013-10,1
84276bbffffffff-2014-08,1
84276bbffffffff-2014-10,1
84276bbffffffff-2017-08,1
84276bbffffffff-2020-08,1
84276bbffffffff-2021-05,1
84276bbffffffff-2022-05,2
84276bbffffffff-2023-05,1
84276bbffffffff-2023-09,1
84276bdffffffff-2012-05,15
84276bdffffffff-2012-07,3
84276bdffffffff-2012-08,3
84276bdffffffff-2012-10,2
84276bdffffffff-2013-05,10
84276bdffffffff-2013-07,4
84276bdffffffff-2013-08,16
84276bdffffffff-2013-09,6
84276bdffffffff-2013-10,2
84276bdffffffff-2014-04,2
84276bdffffffff-2014-05,55
84276bdffffffff-2014-07,2
84276bdffffffff-2014-08,2
84276bdffffffff-2014-09,1
84276bdffffffff-2015-04,1
84276bdffffffff-2015-05,25
84276bdffffffff-2015-07,2
84276bdffffffff-2015-08,10
84276bdffffffff-2015-09,6
84276bdffffffff-2015-10,5
84276bdffffffff-2015-11,1
84276bdffffffff-2016-05,19
84276bdffffffff-2016-07,4
84276bdffffffff-2016-08,29
84276bdffffffff-2016-09,34
84276bdffffffff-2016-10,14
84276bdffffffff-2017-04,4
84276bdffffffff-2017-05,11
84276bdffffffff-2017-08,10
84276bdffffffff-2017-09,2
84276bdffffffff-2017-10,1
84276bdffffffff-2017-11,1
84276bdffffffff-2018-04,3
84276bdffffffff-2018-05,40
84276bdffffffff-2018-07,5
84276bdffffffff-2018-08,42
84276bdffffffff-2018-09,73
84276bdffffffff-2018-10,12
84276bdffffffff-2019-04,4
84276bdffffffff-2019-05,19
84276bdffffffff-2019-06,1
84276bdffffffff-2019-07,1
84276bdffffffff-2019-08,6
84276bdffffffff-2019-09,1
84276bdffffffff-2020-04,15
84276bdffffffff-2020-05,37
84276bdffffffff-2020-07,5
84276bdffffffff-2020-08,69
84276bdffffffff-2020-09,59
84276bdffffffff-2020-10,6
84276bdffffffff-2021-04,8
84276bdffffffff-2021-05,109
84276bdffffffff-2021-07,1
84276bdffffffff-2021-08,15
84276bdffffffff-2021-09,13
84276bdffffffff-2022-04,24
84276bdffffffff-2022-05,81
84276bdffffffff-2022-07,11
84276bdffffffff-2022-08,24
84276bdffffffff-2022-09,12
84276bdffffffff-2022-10,3
84276bdffffffff-2023-04,3
84276bdffffffff-2023-05,89
84276bdffffffff-2023-06,3
84276bdffffffff-2023-07,8
84276bdffffffff-2023-08,36
84276bdffffffff-2023-09,35
84276bdffffffff-2023-10,3
84276c1ffffffff-2012-04,1
84276c1ffffffff-2012-08,1
84276c1ffffffff-2012-09,1
84276c1ffffffff-2013-05,2
84276c1ffffffff-2013-07,1
84276c1ffffffff-2013-08,2
84276c1ffffffff-2014-05,1
84276c1ffffffff-2015-05,4
84276c1ffffffff-2015-08,1
84276c1ffffffff-2016-05,5
84276c1ffffffff-2016-07,1
84276c1ffffffff-2016-09,1
84276c1ffffffff-2017-05,1
84276c1ffffffff-2018-05,2
84276c1ffffffff-2018-08,1
84276c1ffffffff-2019-04,1
84276c1ffffffff-2019-05,3
84276c1ffffffff-2020-05,1
84276c1ffffffff-2020-08,8
84276c1ffffffff-2020-09,3
84276c1ffffffff-2021-08,6
84276c1ffffffff-2021-09,1
84276c1ffffffff-2022-05,2
84276c1ffffffff-2022-07,2
84276c1ffffffff-2022-08,3
84276c1ffffffff-2022-09,3
84276c1ffffffff-2023-05,6
84276c1ffffffff-2023-07,1
84276c1ffffffff-2023-08,4
84276c1ffffffff-2023-09,6
84276c3ffffffff-2013-08,1
84276c3ffffffff-2015-07,1
84276c3ffffffff-2015-08,1
84276c3ffffffff-2016-08,2
84276c3ffffffff-2017-07,1
84276c3ffffffff-2017-08,2
84276c3ffffffff-2017-09,1
84276c3ffffffff-2020-05,1
84276c3ffffffff-2020-08,3
84276c3ffffffff-2020-09,1
84276c3ffffffff-2021-08,4
84276c3ffffffff-2021-09,1
84276c3ffffffff-2022-07,1
84276c3ffffffff-2022-08,5
84276c3ffffffff-2022-09,2
84276c3ffffffff-2023-07,1
84276c3ffffffff-2023-08,3
84276c5ffffffff-2022-09,1
84276c7ffffffff-2013-08,1
84276c7ffffffff-2015-07,1
84276c7ffffffff-2015-08,1
84276c7ffffffff-2015-10,1
84276c7ffffffff-2016-05,2
84276c7ffffffff-2016-08,1
84276c7ffffffff-2018-05,4
84276c7ffffffff-2019-05,1
84276c7ffffffff-2020-09,3
84276c7ffffffff-2021-09,2
84276c9ffffffff-2015-08,1
84276c9ffffffff-2022-05,1
84276c9ffffffff-2023-04,1
84276c9ffffffff-2023-05,3
84276cbffffffff-2017-05,13
84276cbffffffff-2018-08,2
84276cbffffffff-2020-08,3
84276cbffffffff-2020-09,1
84276cbffffffff-2021-08,3
84276cbffffffff-2022-08,2
84276cbffffffff-2022-09,1
84276cbffffffff-2023-07,2
84276cbffffffff-2023-08,2
84276cdffffffff-2015-06,1
84276cdffffffff-2017-09,1
84276cdffffffff-2020-05,1
84276cdffffffff-2021-05,1
84276cdffffffff-2021-08,1
84276cdffffffff-2023-05,1
84276d1ffffffff-2012-04,5
84276d1ffffffff-2013-05,6
84276d1ffffffff-2014-05,4
84276d1ffffffff-2015-09,4
84276d1ffffffff-2016-05,1
84276d1ffffffff-2017-04,1
84276d1ffffffff-2018-04,2
84276d1ffffffff-2018-05,7
84276d1ffffffff-2018-08,1
84276d1ffffffff-2018-09,2
84276d1ffffffff-2019-04,2
84276d1ffffffff-2019-05,3
84276d1ffffffff-2019-08,2
84276d1ffffffff-2020-04,10
84276d1ffffffff-2020-05,13
84276d1ffffffff-2020-06,1
84276d1ffffffff-2020-08,8
84276d1ffffffff-2020-10,1
84276d1ffffffff-2021-05,30
84276d1ffffffff-2021-08,2
84276d1ffffffff-2022-04,17
84276d1ffffffff-2023-05,3
84276d3ffffffff-2012-04,3
84276d3ffffffff-2012-05,7
84276d3ffffffff-2012-06,2
84276d3ffffffff-2012-08,2
84276d3ffffffff-2012-09,1
84276d3ffffffff-2013-05,4
84276d3ffffffff-2013-08,2
84276d3ffffffff-2014-05,5
84276d3ffffffff-2014-07,1
84276d3ffffffff-2014-08,9
84276d3ffffffff-2014-09,2
84276d3ffffffff-2015-04,3
84276d3ffffffff-2015-05,8
84276d3ffffffff-2015-07,1
84276d3ffffffff-2015-08,5
84276d3ffffffff-2015-09,1
84276d3ffffffff-2015-10,14
84276d3ffffffff-2016-04,3
84276d3ffffffff-2016-05,8
84276d3ffffffff-2016-08,1
84276d3ffffffff-2016-09,2
84276d3ffffffff-2017-04,1
84276d3ffffffff-2017-05,5
84276d3ffffffff-2017-07,1
84276d3ffffffff-2017-08,2
84276d3ffffffff-2018-04,1
84276d3ffffffff-2018-05,15
84276d3ffffffff-2018-07,1
84276d3ffffffff-2018-08,10
84276d3ffffffff-2018-09,1
84276d3ffffffff-2018-10,1
84276d3ffffffff-2019-04,2
84276d3ffffffff-2019-05,18
84276d3ffffffff-2019-07,3
84276d3ffffffff-2019-08,5
84276d3ffffffff-2019-09,17
84276d3ffffffff-2019-10,2
84276d3ffffffff-2020-04,6
84276d3ffffffff-2020-05,22
84276d3ffffffff-2020-07,4
84276d3ffffffff-2020-08,4
84276d3ffffffff-2020-09,3
84276d3ffffffff-2020-10,1
84276d3ffffffff-2021-04,5
84276d3ffffffff-2021-05,40
84276d3ffffffff-2021-06,2
84276d3ffffffff-2021-07,3
84276d3ffffffff-2021-08,18
84276d3ffffffff-2021-09,8
84276d3ffffffff-2021-10,5
84276d3ffffffff-2022-04,3
84276d3ffffffff-2022-05,12
84276d3ffffffff-2022-07,2
84276d3ffffffff-2022-08,24
84276d3ffffffff-2022-09,29
84276d3ffffffff-2022-10,1
84276d3ffffffff-2023-04,2
84276d3ffffffff-2023-05,13
84276d3ffffffff-2023-07,5
84276d3ffffffff-2023-08,45
84276d3ffffffff-2023-09,13
84276d3ffffffff-2023-10,5
84276d5ffffffff-2015-09,1
84276d5ffffffff-2016-05,1
84276d5ffffffff-2017-04,1
84276d5ffffffff-2017-05,2
84276d5ffffffff-2018-05,6
84276d5ffffffff-2018-07,1
84276d5ffffffff-2019-05,7
84276d5ffffffff-2019-08,1
84276d5ffffffff-2020-05,7
84276d5ffffffff-2020-09,1
84276d5ffffffff-2021-05,1
84276d5ffffffff-2021-09,2
84276d5ffffffff-2022-04,1
84276d5ffffffff-2022-05,3
84276d5ffffffff-2022-08,1
84276d5ffffffff-2023-04,2
84276d5ffffffff-2023-05,3
84276d7ffffffff-2012-08,2
84276d7ffffffff-2018-10,1
84276d7ffffffff-2019-08,1
84276d7ffffffff-2019-09,1
84276d7ffffffff-2020-05,1
84276d7ffffffff-2023-05,1
84276d9ffffffff-2015-08,1
84276d9ffffffff-2019-08,1
84276d9ffffffff-2021-08,1
84276e1ffffffff-2013-08,1
84276e1ffffffff-2014-07,1
84276e1ffffffff-2015-07,1
84276e1ffffffff-2022-08,1
84276e3ffffffff-2018-08,2
84276e3ffffffff-2018-09,3
84276e3ffffffff-2020-05,2
84276e3ffffffff-2020-08,2
84276e3ffffffff-2021-05,3
84276e3ffffffff-2021-08,3
84276e3ffffffff-2021-09,4
84276e3ffffffff-2021-10,2
84276e3ffffffff-2022-05,4
84276e3ffffffff-2022-07,3
84276e3ffffffff-2022-08,1
84276e3ffffffff-2022-09,1
84276e3ffffffff-2023-08,1
84276e3ffffffff-2023-09,1
84276e5ffffffff-2013-08,2
84276e5ffffffff-2015-04,1
84276e5ffffffff-2015-05,3
84276e5ffffffff-2016-05,8
84276e5ffffffff-2017-04,4
84276e5ffffffff-2017-05,1
84276e5ffffffff-2017-07,1
84276e5ffffffff-2017-08,2
84276e5ffffffff-2018-05,4
84276e5ffffffff-2019-07,3
84276e5ffffffff-2020-05,1
84276e5ffffffff-2020-07,1
84276e5ffffffff-2020-08,4
84276e5ffffffff-2020-09,3
84276e5ffffffff-2021-05,1
84276e5ffffffff-2021-08,6
84276e5ffffffff-2021-09,1
84276e5ffffffff-2022-05,16
84276e5ffffffff-2022-06,2
84276e5ffffffff-2022-08,10
84276e5ffffffff-2022-09,8
84276e5ffffffff-2023-05,6
84276e5ffffffff-2023-07,2
84276e5ffffffff-2023-08,4
84276e5ffffffff-2023-09,3
84276e7ffffffff-2015-04,3
84276e7ffffffff-2015-05,2
84276e7ffffffff-2016-05,4
84276e7ffffffff-2016-06,1
84276e7ffffffff-2017-04,7
84276e7ffffffff-2017-05,5
84276e7ffffffff-2018-05,5
84276e7ffffffff-2019-04,1
84276e7ffffffff-2020-05,2
84276e7ffffffff-2021-05,2
84276e7ffffffff-2021-08,2
84276e7ffffffff-2021-09,1
84276e7ffffffff-2022-04,1
84276e7ffffffff-2022-05,7
84276e7ffffffff-2022-08,2
84276e7ffffffff-2022-09,7
84276e7ffffffff-2023-04,5
84276e7ffffffff-2023-05,22
84276e7ffffffff-2023-09,2
84276e9ffffffff-2017-08,1
84276e9ffffffff-2019-05,1
84276e9ffffffff-2020-05,5
84276e9ffffffff-2020-08,1
84276e9ffffffff-2021-05,6
84276e9ffffffff-2021-09,2
84276e9ffffffff-2022-05,7
84276e9ffffffff-2022-08,2
84276e9ffffffff-2023-04,1
84276e9ffffffff-2023-05,7
84276e9ffffffff-2023-08,4
84276ebffffffff-2016-08,2
84276ebffffffff-2017-05,1
84276ebffffffff-2021-08,2
84276edffffffff-2012-05,2
84276edffffffff-2012-07,3
84276edffffffff-2012-08,1
84276edffffffff-2013-08,2
84276edffffffff-2014-04,1
84276edffffffff-2014-05,3
84276edffffffff-2014-09,1
84276edffffffff-2015-04,2
84276edffffffff-2015-07,1
84276edffffffff-2016-04,1
84276edffffffff-2016-08,1
84276edffffffff-2016-09,3
84276edffffffff-2017-04,10
84276edffffffff-2017-05,8
84276edffffffff-2017-07,3
84276edffffffff-2017-08,7
84276edffffffff-2018-04,1
84276edffffffff-2018-05,20
84276edffffffff-2018-10,4
84276edffffffff-2019-04,11
84276edffffffff-2019-05,30
84276edffffffff-2020-04,3
84276edffffffff-2020-05,42
84276edffffffff-2020-07,2
84276edffffffff-2020-08,4
84276edffffffff-2020-09,30
84276edffffffff-2020-10,6
84276edffffffff-2021-05,19
84276edffffffff-2021-07,2
84276edffffffff-2021-08,9
84276edffffffff-2021-09,1
84276edffffffff-2022-04,2
84276edffffffff-2022-05,13
84276edffffffff-2022-06,4
84276edffffffff-2022-07,2
84276edffffffff-2022-08,1
84276edffffffff-2023-04,29
84276edffffffff-2023-05,15
8427701ffffffff-2013-08,5
8427701ffffffff-2023-05,3
8427705ffffffff-2013-08,1
8427705ffffffff-2014-04,1
8427705ffffffff-2015-08,1
8427705ffffffff-2016-05,3
8427705ffffffff-2016-08,3
8427705ffffffff-2017-05,1
8427705ffffffff-2017-08,5
8427705ffffffff-2017-09,1
8427705ffffffff-2018-05,5
8427705ffffffff-2018-07,1
8427705ffffffff-2018-08,2
8427705ffffffff-2019-05,1
8427705ffffffff-2019-08,1
8427705ffffffff-2019-09,3
8427705ffffffff-2020-05,2
8427705ffffffff-2020-08,1
8427705ffffffff-2021-05,5
8427705ffffffff-2021-07,2
8427705ffffffff-2021-08,3
8427705ffffffff-2021-10,1
8427705ffffffff-2022-05,8
8427705ffffffff-2022-07,1
8427705ffffffff-2022-08,2
8427705ffffffff-2022-09,1
8427705ffffffff-2023-04,1
8427705ffffffff-2023-05,10
8427707ffffffff-2021-08,1
8427707ffffffff-2022-08,3
8427709ffffffff-2018-09,4
8427709ffffffff-2019-05,1
8427709ffffffff-2019-08,2
8427709ffffffff-2020-04,2
8427709ffffffff-2020-05,2
8427709ffffffff-2020-07,2
8427709ffffffff-2020-09,2
8427709ffffffff-2021-07,2
8427709ffffffff-2022-07,4
8427709ffffffff-2023-05,4
8427709ffffffff-2023-07,2
842770bffffffff-2012-08,1
842770bffffffff-2020-08,2
842770dffffffff-2012-05,1
842770dffffffff-2013-05,1
842770dffffffff-2013-07,1
842770dffffffff-2013-08,1
842770dffffffff-2014-05,1
842770dffffffff-2015-04,1
842770dffffffff-2015-09,1
842770dffffffff-2016-05,1
842770dffffffff-2016-06,1
842770dffffffff-2016-08,1
842770dffffffff-2016-09,1
842770dffffffff-2017-04,1
842770dffffffff-2017-05,3
842770dffffffff-2017-08,10
842770dffffffff-2017-11,1
842770dffffffff-2018-05,3
842770dffffffff-2018-07,1
842770dffffffff-2018-08,15
842770dffffffff-2018-09,9
842770dffffffff-2019-05,1
842770dffffffff-2019-07,4
842770dffffffff-2019-08,17
842770dffffffff-2019-09,4
842770dffffffff-2020-05,3
842770dffffffff-2020-07,2
842770dffffffff-2020-08,10
842770dffffffff-2020-09,19
842770dffffffff-2020-11,2
842770dffffffff-2021-05,9
842770dffffffff-2021-07,9
842770dffffffff-2021-08,28
842770dffffffff-2021-09,23
842770dffffffff-2022-05,14
842770dffffffff-2022-07,3
842770dffffffff-2022-08,8
842770dffffffff-2022-09,10
842770dffffffff-2023-05,2
842770dffffffff-2023-07,1
842770dffffffff-2023-08,7
8427711ffffffff-2014-05,1
8427711ffffffff-2016-05,6
8427711ffffffff-2018-10,1
8427711ffffffff-2021-05,9
8427711ffffffff-2021-09,3
8427711ffffffff-2022-05,3
8427711ffffffff-2022-06,1
8427711ffffffff-2022-08,1
8427711ffffffff-2023-05,1
8427711ffffffff-2023-09,1
8427713ffffffff-2020-05,2
8427715ffffffff-2012-05,1
8427715ffffffff-2012-07,1
8427715ffffffff-2012-08,11
8427715ffffffff-2013-05,2
8427715ffffffff-2013-08,3
8427715ffffffff-2013-09,8
8427715ffffffff-2014-05,2
8427715ffffffff-2014-06,1
8427715ffffffff-2014-08,3
8427715ffffffff-2015-05,3
8427715ffffffff-2015-07,3
8427715ffffffff-2015-08,12
8427715ffffffff-2015-09,1
8427715ffffffff-2016-05,16
8427715ffffffff-2016-07,6
8427715ffffffff-2016-08,22
8427715ffffffff-2016-09,2
8427715ffffffff-2017-05,3
8427715ffffffff-2017-08,11
8427715ffffffff-2017-09,3
8427715ffffffff-2018-05,3
8427715ffffffff-2018-07,9
8427715ffffffff-2018-08,21
8427715ffffffff-2018-09,7
8427715ffffffff-2019-07,2
8427715ffffffff-2019-08,14
8427715ffffffff-2019-09,1
8427715ffffffff-2020-05,6
8427715ffffffff-2020-07,6
8427715ffffffff-2020-08,13
8427715ffffffff-2020-09,10
8427715ffffffff-2020-10,1
8427715ffffffff-2021-05,21
8427715ffffffff-2021-08,18
8427715ffffffff-2021-09,6
8427715ffffffff-2021-10,4
8427715ffffffff-2022-05,10
8427715ffffffff-2022-07,4
8427715ffffffff-2022-08,34
8427715ffffffff-2022-09,10
8427715ffffffff-2023-05,9
8427715ffffffff-2023-07,17
8427715ffffffff-2023-08,43
8427715ffffffff-2023-09,11
8427717ffffffff-2014-08,2
8427717ffffffff-2018-05,3
8427717ffffffff-2023-05,1
842771dffffffff-2014-05,3
842771dffffffff-2017-05,1
842771dffffffff-2020-09,5
842771dffffffff-2021-08,1
842771dffffffff-2023-05,1
842771dffffffff-2023-08,3
842771dffffffff-2023-09,1
8427721ffffffff-2012-08,1
8427721ffffffff-2015-07,1
8427721ffffffff-2017-07,1
8427721ffffffff-2018-05,5
8427721ffffffff-2019-05,1
8427721ffffffff-2019-07,1
8427721ffffffff-2019-08,13
8427721ffffffff-2020-05,1
8427721ffffffff-2020-07,2
8427721ffffffff-2020-08,2
8427721ffffffff-2020-09,3
8427721ffffffff-2021-05,1
8427721ffffffff-2021-08,6
8427721ffffffff-2021-09,8
8427721ffffffff-2022-07,7
8427721ffffffff-2022-08,13
8427721ffffffff-2022-09,2
8427721ffffffff-2023-08,6
8427727ffffffff-2014-08,1
8427727ffffffff-2016-08,3
8427727ffffffff-2017-08,3
8427727ffffffff-2019-08,3
8427727ffffffff-2019-09,1
8427727ffffffff-2020-07,1
8427727ffffffff-2020-08,5
8427727ffffffff-2020-09,5
8427727ffffffff-2021-05,3
8427727ffffffff-2021-07,1
8427727ffffffff-2021-08,7
8427727ffffffff-2022-05,1
8427727ffffffff-2022-07,2
8427727ffffffff-2022-08,4
8427727ffffffff-2022-09,2
8427727ffffffff-2023-05,1
8427727ffffffff-2023-08,7
8427727ffffffff-2023-09,1
842772bffffffff-2018-07,2
842772bffffffff-2022-07,2
842772bffffffff-2023-07,1
8427731ffffffff-2012-08,1
8427731ffffffff-2019-05,1
8427731ffffffff-2020-05,1
8427731ffffffff-2020-09,1
8427731ffffffff-2021-05,8
8427731ffffffff-2021-08,1
8427731ffffffff-2022-05,1
8427731ffffffff-2022-08,1
8427731ffffffff-2023-05,1
8427737ffffffff-2012-08,1
8427737ffffffff-2016-05,1
8427737ffffffff-2018-05,1
8427737ffffffff-2018-07,4
8427737ffffffff-2018-08,5
8427737ffffffff-2018-09,1
8427737ffffffff-2019-05,1
8427737ffffffff-2019-06,1
8427737ffffffff-2019-07,1
8427737ffffffff-2019-08,1
8427737ffffffff-2020-04,1
8427737ffffffff-2020-07,1
842773bffffffff-2012-08,1
842773bffffffff-2013-08,3
842773bffffffff-2014-04,1
842773bffffffff-2014-05,4
842773bffffffff-2015-05,2
842773bffffffff-2016-04,4
842773bffffffff-2016-08,3
842773bffffffff-2017-04,3
842773bffffffff-2017-08,1
842773bffffffff-2018-04,4
842773bffffffff-2018-05,23
842773bffffffff-2018-08,12
842773bffffffff-2018-09,4
842773bffffffff-2019-04,4
842773bffffffff-2019-05,8
842773bffffffff-2019-07,1
842773bffffffff-2019-08,4
842773bffffffff-2020-04,4
842773bffffffff-2020-05,16
842773bffffffff-2020-08,4
842773bffffffff-2021-05,19
842773bffffffff-2021-08,6
842773bffffffff-2021-09,5
842773bffffffff-2022-04,3
842773bffffffff-2022-05,18
842773bffffffff-2022-06,1
842773bffffffff-2022-07,3
842773bffffffff-2022-08,6
842773bffffffff-2023-04,4
842773bffffffff-2023-05,35
842773bffffffff-2023-08,1
842773bffffffff-2023-09,1
8427741ffffffff-2018-05,1
8427741ffffffff-2020-08,2
8427741ffffffff-2021-08,2
8427741ffffffff-2022-05,3
8427743ffffffff-2021-07,1
8427747ffffffff-2014-05,3
8427747ffffffff-2015-05,1
8427747ffffffff-2016-05,2
8427747ffffffff-2018-05,15
8427747ffffffff-2019-07,1
8427747ffffffff-2019-08,1
8427747ffffffff-2020-05,1
8427747ffffffff-2021-05,2
8427747ffffffff-2022-04,1
8427747ffffffff-2022-05,3
8427747ffffffff-2022-07,1
8427747ffffffff-2022-08,3
8427747ffffffff-2023-05,9
8427747ffffffff-2023-08,1
8427759ffffffff-2012-05,2
8427759ffffffff-2014-07,2
8427759ffffffff-2015-08,1
8427759ffffffff-2018-05,1
8427759ffffffff-2018-08,1
8427759ffffffff-2019-05,1
8427759ffffffff-2020-04,2
8427759ffffffff-2020-05,12
8427759ffffffff-2020-08,4
8427759ffffffff-2020-09,2
8427759ffffffff-2021-04,1
8427759ffffffff-2021-05,9
8427759ffffffff-2021-07,3
8427759ffffffff-2021-08,15
8427759ffffffff-2021-09,1
8427759ffffffff-2022-05,15
8427759ffffffff-2022-08,14
8427759ffffffff-2022-09,6
8427759ffffffff-2023-04,1
8427759ffffffff-2023-05,19
8427759ffffffff-2023-07,7
8427759ffffffff-2023-08,18
8427759ffffffff-2023-09,2
842775dffffffff-2020-05,2
842775dffffffff-2021-05,2
842775dffffffff-2023-05,2
8427761ffffffff-2016-05,1
8427763ffffffff-2017-05,1
8427763ffffffff-2022-05,2
8427801ffffffff-2012-07,1
8427801ffffffff-2013-05,2
8427801ffffffff-2015-05,1
8427801ffffffff-2016-05,2
8427801ffffffff-2017-04,2
8427801ffffffff-2020-05,1
8427801ffffffff-2022-07,1
8427801ffffffff-2022-08,1
8427801ffffffff-2023-05,1
8427803ffffffff-2014-04,1
8427809ffffffff-2023-09,3
842780bffffffff-2015-04,1
842780bffffffff-2022-06,1
842780dffffffff-2013-05,1
842780dffffffff-2016-05,2
842780dffffffff-2019-04,2
842780dffffffff-2021-05,1
842780dffffffff-2022-05,1
8427813ffffffff-2019-07,1
8427813ffffffff-2020-09,1
8427819ffffffff-2021-09,1
8427819ffffffff-2023-10,1
842781bffffffff-2021-08,1
842781bffffffff-2022-09,1
842782bffffffff-2016-05,1
842782bffffffff-2017-08,1
842782dffffffff-2018-09,1
842782dffffffff-2021-07,2
8427833ffffffff-2021-09,3
8427837ffffffff-2020-08,1
8427839ffffffff-2022-08,1
8427841ffffffff-2023-05,1
8427847ffffffff-2019-05,1
8427847ffffffff-2020-07,1
8427847ffffffff-2021-05,1
842784bffffffff-2020-07,1
842784dffffffff-2012-06,1
8427857ffffffff-2023-05,1
8427859ffffffff-2016-04,3
8427859ffffffff-2016-05,2
8427859ffffffff-2016-07,1
8427859ffffffff-2017-04,1
8427859ffffffff-2021-08,1
8427859ffffffff-2022-08,3
8427859ffffffff-2023-04,2
842785bffffffff-2012-05,1
842785bffffffff-2013-07,1
842785bffffffff-2013-09,1
842785bffffffff-2015-05,3
842785bffffffff-2015-08,1
842785bffffffff-2016-05,3
842785bffffffff-2016-06,1
842785bffffffff-2016-07,3
842785bffffffff-2016-08,1
842785bffffffff-2016-09,4
842785bffffffff-2017-04,2
842785bffffffff-2017-05,1
842785bffffffff-2017-06,3
842785bffffffff-2017-07,4
842785bffffffff-2017-09,5
842785bffffffff-2018-04,1
842785bffffffff-2018-09,2
842785bffffffff-2020-06,7
842785bffffffff-2020-07,4
842785bffffffff-2020-08,7
842785bffffffff-2020-09,4
842785bffffffff-2021-07,3
842785bffffffff-2021-08,7
842785bffffffff-2021-09,1
842785bffffffff-2022-04,1
842785bffffffff-2022-05,1
842785bffffffff-2022-07,9
842785bffffffff-2022-08,9
842785bffffffff-2022-09,4
842785bffffffff-2023-05,1
842785bffffffff-2023-06,2
842785bffffffff-2023-07,2
842785bffffffff-2023-08,3
842785dffffffff-2022-07,1
8427861ffffffff-2013-06,1
8427861ffffffff-2014-05,1
8427861ffffffff-2014-07,1
8427861ffffffff-2014-08,1
8427861ffffffff-2014-09,1
8427861ffffffff-2015-06,1
8427861ffffffff-2015-07,1
8427861ffffffff-2015-08,1
8427861ffffffff-2015-09,8
8427861ffffffff-2016-05,1
8427861ffffffff-2016-06,1
8427861ffffffff-2016-07,14
8427861ffffffff-2016-08,8
8427861ffffffff-2016-09,2
8427861ffffffff-2017-04,3
8427861ffffffff-2017-05,2
8427861ffffffff-2017-07,3
8427861ffffffff-2017-08,3
8427861ffffffff-2017-09,2
8427861ffffffff-2018-06,4
8427861ffffffff-2018-07,4
8427861ffffffff-2018-08,5
8427861ffffffff-2018-09,4
8427861ffffffff-2019-06,4
8427861ffffffff-2019-07,4
8427861ffffffff-2019-08,8
8427861ffffffff-2019-09,5
8427861ffffffff-2020-06,3
8427861ffffffff-2020-07,19
8427861ffffffff-2020-08,12
8427861ffffffff-2020-09,10
8427861ffffffff-2021-04,1
8427861ffffffff-2021-05,4
8427861ffffffff-2021-06,7
8427861ffffffff-2021-07,5
8427861ffffffff-2021-08,7
8427861ffffffff-2021-09,6
8427861ffffffff-2022-05,2
8427861ffffffff-2022-06,1
8427861ffffffff-2022-07,2
8427861ffffffff-2022-08,3
8427861ffffffff-2022-09,1
8427861ffffffff-2023-07,3
8427861ffffffff-2023-08,2
8427861ffffffff-2023-09,15
8427861ffffffff-2023-10,1
8427863ffffffff-2013-05,1
8427865ffffffff-2013-07,1
8427865ffffffff-2018-07,1
8427865ffffffff-2019-08,1
8427867ffffffff-2018-08,2
8427867ffffffff-2020-05,1
8427867ffffffff-2020-07,1
8427867ffffffff-2021-05,19
8427867ffffffff-2021-07,6
8427867ffffffff-2021-09,3
8427867ffffffff-2022-05,1
8427867ffffffff-2022-07,2
8427867ffffffff-2023-05,1
842786bffffffff-2014-09,1
842786bffffffff-2015-08,2
842786bffffffff-2016-07,2
842786bffffffff-2016-08,9
842786bffffffff-2017-08,8
842786bffffffff-2019-05,1
842786bffffffff-2019-08,1
842786bffffffff-2021-06,1
842786bffffffff-2021-08,1
842786bffffffff-2021-09,1
842786bffffffff-2022-08,2
842786bffffffff-2022-09,2
842786bffffffff-2023-08,4
842786bffffffff-2023-09,1
8427881ffffffff-2021-05,1
8427881ffffffff-2022-05,1
8427883ffffffff-2019-05,1
8427885ffffffff-2013-05,1
8427887ffffffff-2021-05,1
8427889ffffffff-2012-04,2
8427889ffffffff-2013-08,3
8427889ffffffff-2014-05,1
8427889ffffffff-2016-08,3
8427889ffffffff-2019-05,3
8427889ffffffff-2019-06,1
8427889ffffffff-2019-08,1
8427889ffffffff-2020-06,1
8427889ffffffff-2020-07,2
8427889ffffffff-2020-09,4
8427889ffffffff-2021-08,4
8427889ffffffff-2022-09,1
8427889ffffffff-2022-10,3
8427889ffffffff-2023-06,1
8427889ffffffff-2023-08,1
8427889ffffffff-2023-09,1
842788bffffffff-2018-05,1
842788bffffffff-2021-05,1
842788bffffffff-2022-05,2
842788bffffffff-2023-05,1
8427899ffffffff-2018-05,1
8427899ffffffff-2020-05,1
8427899ffffffff-2022-06,1
842789dffffffff-2018-04,1
842789dffffffff-2020-04,2
842789dffffffff-2021-05,1
84278a1ffffffff-2018-08,1
84278a1ffffffff-2021-07,1
84278a3ffffffff-2017-05,1
84278a7ffffffff-2020-07,1
84278abffffffff-2016-08,1
84278abffffffff-2020-07,2
84278abffffffff-2023-08,2
84278b1ffffffff-2016-07,1
84278b1ffffffff-2017-04,1
84278b1ffffffff-2017-05,2
84278b1ffffffff-2019-05,1
84278b1ffffffff-2019-10,1
84278b1ffffffff-2021-04,1
84278b1ffffffff-2021-05,4
84278b1ffffffff-2021-08,4
84278b1ffffffff-2022-05,2
84278b3ffffffff-2017-04,1
84278b3ffffffff-2022-04,4
84278b3ffffffff-2023-05,1
84278b3ffffffff-2023-09,1
84278b7ffffffff-2023-06,1
84278b9ffffffff-2022-05,1
84278bbffffffff-2018-04,1
84278bbffffffff-2019-08,1
84278bbffffffff-2021-08,5
84278bbffffffff-2023-05,3
84278bbffffffff-2023-08,1
84278bdffffffff-2014-05,2
84278c1ffffffff-2014-04,2
84278c1ffffffff-2015-04,1
84278c1ffffffff-2018-04,1
84278c1ffffffff-2019-05,1
84278c1ffffffff-2019-08,4
84278c1ffffffff-2021-05,2
84278c1ffffffff-2022-05,1
84278c1ffffffff-2022-06,1
84278c1ffffffff-2022-08,2
84278c3ffffffff-2012-07,1
84278c3ffffffff-2019-05,2
84278c3ffffffff-2019-08,5
84278c3ffffffff-2020-07,2
84278c3ffffffff-2021-05,1
84278c3ffffffff-2022-09,1
84278c3ffffffff-2022-10,3
84278c3ffffffff-2023-08,2
84278c7ffffffff-2021-04,1
84278c9ffffffff-2013-08,2
84278c9ffffffff-2015-04,2
84278c9ffffffff-2015-07,4
84278c9ffffffff-2018-07,1
84278c9ffffffff-2019-04,2
84278c9ffffffff-2021-05,4
84278c9ffffffff-2022-04,1
84278c9ffffffff-2022-05,1
84278c9ffffffff-2022-06,1
84278c9ffffffff-2022-07,2
84278c9ffffffff-2022-08,2
84278c9ffffffff-2023-08,4
84278c9ffffffff-2023-09,2
84278cbffffffff-2014-04,1
84278cbffffffff-2014-05,4
84278cbffffffff-2014-09,1
84278cbffffffff-2015-04,1
84278cbffffffff-2015-07,1
84278cbffffffff-2015-08,5
84278cbffffffff-2017-05,2
84278cbffffffff-2018-04,1
84278cbffffffff-2018-07,3
84278cbffffffff-2018-08,3
84278cbffffffff-2019-04,6
84278cbffffffff-2019-05,1
84278cbffffffff-2020-07,1
84278cbffffffff-2020-08,1
84278cbffffffff-2021-04,4
84278cbffffffff-2021-05,2
84278cbffffffff-2021-07,2
84278cbffffffff-2021-08,8
84278cbffffffff-2021-09,4
84278cbffffffff-2022-05,3
84278cbffffffff-2022-06,1
84278cbffffffff-2022-08,8
84278cbffffffff-2023-08,2
84278cdffffffff-2014-05,2
84278cdffffffff-2015-05,1
84278cdffffffff-2016-09,1
84278cdffffffff-2017-09,2
84278cdffffffff-2018-10,2
84278cdffffffff-2019-05,2
84278cdffffffff-2019-07,1
84278cdffffffff-2019-08,11
84278cdffffffff-2019-09,1
84278cdffffffff-2021-05,2
84278cdffffffff-2021-07,2
84278cdffffffff-2021-08,6
84278cdffffffff-2022-05,2
84278cdffffffff-2022-08,2
84278cdffffffff-2022-09,2
84278d1ffffffff-2014-04,2
84278d1ffffffff-2014-07,1
84278d1ffffffff-2014-08,2
84278d1ffffffff-2015-05,3
84278d1ffffffff-2016-07,1
84278d1ffffffff-2020-05,2
84278d1ffffffff-2021-05,3
84278d1ffffffff-2022-04,1
84278d1ffffffff-2022-06,3
84278d3ffffffff-2023-06,1
84278d5ffffffff-2012-07,2
84278d5ffffffff-2013-08,4
84278d5ffffffff-2016-07,1
84278d5ffffffff-2016-08,1
84278d5ffffffff-2016-09,2
84278d5ffffffff-2019-04,1
84278d5ffffffff-2019-09,2
84278d5ffffffff-2019-10,1
84278d5ffffffff-2020-07,5
84278d5ffffffff-2020-08,5
84278d5ffffffff-2020-09,10
84278d5ffffffff-2021-04,3
84278d5ffffffff-2021-05,8
84278d5ffffffff-2021-07,5
84278d5ffffffff-2021-08,10
84278d5ffffffff-2022-04,1
84278d5ffffffff-2022-05,1
84278d5ffffffff-2022-08,1
84278d5ffffffff-2022-09,4
84278d5ffffffff-2023-08,1
84278d7ffffffff-2017-07,1
84278d7ffffffff-2019-09,1
84278d9ffffffff-2013-09,3
84278d9ffffffff-2014-04,1
84278d9ffffffff-2014-05,1
84278d9ffffffff-2014-08,1
84278d9ffffffff-2015-05,2
84278d9ffffffff-2017-07,3
84278d9ffffffff-2020-05,4
84278d9ffffffff-2020-07,1
84278d9ffffffff-2021-05,4
84278d9ffffffff-2022-06,1
84278dbffffffff-2014-08,1
84278dbffffffff-2015-05,2
84278dbffffffff-2016-07,1
84278dbffffffff-2017-07,1
84278dbffffffff-2019-05,1
84278dbffffffff-2019-07,1
84278dbffffffff-2020-05,1
84278dbffffffff-2021-04,1
84278dbffffffff-2021-05,1
84278dbffffffff-2022-05,1
84278ddffffffff-2014-05,1
84278ddffffffff-2018-04,1
84278ddffffffff-2021-04,2
84278ddffffffff-2022-04,1
84278ddffffffff-2023-05,2
84278e3ffffffff-2019-07,2
84278e5ffffffff-2012-08,1
84278ebffffffff-2017-07,1
84278ebffffffff-2017-08,1
84278ebffffffff-2018-07,2
84278ebffffffff-2020-06,2
84278ebffffffff-2020-07,7
84278ebffffffff-2021-07,1
84278ebffffffff-2022-08,7
84278ebffffffff-2022-09,7
84278ebffffffff-2023-05,1
84278ebffffffff-2023-07,4
84278ebffffffff-2023-08,4
84278ebffffffff-2023-09,2
84278ebffffffff-2023-10,3
8427903ffffffff-2019-05,1
8427903ffffffff-2020-09,1
8427903ffffffff-2021-05,1
8427903ffffffff-2023-08,1
8427905ffffffff-2012-07,2
8427905ffffffff-2012-08,7
8427905ffffffff-2012-09,6
8427905ffffffff-2013-07,3
8427905ffffffff-2013-08,36
8427905ffffffff-2013-09,3
8427905ffffffff-2014-04,2
8427905ffffffff-2014-08,4
8427905ffffffff-2014-09,1
8427905ffffffff-2015-04,5
8427905ffffffff-2015-07,11
8427905ffffffff-2015-08,20
8427905ffffffff-2015-09,2
8427905ffffffff-2016-04,1
8427905ffffffff-2016-07,1
8427905ffffffff-2016-08,8
8427905ffffffff-2017-07,1
8427905ffffffff-2017-08,17
8427905ffffffff-2017-10,3
8427905ffffffff-2018-07,5
8427905ffffffff-2018-08,3
8427905ffffffff-2018-09,5
8427905ffffffff-2019-04,1
8427905ffffffff-2019-05,3
8427905ffffffff-2019-08,3
8427905ffffffff-2019-10,2
8427905ffffffff-2020-07,2
8427905ffffffff-2020-08,5
8427905ffffffff-2020-10,2
8427905ffffffff-2021-04,1
8427905ffffffff-2021-05,2
8427905ffffffff-2021-06,1
8427905ffffffff-2021-07,5
8427905ffffffff-2021-08,24
8427905ffffffff-2021-09,9
8427905ffffffff-2021-10,1
8427905ffffffff-2022-04,5
8427905ffffffff-2022-05,3
8427905ffffffff-2022-07,4
8427905ffffffff-2022-09,3
8427905ffffffff-2023-07,1
8427905ffffffff-2023-08,1
8427905ffffffff-2023-09,3
8427909ffffffff-2012-07,2
8427909ffffffff-2021-06,1
8427909ffffffff-2022-08,1
842790dffffffff-2020-09,1
8427911ffffffff-2020-08,1
8427911ffffffff-2021-06,1
8427911ffffffff-2021-07,2
8427911ffffffff-2021-08,1
8427911ffffffff-2022-08,3
8427911ffffffff-2022-09,1
8427911ffffffff-2023-05,1
8427911ffffffff-2023-08,4
8427913ffffffff-2012-07,1
8427913ffffffff-2013-05,2
8427913ffffffff-2015-08,2
8427913ffffffff-2016-08,2
8427913ffffffff-2016-09,1
8427913ffffffff-2017-08,1
8427913ffffffff-2019-06,1
8427913ffffffff-2019-08,1
8427913ffffffff-2019-09,1
8427913ffffffff-2020-07,4
8427913ffffffff-2020-09,1
8427913ffffffff-2022-06,1
8427913ffffffff-2023-07,2
8427915ffffffff-2019-09,1
8427919ffffffff-2019-04,2
8427919ffffffff-2021-07,1
8427919ffffffff-2021-09,3
8427919ffffffff-2022-07,2
842791bffffffff-2016-08,1
842791bffffffff-2017-09,3
842791bffffffff-2019-07,1
842791bffffffff-2019-09,1
842791bffffffff-2020-04,1
842791bffffffff-2021-04,6
842791bffffffff-2021-07,6
842791bffffffff-2021-08,2
842791bffffffff-2022-04,6
842791bffffffff-2022-07,1
842791bffffffff-2022-08,2
842791bffffffff-2023-07,5
842791bffffffff-2023-08,3
842791bffffffff-2023-09,1
842791dffffffff-2019-09,1
842791dffffffff-2020-04,1
842791dffffffff-2020-07,2
842791dffffffff-2020-08,1
8427921ffffffff-2017-08,1
8427927ffffffff-2012-04,1
8427927ffffffff-2012-08,7
8427927ffffffff-2012-09,3
8427927ffffffff-2013-08,2
8427927ffffffff-2013-10,1
8427927ffffffff-2014-07,1
8427927ffffffff-2014-08,8
8427927ffffffff-2014-09,1
8427927ffffffff-2015-07,4
8427927ffffffff-2015-08,11
8427927ffffffff-2015-09,3
8427927ffffffff-2016-05,1
8427927ffffffff-2016-08,2
8427927ffffffff-2016-09,1
8427927ffffffff-2017-08,25
8427927ffffffff-2017-09,12
8427927ffffffff-2018-07,2
8427927ffffffff-2018-08,11
8427927ffffffff-2018-09,3
8427927ffffffff-2018-10,2
8427927ffffffff-2019-04,5
8427927ffffffff-2019-05,14
8427927ffffffff-2019-08,21
8427927ffffffff-2019-09,1
8427927ffffffff-2019-10,6
8427927ffffffff-2020-04,9
8427927ffffffff-2020-05,3
8427927ffffffff-2020-07,6
8427927ffffffff-2020-08,44
8427927ffffffff-2020-09,14
8427927ffffffff-2020-10,1
8427927ffffffff-2021-04,6
8427927ffffffff-2021-05,10
8427927ffffffff-2021-07,3
8427927ffffffff-2021-08,15
8427927ffffffff-2021-09,6
8427927ffffffff-2022-05,6
8427927ffffffff-2022-07,5
8427927ffffffff-2022-08,68
8427927ffffffff-2022-09,12
8427927ffffffff-2022-10,1
8427927ffffffff-2023-04,8
8427927ffffffff-2023-05,5
8427927ffffffff-2023-07,9
8427927ffffffff-2023-08,34
8427927ffffffff-2023-09,16
8427929ffffffff-2015-09,1
8427929ffffffff-2016-09,1
8427929ffffffff-2017-07,2
8427929ffffffff-2017-08,4
8427929ffffffff-2017-09,1
8427929ffffffff-2017-10,1
8427929ffffffff-2019-09,2
8427929ffffffff-2020-08,2
8427929ffffffff-2021-08,1
8427929ffffffff-2022-08,5
8427931ffffffff-2012-07,1
8427931ffffffff-2018-04,1
8427931ffffffff-2019-08,1
8427931ffffffff-2020-05,1
8427931ffffffff-2020-08,6
8427931ffffffff-2023-05,2
8427937ffffffff-2012-07,4
8427937ffffffff-2012-08,6
8427937ffffffff-2012-09,1
8427937ffffffff-2012-10,1
8427937ffffffff-2013-05,4
8427937ffffffff-2013-08,2
8427937ffffffff-2014-08,6
8427937ffffffff-2015-04,6
8427937ffffffff-2015-05,4
8427937ffffffff-2015-07,5
8427937ffffffff-2015-08,4
8427937ffffffff-2016-04,4
8427937ffffffff-2016-05,1
8427937ffffffff-2016-07,4
8427937ffffffff-2016-08,12
8427937ffffffff-2017-07,1
8427937ffffffff-2017-08,19
8427937ffffffff-2017-09,1
8427937ffffffff-2018-04,3
8427937ffffffff-2018-07,2
8427937ffffffff-2018-08,5
8427937ffffffff-2018-09,2
8427937ffffffff-2019-05,1
8427937ffffffff-2019-08,2
8427937ffffffff-2019-09,1
8427937ffffffff-2020-05,3
8427937ffffffff-2020-08,11
8427937ffffffff-2020-09,1
8427937ffffffff-2021-04,1
8427937ffffffff-2021-05,2
8427937ffffffff-2021-06,1
8427937ffffffff-2021-07,3
8427937ffffffff-2021-08,10
8427937ffffffff-2021-09,1
8427937ffffffff-2022-04,3
8427937ffffffff-2022-05,1
8427937ffffffff-2022-08,3
8427937ffffffff-2023-07,1
8427937ffffffff-2023-08,6
8427937ffffffff-2023-09,1
842793bffffffff-2018-04,1
842793bffffffff-2021-08,1
842793bffffffff-2023-05,4
8427941ffffffff-2019-07,2
8427941ffffffff-2021-06,1
8427941ffffffff-2022-08,1
8427941ffffffff-2023-07,3
8427941ffffffff-2023-08,1
8427941ffffffff-2023-09,3
8427943ffffffff-2018-07,2
8427943ffffffff-2018-08,2
8427943ffffffff-2021-08,1
8427943ffffffff-2022-08,2
8427943ffffffff-2022-09,1
8427943ffffffff-2023-06,2
8427945ffffffff-2018-05,2
8427945ffffffff-2018-09,1
8427945ffffffff-2019-08,1
8427945ffffffff-2021-07,1
8427945ffffffff-2021-08,8
8427945ffffffff-2023-09,1
8427947ffffffff-2023-07,1
8427949ffffffff-2018-07,2
8427949ffffffff-2021-04,2
8427949ffffffff-2021-08,3
8427949ffffffff-2022-07,1
8427949ffffffff-2023-05,3
8427949ffffffff-2023-06,3
8427949ffffffff-2023-07,4
8427949ffffffff-2023-08,2
842794bffffffff-2016-08,4
842794bffffffff-2016-09,2
842794bffffffff-2017-08,1
842794bffffffff-2018-09,1
842794bffffffff-2019-06,1
842794bffffffff-2019-07,2
842794bffffffff-2019-09,2
842794bffffffff-2020-08,3
842794bffffffff-2020-09,2
842794bffffffff-2021-07,1
842794bffffffff-2021-08,1
842794bffffffff-2022-04,1
842794bffffffff-2022-07,4
842794bffffffff-2022-08,2
842794bffffffff-2023-07,2
842794bffffffff-2023-08,2
842794bffffffff-2023-09,2
8427955ffffffff-2019-06,1
8427955ffffffff-2023-06,1
8427957ffffffff-2016-09,1
8427957ffffffff-2017-06,1
8427957ffffffff-2021-08,2
8427957ffffffff-2022-08,1
8427959ffffffff-2018-09,1
8427959ffffffff-2021-07,1
842795bffffffff-2021-09,1
842795bffffffff-2023-09,3
842795dffffffff-2016-08,1
842795dffffffff-2018-08,1
842795dffffffff-2022-09,1
842795dffffffff-2023-07,1
842795dffffffff-2023-08,2
8427961ffffffff-2023-08,1
8427963ffffffff-2012-06,2
8427963ffffffff-2012-07,5
8427963ffffffff-2012-08,4
8427963ffffffff-2013-09,1
8427963ffffffff-2014-05,2
8427963ffffffff-2014-08,3
8427963ffffffff-2015-04,1
8427963ffffffff-2015-05,1
8427963ffffffff-2015-07,1
8427963ffffffff-2016-05,2
8427963ffffffff-2016-07,7
8427963ffffffff-2016-08,2
8427963ffffffff-2016-10,1
8427963ffffffff-2017-04,5
8427963ffffffff-2017-05,3
8427963ffffffff-2017-06,2
8427963ffffffff-2017-07,9
8427963ffffffff-2017-08,10
8427963ffffffff-2018-04,1
8427963ffffffff-2018-05,3
8427963ffffffff-2018-07,2
8427963ffffffff-2018-08,4
8427963ffffffff-2018-09,2
8427963ffffffff-2018-10,2
8427963ffffffff-2019-04,1
8427963ffffffff-2019-05,1
8427963ffffffff-2019-07,13
8427963ffffffff-2019-08,11
8427963ffffffff-2019-09,6
8427963ffffffff-2020-08,4
8427963ffffffff-2020-09,2
8427963ffffffff-2021-06,10
8427963ffffffff-2021-07,3
8427963ffffffff-2021-08,6
8427963ffffffff-2021-09,1
8427963ffffffff-2022-04,1
8427963ffffffff-2022-05,2
8427963ffffffff-2022-06,3
8427963ffffffff-2022-07,37
8427963ffffffff-2022-08,37
8427963ffffffff-2023-06,1
8427963ffffffff-2023-07,1
8427963ffffffff-2023-08,2
8427963ffffffff-2023-09,1
8427965ffffffff-2013-07,1
8427965ffffffff-2015-07,1
8427965ffffffff-2015-08,2
8427965ffffffff-2015-09,1
8427965ffffffff-2016-07,1
8427965ffffffff-2016-08,2
8427965ffffffff-2021-08,1
8427965ffffffff-2022-08,1
8427967ffffffff-2012-06,3
8427967ffffffff-2012-07,4
8427967ffffffff-2012-09,2
8427967ffffffff-2012-10,2
8427967ffffffff-2013-05,2
8427967ffffffff-2013-06,5
8427967ffffffff-2013-09,1
8427967ffffffff-2014-05,1
8427967ffffffff-2014-07,2
8427967ffffffff-2014-08,8
8427967ffffffff-2014-09,1
8427967ffffffff-2014-10,2
8427967ffffffff-2015-07,5
8427967ffffffff-2015-08,1
8427967ffffffff-2015-09,4
8427967ffffffff-2015-10,3
8427967ffffffff-2016-04,1
8427967ffffffff-2016-05,2
8427967ffffffff-2016-06,1
8427967ffffffff-2016-07,8
8427967ffffffff-2016-08,3
8427967ffffffff-2017-06,1
8427967ffffffff-2017-07,5
8427967ffffffff-2017-08,7
8427967ffffffff-2017-09,1
8427967ffffffff-2018-04,2
8427967ffffffff-2018-08,1
8427967ffffffff-2018-09,1
8427967ffffffff-2019-07,6
8427967ffffffff-2019-08,6
8427967ffffffff-2019-09,11
8427967ffffffff-2020-07,11
8427967ffffffff-2020-08,10
8427967ffffffff-2020-09,6
8427967ffffffff-2020-10,1
8427967ffffffff-2021-06,5
8427967ffffffff-2021-07,3
8427967ffffffff-2021-08,1
8427967ffffffff-2021-09,7
8427967ffffffff-2021-10,1
8427967ffffffff-2022-04,4
8427967ffffffff-2022-05,5
8427967ffffffff-2022-07,2
8427967ffffffff-2022-08,27
8427967ffffffff-2022-09,4
8427967ffffffff-2022-10,4
8427967ffffffff-2023-04,2
8427967ffffffff-2023-05,1
8427967ffffffff-2023-06,6
8427967ffffffff-2023-07,29
8427967ffffffff-2023-08,10
8427967ffffffff-2023-09,3
8427969ffffffff-2016-05,1
8427969ffffffff-2016-08,4
8427969ffffffff-2016-09,1
8427969ffffffff-2017-04,4
8427969ffffffff-2017-05,1
8427969ffffffff-2017-08,2
8427969ffffffff-2018-07,1
8427969ffffffff-2018-08,5
8427969ffffffff-2018-10,2
8427969ffffffff-2019-04,4
8427969ffffffff-2019-08,2
8427969ffffffff-2020-08,2
8427969ffffffff-2021-05,1
8427969ffffffff-2021-08,1
8427969ffffffff-2022-05,1
8427969ffffffff-2023-08,1
842796bffffffff-2021-07,2
842796dffffffff-2016-07,5
842796dffffffff-2019-08,2
842796dffffffff-2020-09,1
842796dffffffff-2021-07,2
842796dffffffff-2022-10,1
842796dffffffff-2023-09,1
8427981ffffffff-2018-04,1
8427981ffffffff-2020-08,1
8427987ffffffff-2013-09,1
8427987ffffffff-2021-04,1
8427987ffffffff-2022-08,3
8427987ffffffff-2023-08,1
8427989ffffffff-2019-04,1
8427989ffffffff-2023-05,1
842798bffffffff-2023-04,1
842798dffffffff-2015-07,1
842798dffffffff-2018-04,1
842798dffffffff-2019-04,2
842798dffffffff-2020-04,2
842798dffffffff-2021-08,1
842798dffffffff-2022-04,1
8427993ffffffff-2014-04,1
8427993ffffffff-2021-05,1
8427995ffffffff-2022-04,1
8427997ffffffff-2014-04,1
8427997ffffffff-2017-07,2
8427997ffffffff-2017-08,1
8427997ffffffff-2018-05,4
8427997ffffffff-2018-07,4
8427997ffffffff-2018-08,3
8427997ffffffff-2018-09,2
8427997ffffffff-2019-05,2
8427997ffffffff-2020-04,1
8427997ffffffff-2020-05,1
8427997ffffffff-2020-09,2
8427997ffffffff-2020-10,2
8427997ffffffff-2021-05,1
8427997ffffffff-2022-08,2
8427997ffffffff-2022-09,2
8427997ffffffff-2022-10,1
8427997ffffffff-2023-05,1
8427997ffffffff-2023-08,1
842799bffffffff-2021-05,1
842799dffffffff-2018-08,1
842799dffffffff-2023-08,3
842799dffffffff-2023-09,4
84279a1ffffffff-2017-04,1
84279a3ffffffff-2013-08,1
84279a3ffffffff-2015-05,1
84279a3ffffffff-2015-08,1
84279a3ffffffff-2016-08,2
84279a3ffffffff-2016-09,1
84279a3ffffffff-2017-04,1
84279a3ffffffff-2017-08,3
84279a3ffffffff-2018-08,2
84279a3ffffffff-2018-09,1
84279a3ffffffff-2019-08,3
84279a3ffffffff-2019-09,1
84279a3ffffffff-2020-09,1
84279a3ffffffff-2021-05,1
84279a3ffffffff-2021-08,1
84279a3ffffffff-2021-09,4
84279a3ffffffff-2022-07,2
84279a3ffffffff-2022-08,10
84279a3ffffffff-2022-09,4
84279a3ffffffff-2023-04,3
84279a3ffffffff-2023-07,1
84279a3ffffffff-2023-08,7
84279a3ffffffff-2023-09,2
84279a9ffffffff-2014-09,1
84279a9ffffffff-2016-07,1
84279a9ffffffff-2020-08,1
84279a9ffffffff-2021-08,2
84279a9ffffffff-2022-08,3
84279a9ffffffff-2022-09,1
84279a9ffffffff-2023-08,4
84279a9ffffffff-2023-09,1
84279abffffffff-2018-05,6
84279abffffffff-2020-07,2
84279abffffffff-2021-08,1
84279abffffffff-2023-07,1
84279abffffffff-2023-08,3
84279abffffffff-2023-09,1
84279b1ffffffff-2017-08,1
84279b1ffffffff-2021-09,1
84279b3ffffffff-2017-04,1
84279b3ffffffff-2018-08,1
84279b3ffffffff-2021-09,1
84279b7ffffffff-2020-08,1
84279bdffffffff-2018-04,1
84279bdffffffff-2023-08,1
84279c1ffffffff-2020-08,1
84279c3ffffffff-2023-07,1
84279c5ffffffff-2016-09,2
84279c5ffffffff-2018-08,5
84279c5ffffffff-2018-09,1
84279c5ffffffff-2019-07,1
84279c5ffffffff-2019-08,1
84279c5ffffffff-2020-08,2
84279c7ffffffff-2022-09,2
84279c9ffffffff-2022-08,1
84279cbffffffff-2017-08,1
84279cbffffffff-2020-08,1
84279cbffffffff-2021-08,1
84279cbffffffff-2022-05,1
84279cbffffffff-2023-07,1
84279cdffffffff-2021-08,1
84279d9ffffffff-2021-09,1
84279d9ffffffff-2022-08,1
84279ddffffffff-2017-04,2
84279ddffffffff-2019-07,1
84279ddffffffff-2019-08,2
84279ddffffffff-2020-08,1
84279ddffffffff-2022-05,1
84279ddffffffff-2022-08,1
84279e1ffffffff-2015-07,2
84279e1ffffffff-2015-10,1
84279e1ffffffff-2016-06,2
84279e1ffffffff-2016-09,1
84279e1ffffffff-2017-08,1
84279e1ffffffff-2018-05,1
84279e1ffffffff-2018-07,1
84279e1ffffffff-2018-08,5
84279e1ffffffff-2019-07,1
84279e1ffffffff-2019-08,2
84279e1ffffffff-2020-04,4
84279e1ffffffff-2020-07,2
84279e1ffffffff-2020-08,4
84279e1ffffffff-2021-04,1
84279e1ffffffff-2021-05,1
84279e1ffffffff-2021-06,2
84279e1ffffffff-2021-07,3
84279e1ffffffff-2021-08,6
84279e1ffffffff-2022-04,1
84279e1ffffffff-2022-05,1
84279e1ffffffff-2022-06,1
84279e1ffffffff-2022-07,6
84279e1ffffffff-2022-08,9
84279e1ffffffff-2022-09,2
84279e1ffffffff-2022-10,2
84279e1ffffffff-2023-04,8
84279e1ffffffff-2023-05,11
84279e1ffffffff-2023-07,1
84279e1ffffffff-2023-08,9
84279e1ffffffff-2023-09,4
84279e1ffffffff-2023-10,2
84279e3ffffffff-2015-04,3
84279e3ffffffff-2015-05,1
84279e3ffffffff-2015-08,2
84279e3ffffffff-2015-09,4
84279e3ffffffff-2016-04,1
84279e3ffffffff-2016-05,1
84279e3ffffffff-2016-07,1
84279e3ffffffff-2016-08,1
84279e3ffffffff-2016-09,1
84279e3ffffffff-2017-04,2
84279e3ffffffff-2018-04,4
84279e3ffffffff-2018-08,3
84279e3ffffffff-2018-09,1
84279e3ffffffff-2019-08,1
84279e3ffffffff-2020-04,6
84279e3ffffffff-2020-07,1
84279e3ffffffff-2020-09,1
84279e3ffffffff-2021-04,7
84279e3ffffffff-2021-05,1
84279e3ffffffff-2021-08,2
84279e3ffffffff-2021-09,3
84279e3ffffffff-2022-04,12
84279e3ffffffff-2022-05,15
84279e3ffffffff-2022-08,6
84279e3ffffffff-2023-04,19
84279e3ffffffff-2023-05,3
84279e3ffffffff-2023-08,4
84279e3ffffffff-2023-09,3
84279e3ffffffff-2023-10,3
84279e5ffffffff-2016-08,1
84279e5ffffffff-2021-05,1
84279e9ffffffff-2015-06,2
84279e9ffffffff-2017-07,1
84279e9ffffffff-2018-08,1
84279e9ffffffff-2018-09,5
84279e9ffffffff-2019-07,4
84279e9ffffffff-2019-08,12
84279e9ffffffff-2020-05,1
84279e9ffffffff-2023-08,3
84279ebffffffff-2012-04,1
84279ebffffffff-2014-09,2
84279ebffffffff-2015-06,4
84279ebffffffff-2015-07,2
84279ebffffffff-2015-08,1
84279ebffffffff-2015-09,5
84279ebffffffff-2016-07,1
84279ebffffffff-2016-08,10
84279ebffffffff-2016-09,5
84279ebffffffff-2017-04,7
84279ebffffffff-2017-07,3
84279ebffffffff-2017-08,18
84279ebffffffff-2017-09,3
84279ebffffffff-2018-04,1
84279ebffffffff-2018-05,9
84279ebffffffff-2018-06,1
84279ebffffffff-2018-07,3
84279ebffffffff-2018-08,1
84279ebffffffff-2018-09,1
84279ebffffffff-2019-05,1
84279ebffffffff-2019-07,4
84279ebffffffff-2019-08,3
84279ebffffffff-2019-09,1
84279ebffffffff-2020-04,4
84279ebffffffff-2020-05,3
84279ebffffffff-2020-06,3
84279ebffffffff-2020-07,5
84279ebffffffff-2020-08,3
84279ebffffffff-2021-04,1
84279ebffffffff-2021-05,2
84279ebffffffff-2021-07,5
84279ebffffffff-2021-08,10
84279ebffffffff-2021-09,1
84279ebffffffff-2022-04,5
84279ebffffffff-2022-06,16
84279ebffffffff-2022-07,5
84279ebffffffff-2022-08,6
84279ebffffffff-2022-09,1
84279ebffffffff-2023-04,1
84279ebffffffff-2023-05,3
84279ebffffffff-2023-07,1
84279ebffffffff-2023-08,12
84279ebffffffff-2023-09,2
8427a01ffffffff-2012-07,1
8427a01ffffffff-2012-08,1
8427a01ffffffff-2013-04,1
8427a01ffffffff-2013-05,1
8427a01ffffffff-2013-07,3
8427a01ffffffff-2013-08,1
8427a01ffffffff-2014-05,1
8427a01ffffffff-2014-07,1
8427a01ffffffff-2014-08,1
8427a01ffffffff-2015-04,4
8427a01ffffffff-2015-05,3
8427a01ffffffff-2015-06,1
8427a01ffffffff-2015-07,2
8427a01ffffffff-2015-09,1
8427a01ffffffff-2016-04,1
8427a01ffffffff-2016-05,1
8427a01ffffffff-2016-06,2
8427a01ffffffff-2016-07,4
8427a01ffffffff-2016-08,1
8427a01ffffffff-2016-09,2
8427a01ffffffff-2016-10,2
8427a01ffffffff-2017-05,4
8427a01ffffffff-2017-06,7
8427a01ffffffff-2017-07,3
8427a01ffffffff-2017-08,3
8427a01ffffffff-2018-04,4
8427a01ffffffff-2018-05,1
8427a01ffffffff-2018-06,4
8427a01ffffffff-2018-07,11
8427a01ffffffff-2018-08,6
8427a01ffffffff-2018-09,1
8427a01ffffffff-2019-04,2
8427a01ffffffff-2019-05,4
8427a01ffffffff-2019-06,2
8427a01ffffffff-2019-07,4
8427a01ffffffff-2019-08,2
8427a01ffffffff-2020-05,5
8427a01ffffffff-2020-06,3
8427a01ffffffff-2020-07,4
8427a01ffffffff-2020-08,2
8427a01ffffffff-2020-09,2
8427a01ffffffff-2021-05,4
8427a01ffffffff-2021-08,13
8427a01ffffffff-2021-09,8
8427a01ffffffff-2022-04,3
8427a01ffffffff-2022-05,4
8427a01ffffffff-2022-07,1
8427a01ffffffff-2022-08,6
8427a01ffffffff-2022-09,7
8427a01ffffffff-2023-04,2
8427a01ffffffff-2023-05,4
8427a01ffffffff-2023-06,1
8427a01ffffffff-2023-07,8
8427a01ffffffff-2023-08,7
8427a01ffffffff-2023-09,4
8427a01ffffffff-2023-10,2
8427a03ffffffff-2012-04,2
8427a03ffffffff-2012-05,6
8427a03ffffffff-2012-07,3
8427a03ffffffff-2012-09,1
8427a03ffffffff-2012-10,1
8427a03ffffffff-2013-04,3
8427a03ffffffff-2013-05,8
8427a03ffffffff-2013-07,2
8427a03ffffffff-2013-08,6
8427a03ffffffff-2013-09,3
8427a03ffffffff-2013-10,1
8427a03ffffffff-2014-05,3
8427a03ffffffff-2014-07,5
8427a03ffffffff-2014-08,15
8427a03ffffffff-2014-09,3
8427a03ffffffff-2015-04,5
8427a03ffffffff-2015-05,7
8427a03ffffffff-2015-06,2
8427a03ffffffff-2015-07,7
8427a03ffffffff-2015-08,1
8427a03ffffffff-2015-09,2
8427a03ffffffff-2015-10,2
8427a03ffffffff-2016-04,11
8427a03ffffffff-2016-05,6
8427a03ffffffff-2016-07,7
8427a03ffffffff-2016-08,2
8427a03ffffffff-2017-04,3
8427a03ffffffff-2017-05,2
8427a03ffffffff-2017-06,1
8427a03ffffffff-2017-07,1
8427a03ffffffff-2017-08,6
8427a03ffffffff-2017-09,3
8427a03ffffffff-2018-05,1
8427a03ffffffff-2018-07,3
8427a03ffffffff-2018-08,2
8427a03ffffffff-2018-09,24
8427a03ffffffff-2018-10,1
8427a03ffffffff-2019-05,4
8427a03ffffffff-2019-08,3
8427a03ffffffff-2019-09,1
8427a03ffffffff-2020-04,2
8427a03ffffffff-2020-05,8
8427a03ffffffff-2020-07,1
8427a03ffffffff-2020-08,7
8427a03ffffffff-2020-09,12
8427a03ffffffff-2020-10,8
8427a03ffffffff-2021-05,13
8427a03ffffffff-2021-07,4
8427a03ffffffff-2021-08,12
8427a03ffffffff-2021-09,10
8427a03ffffffff-2021-10,4
8427a03ffffffff-2022-04,3
8427a03ffffffff-2022-05,2
8427a03ffffffff-2022-07,2
8427a03ffffffff-2022-08,39
8427a03ffffffff-2022-09,22
8427a03ffffffff-2022-10,3
8427a03ffffffff-2023-05,8
8427a03ffffffff-2023-06,2
8427a03ffffffff-2023-07,2
8427a03ffffffff-2023-08,10
8427a03ffffffff-2023-09,9
8427a03ffffffff-2023-10,1
8427a05ffffffff-2015-05,2
8427a05ffffffff-2015-07,2
8427a05ffffffff-2016-04,2
8427a05ffffffff-2016-06,1
8427a05ffffffff-2016-07,1
8427a05ffffffff-2017-04,3
8427a05ffffffff-2017-05,9
8427a05ffffffff-2017-07,5
8427a05ffffffff-2017-08,1
8427a05ffffffff-2017-09,1
8427a05ffffffff-2018-05,2
8427a05ffffffff-2018-06,2
8427a05ffffffff-2018-07,5
8427a05ffffffff-2018-09,1
8427a05ffffffff-2019-04,1
8427a05ffffffff-2019-05,2
8427a05ffffffff-2019-06,3
8427a05ffffffff-2019-07,6
8427a05ffffffff-2019-08,2
8427a05ffffffff-2019-09,1
8427a05ffffffff-2020-04,3
8427a05ffffffff-2020-05,8
8427a05ffffffff-2020-06,5
8427a05ffffffff-2020-07,9
8427a05ffffffff-2020-08,4
8427a05ffffffff-2020-09,2
8427a05ffffffff-2021-04,6
8427a05ffffffff-2021-05,4
8427a05ffffffff-2021-07,2
8427a05ffffffff-2021-08,3
8427a05ffffffff-2021-09,2
8427a05ffffffff-2021-10,2
8427a05ffffffff-2022-04,1
8427a05ffffffff-2022-06,1
8427a05ffffffff-2022-07,4
8427a05ffffffff-2022-08,1
8427a05ffffffff-2022-10,1
8427a05ffffffff-2023-05,1
8427a05ffffffff-2023-07,7
8427a05ffffffff-2023-08,5
8427a05ffffffff-2023-09,2
8427a07ffffffff-2013-08,2
8427a07ffffffff-2014-06,4
8427a07ffffffff-2015-07,4
8427a07ffffffff-2015-09,1
8427a07ffffffff-2017-06,2
8427a07ffffffff-2017-08,1
8427a07ffffffff-2018-06,2
8427a07ffffffff-2018-07,2
8427a07ffffffff-2019-06,1
8427a07ffffffff-2019-07,2
8427a07ffffffff-2022-04,1
8427a07ffffffff-2023-05,2
8427a07ffffffff-2023-07,2
8427a07ffffffff-2023-08,1
8427a07ffffffff-2023-10,1
8427a09ffffffff-2012-04,1
8427a09ffffffff-2012-05,1
8427a09ffffffff-2012-07,1
8427a09ffffffff-2012-08,1
8427a09ffffffff-2013-09,1
8427a09ffffffff-2015-05,1
8427a09ffffffff-2015-07,2
8427a09ffffffff-2016-05,1
8427a09ffffffff-2016-06,4
8427a09ffffffff-2016-07,1
8427a09ffffffff-2016-08,3
8427a09ffffffff-2017-04,3
8427a09ffffffff-2017-05,3
8427a09ffffffff-2017-07,3
8427a09ffffffff-2018-05,1
8427a09ffffffff-2018-06,3
8427a09ffffffff-2018-07,6
8427a09ffffffff-2018-08,5
8427a09ffffffff-2019-05,1
8427a09ffffffff-2019-06,1
8427a09ffffffff-2019-07,4
8427a09ffffffff-2019-08,2
8427a09ffffffff-2020-05,2
8427a09ffffffff-2020-08,1
8427a09ffffffff-2020-09,1
8427a09ffffffff-2021-04,1
8427a09ffffffff-2021-05,4
8427a09ffffffff-2021-07,5
8427a09ffffffff-2022-07,1
8427a09ffffffff-2022-08,2
8427a09ffffffff-2023-07,3
8427a0bffffffff-2013-04,2
8427a0bffffffff-2014-04,2
8427a0bffffffff-2014-05,4
8427a0bffffffff-2014-07,2
8427a0bffffffff-2014-08,1
8427a0bffffffff-2015-05,3
8427a0bffffffff-2015-07,1
8427a0bffffffff-2016-04,4
8427a0bffffffff-2016-05,2
8427a0bffffffff-2016-07,2
8427a0bffffffff-2017-05,1
8427a0bffffffff-2017-06,1
8427a0bffffffff-2017-07,4
8427a0bffffffff-2017-08,1
8427a0bffffffff-2018-04,3
8427a0bffffffff-2018-05,5
8427a0bffffffff-2018-06,1
8427a0bffffffff-2018-07,3
8427a0bffffffff-2018-08,1
8427a0bffffffff-2018-09,1
8427a0bffffffff-2019-05,2
8427a0bffffffff-2019-07,2
8427a0bffffffff-2020-04,2
8427a0bffffffff-2020-05,1
8427a0bffffffff-2020-08,2
8427a0bffffffff-2021-04,13
8427a0bffffffff-2021-05,30
8427a0bffffffff-2021-07,6
8427a0bffffffff-2021-08,2
8427a0bffffffff-2022-04,2
8427a0bffffffff-2022-05,5
8427a0bffffffff-2022-07,4
8427a0bffffffff-2022-08,6
8427a0bffffffff-2022-09,6
8427a0bffffffff-2022-10,1
8427a0bffffffff-2023-04,1
8427a0bffffffff-2023-05,5
8427a0bffffffff-2023-06,1
8427a0bffffffff-2023-07,7
8427a0bffffffff-2023-08,10
8427a0bffffffff-2023-09,1
8427a0dffffffff-2015-07,1
8427a0dffffffff-2016-07,1
8427a0dffffffff-2017-07,4
8427a0dffffffff-2018-07,4
8427a0dffffffff-2019-06,1
8427a0dffffffff-2019-07,1
8427a0dffffffff-2020-05,1
8427a0dffffffff-2022-07,2
8427a0dffffffff-2022-10,1
8427a0dffffffff-2023-05,3
8427a0dffffffff-2023-07,5
8427a13ffffffff-2012-08,1
8427a13ffffffff-2015-05,1
8427a13ffffffff-2017-07,7
8427a13ffffffff-2017-08,1
8427a13ffffffff-2018-05,2
8427a13ffffffff-2019-07,1
8427a13ffffffff-2020-08,1
8427a13ffffffff-2023-08,1
8427a15ffffffff-2012-05,1
8427a15ffffffff-2012-06,1
8427a15ffffffff-2012-07,2
8427a15ffffffff-2012-08,1
8427a15ffffffff-2018-07,2
8427a15ffffffff-2019-05,2
8427a15ffffffff-2023-06,2
8427a15ffffffff-2023-07,1
8427a17ffffffff-2013-05,1
8427a17ffffffff-2018-05,1
8427a17ffffffff-2021-06,1
8427a19ffffffff-2019-07,1
8427a19ffffffff-2021-07,1
8427a19ffffffff-2023-08,2
8427a1bffffffff-2019-05,1
8427a1bffffffff-2022-07,1
8427a1bffffffff-2023-07,1
8427a1dffffffff-2016-08,2
8427a1dffffffff-2017-06,1
8427a1dffffffff-2017-07,3
8427a1dffffffff-2018-05,1
8427a1dffffffff-2018-08,1
8427a1dffffffff-2019-05,2
8427a1dffffffff-2019-07,1
8427a1dffffffff-2020-06,2
8427a1dffffffff-2020-08,4
8427a1dffffffff-2020-10,7
8427a1dffffffff-2021-04,2
8427a1dffffffff-2021-05,3
8427a1dffffffff-2021-07,1
8427a1dffffffff-2021-08,1
8427a1dffffffff-2021-09,1
8427a1dffffffff-2021-10,1
8427a1dffffffff-2022-06,2
8427a1dffffffff-2022-09,8
8427a1dffffffff-2023-07,15
8427a1dffffffff-2023-09,3
8427a21ffffffff-2019-06,1
8427a21ffffffff-2019-09,1
8427a21ffffffff-2020-07,2
8427a21ffffffff-2021-08,2
8427a21ffffffff-2023-08,3
8427a23ffffffff-2013-07,1
8427a23ffffffff-2015-07,1
8427a23ffffffff-2016-07,1
8427a23ffffffff-2017-08,2
8427a23ffffffff-2019-07,1
8427a23ffffffff-2020-08,2
8427a25ffffffff-2016-07,1
8427a25ffffffff-2018-07,4
8427a25ffffffff-2021-08,2
8427a25ffffffff-2021-09,1
8427a27ffffffff-2017-05,2
8427a27ffffffff-2019-06,1
8427a27ffffffff-2020-06,1
8427a27ffffffff-2020-07,1
8427a27ffffffff-2021-08,1
8427a27ffffffff-2023-08,1
8427a29ffffffff-2012-07,1
8427a29ffffffff-2014-07,1
8427a29ffffffff-2015-07,1
8427a29ffffffff-2016-07,1
8427a29ffffffff-2017-07,1
8427a29ffffffff-2018-06,2
8427a29ffffffff-2018-07,2
8427a29ffffffff-2019-07,5
8427a29ffffffff-2020-07,1
8427a29ffffffff-2021-05,1
8427a29ffffffff-2021-07,3
8427a29ffffffff-2021-08,2
8427a29ffffffff-2021-09,2
8427a29ffffffff-2023-04,1
8427a29ffffffff-2023-05,2
8427a29ffffffff-2023-06,2
8427a29ffffffff-2023-07,5
8427a29ffffffff-2023-08,3
8427a29ffffffff-2023-09,1
8427a2bffffffff-2013-05,1
8427a2bffffffff-2013-07,2
8427a2bffffffff-2013-08,1
8427a2bffffffff-2017-06,1
8427a2bffffffff-2018-05,1
8427a2bffffffff-2018-06,1
8427a2bffffffff-2018-07,14
8427a2bffffffff-2018-08,2
8427a2bffffffff-2019-06,1
8427a2bffffffff-2019-07,2
8427a2bffffffff-2020-07,1
8427a2bffffffff-2020-08,1
8427a2bffffffff-2021-08,1
8427a2bffffffff-2022-05,1
8427a2bffffffff-2022-07,2
8427a2bffffffff-2023-06,2
8427a2bffffffff-2023-07,2
8427a2bffffffff-2023-08,1
8427a2bffffffff-2023-09,1
8427a2dffffffff-2012-06,2
8427a2dffffffff-2012-07,2
8427a2dffffffff-2012-08,10
8427a2dffffffff-2012-09,3
8427a2dffffffff-2013-05,6
8427a2dffffffff-2013-06,1
8427a2dffffffff-2013-07,6
8427a2dffffffff-2013-08,6
8427a2dffffffff-2014-08,2
8427a2dffffffff-2015-05,1
8427a2dffffffff-2015-07,11
8427a2dffffffff-2015-08,6
8427a2dffffffff-2015-09,1
8427a2dffffffff-2015-10,1
8427a2dffffffff-2016-04,1
8427a2dffffffff-2016-05,2
8427a2dffffffff-2016-07,20
8427a2dffffffff-2016-08,6
8427a2dffffffff-2016-09,5
8427a2dffffffff-2017-04,4
8427a2dffffffff-2017-05,5
8427a2dffffffff-2017-06,4
8427a2dffffffff-2017-07,2
8427a2dffffffff-2017-08,3
8427a2dffffffff-2017-09,3
8427a2dffffffff-2018-05,4
8427a2dffffffff-2018-06,3
8427a2dffffffff-2018-07,21
8427a2dffffffff-2018-08,13
8427a2dffffffff-2018-09,6
8427a2dffffffff-2019-04,8
8427a2dffffffff-2019-05,10
8427a2dffffffff-2019-06,1
8427a2dffffffff-2019-07,22
8427a2dffffffff-2019-08,17
8427a2dffffffff-2019-09,1
8427a2dffffffff-2020-04,2
8427a2dffffffff-2020-05,3
8427a2dffffffff-2020-06,2
8427a2dffffffff-2020-07,20
8427a2dffffffff-2020-08,3
8427a2dffffffff-2020-09,1
8427a2dffffffff-2020-10,2
8427a2dffffffff-2021-04,1
8427a2dffffffff-2021-05,13
8427a2dffffffff-2021-07,3
8427a2dffffffff-2021-08,6
8427a2dffffffff-2022-05,2
8427a2dffffffff-2022-07,34
8427a2dffffffff-2022-08,23
8427a2dffffffff-2022-09,11
8427a2dffffffff-2022-10,3
8427a2dffffffff-2023-04,1
8427a2dffffffff-2023-05,29
8427a2dffffffff-2023-06,5
8427a2dffffffff-2023-07,20
8427a2dffffffff-2023-08,32
8427a2dffffffff-2023-09,5
8427a31ffffffff-2012-07,1
8427a31ffffffff-2015-07,2
8427a31ffffffff-2016-07,2
8427a31ffffffff-2017-06,2
8427a31ffffffff-2017-07,2
8427a31ffffffff-2018-06,2
8427a31ffffffff-2018-07,1
8427a31ffffffff-2018-08,1
8427a31ffffffff-2019-07,6
8427a31ffffffff-2020-04,4
8427a31ffffffff-2020-06,7
8427a31ffffffff-2020-07,5
8427a31ffffffff-2020-08,3
8427a31ffffffff-2021-06,1
8427a31ffffffff-2021-07,6
8427a31ffffffff-2022-07,2
8427a31ffffffff-2023-07,2
8427a31ffffffff-2023-08,2
8427a33ffffffff-2017-07,1
8427a33ffffffff-2019-07,4
8427a33ffffffff-2020-04,2
8427a33ffffffff-2020-07,3
8427a33ffffffff-2021-06,1
8427a33ffffffff-2021-07,1
8427a33ffffffff-2023-07,6
8427a33ffffffff-2023-08,1
8427a33ffffffff-2023-09,1
8427a35ffffffff-2018-06,1
8427a35ffffffff-2020-06,3
8427a35ffffffff-2020-07,1
8427a35ffffffff-2021-05,1
8427a35ffffffff-2023-08,1
8427a37ffffffff-2018-08,1
8427a37ffffffff-2020-07,1
8427a39ffffffff-2015-07,1
8427a39ffffffff-2017-05,2
8427a39ffffffff-2018-04,1
8427a39ffffffff-2019-07,5
8427a39ffffffff-2021-05,3
8427a39ffffffff-2023-05,2
8427a39ffffffff-2023-07,1
8427a39ffffffff-2023-08,1
8427a3bffffffff-2018-08,1
8427a3bffffffff-2019-07,1
8427a3bffffffff-2020-07,3
8427a3bffffffff-2021-07,2
8427a3bffffffff-2022-09,1
8427a3dffffffff-2015-08,4
8427a3dffffffff-2016-06,1
8427a3dffffffff-2018-07,1
8427a3dffffffff-2019-07,4
8427a3dffffffff-2020-06,6
8427a3dffffffff-2020-07,13
8427a3dffffffff-2020-08,1
8427a3dffffffff-2021-06,1
8427a3dffffffff-2021-09,1
8427a3dffffffff-2022-06,1
8427a3dffffffff-2022-07,1
8427a3dffffffff-2023-08,1
8427a41ffffffff-2012-05,1
8427a41ffffffff-2015-07,1
8427a41ffffffff-2018-06,1
8427a41ffffffff-2018-07,1
8427a41ffffffff-2018-08,2
8427a41ffffffff-2018-09,1
8427a41ffffffff-2019-06,1
8427a41ffffffff-2019-08,1
8427a41ffffffff-2020-06,3
8427a41ffffffff-2020-10,1
8427a41ffffffff-2021-08,1
8427a41ffffffff-2022-05,1
8427a41ffffffff-2022-08,1
8427a41ffffffff-2023-07,3
8427a41ffffffff-2023-08,2
8427a43ffffffff-2017-07,3
8427a43ffffffff-2017-09,3
8427a43ffffffff-2018-07,2
8427a43ffffffff-2019-06,2
8427a43ffffffff-2020-07,3
8427a43ffffffff-2020-08,6
8427a45ffffffff-2012-08,1
8427a45ffffffff-2016-04,1
8427a45ffffffff-2018-06,1
8427a45ffffffff-2019-05,1
8427a45ffffffff-2019-06,3
8427a45ffffffff-2021-05,1
8427a45ffffffff-2021-07,2
8427a45ffffffff-2022-08,4
8427a45ffffffff-2022-09,8
8427a45ffffffff-2022-10,3
8427a45ffffffff-2023-05,1
8427a45ffffffff-2023-07,6
8427a45ffffffff-2023-08,12
8427a45ffffffff-2023-09,1
8427a45ffffffff-2023-10,2
8427a47ffffffff-2012-05,1
8427a47ffffffff-2012-08,2
8427a47ffffffff-2012-09,1
8427a47ffffffff-2012-10,2
8427a47ffffffff-2013-05,2
8427a47ffffffff-2013-07,1
8427a47ffffffff-2013-08,3
8427a47ffffffff-2013-09,1
8427a47ffffffff-2014-07,1
8427a47ffffffff-2014-08,1
8427a47ffffffff-2014-10,1
8427a47ffffffff-2015-05,2
8427a47ffffffff-2015-08,1
8427a47ffffffff-2015-09,2
8427a47ffffffff-2016-07,1
8427a47ffffffff-2017-05,4
8427a47ffffffff-2017-06,1
8427a47ffffffff-2017-07,4
8427a47ffffffff-2017-08,2
8427a47ffffffff-2017-09,3
8427a47ffffffff-2018-05,2
8427a47ffffffff-2018-06,1
8427a47ffffffff-2018-07,2
8427a47ffffffff-2018-08,4
8427a47ffffffff-2018-09,4
8427a47ffffffff-2018-10,1
8427a47ffffffff-2019-05,3
8427a47ffffffff-2019-08,8
8427a47ffffffff-2019-09,1
8427a47ffffffff-2020-07,5
8427a47ffffffff-2020-08,8
8427a47ffffffff-2020-09,5
8427a47ffffffff-2021-05,5
8427a47ffffffff-2021-07,1
8427a47ffffffff-2021-08,14
8427a47ffffffff-2021-09,6
8427a47ffffffff-2021-10,8
8427a47ffffffff-2022-05,9
8427a47ffffffff-2022-07,6
8427a47ffffffff-2022-08,14
8427a47ffffffff-2022-09,8
8427a47ffffffff-2022-10,2
8427a47ffffffff-2023-05,13
8427a47ffffffff-2023-06,5
8427a47ffffffff-2023-07,7
8427a47ffffffff-2023-08,22
8427a47ffffffff-2023-09,14
8427a47ffffffff-2023-10,5
8427a49ffffffff-2017-08,1
8427a49ffffffff-2019-06,2
8427a49ffffffff-2022-09,1
8427a49ffffffff-2023-07,3
8427a4bffffffff-2013-05,8
8427a4bffffffff-2013-07,1
8427a4bffffffff-2017-05,1
8427a4bffffffff-2017-06,1
8427a4bffffffff-2017-07,12
8427a4bffffffff-2017-08,2
8427a4bffffffff-2018-04,2
8427a4bffffffff-2018-05,5
8427a4bffffffff-2018-06,2
8427a4bffffffff-2018-07,7
8427a4bffffffff-2018-08,7
8427a4bffffffff-2019-05,1
8427a4bffffffff-2019-06,1
8427a4bffffffff-2019-07,2
8427a4bffffffff-2019-08,12
8427a4bffffffff-2019-09,1
8427a4bffffffff-2020-05,2
8427a4bffffffff-2020-07,2
8427a4bffffffff-2020-09,1
8427a4bffffffff-2021-05,4
8427a4bffffffff-2021-07,1
8427a4bffffffff-2021-08,1
8427a4bffffffff-2021-09,1
8427a4bffffffff-2022-05,1
8427a4bffffffff-2022-07,8
8427a4bffffffff-2022-08,5
8427a4bffffffff-2022-09,1
8427a4bffffffff-2023-05,1
8427a4bffffffff-2023-06,1
8427a4bffffffff-2023-07,10
8427a4bffffffff-2023-08,1
8427a4bffffffff-2023-09,4
8427a4dffffffff-2013-05,1
8427a4dffffffff-2015-09,2
8427a4dffffffff-2016-05,1
8427a4dffffffff-2016-10,1
8427a4dffffffff-2019-06,2
8427a4dffffffff-2019-08,2
8427a4dffffffff-2020-06,3
8427a4dffffffff-2020-07,1
8427a4dffffffff-2020-08,1
8427a4dffffffff-2021-06,1
8427a4dffffffff-2021-07,1
8427a4dffffffff-2022-05,1
8427a4dffffffff-2023-07,1
8427a4dffffffff-2023-09,2
8427a51ffffffff-2021-05,1
8427a51ffffffff-2021-07,1
8427a51ffffffff-2022-07,1
8427a53ffffffff-2017-05,1
8427a53ffffffff-2019-05,1
8427a53ffffffff-2020-09,2
8427a53ffffffff-2021-05,2
8427a53ffffffff-2021-07,5
8427a53ffffffff-2021-08,1
8427a53ffffffff-2021-09,1
8427a53ffffffff-2022-09,5
8427a53ffffffff-2023-06,1
8427a53ffffffff-2023-07,4
8427a53ffffffff-2023-08,4
8427a55ffffffff-2018-07,1
8427a55ffffffff-2020-07,3
8427a55ffffffff-2022-08,1
8427a55ffffffff-2023-07,2
8427a55ffffffff-2023-09,1
8427a57ffffffff-2013-08,1
8427a57ffffffff-2015-05,2
8427a57ffffffff-2018-06,1
8427a57ffffffff-2018-08,1
8427a57ffffffff-2019-05,1
8427a57ffffffff-2019-07,1
8427a57ffffffff-2020-06,1
8427a57ffffffff-2021-05,1
8427a57ffffffff-2023-04,4
8427a59ffffffff-2018-07,2
8427a59ffffffff-2021-07,1
8427a59ffffffff-2023-07,1
8427a5bffffffff-2012-07,1
8427a5bffffffff-2012-08,1
8427a5bffffffff-2018-04,1
8427a5bffffffff-2018-08,2
8427a5bffffffff-2019-08,5
8427a5bffffffff-2020-07,1
8427a5bffffffff-2021-07,2
8427a5bffffffff-2021-08,1
8427a5bffffffff-2023-07,1
8427a5dffffffff-2017-06,1
8427a5dffffffff-2019-05,1
8427a5dffffffff-2019-07,1
8427a5dffffffff-2020-07,2
8427a5dffffffff-2023-07,3
8427a61ffffffff-2012-05,3
8427a61ffffffff-2013-04,1
8427a61ffffffff-2013-05,4
8427a61ffffffff-2017-07,5
8427a61ffffffff-2017-08,50
8427a61ffffffff-2018-06,1
8427a61ffffffff-2018-07,3
8427a61ffffffff-2019-05,1
8427a61ffffffff-2019-08,2
8427a61ffffffff-2023-05,1
8427a61ffffffff-2023-07,2
8427a63ffffffff-2015-06,1
8427a63ffffffff-2017-07,1
8427a63ffffffff-2017-08,11
8427a63ffffffff-2018-05,1
8427a63ffffffff-2019-07,1
8427a63ffffffff-2020-08,1
8427a63ffffffff-2023-07,6
8427a63ffffffff-2023-08,2
8427a65ffffffff-2013-08,1
8427a65ffffffff-2016-07,1
8427a65ffffffff-2016-09,2
8427a65ffffffff-2016-10,2
8427a65ffffffff-2018-10,1
8427a65ffffffff-2023-08,1
8427a67ffffffff-2012-08,1
8427a67ffffffff-2012-10,1
8427a67ffffffff-2013-09,2
8427a67ffffffff-2014-10,1
8427a67ffffffff-2019-07,3
8427a67ffffffff-2020-04,2
8427a67ffffffff-2020-07,3
8427a67ffffffff-2023-07,1
8427a69ffffffff-2013-05,4
8427a69ffffffff-2017-07,4
8427a69ffffffff-2019-07,2
8427a69ffffffff-2020-04,2
8427a69ffffffff-2020-05,5
8427a69ffffffff-2020-07,3
8427a69ffffffff-2021-05,3
8427a69ffffffff-2021-06,1
8427a69ffffffff-2021-07,1
8427a69ffffffff-2021-08,1
8427a69ffffffff-2021-09,4
8427a69ffffffff-2023-07,1
8427a69ffffffff-2023-08,2
8427a6bffffffff-2013-05,2
8427a6bffffffff-2017-08,1
8427a6dffffffff-2016-10,1
8427a6dffffffff-2019-08,1
8427a6dffffffff-2020-05,1
8427a6dffffffff-2020-06,2
8427a6dffffffff-2020-07,1
8427a6dffffffff-2021-04,1
8427a6dffffffff-2021-05,2
8427a6dffffffff-2021-09,1
8427a81ffffffff-2013-05,2
8427a81ffffffff-2014-09,1
8427a81ffffffff-2015-04,4
8427a81ffffffff-2015-05,2
8427a81ffffffff-2015-10,2
8427a81ffffffff-2016-05,2
8427a81ffffffff-2016-07,4
8427a81ffffffff-2016-08,3
8427a81ffffffff-2017-04,1
8427a81ffffffff-2017-05,1
8427a81ffffffff-2017-06,4
8427a81ffffffff-2017-08,1
8427a81ffffffff-2018-04,9
8427a81ffffffff-2018-05,1
8427a81ffffffff-2018-07,2
8427a81ffffffff-2018-08,2
8427a81ffffffff-2019-04,6
8427a81ffffffff-2019-05,17
8427a81ffffffff-2020-08,1
8427a81ffffffff-2021-04,8
8427a81ffffffff-2021-05,8
8427a81ffffffff-2021-06,2
8427a81ffffffff-2021-07,3
8427a81ffffffff-2021-10,1
8427a81ffffffff-2022-04,7
8427a81ffffffff-2022-07,2
8427a81ffffffff-2022-08,6
8427a81ffffffff-2022-09,1
8427a81ffffffff-2022-10,1
8427a81ffffffff-2023-04,5
8427a81ffffffff-2023-05,4
8427a81ffffffff-2023-07,22
8427a81ffffffff-2023-08,13
8427a81ffffffff-2023-09,11
8427a81ffffffff-2023-10,6
8427a83ffffffff-2014-05,2
8427a83ffffffff-2014-08,1
8427a83ffffffff-2015-09,1
8427a83ffffffff-2016-04,1
8427a83ffffffff-2016-06,2
8427a83ffffffff-2016-07,2
8427a83ffffffff-2018-04,1
8427a83ffffffff-2018-06,8
8427a83ffffffff-2019-06,1
8427a83ffffffff-2022-04,2
8427a83ffffffff-2022-08,1
8427a83ffffffff-2023-04,5
8427a85ffffffff-2015-05,4
8427a85ffffffff-2015-07,1
8427a85ffffffff-2016-07,2
8427a85ffffffff-2016-09,1
8427a85ffffffff-2017-04,2
8427a85ffffffff-2018-05,1
8427a85ffffffff-2018-07,1
8427a85ffffffff-2021-04,1
8427a85ffffffff-2021-09,2
8427a85ffffffff-2023-04,2
8427a87ffffffff-2016-04,2
8427a87ffffffff-2016-05,1
8427a87ffffffff-2016-10,1
8427a87ffffffff-2017-04,1
8427a87ffffffff-2017-09,15
8427a87ffffffff-2018-04,1
8427a87ffffffff-2018-08,2
8427a87ffffffff-2019-05,2
8427a87ffffffff-2019-09,1
8427a87ffffffff-2020-06,1
8427a87ffffffff-2020-08,3
8427a87ffffffff-2021-07,5
8427a87ffffffff-2023-04,1
8427a89ffffffff-2013-08,3
8427a89ffffffff-2014-08,1
8427a89ffffffff-2015-04,3
8427a89ffffffff-2015-05,1
8427a89ffffffff-2016-05,4
8427a89ffffffff-2016-06,1
8427a89ffffffff-2016-07,2
8427a89ffffffff-2016-08,3
8427a89ffffffff-2016-09,1
8427a89ffffffff-2017-04,3
8427a89ffffffff-2017-05,4
8427a89ffffffff-2017-06,1
8427a89ffffffff-2017-07,14
8427a89ffffffff-2017-08,5
8427a89ffffffff-2017-09,4
8427a89ffffffff-2018-05,2
8427a89ffffffff-2018-06,1
8427a89ffffffff-2018-07,3
8427a89ffffffff-2018-08,1
8427a89ffffffff-2019-05,1
8427a89ffffffff-2019-07,8
8427a89ffffffff-2019-08,2
8427a89ffffffff-2020-04,1
8427a89ffffffff-2020-05,3
8427a89ffffffff-2020-06,1
8427a89ffffffff-2020-07,11
8427a89ffffffff-2020-08,5
8427a89ffffffff-2021-04,3
8427a89ffffffff-2021-05,13
8427a89ffffffff-2021-07,12
8427a89ffffffff-2021-08,7
8427a89ffffffff-2021-09,1
8427a89ffffffff-2022-04,2
8427a89ffffffff-2022-05,14
8427a89ffffffff-2022-07,1
8427a89ffffffff-2022-08,4
8427a89ffffffff-2023-04,1
8427a89ffffffff-2023-05,4
8427a89ffffffff-2023-06,6
8427a89ffffffff-2023-07,3
8427a89ffffffff-2023-08,3
8427a89ffffffff-2023-09,1
8427a8bffffffff-2013-04,1
8427a8bffffffff-2013-08,5
8427a8bffffffff-2014-08,2
8427a8bffffffff-2015-04,2
8427a8bffffffff-2016-04,3
8427a8bffffffff-2016-05,8
8427a8bffffffff-2016-09,1
8427a8bffffffff-2017-04,4
8427a8bffffffff-2017-05,2
8427a8bffffffff-2017-06,1
8427a8bffffffff-2017-08,2
8427a8bffffffff-2017-10,2
8427a8bffffffff-2018-04,1
8427a8bffffffff-2018-05,3
8427a8bffffffff-2018-07,1
8427a8bffffffff-2019-05,2
8427a8bffffffff-2019-09,1
8427a8bffffffff-2020-04,1
8427a8bffffffff-2020-05,3
8427a8bffffffff-2020-10,1
8427a8bffffffff-2021-05,4
8427a8bffffffff-2021-08,4
8427a8bffffffff-2022-04,1
8427a8bffffffff-2022-05,1
8427a8bffffffff-2022-07,5
8427a8bffffffff-2022-08,2
8427a8bffffffff-2022-09,2
8427a8bffffffff-2023-05,1
8427a8bffffffff-2023-06,2
8427a8bffffffff-2023-07,3
8427a8bffffffff-2023-08,1
8427a8dffffffff-2015-04,3
8427a8dffffffff-2015-05,1
8427a8dffffffff-2015-06,1
8427a8dffffffff-2015-07,2
8427a8dffffffff-2015-08,1
8427a8dffffffff-2016-05,3
8427a8dffffffff-2016-06,2
8427a8dffffffff-2016-07,3
8427a8dffffffff-2016-08,1
8427a8dffffffff-2017-04,6
8427a8dffffffff-2017-05,5
8427a8dffffffff-2017-06,2
8427a8dffffffff-2017-07,5
8427a8dffffffff-2018-07,6
8427a8dffffffff-2018-09,4
8427a8dffffffff-2019-05,1
8427a8dffffffff-2019-06,4
8427a8dffffffff-2019-09,1
8427a8dffffffff-2020-07,3
8427a8dffffffff-2020-08,4
8427a8dffffffff-2021-05,2
8427a8dffffffff-2021-06,3
8427a8dffffffff-2021-07,5
8427a8dffffffff-2021-08,2
8427a8dffffffff-2022-05,1
8427a8dffffffff-2022-07,2
8427a8dffffffff-2023-07,5
8427a91ffffffff-2013-08,1
8427a91ffffffff-2014-05,1
8427a91ffffffff-2017-04,3
8427a91ffffffff-2018-04,1
8427a91ffffffff-2018-06,1
8427a91ffffffff-2019-07,1
8427a91ffffffff-2020-07,1
8427a91ffffffff-2021-04,3
8427a91ffffffff-2021-05,3
8427a91ffffffff-2021-07,6
8427a91ffffffff-2021-08,3
8427a91ffffffff-2021-09,2
8427a91ffffffff-2022-07,1
8427a91ffffffff-2022-08,1
8427a91ffffffff-2023-04,2
8427a91ffffffff-2023-07,2
8427a93ffffffff-2013-05,1
8427a93ffffffff-2013-09,2
8427a93ffffffff-2015-04,2
8427a93ffffffff-2016-08,1
8427a93ffffffff-2018-05,3
8427a93ffffffff-2018-07,1
8427a93ffffffff-2018-09,1
8427a93ffffffff-2019-04,1
8427a93ffffffff-2019-05,1
8427a93ffffffff-2020-07,2
8427a93ffffffff-2020-08,2
8427a93ffffffff-2021-05,2
8427a93ffffffff-2021-06,3
8427a93ffffffff-2021-07,32
8427a93ffffffff-2021-08,6
8427a93ffffffff-2022-05,2
8427a93ffffffff-2022-07,1
8427a93ffffffff-2023-04,1
8427a93ffffffff-2023-06,1
8427a93ffffffff-2023-07,1
8427a95ffffffff-2012-08,1
8427a95ffffffff-2013-04,1
8427a95ffffffff-2013-05,1
8427a95ffffffff-2013-08,2
8427a95ffffffff-2016-10,2
8427a95ffffffff-2017-04,8
8427a95ffffffff-2017-07,4
8427a95ffffffff-2017-09,2
8427a95ffffffff-2018-04,2
8427a95ffffffff-2018-05,1
8427a95ffffffff-2018-06,1
8427a95ffffffff-2018-08,1
8427a95ffffffff-2018-09,2
8427a95ffffffff-2019-05,1
8427a95ffffffff-2019-06,1
8427a95ffffffff-2019-09,1
8427a95ffffffff-2020-05,3
8427a95ffffffff-2020-10,4
8427a95ffffffff-2021-04,6
8427a95ffffffff-2021-05,10
8427a95ffffffff-2021-06,1
8427a95ffffffff-2021-07,2
8427a95ffffffff-2021-08,7
8427a95ffffffff-2021-09,2
8427a95ffffffff-2022-04,1
8427a95ffffffff-2022-05,5
8427a95ffffffff-2022-07,4
8427a95ffffffff-2022-08,2
8427a95ffffffff-2022-09,5
8427a95ffffffff-2023-04,5
8427a95ffffffff-2023-05,1
8427a95ffffffff-2023-07,6
8427a95ffffffff-2023-08,6
8427a95ffffffff-2023-09,3
8427a97ffffffff-2017-04,1
8427a97ffffffff-2017-05,2
8427a97ffffffff-2018-08,2
8427a97ffffffff-2019-07,2
8427a97ffffffff-2019-08,1
8427a97ffffffff-2019-09,1
8427a97ffffffff-2020-05,1
8427a97ffffffff-2021-07,2
8427a97ffffffff-2022-05,1
8427a97ffffffff-2022-07,1
8427a97ffffffff-2022-08,1
8427a97ffffffff-2022-09,1
8427a97ffffffff-2023-05,1
8427a99ffffffff-2015-05,1
8427a99ffffffff-2016-08,4
8427a99ffffffff-2017-06,1
8427a99ffffffff-2018-05,1
8427a99ffffffff-2018-07,1
8427a99ffffffff-2019-09,1
8427a99ffffffff-2020-07,1
8427a99ffffffff-2021-08,5
8427a99ffffffff-2022-08,2
8427a99ffffffff-2023-08,1
8427a9bffffffff-2013-05,1
8427a9bffffffff-2013-09,1
8427a9bffffffff-2017-04,2
8427a9bffffffff-2017-05,1
8427a9bffffffff-2017-06,1
8427a9bffffffff-2017-07,1
8427a9bffffffff-2017-08,3
8427a9bffffffff-2017-09,2
8427a9bffffffff-2018-05,1
8427a9bffffffff-2018-07,6
8427a9bffffffff-2018-08,2
8427a9bffffffff-2019-05,1
8427a9bffffffff-2019-07,2
8427a9bffffffff-2019-08,3
8427a9bffffffff-2020-06,1
8427a9bffffffff-2020-07,11
8427a9bffffffff-2020-08,5
8427a9bffffffff-2021-05,5
8427a9bffffffff-2021-07,9
8427a9bffffffff-2021-08,1
8427a9bffffffff-2021-09,2
8427a9bffffffff-2022-05,2
8427a9bffffffff-2022-06,1
8427a9bffffffff-2022-08,3
8427a9bffffffff-2023-07,2
8427a9bffffffff-2023-08,1
8427a9dffffffff-2013-06,2
8427a9dffffffff-2013-08,2
8427a9dffffffff-2014-04,3
8427a9dffffffff-2014-05,7
8427a9dffffffff-2015-05,1
8427a9dffffffff-2018-04,1
8427a9dffffffff-2021-07,1
8427a9dffffffff-2022-09,4
8427a9dffffffff-2023-04,1
8427a9dffffffff-2023-05,1
8427a9dffffffff-2023-07,2
8427aa1ffffffff-2017-08,2
8427aa1ffffffff-2019-04,2
8427aa1ffffffff-2019-05,13
8427aa1ffffffff-2019-07,2
8427aa1ffffffff-2019-08,2
8427aa1ffffffff-2020-05,7
8427aa1ffffffff-2021-04,2
8427aa1ffffffff-2021-05,1
8427aa1ffffffff-2021-06,1
8427aa1ffffffff-2021-09,1
8427aa1ffffffff-2023-07,1
8427aa1ffffffff-2023-08,1
8427aa5ffffffff-2023-04,2
8427aa9ffffffff-2013-05,1
8427aa9ffffffff-2014-05,1
8427aa9ffffffff-2015-08,8
8427aa9ffffffff-2016-04,1
8427aa9ffffffff-2016-05,1
8427aa9ffffffff-2016-08,1
8427aa9ffffffff-2017-04,1
8427aa9ffffffff-2017-06,2
8427aa9ffffffff-2017-08,1
8427aa9ffffffff-2018-04,1
8427aa9ffffffff-2018-07,1
8427aa9ffffffff-2018-08,2
8427aa9ffffffff-2018-09,1
8427aa9ffffffff-2018-10,3
8427aa9ffffffff-2019-05,1
8427aa9ffffffff-2019-08,12
8427aa9ffffffff-2019-09,12
8427aa9ffffffff-2020-04,4
8427aa9ffffffff-2020-05,8
8427aa9ffffffff-2020-06,1
8427aa9ffffffff-2020-07,1
8427aa9ffffffff-2020-08,2
8427aa9ffffffff-2020-09,1
8427aa9ffffffff-2021-04,7
8427aa9ffffffff-2021-05,5
8427aa9ffffffff-2021-07,3
8427aa9ffffffff-2021-08,5
8427aa9ffffffff-2021-09,5
8427aa9ffffffff-2021-10,4
8427aa9ffffffff-2022-04,2
8427aa9ffffffff-2022-09,3
8427aa9ffffffff-2023-04,2
8427aa9ffffffff-2023-05,1
8427aa9ffffffff-2023-09,2
8427aabffffffff-2015-05,9
8427aabffffffff-2015-07,1
8427aabffffffff-2015-08,1
8427aabffffffff-2016-05,1
8427aabffffffff-2016-06,1
8427aabffffffff-2017-04,2
8427aabffffffff-2017-05,2
8427aabffffffff-2017-08,2
8427aabffffffff-2018-04,2
8427aabffffffff-2018-05,3
8427aabffffffff-2019-05,4
8427aabffffffff-2020-04,1
8427aabffffffff-2021-04,1
8427aabffffffff-2021-06,1
8427aabffffffff-2023-08,2
8427aadffffffff-2015-04,1
8427aadffffffff-2017-05,1
8427aadffffffff-2019-07,1
8427aadffffffff-2020-04,1
8427aadffffffff-2021-06,1
8427aadffffffff-2021-08,2
8427aadffffffff-2022-04,1
8427aadffffffff-2022-07,1
8427ab1ffffffff-2019-04,3
8427ab1ffffffff-2021-07,2
8427ab1ffffffff-2023-04,2
8427ab1ffffffff-2023-05,3
8427ab3ffffffff-2014-05,1
8427ab3ffffffff-2015-05,2
8427ab3ffffffff-2018-04,2
8427ab3ffffffff-2019-06,2
8427ab3ffffffff-2019-07,3
8427ab3ffffffff-2020-07,1
8427ab3ffffffff-2022-05,1
8427ab5ffffffff-2022-04,2
8427ab7ffffffff-2015-05,1
8427ab7ffffffff-2015-08,1
8427ab7ffffffff-2018-04,1
8427ab7ffffffff-2019-04,2
8427ab7ffffffff-2021-05,1
8427ab7ffffffff-2021-09,2
8427ab7ffffffff-2022-04,1
8427ab7ffffffff-2022-07,1
8427ab7ffffffff-2022-08,1
8427ab7ffffffff-2023-05,1
8427ab7ffffffff-2023-07,1
8427ab7ffffffff-2023-08,3
8427ab9ffffffff-2022-04,3
8427ab9ffffffff-2023-05,2
8427abbffffffff-2018-04,2
8427abbffffffff-2021-04,1
8427abbffffffff-2023-04,2
8427abdffffffff-2017-04,1
8427abdffffffff-2017-05,2
8427abdffffffff-2018-05,8
8427abdffffffff-2018-07,1
8427abdffffffff-2018-08,1
8427abdffffffff-2019-04,1
8427abdffffffff-2019-08,1
8427abdffffffff-2021-09,2
8427abdffffffff-2022-08,5
8427abdffffffff-2022-09,3
8427abdffffffff-2023-05,1
8427abdffffffff-2023-06,2
8427abdffffffff-2023-07,10
8427abdffffffff-2023-08,10
8427abdffffffff-2023-09,2
8427ac1ffffffff-2017-06,2
8427ac3ffffffff-2014-04,1
8427ac3ffffffff-2014-05,8
8427ac3ffffffff-2014-07,3
8427ac3ffffffff-2015-04,2
8427ac3ffffffff-2015-05,1
8427ac3ffffffff-2015-07,2
8427ac3ffffffff-2016-06,1
8427ac3ffffffff-2016-08,2
8427ac3ffffffff-2017-04,3
8427ac3ffffffff-2017-05,2
8427ac3ffffffff-2017-06,3
8427ac3ffffffff-2017-07,4
8427ac3ffffffff-2018-04,2
8427ac3ffffffff-2018-05,3
8427ac3ffffffff-2020-05,2
8427ac3ffffffff-2021-04,4
8427ac3ffffffff-2021-05,6
8427ac3ffffffff-2021-07,2
8427ac3ffffffff-2022-05,3
8427ac3ffffffff-2023-07,1
8427ac5ffffffff-2014-09,1
8427ac5ffffffff-2015-05,1
8427ac5ffffffff-2017-06,2
8427ac5ffffffff-2017-07,4
8427ac5ffffffff-2018-06,1
8427ac5ffffffff-2018-07,1
8427ac5ffffffff-2019-06,1
8427ac5ffffffff-2020-05,2
8427ac5ffffffff-2020-06,1
8427ac5ffffffff-2020-07,3
8427ac5ffffffff-2020-08,1
8427ac5ffffffff-2021-06,2
8427ac5ffffffff-2021-07,1
8427ac5ffffffff-2022-07,2
8427ac5ffffffff-2023-09,1
8427ac7ffffffff-2012-08,3
8427ac7ffffffff-2014-09,1
8427ac7ffffffff-2015-08,1
8427ac7ffffffff-2016-06,2
8427ac7ffffffff-2016-07,10
8427ac7ffffffff-2016-08,12
8427ac7ffffffff-2017-04,3
8427ac7ffffffff-2017-06,4
8427ac7ffffffff-2017-07,4
8427ac7ffffffff-2018-05,1
8427ac7ffffffff-2018-06,1
8427ac7ffffffff-2018-07,2
8427ac7ffffffff-2018-08,2
8427ac7ffffffff-2019-05,2
8427ac7ffffffff-2019-06,4
8427ac7ffffffff-2019-08,5
8427ac7ffffffff-2020-06,3
8427ac7ffffffff-2020-07,2
8427ac7ffffffff-2021-04,2
8427ac7ffffffff-2022-08,2
8427ac9ffffffff-2014-05,1
8427ac9ffffffff-2015-07,1
8427ac9ffffffff-2016-08,1
8427ac9ffffffff-2017-07,8
8427ac9ffffffff-2018-06,2
8427ac9ffffffff-2022-05,1
8427ac9ffffffff-2022-08,2
8427ac9ffffffff-2023-05,1
8427ac9ffffffff-2023-07,1
8427ac9ffffffff-2023-08,1
8427acbffffffff-2017-06,1
8427acbffffffff-2018-08,1
8427acbffffffff-2019-06,1
8427acbffffffff-2019-08,1
8427acbffffffff-2019-09,1
8427acbffffffff-2020-07,1
8427acbffffffff-2021-10,1
8427acbffffffff-2022-05,2
8427acbffffffff-2022-06,3
8427acbffffffff-2023-06,1
8427acbffffffff-2023-07,1
8427acdffffffff-2015-07,2
8427acdffffffff-2016-05,3
8427acdffffffff-2017-07,4
8427acdffffffff-2023-05,1
8427acdffffffff-2023-08,1
8427ad1ffffffff-2012-07,2
8427ad1ffffffff-2012-08,1
8427ad1ffffffff-2013-05,1
8427ad1ffffffff-2013-06,1
8427ad1ffffffff-2013-08,2
8427ad1ffffffff-2014-06,1
8427ad1ffffffff-2014-07,7
8427ad1ffffffff-2014-09,1
8427ad1ffffffff-2015-04,1
8427ad1ffffffff-2015-05,5
8427ad1ffffffff-2015-06,2
8427ad1ffffffff-2015-07,10
8427ad1ffffffff-2015-08,2
8427ad1ffffffff-2016-05,3
8427ad1ffffffff-2016-06,2
8427ad1ffffffff-2016-07,4
8427ad1ffffffff-2016-08,5
8427ad1ffffffff-2016-10,1
8427ad1ffffffff-2017-06,2
8427ad1ffffffff-2017-07,11
8427ad1ffffffff-2017-08,2
8427ad1ffffffff-2018-05,2
8427ad1ffffffff-2018-06,4
8427ad1ffffffff-2018-07,3
8427ad1ffffffff-2018-09,4
8427ad1ffffffff-2019-07,1
8427ad1ffffffff-2019-08,13
8427ad1ffffffff-2020-06,1
8427ad1ffffffff-2020-07,6
8427ad1ffffffff-2020-08,2
8427ad1ffffffff-2021-04,1
8427ad1ffffffff-2021-05,6
8427ad1ffffffff-2021-06,14
8427ad1ffffffff-2021-08,1
8427ad1ffffffff-2021-09,1
8427ad1ffffffff-2022-07,4
8427ad1ffffffff-2022-08,3
8427ad1ffffffff-2023-07,1
8427ad3ffffffff-2013-07,2
8427ad3ffffffff-2013-08,4
8427ad3ffffffff-2013-09,2
8427ad3ffffffff-2014-04,1
8427ad3ffffffff-2015-04,5
8427ad3ffffffff-2015-07,1
8427ad3ffffffff-2016-04,3
8427ad3ffffffff-2017-04,1
8427ad3ffffffff-2018-05,2
8427ad3ffffffff-2018-08,1
8427ad3ffffffff-2019-07,2
8427ad3ffffffff-2020-05,1
8427ad3ffffffff-2021-05,1
8427ad3ffffffff-2021-08,1
8427ad3ffffffff-2022-08,1
8427ad3ffffffff-2023-05,4
8427ad5ffffffff-2012-05,1
8427ad5ffffffff-2013-08,2
8427ad5ffffffff-2014-08,1
8427ad5ffffffff-2014-09,2
8427ad5ffffffff-2016-04,1
8427ad5ffffffff-2017-07,1
8427ad5ffffffff-2018-04,1
8427ad5ffffffff-2019-07,1
8427ad5ffffffff-2019-09,1
8427ad5ffffffff-2020-07,2
8427ad5ffffffff-2020-08,1
8427ad5ffffffff-2023-04,1
8427ad7ffffffff-2012-05,1
8427ad7ffffffff-2013-06,1
8427ad7ffffffff-2013-07,4
8427ad7ffffffff-2013-08,10
8427ad7ffffffff-2013-09,4
8427ad7ffffffff-2013-10,3
8427ad7ffffffff-2014-04,2
8427ad7ffffffff-2014-05,3
8427ad7ffffffff-2014-07,3
8427ad7ffffffff-2014-08,6
8427ad7ffffffff-2014-09,1
8427ad7ffffffff-2014-10,4
8427ad7ffffffff-2015-04,3
8427ad7ffffffff-2015-05,4
8427ad7ffffffff-2015-06,5
8427ad7ffffffff-2015-07,10
8427ad7ffffffff-2015-08,16
8427ad7ffffffff-2015-09,9
8427ad7ffffffff-2016-04,2
8427ad7ffffffff-2016-07,4
8427ad7ffffffff-2016-08,3
8427ad7ffffffff-2017-04,2
8427ad7ffffffff-2017-05,1
8427ad7ffffffff-2017-06,1
8427ad7ffffffff-2017-07,13
8427ad7ffffffff-2017-08,7
8427ad7ffffffff-2017-09,2
8427ad7ffffffff-2018-06,1
8427ad7ffffffff-2018-07,11
8427ad7ffffffff-2018-08,2
8427ad7ffffffff-2018-09,1
8427ad7ffffffff-2018-10,8
8427ad7ffffffff-2019-05,1
8427ad7ffffffff-2019-06,3
8427ad7ffffffff-2019-07,4
8427ad7ffffffff-2019-08,5
8427ad7ffffffff-2019-09,4
8427ad7ffffffff-2020-05,1
8427ad7ffffffff-2020-07,11
8427ad7ffffffff-2020-08,4
8427ad7ffffffff-2020-09,1
8427ad7ffffffff-2021-07,9
8427ad7ffffffff-2021-08,4
8427ad7ffffffff-2021-09,2
8427ad7ffffffff-2022-05,1
8427ad7ffffffff-2022-07,8
8427ad7ffffffff-2022-08,5
8427ad7ffffffff-2022-09,3
8427ad7ffffffff-2023-04,2
8427ad7ffffffff-2023-05,2
8427ad7ffffffff-2023-07,9
8427ad7ffffffff-2023-08,1
8427ad9ffffffff-2012-07,3
8427ad9ffffffff-2012-08,3
8427ad9ffffffff-2013-07,8
8427ad9ffffffff-2013-08,1
8427ad9ffffffff-2015-05,6
8427ad9ffffffff-2015-07,9
8427ad9ffffffff-2015-08,14
8427ad9ffffffff-2015-09,2
8427ad9ffffffff-2015-10,2
8427ad9ffffffff-2016-04,2
8427ad9ffffffff-2016-05,2
8427ad9ffffffff-2016-07,2
8427ad9ffffffff-2017-08,2
8427ad9ffffffff-2018-05,11
8427ad9ffffffff-2018-06,1
8427ad9ffffffff-2018-07,7
8427ad9ffffffff-2018-08,6
8427ad9ffffffff-2018-09,3
8427ad9ffffffff-2018-10,2
8427ad9ffffffff-2019-05,12
8427ad9ffffffff-2019-06,3
8427ad9ffffffff-2019-07,5
8427ad9ffffffff-2019-08,22
8427ad9ffffffff-2020-06,2
8427ad9ffffffff-2020-07,16
8427ad9ffffffff-2020-08,14
8427ad9ffffffff-2021-05,11
8427ad9ffffffff-2021-06,14
8427ad9ffffffff-2021-08,1
8427ad9ffffffff-2021-09,1
8427ad9ffffffff-2022-06,1
8427ad9ffffffff-2022-07,13
8427ad9ffffffff-2022-08,12
8427ad9ffffffff-2022-09,1
8427ad9ffffffff-2023-07,5
8427ad9ffffffff-2023-08,7
8427ad9ffffffff-2023-10,1
8427adbffffffff-2013-05,2
8427adbffffffff-2016-08,2
8427adbffffffff-2017-06,1
8427adbffffffff-2017-07,1
8427adbffffffff-2020-09,3
8427adbffffffff-2021-05,2
8427adbffffffff-2021-08,1
8427adbffffffff-2021-09,1
8427adbffffffff-2023-07,3
8427adbffffffff-2023-08,4
8427addffffffff-2012-07,1
8427addffffffff-2013-08,1
8427addffffffff-2014-07,2
8427addffffffff-2015-04,1
8427addffffffff-2015-07,9
8427addffffffff-2016-05,2
8427addffffffff-2017-06,3
8427addffffffff-2017-07,1
8427addffffffff-2017-09,2
8427addffffffff-2018-04,1
8427addffffffff-2018-05,1
8427addffffffff-2018-07,1
8427addffffffff-2020-05,2
8427addffffffff-2020-06,2
8427addffffffff-2020-07,4
8427addffffffff-2020-08,1
8427addffffffff-2021-04,2
8427addffffffff-2022-05,1
8427addffffffff-2022-06,2
8427addffffffff-2022-09,1
8427addffffffff-2023-05,5
8427addffffffff-2023-06,2
8427addffffffff-2023-07,11
8427ae1ffffffff-2013-07,4
8427ae1ffffffff-2013-08,1
8427ae1ffffffff-2014-05,1
8427ae1ffffffff-2014-08,1
8427ae1ffffffff-2015-08,1
8427ae1ffffffff-2016-05,2
8427ae1ffffffff-2016-08,3
8427ae1ffffffff-2018-05,1
8427ae1ffffffff-2018-07,2
8427ae1ffffffff-2018-08,3
8427ae1ffffffff-2019-06,1
8427ae1ffffffff-2019-08,5
8427ae1ffffffff-2020-05,4
8427ae1ffffffff-2020-07,2
8427ae1ffffffff-2020-08,1
8427ae1ffffffff-2021-07,1
8427ae1ffffffff-2021-08,5
8427ae1ffffffff-2022-08,2
8427ae1ffffffff-2022-10,1
8427ae1ffffffff-2023-04,1
8427ae1ffffffff-2023-07,2
8427ae1ffffffff-2023-08,1
8427ae1ffffffff-2023-09,1
8427ae3ffffffff-2014-09,1
8427ae3ffffffff-2015-04,9
8427ae3ffffffff-2015-05,8
8427ae3ffffffff-2015-06,4
8427ae3ffffffff-2015-07,5
8427ae3ffffffff-2015-08,7
8427ae3ffffffff-2015-09,1
8427ae3ffffffff-2016-04,1
8427ae3ffffffff-2016-05,5
8427ae3ffffffff-2016-06,4
8427ae3ffffffff-2016-07,8
8427ae3ffffffff-2016-08,7
8427ae3ffffffff-2016-09,2
8427ae3ffffffff-2016-10,1
8427ae3ffffffff-2017-04,6
8427ae3ffffffff-2017-07,1
8427ae3ffffffff-2017-08,1
8427ae3ffffffff-2017-09,2
8427ae3ffffffff-2018-04,1
8427ae3ffffffff-2018-07,2
8427ae3ffffffff-2018-08,4
8427ae3ffffffff-2019-07,2
8427ae3ffffffff-2019-08,6
8427ae3ffffffff-2020-05,4
8427ae3ffffffff-2020-07,3
8427ae3ffffffff-2020-08,5
8427ae3ffffffff-2021-05,4
8427ae3ffffffff-2021-06,1
8427ae3ffffffff-2021-07,9
8427ae3ffffffff-2022-05,1
8427ae3ffffffff-2022-07,1
8427ae3ffffffff-2022-08,2
8427ae3ffffffff-2023-05,1
8427ae3ffffffff-2023-07,1
8427ae3ffffffff-2023-08,2
8427ae3ffffffff-2023-09,2
8427ae5ffffffff-2012-05,1
8427ae5ffffffff-2013-07,1
8427ae5ffffffff-2016-04,4
8427ae5ffffffff-2016-05,3
8427ae5ffffffff-2016-08,3
8427ae5ffffffff-2016-09,2
8427ae5ffffffff-2017-04,1
8427ae5ffffffff-2017-05,3
8427ae5ffffffff-2017-07,3
8427ae5ffffffff-2017-09,1
8427ae5ffffffff-2018-05,1
8427ae5ffffffff-2018-07,6
8427ae5ffffffff-2019-05,1
8427ae5ffffffff-2019-07,4
8427ae5ffffffff-2019-08,10
8427ae5ffffffff-2019-09,4
8427ae5ffffffff-2020-06,1
8427ae5ffffffff-2020-07,2
8427ae5ffffffff-2020-09,1
8427ae5ffffffff-2021-05,3
8427ae5ffffffff-2021-07,1
8427ae5ffffffff-2021-08,1
8427ae5ffffffff-2022-06,2
8427ae5ffffffff-2022-08,6
8427ae5ffffffff-2023-08,3
8427ae7ffffffff-2014-04,1
8427ae7ffffffff-2014-08,1
8427ae7ffffffff-2016-04,2
8427ae7ffffffff-2016-07,2
8427ae7ffffffff-2017-04,1
8427ae7ffffffff-2018-05,1
8427ae7ffffffff-2018-07,2
8427ae7ffffffff-2019-04,1
8427ae7ffffffff-2019-05,1
8427ae7ffffffff-2019-08,3
8427ae7ffffffff-2019-09,1
8427ae7ffffffff-2020-05,1
8427ae7ffffffff-2020-08,1
8427ae7ffffffff-2021-06,1
8427ae7ffffffff-2021-08,2
8427ae7ffffffff-2021-09,2
8427ae7ffffffff-2022-07,3
8427ae7ffffffff-2022-09,2
8427ae7ffffffff-2023-04,1
8427ae7ffffffff-2023-05,4
8427ae7ffffffff-2023-06,1
8427ae7ffffffff-2023-07,4
8427ae7ffffffff-2023-08,1
8427ae7ffffffff-2023-09,2
8427ae7ffffffff-2023-10,3
8427ae9ffffffff-2012-08,3
8427ae9ffffffff-2015-07,1
8427ae9ffffffff-2016-06,1
8427ae9ffffffff-2016-08,1
8427ae9ffffffff-2017-07,1
8427ae9ffffffff-2018-06,1
8427ae9ffffffff-2020-07,1
8427ae9ffffffff-2023-04,1
8427ae9ffffffff-2023-05,1
8427aebffffffff-2013-07,2
8427aebffffffff-2015-09,2
8427aebffffffff-2016-07,8
8427aebffffffff-2016-08,2
8427aebffffffff-2016-09,1
8427aebffffffff-2017-04,6
8427aebffffffff-2017-05,1
8427aebffffffff-2017-06,1
8427aebffffffff-2018-05,7
8427aebffffffff-2018-06,1
8427aebffffffff-2018-09,4
8427aebffffffff-2019-06,2
8427aebffffffff-2019-08,27
8427aebffffffff-2020-07,3
8427aebffffffff-2020-08,3
8427aebffffffff-2020-09,1
8427aebffffffff-2021-04,1
8427aebffffffff-2021-05,3
8427aebffffffff-2021-07,2
8427aebffffffff-2021-08,1
8427aebffffffff-2021-09,1
8427aebffffffff-2022-04,1
8427aebffffffff-2022-08,2
8427aebffffffff-2023-06,1
8427aedffffffff-2016-07,1
8427aedffffffff-2017-07,4
8427aedffffffff-2018-07,1
8427aedffffffff-2019-07,2
8427aedffffffff-2021-07,3
8427aedffffffff-2021-08,1
8427aedffffffff-2023-07,1
8427b01ffffffff-2014-09,2
8427b01ffffffff-2017-09,1
8427b01ffffffff-2018-07,1
8427b01ffffffff-2022-08,1
8427b05ffffffff-2013-10,1
8427b05ffffffff-2017-07,1
8427b05ffffffff-2018-07,1
8427b05ffffffff-2023-09,1
8427b07ffffffff-2018-07,3
8427b07ffffffff-2019-05,1
8427b07ffffffff-2020-07,3
8427b07ffffffff-2022-07,2
8427b07ffffffff-2022-08,1
8427b07ffffffff-2022-09,1
8427b07ffffffff-2023-06,2
8427b07ffffffff-2023-08,2
8427b09ffffffff-2018-06,1
8427b09ffffffff-2020-07,1
8427b0bffffffff-2013-08,1
8427b0bffffffff-2017-07,5
8427b0bffffffff-2018-06,1
8427b0bffffffff-2018-07,2
8427b0bffffffff-2019-06,1
8427b0bffffffff-2019-08,7
8427b0bffffffff-2020-07,3
8427b0bffffffff-2021-06,1
8427b0bffffffff-2021-08,1
8427b0bffffffff-2021-09,1
8427b0bffffffff-2022-07,6
8427b0dffffffff-2019-06,1
8427b0dffffffff-2020-09,1
8427b0dffffffff-2023-08,2
8427b0dffffffff-2023-09,2
8427b11ffffffff-2020-06,2
8427b11ffffffff-2020-07,1
8427b11ffffffff-2021-07,1
8427b13ffffffff-2013-05,2
8427b13ffffffff-2013-08,2
8427b13ffffffff-2014-05,1
8427b13ffffffff-2015-07,1
8427b13ffffffff-2016-05,1
8427b13ffffffff-2016-07,2
8427b13ffffffff-2016-08,1
8427b13ffffffff-2017-06,1
8427b13ffffffff-2018-07,1
8427b13ffffffff-2019-05,1
8427b13ffffffff-2019-07,2
8427b13ffffffff-2021-05,1
8427b13ffffffff-2021-07,3
8427b13ffffffff-2022-04,1
8427b13ffffffff-2022-07,1
8427b13ffffffff-2023-08,2
8427b15ffffffff-2015-08,1
8427b15ffffffff-2016-06,1
8427b15ffffffff-2017-05,1
8427b15ffffffff-2017-07,2
8427b15ffffffff-2018-07,1
8427b15ffffffff-2019-05,1
8427b15ffffffff-2019-06,1
8427b15ffffffff-2019-08,1
8427b15ffffffff-2021-07,1
8427b15ffffffff-2021-08,2
8427b15ffffffff-2022-06,3
8427b15ffffffff-2022-07,2
8427b15ffffffff-2023-04,1
8427b15ffffffff-2023-05,10
8427b15ffffffff-2023-06,4
8427b15ffffffff-2023-07,15
8427b15ffffffff-2023-08,14
8427b17ffffffff-2012-04,1
8427b17ffffffff-2017-05,2
8427b17ffffffff-2017-07,2
8427b17ffffffff-2018-07,2
8427b17ffffffff-2018-09,1
8427b17ffffffff-2020-09,1
8427b17ffffffff-2022-04,1
8427b17ffffffff-2022-06,2
8427b17ffffffff-2023-07,3
8427b17ffffffff-2023-08,1
8427b19ffffffff-2019-04,1
8427b19ffffffff-2020-06,3
8427b1bffffffff-2016-07,1
8427b1bffffffff-2018-07,2
8427b1bffffffff-2020-06,1
8427b1dffffffff-2018-07,3
8427b1dffffffff-2020-06,2
8427b1dffffffff-2021-09,2
8427b1dffffffff-2022-07,1
8427b1dffffffff-2023-07,7
8427b1dffffffff-2023-09,1
8427b21ffffffff-2012-04,1
8427b21ffffffff-2017-06,1
8427b21ffffffff-2021-07,1
8427b21ffffffff-2021-08,2
8427b21ffffffff-2023-07,1
8427b21ffffffff-2023-09,2
8427b23ffffffff-2021-07,2
8427b25ffffffff-2012-04,1
8427b25ffffffff-2012-07,5
8427b25ffffffff-2012-08,4
8427b25ffffffff-2012-09,1
8427b25ffffffff-2013-04,1
8427b25ffffffff-2013-07,4
8427b25ffffffff-2013-08,1
8427b25ffffffff-2014-07,3
8427b25ffffffff-2014-08,1
8427b25ffffffff-2015-06,1
8427b25ffffffff-2015-07,1
8427b25ffffffff-2015-08,1
8427b25ffffffff-2015-10,3
8427b25ffffffff-2016-04,1
8427b25ffffffff-2016-05,3
8427b25ffffffff-2016-06,2
8427b25ffffffff-2016-07,2
8427b25ffffffff-2016-08,1
8427b25ffffffff-2017-05,1
8427b25ffffffff-2017-06,1
8427b25ffffffff-2017-07,2
8427b25ffffffff-2017-08,1
8427b25ffffffff-2017-09,1
8427b25ffffffff-2019-06,1
8427b25ffffffff-2019-07,3
8427b25ffffffff-2019-08,2
8427b25ffffffff-2019-09,1
8427b25ffffffff-2020-06,1
8427b25ffffffff-2020-07,3
8427b25ffffffff-2020-08,4
8427b25ffffffff-2020-09,2
8427b25ffffffff-2021-06,2
8427b25ffffffff-2021-07,2
8427b25ffffffff-2021-08,2
8427b25ffffffff-2022-05,7
8427b25ffffffff-2022-06,2
8427b25ffffffff-2022-07,3
8427b25ffffffff-2022-08,1
8427b25ffffffff-2023-05,1
8427b25ffffffff-2023-06,3
8427b25ffffffff-2023-07,17
8427b25ffffffff-2023-08,2
8427b27ffffffff-2012-07,2
8427b27ffffffff-2012-08,6
8427b27ffffffff-2013-06,1
8427b27ffffffff-2013-07,1
8427b27ffffffff-2013-08,1
8427b27ffffffff-2014-05,2
8427b27ffffffff-2014-07,2
8427b27ffffffff-2014-08,2
8427b27ffffffff-2015-06,2
8427b27ffffffff-2015-08,5
8427b27ffffffff-2015-09,1
8427b27ffffffff-2015-10,1
8427b27ffffffff-2016-04,1
8427b27ffffffff-2016-05,2
8427b27ffffffff-2016-06,1
8427b27ffffffff-2017-04,1
8427b27ffffffff-2017-07,3
8427b27ffffffff-2018-07,1
8427b27ffffffff-2019-08,1
8427b27ffffffff-2020-07,2
8427b27ffffffff-2020-08,1
8427b27ffffffff-2022-08,1
8427b27ffffffff-2023-06,1
8427b27ffffffff-2023-07,1
8427b29ffffffff-2012-07,1
8427b29ffffffff-2012-08,2
8427b29ffffffff-2012-09,4
8427b29ffffffff-2013-04,3
8427b29ffffffff-2013-05,5
8427b29ffffffff-2013-08,2
8427b29ffffffff-2014-05,1
8427b29ffffffff-2014-09,1
8427b29ffffffff-2015-04,2
8427b29ffffffff-2015-07,1
8427b29ffffffff-2015-08,3
8427b29ffffffff-2016-05,2
8427b29ffffffff-2016-08,3
8427b29ffffffff-2017-08,4
8427b29ffffffff-2017-09,1
8427b29ffffffff-2018-04,1
8427b29ffffffff-2018-08,4
8427b29ffffffff-2018-09,1
8427b29ffffffff-2019-04,3
8427b29ffffffff-2019-05,2
8427b29ffffffff-2019-07,1
8427b29ffffffff-2019-08,1
8427b29ffffffff-2019-09,1
8427b29ffffffff-2020-04,2
8427b29ffffffff-2020-05,2
8427b29ffffffff-2020-06,1
8427b29ffffffff-2020-08,2
8427b29ffffffff-2020-09,1
8427b29ffffffff-2020-10,1
8427b29ffffffff-2021-04,2
8427b29ffffffff-2021-05,1
8427b29ffffffff-2021-07,3
8427b29ffffffff-2021-08,2
8427b29ffffffff-2021-09,2
8427b29ffffffff-2021-10,2
8427b29ffffffff-2022-04,4
8427b29ffffffff-2022-05,1
8427b29ffffffff-2022-07,3
8427b29ffffffff-2022-08,10
8427b29ffffffff-2022-09,1
8427b29ffffffff-2023-04,2
8427b29ffffffff-2023-05,1
8427b29ffffffff-2023-07,11
8427b29ffffffff-2023-08,15
8427b2bffffffff-2013-08,1
8427b2bffffffff-2017-06,1
8427b2bffffffff-2019-06,2
8427b2bffffffff-2019-07,1
8427b2bffffffff-2022-09,1
8427b2bffffffff-2023-07,2
8427b2dffffffff-2012-08,2
8427b2dffffffff-2014-07,1
8427b2dffffffff-2014-08,4
8427b2dffffffff-2015-08,1
8427b2dffffffff-2016-08,5
8427b2dffffffff-2016-09,2
8427b2dffffffff-2017-07,1
8427b2dffffffff-2017-08,1
8427b2dffffffff-2019-07,1
8427b2dffffffff-2019-08,3
8427b2dffffffff-2020-08,18
8427b2dffffffff-2021-05,2
8427b2dffffffff-2021-06,1
8427b2dffffffff-2021-07,1
8427b2dffffffff-2021-08,3
8427b2dffffffff-2021-10,1
8427b2dffffffff-2022-04,1
8427b2dffffffff-2022-05,1
8427b2dffffffff-2022-07,3
8427b2dffffffff-2022-08,3
8427b2dffffffff-2023-06,1
8427b2dffffffff-2023-07,9
8427b2dffffffff-2023-08,9
8427b2dffffffff-2023-09,1
8427b31ffffffff-2023-08,1
8427b33ffffffff-2016-04,1
8427b35ffffffff-2013-05,2
8427b35ffffffff-2021-04,2
8427b35ffffffff-2021-07,2
8427b35ffffffff-2023-07,4
8427b37ffffffff-2021-07,1
8427b37ffffffff-2022-07,1
8427b37ffffffff-2023-08,2
8427b39ffffffff-2021-05,1
8427b39ffffffff-2022-04,2
8427b39ffffffff-2023-04,2
8427b3bffffffff-2017-07,2
8427b3bffffffff-2019-07,1
8427b3bffffffff-2021-05,1
8427b3bffffffff-2021-06,4
8427b3bffffffff-2022-07,1
8427b3bffffffff-2023-08,1
8427b3dffffffff-2015-07,1
8427b3dffffffff-2016-07,2
8427b3dffffffff-2017-08,1
8427b3dffffffff-2020-07,3
8427b3dffffffff-2020-08,2
8427b3dffffffff-2021-06,1
8427b3dffffffff-2022-10,3
8427b3dffffffff-2023-07,1
8427b3dffffffff-2023-08,1
8427b3dffffffff-2023-09,1
8427b41ffffffff-2018-06,1
8427b43ffffffff-2014-06,1
8427b43ffffffff-2015-07,1
8427b43ffffffff-2019-06,2
8427b43ffffffff-2020-06,1
8427b43ffffffff-2021-06,1
8427b45ffffffff-2020-09,1
8427b45ffffffff-2023-08,1
8427b47ffffffff-2018-06,1
8427b47ffffffff-2019-06,1
8427b47ffffffff-2019-07,1
8427b47ffffffff-2022-09,1
8427b47ffffffff-2023-08,3
8427b47ffffffff-2023-09,1
8427b49ffffffff-2014-06,1
8427b49ffffffff-2016-05,1
8427b49ffffffff-2017-05,1
8427b49ffffffff-2018-07,2
8427b49ffffffff-2019-08,2
8427b49ffffffff-2020-10,3
8427b49ffffffff-2023-05,1
8427b4dffffffff-2023-06,2
8427b4dffffffff-2023-07,1
8427b51ffffffff-2015-08,1
8427b51ffffffff-2016-06,1
8427b51ffffffff-2016-08,1
8427b51ffffffff-2017-06,1
8427b51ffffffff-2017-07,1
8427b51ffffffff-2017-08,1
8427b51ffffffff-2018-04,1
8427b51ffffffff-2018-08,2
8427b51ffffffff-2019-04,1
8427b51ffffffff-2019-06,2
8427b51ffffffff-2020-06,1
8427b51ffffffff-2020-08,1
8427b51ffffffff-2021-05,1
8427b51ffffffff-2022-04,1
8427b51ffffffff-2022-06,2
8427b51ffffffff-2023-07,2
8427b51ffffffff-2023-08,2
8427b53ffffffff-2016-07,1
8427b53ffffffff-2017-06,1
8427b53ffffffff-2017-09,2
8427b53ffffffff-2018-04,4
8427b53ffffffff-2018-07,2
8427b53ffffffff-2018-09,1
8427b53ffffffff-2019-07,1
8427b53ffffffff-2020-06,1
8427b53ffffffff-2021-08,8
8427b53ffffffff-2021-09,1
8427b53ffffffff-2022-07,1
8427b53ffffffff-2023-08,4
8427b53ffffffff-2023-09,3
8427b55ffffffff-2022-10,1
8427b55ffffffff-2023-09,1
8427b57ffffffff-2012-08,3
8427b57ffffffff-2015-06,1
8427b57ffffffff-2016-07,1
8427b57ffffffff-2017-07,1
8427b57ffffffff-2018-05,1
8427b57ffffffff-2019-07,3
8427b57ffffffff-2020-06,1
8427b57ffffffff-2021-04,2
8427b57ffffffff-2021-05,2
8427b57ffffffff-2022-07,3
8427b59ffffffff-2017-04,2
8427b59ffffffff-2017-07,4
8427b59ffffffff-2017-10,1
8427b59ffffffff-2018-07,1
8427b59ffffffff-2020-07,1
8427b5bffffffff-2013-08,1
8427b5bffffffff-2020-06,1
8427b5bffffffff-2021-07,1
8427b5dffffffff-2013-08,1
8427b5dffffffff-2016-08,1
8427b5dffffffff-2017-08,3
8427b5dffffffff-2018-06,1
8427b5dffffffff-2018-07,2
8427b5dffffffff-2018-08,1
8427b5dffffffff-2019-07,1
8427b5dffffffff-2020-06,1
8427b5dffffffff-2020-09,1
8427b5dffffffff-2022-07,1
8427b5dffffffff-2022-08,10
8427b61ffffffff-2015-07,1
8427b61ffffffff-2021-07,1
8427b61ffffffff-2022-06,1
8427b63ffffffff-2012-07,2
8427b63ffffffff-2014-06,4
8427b63ffffffff-2014-10,2
8427b63ffffffff-2015-04,1
8427b63ffffffff-2015-05,4
8427b63ffffffff-2015-07,2
8427b63ffffffff-2019-06,1
8427b63ffffffff-2020-09,2
8427b63ffffffff-2021-07,1
8427b65ffffffff-2012-06,1
8427b65ffffffff-2012-07,2
8427b65ffffffff-2012-08,1
8427b65ffffffff-2013-07,3
8427b65ffffffff-2015-04,12
8427b65ffffffff-2016-07,1
8427b65ffffffff-2017-06,1
8427b65ffffffff-2017-07,4
8427b65ffffffff-2017-09,1
8427b65ffffffff-2018-07,1
8427b65ffffffff-2018-08,1
8427b65ffffffff-2019-07,4
8427b65ffffffff-2019-09,2
8427b65ffffffff-2020-05,2
8427b65ffffffff-2020-06,1
8427b65ffffffff-2020-07,5
8427b65ffffffff-2020-08,3
8427b65ffffffff-2020-09,5
8427b65ffffffff-2021-04,1
8427b65ffffffff-2021-05,2
8427b65ffffffff-2021-08,2
8427b65ffffffff-2021-09,2
8427b65ffffffff-2022-05,1
8427b65ffffffff-2022-07,2
8427b65ffffffff-2022-08,2
8427b65ffffffff-2022-09,2
8427b65ffffffff-2022-10,3
8427b65ffffffff-2023-06,2
8427b65ffffffff-2023-08,1
8427b67ffffffff-2013-07,1
8427b67ffffffff-2019-06,1
8427b67ffffffff-2020-04,1
8427b67ffffffff-2022-06,2
8427b69ffffffff-2016-08,1
8427b69ffffffff-2019-06,2
8427b69ffffffff-2019-08,1
8427b69ffffffff-2021-09,2
8427b69ffffffff-2023-06,1
8427b6bffffffff-2012-07,1
8427b6bffffffff-2021-07,1
8427b6bffffffff-2021-10,1
8427b6bffffffff-2022-07,2
8427b6bffffffff-2023-05,1
8427b6dffffffff-2013-07,1
8427b6dffffffff-2017-06,1
8428023ffffffff-2012-01,1
8428023ffffffff-2012-02,2
8428023ffffffff-2012-03,2
8428023ffffffff-2012-04,1
8428023ffffffff-2012-07,1
8428023ffffffff-2012-08,7
8428023ffffffff-2012-09,4
8428023ffffffff-2012-10,3
8428023ffffffff-2012-11,1
8428023ffffffff-2012-12,2
8428023ffffffff-2013-03,3
8428023ffffffff-2013-04,1
8428023ffffffff-2013-05,4
8428023ffffffff-2013-07,2
8428023ffffffff-2013-08,2
8428023ffffffff-2013-09,1
8428023ffffffff-2013-10,1
8428023ffffffff-2013-11,2
8428023ffffffff-2013-12,1
8428023ffffffff-2014-02,2
8428023ffffffff-2014-08,1
8428023ffffffff-2014-09,2
8428023ffffffff-2014-10,4
8428023ffffffff-2014-11,3
8428023ffffffff-2014-12,2
8428023ffffffff-2015-07,5
8428023ffffffff-2015-08,20
8428023ffffffff-2015-09,6
8428023ffffffff-2015-10,6
8428023ffffffff-2016-02,3
8428023ffffffff-2016-04,1
8428023ffffffff-2016-05,1
8428023ffffffff-2016-07,2
8428023ffffffff-2016-08,7
8428023ffffffff-2016-09,51
8428023ffffffff-2016-10,13
8428023ffffffff-2017-04,8
8428023ffffffff-2017-08,11
8428023ffffffff-2017-09,2
8428023ffffffff-2017-10,1
8428023ffffffff-2018-01,1
8428023ffffffff-2018-05,10
8428023ffffffff-2018-08,2
8428023ffffffff-2018-09,7
8428023ffffffff-2018-10,20
8428023ffffffff-2018-12,1
8428023ffffffff-2019-01,1
8428023ffffffff-2019-04,11
8428023ffffffff-2019-07,2
8428023ffffffff-2019-08,22
8428023ffffffff-2019-09,8
8428023ffffffff-2019-10,4
8428023ffffffff-2020-01,2
8428023ffffffff-2020-03,4
8428023ffffffff-2020-04,1
8428023ffffffff-2020-07,1
8428023ffffffff-2020-08,7
8428023ffffffff-2020-09,23
8428023ffffffff-2020-10,4
8428023ffffffff-2020-11,2
8428023ffffffff-2021-03,1
8428023ffffffff-2021-04,3
8428023ffffffff-2021-05,1
8428023ffffffff-2021-07,3
8428023ffffffff-2021-08,14
8428023ffffffff-2021-09,18
8428023ffffffff-2021-10,3
8428023ffffffff-2021-11,2
8428023ffffffff-2021-12,1
8428023ffffffff-2022-01,2
8428023ffffffff-2022-03,1
8428023ffffffff-2022-04,7
8428023ffffffff-2022-08,2
8428023ffffffff-2022-09,1
8428023ffffffff-2022-10,2
8428023ffffffff-2022-11,1
8428023ffffffff-2023-01,2
8428023ffffffff-2023-04,1
8428023ffffffff-2023-07,3
8428023ffffffff-2023-08,1
8428023ffffffff-2023-09,11
8428023ffffffff-2023-10,6
8428023ffffffff-2023-11,1
842802bffffffff-2012-01,10
842802bffffffff-2012-02,5
842802bffffffff-2012-03,2
842802bffffffff-2012-04,7
842802bffffffff-2012-07,1
842802bffffffff-2012-08,18
842802bffffffff-2012-09,10
842802bffffffff-2012-10,12
842802bffffffff-2012-11,1
842802bffffffff-2012-12,5
842802bffffffff-2013-01,9
842802bffffffff-2013-02,5
842802bffffffff-2013-03,2
842802bffffffff-2013-04,16
842802bffffffff-2013-05,1
842802bffffffff-2013-07,2
842802bffffffff-2013-08,19
842802bffffffff-2013-09,32
842802bffffffff-2013-10,12
842802bffffffff-2013-11,2
842802bffffffff-2013-12,3
842802bffffffff-2014-01,2
842802bffffffff-2014-02,2
842802bffffffff-2014-04,4
842802bffffffff-2014-05,1
842802bffffffff-2014-07,6
842802bffffffff-2014-08,25
842802bffffffff-2014-09,12
842802bffffffff-2014-10,6
842802bffffffff-2014-11,5
842802bffffffff-2014-12,3
842802bffffffff-2015-01,4
842802bffffffff-2015-02,11
842802bffffffff-2015-03,4
842802bffffffff-2015-04,5
842802bffffffff-2015-05,2
842802bffffffff-2015-07,9
842802bffffffff-2015-08,15
842802bffffffff-2015-09,19
842802bffffffff-2015-10,15
842802bffffffff-2015-11,3
842802bffffffff-2016-04,8
842802bffffffff-2016-05,2
842802bffffffff-2016-06,3
842802bffffffff-2016-07,4
842802bffffffff-2016-08,15
842802bffffffff-2016-09,37
842802bffffffff-2016-10,25
842802bffffffff-2016-12,1
842802bffffffff-2017-01,2
842802bffffffff-2017-02,1
842802bffffffff-2017-04,3
842802bffffffff-2017-05,1
842802bffffffff-2017-07,7
842802bffffffff-2017-08,39
842802bffffffff-2017-09,17
842802bffffffff-2017-11,2
842802bffffffff-2017-12,1
842802bffffffff-2018-04,1
842802bffffffff-2018-05,2
842802bffffffff-2018-07,5
842802bffffffff-2018-08,8
842802bffffffff-2018-09,8
842802bffffffff-2018-10,4
842802bffffffff-2018-11,1
842802bffffffff-2019-04,11
842802bffffffff-2019-07,1
842802bffffffff-2019-08,18
842802bffffffff-2019-09,14
842802bffffffff-2019-10,15
842802bffffffff-2019-11,1
842802bffffffff-2020-03,11
842802bffffffff-2020-04,5
842802bffffffff-2020-05,1
842802bffffffff-2020-07,36
842802bffffffff-2020-08,48
842802bffffffff-2020-09,28
842802bffffffff-2020-10,17
842802bffffffff-2020-11,4
842802bffffffff-2021-01,2
842802bffffffff-2021-02,1
842802bffffffff-2021-03,5
842802bffffffff-2021-04,13
842802bffffffff-2021-05,2
842802bffffffff-2021-06,1
842802bffffffff-2021-07,6
842802bffffffff-2021-08,46
842802bffffffff-2021-09,25
842802bffffffff-2021-10,12
842802bffffffff-2021-11,10
842802bffffffff-2021-12,11
842802bffffffff-2022-01,11
842802bffffffff-2022-02,4
842802bffffffff-2022-03,2
842802bffffffff-2022-04,20
842802bffffffff-2022-05,5
842802bffffffff-2022-07,8
842802bffffffff-2022-08,38
842802bffffffff-2022-09,15
842802bffffffff-2022-10,2
842802bffffffff-2022-12,2
842802bffffffff-2023-01,8
842802bffffffff-2023-04,1
842802bffffffff-2023-07,3
842802bffffffff-2023-08,29
842802bffffffff-2023-09,22
842802bffffffff-2023-10,10
842802bffffffff-2023-11,1
842802dffffffff-2016-07,1
8428035ffffffff-2014-06,1
8428035ffffffff-2017-09,1
8428035ffffffff-2022-08,1
8428035ffffffff-2023-04,1
8428035ffffffff-2023-09,2
8428069ffffffff-2012-08,3
8428069ffffffff-2012-09,1
8428069ffffffff-2013-04,1
8428069ffffffff-2013-08,10
8428069ffffffff-2013-09,1
8428069ffffffff-2014-04,1
8428069ffffffff-2014-07,2
8428069ffffffff-2014-08,2
8428069ffffffff-2015-08,4
8428069ffffffff-2016-07,3
8428069ffffffff-2016-08,2
8428069ffffffff-2016-09,1
8428069ffffffff-2017-05,1
8428069ffffffff-2017-07,2
8428069ffffffff-2017-08,2
8428069ffffffff-2018-08,1
8428069ffffffff-2019-04,1
8428069ffffffff-2019-08,9
8428069ffffffff-2021-04,1
8428069ffffffff-2021-09,1
8428069ffffffff-2022-07,2
8428069ffffffff-2022-08,6
8428069ffffffff-2023-08,1
842806bffffffff-2012-09,1
842806bffffffff-2013-04,2
842806bffffffff-2014-07,1
842806bffffffff-2015-04,1
842806bffffffff-2016-08,3
842806bffffffff-2021-08,1
842806bffffffff-2022-08,2
842806dffffffff-2012-08,1
842806dffffffff-2014-09,2
8428101ffffffff-2014-03,1
8428101ffffffff-2020-03,1
8428103ffffffff-2012-01,1
8428103ffffffff-2015-01,1
8428103ffffffff-2016-04,3
8428103ffffffff-2019-07,1
8428103ffffffff-2019-08,1
8428103ffffffff-2020-02,1
8428103ffffffff-2021-08,1
8428103ffffffff-2021-09,2
8428103ffffffff-2022-03,1
8428103ffffffff-2022-04,1
8428103ffffffff-2023-05,1
8428103ffffffff-2023-07,1
8428103ffffffff-2023-08,2
8428105ffffffff-2022-08,1
8428105ffffffff-2022-09,1
8428107ffffffff-2018-08,2
8428107ffffffff-2019-08,1
842810bffffffff-2019-08,1
842810bffffffff-2020-08,2
842810bffffffff-2023-09,1
842810dffffffff-2020-07,1
842810dffffffff-2022-08,1
842810dffffffff-2023-09,2
842810dffffffff-2023-10,2
8428111ffffffff-2012-08,2
8428111ffffffff-2013-08,2
8428111ffffffff-2015-08,2
8428111ffffffff-2017-08,1
8428111ffffffff-2019-08,3
8428111ffffffff-2020-07,4
8428111ffffffff-2021-06,1
8428111ffffffff-2023-08,1
8428111ffffffff-2023-10,3
8428113ffffffff-2012-04,1
8428113ffffffff-2012-08,1
8428113ffffffff-2018-08,2
8428117ffffffff-2012-07,1
8428117ffffffff-2013-02,1
8428117ffffffff-2013-04,1
8428117ffffffff-2017-08,5
8428117ffffffff-2017-10,1
8428117ffffffff-2018-09,2
8428117ffffffff-2021-03,1
8428117ffffffff-2021-04,1
8428119ffffffff-2020-10,1
8428123ffffffff-2016-08,2
8428123ffffffff-2019-06,1
8428123ffffffff-2020-04,1
8428123ffffffff-2020-07,3
8428123ffffffff-2020-08,4
8428123ffffffff-2022-09,5
8428123ffffffff-2023-08,1
8428127ffffffff-2017-10,1
8428127ffffffff-2018-07,1
8428127ffffffff-2019-08,1
8428127ffffffff-2020-08,2
8428127ffffffff-2022-08,1
8428127ffffffff-2023-08,5
8428127ffffffff-2023-09,1
842812bffffffff-2015-08,1
842812bffffffff-2016-06,2
842812bffffffff-2016-08,1
842812bffffffff-2016-09,1
842812bffffffff-2017-04,1
842812bffffffff-2017-07,2
842812bffffffff-2017-08,11
842812bffffffff-2017-09,2
842812bffffffff-2018-03,1
842812bffffffff-2018-08,3
842812bffffffff-2018-09,1
842812bffffffff-2019-08,1
842812bffffffff-2019-10,2
842812bffffffff-2020-07,4
842812bffffffff-2020-08,34
842812bffffffff-2020-09,6
842812bffffffff-2021-07,6
842812bffffffff-2021-08,5
842812bffffffff-2021-09,11
842812bffffffff-2022-07,1
842812bffffffff-2022-08,4
842812bffffffff-2022-09,17
842812bffffffff-2023-08,3
842812bffffffff-2023-09,2
8428133ffffffff-2012-09,1
8428133ffffffff-2014-09,2
8428133ffffffff-2016-08,1
8428133ffffffff-2017-08,8
8428133ffffffff-2017-09,5
8428133ffffffff-2018-08,1
8428133ffffffff-2018-09,1
8428133ffffffff-2020-09,3
8428133ffffffff-2021-03,1
8428133ffffffff-2021-04,2
8428133ffffffff-2021-08,1
8428133ffffffff-2022-08,4
8428133ffffffff-2022-09,13
8428133ffffffff-2022-10,1
8428133ffffffff-2023-07,2
8428133ffffffff-2023-08,4
8428135ffffffff-2015-08,2
8428135ffffffff-2017-09,2
8428135ffffffff-2018-08,1
8428135ffffffff-2019-09,1
8428135ffffffff-2020-07,4
8428135ffffffff-2020-08,1
8428135ffffffff-2022-09,2
8428135ffffffff-2023-08,2
8428137ffffffff-2015-08,1
8428137ffffffff-2019-08,1
8428139ffffffff-2020-04,1
8428139ffffffff-2020-07,4
8428139ffffffff-2020-08,2
8428139ffffffff-2021-07,13
8428139ffffffff-2023-07,2
842813bffffffff-2012-07,1
842813bffffffff-2012-08,7
842813bffffffff-2012-09,8
842813bffffffff-2013-03,2
842813bffffffff-2013-04,10
842813bffffffff-2013-08,2
842813bffffffff-2013-09,2
842813bffffffff-2014-04,3
842813bffffffff-2014-08,3
842813bffffffff-2014-09,1
842813bffffffff-2015-03,1
842813bffffffff-2015-04,2
842813bffffffff-2015-07,1
842813bffffffff-2015-08,3
842813bffffffff-2015-09,2
842813bffffffff-2015-10,6
842813bffffffff-2016-02,2
842813bffffffff-2016-03,1
842813bffffffff-2016-04,8
842813bffffffff-2016-08,8
842813bffffffff-2016-09,1
842813bffffffff-2016-10,1
842813bffffffff-2017-07,3
842813bffffffff-2017-08,4
842813bffffffff-2017-09,2
842813bffffffff-2018-04,10
842813bffffffff-2018-05,6
842813bffffffff-2018-07,1
842813bffffffff-2018-09,3
842813bffffffff-2018-10,3
842813bffffffff-2019-04,2
842813bffffffff-2019-07,1
842813bffffffff-2019-08,7
842813bffffffff-2019-09,9
842813bffffffff-2019-10,1
842813bffffffff-2019-11,2
842813bffffffff-2020-03,5
842813bffffffff-2020-04,22
842813bffffffff-2020-07,10
842813bffffffff-2020-08,23
842813bffffffff-2021-04,13
842813bffffffff-2021-07,3
842813bffffffff-2021-09,8
842813bffffffff-2021-10,3
842813bffffffff-2022-02,1
842813bffffffff-2022-04,1
842813bffffffff-2022-08,1
842813bffffffff-2022-09,2
842813bffffffff-2023-04,2
842813bffffffff-2023-05,1
842813bffffffff-2023-08,2
842813bffffffff-2023-09,4
842813dffffffff-2020-08,1
8428141ffffffff-2022-03,1
8428143ffffffff-2012-08,1
8428143ffffffff-2014-08,1
8428143ffffffff-2014-09,3
8428143ffffffff-2021-09,1
842814bffffffff-2019-03,1
842814bffffffff-2021-03,1
8428151ffffffff-2014-04,2
8428151ffffffff-2016-01,2
8428151ffffffff-2016-02,1
8428151ffffffff-2016-04,1
8428151ffffffff-2016-09,1
8428151ffffffff-2017-03,3
8428151ffffffff-2017-04,1
8428151ffffffff-2018-03,1
8428151ffffffff-2018-04,4
8428151ffffffff-2020-04,1
8428151ffffffff-2020-05,2
8428151ffffffff-2021-03,4
8428151ffffffff-2021-04,11
8428151ffffffff-2022-04,13
8428151ffffffff-2022-08,1
8428151ffffffff-2023-04,6
8428157ffffffff-2017-04,9
8428157ffffffff-2021-04,3
8428159ffffffff-2014-08,1
8428159ffffffff-2015-09,1
8428159ffffffff-2021-07,1
8428159ffffffff-2023-08,2
842815dffffffff-2014-04,1
842815dffffffff-2016-04,3
842815dffffffff-2017-03,2
842815dffffffff-2017-04,5
842815dffffffff-2018-04,1
842815dffffffff-2018-08,1
842815dffffffff-2020-03,1
842815dffffffff-2020-10,1
842815dffffffff-2022-07,1
8428161ffffffff-2023-09,1
842816bffffffff-2012-07,4
842816bffffffff-2015-05,1
842816bffffffff-2016-04,5
842816bffffffff-2017-08,2
842816bffffffff-2018-05,2
842816bffffffff-2018-07,2
842816bffffffff-2018-08,3
842816bffffffff-2018-09,3
842816bffffffff-2019-04,2
842816bffffffff-2019-07,4
842816bffffffff-2019-08,1
842816bffffffff-2019-09,1
842816bffffffff-2020-04,6
842816bffffffff-2020-08,10
842816bffffffff-2021-04,7
842816bffffffff-2021-05,1
842816bffffffff-2021-08,6
842816bffffffff-2021-09,5
842816bffffffff-2022-04,7
842816bffffffff-2023-04,2
842816bffffffff-2023-07,8
842816bffffffff-2023-09,1
8428183ffffffff-2012-08,4
8428183ffffffff-2012-09,1
8428183ffffffff-2013-08,1
8428183ffffffff-2015-04,4
8428183ffffffff-2016-08,2
8428183ffffffff-2017-08,3
8428183ffffffff-2018-09,7
8428183ffffffff-2019-04,1
8428183ffffffff-2020-04,6
8428183ffffffff-2020-08,3
8428183ffffffff-2020-11,4
8428183ffffffff-2021-04,8
8428183ffffffff-2021-05,5
8428183ffffffff-2021-07,1
8428183ffffffff-2021-08,1
8428183ffffffff-2021-09,6
8428183ffffffff-2022-05,4
8428183ffffffff-2023-04,2
8428183ffffffff-2023-08,11
8428183ffffffff-2023-09,3
8428187ffffffff-2012-04,1
8428187ffffffff-2013-05,1
8428187ffffffff-2014-08,2
8428187ffffffff-2014-09,3
8428187ffffffff-2014-10,2
8428187ffffffff-2015-08,3
8428187ffffffff-2015-09,9
8428187ffffffff-2015-10,3
8428187ffffffff-2018-09,1
8428187ffffffff-2020-05,2
8428187ffffffff-2020-08,2
8428187ffffffff-2020-09,1
8428187ffffffff-2021-08,1
8428187ffffffff-2021-09,2
842818dffffffff-2015-04,1
842818dffffffff-2018-09,1
8428195ffffffff-2016-07,1
8428195ffffffff-2017-05,1
8428195ffffffff-2020-08,1
8428195ffffffff-2021-09,3
8428195ffffffff-2022-08,1
8428195ffffffff-2023-10,1
842819dffffffff-2012-08,4
842819dffffffff-2013-08,3
842819dffffffff-2015-10,1
842819dffffffff-2020-07,3
842819dffffffff-2020-09,1
842819dffffffff-2021-04,2
842819dffffffff-2021-07,1
842819dffffffff-2021-08,6
842819dffffffff-2021-09,3
842819dffffffff-2022-04,1
842819dffffffff-2022-08,9
842819dffffffff-2022-09,5
842819dffffffff-2023-04,2
842819dffffffff-2023-07,1
842819dffffffff-2023-08,2
842819dffffffff-2023-09,1
842819dffffffff-2023-10,1
84281a3ffffffff-2015-08,1
84281a3ffffffff-2015-09,1
84281a3ffffffff-2015-10,1
84281a3ffffffff-2016-10,1
84281a3ffffffff-2018-08,1
84281a3ffffffff-2020-09,1
84281a3ffffffff-2021-08,1
84281a3ffffffff-2023-05,1
84281a3ffffffff-2023-09,3
84281a5ffffffff-2013-09,1
84281a5ffffffff-2014-09,1
84281a5ffffffff-2014-10,2
84281a5ffffffff-2015-08,2
84281a5ffffffff-2017-08,5
84281a5ffffffff-2018-08,6
84281a5ffffffff-2018-09,2
84281a5ffffffff-2019-08,3
84281a5ffffffff-2019-09,1
84281a5ffffffff-2020-07,3
84281a5ffffffff-2020-08,6
84281a5ffffffff-2020-09,3
84281a5ffffffff-2020-10,1
84281a5ffffffff-2021-08,5
84281a5ffffffff-2021-09,3
84281a5ffffffff-2023-08,6
84281a5ffffffff-2023-09,3
84281abffffffff-2013-09,1
84281abffffffff-2014-08,1
84281abffffffff-2016-08,1
84281abffffffff-2017-08,1
84281abffffffff-2019-08,1
84281abffffffff-2023-11,1
84281b1ffffffff-2015-04,2
84281b1ffffffff-2017-04,1
84281b1ffffffff-2020-08,1
84281b1ffffffff-2023-08,4
84281b3ffffffff-2012-08,3
84281b3ffffffff-2013-08,2
84281b3ffffffff-2015-05,1
84281b3ffffffff-2015-08,2
84281b3ffffffff-2016-09,1
84281b3ffffffff-2018-08,1
84281b3ffffffff-2019-08,24
84281b3ffffffff-2019-09,2
84281b3ffffffff-2020-07,1
84281b3ffffffff-2020-08,8
84281b3ffffffff-2020-09,3
84281b3ffffffff-2021-08,5
84281b3ffffffff-2023-08,5
84281b3ffffffff-2023-09,2
84281b5ffffffff-2012-04,6
84281b5ffffffff-2012-05,2
84281b5ffffffff-2012-06,1
84281b5ffffffff-2012-07,27
84281b5ffffffff-2012-08,38
84281b5ffffffff-2012-09,13
84281b5ffffffff-2012-10,3
84281b5ffffffff-2013-02,1
84281b5ffffffff-2013-03,4
84281b5ffffffff-2013-04,4
84281b5ffffffff-2013-05,3
84281b5ffffffff-2013-07,27
84281b5ffffffff-2013-08,9
84281b5ffffffff-2013-09,1
84281b5ffffffff-2014-03,1
84281b5ffffffff-2014-04,5
84281b5ffffffff-2014-06,1
84281b5ffffffff-2014-07,25
84281b5ffffffff-2014-08,55
84281b5ffffffff-2014-09,44
84281b5ffffffff-2014-10,28
84281b5ffffffff-2015-03,3
84281b5ffffffff-2015-04,12
84281b5ffffffff-2015-05,2
84281b5ffffffff-2015-07,46
84281b5ffffffff-2015-08,68
84281b5ffffffff-2015-09,67
84281b5ffffffff-2015-10,3
84281b5ffffffff-2016-04,5
84281b5ffffffff-2016-05,2
84281b5ffffffff-2016-06,2
84281b5ffffffff-2016-07,33
84281b5ffffffff-2016-08,83
84281b5ffffffff-2016-09,42
84281b5ffffffff-2016-10,5
84281b5ffffffff-2016-11,3
84281b5ffffffff-2016-12,3
84281b5ffffffff-2017-01,1
84281b5ffffffff-2017-02,11
84281b5ffffffff-2017-03,8
84281b5ffffffff-2017-04,1
84281b5ffffffff-2017-07,30
84281b5ffffffff-2017-08,40
84281b5ffffffff-2017-09,15
84281b5ffffffff-2017-10,2
84281b5ffffffff-2018-01,1
84281b5ffffffff-2018-02,3
84281b5ffffffff-2018-03,7
84281b5ffffffff-2018-04,3
84281b5ffffffff-2018-07,60
84281b5ffffffff-2018-08,154
84281b5ffffffff-2018-09,21
84281b5ffffffff-2018-10,4
84281b5ffffffff-2019-03,21
84281b5ffffffff-2019-04,4
84281b5ffffffff-2019-06,2
84281b5ffffffff-2019-07,48
84281b5ffffffff-2019-08,136
84281b5ffffffff-2019-09,137
84281b5ffffffff-2019-10,8
84281b5ffffffff-2020-02,1
84281b5ffffffff-2020-03,2
84281b5ffffffff-2020-04,10
84281b5ffffffff-2020-05,2
84281b5ffffffff-2020-07,36
84281b5ffffffff-2020-08,107
84281b5ffffffff-2020-09,22
84281b5ffffffff-2020-10,8
84281b5ffffffff-2021-02,8
84281b5ffffffff-2021-03,3
84281b5ffffffff-2021-04,2
84281b5ffffffff-2021-05,14
84281b5ffffffff-2021-06,5
84281b5ffffffff-2021-07,69
84281b5ffffffff-2021-08,154
84281b5ffffffff-2021-09,46
84281b5ffffffff-2021-10,1
84281b5ffffffff-2022-04,12
84281b5ffffffff-2022-05,4
84281b5ffffffff-2022-07,10
84281b5ffffffff-2022-08,102
84281b5ffffffff-2022-09,122
84281b5ffffffff-2022-10,25
84281b5ffffffff-2023-04,2
84281b5ffffffff-2023-05,1
84281b5ffffffff-2023-06,2
84281b5ffffffff-2023-07,53
84281b5ffffffff-2023-08,95
84281b5ffffffff-2023-09,33
84281b5ffffffff-2023-10,9
84281b9ffffffff-2014-01,1
84281b9ffffffff-2015-09,3
84281b9ffffffff-2015-10,1
84281b9ffffffff-2017-08,3
84281b9ffffffff-2018-10,1
84281b9ffffffff-2019-08,1
84281b9ffffffff-2022-08,1
84281bbffffffff-2012-08,1
84281bbffffffff-2013-08,1
84281bbffffffff-2015-08,1
84281bbffffffff-2015-09,10
84281bbffffffff-2015-10,3
84281bbffffffff-2016-05,1
84281bbffffffff-2016-07,1
84281bbffffffff-2016-08,2
84281bbffffffff-2016-09,3
84281bbffffffff-2017-07,1
84281bbffffffff-2017-08,1
84281bbffffffff-2017-09,1
84281bbffffffff-2018-07,2
84281bbffffffff-2019-08,7
84281bbffffffff-2020-08,3
84281bbffffffff-2022-04,1
84281bbffffffff-2023-07,1
84281c3ffffffff-2012-04,1
84281c3ffffffff-2015-02,2
84281c3ffffffff-2015-04,2
84281c3ffffffff-2017-12,1
84281c5ffffffff-2014-08,1
84281c7ffffffff-2014-08,2
84281c7ffffffff-2016-09,1
84281c7ffffffff-2019-10,1
84281c7ffffffff-2023-10,1
84281cbffffffff-2012-07,1
84281cbffffffff-2012-08,8
84281cbffffffff-2013-08,6
84281cbffffffff-2014-06,1
84281cbffffffff-2014-07,7
84281cbffffffff-2014-08,12
84281cbffffffff-2014-09,5
84281cbffffffff-2014-10,3
84281cbffffffff-2014-11,1
84281cbffffffff-2015-04,16
84281cbffffffff-2015-08,21
84281cbffffffff-2016-05,1
84281cbffffffff-2016-07,2
84281cbffffffff-2016-08,2
84281cbffffffff-2017-02,1
84281cbffffffff-2017-07,1
84281cbffffffff-2017-08,5
84281cbffffffff-2017-09,1
84281cbffffffff-2017-10,1
84281cbffffffff-2018-04,1
84281cbffffffff-2018-07,1
84281cbffffffff-2018-08,1
84281cbffffffff-2018-10,1
84281cbffffffff-2018-11,1
84281cbffffffff-2019-07,17
84281cbffffffff-2019-08,11
84281cbffffffff-2020-02,1
84281cbffffffff-2020-03,2
84281cbffffffff-2020-07,2
84281cbffffffff-2020-08,16
84281cbffffffff-2020-09,1
84281cbffffffff-2020-10,1
84281cbffffffff-2021-04,1
84281cbffffffff-2021-05,5
84281cbffffffff-2021-06,1
84281cbffffffff-2021-07,7
84281cbffffffff-2021-08,25
84281cbffffffff-2021-09,42
84281cbffffffff-2021-10,1
84281cbffffffff-2022-07,1
84281cbffffffff-2022-08,11
84281cbffffffff-2022-09,8
84281cbffffffff-2023-08,11
84281cbffffffff-2023-09,10
84281cbffffffff-2023-10,5
84281d5ffffffff-2012-08,2
84281d5ffffffff-2014-07,1
84281d5ffffffff-2014-08,1
84281d5ffffffff-2015-04,1
84281d5ffffffff-2015-08,2
84281d5ffffffff-2020-07,2
84281e1ffffffff-2015-08,1
84281e3ffffffff-2022-09,2
84281e3ffffffff-2023-09,1
84281e5ffffffff-2012-09,4
84281e5ffffffff-2013-09,1
84281e5ffffffff-2013-10,3
84281e5ffffffff-2014-05,1
84281e5ffffffff-2014-09,7
84281e5ffffffff-2014-10,1
84281e5ffffffff-2015-09,1
84281e5ffffffff-2016-09,1
84281e5ffffffff-2017-09,4
84281e5ffffffff-2017-10,2
84281e5ffffffff-2018-09,1
84281e5ffffffff-2019-05,1
84281e5ffffffff-2019-09,2
84281e5ffffffff-2020-08,1
84281e5ffffffff-2020-09,1
84281e5ffffffff-2022-04,1
84281e5ffffffff-2022-08,1
84281e5ffffffff-2022-09,3
84281e5ffffffff-2023-09,2
84281e9ffffffff-2013-08,2
84281e9ffffffff-2014-04,1
84281e9ffffffff-2014-07,1
84281e9ffffffff-2014-09,4
84281e9ffffffff-2015-08,6
84281e9ffffffff-2016-07,1
84281e9ffffffff-2017-08,1
84281e9ffffffff-2017-09,1
84281e9ffffffff-2019-09,1
84281e9ffffffff-2020-08,1
84281e9ffffffff-2021-07,1
84281e9ffffffff-2021-08,5
84281e9ffffffff-2022-08,1
84281e9ffffffff-2022-09,2
84281e9ffffffff-2023-08,1
84281e9ffffffff-2023-09,3
84281e9ffffffff-2023-10,1
84281ebffffffff-2012-03,2
84281ebffffffff-2012-07,1
84281ebffffffff-2012-08,3
84281ebffffffff-2013-04,1
84281ebffffffff-2013-05,1
84281ebffffffff-2013-06,3
84281ebffffffff-2013-08,2
84281ebffffffff-2013-09,1
84281ebffffffff-2013-10,1
84281ebffffffff-2014-04,10
84281ebffffffff-2014-07,1
84281ebffffffff-2014-08,5
84281ebffffffff-2015-04,10
84281ebffffffff-2015-06,1
84281ebffffffff-2015-07,1
84281ebffffffff-2015-08,3
84281ebffffffff-2015-09,3
84281ebffffffff-2016-07,4
84281ebffffffff-2016-08,15
84281ebffffffff-2016-09,1
84281ebffffffff-2017-05,1
84281ebffffffff-2017-06,1
84281ebffffffff-2017-08,4
84281ebffffffff-2017-09,1
84281ebffffffff-2018-04,9
84281ebffffffff-2018-08,7
84281ebffffffff-2018-09,2
84281ebffffffff-2019-04,14
84281ebffffffff-2019-05,5
84281ebffffffff-2019-08,16
84281ebffffffff-2019-09,9
84281ebffffffff-2020-02,1
84281ebffffffff-2020-04,13
84281ebffffffff-2020-07,2
84281ebffffffff-2020-09,3
84281ebffffffff-2020-10,2
84281ebffffffff-2021-03,1
84281ebffffffff-2021-04,3
84281ebffffffff-2021-08,2
84281ebffffffff-2021-09,1
84281ebffffffff-2021-10,2
84281ebffffffff-2022-04,4
84281ebffffffff-2022-05,7
84281ebffffffff-2022-07,6
84281ebffffffff-2022-08,12
84281ebffffffff-2022-09,9
84281ebffffffff-2022-10,1
84281ebffffffff-2023-04,23
84281ebffffffff-2023-05,1
84281ebffffffff-2023-07,5
84281ebffffffff-2023-08,27
84281ebffffffff-2023-09,13
84281edffffffff-2012-09,5
84281edffffffff-2013-09,1
84281edffffffff-2015-05,1
84281edffffffff-2015-09,2
84281edffffffff-2015-10,1
84281edffffffff-2017-08,1
84281edffffffff-2018-09,1
84281edffffffff-2019-04,1
84281edffffffff-2019-09,2
84281edffffffff-2020-04,1
84281edffffffff-2020-08,2
84281edffffffff-2020-09,1
84281edffffffff-2022-06,1
84281edffffffff-2022-08,4
84281edffffffff-2022-10,2
84281edffffffff-2022-11,2
84281edffffffff-2023-04,1
84281edffffffff-2023-09,3
84281edffffffff-2023-11,4
8428301ffffffff-2012-01,4
8428301ffffffff-2012-02,13
8428301ffffffff-2012-03,11
8428301ffffffff-2012-04,2
8428301ffffffff-2012-07,2
8428301ffffffff-2012-08,10
8428301ffffffff-2012-09,3
8428301ffffffff-2012-11,4
8428301ffffffff-2012-12,2
8428301ffffffff-2013-01,4
8428301ffffffff-2013-02,6
8428301ffffffff-2013-03,3
8428301ffffffff-2013-04,5
8428301ffffffff-2013-07,4
8428301ffffffff-2013-08,8
8428301ffffffff-2013-09,75
8428301ffffffff-2013-10,3
8428301ffffffff-2013-11,11
8428301ffffffff-2013-12,10
8428301ffffffff-2014-01,7
8428301ffffffff-2014-02,2
8428301ffffffff-2014-03,1
8428301ffffffff-2014-04,4
8428301ffffffff-2014-05,1
8428301ffffffff-2014-07,3
8428301ffffffff-2014-08,9
8428301ffffffff-2014-09,9
8428301ffffffff-2014-10,2
8428301ffffffff-2014-11,5
8428301ffffffff-2014-12,4
8428301ffffffff-2015-01,1
8428301ffffffff-2015-02,2
8428301ffffffff-2015-03,1
8428301ffffffff-2015-04,3
8428301ffffffff-2015-07,2
8428301ffffffff-2015-08,9
8428301ffffffff-2015-09,13
8428301ffffffff-2015-10,2
8428301ffffffff-2015-11,3
8428301ffffffff-2015-12,11
8428301ffffffff-2016-01,2
8428301ffffffff-2016-02,2
8428301ffffffff-2016-03,3
8428301ffffffff-2016-05,2
8428301ffffffff-2016-07,4
8428301ffffffff-2016-08,36
8428301ffffffff-2016-09,50
8428301ffffffff-2016-10,7
8428301ffffffff-2016-11,1
8428301ffffffff-2016-12,6
8428301ffffffff-2017-01,4
8428301ffffffff-2017-02,11
8428301ffffffff-2017-03,14
8428301ffffffff-2017-04,2
8428301ffffffff-2017-06,1
8428301ffffffff-2017-07,3
8428301ffffffff-2017-08,13
8428301ffffffff-2017-09,13
8428301ffffffff-2017-10,2
8428301ffffffff-2017-11,6
8428301ffffffff-2017-12,7
8428301ffffffff-2018-01,5
8428301ffffffff-2018-02,1
8428301ffffffff-2018-03,10
8428301ffffffff-2018-04,3
8428301ffffffff-2018-07,15
8428301ffffffff-2018-08,36
8428301ffffffff-2018-09,45
8428301ffffffff-2018-10,22
8428301ffffffff-2018-11,7
8428301ffffffff-2018-12,10
8428301ffffffff-2019-01,3
8428301ffffffff-2019-02,3
8428301ffffffff-2019-03,1
8428301ffffffff-2019-04,2
8428301ffffffff-2019-05,2
8428301ffffffff-2019-07,1
8428301ffffffff-2019-08,56
8428301ffffffff-2019-09,32
8428301ffffffff-2019-10,18
8428301ffffffff-2019-11,4
8428301ffffffff-2019-12,6
8428301ffffffff-2020-01,8
8428301ffffffff-2020-02,11
8428301ffffffff-2020-03,4
8428301ffffffff-2020-04,1
8428301ffffffff-2020-07,17
8428301ffffffff-2020-08,97
8428301ffffffff-2020-09,50
8428301ffffffff-2020-10,37
8428301ffffffff-2020-11,11
8428301ffffffff-2020-12,12
8428301ffffffff-2021-01,7
8428301ffffffff-2021-02,2
8428301ffffffff-2021-03,6
8428301ffffffff-2021-04,6
8428301ffffffff-2021-07,15
8428301ffffffff-2021-08,19
8428301ffffffff-2021-09,15
8428301ffffffff-2021-10,15
8428301ffffffff-2021-11,2
8428301ffffffff-2021-12,3
8428301ffffffff-2022-01,3
8428301ffffffff-2022-02,6
8428301ffffffff-2022-03,4
8428301ffffffff-2022-04,2
8428301ffffffff-2022-06,1
8428301ffffffff-2022-07,6
8428301ffffffff-2022-08,21
8428301ffffffff-2022-09,12
8428301ffffffff-2022-10,26
8428301ffffffff-2022-11,17
8428301ffffffff-2022-12,3
8428301ffffffff-2023-01,1
8428301ffffffff-2023-02,6
8428301ffffffff-2023-03,1
8428301ffffffff-2023-04,3
8428301ffffffff-2023-07,4
8428301ffffffff-2023-08,31
8428301ffffffff-2023-09,22
8428301ffffffff-2023-10,24
8428301ffffffff-2023-11,12
8428303ffffffff-2013-01,1
8428303ffffffff-2014-09,1
8428303ffffffff-2015-08,1
8428303ffffffff-2015-09,1
8428303ffffffff-2016-07,1
8428303ffffffff-2016-08,2
8428303ffffffff-2016-09,1
8428303ffffffff-2018-01,1
8428303ffffffff-2018-04,7
8428303ffffffff-2020-01,1
8428303ffffffff-2021-09,1
8428303ffffffff-2021-10,1
8428303ffffffff-2022-03,1
8428303ffffffff-2022-09,1
8428303ffffffff-2023-02,3
8428303ffffffff-2023-03,3
8428303ffffffff-2023-09,3
8428305ffffffff-2012-01,2
8428305ffffffff-2012-02,10
8428305ffffffff-2012-03,10
8428305ffffffff-2012-04,7
8428305ffffffff-2012-07,8
8428305ffffffff-2012-08,4
8428305ffffffff-2012-09,13
8428305ffffffff-2012-10,10
8428305ffffffff-2012-11,2
8428305ffffffff-2012-12,1
8428305ffffffff-2013-01,5
8428305ffffffff-2013-02,2
8428305ffffffff-2013-03,1
8428305ffffffff-2013-04,3
8428305ffffffff-2013-07,12
8428305ffffffff-2013-08,13
8428305ffffffff-2013-09,15
8428305ffffffff-2013-10,3
8428305ffffffff-2013-11,6
8428305ffffffff-2013-12,23
8428305ffffffff-2014-01,4
8428305ffffffff-2014-02,3
8428305ffffffff-2014-03,2
8428305ffffffff-2014-04,19
8428305ffffffff-2014-07,16
8428305ffffffff-2014-08,20
8428305ffffffff-2014-09,11
8428305ffffffff-2014-10,1
8428305ffffffff-2014-11,8
8428305ffffffff-2014-12,3
8428305ffffffff-2015-01,11
8428305ffffffff-2015-02,18
8428305ffffffff-2015-03,8
8428305ffffffff-2015-04,5
8428305ffffffff-2015-07,9
8428305ffffffff-2015-08,9
8428305ffffffff-2015-09,10
8428305ffffffff-2015-10,15
8428305ffffffff-2015-11,11
8428305ffffffff-2015-12,4
8428305ffffffff-2016-01,1
8428305ffffffff-2016-02,6
8428305ffffffff-2016-03,11
8428305ffffffff-2016-04,1
8428305ffffffff-2016-07,7
8428305ffffffff-2016-08,26
8428305ffffffff-2016-09,35
8428305ffffffff-2016-10,17
8428305ffffffff-2016-11,14
8428305ffffffff-2016-12,7
8428305ffffffff-2017-01,4
8428305ffffffff-2017-02,5
8428305ffffffff-2017-03,6
8428305ffffffff-2017-04,12
8428305ffffffff-2017-05,2
8428305ffffffff-2017-07,2
8428305ffffffff-2017-08,13
8428305ffffffff-2017-09,23
8428305ffffffff-2017-10,5
8428305ffffffff-2017-11,13
8428305ffffffff-2017-12,4
8428305ffffffff-2018-01,4
8428305ffffffff-2018-02,7
8428305ffffffff-2018-03,5
8428305ffffffff-2018-04,19
8428305ffffffff-2018-08,21
8428305ffffffff-2018-09,13
8428305ffffffff-2018-10,9
8428305ffffffff-2018-11,6
8428305ffffffff-2018-12,4
8428305ffffffff-2019-01,6
8428305ffffffff-2019-02,9
8428305ffffffff-2019-03,20
8428305ffffffff-2019-04,11
8428305ffffffff-2019-07,8
8428305ffffffff-2019-08,6
8428305ffffffff-2019-09,15
8428305ffffffff-2019-10,17
8428305ffffffff-2019-11,11
8428305ffffffff-2019-12,6
8428305ffffffff-2020-01,18
8428305ffffffff-2020-02,9
8428305ffffffff-2020-03,6
8428305ffffffff-2020-04,12
8428305ffffffff-2020-05,2
8428305ffffffff-2020-07,12
8428305ffffffff-2020-08,20
8428305ffffffff-2020-09,17
8428305ffffffff-2020-10,12
8428305ffffffff-2020-11,6
8428305ffffffff-2020-12,15
8428305ffffffff-2021-01,16
8428305ffffffff-2021-02,8
8428305ffffffff-2021-03,4
8428305ffffffff-2021-04,5
8428305ffffffff-2021-05,1
8428305ffffffff-2021-07,6
8428305ffffffff-2021-08,33
8428305ffffffff-2021-09,44
8428305ffffffff-2021-10,8
8428305ffffffff-2021-11,7
8428305ffffffff-2021-12,22
8428305ffffffff-2022-01,25
8428305ffffffff-2022-02,9
8428305ffffffff-2022-03,5
8428305ffffffff-2022-04,16
8428305ffffffff-2022-06,1
8428305ffffffff-2022-07,6
8428305ffffffff-2022-08,26
8428305ffffffff-2022-09,16
8428305ffffffff-2022-10,14
8428305ffffffff-2022-11,8
8428305ffffffff-2022-12,5
8428305ffffffff-2023-01,12
8428305ffffffff-2023-02,9
8428305ffffffff-2023-04,7
8428305ffffffff-2023-06,1
8428305ffffffff-2023-07,34
8428305ffffffff-2023-08,35
8428305ffffffff-2023-09,38
8428305ffffffff-2023-10,21
8428305ffffffff-2023-11,21
8428307ffffffff-2012-01,1
8428307ffffffff-2012-12,1
8428307ffffffff-2015-07,1
8428307ffffffff-2016-01,1
8428307ffffffff-2016-08,1
8428307ffffffff-2016-11,3
8428307ffffffff-2016-12,2
8428307ffffffff-2017-04,13
8428307ffffffff-2017-07,1
8428307ffffffff-2018-01,2
8428307ffffffff-2018-02,3
8428307ffffffff-2018-04,3
8428307ffffffff-2018-10,1
8428307ffffffff-2018-12,1
8428307ffffffff-2019-09,5
8428307ffffffff-2019-10,1
8428307ffffffff-2019-11,2
8428307ffffffff-2020-08,2
8428307ffffffff-2021-02,1
8428307ffffffff-2021-04,1
8428307ffffffff-2021-10,1
8428307ffffffff-2022-01,1
8428307ffffffff-2023-02,1
8428307ffffffff-2023-03,2
8428307ffffffff-2023-08,1
8428309ffffffff-2012-07,1
8428309ffffffff-2012-08,5
8428309ffffffff-2012-09,31
8428309ffffffff-2012-10,14
8428309ffffffff-2012-11,5
8428309ffffffff-2012-12,3
8428309ffffffff-2013-01,2
8428309ffffffff-2013-02,2
8428309ffffffff-2013-03,3
8428309ffffffff-2013-04,2
8428309ffffffff-2013-05,2
8428309ffffffff-2013-07,3
8428309ffffffff-2013-08,3
8428309ffffffff-2013-09,6
8428309ffffffff-2013-10,11
8428309ffffffff-2013-11,6
8428309ffffffff-2013-12,4
8428309ffffffff-2014-01,2
8428309ffffffff-2014-02,1
8428309ffffffff-2014-03,1
8428309ffffffff-2014-07,2
8428309ffffffff-2014-08,10
8428309ffffffff-2014-09,6
8428309ffffffff-2014-10,14
8428309ffffffff-2014-11,9
8428309ffffffff-2015-01,3
8428309ffffffff-2015-02,2
8428309ffffffff-2015-03,2
8428309ffffffff-2015-04,1
8428309ffffffff-2015-07,10
8428309ffffffff-2015-08,11
8428309ffffffff-2015-09,10
8428309ffffffff-2015-10,4
8428309ffffffff-2015-11,14
8428309ffffffff-2015-12,14
8428309ffffffff-2016-01,1
8428309ffffffff-2016-02,3
8428309ffffffff-2016-04,1
8428309ffffffff-2016-05,1
8428309ffffffff-2016-08,14
8428309ffffffff-2016-09,23
8428309ffffffff-2016-10,12
8428309ffffffff-2016-11,2
8428309ffffffff-2016-12,3
8428309ffffffff-2017-03,2
8428309ffffffff-2017-04,2
8428309ffffffff-2017-07,2
8428309ffffffff-2017-08,26
8428309ffffffff-2017-09,19
8428309ffffffff-2017-10,6
8428309ffffffff-2017-11,12
8428309ffffffff-2017-12,4
8428309ffffffff-2018-01,9
8428309ffffffff-2018-03,2
8428309ffffffff-2018-07,6
8428309ffffffff-2018-08,24
8428309ffffffff-2018-09,12
8428309ffffffff-2018-10,20
8428309ffffffff-2018-11,14
8428309ffffffff-2018-12,8
8428309ffffffff-2019-01,6
8428309ffffffff-2019-02,2
8428309ffffffff-2019-04,1
8428309ffffffff-2019-07,5
8428309ffffffff-2019-08,13
8428309ffffffff-2019-09,5
8428309ffffffff-2019-10,11
8428309ffffffff-2019-11,6
8428309ffffffff-2019-12,1
8428309ffffffff-2020-01,1
8428309ffffffff-2020-02,2
8428309ffffffff-2020-03,9
8428309ffffffff-2020-05,2
8428309ffffffff-2020-07,12
8428309ffffffff-2020-08,33
8428309ffffffff-2020-09,35
8428309ffffffff-2020-10,20
8428309ffffffff-2020-11,12
8428309ffffffff-2020-12,3
8428309ffffffff-2021-01,2
8428309ffffffff-2021-02,7
8428309ffffffff-2021-03,1
8428309ffffffff-2021-05,2
8428309ffffffff-2021-07,12
8428309ffffffff-2021-08,27
8428309ffffffff-2021-09,24
8428309ffffffff-2021-10,11
8428309ffffffff-2021-11,18
8428309ffffffff-2021-12,2
8428309ffffffff-2022-01,3
8428309ffffffff-2022-02,4
8428309ffffffff-2022-03,8
8428309ffffffff-2022-07,8
8428309ffffffff-2022-08,34
8428309ffffffff-2022-09,25
8428309ffffffff-2022-10,17
8428309ffffffff-2022-11,6
8428309ffffffff-2022-12,5
8428309ffffffff-2023-01,1
8428309ffffffff-2023-03,2
8428309ffffffff-2023-04,1
8428309ffffffff-2023-08,44
8428309ffffffff-2023-09,19
8428309ffffffff-2023-10,25
8428309ffffffff-2023-11,15
842830bffffffff-2012-01,1
842830bffffffff-2012-03,2
842830bffffffff-2012-07,1
842830bffffffff-2012-08,6
842830bffffffff-2012-09,14
842830bffffffff-2012-10,6
842830bffffffff-2013-01,2
842830bffffffff-2013-02,2
842830bffffffff-2013-04,1
842830bffffffff-2013-07,3
842830bffffffff-2013-08,3
842830bffffffff-2013-09,6
842830bffffffff-2013-10,5
842830bffffffff-2013-11,4
842830bffffffff-2014-01,3
842830bffffffff-2014-02,3
842830bffffffff-2014-04,7
842830bffffffff-2014-07,4
842830bffffffff-2014-08,18
842830bffffffff-2014-09,11
842830bffffffff-2014-10,12
842830bffffffff-2014-11,3
842830bffffffff-2015-01,1
842830bffffffff-2015-03,3
842830bffffffff-2015-04,2
842830bffffffff-2015-07,9
842830bffffffff-2015-08,10
842830bffffffff-2015-09,9
842830bffffffff-2015-10,2
842830bffffffff-2015-11,6
842830bffffffff-2015-12,2
842830bffffffff-2016-01,1
842830bffffffff-2016-02,3
842830bffffffff-2016-03,4
842830bffffffff-2016-04,4
842830bffffffff-2016-08,11
842830bffffffff-2016-09,9
842830bffffffff-2016-10,13
842830bffffffff-2016-11,1
842830bffffffff-2017-03,3
842830bffffffff-2017-04,4
842830bffffffff-2017-07,3
842830bffffffff-2017-08,5
842830bffffffff-2017-09,19
842830bffffffff-2017-10,5
842830bffffffff-2017-11,1
842830bffffffff-2017-12,1
842830bffffffff-2018-02,1
842830bffffffff-2018-03,7
842830bffffffff-2018-04,1
842830bffffffff-2018-07,6
842830bffffffff-2018-08,39
842830bffffffff-2018-09,28
842830bffffffff-2018-10,2
842830bffffffff-2018-11,2
842830bffffffff-2019-04,7
842830bffffffff-2019-07,13
842830bffffffff-2019-08,32
842830bffffffff-2019-09,18
842830bffffffff-2019-10,13
842830bffffffff-2019-11,1
842830bffffffff-2019-12,2
842830bffffffff-2020-03,1
842830bffffffff-2020-04,3
842830bffffffff-2020-05,11
842830bffffffff-2020-07,6
842830bffffffff-2020-08,21
842830bffffffff-2020-09,6
842830bffffffff-2020-10,10
842830bffffffff-2020-11,3
842830bffffffff-2020-12,3
842830bffffffff-2021-03,1
842830bffffffff-2021-04,4
842830bffffffff-2021-05,3
842830bffffffff-2021-07,38
842830bffffffff-2021-08,20
842830bffffffff-2021-09,10
842830bffffffff-2021-10,6
842830bffffffff-2021-11,6
842830bffffffff-2021-12,3
842830bffffffff-2022-01,1
842830bffffffff-2022-03,4
842830bffffffff-2022-04,6
842830bffffffff-2022-05,3
842830bffffffff-2022-08,22
842830bffffffff-2022-09,12
842830bffffffff-2022-10,3
842830bffffffff-2022-11,2
842830bffffffff-2023-01,1
842830bffffffff-2023-03,1
842830bffffffff-2023-04,7
842830bffffffff-2023-07,1
842830bffffffff-2023-08,54
842830bffffffff-2023-09,13
842830bffffffff-2023-10,18
842830bffffffff-2023-11,3
842830dffffffff-2012-02,2
842830dffffffff-2012-07,1
842830dffffffff-2012-08,3
842830dffffffff-2012-11,1
842830dffffffff-2012-12,3
842830dffffffff-2013-01,1
842830dffffffff-2013-08,2
842830dffffffff-2013-09,2
842830dffffffff-2013-12,1
842830dffffffff-2014-03,1
842830dffffffff-2014-07,1
842830dffffffff-2014-08,3
842830dffffffff-2014-11,1
842830dffffffff-2014-12,1
842830dffffffff-2015-01,4
842830dffffffff-2015-02,4
842830dffffffff-2015-03,1
842830dffffffff-2015-04,1
842830dffffffff-2015-11,1
842830dffffffff-2015-12,6
842830dffffffff-2016-01,27
842830dffffffff-2016-02,4
842830dffffffff-2016-03,3
842830dffffffff-2016-04,1
842830dffffffff-2016-07,4
842830dffffffff-2016-08,6
842830dffffffff-2016-09,3
842830dffffffff-2017-01,4
842830dffffffff-2017-02,11
842830dffffffff-2017-03,3
842830dffffffff-2017-08,2
842830dffffffff-2017-10,3
842830dffffffff-2018-01,9
842830dffffffff-2018-02,3
842830dffffffff-2018-03,6
842830dffffffff-2018-04,4
842830dffffffff-2018-08,1
842830dffffffff-2018-09,1
842830dffffffff-2018-11,16
842830dffffffff-2018-12,8
842830dffffffff-2019-01,18
842830dffffffff-2019-02,4
842830dffffffff-2019-03,5
842830dffffffff-2019-07,8
842830dffffffff-2019-08,11
842830dffffffff-2019-09,3
842830dffffffff-2019-10,2
842830dffffffff-2019-11,4
842830dffffffff-2019-12,10
842830dffffffff-2020-01,7
842830dffffffff-2020-02,2
842830dffffffff-2020-04,9
842830dffffffff-2020-07,2
842830dffffffff-2020-08,3
842830dffffffff-2020-09,4
842830dffffffff-2020-11,1
842830dffffffff-2020-12,6
842830dffffffff-2021-01,18
842830dffffffff-2021-02,3
842830dffffffff-2021-04,1
842830dffffffff-2021-07,6
842830dffffffff-2021-08,3
842830dffffffff-2021-09,5
842830dffffffff-2021-11,4
842830dffffffff-2021-12,5
842830dffffffff-2022-01,5
842830dffffffff-2022-02,12
842830dffffffff-2022-03,3
842830dffffffff-2022-04,4
842830dffffffff-2022-08,1
842830dffffffff-2022-10,6
842830dffffffff-2022-12,2
842830dffffffff-2023-01,15
842830dffffffff-2023-02,9
842830dffffffff-2023-03,12
842830dffffffff-2023-04,16
842830dffffffff-2023-08,10
8428311ffffffff-2021-08,1
8428311ffffffff-2023-09,1
8428313ffffffff-2015-04,2
8428313ffffffff-2017-09,1
8428313ffffffff-2018-08,1
8428313ffffffff-2020-08,6
8428313ffffffff-2020-09,2
8428313ffffffff-2021-08,1
8428313ffffffff-2021-09,2
8428313ffffffff-2022-08,2
8428313ffffffff-2023-08,2
8428317ffffffff-2012-08,3
8428317ffffffff-2013-07,1
8428317ffffffff-2013-08,4
8428317ffffffff-2014-07,4
8428317ffffffff-2014-08,1
8428317ffffffff-2014-09,1
8428317ffffffff-2015-06,2
8428317ffffffff-2015-07,2
8428317ffffffff-2015-08,3
8428317ffffffff-2016-04,6
8428317ffffffff-2016-05,2
8428317ffffffff-2016-08,14
8428317ffffffff-2017-04,1
8428317ffffffff-2017-08,1
8428317ffffffff-2017-09,1
8428317ffffffff-2019-04,2
8428317ffffffff-2021-04,2
8428317ffffffff-2021-08,3
8428317ffffffff-2022-08,1
8428317ffffffff-2022-09,1
8428317ffffffff-2023-07,3
8428317ffffffff-2023-08,6
842831dffffffff-2012-08,1
842831dffffffff-2013-08,2
842831dffffffff-2013-10,1
842831dffffffff-2013-11,1
842831dffffffff-2014-08,3
842831dffffffff-2014-09,1
842831dffffffff-2015-05,1
842831dffffffff-2015-07,2
842831dffffffff-2015-08,1
842831dffffffff-2016-07,1
842831dffffffff-2016-08,2
842831dffffffff-2017-08,15
842831dffffffff-2017-09,6
842831dffffffff-2018-03,1
842831dffffffff-2018-08,3
842831dffffffff-2019-02,1
842831dffffffff-2019-07,6
842831dffffffff-2019-08,1
842831dffffffff-2019-10,1
842831dffffffff-2020-07,64
842831dffffffff-2020-08,27
842831dffffffff-2020-10,2
842831dffffffff-2021-07,10
842831dffffffff-2021-08,1
842831dffffffff-2022-07,1
842831dffffffff-2022-08,6
842831dffffffff-2022-10,2
842831dffffffff-2023-01,1
842831dffffffff-2023-08,11
842831dffffffff-2023-10,1
8428321ffffffff-2017-08,1
8428321ffffffff-2018-03,2
8428321ffffffff-2020-04,2
8428321ffffffff-2020-09,2
8428321ffffffff-2020-10,7
8428321ffffffff-2022-03,1
8428321ffffffff-2022-10,1
8428321ffffffff-2022-11,1
8428321ffffffff-2023-01,3
8428323ffffffff-2013-02,1
8428323ffffffff-2014-01,2
8428323ffffffff-2014-10,1
8428323ffffffff-2015-02,4
8428323ffffffff-2015-04,15
8428323ffffffff-2015-05,2
8428323ffffffff-2015-07,1
8428323ffffffff-2015-08,1
8428323ffffffff-2015-09,1
8428323ffffffff-2015-10,2
8428323ffffffff-2015-11,8
8428323ffffffff-2015-12,5
8428323ffffffff-2016-01,2
8428323ffffffff-2016-09,6
8428323ffffffff-2017-03,1
8428323ffffffff-2017-04,2
8428323ffffffff-2018-03,3
8428323ffffffff-2018-10,2
8428323ffffffff-2018-12,1
8428323ffffffff-2019-03,1
8428323ffffffff-2019-04,2
8428323ffffffff-2020-01,3
8428323ffffffff-2020-04,5
8428323ffffffff-2020-06,1
8428323ffffffff-2020-07,1
8428323ffffffff-2020-08,14
8428323ffffffff-2020-11,1
8428323ffffffff-2021-03,2
8428323ffffffff-2021-07,17
8428323ffffffff-2021-08,19
8428323ffffffff-2021-09,2
8428323ffffffff-2021-11,6
8428323ffffffff-2021-12,2
8428323ffffffff-2022-02,1
8428323ffffffff-2022-03,1
8428323ffffffff-2022-04,1
8428323ffffffff-2022-05,4
8428323ffffffff-2022-09,2
8428323ffffffff-2022-10,3
8428323ffffffff-2023-04,1
8428323ffffffff-2023-09,1
8428323ffffffff-2023-10,1
8428329ffffffff-2012-01,1
8428329ffffffff-2012-03,2
8428329ffffffff-2012-09,1
8428329ffffffff-2013-02,1
8428329ffffffff-2013-03,1
8428329ffffffff-2013-04,2
8428329ffffffff-2014-03,4
8428329ffffffff-2014-04,1
8428329ffffffff-2014-07,2
8428329ffffffff-2014-10,1
8428329ffffffff-2015-02,1
8428329ffffffff-2015-03,3
8428329ffffffff-2015-08,2
8428329ffffffff-2015-09,4
8428329ffffffff-2015-11,1
8428329ffffffff-2015-12,1
8428329ffffffff-2016-01,1
8428329ffffffff-2016-07,2
8428329ffffffff-2016-10,1
8428329ffffffff-2016-11,2
8428329ffffffff-2017-01,1
8428329ffffffff-2017-03,3
8428329ffffffff-2017-04,6
8428329ffffffff-2017-07,2
8428329ffffffff-2017-09,1
8428329ffffffff-2018-03,1
8428329ffffffff-2018-06,1
8428329ffffffff-2018-10,1
8428329ffffffff-2018-12,1
8428329ffffffff-2019-12,1
8428329ffffffff-2020-03,3
8428329ffffffff-2020-07,2
8428329ffffffff-2020-12,1
8428329ffffffff-2021-03,1
8428329ffffffff-2021-08,6
8428329ffffffff-2021-09,4
8428329ffffffff-2021-10,1
8428329ffffffff-2022-03,4
8428329ffffffff-2022-04,1
8428329ffffffff-2022-07,2
8428329ffffffff-2022-09,1
842832bffffffff-2012-01,10
842832bffffffff-2012-02,3
842832bffffffff-2012-03,4
842832bffffffff-2012-04,14
842832bffffffff-2012-07,3
842832bffffffff-2012-08,18
842832bffffffff-2012-09,3
842832bffffffff-2012-10,18
842832bffffffff-2012-11,10
842832bffffffff-2013-02,11
842832bffffffff-2013-03,27
842832bffffffff-2013-04,8
842832bffffffff-2013-07,52
842832bffffffff-2013-08,38
842832bffffffff-2013-09,12
842832bffffffff-2013-10,7
842832bffffffff-2013-11,16
842832bffffffff-2013-12,6
842832bffffffff-2014-01,5
842832bffffffff-2014-02,4
842832bffffffff-2014-03,8
842832bffffffff-2014-04,1
842832bffffffff-2014-05,1
842832bffffffff-2014-07,26
842832bffffffff-2014-08,36
842832bffffffff-2014-09,4
842832bffffffff-2014-10,13
842832bffffffff-2014-11,4
842832bffffffff-2015-01,3
842832bffffffff-2015-02,8
842832bffffffff-2015-03,33
842832bffffffff-2015-04,30
842832bffffffff-2015-06,6
842832bffffffff-2015-07,43
842832bffffffff-2015-08,38
842832bffffffff-2015-09,38
842832bffffffff-2015-10,28
842832bffffffff-2015-11,24
842832bffffffff-2015-12,8
842832bffffffff-2016-01,8
842832bffffffff-2016-02,19
842832bffffffff-2016-03,7
842832bffffffff-2016-04,45
842832bffffffff-2016-07,21
842832bffffffff-2016-08,20
842832bffffffff-2016-09,44
842832bffffffff-2016-10,20
842832bffffffff-2016-11,18
842832bffffffff-2016-12,14
842832bffffffff-2017-01,4
842832bffffffff-2017-02,1
842832bffffffff-2017-03,4
842832bffffffff-2017-07,35
842832bffffffff-2017-08,13
842832bffffffff-2017-09,34
842832bffffffff-2017-10,29
842832bffffffff-2017-11,17
842832bffffffff-2017-12,42
842832bffffffff-2018-01,32
842832bffffffff-2018-02,46
842832bffffffff-2018-03,33
842832bffffffff-2018-04,164
842832bffffffff-2018-05,2
842832bffffffff-2018-07,52
842832bffffffff-2018-08,65
842832bffffffff-2018-09,38
842832bffffffff-2018-10,38
842832bffffffff-2018-11,16
842832bffffffff-2018-12,11
842832bffffffff-2019-01,7
842832bffffffff-2019-02,2
842832bffffffff-2019-03,11
842832bffffffff-2019-04,4
842832bffffffff-2019-07,46
842832bffffffff-2019-08,27
842832bffffffff-2019-09,64
842832bffffffff-2019-10,59
842832bffffffff-2019-11,22
842832bffffffff-2019-12,7
842832bffffffff-2020-01,6
842832bffffffff-2020-02,19
842832bffffffff-2020-03,46
842832bffffffff-2020-04,56
842832bffffffff-2020-05,2
842832bffffffff-2020-07,32
842832bffffffff-2020-08,11
842832bffffffff-2020-09,36
842832bffffffff-2020-10,26
842832bffffffff-2020-11,9
842832bffffffff-2020-12,8
842832bffffffff-2021-01,7
842832bffffffff-2021-02,9
842832bffffffff-2021-03,12
842832bffffffff-2021-04,18
842832bffffffff-2021-07,7
842832bffffffff-2021-08,79
842832bffffffff-2021-09,29
842832bffffffff-2021-10,11
842832bffffffff-2021-11,27
842832bffffffff-2021-12,2
842832bffffffff-2022-01,19
842832bffffffff-2022-02,18
842832bffffffff-2022-03,15
842832bffffffff-2022-04,24
842832bffffffff-2022-05,1
842832bffffffff-2022-06,3
842832bffffffff-2022-07,37
842832bffffffff-2022-08,32
842832bffffffff-2022-09,28
842832bffffffff-2022-10,24
842832bffffffff-2022-11,15
842832bffffffff-2022-12,10
842832bffffffff-2023-01,8
842832bffffffff-2023-02,17
842832bffffffff-2023-03,4
842832bffffffff-2023-04,8
842832bffffffff-2023-07,20
842832bffffffff-2023-08,78
842832bffffffff-2023-09,70
842832bffffffff-2023-10,86
842832bffffffff-2023-11,29
8428331ffffffff-2012-01,3
8428331ffffffff-2012-03,2
8428331ffffffff-2012-04,5
8428331ffffffff-2012-08,6
8428331ffffffff-2012-09,2
8428331ffffffff-2012-10,1
8428331ffffffff-2012-12,1
8428331ffffffff-2013-01,1
8428331ffffffff-2013-03,7
8428331ffffffff-2013-12,1
8428331ffffffff-2014-02,1
8428331ffffffff-2014-04,1
8428331ffffffff-2014-05,2
8428331ffffffff-2014-09,2
8428331ffffffff-2014-10,1
8428331ffffffff-2014-11,3
8428331ffffffff-2015-01,12
8428331ffffffff-2015-02,3
8428331ffffffff-2015-03,9
8428331ffffffff-2015-04,4
8428331ffffffff-2015-05,1
8428331ffffffff-2015-07,1
8428331ffffffff-2015-09,4
8428331ffffffff-2015-10,1
8428331ffffffff-2015-11,1
8428331ffffffff-2015-12,2
8428331ffffffff-2016-01,5
8428331ffffffff-2016-02,4
8428331ffffffff-2016-03,5
8428331ffffffff-2016-04,5
8428331ffffffff-2016-09,3
8428331ffffffff-2016-10,6
8428331ffffffff-2017-02,1
8428331ffffffff-2017-03,3
8428331ffffffff-2017-04,2
8428331ffffffff-2017-08,1
8428331ffffffff-2017-12,1
8428331ffffffff-2018-01,6
8428331ffffffff-2018-02,7
8428331ffffffff-2018-03,5
8428331ffffffff-2018-04,9
8428331ffffffff-2018-08,2
8428331ffffffff-2018-09,5
8428331ffffffff-2018-10,6
8428331ffffffff-2018-11,1
8428331ffffffff-2018-12,1
8428331ffffffff-2019-03,4
8428331ffffffff-2019-04,9
8428331ffffffff-2019-08,3
8428331ffffffff-2019-09,16
8428331ffffffff-2019-10,1
8428331ffffffff-2020-01,2
8428331ffffffff-2020-02,1
8428331ffffffff-2020-03,5
8428331ffffffff-2020-04,14
8428331ffffffff-2020-08,11
8428331ffffffff-2020-10,6
8428331ffffffff-2020-11,6
8428331ffffffff-2021-02,5
8428331ffffffff-2021-03,2
8428331ffffffff-2021-04,8
8428331ffffffff-2021-08,3
8428331ffffffff-2021-09,4
8428331ffffffff-2021-10,3
8428331ffffffff-2021-11,2
8428331ffffffff-2021-12,4
8428331ffffffff-2022-01,10
8428331ffffffff-2022-02,6
8428331ffffffff-2022-03,3
8428331ffffffff-2022-04,6
8428331ffffffff-2022-07,5
8428331ffffffff-2022-08,9
8428331ffffffff-2023-02,1
8428331ffffffff-2023-04,4
8428331ffffffff-2023-08,3
8428331ffffffff-2023-09,4
8428331ffffffff-2023-10,2
8428331ffffffff-2023-11,1
8428335ffffffff-2013-04,1
8428335ffffffff-2013-10,1
8428335ffffffff-2013-12,3
8428335ffffffff-2014-01,1
8428335ffffffff-2014-04,4
8428335ffffffff-2014-09,1
8428335ffffffff-2014-10,2
8428335ffffffff-2015-01,1
8428335ffffffff-2015-10,2
8428335ffffffff-2016-02,1
8428335ffffffff-2016-04,2
8428335ffffffff-2016-09,3
8428335ffffffff-2016-10,2
8428335ffffffff-2016-12,3
8428335ffffffff-2017-12,1
8428335ffffffff-2018-03,3
8428335ffffffff-2018-07,1
8428335ffffffff-2018-12,7
8428335ffffffff-2019-04,2
8428335ffffffff-2019-09,1
8428335ffffffff-2019-11,1
8428335ffffffff-2020-02,1
8428335ffffffff-2020-04,8
8428335ffffffff-2020-08,15
8428335ffffffff-2020-09,9
8428335ffffffff-2020-10,6
8428335ffffffff-2020-11,2
8428335ffffffff-2020-12,1
8428335ffffffff-2021-02,5
8428335ffffffff-2021-04,2
8428335ffffffff-2021-07,1
8428335ffffffff-2021-08,8
8428335ffffffff-2021-09,5
8428335ffffffff-2021-10,2
8428335ffffffff-2021-12,1
8428335ffffffff-2022-01,1
8428335ffffffff-2022-02,2
8428335ffffffff-2022-03,1
8428335ffffffff-2022-07,1
8428335ffffffff-2022-08,5
8428335ffffffff-2022-09,7
8428335ffffffff-2022-10,4
8428335ffffffff-2023-04,1
8428335ffffffff-2023-08,39
8428335ffffffff-2023-09,60
8428335ffffffff-2023-10,3
8428337ffffffff-2012-04,1
8428337ffffffff-2012-07,2
8428337ffffffff-2012-08,4
8428337ffffffff-2012-09,4
8428337ffffffff-2013-07,2
8428337ffffffff-2013-08,4
8428337ffffffff-2013-11,4
8428337ffffffff-2013-12,1
8428337ffffffff-2014-01,13
8428337ffffffff-2014-04,4
8428337ffffffff-2014-08,8
8428337ffffffff-2014-09,3
8428337ffffffff-2014-10,1
8428337ffffffff-2015-01,2
8428337ffffffff-2015-04,12
8428337ffffffff-2015-07,1
8428337ffffffff-2015-08,3
8428337ffffffff-2015-09,1
8428337ffffffff-2016-04,7
8428337ffffffff-2016-09,7
8428337ffffffff-2016-10,4
8428337ffffffff-2017-01,1
8428337ffffffff-2017-04,9
8428337ffffffff-2017-05,1
8428337ffffffff-2017-10,4
8428337ffffffff-2018-01,2
8428337ffffffff-2018-04,10
8428337ffffffff-2018-05,3
8428337ffffffff-2018-07,1
8428337ffffffff-2018-08,1
8428337ffffffff-2018-09,1
8428337ffffffff-2018-12,1
8428337ffffffff-2019-04,11
8428337ffffffff-2019-08,6
8428337ffffffff-2019-10,2
8428337ffffffff-2020-03,1
8428337ffffffff-2020-04,18
8428337ffffffff-2020-07,1
8428337ffffffff-2020-08,1
8428337ffffffff-2020-09,1
8428337ffffffff-2020-10,1
8428337ffffffff-2021-04,20
8428337ffffffff-2021-12,2
8428337ffffffff-2022-03,1
8428337ffffffff-2022-04,9
8428337ffffffff-2022-08,1
8428337ffffffff-2022-11,1
8428337ffffffff-2023-04,5
842833bffffffff-2014-07,3
842833bffffffff-2014-08,4
842833bffffffff-2014-09,2
842833bffffffff-2020-09,3
842833bffffffff-2020-10,1
842833bffffffff-2021-01,3
842833bffffffff-2021-05,1
842833bffffffff-2021-07,1
842833bffffffff-2021-08,3
842833bffffffff-2022-07,1
842833dffffffff-2012-10,1
842833dffffffff-2013-01,2
842833dffffffff-2013-08,3
842833dffffffff-2013-12,1
842833dffffffff-2015-02,4
842833dffffffff-2016-04,5
842833dffffffff-2016-08,2
842833dffffffff-2016-09,4
842833dffffffff-2016-11,1
842833dffffffff-2016-12,1
842833dffffffff-2017-04,1
842833dffffffff-2017-08,2
842833dffffffff-2017-09,3
842833dffffffff-2017-10,1
842833dffffffff-2017-12,3
842833dffffffff-2018-02,1
842833dffffffff-2018-03,1
842833dffffffff-2018-04,3
842833dffffffff-2018-07,1
842833dffffffff-2018-08,2
842833dffffffff-2019-05,1
842833dffffffff-2019-12,3
842833dffffffff-2020-02,1
842833dffffffff-2020-03,9
842833dffffffff-2020-04,2
842833dffffffff-2020-08,2
842833dffffffff-2020-09,5
842833dffffffff-2020-10,12
842833dffffffff-2021-01,3
842833dffffffff-2021-02,2
842833dffffffff-2021-10,2
842833dffffffff-2022-03,2
842833dffffffff-2022-04,1
842833dffffffff-2022-07,3
842833dffffffff-2022-08,27
842833dffffffff-2022-09,1
842833dffffffff-2023-02,2
842833dffffffff-2023-04,1
8428341ffffffff-2012-08,4
8428341ffffffff-2013-04,1
8428341ffffffff-2014-08,3
8428341ffffffff-2014-09,1
8428341ffffffff-2015-08,1
8428341ffffffff-2015-09,1
8428341ffffffff-2015-10,1
8428341ffffffff-2016-04,2
8428341ffffffff-2016-07,2
8428341ffffffff-2016-08,8
8428341ffffffff-2016-09,4
8428341ffffffff-2016-10,1
8428341ffffffff-2017-08,2
8428341ffffffff-2017-10,3
8428341ffffffff-2018-08,2
8428341ffffffff-2018-09,1
8428341ffffffff-2019-07,1
8428341ffffffff-2019-08,1
8428341ffffffff-2019-09,1
8428341ffffffff-2020-08,2
8428341ffffffff-2021-05,1
8428341ffffffff-2021-08,2
8428341ffffffff-2022-05,1
8428341ffffffff-2022-07,1
8428341ffffffff-2022-08,2
8428341ffffffff-2023-03,1
8428341ffffffff-2023-08,58
8428341ffffffff-2023-09,2
8428341ffffffff-2023-10,1
8428343ffffffff-2012-04,2
8428343ffffffff-2012-07,2
8428343ffffffff-2013-02,1
8428343ffffffff-2013-04,1
8428343ffffffff-2013-07,1
8428343ffffffff-2013-08,1
8428343ffffffff-2014-04,1
8428343ffffffff-2014-08,3
8428343ffffffff-2015-08,1
8428343ffffffff-2015-10,1
8428343ffffffff-2015-11,1
8428343ffffffff-2016-07,1
8428343ffffffff-2016-08,4
8428343ffffffff-2017-04,6
8428343ffffffff-2017-09,2
8428343ffffffff-2019-08,1
8428343ffffffff-2019-11,2
8428343ffffffff-2020-02,1
8428343ffffffff-2021-04,5
8428343ffffffff-2021-08,1
8428343ffffffff-2022-08,17
8428343ffffffff-2022-09,17
8428343ffffffff-2023-08,3
8428345ffffffff-2012-09,2
8428345ffffffff-2013-09,2
8428345ffffffff-2014-12,1
8428345ffffffff-2015-08,1
8428345ffffffff-2015-09,3
8428345ffffffff-2015-10,3
8428345ffffffff-2016-08,12
8428345ffffffff-2016-10,2
8428345ffffffff-2017-03,1
8428345ffffffff-2018-12,6
8428345ffffffff-2019-01,2
8428345ffffffff-2019-02,5
8428345ffffffff-2019-03,1
8428345ffffffff-2019-08,1
8428345ffffffff-2020-10,1
8428345ffffffff-2021-07,1
8428345ffffffff-2022-10,3
8428345ffffffff-2022-12,11
8428345ffffffff-2023-01,3
8428345ffffffff-2023-08,1
8428347ffffffff-2012-01,8
8428347ffffffff-2012-02,9
8428347ffffffff-2012-03,3
8428347ffffffff-2012-04,5
8428347ffffffff-2012-07,5
8428347ffffffff-2012-08,29
8428347ffffffff-2012-09,50
8428347ffffffff-2012-10,15
8428347ffffffff-2012-11,20
8428347ffffffff-2012-12,4
8428347ffffffff-2013-01,4
8428347ffffffff-2013-02,6
8428347ffffffff-2013-03,6
8428347ffffffff-2013-04,10
8428347ffffffff-2013-05,5
8428347ffffffff-2013-07,26
8428347ffffffff-2013-08,50
8428347ffffffff-2013-09,58
8428347ffffffff-2013-10,14
8428347ffffffff-2013-11,12
8428347ffffffff-2013-12,4
8428347ffffffff-2014-01,16
8428347ffffffff-2014-02,3
8428347ffffffff-2014-03,1
8428347ffffffff-2014-04,7
8428347ffffffff-2014-05,4
8428347ffffffff-2014-07,4
8428347ffffffff-2014-08,67
8428347ffffffff-2014-09,55
8428347ffffffff-2014-10,11
8428347ffffffff-2014-11,9
8428347ffffffff-2014-12,8
8428347ffffffff-2015-01,31
8428347ffffffff-2015-02,22
8428347ffffffff-2015-03,13
8428347ffffffff-2015-04,5
8428347ffffffff-2015-06,3
8428347ffffffff-2015-07,23
8428347ffffffff-2015-08,90
8428347ffffffff-2015-09,119
8428347ffffffff-2015-10,36
8428347ffffffff-2015-11,13
8428347ffffffff-2015-12,10
8428347ffffffff-2016-01,22
8428347ffffffff-2016-02,18
8428347ffffffff-2016-03,2
8428347ffffffff-2016-04,13
8428347ffffffff-2016-07,20
8428347ffffffff-2016-08,74
8428347ffffffff-2016-09,102
8428347ffffffff-2016-10,39
8428347ffffffff-2016-11,37
8428347ffffffff-2016-12,21
8428347ffffffff-2017-01,5
8428347ffffffff-2017-02,8
8428347ffffffff-2017-03,13
8428347ffffffff-2017-04,26
8428347ffffffff-2017-07,23
8428347ffffffff-2017-08,96
8428347ffffffff-2017-09,65
8428347ffffffff-2017-10,34
8428347ffffffff-2017-11,14
8428347ffffffff-2017-12,4
8428347ffffffff-2018-01,10
8428347ffffffff-2018-02,13
8428347ffffffff-2018-03,1
8428347ffffffff-2018-04,9
8428347ffffffff-2018-05,1
8428347ffffffff-2018-07,9
8428347ffffffff-2018-08,91
8428347ffffffff-2018-09,52
8428347ffffffff-2018-10,82
8428347ffffffff-2018-11,37
8428347ffffffff-2018-12,15
8428347ffffffff-2019-01,7
8428347ffffffff-2019-02,8
8428347ffffffff-2019-03,7
8428347ffffffff-2019-04,3
8428347ffffffff-2019-07,20
8428347ffffffff-2019-08,78
8428347ffffffff-2019-09,137
8428347ffffffff-2019-10,73
8428347ffffffff-2019-11,14
8428347ffffffff-2019-12,16
8428347ffffffff-2020-01,29
8428347ffffffff-2020-02,25
8428347ffffffff-2020-03,8
8428347ffffffff-2020-04,16
8428347ffffffff-2020-06,3
8428347ffffffff-2020-07,63
8428347ffffffff-2020-08,149
8428347ffffffff-2020-09,99
8428347ffffffff-2020-10,37
8428347ffffffff-2020-11,19
8428347ffffffff-2020-12,104
8428347ffffffff-2021-01,74
8428347ffffffff-2021-02,12
8428347ffffffff-2021-03,7
8428347ffffffff-2021-04,11
8428347ffffffff-2021-05,3
8428347ffffffff-2021-06,1
8428347ffffffff-2021-07,55
8428347ffffffff-2021-08,148
8428347ffffffff-2021-09,99
8428347ffffffff-2021-10,27
8428347ffffffff-2021-11,25
8428347ffffffff-2021-12,6
8428347ffffffff-2022-01,22
8428347ffffffff-2022-02,20
8428347ffffffff-2022-03,5
8428347ffffffff-2022-04,3
8428347ffffffff-2022-06,6
8428347ffffffff-2022-07,36
8428347ffffffff-2022-08,98
8428347ffffffff-2022-09,97
8428347ffffffff-2022-10,27
8428347ffffffff-2022-11,24
8428347ffffffff-2022-12,37
8428347ffffffff-2023-01,35
8428347ffffffff-2023-02,34
8428347ffffffff-2023-03,75
8428347ffffffff-2023-04,51
8428347ffffffff-2023-05,2
8428347ffffffff-2023-07,30
8428347ffffffff-2023-08,147
8428347ffffffff-2023-09,158
8428347ffffffff-2023-10,52
8428347ffffffff-2023-11,23
842834dffffffff-2012-01,8
842834dffffffff-2012-02,4
842834dffffffff-2012-03,7
842834dffffffff-2012-05,2
842834dffffffff-2012-07,12
842834dffffffff-2012-08,19
842834dffffffff-2012-09,46
842834dffffffff-2012-10,12
842834dffffffff-2012-11,8
842834dffffffff-2012-12,7
842834dffffffff-2013-01,9
842834dffffffff-2013-02,17
842834dffffffff-2013-03,14
842834dffffffff-2013-04,14
842834dffffffff-2013-05,7
842834dffffffff-2013-07,7
842834dffffffff-2013-08,95
842834dffffffff-2013-09,100
842834dffffffff-2013-10,31
842834dffffffff-2013-11,20
842834dffffffff-2013-12,4
842834dffffffff-2014-01,3
842834dffffffff-2014-02,10
842834dffffffff-2014-03,8
842834dffffffff-2014-04,9
842834dffffffff-2014-05,1
842834dffffffff-2014-07,3
842834dffffffff-2014-08,56
842834dffffffff-2014-09,79
842834dffffffff-2014-10,27
842834dffffffff-2014-11,18
842834dffffffff-2014-12,4
842834dffffffff-2015-01,17
842834dffffffff-2015-02,6
842834dffffffff-2015-03,13
842834dffffffff-2015-04,14
842834dffffffff-2015-05,4
842834dffffffff-2015-07,3
842834dffffffff-2015-08,65
842834dffffffff-2015-09,123
842834dffffffff-2015-10,13
842834dffffffff-2015-11,11
842834dffffffff-2015-12,10
842834dffffffff-2016-01,13
842834dffffffff-2016-02,10
842834dffffffff-2016-03,4
842834dffffffff-2016-04,14
842834dffffffff-2016-07,7
842834dffffffff-2016-08,60
842834dffffffff-2016-09,59
842834dffffffff-2016-10,34
842834dffffffff-2016-11,11
842834dffffffff-2016-12,6
842834dffffffff-2017-01,18
842834dffffffff-2017-02,4
842834dffffffff-2017-03,10
842834dffffffff-2017-04,17
842834dffffffff-2017-05,1
842834dffffffff-2017-07,1
842834dffffffff-2017-08,46
842834dffffffff-2017-09,152
842834dffffffff-2017-10,32
842834dffffffff-2017-11,10
842834dffffffff-2017-12,3
842834dffffffff-2018-01,12
842834dffffffff-2018-02,3
842834dffffffff-2018-03,5
842834dffffffff-2018-04,7
842834dffffffff-2018-05,1
842834dffffffff-2018-07,1
842834dffffffff-2018-08,29
842834dffffffff-2018-09,16
842834dffffffff-2018-10,9
842834dffffffff-2018-11,9
842834dffffffff-2018-12,8
842834dffffffff-2019-01,11
842834dffffffff-2019-02,2
842834dffffffff-2019-03,8
842834dffffffff-2019-04,19
842834dffffffff-2019-07,2
842834dffffffff-2019-08,73
842834dffffffff-2019-09,83
842834dffffffff-2019-10,13
842834dffffffff-2019-11,20
842834dffffffff-2019-12,10
842834dffffffff-2020-01,12
842834dffffffff-2020-02,5
842834dffffffff-2020-03,3
842834dffffffff-2020-04,4
842834dffffffff-2020-05,1
842834dffffffff-2020-07,4
842834dffffffff-2020-08,50
842834dffffffff-2020-09,39
842834dffffffff-2020-10,36
842834dffffffff-2020-11,16
842834dffffffff-2020-12,14
842834dffffffff-2021-01,24
842834dffffffff-2021-02,27
842834dffffffff-2021-03,39
842834dffffffff-2021-04,30
842834dffffffff-2021-05,8
842834dffffffff-2021-06,1
842834dffffffff-2021-07,6
842834dffffffff-2021-08,29
842834dffffffff-2021-09,41
842834dffffffff-2021-10,35
842834dffffffff-2021-11,45
842834dffffffff-2021-12,13
842834dffffffff-2022-01,67
842834dffffffff-2022-02,47
842834dffffffff-2022-03,20
842834dffffffff-2022-04,34
842834dffffffff-2022-07,9
842834dffffffff-2022-08,57
842834dffffffff-2022-09,41
842834dffffffff-2022-10,16
842834dffffffff-2022-11,13
842834dffffffff-2022-12,10
842834dffffffff-2023-01,17
842834dffffffff-2023-02,18
842834dffffffff-2023-03,6
842834dffffffff-2023-04,13
842834dffffffff-2023-05,2
842834dffffffff-2023-07,6
842834dffffffff-2023-08,64
842834dffffffff-2023-09,31
842834dffffffff-2023-10,16
842834dffffffff-2023-11,13
8428357ffffffff-2014-08,1
8428357ffffffff-2014-10,4
8428357ffffffff-2015-10,1
8428357ffffffff-2016-08,2
8428357ffffffff-2019-08,1
8428357ffffffff-2021-08,7
8428357ffffffff-2022-08,14
8428357ffffffff-2023-08,7
8428361ffffffff-2012-04,1
8428361ffffffff-2012-07,1
8428361ffffffff-2012-08,1
8428361ffffffff-2013-04,1
8428361ffffffff-2013-07,2
8428361ffffffff-2013-11,3
8428361ffffffff-2014-04,2
8428361ffffffff-2014-05,1
8428361ffffffff-2014-08,16
8428361ffffffff-2014-09,2
8428361ffffffff-2014-10,1
8428361ffffffff-2015-07,1
8428361ffffffff-2015-08,4
8428361ffffffff-2015-09,13
8428361ffffffff-2015-10,7
8428361ffffffff-2015-11,1
8428361ffffffff-2016-08,14
8428361ffffffff-2016-11,9
8428361ffffffff-2017-07,1
8428361ffffffff-2017-11,1
8428361ffffffff-2017-12,1
8428361ffffffff-2018-01,1
8428361ffffffff-2018-03,2
8428361ffffffff-2018-07,9
8428361ffffffff-2018-08,12
8428361ffffffff-2018-09,3
8428361ffffffff-2018-11,1
8428361ffffffff-2018-12,5
8428361ffffffff-2019-01,6
8428361ffffffff-2019-03,4
8428361ffffffff-2019-04,5
8428361ffffffff-2019-08,5
8428361ffffffff-2019-09,1
8428361ffffffff-2019-11,14
8428361ffffffff-2020-01,5
8428361ffffffff-2020-02,4
8428361ffffffff-2020-03,6
8428361ffffffff-2020-04,1
8428361ffffffff-2020-06,3
8428361ffffffff-2020-07,11
8428361ffffffff-2020-08,20
8428361ffffffff-2020-09,8
8428361ffffffff-2020-10,4
8428361ffffffff-2020-11,1
8428361ffffffff-2021-03,5
8428361ffffffff-2021-06,1
8428361ffffffff-2021-08,22
8428361ffffffff-2021-09,4
8428361ffffffff-2021-12,1
8428361ffffffff-2022-02,1
8428361ffffffff-2022-04,3
8428361ffffffff-2022-07,1
8428361ffffffff-2022-08,6
8428361ffffffff-2022-09,7
8428361ffffffff-2022-10,4
8428361ffffffff-2022-11,1
8428361ffffffff-2023-04,1
8428361ffffffff-2023-08,5
8428361ffffffff-2023-10,2
8428363ffffffff-2012-07,2
8428363ffffffff-2012-08,2
8428363ffffffff-2012-09,10
8428363ffffffff-2012-10,3
8428363ffffffff-2012-11,3
8428363ffffffff-2013-02,4
8428363ffffffff-2013-03,2
8428363ffffffff-2013-07,1
8428363ffffffff-2013-09,1
8428363ffffffff-2013-10,3
8428363ffffffff-2013-11,1
8428363ffffffff-2014-01,1
8428363ffffffff-2014-03,1
8428363ffffffff-2014-08,2
8428363ffffffff-2014-11,5
8428363ffffffff-2015-02,1
8428363ffffffff-2015-08,2
8428363ffffffff-2015-11,5
8428363ffffffff-2015-12,1
8428363ffffffff-2016-03,1
8428363ffffffff-2016-08,7
8428363ffffffff-2016-09,1
8428363ffffffff-2016-10,1
8428363ffffffff-2016-11,2
8428363ffffffff-2016-12,1
8428363ffffffff-2017-01,3
8428363ffffffff-2017-02,1
8428363ffffffff-2017-08,7
8428363ffffffff-2017-09,2
8428363ffffffff-2017-10,1
8428363ffffffff-2017-11,1
8428363ffffffff-2018-08,8
8428363ffffffff-2018-10,3
8428363ffffffff-2018-11,3
8428363ffffffff-2018-12,1
8428363ffffffff-2019-02,2
8428363ffffffff-2019-08,6
8428363ffffffff-2019-09,5
8428363ffffffff-2019-10,4
8428363ffffffff-2019-11,5
8428363ffffffff-2019-12,1
8428363ffffffff-2020-07,9
8428363ffffffff-2020-08,30
8428363ffffffff-2020-09,6
8428363ffffffff-2020-12,1
8428363ffffffff-2021-01,2
8428363ffffffff-2021-04,3
8428363ffffffff-2021-07,5
8428363ffffffff-2021-08,11
8428363ffffffff-2021-10,7
8428363ffffffff-2021-11,2
8428363ffffffff-2022-02,3
8428363ffffffff-2022-03,1
8428363ffffffff-2022-08,1
8428363ffffffff-2022-09,1
8428363ffffffff-2022-10,2
8428363ffffffff-2022-11,1
8428363ffffffff-2022-12,1
8428363ffffffff-2023-01,5
8428363ffffffff-2023-02,2
8428363ffffffff-2023-04,1
8428363ffffffff-2023-08,2
8428363ffffffff-2023-09,3
8428363ffffffff-2023-10,1
8428363ffffffff-2023-11,2
8428365ffffffff-2014-02,1
8428365ffffffff-2015-09,1
8428365ffffffff-2015-10,1
8428365ffffffff-2018-01,1
8428365ffffffff-2018-03,2
8428365ffffffff-2019-09,4
8428365ffffffff-2019-10,1
8428365ffffffff-2020-02,1
8428365ffffffff-2020-07,8
8428365ffffffff-2021-07,4
8428365ffffffff-2021-08,3
8428365ffffffff-2021-09,2
8428365ffffffff-2022-10,1
8428367ffffffff-2013-11,1
8428367ffffffff-2015-01,1
8428367ffffffff-2022-01,1
8428369ffffffff-2012-03,2
8428369ffffffff-2012-04,1
8428369ffffffff-2012-09,1
8428369ffffffff-2012-10,3
8428369ffffffff-2012-12,2
8428369ffffffff-2013-02,2
8428369ffffffff-2014-11,19
8428369ffffffff-2015-08,2
8428369ffffffff-2015-10,2
8428369ffffffff-2015-11,1
8428369ffffffff-2016-03,1
8428369ffffffff-2016-04,2
8428369ffffffff-2016-06,2
8428369ffffffff-2016-12,2
8428369ffffffff-2017-04,2
8428369ffffffff-2017-08,2
8428369ffffffff-2017-09,1
8428369ffffffff-2018-02,2
8428369ffffffff-2018-03,2
8428369ffffffff-2018-04,2
8428369ffffffff-2019-02,10
8428369ffffffff-2019-03,1
8428369ffffffff-2019-11,1
8428369ffffffff-2019-12,1
8428369ffffffff-2020-02,2
8428369ffffffff-2020-03,2
8428369ffffffff-2020-08,9
8428369ffffffff-2020-09,1
8428369ffffffff-2020-10,1
8428369ffffffff-2021-03,1
8428369ffffffff-2021-08,1
8428369ffffffff-2022-02,1
8428369ffffffff-2022-03,2
8428369ffffffff-2022-07,2
8428369ffffffff-2022-08,7
8428369ffffffff-2022-09,6
8428369ffffffff-2022-10,1
8428369ffffffff-2022-11,1
8428369ffffffff-2023-04,7
8428369ffffffff-2023-09,1
842836bffffffff-2012-03,1
842836bffffffff-2012-04,1
842836bffffffff-2012-07,2
842836bffffffff-2012-08,4
842836bffffffff-2012-10,1
842836bffffffff-2012-12,1
842836bffffffff-2013-10,2
842836bffffffff-2013-12,1
842836bffffffff-2014-03,1
842836bffffffff-2014-04,4
842836bffffffff-2014-07,9
842836bffffffff-2014-08,9
842836bffffffff-2014-10,3
842836bffffffff-2015-04,2
842836bffffffff-2015-09,2
842836bffffffff-2015-11,1
842836bffffffff-2015-12,1
842836bffffffff-2016-11,9
842836bffffffff-2017-07,1
842836bffffffff-2017-10,2
842836bffffffff-2017-11,1
842836bffffffff-2018-02,5
842836bffffffff-2018-07,3
842836bffffffff-2018-08,1
842836bffffffff-2018-12,1
842836bffffffff-2019-01,4
842836bffffffff-2019-04,1
842836bffffffff-2019-11,2
842836bffffffff-2020-01,1
842836bffffffff-2020-04,1
842836bffffffff-2020-09,3
842836bffffffff-2020-11,2
842836bffffffff-2021-04,1
842836bffffffff-2021-10,2
842836bffffffff-2021-12,1
842836bffffffff-2022-02,1
842836bffffffff-2022-07,1
842836bffffffff-2022-08,8
842836bffffffff-2022-09,8
842836bffffffff-2022-10,1
842836bffffffff-2023-01,1
842836bffffffff-2023-03,2
842836bffffffff-2023-07,6
842836bffffffff-2023-08,8
842836bffffffff-2023-09,4
842836bffffffff-2023-10,1
842836dffffffff-2013-03,1
842836dffffffff-2013-04,1
842836dffffffff-2014-01,1
842836dffffffff-2015-12,2
842836dffffffff-2016-02,1
842836dffffffff-2016-11,1
842836dffffffff-2017-10,1
842836dffffffff-2018-02,1
842836dffffffff-2018-04,1
842836dffffffff-2018-08,2
842836dffffffff-2018-09,2
842836dffffffff-2018-12,2
842836dffffffff-2019-09,1
842836dffffffff-2020-10,1
842836dffffffff-2021-02,1
842836dffffffff-2021-12,1
842836dffffffff-2022-01,1
842836dffffffff-2022-10,1
842836dffffffff-2023-04,1
8428801ffffffff-2012-08,1
8428801ffffffff-2013-08,4
8428801ffffffff-2014-07,3
8428801ffffffff-2015-08,2
8428801ffffffff-2016-08,1
8428801ffffffff-2019-05,1
8428801ffffffff-2019-08,1
8428801ffffffff-2021-08,2
8428801ffffffff-2022-07,3
8428801ffffffff-2022-08,3
8428801ffffffff-2023-08,6
8428803ffffffff-2013-08,1
8428805ffffffff-2022-07,1
8428807ffffffff-2012-09,1
8428807ffffffff-2013-09,3
8428807ffffffff-2013-10,1
8428807ffffffff-2014-09,1
8428807ffffffff-2015-04,1
8428807ffffffff-2015-07,2
8428807ffffffff-2015-09,1
8428807ffffffff-2020-04,2
8428807ffffffff-2021-07,1
8428807ffffffff-2021-09,5
8428807ffffffff-2023-08,2
8428809ffffffff-2021-08,1
842880bffffffff-2017-04,3
842880dffffffff-2015-08,1
8428811ffffffff-2018-05,1
8428811ffffffff-2020-04,3
8428813ffffffff-2012-07,1
8428813ffffffff-2013-04,1
8428813ffffffff-2013-05,4
8428813ffffffff-2013-07,1
8428813ffffffff-2013-08,1
8428813ffffffff-2014-04,1
8428813ffffffff-2014-05,2
8428813ffffffff-2014-07,2
8428813ffffffff-2014-08,9
8428813ffffffff-2014-09,3
8428813ffffffff-2015-04,10
8428813ffffffff-2015-05,3
8428813ffffffff-2015-07,2
8428813ffffffff-2015-08,7
8428813ffffffff-2016-04,7
8428813ffffffff-2016-05,10
8428813ffffffff-2016-07,1
8428813ffffffff-2016-08,1
8428813ffffffff-2016-09,4
8428813ffffffff-2017-04,18
8428813ffffffff-2017-05,15
8428813ffffffff-2017-07,12
8428813ffffffff-2017-08,12
8428813ffffffff-2018-04,13
8428813ffffffff-2018-07,14
8428813ffffffff-2018-08,4
8428813ffffffff-2019-04,10
8428813ffffffff-2019-05,15
8428813ffffffff-2019-07,5
8428813ffffffff-2019-08,44
8428813ffffffff-2019-09,12
8428813ffffffff-2020-04,7
8428813ffffffff-2020-05,4
8428813ffffffff-2020-06,3
8428813ffffffff-2020-07,2
8428813ffffffff-2020-08,18
8428813ffffffff-2020-09,4
8428813ffffffff-2020-10,6
8428813ffffffff-2021-04,4
8428813ffffffff-2021-05,7
8428813ffffffff-2021-06,1
8428813ffffffff-2021-07,6
8428813ffffffff-2021-08,17
8428813ffffffff-2022-04,1
8428813ffffffff-2022-05,1
8428813ffffffff-2022-08,16
8428813ffffffff-2022-09,22
8428813ffffffff-2023-04,20
8428813ffffffff-2023-05,7
8428813ffffffff-2023-07,1
8428813ffffffff-2023-08,26
8428813ffffffff-2023-09,5
8428817ffffffff-2014-08,2
8428817ffffffff-2015-08,1
8428817ffffffff-2017-08,1
8428817ffffffff-2019-08,1
8428817ffffffff-2019-09,2
8428817ffffffff-2020-08,3
8428817ffffffff-2021-08,20
8428817ffffffff-2021-09,1
8428817ffffffff-2023-08,11
8428819ffffffff-2018-04,2
842881bffffffff-2013-08,1
842881bffffffff-2014-04,1
842881bffffffff-2014-05,1
842881bffffffff-2017-07,1
842881bffffffff-2017-08,1
842881bffffffff-2020-07,4
842881bffffffff-2020-08,3
842881bffffffff-2020-09,3
842881bffffffff-2020-10,2
842881bffffffff-2021-04,1
842881bffffffff-2021-08,3
842881bffffffff-2021-09,1
842881bffffffff-2022-05,1
842881bffffffff-2022-08,2
842881bffffffff-2022-09,5
842881bffffffff-2023-05,1
842881bffffffff-2023-08,2
8428825ffffffff-2016-08,1
8428825ffffffff-2019-08,1
842882dffffffff-2018-07,1
8428833ffffffff-2019-09,1
8428839ffffffff-2013-04,1
8428839ffffffff-2015-08,1
8428839ffffffff-2015-09,2
8428839ffffffff-2016-04,2
8428839ffffffff-2017-04,1
8428839ffffffff-2017-08,1
8428839ffffffff-2023-08,3
8428839ffffffff-2023-09,4
8428841ffffffff-2012-07,6
8428841ffffffff-2012-08,15
8428841ffffffff-2013-04,11
8428841ffffffff-2013-05,20
8428841ffffffff-2013-07,7
8428841ffffffff-2013-09,1
8428841ffffffff-2014-04,10
8428841ffffffff-2015-04,5
8428841ffffffff-2015-05,1
8428841ffffffff-2015-07,3
8428841ffffffff-2015-08,2
8428841ffffffff-2015-09,1
8428841ffffffff-2016-04,4
8428841ffffffff-2016-05,1
8428841ffffffff-2016-07,7
8428841ffffffff-2016-08,1
8428841ffffffff-2016-09,3
8428841ffffffff-2017-07,7
8428841ffffffff-2017-08,76
8428841ffffffff-2017-09,37
8428841ffffffff-2018-04,16
8428841ffffffff-2018-07,3
8428841ffffffff-2018-08,13
8428841ffffffff-2018-09,14
8428841ffffffff-2019-04,5
8428841ffffffff-2019-07,10
8428841ffffffff-2019-08,28
8428841ffffffff-2019-09,13
8428841ffffffff-2020-04,36
8428841ffffffff-2020-05,4
8428841ffffffff-2020-07,22
8428841ffffffff-2020-08,3
8428841ffffffff-2020-09,1
8428841ffffffff-2021-03,4
8428841ffffffff-2021-04,23
8428841ffffffff-2021-05,1
8428841ffffffff-2021-06,1
8428841ffffffff-2021-07,14
8428841ffffffff-2021-08,5
8428841ffffffff-2022-04,3
8428841ffffffff-2022-05,1
8428841ffffffff-2022-08,7
8428841ffffffff-2023-04,1
8428841ffffffff-2023-06,5
8428841ffffffff-2023-07,54
8428841ffffffff-2023-08,53
8428841ffffffff-2023-09,19
8428841ffffffff-2023-10,15
8428843ffffffff-2012-04,2
8428843ffffffff-2012-08,5
8428843ffffffff-2013-05,1
8428843ffffffff-2013-08,17
8428843ffffffff-2013-09,3
8428843ffffffff-2014-04,13
8428843ffffffff-2014-05,5
8428843ffffffff-2014-07,1
8428843ffffffff-2014-08,10
8428843ffffffff-2014-10,1
8428843ffffffff-2015-04,11
8428843ffffffff-2015-05,2
8428843ffffffff-2015-07,6
8428843ffffffff-2015-08,3
8428843ffffffff-2015-09,5
8428843ffffffff-2016-04,3
8428843ffffffff-2017-04,1
8428843ffffffff-2017-05,1
8428843ffffffff-2017-07,8
8428843ffffffff-2017-08,5
8428843ffffffff-2017-09,6
8428843ffffffff-2018-03,1
8428843ffffffff-2018-04,4
8428843ffffffff-2019-04,1
8428843ffffffff-2019-08,1
8428843ffffffff-2020-04,4
8428843ffffffff-2021-04,1
8428843ffffffff-2021-09,2
8428843ffffffff-2021-10,5
8428843ffffffff-2022-04,4
8428843ffffffff-2022-05,5
8428843ffffffff-2022-08,3
8428843ffffffff-2022-09,1
8428843ffffffff-2023-04,10
8428843ffffffff-2023-05,3
8428843ffffffff-2023-06,2
8428843ffffffff-2023-07,1
8428843ffffffff-2023-08,5
8428843ffffffff-2023-09,1
8428845ffffffff-2017-08,1
8428849ffffffff-2012-07,1
8428849ffffffff-2013-10,5
8428849ffffffff-2015-09,6
8428849ffffffff-2015-10,1
8428849ffffffff-2016-04,1
8428849ffffffff-2017-08,2
8428849ffffffff-2018-05,1
8428849ffffffff-2019-04,2
8428849ffffffff-2019-08,4
8428849ffffffff-2019-09,8
8428849ffffffff-2019-10,2
8428849ffffffff-2020-04,2
8428849ffffffff-2020-07,1
8428849ffffffff-2020-08,19
8428849ffffffff-2020-09,29
8428849ffffffff-2021-04,3
8428849ffffffff-2021-05,8
8428849ffffffff-2021-07,12
8428849ffffffff-2021-08,17
8428849ffffffff-2021-09,9
8428849ffffffff-2021-10,11
8428849ffffffff-2022-04,4
8428849ffffffff-2022-05,1
8428849ffffffff-2022-10,1
8428849ffffffff-2023-04,4
8428849ffffffff-2023-08,1
8428849ffffffff-2023-09,1
842884bffffffff-2012-08,2
842884bffffffff-2013-04,2
842884bffffffff-2013-07,7
842884bffffffff-2013-08,6
842884bffffffff-2014-07,1
842884bffffffff-2015-11,1
842884bffffffff-2016-06,1
842884bffffffff-2017-04,3
842884bffffffff-2020-08,2
842884bffffffff-2020-09,8
842884bffffffff-2021-04,18
842884bffffffff-2021-06,1
842884bffffffff-2021-07,6
842884bffffffff-2021-08,1
842884bffffffff-2023-07,8
842884bffffffff-2023-08,12
842884dffffffff-2013-08,2
842884dffffffff-2014-04,21
842884dffffffff-2014-05,1
842884dffffffff-2015-04,2
842884dffffffff-2015-05,2
842884dffffffff-2016-04,24
842884dffffffff-2016-06,1
842884dffffffff-2016-07,6
842884dffffffff-2016-08,3
842884dffffffff-2016-09,31
842884dffffffff-2017-04,3
842884dffffffff-2017-07,1
842884dffffffff-2017-08,2
842884dffffffff-2017-09,1
842884dffffffff-2018-04,14
842884dffffffff-2018-07,4
842884dffffffff-2018-08,3
842884dffffffff-2018-09,4
842884dffffffff-2019-06,3
842884dffffffff-2019-07,1
842884dffffffff-2019-08,21
842884dffffffff-2019-09,2
842884dffffffff-2020-04,1
842884dffffffff-2020-06,3
842884dffffffff-2020-07,1
842884dffffffff-2020-08,11
842884dffffffff-2020-09,2
842884dffffffff-2020-10,6
842884dffffffff-2021-03,1
842884dffffffff-2021-04,2
842884dffffffff-2021-08,7
842884dffffffff-2021-09,12
842884dffffffff-2021-10,1
842884dffffffff-2021-11,2
842884dffffffff-2022-04,3
842884dffffffff-2022-05,2
842884dffffffff-2022-09,2
842884dffffffff-2023-04,1
842884dffffffff-2023-06,2
842884dffffffff-2023-08,2
842884dffffffff-2023-10,1
8428855ffffffff-2012-04,1
8428855ffffffff-2012-07,1
8428855ffffffff-2013-09,3
8428855ffffffff-2014-08,2
8428855ffffffff-2015-04,2
8428855ffffffff-2015-05,1
8428855ffffffff-2015-08,1
8428855ffffffff-2015-09,2
8428855ffffffff-2016-04,2
8428855ffffffff-2016-07,1
8428855ffffffff-2016-08,5
8428855ffffffff-2016-09,1
8428855ffffffff-2016-10,1
8428855ffffffff-2017-03,2
8428855ffffffff-2017-04,4
8428855ffffffff-2017-07,9
8428855ffffffff-2018-08,4
8428855ffffffff-2018-09,2
8428855ffffffff-2019-04,10
8428855ffffffff-2019-05,2
8428855ffffffff-2019-09,1
8428855ffffffff-2020-04,11
8428855ffffffff-2020-05,4
8428855ffffffff-2020-08,1
8428855ffffffff-2021-04,8
8428855ffffffff-2021-07,2
8428855ffffffff-2021-08,9
8428855ffffffff-2021-09,11
8428855ffffffff-2021-10,10
8428855ffffffff-2022-04,17
8428855ffffffff-2022-05,10
8428855ffffffff-2022-07,2
8428855ffffffff-2022-08,6
8428855ffffffff-2022-09,3
8428855ffffffff-2023-03,13
8428855ffffffff-2023-04,25
8428855ffffffff-2023-05,1
8428855ffffffff-2023-07,2
8428855ffffffff-2023-08,3
8428857ffffffff-2020-07,1
8428857ffffffff-2021-07,2
842885dffffffff-2012-04,4
842885dffffffff-2012-07,4
842885dffffffff-2013-04,3
842885dffffffff-2013-08,2
842885dffffffff-2014-04,2
842885dffffffff-2014-07,1
842885dffffffff-2014-08,18
842885dffffffff-2014-09,1
842885dffffffff-2015-04,6
842885dffffffff-2015-08,4
842885dffffffff-2015-09,4
842885dffffffff-2016-04,11
842885dffffffff-2016-08,10
842885dffffffff-2016-09,13
842885dffffffff-2016-10,1
842885dffffffff-2017-04,5
842885dffffffff-2017-05,3
842885dffffffff-2017-08,12
842885dffffffff-2018-04,12
842885dffffffff-2019-04,4
842885dffffffff-2019-05,2
842885dffffffff-2019-09,1
842885dffffffff-2020-04,9
842885dffffffff-2020-07,1
842885dffffffff-2021-04,28
842885dffffffff-2021-09,2
842885dffffffff-2021-10,1
842885dffffffff-2022-04,6
842885dffffffff-2022-05,10
842885dffffffff-2022-08,3
842885dffffffff-2022-09,2
842885dffffffff-2023-04,3
842885dffffffff-2023-05,2
842885dffffffff-2023-08,1
842885dffffffff-2023-09,3
842885dffffffff-2023-10,2
8428863ffffffff-2016-09,1
8428863ffffffff-2022-08,6
8428869ffffffff-2020-04,1
8428869ffffffff-2021-05,1
8428869ffffffff-2022-05,2
8428881ffffffff-2012-08,1
8428881ffffffff-2013-07,2
8428881ffffffff-2014-08,1
8428881ffffffff-2016-09,1
8428881ffffffff-2018-10,1
8428881ffffffff-2020-05,1
8428881ffffffff-2021-08,2
8428881ffffffff-2021-09,1
8428883ffffffff-2013-09,4
8428883ffffffff-2014-08,1
8428883ffffffff-2016-08,4
8428883ffffffff-2016-09,2
8428883ffffffff-2017-08,1
8428883ffffffff-2019-07,1
8428883ffffffff-2019-08,30
8428883ffffffff-2019-09,31
8428883ffffffff-2020-07,4
8428883ffffffff-2021-05,2
8428883ffffffff-2021-08,1
8428883ffffffff-2022-07,8
8428883ffffffff-2022-08,1
8428883ffffffff-2023-08,11
8428887ffffffff-2012-08,4
8428887ffffffff-2012-09,2
8428887ffffffff-2013-08,2
8428887ffffffff-2013-09,8
8428887ffffffff-2014-05,1
8428887ffffffff-2014-07,1
8428887ffffffff-2014-08,2
8428887ffffffff-2015-07,1
8428887ffffffff-2015-09,3
8428887ffffffff-2015-10,1
8428887ffffffff-2018-07,1
8428887ffffffff-2019-08,2
8428887ffffffff-2020-08,3
8428887ffffffff-2020-09,2
8428887ffffffff-2021-09,2
8428887ffffffff-2022-09,4
8428887ffffffff-2023-08,8
8428887ffffffff-2023-09,2
8428889ffffffff-2012-08,4
8428889ffffffff-2013-05,2
8428889ffffffff-2013-06,1
8428889ffffffff-2013-08,7
8428889ffffffff-2013-09,6
8428889ffffffff-2013-10,2
8428889ffffffff-2014-07,6
8428889ffffffff-2014-08,19
8428889ffffffff-2014-09,12
8428889ffffffff-2015-04,1
8428889ffffffff-2015-06,1
8428889ffffffff-2015-07,7
8428889ffffffff-2015-08,12
8428889ffffffff-2015-09,34
8428889ffffffff-2015-10,7
8428889ffffffff-2016-04,4
8428889ffffffff-2016-05,8
8428889ffffffff-2016-06,13
8428889ffffffff-2016-07,14
8428889ffffffff-2016-08,18
8428889ffffffff-2016-09,8
8428889ffffffff-2016-10,1
8428889ffffffff-2017-04,2
8428889ffffffff-2017-05,3
8428889ffffffff-2017-06,3
8428889ffffffff-2017-07,9
8428889ffffffff-2017-08,22
8428889ffffffff-2017-09,9
8428889ffffffff-2017-10,1
8428889ffffffff-2018-07,21
8428889ffffffff-2018-08,17
8428889ffffffff-2018-09,24
8428889ffffffff-2018-10,4
8428889ffffffff-2019-05,1
8428889ffffffff-2019-06,2
8428889ffffffff-2019-07,17
8428889ffffffff-2019-08,31
8428889ffffffff-2019-09,8
8428889ffffffff-2019-10,2
8428889ffffffff-2020-04,2
8428889ffffffff-2020-05,8
8428889ffffffff-2020-07,20
8428889ffffffff-2020-08,47
8428889ffffffff-2020-09,20
8428889ffffffff-2020-10,3
8428889ffffffff-2021-05,2
8428889ffffffff-2021-06,2
8428889ffffffff-2021-07,10
8428889ffffffff-2021-08,46
8428889ffffffff-2021-09,35
8428889ffffffff-2022-04,5
8428889ffffffff-2022-05,8
8428889ffffffff-2022-07,10
8428889ffffffff-2022-08,36
8428889ffffffff-2022-09,44
8428889ffffffff-2022-10,15
8428889ffffffff-2022-11,3
8428889ffffffff-2023-05,2
8428889ffffffff-2023-06,1
8428889ffffffff-2023-07,16
8428889ffffffff-2023-08,64
8428889ffffffff-2023-09,48
8428889ffffffff-2023-10,11
842888bffffffff-2013-07,1
842888bffffffff-2013-09,1
842888bffffffff-2013-10,1
842888bffffffff-2014-08,1
842888bffffffff-2014-09,1
842888bffffffff-2015-04,1
842888bffffffff-2015-08,1
842888bffffffff-2015-09,15
842888bffffffff-2015-10,7
842888bffffffff-2016-09,5
842888bffffffff-2017-09,2
842888bffffffff-2018-06,1
842888bffffffff-2018-08,2
842888bffffffff-2018-09,15
842888bffffffff-2018-10,6
842888bffffffff-2019-08,9
842888bffffffff-2019-09,17
842888bffffffff-2019-10,1
842888bffffffff-2020-04,2
842888bffffffff-2020-05,4
842888bffffffff-2020-07,1
842888bffffffff-2020-08,2
842888bffffffff-2020-09,23
842888bffffffff-2020-10,5
842888bffffffff-2021-07,1
842888bffffffff-2021-08,22
842888bffffffff-2021-09,9
842888bffffffff-2021-10,10
842888bffffffff-2022-04,2
842888bffffffff-2022-07,1
842888bffffffff-2022-08,2
842888bffffffff-2022-09,1
842888bffffffff-2023-04,1
842888bffffffff-2023-07,6
842888bffffffff-2023-08,14
842888bffffffff-2023-09,26
842888bffffffff-2023-10,4
842888dffffffff-2015-07,3
842888dffffffff-2015-08,3
842888dffffffff-2015-09,1
842888dffffffff-2016-04,1
842888dffffffff-2016-08,1
842888dffffffff-2017-08,1
842888dffffffff-2017-09,1
842888dffffffff-2018-08,1
842888dffffffff-2018-09,1
842888dffffffff-2019-08,2
842888dffffffff-2021-05,1
842888dffffffff-2021-08,2
842888dffffffff-2021-09,1
842888dffffffff-2022-08,1
842888dffffffff-2023-07,3
842888dffffffff-2023-08,1
842888dffffffff-2023-09,5
8428891ffffffff-2020-08,1
8428893ffffffff-2021-04,5
8428893ffffffff-2021-05,1
8428895ffffffff-2012-04,1
8428895ffffffff-2012-08,3
8428895ffffffff-2012-09,6
8428895ffffffff-2013-04,2
8428895ffffffff-2013-05,10
8428895ffffffff-2013-07,1
8428895ffffffff-2013-08,4
8428895ffffffff-2013-09,19
8428895ffffffff-2014-08,4
8428895ffffffff-2014-09,8
8428895ffffffff-2015-06,1
8428895ffffffff-2015-07,6
8428895ffffffff-2015-08,2
8428895ffffffff-2015-09,5
8428895ffffffff-2016-04,1
8428895ffffffff-2016-08,16
8428895ffffffff-2016-09,2
8428895ffffffff-2017-04,1
8428895ffffffff-2017-08,8
8428895ffffffff-2017-09,4
8428895ffffffff-2018-08,1
8428895ffffffff-2018-09,5
8428895ffffffff-2019-07,2
8428895ffffffff-2019-08,10
8428895ffffffff-2019-09,1
8428895ffffffff-2020-04,5
8428895ffffffff-2020-05,1
8428895ffffffff-2020-06,4
8428895ffffffff-2020-07,8
8428895ffffffff-2020-08,8
8428895ffffffff-2020-09,20
8428895ffffffff-2021-04,2
8428895ffffffff-2021-05,1
8428895ffffffff-2021-07,4
8428895ffffffff-2021-08,28
8428895ffffffff-2021-09,7
8428895ffffffff-2022-04,2
8428895ffffffff-2022-05,1
8428895ffffffff-2022-07,3
8428895ffffffff-2022-08,22
8428895ffffffff-2022-09,2
8428895ffffffff-2023-04,13
8428895ffffffff-2023-05,1
8428895ffffffff-2023-07,2
8428895ffffffff-2023-08,24
8428895ffffffff-2023-09,21
8428897ffffffff-2013-08,8
8428897ffffffff-2013-09,14
8428897ffffffff-2014-07,1
8428897ffffffff-2014-08,6
8428897ffffffff-2014-09,3
8428897ffffffff-2015-08,2
8428897ffffffff-2018-09,12
8428897ffffffff-2020-09,2
8428897ffffffff-2023-04,2
8428899ffffffff-2012-04,13
8428899ffffffff-2012-05,1
8428899ffffffff-2012-08,8
8428899ffffffff-2012-09,3
8428899ffffffff-2013-04,3
8428899ffffffff-2013-05,1
8428899ffffffff-2013-07,1
8428899ffffffff-2013-08,15
8428899ffffffff-2013-09,2
8428899ffffffff-2014-04,8
8428899ffffffff-2014-08,4
8428899ffffffff-2014-09,1
8428899ffffffff-2015-04,6
8428899ffffffff-2015-05,3
8428899ffffffff-2016-04,2
8428899ffffffff-2016-05,4
8428899ffffffff-2016-06,1
8428899ffffffff-2016-08,7
8428899ffffffff-2017-05,2
8428899ffffffff-2017-07,4
8428899ffffffff-2017-08,1
8428899ffffffff-2018-09,1
8428899ffffffff-2019-04,2
8428899ffffffff-2019-05,2
8428899ffffffff-2019-08,4
8428899ffffffff-2021-08,2
8428899ffffffff-2021-10,1
8428899ffffffff-2022-08,3
8428899ffffffff-2022-09,1
8428899ffffffff-2023-05,2
8428899ffffffff-2023-07,2
8428899ffffffff-2023-08,9
8428899ffffffff-2023-09,4
842889bffffffff-2012-08,1
842889bffffffff-2013-04,9
842889bffffffff-2013-08,4
842889bffffffff-2013-09,11
842889bffffffff-2014-08,6
842889bffffffff-2015-07,1
842889bffffffff-2016-08,9
842889bffffffff-2017-09,1
842889bffffffff-2018-07,3
842889bffffffff-2018-08,1
842889bffffffff-2021-09,3
842889bffffffff-2023-08,1
842889dffffffff-2022-07,1
84288a1ffffffff-2012-04,1
84288a1ffffffff-2013-07,1
84288a1ffffffff-2013-08,2
84288a1ffffffff-2013-09,1
84288a1ffffffff-2016-08,1
84288a1ffffffff-2021-08,1
84288a1ffffffff-2023-08,2
84288a3ffffffff-2012-05,1
84288a3ffffffff-2012-08,5
84288a3ffffffff-2012-09,1
84288a3ffffffff-2013-05,2
84288a3ffffffff-2013-08,1
84288a3ffffffff-2013-09,1
84288a3ffffffff-2014-04,1
84288a3ffffffff-2014-05,2
84288a3ffffffff-2014-07,1
84288a3ffffffff-2015-04,3
84288a3ffffffff-2015-05,1
84288a3ffffffff-2015-08,4
84288a3ffffffff-2016-08,3
84288a3ffffffff-2016-09,3
84288a3ffffffff-2017-05,3
84288a3ffffffff-2017-07,4
84288a3ffffffff-2017-08,4
84288a3ffffffff-2017-09,3
84288a3ffffffff-2018-04,3
84288a3ffffffff-2018-05,2
84288a3ffffffff-2019-04,7
84288a3ffffffff-2019-05,1
84288a3ffffffff-2019-07,2
84288a3ffffffff-2019-08,26
84288a3ffffffff-2019-09,8
84288a3ffffffff-2020-04,8
84288a3ffffffff-2020-09,2
84288a3ffffffff-2021-07,5
84288a3ffffffff-2021-08,8
84288a3ffffffff-2021-09,10
84288a3ffffffff-2021-10,1
84288a3ffffffff-2022-05,1
84288a3ffffffff-2022-07,4
84288a3ffffffff-2022-08,2
84288a3ffffffff-2022-09,1
84288a3ffffffff-2023-09,1
84288a5ffffffff-2020-07,2
84288a5ffffffff-2020-08,1
84288a5ffffffff-2022-04,1
84288a5ffffffff-2023-05,3
84288a7ffffffff-2012-04,2
84288a7ffffffff-2020-04,1
84288a7ffffffff-2021-04,1
84288a7ffffffff-2021-08,1
84288a7ffffffff-2021-09,1
84288a7ffffffff-2022-07,1
84288a9ffffffff-2023-09,3
84288abffffffff-2019-09,2
84288adffffffff-2012-07,1
84288adffffffff-2012-08,1
84288adffffffff-2013-04,3
84288adffffffff-2013-05,9
84288adffffffff-2013-07,2
84288adffffffff-2013-08,16
84288adffffffff-2013-09,3
84288adffffffff-2014-04,1
84288adffffffff-2014-06,1
84288adffffffff-2014-08,6
84288adffffffff-2014-09,3
84288adffffffff-2015-04,5
84288adffffffff-2015-07,6
84288adffffffff-2015-08,1
84288adffffffff-2016-07,4
84288adffffffff-2016-08,8
84288adffffffff-2016-09,1
84288adffffffff-2017-04,3
84288adffffffff-2017-05,2
84288adffffffff-2017-07,4
84288adffffffff-2017-08,6
84288adffffffff-2018-07,12
84288adffffffff-2018-08,8
84288adffffffff-2019-04,4
84288adffffffff-2019-05,2
84288adffffffff-2019-07,6
84288adffffffff-2019-08,14
84288adffffffff-2019-09,1
84288adffffffff-2020-04,1
84288adffffffff-2020-05,2
84288adffffffff-2020-07,5
84288adffffffff-2021-04,2
84288adffffffff-2021-05,1
84288adffffffff-2021-06,4
84288adffffffff-2021-07,1
84288adffffffff-2021-08,2
84288adffffffff-2022-07,1
84288adffffffff-2022-08,1
84288adffffffff-2023-05,1
84288adffffffff-2023-07,1
84288adffffffff-2023-08,16
84288adffffffff-2023-09,21
84288adffffffff-2023-10,14
84288b1ffffffff-2018-09,1
84288b1ffffffff-2019-09,1
84288b3ffffffff-2016-08,1
84288b3ffffffff-2018-08,1
84288b3ffffffff-2019-04,1
84288b3ffffffff-2022-05,1
84288b3ffffffff-2022-07,1
84288b3ffffffff-2023-08,4
84288b5ffffffff-2012-05,1
84288b5ffffffff-2012-07,1
84288b5ffffffff-2012-08,2
84288b5ffffffff-2013-04,3
84288b5ffffffff-2013-08,2
84288b5ffffffff-2013-09,1
84288b5ffffffff-2014-04,4
84288b5ffffffff-2014-05,1
84288b5ffffffff-2014-09,3
84288b5ffffffff-2015-04,4
84288b5ffffffff-2015-08,2
84288b5ffffffff-2015-09,1
84288b5ffffffff-2016-04,1
84288b5ffffffff-2016-05,3
84288b5ffffffff-2016-08,1
84288b5ffffffff-2017-04,2
84288b5ffffffff-2017-05,1
84288b5ffffffff-2017-07,1
84288b5ffffffff-2017-08,1
84288b5ffffffff-2018-04,2
84288b5ffffffff-2019-04,1
84288b5ffffffff-2019-05,3
84288b5ffffffff-2023-09,2
84288b7ffffffff-2016-04,1
84288b7ffffffff-2017-08,9
84288b7ffffffff-2017-09,2
84288b7ffffffff-2018-04,3
84288b7ffffffff-2018-07,3
84288b7ffffffff-2018-08,2
84288b7ffffffff-2019-04,6
84288b7ffffffff-2019-05,1
84288b7ffffffff-2020-04,1
84288b7ffffffff-2021-05,1
84288b9ffffffff-2012-09,6
84288b9ffffffff-2012-10,4
84288b9ffffffff-2013-08,15
84288b9ffffffff-2013-09,32
84288b9ffffffff-2014-04,4
84288b9ffffffff-2014-08,4
84288b9ffffffff-2014-09,12
84288b9ffffffff-2015-05,2
84288b9ffffffff-2015-07,5
84288b9ffffffff-2015-08,6
84288b9ffffffff-2015-09,9
84288b9ffffffff-2015-10,2
84288b9ffffffff-2016-04,2
84288b9ffffffff-2016-05,1
84288b9ffffffff-2016-06,2
84288b9ffffffff-2016-07,7
84288b9ffffffff-2016-08,21
84288b9ffffffff-2016-09,4
84288b9ffffffff-2017-04,1
84288b9ffffffff-2017-07,2
84288b9ffffffff-2017-08,12
84288b9ffffffff-2017-09,10
84288b9ffffffff-2018-05,1
84288b9ffffffff-2018-07,7
84288b9ffffffff-2018-08,2
84288b9ffffffff-2018-09,11
84288b9ffffffff-2019-07,1
84288b9ffffffff-2019-08,10
84288b9ffffffff-2019-09,50
84288b9ffffffff-2020-04,3
84288b9ffffffff-2020-05,2
84288b9ffffffff-2020-06,2
84288b9ffffffff-2020-07,7
84288b9ffffffff-2020-08,6
84288b9ffffffff-2020-09,10
84288b9ffffffff-2020-10,1
84288b9ffffffff-2021-05,1
84288b9ffffffff-2021-07,2
84288b9ffffffff-2021-08,48
84288b9ffffffff-2021-09,11
84288b9ffffffff-2022-04,2
84288b9ffffffff-2022-05,2
84288b9ffffffff-2022-08,21
84288b9ffffffff-2022-09,13
84288b9ffffffff-2023-04,1
84288b9ffffffff-2023-06,1
84288b9ffffffff-2023-07,7
84288b9ffffffff-2023-08,45
84288b9ffffffff-2023-09,27
84288b9ffffffff-2023-10,2
84288bbffffffff-2012-07,5
84288bbffffffff-2012-08,4
84288bbffffffff-2012-09,8
84288bbffffffff-2013-05,1
84288bbffffffff-2013-08,1
84288bbffffffff-2013-09,13
84288bbffffffff-2014-05,2
84288bbffffffff-2014-08,2
84288bbffffffff-2015-07,3
84288bbffffffff-2015-08,3
84288bbffffffff-2015-09,1
84288bbffffffff-2016-07,1
84288bbffffffff-2016-08,1
84288bbffffffff-2017-07,4
84288bbffffffff-2017-08,7
84288bbffffffff-2018-06,1
84288bbffffffff-2018-07,1
84288bbffffffff-2018-08,1
84288bbffffffff-2018-09,12
84288bbffffffff-2019-08,3
84288bbffffffff-2020-04,1
84288bbffffffff-2020-08,1
84288bbffffffff-2021-05,1
84288bbffffffff-2021-09,1
84288bbffffffff-2022-07,1
84288bbffffffff-2022-08,13
84288bbffffffff-2022-09,9
84288bbffffffff-2022-10,5
84288bbffffffff-2023-04,4
84288bbffffffff-2023-05,1
84288bbffffffff-2023-07,1
84288bbffffffff-2023-08,8
84288bbffffffff-2023-09,20
84288bbffffffff-2023-10,2
84288bdffffffff-2014-08,5
84288bdffffffff-2014-09,2
84288bdffffffff-2015-07,2
84288bdffffffff-2015-08,4
84288bdffffffff-2015-09,1
84288bdffffffff-2016-09,1
84288bdffffffff-2017-07,1
84288bdffffffff-2020-09,1
84288bdffffffff-2021-08,1
84288bdffffffff-2021-09,1
84288bdffffffff-2022-09,2
84288c3ffffffff-2019-04,1
84288c3ffffffff-2020-07,1
84288c3ffffffff-2021-04,2
84288c3ffffffff-2022-04,1
84288c3ffffffff-2023-09,1
84288c5ffffffff-2013-04,1
84288c5ffffffff-2014-04,9
84288c5ffffffff-2014-05,7
84288c5ffffffff-2015-04,5
84288c5ffffffff-2016-05,1
84288c5ffffffff-2017-04,2
84288c5ffffffff-2018-04,10
84288c5ffffffff-2018-05,8
84288c5ffffffff-2019-04,13
84288c5ffffffff-2019-05,5
84288c5ffffffff-2019-08,8
84288c5ffffffff-2019-09,1
84288c5ffffffff-2020-04,23
84288c5ffffffff-2020-05,5
84288c5ffffffff-2020-07,3
84288c5ffffffff-2020-08,2
84288c5ffffffff-2020-09,4
84288c5ffffffff-2020-10,1
84288c5ffffffff-2021-04,6
84288c5ffffffff-2021-08,4
84288c5ffffffff-2022-04,4
84288c5ffffffff-2022-08,1
84288c5ffffffff-2023-04,22
84288c5ffffffff-2023-05,1
84288c5ffffffff-2023-08,2
84288c7ffffffff-2012-09,1
84288c7ffffffff-2021-09,3
84288c7ffffffff-2022-08,1
84288c7ffffffff-2023-08,1
84288d1ffffffff-2014-09,1
84288d1ffffffff-2016-07,1
84288d1ffffffff-2020-09,1
84288d1ffffffff-2023-07,1
84288d5ffffffff-2013-03,1
84288d5ffffffff-2013-04,1
84288d5ffffffff-2015-09,2
84288d5ffffffff-2016-04,2
84288d5ffffffff-2016-08,1
84288d5ffffffff-2017-08,2
84288d5ffffffff-2017-09,2
84288d5ffffffff-2017-10,4
84288d5ffffffff-2018-05,3
84288d5ffffffff-2018-07,1
84288d5ffffffff-2018-08,2
84288d5ffffffff-2018-09,3
84288d5ffffffff-2018-10,2
84288d5ffffffff-2019-05,1
84288d5ffffffff-2019-07,2
84288d5ffffffff-2020-04,5
84288d5ffffffff-2020-05,3
84288d5ffffffff-2020-08,3
84288d5ffffffff-2021-04,3
84288d5ffffffff-2021-05,1
84288d5ffffffff-2021-08,4
84288d5ffffffff-2022-05,1
84288d5ffffffff-2022-08,4
84288d5ffffffff-2022-09,3
84288d5ffffffff-2023-04,2
84288d5ffffffff-2023-08,7
84288d5ffffffff-2023-10,1
84288d7ffffffff-2012-08,2
84288d7ffffffff-2013-08,2
84288d7ffffffff-2014-08,3
84288d7ffffffff-2015-08,1
84288d7ffffffff-2015-09,6
84288d7ffffffff-2015-10,2
84288d7ffffffff-2016-07,1
84288d7ffffffff-2016-08,4
84288d7ffffffff-2017-04,1
84288d7ffffffff-2017-05,5
84288d7ffffffff-2017-08,2
84288d7ffffffff-2017-09,2
84288d7ffffffff-2018-07,2
84288d7ffffffff-2018-08,1
84288d7ffffffff-2019-04,10
84288d7ffffffff-2019-05,1
84288d7ffffffff-2019-08,12
84288d7ffffffff-2019-09,4
84288d7ffffffff-2020-09,1
84288d7ffffffff-2021-04,1
84288d7ffffffff-2021-05,3
84288d7ffffffff-2021-08,7
84288d7ffffffff-2022-04,7
84288d7ffffffff-2022-05,22
84288d7ffffffff-2022-08,3
84288d7ffffffff-2023-04,2
84288d7ffffffff-2023-05,2
84288d7ffffffff-2023-08,1
84288d7ffffffff-2023-09,3
84288d7ffffffff-2023-10,1
84288d9ffffffff-2012-09,1
84288d9ffffffff-2020-07,2
84288d9ffffffff-2023-08,2
84288dbffffffff-2015-08,1
84288ddffffffff-2014-08,1
84288ddffffffff-2017-08,1
84288ddffffffff-2017-09,1
84288ddffffffff-2018-08,1
84288ddffffffff-2019-08,1
84288ddffffffff-2020-08,1
84288ddffffffff-2021-07,1
84288ddffffffff-2021-08,2
84288e5ffffffff-2019-08,1
84288e5ffffffff-2021-08,3
84288e7ffffffff-2012-04,2
84288e7ffffffff-2015-04,1
84288e7ffffffff-2016-06,1
84288e7ffffffff-2016-07,3
84288e7ffffffff-2017-04,1
84288e7ffffffff-2017-08,1
84288e7ffffffff-2019-05,1
84288e7ffffffff-2019-07,1
84288e7ffffffff-2019-08,4
84288e7ffffffff-2020-04,3
84288e7ffffffff-2020-07,1
84288e7ffffffff-2021-05,2
84288e7ffffffff-2023-04,8
84288e7ffffffff-2023-05,1
84288e7ffffffff-2023-07,2
84288e7ffffffff-2023-08,7
84288edffffffff-2014-08,1
84288edffffffff-2018-04,1
8428903ffffffff-2014-08,2
8428903ffffffff-2015-08,1
8428903ffffffff-2019-08,1
8428903ffffffff-2022-08,1
8428907ffffffff-2015-04,2
8428907ffffffff-2017-08,1
8428907ffffffff-2021-05,1
8428907ffffffff-2021-08,1
8428907ffffffff-2022-06,1
8428907ffffffff-2023-04,1
8428909ffffffff-2023-08,2
842890bffffffff-2017-09,1
842890bffffffff-2018-08,1
842890bffffffff-2018-09,1
842890bffffffff-2019-08,7
842890bffffffff-2019-09,1
842890bffffffff-2020-07,1
842890bffffffff-2020-08,6
842890bffffffff-2021-07,5
842890bffffffff-2021-08,1
842890bffffffff-2022-06,5
842890bffffffff-2022-07,1
842890bffffffff-2022-08,4
842890bffffffff-2023-08,7
842890bffffffff-2023-09,3
842890dffffffff-2015-06,1
842890dffffffff-2015-08,2
842890dffffffff-2019-08,1
842890dffffffff-2019-09,8
842890dffffffff-2021-08,4
842890dffffffff-2021-09,3
842890dffffffff-2023-06,1
8428911ffffffff-2015-04,4
8428911ffffffff-2017-05,1
8428911ffffffff-2020-06,2
8428911ffffffff-2020-08,1
8428911ffffffff-2021-05,1
8428915ffffffff-2012-09,2
8428917ffffffff-2019-08,3
8428917ffffffff-2019-09,1
8428919ffffffff-2015-05,2
8428919ffffffff-2017-08,2
8428919ffffffff-2018-05,1
8428919ffffffff-2018-08,2
8428919ffffffff-2019-08,1
8428919ffffffff-2019-10,1
8428919ffffffff-2020-08,1
8428919ffffffff-2023-06,1
842891bffffffff-2018-04,2
842891bffffffff-2019-07,1
842891bffffffff-2019-11,1
842891bffffffff-2020-04,1
842891bffffffff-2021-04,1
842891bffffffff-2022-04,2
842891dffffffff-2023-09,1
8428921ffffffff-2021-08,1
8428923ffffffff-2014-09,2
8428923ffffffff-2016-08,2
8428923ffffffff-2017-08,5
8428923ffffffff-2017-09,3
8428923ffffffff-2018-04,2
8428923ffffffff-2018-05,7
8428923ffffffff-2018-07,2
8428923ffffffff-2018-08,11
8428923ffffffff-2019-04,1
8428923ffffffff-2019-08,7
8428923ffffffff-2019-10,1
8428923ffffffff-2020-07,8
8428923ffffffff-2020-09,9
8428923ffffffff-2021-04,3
8428923ffffffff-2021-08,6
8428923ffffffff-2021-09,1
8428923ffffffff-2021-10,6
8428923ffffffff-2022-05,2
8428923ffffffff-2022-07,1
8428923ffffffff-2022-08,11
8428923ffffffff-2022-09,10
8428923ffffffff-2022-10,1
8428923ffffffff-2023-04,1
8428923ffffffff-2023-08,13
8428927ffffffff-2013-05,2
8428927ffffffff-2014-05,2
8428927ffffffff-2015-04,4
8428927ffffffff-2016-04,2
8428927ffffffff-2016-08,1
8428927ffffffff-2021-09,1
8428929ffffffff-2018-04,1
842892bffffffff-2015-08,2
842892bffffffff-2020-09,2
8428933ffffffff-2015-08,1
8428935ffffffff-2013-08,1
8428935ffffffff-2014-09,1
8428935ffffffff-2015-08,1
8428935ffffffff-2018-09,2
8428935ffffffff-2019-06,1
8428935ffffffff-2019-08,2
8428935ffffffff-2020-08,1
8428935ffffffff-2020-09,2
8428935ffffffff-2021-05,2
8428935ffffffff-2021-08,2
8428935ffffffff-2022-08,1
8428935ffffffff-2022-09,3
8428935ffffffff-2022-10,1
8428935ffffffff-2023-08,2
8428937ffffffff-2012-09,1
8428937ffffffff-2013-05,1
8428937ffffffff-2013-06,2
8428937ffffffff-2013-07,1
8428937ffffffff-2014-05,2
8428937ffffffff-2014-08,2
8428937ffffffff-2015-05,1
8428937ffffffff-2015-08,33
8428937ffffffff-2015-09,5
8428937ffffffff-2016-08,11
8428937ffffffff-2017-04,1
8428937ffffffff-2017-08,11
8428937ffffffff-2017-09,3
8428937ffffffff-2018-04,1
8428937ffffffff-2018-05,4
8428937ffffffff-2018-06,1
8428937ffffffff-2018-08,2
8428937ffffffff-2018-09,21
8428937ffffffff-2019-04,1
8428937ffffffff-2019-08,11
8428937ffffffff-2019-09,17
8428937ffffffff-2019-10,2
8428937ffffffff-2020-04,9
8428937ffffffff-2020-05,13
8428937ffffffff-2020-08,29
8428937ffffffff-2021-08,9
8428937ffffffff-2022-08,7
8428937ffffffff-2022-09,8
8428937ffffffff-2023-08,10
8428937ffffffff-2023-09,19
842893bffffffff-2013-08,1
842893bffffffff-2014-04,1
842893bffffffff-2019-08,1
842893bffffffff-2020-08,1
842893bffffffff-2021-04,1
842893bffffffff-2022-08,1
842893bffffffff-2023-04,1
842893dffffffff-2012-08,3
842893dffffffff-2012-09,1
842893dffffffff-2013-08,5
842893dffffffff-2014-04,2
842893dffffffff-2014-07,1
842893dffffffff-2014-08,7
842893dffffffff-2014-09,2
842893dffffffff-2015-04,1
842893dffffffff-2015-07,1
842893dffffffff-2015-08,8
842893dffffffff-2015-09,5
842893dffffffff-2016-06,1
842893dffffffff-2016-07,2
842893dffffffff-2016-08,7
842893dffffffff-2016-09,4
842893dffffffff-2017-05,4
842893dffffffff-2017-06,1
842893dffffffff-2017-07,2
842893dffffffff-2017-08,9
842893dffffffff-2017-09,32
842893dffffffff-2018-08,10
842893dffffffff-2018-09,17
842893dffffffff-2018-10,2
842893dffffffff-2019-05,3
842893dffffffff-2019-07,2
842893dffffffff-2019-08,21
842893dffffffff-2019-09,13
842893dffffffff-2020-04,8
842893dffffffff-2020-05,1
842893dffffffff-2020-07,7
842893dffffffff-2020-08,26
842893dffffffff-2020-09,11
842893dffffffff-2021-04,6
842893dffffffff-2021-05,7
842893dffffffff-2021-07,5
842893dffffffff-2021-08,21
842893dffffffff-2021-09,4
842893dffffffff-2021-10,1
842893dffffffff-2022-05,1
842893dffffffff-2022-08,7
842893dffffffff-2022-09,16
842893dffffffff-2023-04,2
842893dffffffff-2023-05,1
842893dffffffff-2023-08,10
842893dffffffff-2023-09,6
8428941ffffffff-2012-03,1
8428941ffffffff-2012-04,11
8428941ffffffff-2012-05,1
8428941ffffffff-2012-07,2
8428941ffffffff-2012-08,1
8428941ffffffff-2012-09,1
8428941ffffffff-2013-04,3
8428941ffffffff-2013-05,1
8428941ffffffff-2013-07,1
8428941ffffffff-2013-09,1
8428941ffffffff-2013-10,3
8428941ffffffff-2014-04,2
8428941ffffffff-2014-08,1
8428941ffffffff-2015-04,6
8428941ffffffff-2015-05,3
8428941ffffffff-2016-04,4
8428941ffffffff-2016-10,1
8428941ffffffff-2017-04,16
8428941ffffffff-2017-05,1
8428941ffffffff-2017-07,2
8428941ffffffff-2017-08,11
8428941ffffffff-2017-09,16
8428941ffffffff-2017-10,1
8428941ffffffff-2018-04,3
8428941ffffffff-2018-08,19
8428941ffffffff-2018-09,4
8428941ffffffff-2019-04,6
8428941ffffffff-2019-05,1
8428941ffffffff-2019-07,28
8428941ffffffff-2019-08,15
8428941ffffffff-2019-09,8
8428941ffffffff-2020-04,5
8428941ffffffff-2020-05,6
8428941ffffffff-2020-06,2
8428941ffffffff-2020-07,8
8428941ffffffff-2020-08,25
8428941ffffffff-2020-09,4
8428941ffffffff-2020-10,1
8428941ffffffff-2021-03,2
8428941ffffffff-2021-04,4
8428941ffffffff-2021-05,3
8428941ffffffff-2021-06,2
8428941ffffffff-2021-07,7
8428941ffffffff-2021-08,19
8428941ffffffff-2021-09,9
8428941ffffffff-2022-04,8
8428941ffffffff-2022-08,19
8428941ffffffff-2022-09,2
8428941ffffffff-2022-10,1
8428941ffffffff-2023-04,11
8428941ffffffff-2023-05,1
8428941ffffffff-2023-07,4
8428941ffffffff-2023-08,9
8428941ffffffff-2023-09,5
8428945ffffffff-2016-08,1
8428945ffffffff-2018-04,2
8428945ffffffff-2021-04,2
8428945ffffffff-2021-08,3
8428945ffffffff-2021-09,2
8428945ffffffff-2022-04,2
8428945ffffffff-2022-05,1
8428945ffffffff-2023-10,2
8428949ffffffff-2012-08,4
8428949ffffffff-2013-10,1
8428949ffffffff-2014-09,1
8428949ffffffff-2019-04,4
8428949ffffffff-2019-08,4
8428949ffffffff-2019-09,2
8428949ffffffff-2019-10,3
8428949ffffffff-2020-04,5
8428949ffffffff-2020-05,2
8428949ffffffff-2020-08,1
8428949ffffffff-2021-05,1
8428949ffffffff-2021-07,5
8428949ffffffff-2021-08,2
8428949ffffffff-2022-07,3
8428949ffffffff-2023-06,2
8428949ffffffff-2023-07,16
8428949ffffffff-2023-08,20
8428949ffffffff-2023-09,4
842894bffffffff-2012-05,1
842894bffffffff-2015-05,2
842894bffffffff-2018-04,1
842894bffffffff-2021-09,2
842894bffffffff-2022-04,3
842894bffffffff-2023-04,2
842894bffffffff-2023-08,1
842894dffffffff-2013-04,1
842894dffffffff-2019-08,2
842894dffffffff-2022-07,5
842894dffffffff-2022-08,6
842894dffffffff-2022-09,2
8428953ffffffff-2021-09,1
8428959ffffffff-2023-08,1
842895bffffffff-2019-08,1
8428963ffffffff-2021-08,3
8428963ffffffff-2021-09,2
8428965ffffffff-2016-07,1
8428965ffffffff-2017-08,1
8428965ffffffff-2018-07,1
8428965ffffffff-2018-08,1
8428965ffffffff-2021-08,1
8428965ffffffff-2023-06,1
8428965ffffffff-2023-07,1
8428965ffffffff-2023-08,1
8428967ffffffff-2012-07,1
8428967ffffffff-2014-08,1
8428967ffffffff-2017-08,1
8428967ffffffff-2018-06,1
8428967ffffffff-2020-10,1
8428967ffffffff-2020-11,4
8428967ffffffff-2021-08,1
8428967ffffffff-2022-08,1
8428967ffffffff-2022-10,1
8428967ffffffff-2023-08,3
842896bffffffff-2015-08,1
842896bffffffff-2021-10,1
842896bffffffff-2023-08,7
8428985ffffffff-2012-09,1
8428985ffffffff-2013-05,2
8428985ffffffff-2013-08,2
8428985ffffffff-2014-08,1
8428985ffffffff-2014-09,2
8428985ffffffff-2015-04,2
8428985ffffffff-2015-07,4
8428985ffffffff-2015-08,4
8428985ffffffff-2015-09,4
8428985ffffffff-2016-08,7
8428985ffffffff-2019-08,15
8428985ffffffff-2019-09,4
8428985ffffffff-2020-09,3
8428985ffffffff-2022-04,3
8428985ffffffff-2022-05,3
8428985ffffffff-2022-10,1
8428985ffffffff-2023-04,1
8428985ffffffff-2023-08,1
8428987ffffffff-2012-08,1
8428987ffffffff-2018-08,2
8428987ffffffff-2019-06,1
8428987ffffffff-2019-08,2
8428987ffffffff-2020-07,3
8428987ffffffff-2020-08,5
8428987ffffffff-2020-09,1
8428987ffffffff-2022-08,2
842898dffffffff-2013-08,2
842898dffffffff-2016-08,2
842898dffffffff-2017-07,1
842898dffffffff-2017-08,17
842898dffffffff-2017-09,1
842898dffffffff-2019-07,1
842898dffffffff-2019-08,2
842898dffffffff-2020-08,4
842898dffffffff-2021-07,2
842898dffffffff-2021-08,6
842898dffffffff-2022-04,1
842898dffffffff-2022-05,5
842898dffffffff-2022-08,22
842898dffffffff-2022-09,4
842898dffffffff-2023-05,1
842898dffffffff-2023-08,3
8428991ffffffff-2014-08,1
8428991ffffffff-2014-09,1
8428993ffffffff-2015-09,2
8428993ffffffff-2016-09,2
8428993ffffffff-2018-07,1
8428993ffffffff-2019-08,1
8428993ffffffff-2022-07,2
8428993ffffffff-2023-08,1
842899bffffffff-2020-08,5
842899bffffffff-2021-06,1
842899bffffffff-2021-07,1
842899bffffffff-2021-08,1
84289a5ffffffff-2017-08,1
84289a5ffffffff-2019-09,3
84289a5ffffffff-2020-08,1
84289a5ffffffff-2021-08,1
84289a9ffffffff-2019-05,2
84289a9ffffffff-2020-05,4
84289abffffffff-2012-05,1
84289abffffffff-2012-08,3
84289abffffffff-2013-05,1
84289abffffffff-2013-06,4
84289abffffffff-2013-09,1
84289abffffffff-2014-05,1
84289abffffffff-2014-09,2
84289abffffffff-2015-07,2
84289abffffffff-2015-08,4
84289abffffffff-2015-09,5
84289abffffffff-2016-07,1
84289abffffffff-2016-08,3
84289abffffffff-2016-09,3
84289abffffffff-2016-10,2
84289abffffffff-2016-11,1
84289abffffffff-2017-04,2
84289abffffffff-2017-06,2
84289abffffffff-2017-07,6
84289abffffffff-2017-08,15
84289abffffffff-2017-09,9
84289abffffffff-2017-10,2
84289abffffffff-2018-04,3
84289abffffffff-2018-07,3
84289abffffffff-2018-08,7
84289abffffffff-2018-09,18
84289abffffffff-2018-10,7
84289abffffffff-2018-11,1
84289abffffffff-2019-07,5
84289abffffffff-2019-08,34
84289abffffffff-2019-09,15
84289abffffffff-2019-10,4
84289abffffffff-2020-04,1
84289abffffffff-2020-07,8
84289abffffffff-2020-08,23
84289abffffffff-2020-09,18
84289abffffffff-2020-10,7
84289abffffffff-2021-04,1
84289abffffffff-2021-07,8
84289abffffffff-2021-08,17
84289abffffffff-2021-09,9
84289abffffffff-2021-10,3
84289abffffffff-2022-04,2
84289abffffffff-2022-07,3
84289abffffffff-2022-08,6
84289abffffffff-2022-09,4
84289abffffffff-2022-10,6
84289abffffffff-2023-04,3
84289abffffffff-2023-07,6
84289abffffffff-2023-08,34
84289abffffffff-2023-09,13
84289abffffffff-2023-10,1
84289b3ffffffff-2017-05,1
84289b3ffffffff-2018-08,4
84289b3ffffffff-2019-08,3
84289b3ffffffff-2020-04,2
84289b3ffffffff-2020-07,2
84289b3ffffffff-2020-08,2
84289b3ffffffff-2023-07,1
84289b3ffffffff-2023-08,3
84289b5ffffffff-2012-07,3
84289b5ffffffff-2012-09,1
84289b5ffffffff-2012-10,1
84289b5ffffffff-2013-04,1
84289b5ffffffff-2013-07,18
84289b5ffffffff-2013-08,24
84289b5ffffffff-2013-09,7
84289b5ffffffff-2014-04,2
84289b5ffffffff-2014-07,5
84289b5ffffffff-2014-08,25
84289b5ffffffff-2014-09,4
84289b5ffffffff-2015-04,2
84289b5ffffffff-2015-07,23
84289b5ffffffff-2015-08,32
84289b5ffffffff-2015-09,25
84289b5ffffffff-2015-10,1
84289b5ffffffff-2016-04,5
84289b5ffffffff-2016-05,4
84289b5ffffffff-2016-06,3
84289b5ffffffff-2016-07,26
84289b5ffffffff-2016-08,24
84289b5ffffffff-2016-09,16
84289b5ffffffff-2016-10,1
84289b5ffffffff-2017-06,1
84289b5ffffffff-2017-07,3
84289b5ffffffff-2017-08,13
84289b5ffffffff-2018-04,7
84289b5ffffffff-2018-05,2
84289b5ffffffff-2018-07,8
84289b5ffffffff-2018-08,11
84289b5ffffffff-2019-05,3
84289b5ffffffff-2019-07,18
84289b5ffffffff-2019-08,43
84289b5ffffffff-2019-09,8
84289b5ffffffff-2020-05,3
84289b5ffffffff-2020-07,6
84289b5ffffffff-2020-08,29
84289b5ffffffff-2020-09,3
84289b5ffffffff-2021-06,2
84289b5ffffffff-2021-07,36
84289b5ffffffff-2021-08,24
84289b5ffffffff-2021-09,3
84289b5ffffffff-2022-04,1
84289b5ffffffff-2022-05,2
84289b5ffffffff-2022-07,25
84289b5ffffffff-2022-08,30
84289b5ffffffff-2022-09,4
84289b5ffffffff-2023-07,13
84289b5ffffffff-2023-08,19
84289b5ffffffff-2023-09,10
84289b5ffffffff-2023-10,1
84289b7ffffffff-2013-04,2
84289b7ffffffff-2013-05,2
84289b7ffffffff-2013-08,5
84289b7ffffffff-2013-09,1
84289b7ffffffff-2015-08,1
84289b7ffffffff-2016-08,8
84289b7ffffffff-2016-09,1
84289b7ffffffff-2017-07,5
84289b7ffffffff-2017-08,18
84289b7ffffffff-2017-09,2
84289b7ffffffff-2018-07,5
84289b7ffffffff-2018-08,8
84289b7ffffffff-2018-09,2
84289b7ffffffff-2019-05,1
84289b7ffffffff-2019-08,3
84289b7ffffffff-2019-09,3
84289b7ffffffff-2020-05,1
84289b7ffffffff-2020-07,19
84289b7ffffffff-2020-08,13
84289b7ffffffff-2020-09,8
84289b7ffffffff-2021-04,9
84289b7ffffffff-2021-05,13
84289b7ffffffff-2021-06,1
84289b7ffffffff-2021-09,1
84289b7ffffffff-2022-04,9
84289b7ffffffff-2022-05,3
84289b7ffffffff-2022-07,1
84289b7ffffffff-2022-08,3
84289b7ffffffff-2022-09,2
84289b7ffffffff-2023-06,3
84289b7ffffffff-2023-07,11
84289b7ffffffff-2023-08,6
84289b9ffffffff-2022-07,2
84289bdffffffff-2015-07,3
84289bdffffffff-2015-08,3
84289bdffffffff-2016-04,1
84289bdffffffff-2016-07,1
84289bdffffffff-2016-09,4
84289bdffffffff-2017-04,1
84289bdffffffff-2017-08,5
84289bdffffffff-2017-09,2
84289bdffffffff-2018-06,1
84289bdffffffff-2018-07,1
84289bdffffffff-2018-08,15
84289bdffffffff-2018-10,1
84289bdffffffff-2019-04,2
84289bdffffffff-2019-07,2
84289bdffffffff-2019-08,11
84289bdffffffff-2019-09,2
84289bdffffffff-2019-10,2
84289bdffffffff-2020-04,2
84289bdffffffff-2020-05,4
84289bdffffffff-2020-07,5
84289bdffffffff-2020-08,6
84289bdffffffff-2020-09,3
84289bdffffffff-2021-04,1
84289bdffffffff-2021-05,1
84289bdffffffff-2021-08,3
84289bdffffffff-2021-09,4
84289bdffffffff-2022-04,1
84289bdffffffff-2022-07,1
84289bdffffffff-2022-08,11
84289bdffffffff-2022-09,3
84289bdffffffff-2023-07,7
84289bdffffffff-2023-08,9
84289bdffffffff-2023-09,10
84289bdffffffff-2023-10,1
84289cbffffffff-2015-04,1
84289cbffffffff-2015-05,2
84289d1ffffffff-2014-08,2
84289d1ffffffff-2016-08,1
84289d1ffffffff-2018-05,1
84289d1ffffffff-2021-08,1
84289d1ffffffff-2023-04,2
84289d3ffffffff-2013-04,3
84289d3ffffffff-2013-07,1
84289d3ffffffff-2013-08,2
84289d3ffffffff-2015-05,2
84289d3ffffffff-2016-04,3
84289d3ffffffff-2016-05,5
84289d3ffffffff-2016-07,2
84289d3ffffffff-2016-08,1
84289d3ffffffff-2017-04,2
84289d3ffffffff-2017-07,1
84289d3ffffffff-2017-08,1
84289d3ffffffff-2018-04,2
84289d3ffffffff-2020-04,2
84289d3ffffffff-2021-04,4
84289d3ffffffff-2021-05,1
84289d3ffffffff-2022-04,1
84289d3ffffffff-2023-07,2
84289d9ffffffff-2016-08,2
84289d9ffffffff-2018-04,1
84289d9ffffffff-2019-08,1
84289d9ffffffff-2020-07,1
84289d9ffffffff-2020-08,1
84289d9ffffffff-2021-09,1
84289dbffffffff-2012-08,13
84289dbffffffff-2012-09,11
84289dbffffffff-2013-08,3
84289dbffffffff-2013-09,6
84289dbffffffff-2014-07,4
84289dbffffffff-2014-08,5
84289dbffffffff-2015-08,11
84289dbffffffff-2015-10,3
84289dbffffffff-2016-07,5
84289dbffffffff-2016-08,12
84289dbffffffff-2016-09,4
84289dbffffffff-2017-04,1
84289dbffffffff-2017-07,10
84289dbffffffff-2017-08,10
84289dbffffffff-2017-10,3
84289dbffffffff-2018-07,8
84289dbffffffff-2018-08,7
84289dbffffffff-2019-04,1
84289dbffffffff-2019-07,21
84289dbffffffff-2019-08,10
84289dbffffffff-2019-09,3
84289dbffffffff-2020-04,2
84289dbffffffff-2020-07,23
84289dbffffffff-2020-08,27
84289dbffffffff-2021-06,2
84289dbffffffff-2021-07,26
84289dbffffffff-2021-08,11
84289dbffffffff-2022-04,1
84289dbffffffff-2022-07,4
84289dbffffffff-2022-08,17
84289dbffffffff-2022-09,4
84289dbffffffff-2023-05,2
84289dbffffffff-2023-08,21
84289e1ffffffff-2020-08,1
84289e1ffffffff-2022-06,2
84289e3ffffffff-2018-08,4
84289e5ffffffff-2019-08,1
84289e5ffffffff-2020-07,1
84289e5ffffffff-2021-04,2
84289e5ffffffff-2022-09,1
84289e5ffffffff-2023-04,2
84289e5ffffffff-2023-07,3
84289e7ffffffff-2018-08,3
84289e7ffffffff-2022-04,4
84289e7ffffffff-2022-05,1
84289e7ffffffff-2023-04,5
84289e7ffffffff-2023-07,1
84289e7ffffffff-2023-08,2
84289e7ffffffff-2023-09,1
84289e9ffffffff-2013-11,1
84289e9ffffffff-2020-08,1
84289e9ffffffff-2020-09,1
84289e9ffffffff-2021-09,1
84289e9ffffffff-2022-07,1
84289ebffffffff-2012-04,2
84289ebffffffff-2013-04,1
84289ebffffffff-2015-05,1
84289ebffffffff-2015-07,1
84289ebffffffff-2017-04,2
84289ebffffffff-2018-04,1
84289ebffffffff-2018-05,1
84289ebffffffff-2020-04,4
84289ebffffffff-2021-05,1
84289ebffffffff-2021-06,1
84289ebffffffff-2021-08,6
84289ebffffffff-2021-09,3
84289ebffffffff-2022-04,22
84289ebffffffff-2022-05,10
84289ebffffffff-2022-07,3
84289ebffffffff-2022-08,2
84289ebffffffff-2023-04,7
84289ebffffffff-2023-05,1
84289edffffffff-2012-04,1
84289edffffffff-2012-05,1
84289edffffffff-2012-09,2
84289edffffffff-2012-10,1
84289edffffffff-2012-11,3
84289edffffffff-2013-05,4
84289edffffffff-2013-07,2
84289edffffffff-2013-08,4
84289edffffffff-2013-09,1
84289edffffffff-2014-04,2
84289edffffffff-2014-07,1
84289edffffffff-2014-08,5
84289edffffffff-2014-09,3
84289edffffffff-2015-04,2
84289edffffffff-2015-05,1
84289edffffffff-2015-06,2
84289edffffffff-2015-07,2
84289edffffffff-2015-08,6
84289edffffffff-2016-05,1
84289edffffffff-2016-07,3
84289edffffffff-2016-08,3
84289edffffffff-2016-10,1
84289edffffffff-2017-04,3
84289edffffffff-2017-05,5
84289edffffffff-2017-06,1
84289edffffffff-2017-08,5
84289edffffffff-2017-09,15
84289edffffffff-2017-10,1
84289edffffffff-2018-04,4
84289edffffffff-2018-05,1
84289edffffffff-2018-07,5
84289edffffffff-2018-08,22
84289edffffffff-2018-09,2
84289edffffffff-2019-04,2
84289edffffffff-2019-05,5
84289edffffffff-2019-07,7
84289edffffffff-2019-08,32
84289edffffffff-2019-09,3
84289edffffffff-2020-04,7
84289edffffffff-2020-05,2
84289edffffffff-2020-06,1
84289edffffffff-2020-07,8
84289edffffffff-2020-08,31
84289edffffffff-2020-09,11
84289edffffffff-2020-10,8
84289edffffffff-2021-04,3
84289edffffffff-2021-05,3
84289edffffffff-2021-07,13
84289edffffffff-2021-08,17
84289edffffffff-2021-09,6
84289edffffffff-2022-04,2
84289edffffffff-2022-05,3
84289edffffffff-2022-07,8
84289edffffffff-2022-08,18
84289edffffffff-2022-09,14
84289edffffffff-2023-04,3
84289edffffffff-2023-06,1
84289edffffffff-2023-07,10
84289edffffffff-2023-08,38
84289edffffffff-2023-09,23
84289edffffffff-2023-10,7
8428a11ffffffff-2021-06,1
8428a11ffffffff-2022-07,1
8428a13ffffffff-2016-10,2
8428a13ffffffff-2019-09,2
8428a17ffffffff-2014-09,2
8428a19ffffffff-2022-08,2
8428a29ffffffff-2014-08,2
8428a29ffffffff-2015-04,1
8428a29ffffffff-2015-08,5
8428a29ffffffff-2017-09,3
8428a29ffffffff-2018-09,1
8428a29ffffffff-2019-10,1
8428a29ffffffff-2021-08,2
8428a29ffffffff-2021-09,5
8428a29ffffffff-2022-07,2
8428a29ffffffff-2022-08,3
8428a29ffffffff-2022-09,7
8428a29ffffffff-2022-10,3
8428a29ffffffff-2023-08,10
8428a29ffffffff-2023-09,6
8428a2bffffffff-2016-09,5
8428a31ffffffff-2016-08,2
8428a31ffffffff-2023-08,2
8428a37ffffffff-2013-06,1
8428a37ffffffff-2017-05,1
8428a37ffffffff-2021-06,1
8428a43ffffffff-2023-09,1
8428a45ffffffff-2023-09,1
8428a63ffffffff-2022-08,2
8428a67ffffffff-2015-08,2
8428a67ffffffff-2017-07,1
8428a67ffffffff-2021-08,1
8428a67ffffffff-2023-08,1
8428a67ffffffff-2023-09,1
8428a69ffffffff-2022-09,1
8428a69ffffffff-2023-04,2
8428a6bffffffff-2022-09,1
8428a6bffffffff-2023-08,1
8428a6dffffffff-2018-08,7
8428a6dffffffff-2022-07,4
8428a6dffffffff-2023-07,1
8428a6dffffffff-2023-08,1
8428a83ffffffff-2014-08,1
8428a8dffffffff-2013-05,1
8428a8dffffffff-2014-09,1
8428a8dffffffff-2016-09,3
8428a8dffffffff-2016-10,2
8428a8dffffffff-2017-07,3
8428a8dffffffff-2018-08,1
8428a8dffffffff-2018-09,2
8428a8dffffffff-2020-08,1
8428a8dffffffff-2022-09,9
8428a8dffffffff-2023-08,2
8428a8dffffffff-2023-09,10
8428a91ffffffff-2012-10,1
8428a91ffffffff-2013-06,1
8428a91ffffffff-2013-08,5
8428a91ffffffff-2013-09,5
8428a91ffffffff-2014-04,1
8428a91ffffffff-2014-05,6
8428a91ffffffff-2014-06,1
8428a91ffffffff-2014-07,2
8428a91ffffffff-2014-08,5
8428a91ffffffff-2014-09,2
8428a91ffffffff-2015-05,9
8428a91ffffffff-2015-07,3
8428a91ffffffff-2015-08,2
8428a91ffffffff-2015-09,6
8428a91ffffffff-2016-04,3
8428a91ffffffff-2016-05,2
8428a91ffffffff-2016-07,2
8428a91ffffffff-2016-08,6
8428a91ffffffff-2017-04,1
8428a91ffffffff-2017-07,2
8428a91ffffffff-2017-08,1
8428a91ffffffff-2017-10,1
8428a91ffffffff-2018-04,1
8428a91ffffffff-2018-05,2
8428a91ffffffff-2018-06,5
8428a91ffffffff-2018-07,3
8428a91ffffffff-2018-08,1
8428a91ffffffff-2018-09,2
8428a91ffffffff-2019-05,3
8428a91ffffffff-2019-07,5
8428a91ffffffff-2019-08,44
8428a91ffffffff-2019-09,5
8428a91ffffffff-2020-07,14
8428a91ffffffff-2020-08,11
8428a91ffffffff-2021-04,1
8428a91ffffffff-2021-05,1
8428a91ffffffff-2021-06,2
8428a91ffffffff-2021-07,10
8428a91ffffffff-2021-08,19
8428a91ffffffff-2022-04,2
8428a91ffffffff-2022-05,6
8428a91ffffffff-2022-07,16
8428a91ffffffff-2022-08,21
8428a91ffffffff-2022-09,2
8428a91ffffffff-2022-10,1
8428a91ffffffff-2023-04,4
8428a91ffffffff-2023-05,5
8428a91ffffffff-2023-06,1
8428a91ffffffff-2023-07,18
8428a91ffffffff-2023-08,7
8428a93ffffffff-2012-08,1
8428a95ffffffff-2012-08,1
8428a95ffffffff-2013-07,1
8428a95ffffffff-2013-08,3
8428a95ffffffff-2013-09,2
8428a95ffffffff-2014-05,1
8428a95ffffffff-2014-08,5
8428a95ffffffff-2015-07,2
8428a95ffffffff-2015-08,3
8428a95ffffffff-2016-08,3
8428a95ffffffff-2017-07,13
8428a95ffffffff-2017-08,12
8428a95ffffffff-2017-09,4
8428a95ffffffff-2018-04,1
8428a95ffffffff-2018-05,1
8428a95ffffffff-2018-08,13
8428a95ffffffff-2018-09,14
8428a95ffffffff-2018-10,2
8428a95ffffffff-2019-05,3
8428a95ffffffff-2019-06,1
8428a95ffffffff-2019-07,5
8428a95ffffffff-2019-08,45
8428a95ffffffff-2019-09,25
8428a95ffffffff-2020-04,4
8428a95ffffffff-2020-05,4
8428a95ffffffff-2020-07,4
8428a95ffffffff-2020-08,6
8428a95ffffffff-2020-09,3
8428a95ffffffff-2021-04,3
8428a95ffffffff-2021-05,5
8428a95ffffffff-2021-07,8
8428a95ffffffff-2021-08,19
8428a95ffffffff-2021-09,11
8428a95ffffffff-2021-10,1
8428a95ffffffff-2022-04,2
8428a95ffffffff-2022-05,13
8428a95ffffffff-2022-06,2
8428a95ffffffff-2022-07,11
8428a95ffffffff-2022-08,8
8428a95ffffffff-2022-09,15
8428a95ffffffff-2023-07,3
8428a95ffffffff-2023-08,6
8428a97ffffffff-2013-07,1
8428a97ffffffff-2013-08,6
8428a97ffffffff-2013-09,1
8428a97ffffffff-2014-05,5
8428a97ffffffff-2014-07,9
8428a97ffffffff-2014-08,9
8428a97ffffffff-2015-04,1
8428a97ffffffff-2015-05,1
8428a97ffffffff-2015-08,1
8428a97ffffffff-2015-09,2
8428a97ffffffff-2016-04,1
8428a97ffffffff-2016-05,1
8428a97ffffffff-2016-07,2
8428a97ffffffff-2016-08,2
8428a97ffffffff-2016-09,4
8428a97ffffffff-2017-08,1
8428a97ffffffff-2018-05,2
8428a97ffffffff-2018-08,2
8428a97ffffffff-2019-08,1
8428a97ffffffff-2019-09,2
8428a97ffffffff-2020-05,3
8428a97ffffffff-2020-07,4
8428a97ffffffff-2020-08,10
8428a97ffffffff-2020-10,1
8428a97ffffffff-2021-07,3
8428a97ffffffff-2021-08,16
8428a97ffffffff-2021-09,2
8428a97ffffffff-2022-04,2
8428a97ffffffff-2022-05,1
8428a97ffffffff-2022-08,5
8428a97ffffffff-2023-08,4
8428a97ffffffff-2023-09,5
8428a99ffffffff-2016-08,1
8428a99ffffffff-2017-08,1
8428a99ffffffff-2018-07,1
8428a99ffffffff-2018-08,7
8428a99ffffffff-2019-07,4
8428a99ffffffff-2019-08,1
8428a99ffffffff-2020-08,2
8428a99ffffffff-2020-09,3
8428a99ffffffff-2021-04,1
8428a99ffffffff-2021-05,1
8428a99ffffffff-2022-08,1
8428a99ffffffff-2023-10,1
8428a9bffffffff-2019-08,1
8428a9bffffffff-2020-08,1
8428aa1ffffffff-2020-07,2
8428aa3ffffffff-2020-09,1
8428aa5ffffffff-2021-09,2
8428aa9ffffffff-2014-07,3
8428aa9ffffffff-2023-09,2
8428aadffffffff-2016-05,1
8428ab3ffffffff-2021-08,2
8428ab3ffffffff-2022-05,3
8428ab7ffffffff-2023-07,1
8428ab9ffffffff-2015-07,1
8428ac1ffffffff-2013-09,1
8428ac1ffffffff-2019-07,2
8428ac1ffffffff-2019-08,3
8428ac1ffffffff-2023-08,1
8428ac1ffffffff-2023-09,1
8428ac5ffffffff-2023-08,2
8428ac9ffffffff-2015-03,2
8428ac9ffffffff-2022-07,3
8428acbffffffff-2017-08,1
8428acbffffffff-2019-08,2
8428acbffffffff-2019-09,1
8428acbffffffff-2020-08,1
8428acdffffffff-2016-08,1
8428ad1ffffffff-2016-09,1
8428ad1ffffffff-2017-05,3
8428ad1ffffffff-2021-05,2
8428ad1ffffffff-2022-04,1
8428ad5ffffffff-2017-08,2
8428ad5ffffffff-2018-07,2
8428ad5ffffffff-2018-08,1
8428ad5ffffffff-2019-08,1
8428addffffffff-2012-08,2
8428addffffffff-2012-09,1
8428addffffffff-2013-07,5
8428addffffffff-2013-08,10
8428addffffffff-2014-06,1
8428addffffffff-2014-07,1
8428addffffffff-2014-08,4
8428addffffffff-2015-09,6
8428addffffffff-2015-10,1
8428addffffffff-2016-05,3
8428addffffffff-2016-06,4
8428addffffffff-2016-07,6
8428addffffffff-2016-08,4
8428addffffffff-2016-09,3
8428addffffffff-2016-10,3
8428addffffffff-2017-04,1
8428addffffffff-2017-07,3
8428addffffffff-2017-08,2
8428addffffffff-2017-09,2
8428addffffffff-2017-10,2
8428addffffffff-2018-04,1
8428addffffffff-2018-08,7
8428addffffffff-2018-09,3
8428addffffffff-2019-07,1
8428addffffffff-2019-08,11
8428addffffffff-2019-09,5
8428addffffffff-2020-02,1
8428addffffffff-2020-06,3
8428addffffffff-2020-07,2
8428addffffffff-2020-08,26
8428addffffffff-2020-09,8
8428addffffffff-2020-12,1
8428addffffffff-2021-03,2
8428addffffffff-2021-04,4
8428addffffffff-2021-07,4
8428addffffffff-2021-08,2
8428addffffffff-2021-09,9
8428addffffffff-2021-10,4
8428addffffffff-2022-04,3
8428addffffffff-2022-07,14
8428addffffffff-2022-08,5
8428addffffffff-2022-09,14
8428addffffffff-2022-10,1
8428addffffffff-2023-04,1
8428addffffffff-2023-06,1
8428addffffffff-2023-08,13
8428addffffffff-2023-09,21
8428addffffffff-2023-10,5
8428ae1ffffffff-2013-09,2
8428ae1ffffffff-2014-08,1
8428ae1ffffffff-2014-09,7
8428ae1ffffffff-2015-08,11
8428ae1ffffffff-2015-09,13
8428ae1ffffffff-2016-08,2
8428ae1ffffffff-2017-07,2
8428ae1ffffffff-2017-08,9
8428ae1ffffffff-2017-09,3
8428ae1ffffffff-2017-10,6
8428ae1ffffffff-2018-05,1
8428ae1ffffffff-2018-06,5
8428ae1ffffffff-2018-08,5
8428ae1ffffffff-2018-09,1
8428ae1ffffffff-2019-08,18
8428ae1ffffffff-2019-09,22
8428ae1ffffffff-2020-08,19
8428ae1ffffffff-2020-09,26
8428ae1ffffffff-2020-10,1
8428ae1ffffffff-2021-04,2
8428ae1ffffffff-2021-05,3
8428ae1ffffffff-2021-06,11
8428ae1ffffffff-2021-07,6
8428ae1ffffffff-2021-08,7
8428ae1ffffffff-2022-04,1
8428ae1ffffffff-2022-05,3
8428ae1ffffffff-2022-08,3
8428ae1ffffffff-2023-04,2
8428ae1ffffffff-2023-05,5
8428ae1ffffffff-2023-07,2
8428ae3ffffffff-2012-05,1
8428ae3ffffffff-2012-06,1
8428ae3ffffffff-2012-07,1
8428ae3ffffffff-2012-10,1
8428ae3ffffffff-2013-04,2
8428ae3ffffffff-2014-04,1
8428ae3ffffffff-2015-05,3
8428ae3ffffffff-2016-04,3
8428ae3ffffffff-2016-06,2
8428ae3ffffffff-2016-09,1
8428ae3ffffffff-2016-10,1
8428ae3ffffffff-2017-04,3
8428ae3ffffffff-2017-07,1
8428ae3ffffffff-2018-04,11
8428ae3ffffffff-2019-04,1
8428ae3ffffffff-2019-06,1
8428ae3ffffffff-2019-07,2
8428ae3ffffffff-2019-09,1
8428ae3ffffffff-2020-05,1
8428ae3ffffffff-2020-08,6
8428ae3ffffffff-2021-04,3
8428ae3ffffffff-2021-06,2
8428ae3ffffffff-2022-04,63
8428ae3ffffffff-2022-05,2
8428ae3ffffffff-2023-04,4
8428ae3ffffffff-2023-05,2
8428ae3ffffffff-2023-09,2
8428ae7ffffffff-2016-08,1
8428ae7ffffffff-2020-04,1
8428ae7ffffffff-2020-07,1
8428ae7ffffffff-2023-07,2
8428ae7ffffffff-2023-08,1
8428ae7ffffffff-2023-10,1
8428ae9ffffffff-2013-04,1
8428ae9ffffffff-2013-06,1
8428ae9ffffffff-2013-07,5
8428ae9ffffffff-2013-08,2
8428ae9ffffffff-2013-09,1
8428ae9ffffffff-2014-08,4
8428ae9ffffffff-2014-09,9
8428ae9ffffffff-2014-10,1
8428ae9ffffffff-2015-07,2
8428ae9ffffffff-2015-08,2
8428ae9ffffffff-2015-09,9
8428ae9ffffffff-2016-07,4
8428ae9ffffffff-2016-08,15
8428ae9ffffffff-2017-06,2
8428ae9ffffffff-2017-07,2
8428ae9ffffffff-2017-08,2
8428ae9ffffffff-2018-08,2
8428ae9ffffffff-2018-09,20
8428ae9ffffffff-2020-07,8
8428ae9ffffffff-2020-09,16
8428ae9ffffffff-2021-04,1
8428ae9ffffffff-2021-08,2
8428ae9ffffffff-2021-09,7
8428ae9ffffffff-2022-08,3
8428ae9ffffffff-2022-09,11
8428ae9ffffffff-2022-10,1
8428ae9ffffffff-2023-04,5
8428ae9ffffffff-2023-10,2
8428aebffffffff-2012-09,5
8428aebffffffff-2013-04,2
8428aebffffffff-2013-07,4
8428aebffffffff-2013-08,4
8428aebffffffff-2017-04,1
8428aebffffffff-2017-07,5
8428aebffffffff-2017-08,12
8428aebffffffff-2017-09,7
8428aebffffffff-2017-10,6
8428aebffffffff-2019-09,3
8428aebffffffff-2021-07,2
8428aebffffffff-2023-08,1
8428aedffffffff-2022-09,1
8428b01ffffffff-2019-04,1
8428b01ffffffff-2019-07,10
8428b01ffffffff-2021-07,2
8428b01ffffffff-2022-07,1
8428b03ffffffff-2015-07,1
8428b03ffffffff-2017-06,2
8428b03ffffffff-2017-07,3
8428b03ffffffff-2017-10,2
8428b03ffffffff-2019-04,1
8428b03ffffffff-2019-08,3
8428b03ffffffff-2019-10,1
8428b03ffffffff-2020-04,2
8428b03ffffffff-2021-04,4
8428b03ffffffff-2021-05,1
8428b03ffffffff-2021-09,2
8428b03ffffffff-2021-10,2
8428b03ffffffff-2022-04,2
8428b03ffffffff-2022-09,1
8428b03ffffffff-2022-10,1
8428b03ffffffff-2023-04,2
8428b07ffffffff-2013-09,1
8428b07ffffffff-2016-10,5
8428b07ffffffff-2017-04,1
8428b07ffffffff-2017-10,1
8428b07ffffffff-2018-04,1
8428b07ffffffff-2018-10,3
8428b07ffffffff-2022-10,1
8428b07ffffffff-2023-08,1
8428b11ffffffff-2015-08,1
8428b11ffffffff-2018-04,3
8428b11ffffffff-2022-04,4
8428b11ffffffff-2022-08,2
8428b13ffffffff-2014-05,3
8428b13ffffffff-2015-04,3
8428b13ffffffff-2016-04,1
8428b13ffffffff-2016-05,2
8428b13ffffffff-2017-05,1
8428b13ffffffff-2017-08,1
8428b13ffffffff-2018-04,3
8428b13ffffffff-2020-04,3
8428b13ffffffff-2021-04,5
8428b13ffffffff-2021-05,5
8428b13ffffffff-2022-04,4
8428b13ffffffff-2022-05,4
8428b13ffffffff-2023-08,1
8428b17ffffffff-2014-07,1
8428b17ffffffff-2014-08,3
8428b17ffffffff-2017-08,2
8428b17ffffffff-2019-04,1
8428b17ffffffff-2019-10,2
8428b17ffffffff-2020-04,2
8428b17ffffffff-2020-05,2
8428b17ffffffff-2020-07,1
8428b17ffffffff-2020-10,1
8428b17ffffffff-2021-04,2
8428b17ffffffff-2022-08,1
8428b17ffffffff-2023-07,1
8428b17ffffffff-2023-08,3
8428b17ffffffff-2023-09,1
8428b1dffffffff-2014-08,1
8428b1dffffffff-2016-09,4
8428b1dffffffff-2016-10,7
8428b1dffffffff-2017-04,1
8428b1dffffffff-2017-10,6
8428b1dffffffff-2019-08,8
8428b1dffffffff-2019-09,3
8428b1dffffffff-2019-10,1
8428b1dffffffff-2020-04,11
8428b1dffffffff-2020-07,2
8428b1dffffffff-2020-08,14
8428b1dffffffff-2020-10,9
8428b1dffffffff-2020-11,5
8428b1dffffffff-2021-07,37
8428b1dffffffff-2021-08,27
8428b1dffffffff-2021-09,1
8428b1dffffffff-2021-10,11
8428b1dffffffff-2022-07,20
8428b1dffffffff-2022-08,7
8428b1dffffffff-2022-09,2
8428b1dffffffff-2022-10,4
8428b23ffffffff-2012-08,4
8428b23ffffffff-2012-09,1
8428b23ffffffff-2014-04,1
8428b23ffffffff-2014-09,2
8428b23ffffffff-2015-08,1
8428b23ffffffff-2015-09,1
8428b23ffffffff-2018-07,2
8428b23ffffffff-2018-08,4
8428b23ffffffff-2019-08,2
8428b23ffffffff-2020-07,4
8428b23ffffffff-2021-07,1
8428b23ffffffff-2022-08,1
8428b23ffffffff-2023-04,4
8428b23ffffffff-2023-06,4
8428b23ffffffff-2023-07,4
8428b23ffffffff-2023-08,12
8428b23ffffffff-2023-09,1
8428b27ffffffff-2012-07,1
8428b27ffffffff-2014-08,1
8428b29ffffffff-2016-06,1
8428b29ffffffff-2021-05,1
8428b29ffffffff-2023-05,1
8428b2bffffffff-2012-08,11
8428b2bffffffff-2013-07,5
8428b2bffffffff-2013-08,1
8428b2bffffffff-2014-07,3
8428b2bffffffff-2014-08,2
8428b2bffffffff-2014-09,2
8428b2bffffffff-2014-10,1
8428b2bffffffff-2015-08,9
8428b2bffffffff-2015-09,8
8428b2bffffffff-2015-10,1
8428b2bffffffff-2016-08,6
8428b2bffffffff-2016-09,2
8428b2bffffffff-2017-08,2
8428b2bffffffff-2017-09,8
8428b2bffffffff-2018-06,1
8428b2bffffffff-2018-08,1
8428b2bffffffff-2018-09,9
8428b2bffffffff-2018-10,8
8428b2bffffffff-2019-09,3
8428b2bffffffff-2020-04,4
8428b2bffffffff-2020-09,2
8428b2bffffffff-2021-07,4
8428b2bffffffff-2021-08,2
8428b2bffffffff-2021-09,47
8428b2bffffffff-2022-07,3
8428b2bffffffff-2022-08,11
8428b2bffffffff-2022-09,5
8428b2bffffffff-2023-04,2
8428b2bffffffff-2023-08,33
8428b2bffffffff-2023-09,20
8428b2bffffffff-2023-10,2
8428b2dffffffff-2017-08,1
8428b31ffffffff-2015-07,1
8428b31ffffffff-2019-04,1
8428b3bffffffff-2014-04,1
8428b3bffffffff-2018-04,6
8428b3bffffffff-2019-08,2
8428b3bffffffff-2020-04,9
8428b3bffffffff-2023-04,1
8428b3dffffffff-2023-07,3
8428b51ffffffff-2012-08,1
8428b53ffffffff-2016-09,5
8428b53ffffffff-2018-09,2
8428b53ffffffff-2019-08,3
8428b53ffffffff-2019-09,2
8428b53ffffffff-2021-08,1
8428b57ffffffff-2018-08,1
8428b57ffffffff-2020-08,2
8428b61ffffffff-2012-04,8
8428b61ffffffff-2012-05,3
8428b61ffffffff-2012-06,2
8428b61ffffffff-2012-08,10
8428b61ffffffff-2013-04,7
8428b61ffffffff-2013-05,28
8428b61ffffffff-2013-08,1
8428b61ffffffff-2014-04,1
8428b61ffffffff-2014-05,6
8428b61ffffffff-2014-07,5
8428b61ffffffff-2014-08,14
8428b61ffffffff-2014-09,2
8428b61ffffffff-2014-10,6
8428b61ffffffff-2015-04,9
8428b61ffffffff-2015-07,4
8428b61ffffffff-2015-09,1
8428b61ffffffff-2016-04,21
8428b61ffffffff-2016-05,7
8428b61ffffffff-2016-07,2
8428b61ffffffff-2016-09,10
8428b61ffffffff-2017-04,32
8428b61ffffffff-2017-05,16
8428b61ffffffff-2017-07,1
8428b61ffffffff-2017-09,1
8428b61ffffffff-2018-04,7
8428b61ffffffff-2019-03,2
8428b61ffffffff-2019-04,18
8428b61ffffffff-2019-05,5
8428b61ffffffff-2019-08,1
8428b61ffffffff-2019-09,8
8428b61ffffffff-2020-04,19
8428b61ffffffff-2020-05,11
8428b61ffffffff-2020-08,3
8428b61ffffffff-2020-09,6
8428b61ffffffff-2020-10,1
8428b61ffffffff-2021-04,5
8428b61ffffffff-2021-05,3
8428b61ffffffff-2021-07,2
8428b61ffffffff-2021-08,13
8428b61ffffffff-2022-04,1
8428b61ffffffff-2022-05,4
8428b61ffffffff-2022-06,1
8428b61ffffffff-2022-07,1
8428b61ffffffff-2022-08,19
8428b61ffffffff-2022-09,1
8428b61ffffffff-2023-04,7
8428b61ffffffff-2023-05,1
8428b61ffffffff-2023-08,11
8428b61ffffffff-2023-09,7
8428b61ffffffff-2023-10,1
8428b65ffffffff-2022-10,2
8428b67ffffffff-2023-06,2
8428b69ffffffff-2012-03,2
8428b69ffffffff-2012-04,3
8428b69ffffffff-2012-07,3
8428b69ffffffff-2012-08,8
8428b69ffffffff-2012-09,2
8428b69ffffffff-2012-10,1
8428b69ffffffff-2012-12,1
8428b69ffffffff-2013-04,1
8428b69ffffffff-2013-05,1
8428b69ffffffff-2013-08,11
8428b69ffffffff-2013-10,2
8428b69ffffffff-2014-04,3
8428b69ffffffff-2014-05,4
8428b69ffffffff-2014-06,1
8428b69ffffffff-2014-07,3
8428b69ffffffff-2014-08,11
8428b69ffffffff-2014-09,8
8428b69ffffffff-2014-10,2
8428b69ffffffff-2014-11,1
8428b69ffffffff-2015-03,3
8428b69ffffffff-2015-04,2
8428b69ffffffff-2015-07,10
8428b69ffffffff-2015-08,8
8428b69ffffffff-2015-09,4
8428b69ffffffff-2015-10,1
8428b69ffffffff-2016-03,5
8428b69ffffffff-2016-04,10
8428b69ffffffff-2016-05,3
8428b69ffffffff-2016-07,1
8428b69ffffffff-2016-08,9
8428b69ffffffff-2016-09,16
8428b69ffffffff-2016-10,4
8428b69ffffffff-2016-11,3
8428b69ffffffff-2017-03,1
8428b69ffffffff-2017-04,16
8428b69ffffffff-2017-06,1
8428b69ffffffff-2017-07,1
8428b69ffffffff-2017-08,10
8428b69ffffffff-2017-09,8
8428b69ffffffff-2017-10,1
8428b69ffffffff-2017-11,5
8428b69ffffffff-2018-04,5
8428b69ffffffff-2018-05,2
8428b69ffffffff-2018-07,5
8428b69ffffffff-2018-08,31
8428b69ffffffff-2018-09,42
8428b69ffffffff-2018-10,10
8428b69ffffffff-2018-11,2
8428b69ffffffff-2019-04,8
8428b69ffffffff-2019-05,2
8428b69ffffffff-2019-07,17
8428b69ffffffff-2019-08,10
8428b69ffffffff-2019-09,13
8428b69ffffffff-2019-10,4
8428b69ffffffff-2019-11,1
8428b69ffffffff-2020-04,8
8428b69ffffffff-2020-07,20
8428b69ffffffff-2020-08,35
8428b69ffffffff-2020-09,8
8428b69ffffffff-2020-10,8
8428b69ffffffff-2020-11,4
8428b69ffffffff-2021-04,18
8428b69ffffffff-2021-05,5
8428b69ffffffff-2021-06,3
8428b69ffffffff-2021-07,13
8428b69ffffffff-2021-08,11
8428b69ffffffff-2021-09,4
8428b69ffffffff-2021-10,4
8428b69ffffffff-2022-04,9
8428b69ffffffff-2022-06,1
8428b69ffffffff-2022-07,17
8428b69ffffffff-2022-08,29
8428b69ffffffff-2022-09,19
8428b69ffffffff-2022-10,22
8428b69ffffffff-2022-11,6
8428b69ffffffff-2023-04,18
8428b69ffffffff-2023-06,1
8428b69ffffffff-2023-07,19
8428b69ffffffff-2023-08,43
8428b69ffffffff-2023-09,53
8428b69ffffffff-2023-10,11
8428b69ffffffff-2023-11,4
8428b6bffffffff-2022-08,3
8428b6bffffffff-2023-05,2
8428b6dffffffff-2013-08,3
8428b6dffffffff-2014-07,2
8428b6dffffffff-2014-08,1
8428b6dffffffff-2014-09,1
8428b6dffffffff-2017-05,1
8428b6dffffffff-2018-08,2
8428b6dffffffff-2019-10,2
8428b6dffffffff-2020-04,1
8428b6dffffffff-2021-07,1
8428b6dffffffff-2022-04,1
8428b6dffffffff-2022-09,15
8428b6dffffffff-2023-05,1
8428b6dffffffff-2023-08,1
8428b6dffffffff-2023-09,2
8428c21ffffffff-2012-08,1
8428c23ffffffff-2013-09,2
8428c23ffffffff-2015-09,2
8428c23ffffffff-2018-08,3
8428c23ffffffff-2022-05,1
8428c25ffffffff-2016-07,3
8428c25ffffffff-2016-09,1
8428c25ffffffff-2017-09,2
8428c25ffffffff-2019-08,5
8428c25ffffffff-2020-04,1
8428c25ffffffff-2021-08,1
8428c25ffffffff-2022-07,3
8428c27ffffffff-2013-10,1
8428c27ffffffff-2017-07,1
8428c27ffffffff-2017-08,1
8428c27ffffffff-2020-08,1
8428c27ffffffff-2023-07,1
8428c27ffffffff-2023-08,1
8428c29ffffffff-2015-08,1
8428c29ffffffff-2018-07,1
8428c29ffffffff-2018-08,1
8428c2bffffffff-2013-04,1
8428c2bffffffff-2018-07,1
8428c2bffffffff-2021-09,2
8428c2dffffffff-2022-04,2
8428c61ffffffff-2012-02,2
8428c61ffffffff-2012-04,1
8428c61ffffffff-2012-07,19
8428c61ffffffff-2012-08,66
8428c61ffffffff-2012-09,20
8428c61ffffffff-2012-10,3
8428c61ffffffff-2013-04,1
8428c61ffffffff-2013-05,1
8428c61ffffffff-2013-07,4
8428c61ffffffff-2013-08,42
8428c61ffffffff-2013-09,24
8428c61ffffffff-2014-04,1
8428c61ffffffff-2014-05,2
8428c61ffffffff-2014-07,4
8428c61ffffffff-2014-08,54
8428c61ffffffff-2014-09,21
8428c61ffffffff-2014-10,2
8428c61ffffffff-2015-04,3
8428c61ffffffff-2015-05,16
8428c61ffffffff-2015-07,3
8428c61ffffffff-2015-08,49
8428c61ffffffff-2015-09,5
8428c61ffffffff-2015-10,1
8428c61ffffffff-2016-05,7
8428c61ffffffff-2016-07,33
8428c61ffffffff-2016-08,36
8428c61ffffffff-2016-09,7
8428c61ffffffff-2016-10,1
8428c61ffffffff-2017-04,11
8428c61ffffffff-2017-05,3
8428c61ffffffff-2017-07,9
8428c61ffffffff-2017-08,55
8428c61ffffffff-2017-09,15
8428c61ffffffff-2018-04,4
8428c61ffffffff-2018-05,14
8428c61ffffffff-2018-07,10
8428c61ffffffff-2018-08,42
8428c61ffffffff-2018-09,20
8428c61ffffffff-2018-10,1
8428c61ffffffff-2019-04,15
8428c61ffffffff-2019-05,9
8428c61ffffffff-2019-07,3
8428c61ffffffff-2019-08,41
8428c61ffffffff-2019-09,9
8428c61ffffffff-2020-04,2
8428c61ffffffff-2020-05,2
8428c61ffffffff-2020-07,11
8428c61ffffffff-2020-08,40
8428c61ffffffff-2020-09,6
8428c61ffffffff-2020-10,4
8428c61ffffffff-2021-03,1
8428c61ffffffff-2021-04,15
8428c61ffffffff-2021-05,3
8428c61ffffffff-2021-07,3
8428c61ffffffff-2021-08,12
8428c61ffffffff-2021-09,3
8428c61ffffffff-2021-10,1
8428c61ffffffff-2022-05,4
8428c61ffffffff-2022-07,4
8428c61ffffffff-2022-08,72
8428c61ffffffff-2022-09,22
8428c61ffffffff-2022-10,2
8428c61ffffffff-2023-04,10
8428c61ffffffff-2023-05,6
8428c61ffffffff-2023-07,8
8428c61ffffffff-2023-08,80
8428c61ffffffff-2023-09,39
8428c63ffffffff-2015-05,1
8428c63ffffffff-2015-08,1
8428c63ffffffff-2017-09,1
8428c63ffffffff-2019-07,3
8428c63ffffffff-2019-08,4
8428c63ffffffff-2020-07,1
8428c63ffffffff-2020-08,3
8428c65ffffffff-2012-04,13
8428c65ffffffff-2012-05,3
8428c65ffffffff-2013-04,10
8428c65ffffffff-2013-05,10
8428c65ffffffff-2017-07,1
8428c65ffffffff-2018-04,1
8428c65ffffffff-2018-05,2
8428c65ffffffff-2022-05,2
8428c65ffffffff-2023-04,5
8428c65ffffffff-2023-05,7
8428c67ffffffff-2015-05,1
8428c67ffffffff-2016-04,1
8428c67ffffffff-2021-07,1
8428c67ffffffff-2021-08,1
8428c69ffffffff-2012-07,1
8428c69ffffffff-2018-10,1
8428c69ffffffff-2020-08,4
8428c69ffffffff-2021-05,1
8428c69ffffffff-2021-09,1
8428c69ffffffff-2023-09,1
8428c6dffffffff-2012-04,1
8428c6dffffffff-2012-10,1
8428c6dffffffff-2014-05,1
8428c6dffffffff-2014-09,1
8428c6dffffffff-2015-04,1
8428c6dffffffff-2016-08,7
8428c6dffffffff-2018-04,1
8428c6dffffffff-2018-05,3
8428c6dffffffff-2019-08,4
8428c6dffffffff-2019-09,2
8428c6dffffffff-2020-04,1
8428c6dffffffff-2020-05,1
8428c6dffffffff-2020-08,2
8428c6dffffffff-2021-04,1
8428c6dffffffff-2022-07,1
8428c6dffffffff-2023-04,3
8428c6dffffffff-2023-06,1
8428c6dffffffff-2023-07,1
8428c6dffffffff-2023-08,7
8428c6dffffffff-2023-09,16
8428c6dffffffff-2023-10,4
8428ca7ffffffff-2022-08,1
8428d03ffffffff-2012-08,1
8428d03ffffffff-2012-09,1
8428d03ffffffff-2013-08,1
8428d03ffffffff-2014-08,3
8428d09ffffffff-2013-04,2
8428d09ffffffff-2013-05,2
8428d09ffffffff-2014-04,1
8428d09ffffffff-2016-04,3
8428d09ffffffff-2016-05,8
8428d09ffffffff-2018-04,2
8428d0bffffffff-2012-05,1
8428d0bffffffff-2013-05,1
8428d0bffffffff-2015-04,3
8428d0bffffffff-2015-05,2
8428d0bffffffff-2015-08,3
8428d0bffffffff-2016-07,1
8428d0bffffffff-2017-05,1
8428d0bffffffff-2017-07,4
8428d0bffffffff-2017-08,21
8428d0bffffffff-2017-09,1
8428d0bffffffff-2017-10,2
8428d0bffffffff-2018-04,2
8428d0bffffffff-2018-07,2
8428d0bffffffff-2018-08,7
8428d0bffffffff-2018-09,2
8428d0bffffffff-2018-10,1
8428d0bffffffff-2019-04,1
8428d0bffffffff-2019-05,3
8428d0bffffffff-2019-07,1
8428d0bffffffff-2019-08,22
8428d0bffffffff-2019-09,2
8428d0bffffffff-2019-10,1
8428d0bffffffff-2020-04,5
8428d0bffffffff-2020-05,1
8428d0bffffffff-2020-07,2
8428d0bffffffff-2020-08,29
8428d0bffffffff-2020-09,29
8428d0bffffffff-2020-10,18
8428d0bffffffff-2021-04,7
8428d0bffffffff-2021-05,7
8428d0bffffffff-2021-07,2
8428d0bffffffff-2021-08,6
8428d0bffffffff-2021-09,6
8428d0bffffffff-2022-04,6
8428d0bffffffff-2022-05,17
8428d0bffffffff-2022-07,6
8428d0bffffffff-2022-08,5
8428d0bffffffff-2022-09,1
8428d0bffffffff-2023-04,6
8428d0bffffffff-2023-05,16
8428d0bffffffff-2023-07,1
8428d0bffffffff-2023-08,18
8428d0bffffffff-2023-09,5
8428d0bffffffff-2023-10,2
8428d11ffffffff-2012-07,1
8428d11ffffffff-2015-08,2
8428d11ffffffff-2016-08,2
8428d11ffffffff-2016-09,3
8428d11ffffffff-2017-08,1
8428d11ffffffff-2018-07,1
8428d11ffffffff-2018-08,11
8428d11ffffffff-2018-09,5
8428d11ffffffff-2019-05,1
8428d11ffffffff-2019-06,1
8428d11ffffffff-2019-07,1
8428d11ffffffff-2019-08,6
8428d11ffffffff-2019-09,1
8428d11ffffffff-2019-10,7
8428d11ffffffff-2020-04,2
8428d11ffffffff-2020-05,1
8428d11ffffffff-2020-07,4
8428d11ffffffff-2020-08,10
8428d11ffffffff-2020-09,3
8428d11ffffffff-2020-10,3
8428d11ffffffff-2021-05,7
8428d11ffffffff-2021-07,9
8428d11ffffffff-2021-08,5
8428d11ffffffff-2021-09,2
8428d11ffffffff-2022-04,3
8428d11ffffffff-2022-07,2
8428d11ffffffff-2022-08,25
8428d11ffffffff-2022-09,14
8428d11ffffffff-2022-10,4
8428d11ffffffff-2023-07,13
8428d11ffffffff-2023-08,29
8428d11ffffffff-2023-09,5
8428d13ffffffff-2012-08,2
8428d13ffffffff-2013-04,1
8428d13ffffffff-2013-05,2
8428d13ffffffff-2014-08,2
8428d13ffffffff-2015-04,11
8428d13ffffffff-2015-05,3
8428d13ffffffff-2015-08,12
8428d13ffffffff-2016-04,10
8428d13ffffffff-2016-05,3
8428d13ffffffff-2016-07,12
8428d13ffffffff-2016-08,26
8428d13ffffffff-2016-09,15
8428d13ffffffff-2017-04,1
8428d13ffffffff-2017-07,9
8428d13ffffffff-2017-08,29
8428d13ffffffff-2017-09,1
8428d13ffffffff-2017-10,1
8428d13ffffffff-2018-04,16
8428d13ffffffff-2018-05,2
8428d13ffffffff-2018-07,5
8428d13ffffffff-2018-08,11
8428d13ffffffff-2018-09,4
8428d13ffffffff-2019-04,4
8428d13ffffffff-2019-05,6
8428d13ffffffff-2019-07,1
8428d13ffffffff-2019-08,17
8428d13ffffffff-2019-09,4
8428d13ffffffff-2019-10,2
8428d13ffffffff-2020-07,8
8428d13ffffffff-2020-08,4
8428d13ffffffff-2020-09,10
8428d13ffffffff-2021-04,1
8428d13ffffffff-2021-07,3
8428d13ffffffff-2021-08,17
8428d13ffffffff-2021-09,3
8428d13ffffffff-2022-04,4
8428d13ffffffff-2022-05,3
8428d13ffffffff-2022-08,5
8428d13ffffffff-2022-09,8
8428d13ffffffff-2023-04,2
8428d13ffffffff-2023-07,14
8428d13ffffffff-2023-08,64
8428d13ffffffff-2023-09,10
8428d15ffffffff-2012-04,1
8428d15ffffffff-2012-05,4
8428d15ffffffff-2012-06,1
8428d15ffffffff-2012-07,7
8428d15ffffffff-2012-08,3
8428d15ffffffff-2013-05,3
8428d15ffffffff-2013-08,2
8428d15ffffffff-2014-04,2
8428d15ffffffff-2014-05,1
8428d15ffffffff-2014-08,1
8428d15ffffffff-2015-04,2
8428d15ffffffff-2016-04,1
8428d15ffffffff-2016-07,1
8428d15ffffffff-2016-08,3
8428d15ffffffff-2017-08,1
8428d15ffffffff-2017-09,1
8428d15ffffffff-2018-04,1
8428d15ffffffff-2018-10,1
8428d15ffffffff-2019-03,1
8428d15ffffffff-2019-05,3
8428d15ffffffff-2019-07,2
8428d15ffffffff-2019-10,1
8428d15ffffffff-2020-05,3
8428d15ffffffff-2020-06,1
8428d15ffffffff-2020-09,1
8428d15ffffffff-2021-05,2
8428d15ffffffff-2021-08,2
8428d15ffffffff-2022-04,4
8428d15ffffffff-2022-05,1
8428d15ffffffff-2022-08,1
8428d15ffffffff-2023-04,7
8428d15ffffffff-2023-05,4
8428d15ffffffff-2023-08,1
8428d17ffffffff-2012-07,2
8428d17ffffffff-2012-08,2
8428d17ffffffff-2012-09,2
8428d17ffffffff-2013-04,6
8428d17ffffffff-2013-05,1
8428d17ffffffff-2013-07,1
8428d17ffffffff-2013-08,8
8428d17ffffffff-2013-09,1
8428d17ffffffff-2013-10,7
8428d17ffffffff-2014-04,13
8428d17ffffffff-2014-05,2
8428d17ffffffff-2014-08,5
8428d17ffffffff-2014-09,2
8428d17ffffffff-2015-04,1
8428d17ffffffff-2015-07,2
8428d17ffffffff-2015-08,1
8428d17ffffffff-2015-09,1
8428d17ffffffff-2015-10,1
8428d17ffffffff-2016-04,2
8428d17ffffffff-2016-05,1
8428d17ffffffff-2016-08,3
8428d17ffffffff-2016-09,1
8428d17ffffffff-2017-04,2
8428d17ffffffff-2017-05,3
8428d17ffffffff-2017-08,10
8428d17ffffffff-2017-09,3
8428d17ffffffff-2017-10,1
8428d17ffffffff-2018-05,3
8428d17ffffffff-2018-07,7
8428d17ffffffff-2018-08,7
8428d17ffffffff-2018-10,1
8428d17ffffffff-2019-04,2
8428d17ffffffff-2019-05,2
8428d17ffffffff-2019-08,4
8428d17ffffffff-2019-10,1
8428d17ffffffff-2019-11,2
8428d17ffffffff-2020-04,8
8428d17ffffffff-2020-05,4
8428d17ffffffff-2020-08,12
8428d17ffffffff-2020-09,1
8428d17ffffffff-2020-10,6
8428d17ffffffff-2021-04,2
8428d17ffffffff-2021-05,4
8428d17ffffffff-2021-08,9
8428d17ffffffff-2021-09,14
8428d17ffffffff-2021-10,8
8428d17ffffffff-2022-04,8
8428d17ffffffff-2022-07,1
8428d17ffffffff-2022-08,23
8428d17ffffffff-2022-09,25
8428d17ffffffff-2022-10,9
8428d17ffffffff-2023-04,9
8428d17ffffffff-2023-05,16
8428d17ffffffff-2023-08,8
8428d17ffffffff-2023-09,7
8428d17ffffffff-2023-10,5
8428d19ffffffff-2012-08,3
8428d19ffffffff-2012-09,7
8428d19ffffffff-2013-07,3
8428d19ffffffff-2013-08,7
8428d19ffffffff-2013-09,1
8428d19ffffffff-2014-04,2
8428d19ffffffff-2014-08,6
8428d19ffffffff-2014-09,2
8428d19ffffffff-2014-10,2
8428d19ffffffff-2015-04,1
8428d19ffffffff-2015-05,1
8428d19ffffffff-2015-07,5
8428d19ffffffff-2015-08,14
8428d19ffffffff-2015-09,4
8428d19ffffffff-2016-04,2
8428d19ffffffff-2016-05,13
8428d19ffffffff-2016-07,2
8428d19ffffffff-2016-08,15
8428d19ffffffff-2016-09,13
8428d19ffffffff-2016-11,3
8428d19ffffffff-2017-04,2
8428d19ffffffff-2017-05,4
8428d19ffffffff-2017-07,12
8428d19ffffffff-2017-08,15
8428d19ffffffff-2017-09,14
8428d19ffffffff-2017-10,5
8428d19ffffffff-2018-04,1
8428d19ffffffff-2018-05,6
8428d19ffffffff-2018-08,10
8428d19ffffffff-2018-09,7
8428d19ffffffff-2018-10,1
8428d19ffffffff-2019-05,1
8428d19ffffffff-2019-06,7
8428d19ffffffff-2019-07,15
8428d19ffffffff-2019-08,8
8428d19ffffffff-2019-09,4
8428d19ffffffff-2019-10,7
8428d19ffffffff-2020-04,1
8428d19ffffffff-2020-07,10
8428d19ffffffff-2020-08,31
8428d19ffffffff-2020-09,29
8428d19ffffffff-2020-10,7
8428d19ffffffff-2020-11,1
8428d19ffffffff-2021-04,3
8428d19ffffffff-2021-07,10
8428d19ffffffff-2021-08,31
8428d19ffffffff-2021-09,36
8428d19ffffffff-2021-10,2
8428d19ffffffff-2022-05,2
8428d19ffffffff-2022-07,2
8428d19ffffffff-2022-08,17
8428d19ffffffff-2022-09,15
8428d19ffffffff-2022-10,4
8428d19ffffffff-2023-04,3
8428d19ffffffff-2023-05,3
8428d19ffffffff-2023-07,10
8428d19ffffffff-2023-08,16
8428d19ffffffff-2023-09,24
8428d19ffffffff-2023-10,7
8428d1bffffffff-2012-04,4
8428d1bffffffff-2012-05,3
8428d1bffffffff-2012-07,7
8428d1bffffffff-2012-08,7
8428d1bffffffff-2012-09,4
8428d1bffffffff-2012-10,3
8428d1bffffffff-2013-04,6
8428d1bffffffff-2013-05,5
8428d1bffffffff-2013-07,2
8428d1bffffffff-2013-08,6
8428d1bffffffff-2013-09,9
8428d1bffffffff-2014-04,6
8428d1bffffffff-2014-05,4
8428d1bffffffff-2014-07,1
8428d1bffffffff-2014-08,17
8428d1bffffffff-2014-09,3
8428d1bffffffff-2015-04,26
8428d1bffffffff-2015-05,1
8428d1bffffffff-2015-07,7
8428d1bffffffff-2015-08,45
8428d1bffffffff-2015-10,1
8428d1bffffffff-2016-04,16
8428d1bffffffff-2016-05,3
8428d1bffffffff-2016-07,5
8428d1bffffffff-2016-08,22
8428d1bffffffff-2016-09,5
8428d1bffffffff-2016-10,1
8428d1bffffffff-2017-04,6
8428d1bffffffff-2017-05,4
8428d1bffffffff-2017-07,6
8428d1bffffffff-2017-08,43
8428d1bffffffff-2017-09,8
8428d1bffffffff-2017-10,4
8428d1bffffffff-2018-04,32
8428d1bffffffff-2018-05,10
8428d1bffffffff-2018-07,21
8428d1bffffffff-2018-08,17
8428d1bffffffff-2018-09,8
8428d1bffffffff-2018-10,1
8428d1bffffffff-2019-04,4
8428d1bffffffff-2019-05,25
8428d1bffffffff-2019-07,7
8428d1bffffffff-2019-08,22
8428d1bffffffff-2019-09,10
8428d1bffffffff-2019-10,2
8428d1bffffffff-2020-04,7
8428d1bffffffff-2020-05,11
8428d1bffffffff-2020-07,7
8428d1bffffffff-2020-08,17
8428d1bffffffff-2020-09,11
8428d1bffffffff-2020-10,1
8428d1bffffffff-2021-04,30
8428d1bffffffff-2021-05,38
8428d1bffffffff-2021-06,21
8428d1bffffffff-2021-07,78
8428d1bffffffff-2021-08,47
8428d1bffffffff-2021-09,17
8428d1bffffffff-2021-10,3
8428d1bffffffff-2022-04,51
8428d1bffffffff-2022-05,41
8428d1bffffffff-2022-07,34
8428d1bffffffff-2022-08,82
8428d1bffffffff-2022-09,3
8428d1bffffffff-2022-10,5
8428d1bffffffff-2023-04,18
8428d1bffffffff-2023-05,16
8428d1bffffffff-2023-06,1
8428d1bffffffff-2023-07,7
8428d1bffffffff-2023-08,50
8428d1bffffffff-2023-09,9
8428d1bffffffff-2023-10,3
8428d1dffffffff-2012-04,5
8428d1dffffffff-2012-05,8
8428d1dffffffff-2012-06,1
8428d1dffffffff-2012-07,14
8428d1dffffffff-2012-08,50
8428d1dffffffff-2012-09,22
8428d1dffffffff-2012-10,3
8428d1dffffffff-2012-11,1
8428d1dffffffff-2013-04,3
8428d1dffffffff-2013-05,4
8428d1dffffffff-2013-07,12
8428d1dffffffff-2013-08,36
8428d1dffffffff-2013-09,14
8428d1dffffffff-2013-10,14
8428d1dffffffff-2014-02,1
8428d1dffffffff-2014-05,4
8428d1dffffffff-2014-06,2
8428d1dffffffff-2014-07,20
8428d1dffffffff-2014-08,47
8428d1dffffffff-2014-09,45
8428d1dffffffff-2014-10,1
8428d1dffffffff-2014-11,2
8428d1dffffffff-2014-12,2
8428d1dffffffff-2015-02,6
8428d1dffffffff-2015-03,3
8428d1dffffffff-2015-04,6
8428d1dffffffff-2015-05,8
8428d1dffffffff-2015-06,2
8428d1dffffffff-2015-07,21
8428d1dffffffff-2015-08,63
8428d1dffffffff-2015-09,22
8428d1dffffffff-2015-10,6
8428d1dffffffff-2015-11,1
8428d1dffffffff-2016-04,4
8428d1dffffffff-2016-05,3
8428d1dffffffff-2016-06,2
8428d1dffffffff-2016-07,30
8428d1dffffffff-2016-08,66
8428d1dffffffff-2016-09,56
8428d1dffffffff-2016-10,13
8428d1dffffffff-2017-04,23
8428d1dffffffff-2017-05,3
8428d1dffffffff-2017-06,4
8428d1dffffffff-2017-07,20
8428d1dffffffff-2017-08,177
8428d1dffffffff-2017-09,77
8428d1dffffffff-2017-10,22
8428d1dffffffff-2017-11,1
8428d1dffffffff-2018-04,15
8428d1dffffffff-2018-05,24
8428d1dffffffff-2018-07,82
8428d1dffffffff-2018-08,154
8428d1dffffffff-2018-09,87
8428d1dffffffff-2018-10,15
8428d1dffffffff-2019-03,1
8428d1dffffffff-2019-04,14
8428d1dffffffff-2019-05,13
8428d1dffffffff-2019-06,2
8428d1dffffffff-2019-07,31
8428d1dffffffff-2019-08,242
8428d1dffffffff-2019-09,54
8428d1dffffffff-2019-10,51
8428d1dffffffff-2019-11,18
8428d1dffffffff-2020-01,2
8428d1dffffffff-2020-02,17
8428d1dffffffff-2020-03,9
8428d1dffffffff-2020-04,5
8428d1dffffffff-2020-05,1
8428d1dffffffff-2020-06,1
8428d1dffffffff-2020-07,84
8428d1dffffffff-2020-08,178
8428d1dffffffff-2020-09,187
8428d1dffffffff-2020-10,93
8428d1dffffffff-2020-11,5
8428d1dffffffff-2021-04,70
8428d1dffffffff-2021-05,29
8428d1dffffffff-2021-07,30
8428d1dffffffff-2021-08,379
8428d1dffffffff-2021-09,125
8428d1dffffffff-2021-10,64
8428d1dffffffff-2022-04,22
8428d1dffffffff-2022-05,15
8428d1dffffffff-2022-06,2
8428d1dffffffff-2022-07,29
8428d1dffffffff-2022-08,97
8428d1dffffffff-2022-09,38
8428d1dffffffff-2022-10,66
8428d1dffffffff-2022-11,1
8428d1dffffffff-2023-04,7
8428d1dffffffff-2023-05,3
8428d1dffffffff-2023-07,40
8428d1dffffffff-2023-08,170
8428d1dffffffff-2023-09,172
8428d1dffffffff-2023-10,12
8428d21ffffffff-2014-09,1
8428d23ffffffff-2016-07,2
8428d23ffffffff-2016-08,1
8428d23ffffffff-2019-06,1
8428d23ffffffff-2020-07,1
8428d23ffffffff-2023-07,1
8428d25ffffffff-2021-07,1
8428d25ffffffff-2022-05,1
8428d25ffffffff-2022-08,1
8428d25ffffffff-2023-09,2
8428d27ffffffff-2023-08,2
8428d27ffffffff-2023-09,1
8428d29ffffffff-2021-05,2
8428d29ffffffff-2021-06,3
8428d29ffffffff-2022-08,2
8428d31ffffffff-2014-05,2
8428d31ffffffff-2017-08,5
8428d31ffffffff-2019-08,1
8428d31ffffffff-2022-05,1
8428d31ffffffff-2022-08,3
8428d31ffffffff-2023-09,13
8428d33ffffffff-2012-04,2
8428d33ffffffff-2014-05,2
8428d33ffffffff-2017-09,1
8428d33ffffffff-2019-08,3
8428d33ffffffff-2020-04,1
8428d33ffffffff-2021-08,7
8428d33ffffffff-2022-04,2
8428d33ffffffff-2022-07,2
8428d33ffffffff-2023-08,3
8428d39ffffffff-2023-07,2
8428d3bffffffff-2013-04,3
8428d3bffffffff-2013-08,1
8428d3bffffffff-2014-04,5
8428d3bffffffff-2015-05,5
8428d3bffffffff-2016-05,3
8428d3bffffffff-2016-09,3
8428d3bffffffff-2016-10,1
8428d3bffffffff-2017-04,1
8428d3bffffffff-2017-05,1
8428d3bffffffff-2017-08,3
8428d3bffffffff-2017-09,4
8428d3bffffffff-2017-10,11
8428d3bffffffff-2018-04,1
8428d3bffffffff-2018-05,1
8428d3bffffffff-2018-07,3
8428d3bffffffff-2018-08,9
8428d3bffffffff-2018-09,1
8428d3bffffffff-2019-04,6
8428d3bffffffff-2019-05,4
8428d3bffffffff-2019-08,2
8428d3bffffffff-2020-04,7
8428d3bffffffff-2021-04,13
8428d3bffffffff-2021-05,2
8428d3bffffffff-2021-07,1
8428d3bffffffff-2021-08,10
8428d3bffffffff-2021-09,4
8428d3bffffffff-2022-04,13
8428d3bffffffff-2022-05,5
8428d3bffffffff-2022-08,3
8428d3bffffffff-2023-04,5
8428d3bffffffff-2023-08,5
8428d3bffffffff-2023-09,12
8428d43ffffffff-2019-04,1
8428d43ffffffff-2019-08,1
8428d43ffffffff-2020-04,1
8428d43ffffffff-2020-07,8
8428d43ffffffff-2020-08,5
8428d43ffffffff-2020-09,4
8428d43ffffffff-2021-04,29
8428d43ffffffff-2021-07,9
8428d43ffffffff-2021-08,8
8428d43ffffffff-2021-09,7
8428d43ffffffff-2022-04,5
8428d43ffffffff-2022-07,9
8428d43ffffffff-2022-08,13
8428d43ffffffff-2022-09,10
8428d43ffffffff-2023-04,2
8428d43ffffffff-2023-06,1
8428d43ffffffff-2023-08,4
8428d43ffffffff-2023-09,12
8428d45ffffffff-2020-05,1
8428d45ffffffff-2022-04,1
8428d4bffffffff-2019-09,1
8428d4bffffffff-2020-03,1
8428d4bffffffff-2021-04,2
8428d51ffffffff-2012-05,4
8428d51ffffffff-2012-07,1
8428d51ffffffff-2012-09,1
8428d51ffffffff-2013-07,1
8428d51ffffffff-2013-08,4
8428d51ffffffff-2013-09,1
8428d51ffffffff-2014-08,19
8428d51ffffffff-2015-07,9
8428d51ffffffff-2015-08,1
8428d51ffffffff-2015-09,1
8428d51ffffffff-2016-07,6
8428d51ffffffff-2016-08,7
8428d51ffffffff-2016-09,18
8428d51ffffffff-2017-07,2
8428d51ffffffff-2017-08,20
8428d51ffffffff-2018-04,1
8428d51ffffffff-2018-08,10
8428d51ffffffff-2019-07,1
8428d51ffffffff-2019-08,2
8428d51ffffffff-2019-09,2
8428d51ffffffff-2020-05,1
8428d51ffffffff-2020-07,5
8428d51ffffffff-2020-08,8
8428d51ffffffff-2020-09,2
8428d51ffffffff-2020-10,1
8428d51ffffffff-2021-04,6
8428d51ffffffff-2021-05,3
8428d51ffffffff-2021-07,2
8428d51ffffffff-2021-08,9
8428d51ffffffff-2022-10,1
8428d55ffffffff-2012-07,2
8428d55ffffffff-2012-09,2
8428d55ffffffff-2013-04,1
8428d55ffffffff-2013-05,4
8428d55ffffffff-2013-07,3
8428d55ffffffff-2013-08,1
8428d55ffffffff-2013-09,2
8428d55ffffffff-2014-07,4
8428d55ffffffff-2014-08,3
8428d55ffffffff-2015-05,1
8428d55ffffffff-2015-07,3
8428d55ffffffff-2015-08,14
8428d55ffffffff-2016-04,1
8428d55ffffffff-2016-05,1
8428d55ffffffff-2016-07,10
8428d55ffffffff-2016-08,28
8428d55ffffffff-2016-09,3
8428d55ffffffff-2017-05,4
8428d55ffffffff-2017-07,1
8428d55ffffffff-2017-08,12
8428d55ffffffff-2017-09,6
8428d55ffffffff-2018-04,6
8428d55ffffffff-2018-05,6
8428d55ffffffff-2018-08,38
8428d55ffffffff-2018-09,4
8428d55ffffffff-2019-04,2
8428d55ffffffff-2019-07,8
8428d55ffffffff-2019-08,20
8428d55ffffffff-2019-09,4
8428d55ffffffff-2019-10,1
8428d55ffffffff-2020-04,12
8428d55ffffffff-2020-07,3
8428d55ffffffff-2020-08,5
8428d55ffffffff-2020-09,4
8428d55ffffffff-2021-04,15
8428d55ffffffff-2021-05,7
8428d55ffffffff-2021-07,4
8428d55ffffffff-2021-08,23
8428d55ffffffff-2021-09,6
8428d55ffffffff-2022-04,1
8428d55ffffffff-2022-07,4
8428d55ffffffff-2022-08,15
8428d55ffffffff-2022-09,5
8428d55ffffffff-2023-08,22
8428d55ffffffff-2023-09,23
8428d57ffffffff-2012-04,1
8428d57ffffffff-2012-05,2
8428d57ffffffff-2012-09,4
8428d57ffffffff-2012-10,1
8428d57ffffffff-2013-07,1
8428d57ffffffff-2013-09,1
8428d57ffffffff-2014-04,1
8428d57ffffffff-2014-05,1
8428d57ffffffff-2014-08,2
8428d57ffffffff-2014-09,2
8428d57ffffffff-2015-04,3
8428d57ffffffff-2015-05,2
8428d57ffffffff-2015-06,1
8428d57ffffffff-2015-07,3
8428d57ffffffff-2015-08,23
8428d57ffffffff-2015-09,1
8428d57ffffffff-2015-10,2
8428d57ffffffff-2016-04,2
8428d57ffffffff-2016-05,1
8428d57ffffffff-2016-07,8
8428d57ffffffff-2016-08,7
8428d57ffffffff-2016-09,2
8428d57ffffffff-2017-04,1
8428d57ffffffff-2017-07,3
8428d57ffffffff-2017-08,14
8428d57ffffffff-2017-09,6
8428d57ffffffff-2018-04,6
8428d57ffffffff-2018-06,1
8428d57ffffffff-2018-07,6
8428d57ffffffff-2018-08,7
8428d57ffffffff-2018-09,3
8428d57ffffffff-2018-10,1
8428d57ffffffff-2019-08,18
8428d57ffffffff-2019-09,2
8428d57ffffffff-2020-05,2
8428d57ffffffff-2020-07,6
8428d57ffffffff-2020-08,6
8428d57ffffffff-2020-10,1
8428d57ffffffff-2021-04,5
8428d57ffffffff-2021-05,1
8428d57ffffffff-2021-06,2
8428d57ffffffff-2021-07,4
8428d57ffffffff-2021-08,5
8428d57ffffffff-2021-09,8
8428d57ffffffff-2022-04,3
8428d57ffffffff-2022-07,1
8428d57ffffffff-2022-08,23
8428d57ffffffff-2022-09,8
8428d57ffffffff-2023-04,3
8428d57ffffffff-2023-05,1
8428d57ffffffff-2023-07,8
8428d57ffffffff-2023-08,31
8428d57ffffffff-2023-09,5
8428d57ffffffff-2023-10,3
8428d59ffffffff-2012-08,4
8428d59ffffffff-2012-09,1
8428d59ffffffff-2013-08,5
8428d59ffffffff-2014-04,3
8428d59ffffffff-2014-07,2
8428d59ffffffff-2014-08,5
8428d59ffffffff-2015-08,1
8428d59ffffffff-2016-04,1
8428d59ffffffff-2016-08,2
8428d59ffffffff-2018-07,1
8428d59ffffffff-2018-08,2
8428d59ffffffff-2019-04,2
8428d59ffffffff-2019-09,3
8428d59ffffffff-2020-04,3
8428d59ffffffff-2020-09,1
8428d59ffffffff-2021-08,1
8428d59ffffffff-2021-10,1
8428d59ffffffff-2022-08,2
8428d59ffffffff-2022-10,1
8428d59ffffffff-2023-04,2
8428d59ffffffff-2023-09,3
8428d59ffffffff-2023-10,3
8428d5bffffffff-2014-10,1
8428d5bffffffff-2015-09,2
8428d5bffffffff-2022-05,2
8428d5dffffffff-2012-04,1
8428d5dffffffff-2012-05,3
8428d5dffffffff-2012-08,4
8428d5dffffffff-2012-09,1
8428d5dffffffff-2013-04,1
8428d5dffffffff-2013-05,8
8428d5dffffffff-2013-07,2
8428d5dffffffff-2013-08,18
8428d5dffffffff-2013-10,1
8428d5dffffffff-2014-04,3
8428d5dffffffff-2014-05,2
8428d5dffffffff-2014-07,1
8428d5dffffffff-2014-08,5
8428d5dffffffff-2014-09,7
8428d5dffffffff-2015-04,3
8428d5dffffffff-2015-05,8
8428d5dffffffff-2015-07,15
8428d5dffffffff-2015-08,9
8428d5dffffffff-2015-09,11
8428d5dffffffff-2016-04,2
8428d5dffffffff-2016-05,1
8428d5dffffffff-2016-07,5
8428d5dffffffff-2016-08,70
8428d5dffffffff-2016-09,6
8428d5dffffffff-2016-10,1
8428d5dffffffff-2017-05,6
8428d5dffffffff-2017-07,10
8428d5dffffffff-2017-08,16
8428d5dffffffff-2018-04,2
8428d5dffffffff-2018-05,3
8428d5dffffffff-2018-07,29
8428d5dffffffff-2018-08,18
8428d5dffffffff-2018-09,5
8428d5dffffffff-2019-04,2
8428d5dffffffff-2019-05,11
8428d5dffffffff-2019-07,4
8428d5dffffffff-2019-08,88
8428d5dffffffff-2019-09,14
8428d5dffffffff-2020-04,1
8428d5dffffffff-2020-06,7
8428d5dffffffff-2020-07,28
8428d5dffffffff-2020-08,8
8428d5dffffffff-2020-09,2
8428d5dffffffff-2021-04,4
8428d5dffffffff-2021-08,5
8428d5dffffffff-2021-09,8
8428d5dffffffff-2022-04,6
8428d5dffffffff-2022-05,6
8428d5dffffffff-2022-06,1
8428d5dffffffff-2022-07,1
8428d5dffffffff-2022-08,24
8428d5dffffffff-2022-09,1
8428d5dffffffff-2023-04,4
8428d5dffffffff-2023-05,2
8428d5dffffffff-2023-07,3
8428d5dffffffff-2023-08,5
8428d5dffffffff-2023-09,2
8428d61ffffffff-2013-08,1
8428d61ffffffff-2018-05,1
8428d61ffffffff-2021-08,1
8428d63ffffffff-2016-08,5
8428d65ffffffff-2016-05,2
8428d65ffffffff-2017-07,7
8428d65ffffffff-2017-08,8
8428d65ffffffff-2018-04,1
8428d65ffffffff-2018-05,1
8428d65ffffffff-2018-07,3
8428d65ffffffff-2018-08,1
8428d65ffffffff-2019-07,2
8428d65ffffffff-2019-08,22
8428d65ffffffff-2020-04,1
8428d65ffffffff-2020-07,1
8428d65ffffffff-2023-04,1
8428d67ffffffff-2015-07,1
8428d67ffffffff-2017-08,1
8428d67ffffffff-2021-08,1
8428d67ffffffff-2021-09,1
8428d67ffffffff-2022-08,3
8428d69ffffffff-2013-10,1
8428d69ffffffff-2015-09,1
8428d69ffffffff-2017-08,17
8428d69ffffffff-2018-08,4
8428d69ffffffff-2019-06,1
8428d6dffffffff-2013-08,3
8428d6dffffffff-2013-10,1
8428d6dffffffff-2014-08,1
8428d6dffffffff-2015-07,1
8428d6dffffffff-2015-08,1
8428d6dffffffff-2015-09,8
8428d6dffffffff-2015-10,2
8428d6dffffffff-2016-07,1
8428d6dffffffff-2016-08,5
8428d6dffffffff-2016-10,1
8428d6dffffffff-2017-08,1
8428d6dffffffff-2017-09,3
8428d6dffffffff-2019-05,1
8428d6dffffffff-2019-07,4
8428d6dffffffff-2019-08,1
8428d6dffffffff-2020-04,1
8428d6dffffffff-2020-06,2
8428d6dffffffff-2020-07,1
8428d6dffffffff-2020-09,4
8428d6dffffffff-2021-09,3
8428d6dffffffff-2022-07,1
8428d6dffffffff-2022-08,1
8428d6dffffffff-2022-09,1
8428d6dffffffff-2022-10,8
8428d6dffffffff-2023-08,2
8428d6dffffffff-2023-09,24
8428d6dffffffff-2023-10,7
8428d81ffffffff-2015-07,1
8428d81ffffffff-2015-08,10
8428d81ffffffff-2016-07,5
8428d81ffffffff-2016-08,1
8428d81ffffffff-2017-08,4
8428d81ffffffff-2018-05,1
8428d81ffffffff-2018-08,2
8428d81ffffffff-2019-08,9
8428d81ffffffff-2020-04,2
8428d81ffffffff-2021-04,1
8428d81ffffffff-2021-05,1
8428d81ffffffff-2021-08,1
8428d81ffffffff-2021-09,3
8428d81ffffffff-2022-08,6
8428d81ffffffff-2023-07,3
8428d81ffffffff-2023-08,2
8428d83ffffffff-2014-10,1
8428d83ffffffff-2020-04,1
8428d83ffffffff-2023-07,2
8428d83ffffffff-2023-08,2
8428d89ffffffff-2012-07,4
8428d89ffffffff-2013-07,2
8428d89ffffffff-2013-08,1
8428d89ffffffff-2014-07,3
8428d89ffffffff-2014-09,3
8428d89ffffffff-2015-08,1
8428d89ffffffff-2015-09,1
8428d89ffffffff-2016-07,2
8428d89ffffffff-2016-09,1
8428d89ffffffff-2017-07,2
8428d89ffffffff-2017-08,11
8428d89ffffffff-2017-09,2
8428d89ffffffff-2017-10,3
8428d89ffffffff-2017-11,1
8428d89ffffffff-2018-04,1
8428d89ffffffff-2018-07,24
8428d89ffffffff-2018-08,5
8428d89ffffffff-2018-09,1
8428d89ffffffff-2019-07,8
8428d89ffffffff-2019-08,14
8428d89ffffffff-2019-09,4
8428d89ffffffff-2020-04,1
8428d89ffffffff-2020-07,1
8428d89ffffffff-2020-08,4
8428d89ffffffff-2020-09,1
8428d89ffffffff-2021-04,2
8428d89ffffffff-2021-06,1
8428d89ffffffff-2021-07,1
8428d89ffffffff-2021-08,24
8428d89ffffffff-2021-09,3
8428d89ffffffff-2022-04,1
8428d89ffffffff-2022-05,9
8428d89ffffffff-2022-07,2
8428d89ffffffff-2022-08,19
8428d89ffffffff-2022-09,8
8428d89ffffffff-2022-10,1
8428d89ffffffff-2023-05,1
8428d89ffffffff-2023-07,3
8428d89ffffffff-2023-08,3
8428d89ffffffff-2023-09,5
8428d89ffffffff-2023-10,1
8428d8bffffffff-2012-07,2
8428d8bffffffff-2012-08,5
8428d8bffffffff-2013-08,6
8428d8bffffffff-2013-09,1
8428d8bffffffff-2014-07,1
8428d8bffffffff-2014-08,7
8428d8bffffffff-2014-09,5
8428d8bffffffff-2015-05,1
8428d8bffffffff-2015-07,5
8428d8bffffffff-2015-08,1
8428d8bffffffff-2015-09,2
8428d8bffffffff-2016-05,2
8428d8bffffffff-2016-07,8
8428d8bffffffff-2016-08,17
8428d8bffffffff-2016-09,5
8428d8bffffffff-2017-07,3
8428d8bffffffff-2017-08,10
8428d8bffffffff-2017-09,11
8428d8bffffffff-2018-04,3
8428d8bffffffff-2018-07,3
8428d8bffffffff-2018-08,11
8428d8bffffffff-2018-09,1
8428d8bffffffff-2018-10,2
8428d8bffffffff-2019-04,1
8428d8bffffffff-2019-05,2
8428d8bffffffff-2019-07,5
8428d8bffffffff-2019-08,17
8428d8bffffffff-2019-09,5
8428d8bffffffff-2020-04,9
8428d8bffffffff-2020-05,2
8428d8bffffffff-2020-07,8
8428d8bffffffff-2020-08,17
8428d8bffffffff-2020-09,1
8428d8bffffffff-2020-10,1
8428d8bffffffff-2021-04,3
8428d8bffffffff-2021-05,4
8428d8bffffffff-2021-07,4
8428d8bffffffff-2021-08,14
8428d8bffffffff-2021-09,1
8428d8bffffffff-2021-10,1
8428d8bffffffff-2022-07,9
8428d8bffffffff-2022-08,6
8428d8bffffffff-2022-10,1
8428d8bffffffff-2023-04,1
8428d8bffffffff-2023-05,1
8428d8bffffffff-2023-07,6
8428d8bffffffff-2023-08,29
8428d8bffffffff-2023-09,21
8428d8bffffffff-2023-10,3
8428d8dffffffff-2012-07,1
8428d8dffffffff-2012-08,4
8428d8dffffffff-2013-07,1
8428d8dffffffff-2013-08,1
8428d8dffffffff-2014-07,1
8428d8dffffffff-2014-08,27
8428d8dffffffff-2014-09,1
8428d8dffffffff-2015-05,1
8428d8dffffffff-2015-07,1
8428d8dffffffff-2015-08,8
8428d8dffffffff-2016-07,2
8428d8dffffffff-2016-08,5
8428d8dffffffff-2017-07,1
8428d8dffffffff-2017-08,6
8428d8dffffffff-2018-08,2
8428d8dffffffff-2018-10,1
8428d8dffffffff-2019-08,12
8428d8dffffffff-2020-04,2
8428d8dffffffff-2020-05,1
8428d8dffffffff-2020-07,1
8428d8dffffffff-2020-08,4
8428d8dffffffff-2021-04,1
8428d8dffffffff-2021-07,1
8428d8dffffffff-2021-08,14
8428d8dffffffff-2021-09,1
8428d8dffffffff-2022-04,2
8428d8dffffffff-2022-07,1
8428d8dffffffff-2022-08,7
8428d8dffffffff-2023-07,6
8428d8dffffffff-2023-08,40
8428d8dffffffff-2023-09,2
8428d9dffffffff-2012-09,1
8428d9dffffffff-2013-08,1
8428d9dffffffff-2015-04,1
8428d9dffffffff-2015-08,1
8428d9dffffffff-2016-07,3
8428d9dffffffff-2016-08,8
8428d9dffffffff-2017-04,1
8428d9dffffffff-2018-07,6
8428d9dffffffff-2018-08,7
8428d9dffffffff-2018-09,1
8428d9dffffffff-2019-05,1
8428d9dffffffff-2019-07,2
8428d9dffffffff-2019-08,4
8428d9dffffffff-2020-04,1
8428d9dffffffff-2020-05,3
8428d9dffffffff-2020-07,2
8428d9dffffffff-2020-08,8
8428d9dffffffff-2020-09,1
8428d9dffffffff-2021-04,8
8428d9dffffffff-2021-05,5
8428d9dffffffff-2021-08,3
8428d9dffffffff-2022-04,1
8428d9dffffffff-2022-07,1
8428d9dffffffff-2022-08,11
8428d9dffffffff-2022-09,1
8428d9dffffffff-2023-04,9
8428d9dffffffff-2023-05,2
8428d9dffffffff-2023-07,10
8428d9dffffffff-2023-08,15
8428da5ffffffff-2017-08,2
8428dadffffffff-2015-05,2
8428dadffffffff-2016-07,2
8428dadffffffff-2016-08,2
8428dadffffffff-2019-08,2
8428dadffffffff-2021-05,4
8428dadffffffff-2021-10,1
8428dadffffffff-2023-07,1
8428dc5ffffffff-2012-08,1
8428dc5ffffffff-2015-04,4
8428dc5ffffffff-2016-04,5
8428dc5ffffffff-2016-05,3
8428dc5ffffffff-2017-05,5
8428dc5ffffffff-2018-04,2
8428dc5ffffffff-2018-05,2
8428dc5ffffffff-2019-04,3
8428dc5ffffffff-2019-05,12
8428dc5ffffffff-2019-08,1
8428dc5ffffffff-2020-04,2
8428dc5ffffffff-2020-05,9
8428dc5ffffffff-2020-08,1
8428dc5ffffffff-2021-04,4
8428dc5ffffffff-2021-05,8
8428dc5ffffffff-2022-05,1
8428dc5ffffffff-2022-07,1
8428dc5ffffffff-2023-04,1
8428dc7ffffffff-2013-04,1
8428dc7ffffffff-2013-09,5
8428dc7ffffffff-2014-04,1
8428dc7ffffffff-2014-05,1
8428dc7ffffffff-2014-07,1
8428dc7ffffffff-2014-09,1
8428dc7ffffffff-2015-08,4
8428dc7ffffffff-2015-09,2
8428dc7ffffffff-2016-08,3
8428dc7ffffffff-2016-09,1
8428dc7ffffffff-2017-04,1
8428dc7ffffffff-2017-07,5
8428dc7ffffffff-2017-08,1
8428dc7ffffffff-2017-09,6
8428dc7ffffffff-2018-04,1
8428dc7ffffffff-2018-05,1
8428dc7ffffffff-2018-07,6
8428dc7ffffffff-2018-08,13
8428dc7ffffffff-2018-09,2
8428dc7ffffffff-2019-04,2
8428dc7ffffffff-2019-05,7
8428dc7ffffffff-2019-07,3
8428dc7ffffffff-2019-08,45
8428dc7ffffffff-2019-09,4
8428dc7ffffffff-2019-10,1
8428dc7ffffffff-2020-04,2
8428dc7ffffffff-2020-07,9
8428dc7ffffffff-2020-08,5
8428dc7ffffffff-2020-10,1
8428dc7ffffffff-2021-04,2
8428dc7ffffffff-2021-05,2
8428dc7ffffffff-2021-07,6
8428dc7ffffffff-2021-08,21
8428dc7ffffffff-2021-09,2
8428dc7ffffffff-2022-05,2
8428dc7ffffffff-2022-07,1
8428dc7ffffffff-2022-08,10
8428dc7ffffffff-2022-10,1
8428dc7ffffffff-2023-04,7
8428dc7ffffffff-2023-05,3
8428dc7ffffffff-2023-07,14
8428dc7ffffffff-2023-08,18
8428dc7ffffffff-2023-09,3
8428dc9ffffffff-2012-05,1
8428dc9ffffffff-2012-08,1
8428dc9ffffffff-2013-07,2
8428dc9ffffffff-2013-09,4
8428dc9ffffffff-2015-09,1
8428dc9ffffffff-2016-05,3
8428dc9ffffffff-2016-08,3
8428dc9ffffffff-2017-05,1
8428dc9ffffffff-2017-07,1
8428dc9ffffffff-2018-05,1
8428dc9ffffffff-2019-05,2
8428dc9ffffffff-2019-08,1
8428dc9ffffffff-2021-08,1
8428dc9ffffffff-2022-05,1
8428dc9ffffffff-2023-08,3
8428dc9ffffffff-2023-09,4
8428dcbffffffff-2020-07,2
8428dcbffffffff-2021-08,1
8428dcbffffffff-2022-09,1
8428dcdffffffff-2012-08,2
8428dcdffffffff-2013-08,1
8428dcdffffffff-2016-05,1
8428dcdffffffff-2016-07,2
8428dcdffffffff-2016-09,1
8428dcdffffffff-2017-08,2
8428dcdffffffff-2017-09,1
8428dcdffffffff-2018-04,2
8428dcdffffffff-2018-07,1
8428dcdffffffff-2019-08,3
8428dcdffffffff-2020-09,1
8428dcdffffffff-2021-08,1
8428dcdffffffff-2022-03,1
8428dcdffffffff-2022-07,1
8428dcdffffffff-2022-08,2
8428dcdffffffff-2022-09,2
8428dcdffffffff-2023-07,6
8428dcdffffffff-2023-08,5
8428dcdffffffff-2023-09,2
8428dcdffffffff-2023-10,1
8428dd1ffffffff-2012-05,4
8428dd1ffffffff-2012-08,5
8428dd1ffffffff-2013-04,3
8428dd1ffffffff-2013-05,1
8428dd1ffffffff-2013-08,5
8428dd1ffffffff-2014-05,3
8428dd1ffffffff-2014-07,2
8428dd1ffffffff-2014-08,4
8428dd1ffffffff-2014-09,2
8428dd1ffffffff-2015-05,3
8428dd1ffffffff-2015-07,3
8428dd1ffffffff-2015-08,1
8428dd1ffffffff-2015-09,1
8428dd1ffffffff-2016-05,1
8428dd1ffffffff-2016-07,6
8428dd1ffffffff-2016-08,8
8428dd1ffffffff-2017-04,3
8428dd1ffffffff-2017-05,7
8428dd1ffffffff-2017-07,2
8428dd1ffffffff-2017-08,3
8428dd1ffffffff-2018-04,2
8428dd1ffffffff-2018-05,2
8428dd1ffffffff-2018-07,4
8428dd1ffffffff-2018-08,5
8428dd1ffffffff-2018-09,1
8428dd1ffffffff-2019-04,1
8428dd1ffffffff-2019-07,1
8428dd1ffffffff-2019-08,1
8428dd1ffffffff-2019-09,7
8428dd1ffffffff-2020-07,8
8428dd1ffffffff-2020-08,7
8428dd1ffffffff-2020-09,1
8428dd1ffffffff-2021-03,1
8428dd1ffffffff-2021-05,4
8428dd1ffffffff-2021-07,5
8428dd1ffffffff-2021-08,6
8428dd1ffffffff-2022-04,3
8428dd1ffffffff-2022-07,1
8428dd1ffffffff-2022-08,5
8428dd1ffffffff-2022-09,2
8428dd1ffffffff-2023-04,1
8428dd1ffffffff-2023-05,2
8428dd1ffffffff-2023-06,1
8428dd1ffffffff-2023-07,1
8428dd1ffffffff-2023-08,1
8428dd1ffffffff-2023-09,1
8428dd5ffffffff-2014-05,4
8428dd5ffffffff-2014-09,1
8428dd5ffffffff-2017-08,3
8428dd5ffffffff-2017-09,1
8428dd5ffffffff-2018-05,1
8428dd5ffffffff-2018-08,2
8428dd5ffffffff-2018-10,1
8428dd5ffffffff-2021-08,1
8428dd5ffffffff-2022-04,1
8428dd5ffffffff-2022-07,1
8428dd5ffffffff-2022-08,2
8428dd5ffffffff-2023-04,1
8428dd5ffffffff-2023-08,4
8428dd5ffffffff-2023-09,2
8428dd9ffffffff-2015-07,2
8428dd9ffffffff-2017-07,1
8428dd9ffffffff-2020-05,1
8428dd9ffffffff-2020-08,1
8428dd9ffffffff-2022-07,1
8428dd9ffffffff-2023-08,1
8428dd9ffffffff-2023-09,1
8428ddbffffffff-2023-08,3
8428dddffffffff-2018-09,1
8428dddffffffff-2019-08,2
8428dddffffffff-2022-01,3
8428dddffffffff-2022-04,2
8428dddffffffff-2022-07,1
8428dddffffffff-2022-08,5
8428dddffffffff-2023-04,2
8428dddffffffff-2023-07,1
8428dddffffffff-2023-08,3
8428de1ffffffff-2012-04,2
8428de1ffffffff-2012-07,1
8428de1ffffffff-2012-08,7
8428de1ffffffff-2012-09,1
8428de1ffffffff-2012-10,1
8428de1ffffffff-2013-08,3
8428de1ffffffff-2014-08,7
8428de1ffffffff-2014-09,3
8428de1ffffffff-2014-10,2
8428de1ffffffff-2015-08,4
8428de1ffffffff-2015-09,2
8428de1ffffffff-2016-07,2
8428de1ffffffff-2016-08,6
8428de1ffffffff-2017-08,9
8428de1ffffffff-2018-08,4
8428de1ffffffff-2018-10,1
8428de1ffffffff-2020-08,10
8428de1ffffffff-2020-09,2
8428de1ffffffff-2021-08,4
8428de1ffffffff-2021-09,1
8428de1ffffffff-2023-07,3
8428de1ffffffff-2023-08,17
8428de3ffffffff-2012-07,1
8428de3ffffffff-2012-08,2
8428de3ffffffff-2013-08,1
8428de3ffffffff-2014-08,1
8428de3ffffffff-2017-04,2
8428de3ffffffff-2017-08,1
8428de3ffffffff-2019-05,6
8428de3ffffffff-2020-05,3
8428de3ffffffff-2020-08,5
8428de3ffffffff-2021-04,2
8428de3ffffffff-2021-08,1
8428de3ffffffff-2023-04,1
8428de3ffffffff-2023-07,1
8428de3ffffffff-2023-08,1
8428de9ffffffff-2012-04,8
8428de9ffffffff-2012-05,10
8428de9ffffffff-2012-06,5
8428de9ffffffff-2012-07,24
8428de9ffffffff-2012-08,93
8428de9ffffffff-2012-09,51
8428de9ffffffff-2012-10,22
8428de9ffffffff-2013-04,2
8428de9ffffffff-2013-05,26
8428de9ffffffff-2013-06,4
8428de9ffffffff-2013-07,29
8428de9ffffffff-2013-08,118
8428de9ffffffff-2013-09,78
8428de9ffffffff-2013-10,28
8428de9ffffffff-2014-04,6
8428de9ffffffff-2014-05,15
8428de9ffffffff-2014-06,1
8428de9ffffffff-2014-07,26
8428de9ffffffff-2014-08,125
8428de9ffffffff-2014-09,103
8428de9ffffffff-2014-10,16
8428de9ffffffff-2014-11,1
8428de9ffffffff-2015-04,32
8428de9ffffffff-2015-05,25
8428de9ffffffff-2015-06,6
8428de9ffffffff-2015-07,64
8428de9ffffffff-2015-08,132
8428de9ffffffff-2015-09,116
8428de9ffffffff-2015-10,14
8428de9ffffffff-2015-11,9
8428de9ffffffff-2016-04,20
8428de9ffffffff-2016-05,41
8428de9ffffffff-2016-06,9
8428de9ffffffff-2016-07,74
8428de9ffffffff-2016-08,136
8428de9ffffffff-2016-09,57
8428de9ffffffff-2016-10,8
8428de9ffffffff-2017-04,9
8428de9ffffffff-2017-05,10
8428de9ffffffff-2017-07,51
8428de9ffffffff-2017-08,141
8428de9ffffffff-2017-09,110
8428de9ffffffff-2017-10,45
8428de9ffffffff-2018-04,31
8428de9ffffffff-2018-05,48
8428de9ffffffff-2018-06,3
8428de9ffffffff-2018-07,81
8428de9ffffffff-2018-08,346
8428de9ffffffff-2018-09,156
8428de9ffffffff-2018-10,35
8428de9ffffffff-2018-11,6
8428de9ffffffff-2019-03,1
8428de9ffffffff-2019-04,37
8428de9ffffffff-2019-05,64
8428de9ffffffff-2019-06,22
8428de9ffffffff-2019-07,100
8428de9ffffffff-2019-08,192
8428de9ffffffff-2019-09,151
8428de9ffffffff-2019-10,41
8428de9ffffffff-2020-04,7
8428de9ffffffff-2020-05,72
8428de9ffffffff-2020-06,2
8428de9ffffffff-2020-07,55
8428de9ffffffff-2020-08,136
8428de9ffffffff-2020-09,173
8428de9ffffffff-2020-10,52
8428de9ffffffff-2021-04,58
8428de9ffffffff-2021-05,153
8428de9ffffffff-2021-06,15
8428de9ffffffff-2021-07,47
8428de9ffffffff-2021-08,224
8428de9ffffffff-2021-09,205
8428de9ffffffff-2021-10,59
8428de9ffffffff-2022-04,104
8428de9ffffffff-2022-05,51
8428de9ffffffff-2022-06,6
8428de9ffffffff-2022-07,40
8428de9ffffffff-2022-08,199
8428de9ffffffff-2022-09,279
8428de9ffffffff-2022-10,94
8428de9ffffffff-2023-04,15
8428de9ffffffff-2023-05,15
8428de9ffffffff-2023-06,8
8428de9ffffffff-2023-07,84
8428de9ffffffff-2023-08,393
8428de9ffffffff-2023-09,253
8428de9ffffffff-2023-10,74
8428de9ffffffff-2023-11,2
8428debffffffff-2012-04,1
8428debffffffff-2012-08,1
8428debffffffff-2014-04,2
8428debffffffff-2014-07,3
8428debffffffff-2014-08,8
8428debffffffff-2014-09,15
8428debffffffff-2015-04,1
8428debffffffff-2015-05,1
8428debffffffff-2015-07,3
8428debffffffff-2015-08,6
8428debffffffff-2015-10,1
8428debffffffff-2016-04,2
8428debffffffff-2016-07,4
8428debffffffff-2016-08,17
8428debffffffff-2017-08,10
8428debffffffff-2018-05,1
8428debffffffff-2018-07,7
8428debffffffff-2018-08,7
8428debffffffff-2019-08,5
8428debffffffff-2020-04,1
8428debffffffff-2020-05,1
8428debffffffff-2020-06,1
8428debffffffff-2020-07,11
8428debffffffff-2020-08,7
8428debffffffff-2021-08,12
8428debffffffff-2022-07,6
8428debffffffff-2022-08,12
8428debffffffff-2022-10,1
8428debffffffff-2023-04,1
8428debffffffff-2023-06,1
8428debffffffff-2023-07,19
8428debffffffff-2023-08,7
8428dedffffffff-2013-04,3
8428dedffffffff-2013-07,1
8428dedffffffff-2013-09,1
8428dedffffffff-2013-10,1
8428dedffffffff-2014-04,2
8428dedffffffff-2014-08,2
8428dedffffffff-2014-09,4
8428dedffffffff-2015-04,2
8428dedffffffff-2015-05,1
8428dedffffffff-2015-06,1
8428dedffffffff-2015-08,1
8428dedffffffff-2015-09,2
8428dedffffffff-2016-04,1
8428dedffffffff-2016-05,1
8428dedffffffff-2016-08,2
8428dedffffffff-2016-09,1
8428dedffffffff-2017-08,1
8428dedffffffff-2018-05,3
8428dedffffffff-2019-04,1
8428dedffffffff-2019-08,1
8428dedffffffff-2019-09,1
8428dedffffffff-2020-04,2
8428dedffffffff-2020-05,1
8428dedffffffff-2020-07,1
8428dedffffffff-2020-08,2
8428dedffffffff-2021-04,1
8428dedffffffff-2021-05,4
8428dedffffffff-2021-08,5
8428dedffffffff-2021-09,2
8428dedffffffff-2021-10,1
8428dedffffffff-2022-07,3
8428dedffffffff-2022-08,2
8428dedffffffff-2023-04,3
8428dedffffffff-2023-05,1
8428dedffffffff-2023-08,2
8428dedffffffff-2023-09,2
8428e69ffffffff-2018-04,9
8428f01ffffffff-2012-04,1
8428f01ffffffff-2012-08,31
8428f01ffffffff-2012-09,8
8428f01ffffffff-2012-10,2
8428f01ffffffff-2013-03,1
8428f01ffffffff-2013-04,4
8428f01ffffffff-2013-05,10
8428f01ffffffff-2013-07,3
8428f01ffffffff-2013-08,13
8428f01ffffffff-2013-09,28
8428f01ffffffff-2013-10,1
8428f01ffffffff-2014-04,1
8428f01ffffffff-2014-05,3
8428f01ffffffff-2014-07,9
8428f01ffffffff-2014-08,20
8428f01ffffffff-2014-09,21
8428f01ffffffff-2014-10,11
8428f01ffffffff-2014-11,2
8428f01ffffffff-2015-04,3
8428f01ffffffff-2015-05,2
8428f01ffffffff-2015-07,2
8428f01ffffffff-2015-08,26
8428f01ffffffff-2015-09,15
8428f01ffffffff-2016-04,13
8428f01ffffffff-2016-05,2
8428f01ffffffff-2016-06,1
8428f01ffffffff-2016-07,35
8428f01ffffffff-2016-08,65
8428f01ffffffff-2016-09,34
8428f01ffffffff-2017-04,9
8428f01ffffffff-2017-05,4
8428f01ffffffff-2017-07,15
8428f01ffffffff-2017-08,107
8428f01ffffffff-2017-09,24
8428f01ffffffff-2017-10,1
8428f01ffffffff-2018-04,39
8428f01ffffffff-2018-05,3
8428f01ffffffff-2018-07,45
8428f01ffffffff-2018-08,54
8428f01ffffffff-2018-09,90
8428f01ffffffff-2018-10,114
8428f01ffffffff-2019-04,3
8428f01ffffffff-2019-05,4
8428f01ffffffff-2019-06,2
8428f01ffffffff-2019-07,25
8428f01ffffffff-2019-08,139
8428f01ffffffff-2019-09,26
8428f01ffffffff-2019-10,1
8428f01ffffffff-2020-03,1
8428f01ffffffff-2020-04,15
8428f01ffffffff-2020-05,8
8428f01ffffffff-2020-06,2
8428f01ffffffff-2020-07,57
8428f01ffffffff-2020-08,146
8428f01ffffffff-2020-09,59
8428f01ffffffff-2020-10,19
8428f01ffffffff-2020-11,3
8428f01ffffffff-2020-12,1
8428f01ffffffff-2021-03,1
8428f01ffffffff-2021-04,97
8428f01ffffffff-2021-05,29
8428f01ffffffff-2021-06,4
8428f01ffffffff-2021-07,24
8428f01ffffffff-2021-08,71
8428f01ffffffff-2021-09,76
8428f01ffffffff-2021-10,1
8428f01ffffffff-2022-01,3
8428f01ffffffff-2022-03,6
8428f01ffffffff-2022-04,18
8428f01ffffffff-2022-05,15
8428f01ffffffff-2022-06,5
8428f01ffffffff-2022-07,19
8428f01ffffffff-2022-08,232
8428f01ffffffff-2022-09,104
8428f01ffffffff-2022-10,23
8428f01ffffffff-2023-04,14
8428f01ffffffff-2023-06,1
8428f01ffffffff-2023-07,13
8428f01ffffffff-2023-08,157
8428f01ffffffff-2023-09,137
8428f01ffffffff-2023-10,29
8428f01ffffffff-2023-11,1
8428f03ffffffff-2012-02,1
8428f03ffffffff-2012-03,1
8428f03ffffffff-2012-04,2
8428f03ffffffff-2012-09,1
8428f03ffffffff-2012-10,2
8428f03ffffffff-2013-08,4
8428f03ffffffff-2013-09,4
8428f03ffffffff-2014-03,1
8428f03ffffffff-2014-04,4
8428f03ffffffff-2014-08,3
8428f03ffffffff-2014-09,44
8428f03ffffffff-2015-04,6
8428f03ffffffff-2015-08,9
8428f03ffffffff-2015-09,14
8428f03ffffffff-2016-04,3
8428f03ffffffff-2016-07,5
8428f03ffffffff-2016-08,18
8428f03ffffffff-2016-09,37
8428f03ffffffff-2017-05,1
8428f03ffffffff-2017-08,8
8428f03ffffffff-2017-09,12
8428f03ffffffff-2018-07,5
8428f03ffffffff-2018-08,17
8428f03ffffffff-2018-09,17
8428f03ffffffff-2019-02,2
8428f03ffffffff-2019-03,1
8428f03ffffffff-2019-07,5
8428f03ffffffff-2019-08,34
8428f03ffffffff-2019-09,39
8428f03ffffffff-2020-01,3
8428f03ffffffff-2020-03,6
8428f03ffffffff-2020-04,2
8428f03ffffffff-2020-05,2
8428f03ffffffff-2020-07,2
8428f03ffffffff-2020-08,54
8428f03ffffffff-2020-09,47
8428f03ffffffff-2020-11,2
8428f03ffffffff-2021-04,16
8428f03ffffffff-2021-05,1
8428f03ffffffff-2021-07,8
8428f03ffffffff-2021-08,29
8428f03ffffffff-2021-09,14
8428f03ffffffff-2022-02,1
8428f03ffffffff-2022-03,4
8428f03ffffffff-2022-04,2
8428f03ffffffff-2022-08,25
8428f03ffffffff-2022-09,24
8428f03ffffffff-2022-12,3
8428f03ffffffff-2023-01,2
8428f03ffffffff-2023-04,1
8428f03ffffffff-2023-05,1
8428f03ffffffff-2023-08,23
8428f03ffffffff-2023-09,36
8428f05ffffffff-2016-04,1
8428f05ffffffff-2016-10,1
8428f05ffffffff-2017-08,1
8428f05ffffffff-2017-10,2
8428f05ffffffff-2019-07,5
8428f05ffffffff-2019-08,1
8428f05ffffffff-2021-07,1
8428f05ffffffff-2022-05,3
8428f05ffffffff-2022-07,1
8428f05ffffffff-2022-08,1
8428f05ffffffff-2022-10,2
8428f05ffffffff-2023-04,1
8428f05ffffffff-2023-05,1
8428f05ffffffff-2023-07,3
8428f05ffffffff-2023-08,5
8428f05ffffffff-2023-09,23
8428f05ffffffff-2023-10,1
8428f07ffffffff-2012-04,5
8428f07ffffffff-2012-07,4
8428f07ffffffff-2012-08,7
8428f07ffffffff-2012-09,2
8428f07ffffffff-2012-10,7
8428f07ffffffff-2013-05,10
8428f07ffffffff-2013-07,1
8428f07ffffffff-2013-08,3
8428f07ffffffff-2013-09,8
8428f07ffffffff-2013-10,4
8428f07ffffffff-2014-04,2
8428f07ffffffff-2014-05,4
8428f07ffffffff-2014-07,6
8428f07ffffffff-2014-08,32
8428f07ffffffff-2014-09,6
8428f07ffffffff-2014-10,5
8428f07ffffffff-2015-02,1
8428f07ffffffff-2015-03,14
8428f07ffffffff-2015-04,16
8428f07ffffffff-2015-05,3
8428f07ffffffff-2015-08,16
8428f07ffffffff-2015-09,3
8428f07ffffffff-2015-10,5
8428f07ffffffff-2016-04,5
8428f07ffffffff-2016-05,3
8428f07ffffffff-2016-07,1
8428f07ffffffff-2016-08,9
8428f07ffffffff-2016-09,3
8428f07ffffffff-2017-05,1
8428f07ffffffff-2017-08,6
8428f07ffffffff-2017-09,5
8428f07ffffffff-2017-10,3
8428f07ffffffff-2018-04,1
8428f07ffffffff-2018-05,2
8428f07ffffffff-2018-08,9
8428f07ffffffff-2018-09,4
8428f07ffffffff-2018-10,2
8428f07ffffffff-2019-04,1
8428f07ffffffff-2019-08,1
8428f07ffffffff-2019-09,3
8428f07ffffffff-2020-03,3
8428f07ffffffff-2020-04,1
8428f07ffffffff-2020-07,5
8428f07ffffffff-2020-08,16
8428f07ffffffff-2020-09,4
8428f07ffffffff-2020-10,6
8428f07ffffffff-2021-03,6
8428f07ffffffff-2021-04,53
8428f07ffffffff-2021-05,8
8428f07ffffffff-2021-07,1
8428f07ffffffff-2021-08,24
8428f07ffffffff-2021-09,18
8428f07ffffffff-2021-10,6
8428f07ffffffff-2022-01,11
8428f07ffffffff-2022-02,32
8428f07ffffffff-2022-03,15
8428f07ffffffff-2022-04,42
8428f07ffffffff-2022-05,4
8428f07ffffffff-2022-06,1
8428f07ffffffff-2022-07,1
8428f07ffffffff-2022-08,3
8428f07ffffffff-2022-09,4
8428f07ffffffff-2022-10,3
8428f07ffffffff-2022-11,2
8428f07ffffffff-2023-01,1
8428f07ffffffff-2023-04,11
8428f07ffffffff-2023-05,7
8428f07ffffffff-2023-07,2
8428f07ffffffff-2023-08,6
8428f07ffffffff-2023-09,3
8428f07ffffffff-2023-10,2
8428f09ffffffff-2012-04,1
8428f09ffffffff-2013-04,9
8428f09ffffffff-2013-05,3
8428f09ffffffff-2013-06,1
8428f09ffffffff-2014-04,9
8428f09ffffffff-2014-05,1
8428f09ffffffff-2014-07,2
8428f09ffffffff-2015-03,4
8428f09ffffffff-2015-04,8
8428f09ffffffff-2015-05,4
8428f09ffffffff-2016-04,1
8428f09ffffffff-2016-07,12
8428f09ffffffff-2016-08,2
8428f09ffffffff-2017-04,7
8428f09ffffffff-2017-07,10
8428f09ffffffff-2017-08,3
8428f09ffffffff-2018-04,2
8428f09ffffffff-2018-05,2
8428f09ffffffff-2019-04,1
8428f09ffffffff-2019-05,4
8428f09ffffffff-2020-08,2
8428f09ffffffff-2022-05,2
8428f09ffffffff-2022-06,1
8428f09ffffffff-2023-08,2
8428f09ffffffff-2023-09,9
8428f0bffffffff-2012-03,3
8428f0bffffffff-2012-04,1
8428f0bffffffff-2012-07,12
8428f0bffffffff-2012-08,32
8428f0bffffffff-2012-09,9
8428f0bffffffff-2012-10,3
8428f0bffffffff-2013-04,4
8428f0bffffffff-2013-05,3
8428f0bffffffff-2013-07,21
8428f0bffffffff-2013-08,61
8428f0bffffffff-2013-09,26
8428f0bffffffff-2013-10,1
8428f0bffffffff-2014-04,3
8428f0bffffffff-2014-05,4
8428f0bffffffff-2014-07,2
8428f0bffffffff-2014-08,58
8428f0bffffffff-2014-09,1
8428f0bffffffff-2015-04,5
8428f0bffffffff-2015-05,14
8428f0bffffffff-2015-07,21
8428f0bffffffff-2015-08,31
8428f0bffffffff-2015-09,7
8428f0bffffffff-2015-10,1
8428f0bffffffff-2016-04,11
8428f0bffffffff-2016-05,5
8428f0bffffffff-2016-06,1
8428f0bffffffff-2016-07,13
8428f0bffffffff-2016-08,28
8428f0bffffffff-2016-09,35
8428f0bffffffff-2016-10,35
8428f0bffffffff-2016-11,1
8428f0bffffffff-2017-04,1
8428f0bffffffff-2017-05,1
8428f0bffffffff-2017-07,2
8428f0bffffffff-2017-08,71
8428f0bffffffff-2017-09,5
8428f0bffffffff-2018-04,2
8428f0bffffffff-2018-05,2
8428f0bffffffff-2018-06,1
8428f0bffffffff-2018-07,10
8428f0bffffffff-2018-08,84
8428f0bffffffff-2018-09,7
8428f0bffffffff-2018-10,2
8428f0bffffffff-2019-07,13
8428f0bffffffff-2019-08,11
8428f0bffffffff-2019-09,36
8428f0bffffffff-2019-10,1
8428f0bffffffff-2020-03,1
8428f0bffffffff-2020-04,9
8428f0bffffffff-2020-05,1
8428f0bffffffff-2020-07,2
8428f0bffffffff-2020-08,9
8428f0bffffffff-2020-09,26
8428f0bffffffff-2020-10,12
8428f0bffffffff-2021-04,12
8428f0bffffffff-2021-06,2
8428f0bffffffff-2021-07,12
8428f0bffffffff-2021-08,69
8428f0bffffffff-2021-09,45
8428f0bffffffff-2021-10,24
8428f0bffffffff-2022-03,3
8428f0bffffffff-2022-04,2
8428f0bffffffff-2022-05,1
8428f0bffffffff-2022-06,3
8428f0bffffffff-2022-08,5
8428f0bffffffff-2022-09,6
8428f0bffffffff-2022-10,6
8428f0bffffffff-2023-04,9
8428f0bffffffff-2023-08,14
8428f0bffffffff-2023-09,33
8428f0bffffffff-2023-10,5
8428f0dffffffff-2015-09,1
8428f0dffffffff-2016-04,1
8428f0dffffffff-2016-07,1
8428f11ffffffff-2012-04,1
8428f11ffffffff-2013-04,1
8428f11ffffffff-2013-08,2
8428f11ffffffff-2013-09,1
8428f11ffffffff-2015-07,2
8428f11ffffffff-2016-07,2
8428f11ffffffff-2016-08,1
8428f11ffffffff-2018-05,1
8428f11ffffffff-2018-08,1
8428f11ffffffff-2019-08,9
8428f11ffffffff-2020-04,1
8428f11ffffffff-2020-07,2
8428f11ffffffff-2020-08,1
8428f11ffffffff-2021-08,1
8428f11ffffffff-2022-08,2
8428f11ffffffff-2022-10,1
8428f11ffffffff-2023-07,5
8428f11ffffffff-2023-08,14
8428f11ffffffff-2023-09,1
8428f11ffffffff-2023-10,1
8428f15ffffffff-2012-08,1
8428f15ffffffff-2014-05,1
8428f15ffffffff-2016-04,5
8428f15ffffffff-2017-08,1
8428f15ffffffff-2018-03,1
8428f15ffffffff-2018-04,1
8428f15ffffffff-2020-01,1
8428f15ffffffff-2020-04,1
8428f15ffffffff-2020-09,2
8428f15ffffffff-2021-01,4
8428f15ffffffff-2021-04,3
8428f15ffffffff-2021-11,1
8428f15ffffffff-2022-03,1
8428f15ffffffff-2022-04,1
8428f15ffffffff-2022-08,1
8428f15ffffffff-2022-09,2
8428f15ffffffff-2023-04,1
8428f15ffffffff-2023-05,2
8428f15ffffffff-2023-08,1
8428f15ffffffff-2023-11,1
8428f17ffffffff-2012-07,2
8428f17ffffffff-2012-09,4
8428f17ffffffff-2013-08,3
8428f17ffffffff-2013-09,1
8428f17ffffffff-2014-09,2
8428f17ffffffff-2015-05,2
8428f17ffffffff-2015-08,1
8428f17ffffffff-2015-09,3
8428f17ffffffff-2016-05,1
8428f17ffffffff-2016-07,1
8428f17ffffffff-2016-08,1
8428f17ffffffff-2017-08,9
8428f17ffffffff-2017-09,1
8428f17ffffffff-2018-07,2
8428f17ffffffff-2018-08,9
8428f17ffffffff-2018-09,1
8428f17ffffffff-2018-10,1
8428f17ffffffff-2019-04,7
8428f17ffffffff-2019-07,3
8428f17ffffffff-2019-08,1
8428f17ffffffff-2019-09,4
8428f17ffffffff-2019-11,10
8428f17ffffffff-2019-12,2
8428f17ffffffff-2020-01,3
8428f17ffffffff-2020-05,1
8428f17ffffffff-2020-07,8
8428f17ffffffff-2020-08,7
8428f17ffffffff-2020-09,8
8428f17ffffffff-2020-10,3
8428f17ffffffff-2021-03,1
8428f17ffffffff-2021-04,11
8428f17ffffffff-2021-05,2
8428f17ffffffff-2021-07,4
8428f17ffffffff-2021-09,3
8428f17ffffffff-2021-10,1
8428f17ffffffff-2022-04,3
8428f17ffffffff-2022-05,13
8428f17ffffffff-2022-08,13
8428f17ffffffff-2022-09,7
8428f17ffffffff-2023-04,14
8428f17ffffffff-2023-05,4
8428f17ffffffff-2023-07,2
8428f17ffffffff-2023-08,25
8428f17ffffffff-2023-09,15
8428f17ffffffff-2023-10,2
8428f19ffffffff-2012-04,5
8428f19ffffffff-2013-05,2
8428f19ffffffff-2013-09,1
8428f19ffffffff-2015-04,3
8428f19ffffffff-2016-05,1
8428f19ffffffff-2016-07,6
8428f19ffffffff-2016-08,1
8428f19ffffffff-2018-04,3
8428f19ffffffff-2018-05,1
8428f19ffffffff-2019-06,2
8428f19ffffffff-2019-08,3
8428f19ffffffff-2019-09,1
8428f19ffffffff-2020-08,3
8428f19ffffffff-2021-03,1
8428f19ffffffff-2021-04,6
8428f19ffffffff-2021-05,2
8428f19ffffffff-2021-07,1
8428f19ffffffff-2022-04,4
8428f19ffffffff-2022-08,4
8428f19ffffffff-2022-09,1
8428f19ffffffff-2022-10,3
8428f19ffffffff-2023-04,6
8428f19ffffffff-2023-05,2
8428f19ffffffff-2023-07,3
8428f19ffffffff-2023-09,1
8428f19ffffffff-2023-10,1
8428f1dffffffff-2012-08,1
8428f1dffffffff-2013-05,9
8428f1dffffffff-2014-05,3
8428f1dffffffff-2015-07,2
8428f1dffffffff-2018-04,3
8428f1dffffffff-2018-05,2
8428f1dffffffff-2018-08,1
8428f1dffffffff-2019-04,2
8428f1dffffffff-2019-07,1
8428f1dffffffff-2019-08,15
8428f1dffffffff-2019-09,4
8428f1dffffffff-2019-10,1
8428f1dffffffff-2020-04,6
8428f1dffffffff-2020-08,18
8428f1dffffffff-2020-09,1
8428f1dffffffff-2021-04,4
8428f1dffffffff-2021-05,5
8428f1dffffffff-2021-07,2
8428f1dffffffff-2021-08,2
8428f1dffffffff-2022-03,1
8428f1dffffffff-2022-04,3
8428f1dffffffff-2022-08,2
8428f1dffffffff-2023-04,3
8428f1dffffffff-2023-07,12
8428f1dffffffff-2023-08,15
8428f21ffffffff-2018-05,1
8428f21ffffffff-2022-05,2
8428f23ffffffff-2013-07,4
8428f23ffffffff-2021-04,1
8428f25ffffffff-2014-08,4
8428f27ffffffff-2014-08,1
8428f27ffffffff-2017-09,1
8428f29ffffffff-2015-08,2
8428f29ffffffff-2020-07,1
8428f29ffffffff-2022-04,3
8428f29ffffffff-2022-08,1
8428f29ffffffff-2023-09,1
8428f2dffffffff-2018-04,2
8428f2dffffffff-2018-05,3
8428f2dffffffff-2019-04,2
8428f2dffffffff-2022-09,1
8428f2dffffffff-2023-05,2
8428f2dffffffff-2023-08,2
8428f2dffffffff-2023-09,11
8428f31ffffffff-2018-04,1
8428f33ffffffff-2014-04,2
8428f33ffffffff-2016-04,1
8428f33ffffffff-2017-05,2
8428f33ffffffff-2018-04,1
8428f33ffffffff-2021-04,5
8428f33ffffffff-2021-05,7
8428f37ffffffff-2012-03,2
8428f37ffffffff-2012-04,1
8428f37ffffffff-2012-05,1
8428f37ffffffff-2012-08,1
8428f37ffffffff-2012-10,16
8428f37ffffffff-2013-04,14
8428f37ffffffff-2013-05,33
8428f37ffffffff-2013-06,1
8428f37ffffffff-2013-07,47
8428f37ffffffff-2013-08,17
8428f37ffffffff-2013-09,1
8428f37ffffffff-2013-10,2
8428f37ffffffff-2014-04,5
8428f37ffffffff-2014-05,14
8428f37ffffffff-2014-07,35
8428f37ffffffff-2014-08,26
8428f37ffffffff-2014-09,6
8428f37ffffffff-2014-10,1
8428f37ffffffff-2015-04,18
8428f37ffffffff-2015-05,25
8428f37ffffffff-2015-07,13
8428f37ffffffff-2015-08,39
8428f37ffffffff-2015-09,7
8428f37ffffffff-2016-04,9
8428f37ffffffff-2016-07,1
8428f37ffffffff-2016-08,12
8428f37ffffffff-2017-04,3
8428f37ffffffff-2017-09,17
8428f37ffffffff-2017-10,4
8428f37ffffffff-2018-08,1
8428f37ffffffff-2018-09,1
8428f37ffffffff-2018-10,2
8428f37ffffffff-2019-02,1
8428f37ffffffff-2019-04,2
8428f37ffffffff-2019-08,4
8428f37ffffffff-2019-10,4
8428f37ffffffff-2020-01,2
8428f37ffffffff-2020-07,2
8428f37ffffffff-2020-08,6
8428f37ffffffff-2020-09,1
8428f37ffffffff-2021-02,1
8428f37ffffffff-2021-04,7
8428f37ffffffff-2021-05,19
8428f37ffffffff-2021-06,4
8428f37ffffffff-2021-07,31
8428f37ffffffff-2021-08,5
8428f37ffffffff-2021-09,9
8428f37ffffffff-2021-10,8
8428f37ffffffff-2021-11,5
8428f37ffffffff-2022-04,9
8428f37ffffffff-2022-05,14
8428f37ffffffff-2022-07,17
8428f37ffffffff-2022-08,78
8428f37ffffffff-2022-09,9
8428f37ffffffff-2022-10,11
8428f37ffffffff-2023-04,18
8428f37ffffffff-2023-05,1
8428f37ffffffff-2023-07,8
8428f37ffffffff-2023-08,42
8428f37ffffffff-2023-09,23
8428f37ffffffff-2023-10,5
8428f39ffffffff-2014-08,2
8428f39ffffffff-2015-04,3
8428f39ffffffff-2016-04,1
8428f39ffffffff-2016-09,1
8428f39ffffffff-2017-08,1
8428f39ffffffff-2019-04,1
8428f39ffffffff-2020-04,1
8428f39ffffffff-2020-05,1
8428f39ffffffff-2021-08,6
8428f39ffffffff-2021-09,2
8428f39ffffffff-2022-10,5
8428f39ffffffff-2023-08,7
8428f3bffffffff-2015-05,1
8428f3bffffffff-2018-04,1
8428f3bffffffff-2022-09,1
8428f43ffffffff-2012-05,1
8428f43ffffffff-2012-07,1
8428f43ffffffff-2012-08,31
8428f43ffffffff-2012-09,16
8428f43ffffffff-2013-04,1
8428f43ffffffff-2013-05,1
8428f43ffffffff-2013-07,3
8428f43ffffffff-2013-08,6
8428f43ffffffff-2013-09,11
8428f43ffffffff-2013-10,4
8428f43ffffffff-2014-01,1
8428f43ffffffff-2014-03,2
8428f43ffffffff-2014-04,4
8428f43ffffffff-2014-05,2
8428f43ffffffff-2014-06,11
8428f43ffffffff-2014-07,9
8428f43ffffffff-2014-08,4
8428f43ffffffff-2014-09,6
8428f43ffffffff-2015-04,4
8428f43ffffffff-2015-05,2
8428f43ffffffff-2015-07,2
8428f43ffffffff-2015-08,21
8428f43ffffffff-2015-09,10
8428f43ffffffff-2016-04,4
8428f43ffffffff-2016-05,1
8428f43ffffffff-2016-07,15
8428f43ffffffff-2016-08,58
8428f43ffffffff-2016-09,7
8428f43ffffffff-2017-01,1
8428f43ffffffff-2017-02,1
8428f43ffffffff-2017-04,1
8428f43ffffffff-2017-07,8
8428f43ffffffff-2017-08,34
8428f43ffffffff-2017-09,12
8428f43ffffffff-2018-03,6
8428f43ffffffff-2018-04,4
8428f43ffffffff-2018-05,5
8428f43ffffffff-2018-07,9
8428f43ffffffff-2018-08,27
8428f43ffffffff-2018-09,22
8428f43ffffffff-2018-10,1
8428f43ffffffff-2019-05,1
8428f43ffffffff-2019-07,8
8428f43ffffffff-2019-08,63
8428f43ffffffff-2019-09,30
8428f43ffffffff-2020-05,3
8428f43ffffffff-2020-07,6
8428f43ffffffff-2020-08,29
8428f43ffffffff-2020-09,17
8428f43ffffffff-2020-10,1
8428f43ffffffff-2021-02,2
8428f43ffffffff-2021-03,3
8428f43ffffffff-2021-04,13
8428f43ffffffff-2021-05,1
8428f43ffffffff-2021-07,5
8428f43ffffffff-2021-08,57
8428f43ffffffff-2021-09,81
8428f43ffffffff-2021-10,27
8428f43ffffffff-2021-11,3
8428f43ffffffff-2022-03,3
8428f43ffffffff-2022-04,3
8428f43ffffffff-2022-05,1
8428f43ffffffff-2022-07,10
8428f43ffffffff-2022-08,33
8428f43ffffffff-2022-09,73
8428f43ffffffff-2022-10,5
8428f43ffffffff-2023-04,2
8428f43ffffffff-2023-05,4
8428f43ffffffff-2023-06,1
8428f43ffffffff-2023-07,10
8428f43ffffffff-2023-08,122
8428f43ffffffff-2023-09,98
8428f43ffffffff-2023-10,4
8428f47ffffffff-2014-05,1
8428f47ffffffff-2018-04,3
8428f49ffffffff-2014-07,1
8428f49ffffffff-2020-08,5
8428f4bffffffff-2012-04,9
8428f4bffffffff-2012-05,1
8428f4bffffffff-2012-08,3
8428f4bffffffff-2012-09,1
8428f4bffffffff-2013-04,5
8428f4bffffffff-2013-08,6
8428f4bffffffff-2013-09,1
8428f4bffffffff-2013-10,1
8428f4bffffffff-2014-04,11
8428f4bffffffff-2014-05,3
8428f4bffffffff-2014-07,3
8428f4bffffffff-2014-08,17
8428f4bffffffff-2014-09,24
8428f4bffffffff-2014-10,4
8428f4bffffffff-2015-04,12
8428f4bffffffff-2015-05,3
8428f4bffffffff-2015-07,1
8428f4bffffffff-2015-08,16
8428f4bffffffff-2015-09,29
8428f4bffffffff-2015-10,1
8428f4bffffffff-2016-04,10
8428f4bffffffff-2016-05,4
8428f4bffffffff-2016-08,18
8428f4bffffffff-2016-09,2
8428f4bffffffff-2017-04,19
8428f4bffffffff-2017-05,8
8428f4bffffffff-2017-08,5
8428f4bffffffff-2017-09,10
8428f4bffffffff-2018-04,16
8428f4bffffffff-2018-07,1
8428f4bffffffff-2018-08,2
8428f4bffffffff-2018-09,16
8428f4bffffffff-2018-10,3
8428f4bffffffff-2019-03,2
8428f4bffffffff-2019-04,11
8428f4bffffffff-2019-05,6
8428f4bffffffff-2019-07,1
8428f4bffffffff-2019-08,24
8428f4bffffffff-2019-09,17
8428f4bffffffff-2019-10,1
8428f4bffffffff-2020-02,2
8428f4bffffffff-2020-03,5
8428f4bffffffff-2020-04,40
8428f4bffffffff-2020-05,9
8428f4bffffffff-2020-06,1
8428f4bffffffff-2020-07,23
8428f4bffffffff-2020-08,29
8428f4bffffffff-2020-09,10
8428f4bffffffff-2020-10,1
8428f4bffffffff-2021-04,34
8428f4bffffffff-2021-05,12
8428f4bffffffff-2021-07,4
8428f4bffffffff-2021-08,10
8428f4bffffffff-2021-09,29
8428f4bffffffff-2021-10,7
8428f4bffffffff-2022-04,41
8428f4bffffffff-2022-05,14
8428f4bffffffff-2022-07,8
8428f4bffffffff-2022-08,4
8428f4bffffffff-2022-09,4
8428f4bffffffff-2022-10,10
8428f4bffffffff-2023-04,10
8428f4bffffffff-2023-05,3
8428f4bffffffff-2023-07,12
8428f4bffffffff-2023-08,78
8428f4bffffffff-2023-09,33
8428f4bffffffff-2023-10,1
8428f51ffffffff-2013-04,1
8428f51ffffffff-2016-09,1
8428f51ffffffff-2019-04,2
8428f51ffffffff-2019-06,2
8428f51ffffffff-2019-08,5
8428f51ffffffff-2021-04,10
8428f51ffffffff-2021-05,3
8428f51ffffffff-2021-08,7
8428f51ffffffff-2021-09,1
8428f51ffffffff-2022-06,2
8428f51ffffffff-2022-07,1
8428f51ffffffff-2022-08,7
8428f51ffffffff-2022-09,1
8428f51ffffffff-2023-04,3
8428f51ffffffff-2023-08,8
8428f55ffffffff-2012-07,2
8428f55ffffffff-2012-08,4
8428f55ffffffff-2012-09,4
8428f55ffffffff-2013-05,1
8428f55ffffffff-2013-07,4
8428f55ffffffff-2013-08,8
8428f55ffffffff-2013-09,4
8428f55ffffffff-2014-04,2
8428f55ffffffff-2014-05,9
8428f55ffffffff-2014-07,11
8428f55ffffffff-2014-08,6
8428f55ffffffff-2014-09,2
8428f55ffffffff-2015-03,1
8428f55ffffffff-2015-04,7
8428f55ffffffff-2015-05,5
8428f55ffffffff-2015-07,9
8428f55ffffffff-2015-08,4
8428f55ffffffff-2015-09,4
8428f55ffffffff-2016-04,2
8428f55ffffffff-2016-08,10
8428f55ffffffff-2017-07,3
8428f55ffffffff-2017-08,4
8428f55ffffffff-2017-09,1
8428f55ffffffff-2017-10,4
8428f55ffffffff-2018-04,2
8428f55ffffffff-2018-05,6
8428f55ffffffff-2018-07,1
8428f55ffffffff-2018-08,3
8428f55ffffffff-2018-09,4
8428f55ffffffff-2018-10,5
8428f55ffffffff-2018-11,1
8428f55ffffffff-2019-07,1
8428f55ffffffff-2019-08,5
8428f55ffffffff-2019-09,13
8428f55ffffffff-2020-03,2
8428f55ffffffff-2020-04,1
8428f55ffffffff-2020-06,1
8428f55ffffffff-2020-07,4
8428f55ffffffff-2020-08,7
8428f55ffffffff-2020-09,5
8428f55ffffffff-2021-04,28
8428f55ffffffff-2021-05,10
8428f55ffffffff-2021-07,1
8428f55ffffffff-2021-08,12
8428f55ffffffff-2021-09,1
8428f55ffffffff-2022-04,3
8428f55ffffffff-2022-05,3
8428f55ffffffff-2022-07,5
8428f55ffffffff-2022-08,14
8428f55ffffffff-2022-09,15
8428f55ffffffff-2023-04,9
8428f55ffffffff-2023-05,1
8428f55ffffffff-2023-06,2
8428f55ffffffff-2023-07,5
8428f55ffffffff-2023-08,3
8428f55ffffffff-2023-09,18
8428f57ffffffff-2012-04,2
8428f57ffffffff-2012-09,1
8428f57ffffffff-2013-08,1
8428f57ffffffff-2013-09,4
8428f57ffffffff-2014-08,2
8428f57ffffffff-2014-10,1
8428f57ffffffff-2016-05,1
8428f57ffffffff-2016-08,5
8428f57ffffffff-2016-09,3
8428f57ffffffff-2017-08,1
8428f57ffffffff-2017-09,4
8428f57ffffffff-2018-04,3
8428f57ffffffff-2018-07,1
8428f57ffffffff-2019-04,2
8428f57ffffffff-2019-08,8
8428f57ffffffff-2019-09,3
8428f57ffffffff-2019-10,1
8428f57ffffffff-2020-07,2
8428f57ffffffff-2020-08,1
8428f57ffffffff-2021-04,4
8428f57ffffffff-2021-05,2
8428f57ffffffff-2021-08,2
8428f57ffffffff-2021-09,2
8428f57ffffffff-2022-05,1
8428f57ffffffff-2022-07,1
8428f57ffffffff-2023-08,6
8428f57ffffffff-2023-09,3
8428f59ffffffff-2012-08,2
8428f59ffffffff-2012-09,1
8428f59ffffffff-2013-03,1
8428f59ffffffff-2013-08,1
8428f59ffffffff-2014-05,1
8428f59ffffffff-2014-07,2
8428f59ffffffff-2014-08,4
8428f59ffffffff-2015-08,2
8428f59ffffffff-2015-11,1
8428f59ffffffff-2016-04,4
8428f59ffffffff-2016-07,2
8428f59ffffffff-2016-08,9
8428f59ffffffff-2017-05,2
8428f59ffffffff-2017-07,5
8428f59ffffffff-2017-08,19
8428f59ffffffff-2017-09,5
8428f59ffffffff-2017-10,1
8428f59ffffffff-2018-07,3
8428f59ffffffff-2018-08,16
8428f59ffffffff-2018-09,10
8428f59ffffffff-2019-05,2
8428f59ffffffff-2019-08,7
8428f59ffffffff-2020-07,4
8428f59ffffffff-2020-08,65
8428f59ffffffff-2020-09,34
8428f59ffffffff-2020-10,1
8428f59ffffffff-2021-04,2
8428f59ffffffff-2021-07,1
8428f59ffffffff-2021-08,14
8428f59ffffffff-2021-09,4
8428f59ffffffff-2022-04,3
8428f59ffffffff-2022-08,4
8428f59ffffffff-2022-09,15
8428f59ffffffff-2023-05,1
8428f59ffffffff-2023-07,4
8428f59ffffffff-2023-08,25
8428f5dffffffff-2016-09,3
8428f5dffffffff-2019-07,1
8428f5dffffffff-2023-04,1
8428f5dffffffff-2023-09,1
8428f61ffffffff-2020-04,2
8428f65ffffffff-2019-08,1
8428f65ffffffff-2021-04,1
8428f67ffffffff-2017-08,2
8428f67ffffffff-2018-08,3
8428f67ffffffff-2019-08,2
8428f67ffffffff-2021-09,1
8428f67ffffffff-2022-08,1
8428f6bffffffff-2018-05,1
8429125ffffffff-2012-01,3
8429125ffffffff-2012-02,24
8429125ffffffff-2012-03,6
8429125ffffffff-2012-04,2
8429125ffffffff-2012-08,10
8429125ffffffff-2012-09,18
8429125ffffffff-2012-10,1
8429125ffffffff-2012-11,5
8429125ffffffff-2012-12,6
8429125ffffffff-2013-01,14
8429125ffffffff-2013-02,33
8429125ffffffff-2013-03,11
8429125ffffffff-2013-05,1
8429125ffffffff-2013-08,5
8429125ffffffff-2013-09,2
8429125ffffffff-2013-11,11
8429125ffffffff-2013-12,18
8429125ffffffff-2014-01,20
8429125ffffffff-2014-02,6
8429125ffffffff-2014-03,1
8429125ffffffff-2014-04,1
8429125ffffffff-2014-07,1
8429125ffffffff-2014-08,3
8429125ffffffff-2014-09,7
8429125ffffffff-2014-10,1
8429125ffffffff-2014-11,12
8429125ffffffff-2014-12,7
8429125ffffffff-2015-01,20
8429125ffffffff-2015-02,7
8429125ffffffff-2015-03,6
8429125ffffffff-2015-04,4
8429125ffffffff-2015-07,2
8429125ffffffff-2015-08,2
8429125ffffffff-2015-09,3
8429125ffffffff-2015-10,1
8429125ffffffff-2015-11,20
8429125ffffffff-2015-12,14
8429125ffffffff-2016-01,4
8429125ffffffff-2016-02,5
8429125ffffffff-2016-03,1
8429125ffffffff-2016-04,1
8429125ffffffff-2016-08,4
8429125ffffffff-2016-09,10
8429125ffffffff-2016-10,2
8429125ffffffff-2016-11,3
8429125ffffffff-2016-12,5
8429125ffffffff-2017-01,6
8429125ffffffff-2017-02,5
8429125ffffffff-2017-03,6
8429125ffffffff-2017-04,2
8429125ffffffff-2017-07,1
8429125ffffffff-2017-08,33
8429125ffffffff-2017-09,14
8429125ffffffff-2017-10,8
8429125ffffffff-2017-11,5
8429125ffffffff-2017-12,14
8429125ffffffff-2018-01,11
8429125ffffffff-2018-02,15
8429125ffffffff-2018-03,8
8429125ffffffff-2018-04,7
8429125ffffffff-2018-06,2
8429125ffffffff-2018-08,3
8429125ffffffff-2018-09,19
8429125ffffffff-2018-10,1
8429125ffffffff-2018-11,8
8429125ffffffff-2018-12,15
8429125ffffffff-2019-01,19
8429125ffffffff-2019-02,9
8429125ffffffff-2019-03,8
8429125ffffffff-2019-08,5
8429125ffffffff-2019-09,4
8429125ffffffff-2019-10,1
8429125ffffffff-2019-11,1
8429125ffffffff-2019-12,13
8429125ffffffff-2020-01,56
8429125ffffffff-2020-02,16
8429125ffffffff-2020-03,16
8429125ffffffff-2020-04,4
8429125ffffffff-2020-07,1
8429125ffffffff-2020-08,5
8429125ffffffff-2020-09,2
8429125ffffffff-2020-10,1
8429125ffffffff-2020-11,1
8429125ffffffff-2020-12,5
8429125ffffffff-2021-01,24
8429125ffffffff-2021-02,5
8429125ffffffff-2021-03,1
8429125ffffffff-2021-05,2
8429125ffffffff-2021-08,15
8429125ffffffff-2021-10,2
8429125ffffffff-2021-12,6
8429125ffffffff-2022-01,24
8429125ffffffff-2022-02,8
8429125ffffffff-2022-03,9
8429125ffffffff-2022-04,1
8429125ffffffff-2022-08,6
8429125ffffffff-2022-09,2
8429125ffffffff-2022-10,4
8429125ffffffff-2022-11,7
8429125ffffffff-2022-12,3
8429125ffffffff-2023-01,15
8429125ffffffff-2023-02,25
8429125ffffffff-2023-03,2
8429125ffffffff-2023-04,3
8429125ffffffff-2023-07,1
8429125ffffffff-2023-08,9
8429125ffffffff-2023-09,7
8429125ffffffff-2023-10,2
8429125ffffffff-2023-11,1
8429127ffffffff-2012-09,7
8429127ffffffff-2012-12,1
8429127ffffffff-2013-08,2
8429127ffffffff-2013-12,1
8429127ffffffff-2014-02,1
8429127ffffffff-2014-04,2
8429127ffffffff-2014-08,3
8429127ffffffff-2014-09,5
8429127ffffffff-2015-01,3
8429127ffffffff-2015-02,2
8429127ffffffff-2015-07,1
8429127ffffffff-2015-08,13
8429127ffffffff-2015-09,4
8429127ffffffff-2016-01,2
8429127ffffffff-2016-03,2
8429127ffffffff-2016-04,1
8429127ffffffff-2016-07,4
8429127ffffffff-2016-08,1
8429127ffffffff-2016-09,1
8429127ffffffff-2016-10,2
8429127ffffffff-2017-04,1
8429127ffffffff-2017-05,1
8429127ffffffff-2017-08,5
8429127ffffffff-2017-09,1
8429127ffffffff-2017-10,6
8429127ffffffff-2018-01,2
8429127ffffffff-2018-03,1
8429127ffffffff-2018-08,8
8429127ffffffff-2018-11,4
8429127ffffffff-2019-03,1
8429127ffffffff-2019-09,3
8429127ffffffff-2020-07,1
8429127ffffffff-2020-08,6
8429127ffffffff-2020-09,19
8429127ffffffff-2020-11,1
8429127ffffffff-2021-05,6
8429127ffffffff-2021-06,1
8429127ffffffff-2021-08,33
8429127ffffffff-2021-09,10
8429127ffffffff-2022-04,4
8429127ffffffff-2022-05,1
8429127ffffffff-2022-08,23
8429127ffffffff-2022-09,11
8429127ffffffff-2022-10,1
8429127ffffffff-2023-01,1
8429127ffffffff-2023-02,1
8429127ffffffff-2023-06,1
8429127ffffffff-2023-07,6
8429127ffffffff-2023-08,19
8429137ffffffff-2012-04,2
8429137ffffffff-2012-05,1
8429137ffffffff-2012-07,1
8429137ffffffff-2012-08,6
8429137ffffffff-2012-09,2
8429137ffffffff-2013-01,3
8429137ffffffff-2013-02,3
8429137ffffffff-2013-04,1
8429137ffffffff-2013-08,13
8429137ffffffff-2013-09,6
8429137ffffffff-2013-10,2
8429137ffffffff-2014-02,1
8429137ffffffff-2014-08,10
8429137ffffffff-2014-09,21
8429137ffffffff-2015-04,3
8429137ffffffff-2015-07,10
8429137ffffffff-2015-08,8
8429137ffffffff-2015-09,6
8429137ffffffff-2016-02,1
8429137ffffffff-2016-06,1
8429137ffffffff-2016-07,1
8429137ffffffff-2016-08,26
8429137ffffffff-2016-09,19
8429137ffffffff-2017-04,5
8429137ffffffff-2017-07,3
8429137ffffffff-2017-08,15
8429137ffffffff-2017-09,1
8429137ffffffff-2017-10,1
8429137ffffffff-2018-01,1
8429137ffffffff-2018-02,1
8429137ffffffff-2018-03,3
8429137ffffffff-2018-04,1
8429137ffffffff-2018-08,10
8429137ffffffff-2018-09,10
8429137ffffffff-2019-02,3
8429137ffffffff-2019-04,5
8429137ffffffff-2019-08,3
8429137ffffffff-2019-09,1
8429137ffffffff-2020-07,5
8429137ffffffff-2020-08,14
8429137ffffffff-2020-09,9
8429137ffffffff-2021-01,1
8429137ffffffff-2021-02,1
8429137ffffffff-2021-04,3
8429137ffffffff-2021-05,2
8429137ffffffff-2021-08,2
8429137ffffffff-2021-12,3
8429137ffffffff-2022-04,3
8429137ffffffff-2022-05,1
8429137ffffffff-2022-07,4
8429137ffffffff-2022-08,17
8429137ffffffff-2022-09,7
8429137ffffffff-2022-10,2
8429137ffffffff-2023-08,4
8429137ffffffff-2023-09,1
8429137ffffffff-2023-10,1
84291a7ffffffff-2012-09,2
84291a7ffffffff-2012-10,4
84291a7ffffffff-2013-09,1
84291a7ffffffff-2014-08,3
84291a7ffffffff-2014-10,1
84291a7ffffffff-2015-08,3
84291a7ffffffff-2015-09,12
84291a7ffffffff-2016-07,1
84291a7ffffffff-2016-08,10
84291a7ffffffff-2016-09,3
84291a7ffffffff-2017-04,1
84291a7ffffffff-2017-05,1
84291a7ffffffff-2017-09,2
84291a7ffffffff-2018-08,4
84291a7ffffffff-2018-09,2
84291a7ffffffff-2019-08,1
84291a7ffffffff-2019-09,5
84291a7ffffffff-2020-10,1
84291a7ffffffff-2021-08,1
84291a7ffffffff-2022-08,3
84291a7ffffffff-2022-09,11
8429809ffffffff-2013-05,1
8429809ffffffff-2014-10,1
8429809ffffffff-2015-04,1
8429809ffffffff-2015-07,1
8429809ffffffff-2017-03,1
8429809ffffffff-2017-04,7
8429809ffffffff-2017-07,1
8429809ffffffff-2018-03,1
8429809ffffffff-2018-04,1
8429809ffffffff-2019-08,2
8429809ffffffff-2019-09,1
8429809ffffffff-2020-06,1
8429809ffffffff-2020-09,1
8429809ffffffff-2020-10,1
8429809ffffffff-2020-11,1
8429809ffffffff-2021-03,1
8429809ffffffff-2021-04,2
8429809ffffffff-2021-09,1
8429809ffffffff-2022-10,3
8429809ffffffff-2023-05,1
8429809ffffffff-2023-08,8
8429809ffffffff-2023-09,1
8429809ffffffff-2023-10,1
842981dffffffff-2022-09,2
8429823ffffffff-2018-09,1
8429823ffffffff-2020-08,1
8429823ffffffff-2022-08,2
8429823ffffffff-2023-08,1
842982bffffffff-2012-09,1
842982bffffffff-2013-04,2
842982bffffffff-2013-08,2
842982bffffffff-2014-09,2
842982bffffffff-2014-10,1
842982bffffffff-2015-09,3
842982bffffffff-2017-08,6
842982bffffffff-2018-08,7
842982bffffffff-2020-01,1
842982bffffffff-2020-10,1
842982bffffffff-2021-02,1
842982bffffffff-2021-04,1
842982bffffffff-2021-10,3
842982bffffffff-2022-04,1
842982bffffffff-2022-08,1
842982bffffffff-2022-09,1
842982bffffffff-2023-04,2
842982bffffffff-2023-10,1
8429835ffffffff-2023-06,1
8429843ffffffff-2016-04,1
8429843ffffffff-2022-04,2
8429843ffffffff-2023-04,4
8429845ffffffff-2015-04,1
8429845ffffffff-2015-05,1
8429845ffffffff-2022-08,4
8429845ffffffff-2023-08,1
8429847ffffffff-2016-03,1
8429847ffffffff-2022-04,1
8429849ffffffff-2012-08,6
8429849ffffffff-2012-09,9
8429849ffffffff-2012-10,1
8429849ffffffff-2013-05,1
8429849ffffffff-2013-09,1
8429849ffffffff-2014-05,1
8429849ffffffff-2014-08,4
8429849ffffffff-2014-10,1
8429849ffffffff-2015-09,5
8429849ffffffff-2022-09,2
8429849ffffffff-2022-10,5
8429849ffffffff-2023-04,1
8429849ffffffff-2023-08,1
8429849ffffffff-2023-09,1
8429849ffffffff-2023-10,1
842984bffffffff-2014-10,1
8429855ffffffff-2021-04,2
8429855ffffffff-2022-09,3
8429859ffffffff-2012-04,20
8429859ffffffff-2012-05,1
8429859ffffffff-2012-07,12
8429859ffffffff-2012-08,12
8429859ffffffff-2012-09,28
8429859ffffffff-2012-10,2
8429859ffffffff-2013-03,1
8429859ffffffff-2013-04,19
8429859ffffffff-2013-05,7
8429859ffffffff-2013-07,7
8429859ffffffff-2013-08,22
8429859ffffffff-2013-09,15
8429859ffffffff-2013-10,5
8429859ffffffff-2014-04,12
8429859ffffffff-2014-05,10
8429859ffffffff-2014-07,4
8429859ffffffff-2014-08,13
8429859ffffffff-2014-09,12
8429859ffffffff-2015-03,1
8429859ffffffff-2015-04,6
8429859ffffffff-2015-07,1
8429859ffffffff-2015-08,5
8429859ffffffff-2016-04,2
8429859ffffffff-2016-09,1
8429859ffffffff-2017-04,3
8429859ffffffff-2017-05,1
8429859ffffffff-2017-06,1
8429859ffffffff-2017-07,2
8429859ffffffff-2017-08,2
8429859ffffffff-2018-04,1
8429859ffffffff-2018-07,1
8429859ffffffff-2018-08,9
8429859ffffffff-2018-09,6
8429859ffffffff-2019-05,1
8429859ffffffff-2019-08,6
8429859ffffffff-2019-09,7
8429859ffffffff-2020-07,1
8429859ffffffff-2020-08,6
8429859ffffffff-2020-09,5
8429859ffffffff-2020-10,2
8429859ffffffff-2021-04,1
8429859ffffffff-2022-08,1
8429859ffffffff-2023-04,1
8429859ffffffff-2023-08,2
8429861ffffffff-2014-05,4
8429861ffffffff-2016-04,1
8429861ffffffff-2017-04,2
8429861ffffffff-2017-05,3
8429861ffffffff-2017-06,1
8429861ffffffff-2018-08,1
8429861ffffffff-2018-09,2
8429861ffffffff-2019-07,3
8429861ffffffff-2019-08,9
8429861ffffffff-2019-09,12
8429861ffffffff-2019-10,3
8429861ffffffff-2019-12,1
8429861ffffffff-2020-04,3
8429861ffffffff-2020-07,1
8429861ffffffff-2020-08,2
8429861ffffffff-2021-04,23
8429861ffffffff-2021-05,1
8429861ffffffff-2021-07,1
8429861ffffffff-2021-08,3
8429861ffffffff-2021-09,5
8429861ffffffff-2021-10,1
8429861ffffffff-2022-04,14
8429861ffffffff-2022-08,4
8429861ffffffff-2022-09,4
8429861ffffffff-2022-10,1
8429861ffffffff-2023-03,1
8429861ffffffff-2023-04,1
8429861ffffffff-2023-08,6
8429861ffffffff-2023-09,1
8429861ffffffff-2023-10,1
8429863ffffffff-2016-04,1
8429863ffffffff-2022-09,1
8429865ffffffff-2012-03,1
8429865ffffffff-2012-04,1
8429865ffffffff-2015-10,1
8429865ffffffff-2020-04,1
8429865ffffffff-2020-10,1
8429865ffffffff-2021-04,1
8429865ffffffff-2021-05,1
8429865ffffffff-2021-09,1
8429865ffffffff-2022-03,1
8429865ffffffff-2022-04,4
8429865ffffffff-2022-05,3
8429865ffffffff-2022-08,1
8429865ffffffff-2022-10,1
8429865ffffffff-2023-04,7
8429867ffffffff-2018-03,4
8429867ffffffff-2019-08,3
8429867ffffffff-2019-10,1
8429867ffffffff-2020-08,2
8429867ffffffff-2022-04,1
8429867ffffffff-2022-08,1
8429867ffffffff-2023-08,1
8429869ffffffff-2012-03,5
8429869ffffffff-2012-04,5
8429869ffffffff-2012-08,1
8429869ffffffff-2012-09,5
8429869ffffffff-2012-10,2
8429869ffffffff-2013-03,1
8429869ffffffff-2013-04,6
8429869ffffffff-2013-08,3
8429869ffffffff-2013-09,1
8429869ffffffff-2013-10,2
8429869ffffffff-2013-11,3
8429869ffffffff-2014-03,1
8429869ffffffff-2014-04,2
8429869ffffffff-2014-05,1
8429869ffffffff-2014-06,1
8429869ffffffff-2014-08,6
8429869ffffffff-2014-09,15
8429869ffffffff-2014-10,6
8429869ffffffff-2014-11,3
8429869ffffffff-2015-03,7
8429869ffffffff-2015-04,10
8429869ffffffff-2015-05,2
8429869ffffffff-2015-06,1
8429869ffffffff-2015-07,8
8429869ffffffff-2015-08,34
8429869ffffffff-2015-09,18
8429869ffffffff-2015-10,12
8429869ffffffff-2015-11,3
8429869ffffffff-2016-03,11
8429869ffffffff-2016-04,13
8429869ffffffff-2016-07,15
8429869ffffffff-2016-08,19
8429869ffffffff-2016-09,26
8429869ffffffff-2016-10,31
8429869ffffffff-2017-03,5
8429869ffffffff-2017-04,13
8429869ffffffff-2017-05,3
8429869ffffffff-2017-06,1
8429869ffffffff-2017-07,15
8429869ffffffff-2017-08,39
8429869ffffffff-2017-09,29
8429869ffffffff-2017-10,29
8429869ffffffff-2017-11,2
8429869ffffffff-2018-03,8
8429869ffffffff-2018-04,3
8429869ffffffff-2018-07,7
8429869ffffffff-2018-08,13
8429869ffffffff-2018-09,8
8429869ffffffff-2018-10,7
8429869ffffffff-2019-03,9
8429869ffffffff-2019-04,5
8429869ffffffff-2019-05,4
8429869ffffffff-2019-07,12
8429869ffffffff-2019-08,29
8429869ffffffff-2019-09,43
8429869ffffffff-2019-10,8
8429869ffffffff-2019-11,1
8429869ffffffff-2020-03,5
8429869ffffffff-2020-04,17
8429869ffffffff-2020-05,4
8429869ffffffff-2020-06,9
8429869ffffffff-2020-07,12
8429869ffffffff-2020-08,19
8429869ffffffff-2020-09,7
8429869ffffffff-2020-10,19
8429869ffffffff-2020-11,1
8429869ffffffff-2021-03,6
8429869ffffffff-2021-04,27
8429869ffffffff-2021-05,12
8429869ffffffff-2021-07,1
8429869ffffffff-2021-08,24
8429869ffffffff-2021-09,15
8429869ffffffff-2022-04,39
8429869ffffffff-2022-05,3
8429869ffffffff-2022-06,1
8429869ffffffff-2022-07,66
8429869ffffffff-2022-08,121
8429869ffffffff-2022-09,54
8429869ffffffff-2022-10,17
8429869ffffffff-2022-11,10
8429869ffffffff-2023-03,10
8429869ffffffff-2023-04,81
8429869ffffffff-2023-05,1
8429869ffffffff-2023-07,2
8429869ffffffff-2023-08,29
8429869ffffffff-2023-09,27
8429869ffffffff-2023-10,8
842986bffffffff-2019-08,3
842986dffffffff-2021-10,1
8429881ffffffff-2013-06,1
8429883ffffffff-2012-04,1
8429883ffffffff-2012-09,1
8429883ffffffff-2013-03,1
8429883ffffffff-2013-08,3
8429883ffffffff-2013-09,1
8429883ffffffff-2014-03,2
8429883ffffffff-2014-04,2
8429883ffffffff-2014-08,2
8429883ffffffff-2014-09,2
8429883ffffffff-2014-10,1
8429883ffffffff-2016-08,1
8429883ffffffff-2017-07,1
8429883ffffffff-2017-08,1
8429883ffffffff-2018-03,1
8429883ffffffff-2018-04,2
8429883ffffffff-2018-08,1
8429883ffffffff-2018-09,1
8429883ffffffff-2019-04,4
8429883ffffffff-2019-05,1
8429883ffffffff-2019-07,7
8429883ffffffff-2019-08,1
8429883ffffffff-2019-09,2
8429883ffffffff-2019-11,1
8429883ffffffff-2020-01,1
8429883ffffffff-2020-04,2
8429883ffffffff-2020-07,2
8429883ffffffff-2020-08,7
8429883ffffffff-2020-09,1
8429883ffffffff-2020-12,3
8429883ffffffff-2021-03,4
8429883ffffffff-2021-04,4
8429883ffffffff-2021-07,2
8429883ffffffff-2021-08,5
8429883ffffffff-2021-09,2
8429883ffffffff-2021-10,3
8429883ffffffff-2022-02,1
8429883ffffffff-2022-03,1
8429883ffffffff-2022-04,2
8429883ffffffff-2022-08,1
8429883ffffffff-2022-09,10
8429883ffffffff-2022-11,1
8429883ffffffff-2023-02,9
8429883ffffffff-2023-04,8
8429883ffffffff-2023-08,38
8429883ffffffff-2023-09,12
8429883ffffffff-2023-10,1
8429889ffffffff-2013-08,2
8429889ffffffff-2015-08,1
8429889ffffffff-2015-09,1
8429889ffffffff-2022-07,1
8429889ffffffff-2022-09,1
842988bffffffff-2016-08,1
8429891ffffffff-2012-04,1
8429891ffffffff-2012-09,1
8429891ffffffff-2013-08,1
8429891ffffffff-2014-08,1
8429891ffffffff-2014-09,1
8429891ffffffff-2015-03,5
8429891ffffffff-2015-08,1
8429891ffffffff-2015-09,1
8429891ffffffff-2016-01,1
8429891ffffffff-2016-04,1
8429891ffffffff-2016-08,1
8429891ffffffff-2016-09,1
8429891ffffffff-2017-03,3
8429891ffffffff-2017-07,2
8429891ffffffff-2017-08,1
8429891ffffffff-2017-09,2
8429891ffffffff-2018-03,1
8429891ffffffff-2018-04,1
8429891ffffffff-2018-08,3
8429891ffffffff-2018-11,1
8429891ffffffff-2019-03,7
8429891ffffffff-2019-04,1
8429891ffffffff-2019-07,2
8429891ffffffff-2019-08,2
8429891ffffffff-2019-09,1
8429891ffffffff-2019-10,1
8429891ffffffff-2020-03,1
8429891ffffffff-2020-04,10
8429891ffffffff-2020-05,2
8429891ffffffff-2020-07,4
8429891ffffffff-2020-08,21
8429891ffffffff-2020-09,4
8429891ffffffff-2020-10,7
8429891ffffffff-2020-11,3
8429891ffffffff-2020-12,1
8429891ffffffff-2021-07,19
8429891ffffffff-2021-08,24
8429891ffffffff-2021-09,8
8429891ffffffff-2022-03,3
8429891ffffffff-2022-07,3
8429891ffffffff-2022-08,24
8429891ffffffff-2022-09,44
8429891ffffffff-2022-10,5
8429891ffffffff-2023-03,2
8429891ffffffff-2023-04,7
8429891ffffffff-2023-07,3
8429891ffffffff-2023-08,10
8429891ffffffff-2023-09,2
8429893ffffffff-2012-03,1
8429893ffffffff-2016-05,4
8429893ffffffff-2017-04,3
8429893ffffffff-2018-03,2
8429893ffffffff-2019-03,1
8429893ffffffff-2019-04,1
8429893ffffffff-2019-08,1
8429893ffffffff-2020-04,2
8429893ffffffff-2022-04,5
8429893ffffffff-2023-04,15
8429893ffffffff-2023-05,15
8429893ffffffff-2023-09,7
8429895ffffffff-2019-10,1
8429895ffffffff-2020-08,8
8429895ffffffff-2020-09,1
8429895ffffffff-2020-10,1
8429895ffffffff-2021-04,1
8429895ffffffff-2022-01,1
8429895ffffffff-2022-07,1
8429895ffffffff-2022-09,1
8429897ffffffff-2013-08,2
8429897ffffffff-2013-10,1
8429897ffffffff-2014-08,4
8429897ffffffff-2014-09,1
8429897ffffffff-2015-08,1
8429897ffffffff-2017-04,1
8429897ffffffff-2017-08,1
8429897ffffffff-2018-08,5
8429897ffffffff-2021-03,1
8429897ffffffff-2021-08,1
8429897ffffffff-2021-09,24
8429897ffffffff-2022-04,1
8429897ffffffff-2022-07,1
8429897ffffffff-2022-08,2
8429897ffffffff-2023-08,1
8429897ffffffff-2023-09,6
8429899ffffffff-2013-04,2
8429899ffffffff-2015-08,3
8429899ffffffff-2016-05,2
8429899ffffffff-2017-03,2
8429899ffffffff-2018-08,1
8429899ffffffff-2019-03,2
8429899ffffffff-2021-03,2
8429899ffffffff-2022-03,2
8429899ffffffff-2022-10,2
8429899ffffffff-2023-04,3
8429899ffffffff-2023-09,1
842989bffffffff-2014-08,2
842989bffffffff-2015-08,10
842989dffffffff-2017-08,1
842989dffffffff-2021-09,1
842989dffffffff-2023-09,1
84298a1ffffffff-2022-07,2
84298b1ffffffff-2019-04,1
84298b7ffffffff-2014-08,1
84298b7ffffffff-2015-04,2
84298b7ffffffff-2019-10,1
84298b7ffffffff-2020-09,1
84298b9ffffffff-2013-05,1
84298b9ffffffff-2013-09,2
84298b9ffffffff-2014-04,7
84298b9ffffffff-2014-06,1
84298b9ffffffff-2014-07,1
84298b9ffffffff-2014-08,3
84298b9ffffffff-2014-09,10
84298b9ffffffff-2015-03,2
84298b9ffffffff-2015-04,2
84298b9ffffffff-2015-07,5
84298b9ffffffff-2015-08,14
84298b9ffffffff-2015-09,5
84298b9ffffffff-2016-03,3
84298b9ffffffff-2016-04,2
84298b9ffffffff-2016-07,1
84298b9ffffffff-2016-08,2
84298b9ffffffff-2016-09,5
84298b9ffffffff-2016-10,3
84298b9ffffffff-2017-03,4
84298b9ffffffff-2017-04,3
84298b9ffffffff-2018-01,8
84298b9ffffffff-2018-02,7
84298b9ffffffff-2019-01,1
84298b9ffffffff-2019-08,3
84298b9ffffffff-2020-07,1
84298b9ffffffff-2020-08,1
84298b9ffffffff-2021-01,1
84298b9ffffffff-2021-03,3
84298b9ffffffff-2021-07,2
84298b9ffffffff-2021-08,1
84298b9ffffffff-2021-09,1
84298b9ffffffff-2021-11,1
84298b9ffffffff-2022-08,3
84298b9ffffffff-2022-09,2
84298b9ffffffff-2023-09,4
84298bdffffffff-2017-09,1
84298bdffffffff-2022-08,2
84298c1ffffffff-2015-08,1
84298c1ffffffff-2020-08,1
84298c3ffffffff-2013-07,1
84298c3ffffffff-2016-07,1
84298c3ffffffff-2017-07,2
84298c3ffffffff-2020-07,2
84298c3ffffffff-2020-08,1
84298c3ffffffff-2021-04,1
84298c3ffffffff-2022-05,3
84298c3ffffffff-2022-08,3
84298c9ffffffff-2012-07,1
84298c9ffffffff-2014-08,2
84298c9ffffffff-2016-07,2
84298c9ffffffff-2016-08,1
84298c9ffffffff-2018-04,3
84298c9ffffffff-2018-08,3
84298c9ffffffff-2018-10,2
84298c9ffffffff-2019-04,5
84298c9ffffffff-2019-08,1
84298c9ffffffff-2019-09,2
84298c9ffffffff-2019-10,1
84298c9ffffffff-2021-07,2
84298c9ffffffff-2021-08,1
84298c9ffffffff-2021-09,6
84298c9ffffffff-2022-08,3
84298c9ffffffff-2022-09,2
84298c9ffffffff-2023-08,7
84298c9ffffffff-2023-10,1
84298cbffffffff-2013-12,7
84298cbffffffff-2014-09,2
84298cbffffffff-2015-06,1
84298cbffffffff-2015-07,1
84298cbffffffff-2015-08,6
84298cbffffffff-2017-04,1
84298cbffffffff-2018-07,10
84298cbffffffff-2019-07,1
84298cbffffffff-2020-07,2
84298cbffffffff-2021-08,1
84298cbffffffff-2022-08,2
84298cdffffffff-2018-03,4
84298cdffffffff-2018-04,1
84298cdffffffff-2019-07,1
84298cdffffffff-2019-08,4
84298cdffffffff-2019-09,1
84298cdffffffff-2020-04,11
84298d5ffffffff-2014-08,1
84298d5ffffffff-2015-06,1
84298d5ffffffff-2016-08,5
84298d5ffffffff-2017-07,2
84298d5ffffffff-2020-08,3
84298d5ffffffff-2020-09,2
84298d5ffffffff-2021-08,2
84298d5ffffffff-2021-09,5
84298d5ffffffff-2022-08,6
84298d5ffffffff-2022-09,12
84298d5ffffffff-2023-08,2
84298d7ffffffff-2014-08,2
84298d7ffffffff-2016-06,1
84298d7ffffffff-2017-03,1
84298d7ffffffff-2017-09,1
84298d7ffffffff-2018-07,1
84298d7ffffffff-2018-08,2
84298d7ffffffff-2018-09,5
84298d7ffffffff-2023-09,1
84298ddffffffff-2012-08,1
84298ddffffffff-2014-09,10
84298ddffffffff-2016-08,3
8429907ffffffff-2019-04,1
8429907ffffffff-2021-04,2
8429909ffffffff-2018-04,1
8429909ffffffff-2018-07,1
8429909ffffffff-2020-04,2
8429909ffffffff-2021-04,3
8429909ffffffff-2021-05,1
8429909ffffffff-2022-04,1
8429911ffffffff-2014-09,1
8429915ffffffff-2019-09,1
8429915ffffffff-2020-08,1
8429915ffffffff-2021-04,1
8429919ffffffff-2021-04,2
842991bffffffff-2021-09,1
842991dffffffff-2018-07,2
842991dffffffff-2018-08,4
842991dffffffff-2019-09,1
842991dffffffff-2020-06,1
842991dffffffff-2020-08,4
842991dffffffff-2021-07,1
842991dffffffff-2021-08,7
842991dffffffff-2021-09,2
842991dffffffff-2021-10,1
842991dffffffff-2022-08,1
842991dffffffff-2022-09,1
842991dffffffff-2022-10,1
842991dffffffff-2023-08,8
842991dffffffff-2023-09,1
8429923ffffffff-2022-04,1
8429923ffffffff-2023-04,1
842992bffffffff-2016-03,1
842992bffffffff-2017-04,2
842992bffffffff-2018-04,1
842992bffffffff-2020-04,1
842992bffffffff-2022-04,1
842992bffffffff-2022-08,1
842992bffffffff-2023-04,2
8429935ffffffff-2015-08,1
8429935ffffffff-2022-05,2
8429939ffffffff-2017-04,1
842993bffffffff-2015-08,1
842993bffffffff-2020-04,1
842993bffffffff-2021-04,1
8429943ffffffff-2015-08,1
842994dffffffff-2017-03,1
842994dffffffff-2018-04,2
842994dffffffff-2019-07,1
842994dffffffff-2020-05,1
842994dffffffff-2020-08,1
842994dffffffff-2022-05,1
8429951ffffffff-2018-04,1
8429953ffffffff-2015-08,1
8429953ffffffff-2021-05,2
8429955ffffffff-2023-08,1
8429957ffffffff-2013-04,2
8429957ffffffff-2013-08,1
8429957ffffffff-2014-08,1
8429957ffffffff-2015-04,1
8429957ffffffff-2015-09,1
8429957ffffffff-2016-04,2
8429957ffffffff-2017-04,2
8429957ffffffff-2017-05,1
8429957ffffffff-2018-08,1
8429957ffffffff-2020-04,5
8429957ffffffff-2020-09,1
8429957ffffffff-2020-10,2
8429957ffffffff-2021-04,8
8429957ffffffff-2022-04,1
842995bffffffff-2022-08,1
8429961ffffffff-2017-09,1
8429961ffffffff-2021-08,1
8429961ffffffff-2022-09,1
8429961ffffffff-2023-09,1
8429963ffffffff-2017-09,1
842996bffffffff-2013-09,1
842996bffffffff-2014-05,1
842996bffffffff-2014-08,5
842996bffffffff-2016-09,4
842996bffffffff-2017-08,1
842996bffffffff-2017-09,2
842996bffffffff-2019-04,1
842996bffffffff-2019-08,3
842996bffffffff-2019-09,6
842996bffffffff-2021-04,2
842996bffffffff-2023-04,2
842996bffffffff-2023-09,1
842996dffffffff-2013-03,1
842996dffffffff-2015-04,1
842996dffffffff-2019-04,1
842996dffffffff-2021-09,1
8429989ffffffff-2017-09,1
8429989ffffffff-2020-07,7
8429989ffffffff-2020-08,4
8429995ffffffff-2013-07,1
8429995ffffffff-2013-08,2
8429995ffffffff-2016-09,1
8429995ffffffff-2020-08,1
8429995ffffffff-2021-09,1
8429995ffffffff-2022-06,1
8429995ffffffff-2023-10,2
8429997ffffffff-2013-08,2
8429997ffffffff-2013-09,2
8429997ffffffff-2014-09,1
8429997ffffffff-2015-07,9
8429997ffffffff-2015-08,1
8429997ffffffff-2016-07,6
8429997ffffffff-2016-08,5
8429997ffffffff-2017-07,1
8429997ffffffff-2019-08,1
8429997ffffffff-2020-08,8
8429997ffffffff-2021-07,13
8429997ffffffff-2021-08,33
8429997ffffffff-2021-09,2
8429997ffffffff-2022-04,1
8429997ffffffff-2022-05,1
8429997ffffffff-2022-07,8
8429997ffffffff-2022-08,14
8429997ffffffff-2023-07,5
8429997ffffffff-2023-08,16
8429997ffffffff-2023-09,7
8429997ffffffff-2023-10,1
84299a3ffffffff-2023-08,2
84299a5ffffffff-2019-08,1
84299adffffffff-2014-08,1
84299adffffffff-2016-11,4
84299adffffffff-2017-04,4
84299adffffffff-2017-05,1
84299adffffffff-2018-04,2
84299adffffffff-2018-10,3
84299adffffffff-2019-04,1
84299adffffffff-2021-01,1
84299adffffffff-2021-02,1
84299adffffffff-2022-07,1
84299adffffffff-2023-04,3
84299adffffffff-2023-07,1
84299adffffffff-2023-08,7
84299adffffffff-2023-09,1
84299adffffffff-2023-10,10
84299b3ffffffff-2017-07,5
84299b5ffffffff-2015-08,2
84299b5ffffffff-2018-07,3
84299b5ffffffff-2020-07,1
84299b5ffffffff-2021-08,7
84299b5ffffffff-2022-04,2
84299b5ffffffff-2022-07,5
84299b5ffffffff-2022-08,9
84299b5ffffffff-2022-10,1
84299b5ffffffff-2023-06,2
84299b5ffffffff-2023-07,3
84299b5ffffffff-2023-08,6
84299b5ffffffff-2023-09,2
84299b5ffffffff-2023-10,1
84299ddffffffff-2023-08,1
84299ebffffffff-2018-08,2
84299ebffffffff-2022-08,1
84299edffffffff-2015-09,1
8429a01ffffffff-2012-02,6
8429a01ffffffff-2012-03,2
8429a01ffffffff-2012-04,3
8429a01ffffffff-2012-07,3
8429a01ffffffff-2012-08,1
8429a01ffffffff-2012-09,2
8429a01ffffffff-2012-10,1
8429a01ffffffff-2013-03,1
8429a01ffffffff-2013-08,2
8429a01ffffffff-2013-09,11
8429a01ffffffff-2013-10,3
8429a01ffffffff-2013-11,5
8429a01ffffffff-2013-12,1
8429a01ffffffff-2014-02,7
8429a01ffffffff-2014-03,7
8429a01ffffffff-2014-04,6
8429a01ffffffff-2014-06,1
8429a01ffffffff-2014-08,30
8429a01ffffffff-2014-09,8
8429a01ffffffff-2014-10,4
8429a01ffffffff-2014-11,2
8429a01ffffffff-2014-12,2
8429a01ffffffff-2015-02,5
8429a01ffffffff-2015-03,8
8429a01ffffffff-2015-04,8
8429a01ffffffff-2015-07,2
8429a01ffffffff-2015-08,12
8429a01ffffffff-2015-09,25
8429a01ffffffff-2015-10,5
8429a01ffffffff-2015-11,5
8429a01ffffffff-2015-12,3
8429a01ffffffff-2016-03,4
8429a01ffffffff-2016-04,7
8429a01ffffffff-2016-05,2
8429a01ffffffff-2016-07,3
8429a01ffffffff-2016-08,23
8429a01ffffffff-2016-09,44
8429a01ffffffff-2016-10,27
8429a01ffffffff-2016-11,1
8429a01ffffffff-2017-04,9
8429a01ffffffff-2017-07,4
8429a01ffffffff-2017-08,13
8429a01ffffffff-2017-09,20
8429a01ffffffff-2017-10,22
8429a01ffffffff-2017-11,1
8429a01ffffffff-2017-12,2
8429a01ffffffff-2018-02,1
8429a01ffffffff-2018-03,5
8429a01ffffffff-2018-04,1
8429a01ffffffff-2018-05,1
8429a01ffffffff-2018-07,2
8429a01ffffffff-2018-08,11
8429a01ffffffff-2018-09,16
8429a01ffffffff-2018-10,8
8429a01ffffffff-2018-11,9
8429a01ffffffff-2019-02,3
8429a01ffffffff-2019-03,6
8429a01ffffffff-2019-04,1
8429a01ffffffff-2019-05,3
8429a01ffffffff-2019-07,5
8429a01ffffffff-2019-08,4
8429a01ffffffff-2019-09,27
8429a01ffffffff-2019-10,7
8429a01ffffffff-2019-11,8
8429a01ffffffff-2019-12,3
8429a01ffffffff-2020-01,12
8429a01ffffffff-2020-02,21
8429a01ffffffff-2020-03,1
8429a01ffffffff-2020-04,1
8429a01ffffffff-2020-06,2
8429a01ffffffff-2020-07,1
8429a01ffffffff-2020-08,10
8429a01ffffffff-2020-09,10
8429a01ffffffff-2020-10,11
8429a01ffffffff-2020-11,1
8429a01ffffffff-2020-12,1
8429a01ffffffff-2021-01,2
8429a01ffffffff-2021-03,5
8429a01ffffffff-2021-04,10
8429a01ffffffff-2021-08,12
8429a01ffffffff-2021-09,13
8429a01ffffffff-2021-10,9
8429a01ffffffff-2021-11,2
8429a01ffffffff-2021-12,1
8429a01ffffffff-2022-02,2
8429a01ffffffff-2022-04,2
8429a01ffffffff-2022-07,1
8429a01ffffffff-2022-08,13
8429a01ffffffff-2022-09,16
8429a01ffffffff-2022-10,12
8429a01ffffffff-2022-12,4
8429a01ffffffff-2023-01,8
8429a01ffffffff-2023-02,7
8429a01ffffffff-2023-03,9
8429a01ffffffff-2023-04,14
8429a01ffffffff-2023-07,1
8429a01ffffffff-2023-08,21
8429a01ffffffff-2023-09,38
8429a01ffffffff-2023-10,26
8429a01ffffffff-2023-11,17
8429a03ffffffff-2013-09,1
8429a03ffffffff-2015-08,2
8429a03ffffffff-2016-01,1
8429a03ffffffff-2017-10,3
8429a03ffffffff-2019-09,2
8429a03ffffffff-2021-07,3
8429a03ffffffff-2022-10,2
8429a03ffffffff-2022-11,1
8429a07ffffffff-2013-07,1
8429a07ffffffff-2015-07,1
8429a07ffffffff-2016-08,1
8429a07ffffffff-2019-08,1
8429a07ffffffff-2021-07,2
8429a07ffffffff-2022-08,4
8429a07ffffffff-2022-09,2
8429a09ffffffff-2012-11,4
8429a09ffffffff-2012-12,2
8429a09ffffffff-2013-08,9
8429a09ffffffff-2013-09,7
8429a09ffffffff-2013-12,2
8429a09ffffffff-2014-07,1
8429a09ffffffff-2014-08,1
8429a09ffffffff-2014-09,4
8429a09ffffffff-2014-11,1
8429a09ffffffff-2015-08,7
8429a09ffffffff-2016-08,4
8429a09ffffffff-2016-10,2
8429a09ffffffff-2017-11,1
8429a09ffffffff-2018-02,3
8429a09ffffffff-2018-07,2
8429a09ffffffff-2019-01,2
8429a09ffffffff-2019-08,3
8429a09ffffffff-2019-09,3
8429a09ffffffff-2019-10,1
8429a09ffffffff-2020-03,1
8429a09ffffffff-2020-05,3
8429a09ffffffff-2020-07,6
8429a09ffffffff-2020-08,11
8429a09ffffffff-2020-09,4
8429a09ffffffff-2020-10,2
8429a09ffffffff-2021-08,4
8429a09ffffffff-2021-09,3
8429a09ffffffff-2022-07,2
8429a09ffffffff-2022-08,2
8429a09ffffffff-2022-09,1
8429a09ffffffff-2022-10,5
8429a09ffffffff-2022-11,1
8429a09ffffffff-2023-01,2
8429a09ffffffff-2023-08,7
8429a09ffffffff-2023-09,3
8429a09ffffffff-2023-10,2
8429a09ffffffff-2023-11,1
8429a0bffffffff-2012-01,1
8429a0bffffffff-2012-04,1
8429a0bffffffff-2012-07,1
8429a0bffffffff-2012-08,5
8429a0bffffffff-2012-09,2
8429a0bffffffff-2012-10,2
8429a0bffffffff-2012-11,5
8429a0bffffffff-2013-04,5
8429a0bffffffff-2013-07,2
8429a0bffffffff-2013-08,32
8429a0bffffffff-2013-09,36
8429a0bffffffff-2013-10,1
8429a0bffffffff-2013-12,4
8429a0bffffffff-2014-01,5
8429a0bffffffff-2014-02,2
8429a0bffffffff-2014-03,2
8429a0bffffffff-2014-07,9
8429a0bffffffff-2014-08,5
8429a0bffffffff-2014-09,9
8429a0bffffffff-2014-10,5
8429a0bffffffff-2014-11,2
8429a0bffffffff-2014-12,1
8429a0bffffffff-2015-01,1
8429a0bffffffff-2015-02,8
8429a0bffffffff-2015-03,1
8429a0bffffffff-2015-04,3
8429a0bffffffff-2015-07,3
8429a0bffffffff-2015-08,15
8429a0bffffffff-2015-09,1
8429a0bffffffff-2015-10,2
8429a0bffffffff-2015-11,1
8429a0bffffffff-2015-12,4
8429a0bffffffff-2016-01,18
8429a0bffffffff-2016-02,1
8429a0bffffffff-2016-03,1
8429a0bffffffff-2016-04,1
8429a0bffffffff-2016-07,1
8429a0bffffffff-2016-08,11
8429a0bffffffff-2016-09,2
8429a0bffffffff-2016-10,4
8429a0bffffffff-2016-11,6
8429a0bffffffff-2016-12,4
8429a0bffffffff-2017-01,2
8429a0bffffffff-2017-02,7
8429a0bffffffff-2017-03,2
8429a0bffffffff-2017-05,1
8429a0bffffffff-2017-08,42
8429a0bffffffff-2017-09,11
8429a0bffffffff-2017-10,3
8429a0bffffffff-2018-01,3
8429a0bffffffff-2018-02,6
8429a0bffffffff-2018-03,3
8429a0bffffffff-2018-07,19
8429a0bffffffff-2018-08,82
8429a0bffffffff-2018-09,26
8429a0bffffffff-2018-10,2
8429a0bffffffff-2018-11,3
8429a0bffffffff-2018-12,2
8429a0bffffffff-2019-01,1
8429a0bffffffff-2019-02,1
8429a0bffffffff-2019-07,9
8429a0bffffffff-2019-08,46
8429a0bffffffff-2019-09,42
8429a0bffffffff-2019-10,7
8429a0bffffffff-2019-11,2
8429a0bffffffff-2019-12,4
8429a0bffffffff-2020-01,3
8429a0bffffffff-2020-02,3
8429a0bffffffff-2020-03,3
8429a0bffffffff-2020-04,8
8429a0bffffffff-2020-07,28
8429a0bffffffff-2020-08,52
8429a0bffffffff-2020-09,23
8429a0bffffffff-2020-10,2
8429a0bffffffff-2020-11,6
8429a0bffffffff-2020-12,13
8429a0bffffffff-2021-01,2
8429a0bffffffff-2021-02,3
8429a0bffffffff-2021-04,7
8429a0bffffffff-2021-07,2
8429a0bffffffff-2021-08,30
8429a0bffffffff-2021-09,72
8429a0bffffffff-2021-10,1
8429a0bffffffff-2021-12,1
8429a0bffffffff-2022-01,9
8429a0bffffffff-2022-02,12
8429a0bffffffff-2022-03,1
8429a0bffffffff-2022-04,2
8429a0bffffffff-2022-07,10
8429a0bffffffff-2022-08,5
8429a0bffffffff-2022-10,2
8429a0bffffffff-2022-11,4
8429a0bffffffff-2022-12,9
8429a0bffffffff-2023-01,8
8429a0bffffffff-2023-02,5
8429a0bffffffff-2023-03,3
8429a0bffffffff-2023-04,2
8429a0bffffffff-2023-08,26
8429a0bffffffff-2023-09,5
8429a0bffffffff-2023-10,3
8429a0bffffffff-2023-11,9
8429a0dffffffff-2016-08,2
8429a0dffffffff-2016-10,1
8429a0dffffffff-2017-09,1
8429a0dffffffff-2018-07,1
8429a0dffffffff-2021-07,1
8429a0dffffffff-2022-08,1
8429a0dffffffff-2022-09,1
8429a0dffffffff-2022-10,1
8429a0dffffffff-2023-09,2
8429a11ffffffff-2018-08,1
8429a11ffffffff-2019-02,1
8429a11ffffffff-2021-07,1
8429a11ffffffff-2022-04,1
8429a15ffffffff-2012-04,1
8429a15ffffffff-2017-04,2
8429a15ffffffff-2023-10,2
8429a17ffffffff-2012-04,5
8429a17ffffffff-2013-02,4
8429a17ffffffff-2013-04,22
8429a17ffffffff-2013-05,16
8429a17ffffffff-2013-06,1
8429a17ffffffff-2013-07,8
8429a17ffffffff-2013-08,22
8429a17ffffffff-2013-09,39
8429a17ffffffff-2013-10,2
8429a17ffffffff-2014-02,4
8429a17ffffffff-2014-04,4
8429a17ffffffff-2014-07,20
8429a17ffffffff-2014-08,39
8429a17ffffffff-2014-09,48
8429a17ffffffff-2015-03,2
8429a17ffffffff-2015-04,21
8429a17ffffffff-2015-05,3
8429a17ffffffff-2015-06,4
8429a17ffffffff-2015-07,24
8429a17ffffffff-2015-08,68
8429a17ffffffff-2015-09,67
8429a17ffffffff-2015-10,1
8429a17ffffffff-2016-02,1
8429a17ffffffff-2016-03,4
8429a17ffffffff-2016-04,10
8429a17ffffffff-2016-07,15
8429a17ffffffff-2016-08,41
8429a17ffffffff-2016-09,22
8429a17ffffffff-2016-10,3
8429a17ffffffff-2017-02,2
8429a17ffffffff-2017-03,2
8429a17ffffffff-2017-04,24
8429a17ffffffff-2017-05,17
8429a17ffffffff-2017-07,15
8429a17ffffffff-2017-08,30
8429a17ffffffff-2017-09,48
8429a17ffffffff-2018-02,4
8429a17ffffffff-2018-03,10
8429a17ffffffff-2018-04,13
8429a17ffffffff-2018-07,12
8429a17ffffffff-2018-08,35
8429a17ffffffff-2018-09,5
8429a17ffffffff-2018-11,2
8429a17ffffffff-2019-01,1
8429a17ffffffff-2019-02,1
8429a17ffffffff-2019-04,4
8429a17ffffffff-2019-07,11
8429a17ffffffff-2019-08,20
8429a17ffffffff-2019-09,22
8429a17ffffffff-2019-10,4
8429a17ffffffff-2019-11,6
8429a17ffffffff-2019-12,3
8429a17ffffffff-2020-02,1
8429a17ffffffff-2020-03,3
8429a17ffffffff-2020-07,3
8429a17ffffffff-2020-08,4
8429a17ffffffff-2020-09,7
8429a17ffffffff-2020-10,1
8429a17ffffffff-2020-12,2
8429a17ffffffff-2021-02,1
8429a17ffffffff-2021-03,11
8429a17ffffffff-2021-04,20
8429a17ffffffff-2021-05,2
8429a17ffffffff-2021-07,14
8429a17ffffffff-2021-08,28
8429a17ffffffff-2021-09,12
8429a17ffffffff-2021-10,19
8429a17ffffffff-2022-01,3
8429a17ffffffff-2022-05,2
8429a17ffffffff-2022-08,18
8429a17ffffffff-2022-09,30
8429a17ffffffff-2022-10,1
8429a17ffffffff-2022-11,3
8429a17ffffffff-2023-01,2
8429a17ffffffff-2023-03,8
8429a17ffffffff-2023-04,14
8429a17ffffffff-2023-05,1
8429a17ffffffff-2023-07,13
8429a17ffffffff-2023-08,6
8429a17ffffffff-2023-09,20
8429a17ffffffff-2023-10,3
8429a17ffffffff-2023-11,2
8429a19ffffffff-2012-07,1
8429a19ffffffff-2012-08,2
8429a19ffffffff-2012-09,2
8429a19ffffffff-2012-10,2
8429a19ffffffff-2013-02,1
8429a19ffffffff-2013-04,6
8429a19ffffffff-2013-07,1
8429a19ffffffff-2013-09,3
8429a19ffffffff-2013-11,1
8429a19ffffffff-2013-12,2
8429a19ffffffff-2014-05,4
8429a19ffffffff-2014-07,2
8429a19ffffffff-2014-11,1
8429a19ffffffff-2014-12,2
8429a19ffffffff-2015-01,2
8429a19ffffffff-2015-02,3
8429a19ffffffff-2015-03,1
8429a19ffffffff-2015-08,1
8429a19ffffffff-2015-09,6
8429a19ffffffff-2015-10,1
8429a19ffffffff-2015-12,2
8429a19ffffffff-2016-03,2
8429a19ffffffff-2016-08,1
8429a19ffffffff-2016-09,1
8429a19ffffffff-2017-02,4
8429a19ffffffff-2017-03,1
8429a19ffffffff-2017-08,3
8429a19ffffffff-2017-09,6
8429a19ffffffff-2017-10,5
8429a19ffffffff-2018-03,1
8429a19ffffffff-2018-07,1
8429a19ffffffff-2018-09,2
8429a19ffffffff-2018-10,1
8429a19ffffffff-2019-01,2
8429a19ffffffff-2019-02,1
8429a19ffffffff-2019-03,1
8429a19ffffffff-2019-04,2
8429a19ffffffff-2019-08,2
8429a19ffffffff-2019-09,6
8429a19ffffffff-2019-10,1
8429a19ffffffff-2019-12,1
8429a19ffffffff-2020-01,1
8429a19ffffffff-2020-02,1
8429a19ffffffff-2020-03,1
8429a19ffffffff-2020-04,2
8429a19ffffffff-2020-05,1
8429a19ffffffff-2020-07,1
8429a19ffffffff-2020-08,9
8429a19ffffffff-2020-09,3
8429a19ffffffff-2020-10,3
8429a19ffffffff-2021-03,3
8429a19ffffffff-2021-04,2
8429a19ffffffff-2021-05,1
8429a19ffffffff-2021-08,12
8429a19ffffffff-2021-09,4
8429a19ffffffff-2021-10,1
8429a19ffffffff-2022-02,1
8429a19ffffffff-2022-03,2
8429a19ffffffff-2022-04,3
8429a19ffffffff-2022-05,1
8429a19ffffffff-2022-07,3
8429a19ffffffff-2022-08,2
8429a19ffffffff-2022-12,1
8429a19ffffffff-2023-01,3
8429a19ffffffff-2023-07,1
8429a19ffffffff-2023-08,2
8429a19ffffffff-2023-09,16
8429a19ffffffff-2023-10,1
8429a19ffffffff-2023-11,1
8429a1bffffffff-2012-03,1
8429a1bffffffff-2013-02,7
8429a1bffffffff-2013-04,1
8429a1bffffffff-2013-08,2
8429a1bffffffff-2013-11,2
8429a1bffffffff-2014-01,1
8429a1bffffffff-2014-02,2
8429a1bffffffff-2014-03,1
8429a1bffffffff-2014-04,1
8429a1bffffffff-2014-07,1
8429a1bffffffff-2014-10,1
8429a1bffffffff-2014-11,7
8429a1bffffffff-2014-12,1
8429a1bffffffff-2015-01,1
8429a1bffffffff-2015-03,2
8429a1bffffffff-2015-11,2
8429a1bffffffff-2016-04,1
8429a1bffffffff-2016-11,1
8429a1bffffffff-2018-01,1
8429a1bffffffff-2018-02,1
8429a1bffffffff-2018-03,4
8429a1bffffffff-2018-04,1
8429a1bffffffff-2018-05,1
8429a1bffffffff-2018-09,5
8429a1bffffffff-2018-11,1
8429a1bffffffff-2020-02,1
8429a1bffffffff-2021-01,1
8429a1bffffffff-2023-08,49
8429a1bffffffff-2023-09,64
8429a1bffffffff-2023-10,1
8429a1dffffffff-2012-04,2
8429a1dffffffff-2013-01,1
8429a1dffffffff-2013-04,3
8429a1dffffffff-2013-08,7
8429a1dffffffff-2013-09,6
8429a1dffffffff-2013-11,1
8429a1dffffffff-2014-04,1
8429a1dffffffff-2014-08,3
8429a1dffffffff-2014-09,13
8429a1dffffffff-2014-10,3
8429a1dffffffff-2015-01,2
8429a1dffffffff-2015-02,3
8429a1dffffffff-2015-04,2
8429a1dffffffff-2015-06,2
8429a1dffffffff-2015-07,2
8429a1dffffffff-2015-08,5
8429a1dffffffff-2015-09,2
8429a1dffffffff-2016-02,32
8429a1dffffffff-2016-03,3
8429a1dffffffff-2016-07,3
8429a1dffffffff-2016-08,20
8429a1dffffffff-2016-09,32
8429a1dffffffff-2016-10,1
8429a1dffffffff-2017-02,1
8429a1dffffffff-2017-04,1
8429a1dffffffff-2017-08,11
8429a1dffffffff-2017-09,2
8429a1dffffffff-2017-11,1
8429a1dffffffff-2018-01,2
8429a1dffffffff-2018-02,1
8429a1dffffffff-2018-03,1
8429a1dffffffff-2018-04,1
8429a1dffffffff-2018-07,3
8429a1dffffffff-2018-08,19
8429a1dffffffff-2018-09,10
8429a1dffffffff-2018-11,2
8429a1dffffffff-2019-07,1
8429a1dffffffff-2019-08,2
8429a1dffffffff-2019-09,14
8429a1dffffffff-2020-02,1
8429a1dffffffff-2020-04,2
8429a1dffffffff-2020-08,19
8429a1dffffffff-2020-09,21
8429a1dffffffff-2020-12,1
8429a1dffffffff-2021-01,4
8429a1dffffffff-2021-02,7
8429a1dffffffff-2021-03,6
8429a1dffffffff-2021-04,6
8429a1dffffffff-2021-05,2
8429a1dffffffff-2021-08,36
8429a1dffffffff-2021-09,22
8429a1dffffffff-2021-10,2
8429a1dffffffff-2021-11,1
8429a1dffffffff-2021-12,2
8429a1dffffffff-2022-02,2
8429a1dffffffff-2022-03,4
8429a1dffffffff-2022-08,23
8429a1dffffffff-2022-09,10
8429a1dffffffff-2022-10,5
8429a1dffffffff-2022-11,2
8429a1dffffffff-2023-01,1
8429a1dffffffff-2023-02,2
8429a1dffffffff-2023-03,1
8429a1dffffffff-2023-09,1
8429a1dffffffff-2023-10,2
8429a29ffffffff-2023-08,1
8429a29ffffffff-2023-09,5
8429a31ffffffff-2012-08,1
8429a31ffffffff-2013-07,4
8429a31ffffffff-2013-08,5
8429a31ffffffff-2016-04,2
8429a31ffffffff-2016-07,2
8429a31ffffffff-2016-08,1
8429a31ffffffff-2018-03,1
8429a31ffffffff-2018-04,1
8429a31ffffffff-2018-07,3
8429a31ffffffff-2018-09,2
8429a31ffffffff-2019-04,1
8429a31ffffffff-2019-08,1
8429a31ffffffff-2020-04,1
8429a31ffffffff-2021-04,1
8429a31ffffffff-2023-04,2
8429a33ffffffff-2018-04,1
8429a33ffffffff-2023-04,1
8429a33ffffffff-2023-08,1
8429a33ffffffff-2023-09,1
8429a35ffffffff-2022-04,1
8429a35ffffffff-2023-07,1
8429a3bffffffff-2012-04,1
8429a3bffffffff-2014-04,1
8429a3bffffffff-2015-05,1
8429a3bffffffff-2015-07,1
8429a3bffffffff-2015-09,15
8429a3bffffffff-2016-04,4
8429a3bffffffff-2016-05,1
8429a3bffffffff-2016-08,23
8429a3bffffffff-2016-09,10
8429a3bffffffff-2017-04,2
8429a3bffffffff-2017-08,7
8429a3bffffffff-2017-09,3
8429a3bffffffff-2018-04,5
8429a3bffffffff-2018-07,5
8429a3bffffffff-2018-08,6
8429a3bffffffff-2018-09,3
8429a3bffffffff-2019-04,1
8429a3bffffffff-2019-09,4
8429a3bffffffff-2020-03,1
8429a3bffffffff-2020-04,1
8429a3bffffffff-2022-09,2
8429a3bffffffff-2023-08,1
8429a3dffffffff-2012-04,5
8429a3dffffffff-2012-08,1
8429a3dffffffff-2012-09,3
8429a3dffffffff-2013-05,2
8429a3dffffffff-2013-07,4
8429a3dffffffff-2014-05,2
8429a3dffffffff-2014-08,3
8429a3dffffffff-2014-09,1
8429a3dffffffff-2015-04,7
8429a3dffffffff-2015-05,2
8429a3dffffffff-2016-08,2
8429a3dffffffff-2017-08,2
8429a3dffffffff-2018-04,1
8429a3dffffffff-2018-05,1
8429a3dffffffff-2022-09,2
8429a41ffffffff-2012-03,1
8429a41ffffffff-2012-08,2
8429a41ffffffff-2012-09,8
8429a41ffffffff-2013-11,1
8429a41ffffffff-2014-04,1
8429a41ffffffff-2014-07,2
8429a41ffffffff-2014-08,1
8429a41ffffffff-2014-11,2
8429a41ffffffff-2014-12,1
8429a41ffffffff-2015-04,3
8429a41ffffffff-2015-08,1
8429a41ffffffff-2015-10,1
8429a41ffffffff-2016-04,2
8429a41ffffffff-2016-07,22
8429a41ffffffff-2016-08,14
8429a41ffffffff-2016-09,1
8429a41ffffffff-2016-11,1
8429a41ffffffff-2017-08,46
8429a41ffffffff-2018-01,1
8429a41ffffffff-2018-07,5
8429a41ffffffff-2018-08,7
8429a41ffffffff-2018-09,3
8429a41ffffffff-2019-08,15
8429a41ffffffff-2019-09,14
8429a41ffffffff-2020-06,10
8429a41ffffffff-2020-07,11
8429a41ffffffff-2020-08,86
8429a41ffffffff-2020-09,15
8429a41ffffffff-2021-04,2
8429a41ffffffff-2021-08,3
8429a41ffffffff-2021-09,4
8429a41ffffffff-2022-04,1
8429a41ffffffff-2022-09,14
8429a41ffffffff-2022-10,2
8429a41ffffffff-2023-07,51
8429a41ffffffff-2023-08,50
8429a41ffffffff-2023-09,133
8429a41ffffffff-2023-10,1
8429a43ffffffff-2013-08,1
8429a43ffffffff-2014-08,16
8429a43ffffffff-2014-09,6
8429a43ffffffff-2015-08,2
8429a43ffffffff-2016-04,1
8429a43ffffffff-2016-08,3
8429a43ffffffff-2020-08,2
8429a43ffffffff-2020-09,1
8429a43ffffffff-2021-04,3
8429a45ffffffff-2015-10,1
8429a45ffffffff-2021-09,1
8429a47ffffffff-2013-10,1
8429a47ffffffff-2018-06,2
8429a47ffffffff-2018-09,1
8429a47ffffffff-2021-04,3
8429a47ffffffff-2021-05,1
8429a47ffffffff-2022-08,1
8429a47ffffffff-2022-09,1
8429a47ffffffff-2023-08,4
8429a4dffffffff-2012-07,1
8429a4dffffffff-2012-08,4
8429a4dffffffff-2013-02,2
8429a4dffffffff-2013-03,1
8429a4dffffffff-2013-04,1
8429a4dffffffff-2013-07,9
8429a4dffffffff-2014-03,1
8429a4dffffffff-2014-04,2
8429a4dffffffff-2014-08,1
8429a4dffffffff-2014-09,2
8429a4dffffffff-2014-10,4
8429a4dffffffff-2015-03,1
8429a4dffffffff-2015-09,1
8429a4dffffffff-2016-02,2
8429a4dffffffff-2016-03,3
8429a4dffffffff-2016-07,1
8429a4dffffffff-2016-08,8
8429a4dffffffff-2016-09,5
8429a4dffffffff-2016-10,3
8429a4dffffffff-2016-12,2
8429a4dffffffff-2018-03,3
8429a4dffffffff-2018-07,10
8429a4dffffffff-2018-08,8
8429a4dffffffff-2018-09,3
8429a4dffffffff-2018-12,1
8429a4dffffffff-2019-02,21
8429a4dffffffff-2019-03,35
8429a4dffffffff-2019-08,5
8429a4dffffffff-2019-10,2
8429a4dffffffff-2019-11,16
8429a4dffffffff-2019-12,1
8429a4dffffffff-2020-02,4
8429a4dffffffff-2020-12,1
8429a4dffffffff-2021-02,3
8429a4dffffffff-2021-03,8
8429a4dffffffff-2021-07,1
8429a4dffffffff-2021-08,14
8429a4dffffffff-2021-09,14
8429a4dffffffff-2021-12,1
8429a4dffffffff-2022-02,15
8429a4dffffffff-2022-03,5
8429a4dffffffff-2022-08,18
8429a4dffffffff-2022-09,15
8429a4dffffffff-2022-12,7
8429a4dffffffff-2023-01,12
8429a4dffffffff-2023-02,13
8429a4dffffffff-2023-04,5
8429a4dffffffff-2023-08,18
8429a4dffffffff-2023-09,6
8429a4dffffffff-2023-10,2
8429a55ffffffff-2012-01,4
8429a55ffffffff-2012-02,4
8429a55ffffffff-2012-03,1
8429a55ffffffff-2012-04,2
8429a55ffffffff-2012-06,2
8429a55ffffffff-2012-07,2
8429a55ffffffff-2012-08,7
8429a55ffffffff-2012-09,4
8429a55ffffffff-2012-10,3
8429a55ffffffff-2012-11,1
8429a55ffffffff-2012-12,8
8429a55ffffffff-2013-01,5
8429a55ffffffff-2013-02,2
8429a55ffffffff-2013-03,4
8429a55ffffffff-2013-05,2
8429a55ffffffff-2013-07,8
8429a55ffffffff-2013-08,25
8429a55ffffffff-2013-09,6
8429a55ffffffff-2013-11,3
8429a55ffffffff-2013-12,7
8429a55ffffffff-2014-01,7
8429a55ffffffff-2014-03,1
8429a55ffffffff-2014-04,2
8429a55ffffffff-2014-05,1
8429a55ffffffff-2014-07,5
8429a55ffffffff-2014-08,21
8429a55ffffffff-2014-09,45
8429a55ffffffff-2014-10,7
8429a55ffffffff-2014-11,10
8429a55ffffffff-2014-12,2
8429a55ffffffff-2015-01,1
8429a55ffffffff-2015-02,3
8429a55ffffffff-2015-03,1
8429a55ffffffff-2015-04,1
8429a55ffffffff-2015-07,9
8429a55ffffffff-2015-08,11
8429a55ffffffff-2015-09,11
8429a55ffffffff-2015-10,2
8429a55ffffffff-2015-11,7
8429a55ffffffff-2015-12,3
8429a55ffffffff-2016-01,1
8429a55ffffffff-2016-02,4
8429a55ffffffff-2016-04,1
8429a55ffffffff-2016-05,1
8429a55ffffffff-2016-06,8
8429a55ffffffff-2016-07,23
8429a55ffffffff-2016-08,9
8429a55ffffffff-2016-09,5
8429a55ffffffff-2016-10,2
8429a55ffffffff-2016-11,1
8429a55ffffffff-2016-12,5
8429a55ffffffff-2017-01,4
8429a55ffffffff-2017-02,2
8429a55ffffffff-2017-03,4
8429a55ffffffff-2017-04,3
8429a55ffffffff-2017-05,3
8429a55ffffffff-2017-06,1
8429a55ffffffff-2017-07,22
8429a55ffffffff-2017-08,68
8429a55ffffffff-2017-09,4
8429a55ffffffff-2017-10,1
8429a55ffffffff-2017-12,4
8429a55ffffffff-2018-01,2
8429a55ffffffff-2018-02,2
8429a55ffffffff-2018-03,1
8429a55ffffffff-2018-06,1
8429a55ffffffff-2018-07,38
8429a55ffffffff-2018-08,68
8429a55ffffffff-2018-09,28
8429a55ffffffff-2018-10,5
8429a55ffffffff-2018-11,1
8429a55ffffffff-2018-12,26
8429a55ffffffff-2019-01,21
8429a55ffffffff-2019-02,1
8429a55ffffffff-2019-03,4
8429a55ffffffff-2019-04,4
8429a55ffffffff-2019-07,9
8429a55ffffffff-2019-08,139
8429a55ffffffff-2019-09,146
8429a55ffffffff-2019-10,10
8429a55ffffffff-2019-11,4
8429a55ffffffff-2019-12,5
8429a55ffffffff-2020-01,3
8429a55ffffffff-2020-02,6
8429a55ffffffff-2020-03,9
8429a55ffffffff-2020-04,6
8429a55ffffffff-2020-07,11
8429a55ffffffff-2020-08,62
8429a55ffffffff-2020-09,4
8429a55ffffffff-2020-10,9
8429a55ffffffff-2020-11,6
8429a55ffffffff-2020-12,8
8429a55ffffffff-2021-01,7
8429a55ffffffff-2021-02,9
8429a55ffffffff-2021-03,21
8429a55ffffffff-2021-04,61
8429a55ffffffff-2021-05,1
8429a55ffffffff-2021-06,5
8429a55ffffffff-2021-08,15
8429a55ffffffff-2021-09,10
8429a55ffffffff-2021-10,5
8429a55ffffffff-2021-11,9
8429a55ffffffff-2021-12,7
8429a55ffffffff-2022-01,9
8429a55ffffffff-2022-02,18
8429a55ffffffff-2022-03,4
8429a55ffffffff-2022-04,3
8429a55ffffffff-2022-05,12
8429a55ffffffff-2022-06,2
8429a55ffffffff-2022-07,9
8429a55ffffffff-2022-08,49
8429a55ffffffff-2022-09,28
8429a55ffffffff-2022-10,21
8429a55ffffffff-2022-11,2
8429a55ffffffff-2022-12,26
8429a55ffffffff-2023-01,31
8429a55ffffffff-2023-02,9
8429a55ffffffff-2023-03,5
8429a55ffffffff-2023-04,13
8429a55ffffffff-2023-07,10
8429a55ffffffff-2023-08,105
8429a55ffffffff-2023-09,136
8429a55ffffffff-2023-10,18
8429a55ffffffff-2023-11,20
8429a57ffffffff-2012-01,4
8429a57ffffffff-2012-02,2
8429a57ffffffff-2012-03,2
8429a57ffffffff-2012-05,1
8429a57ffffffff-2012-06,1
8429a57ffffffff-2012-07,27
8429a57ffffffff-2012-08,104
8429a57ffffffff-2012-09,24
8429a57ffffffff-2012-10,4
8429a57ffffffff-2012-11,4
8429a57ffffffff-2012-12,4
8429a57ffffffff-2013-01,2
8429a57ffffffff-2013-02,3
8429a57ffffffff-2013-03,6
8429a57ffffffff-2013-05,3
8429a57ffffffff-2013-06,4
8429a57ffffffff-2013-07,24
8429a57ffffffff-2013-08,66
8429a57ffffffff-2013-09,34
8429a57ffffffff-2013-10,14
8429a57ffffffff-2013-11,6
8429a57ffffffff-2013-12,8
8429a57ffffffff-2014-01,17
8429a57ffffffff-2014-02,29
8429a57ffffffff-2014-03,6
8429a57ffffffff-2014-04,5
8429a57ffffffff-2014-05,17
8429a57ffffffff-2014-07,28
8429a57ffffffff-2014-08,88
8429a57ffffffff-2014-09,73
8429a57ffffffff-2014-10,6
8429a57ffffffff-2014-11,5
8429a57ffffffff-2014-12,4
8429a57ffffffff-2015-01,11
8429a57ffffffff-2015-02,9
8429a57ffffffff-2015-03,10
8429a57ffffffff-2015-04,7
8429a57ffffffff-2015-05,6
8429a57ffffffff-2015-06,9
8429a57ffffffff-2015-07,31
8429a57ffffffff-2015-08,44
8429a57ffffffff-2015-09,27
8429a57ffffffff-2015-10,16
8429a57ffffffff-2015-11,10
8429a57ffffffff-2015-12,16
8429a57ffffffff-2016-01,17
8429a57ffffffff-2016-02,5
8429a57ffffffff-2016-03,15
8429a57ffffffff-2016-04,20
8429a57ffffffff-2016-05,6
8429a57ffffffff-2016-06,10
8429a57ffffffff-2016-07,45
8429a57ffffffff-2016-08,85
8429a57ffffffff-2016-09,67
8429a57ffffffff-2016-10,23
8429a57ffffffff-2016-11,36
8429a57ffffffff-2016-12,27
8429a57ffffffff-2017-01,30
8429a57ffffffff-2017-02,7
8429a57ffffffff-2017-03,7
8429a57ffffffff-2017-04,6
8429a57ffffffff-2017-05,3
8429a57ffffffff-2017-07,23
8429a57ffffffff-2017-08,91
8429a57ffffffff-2017-09,36
8429a57ffffffff-2017-10,22
8429a57ffffffff-2017-11,13
8429a57ffffffff-2017-12,13
8429a57ffffffff-2018-01,21
8429a57ffffffff-2018-02,10
8429a57ffffffff-2018-03,10
8429a57ffffffff-2018-04,4
8429a57ffffffff-2018-05,1
8429a57ffffffff-2018-06,6
8429a57ffffffff-2018-07,34
8429a57ffffffff-2018-08,61
8429a57ffffffff-2018-09,56
8429a57ffffffff-2018-10,18
8429a57ffffffff-2018-11,9
8429a57ffffffff-2018-12,31
8429a57ffffffff-2019-01,6
8429a57ffffffff-2019-02,15
8429a57ffffffff-2019-03,3
8429a57ffffffff-2019-04,2
8429a57ffffffff-2019-05,1
8429a57ffffffff-2019-06,3
8429a57ffffffff-2019-07,9
8429a57ffffffff-2019-08,26
8429a57ffffffff-2019-09,66
8429a57ffffffff-2019-10,19
8429a57ffffffff-2019-11,11
8429a57ffffffff-2019-12,15
8429a57ffffffff-2020-01,9
8429a57ffffffff-2020-02,27
8429a57ffffffff-2020-03,5
8429a57ffffffff-2020-04,6
8429a57ffffffff-2020-06,6
8429a57ffffffff-2020-07,62
8429a57ffffffff-2020-08,133
8429a57ffffffff-2020-09,56
8429a57ffffffff-2020-10,44
8429a57ffffffff-2020-11,54
8429a57ffffffff-2020-12,14
8429a57ffffffff-2021-01,8
8429a57ffffffff-2021-02,6
8429a57ffffffff-2021-03,8
8429a57ffffffff-2021-04,21
8429a57ffffffff-2021-06,6
8429a57ffffffff-2021-07,29
8429a57ffffffff-2021-08,101
8429a57ffffffff-2021-09,118
8429a57ffffffff-2021-10,42
8429a57ffffffff-2021-11,46
8429a57ffffffff-2021-12,14
8429a57ffffffff-2022-01,37
8429a57ffffffff-2022-02,7
8429a57ffffffff-2022-03,23
8429a57ffffffff-2022-04,23
8429a57ffffffff-2022-06,6
8429a57ffffffff-2022-07,54
8429a57ffffffff-2022-08,106
8429a57ffffffff-2022-09,62
8429a57ffffffff-2022-10,47
8429a57ffffffff-2022-11,37
8429a57ffffffff-2022-12,20
8429a57ffffffff-2023-01,13
8429a57ffffffff-2023-02,15
8429a57ffffffff-2023-03,11
8429a57ffffffff-2023-04,30
8429a57ffffffff-2023-05,1
8429a57ffffffff-2023-06,1
8429a57ffffffff-2023-07,25
8429a57ffffffff-2023-08,121
8429a57ffffffff-2023-09,116
8429a57ffffffff-2023-10,41
8429a57ffffffff-2023-11,15
8429a59ffffffff-2016-08,5
8429a59ffffffff-2017-08,2
8429a59ffffffff-2017-09,6
8429a59ffffffff-2018-08,3
8429a59ffffffff-2019-09,1
8429a59ffffffff-2021-09,15
8429a61ffffffff-2012-02,1
8429a61ffffffff-2012-07,1
8429a61ffffffff-2013-08,3
8429a61ffffffff-2013-09,4
8429a61ffffffff-2013-10,3
8429a61ffffffff-2014-04,1
8429a61ffffffff-2015-01,1
8429a61ffffffff-2016-03,4
8429a61ffffffff-2016-04,2
8429a61ffffffff-2016-06,1
8429a61ffffffff-2016-11,1
8429a61ffffffff-2017-04,1
8429a61ffffffff-2017-09,1
8429a61ffffffff-2018-03,3
8429a61ffffffff-2018-08,1
8429a61ffffffff-2018-09,1
8429a61ffffffff-2018-12,2
8429a61ffffffff-2019-01,2
8429a61ffffffff-2019-04,1
8429a61ffffffff-2019-08,1
8429a61ffffffff-2019-09,1
8429a61ffffffff-2020-01,1
8429a61ffffffff-2020-08,1
8429a61ffffffff-2020-09,1
8429a61ffffffff-2020-12,1
8429a61ffffffff-2021-01,4
8429a61ffffffff-2021-02,1
8429a61ffffffff-2021-03,2
8429a61ffffffff-2021-04,2
8429a61ffffffff-2021-12,1
8429a61ffffffff-2022-09,1
8429a61ffffffff-2022-11,3
8429a61ffffffff-2023-01,8
8429a61ffffffff-2023-08,1
8429a63ffffffff-2017-08,1
8429a65ffffffff-2012-07,1
8429a65ffffffff-2015-12,1
8429a65ffffffff-2017-01,2
8429a65ffffffff-2020-03,1
8429a65ffffffff-2022-01,1
8429a65ffffffff-2022-11,1
8429a65ffffffff-2023-08,1
8429a6bffffffff-2016-09,2
8429a6dffffffff-2012-01,19
8429a6dffffffff-2012-02,8
8429a6dffffffff-2012-03,16
8429a6dffffffff-2012-04,7
8429a6dffffffff-2012-05,1
8429a6dffffffff-2012-07,7
8429a6dffffffff-2012-08,9
8429a6dffffffff-2012-09,16
8429a6dffffffff-2012-10,20
8429a6dffffffff-2012-11,9
8429a6dffffffff-2012-12,17
8429a6dffffffff-2013-01,10
8429a6dffffffff-2013-02,6
8429a6dffffffff-2013-03,8
8429a6dffffffff-2013-04,24
8429a6dffffffff-2013-05,1
8429a6dffffffff-2013-07,10
8429a6dffffffff-2013-08,7
8429a6dffffffff-2013-09,42
8429a6dffffffff-2013-10,28
8429a6dffffffff-2013-11,11
8429a6dffffffff-2013-12,10
8429a6dffffffff-2014-01,7
8429a6dffffffff-2014-02,12
8429a6dffffffff-2014-03,26
8429a6dffffffff-2014-04,14
8429a6dffffffff-2014-05,2
8429a6dffffffff-2014-07,12
8429a6dffffffff-2014-08,19
8429a6dffffffff-2014-09,13
8429a6dffffffff-2014-10,13
8429a6dffffffff-2014-11,3
8429a6dffffffff-2014-12,3
8429a6dffffffff-2015-01,14
8429a6dffffffff-2015-02,22
8429a6dffffffff-2015-03,23
8429a6dffffffff-2015-05,2
8429a6dffffffff-2015-06,1
8429a6dffffffff-2015-07,10
8429a6dffffffff-2015-08,38
8429a6dffffffff-2015-09,23
8429a6dffffffff-2015-10,2
8429a6dffffffff-2015-11,1
8429a6dffffffff-2015-12,16
8429a6dffffffff-2016-01,13
8429a6dffffffff-2016-02,11
8429a6dffffffff-2016-03,9
8429a6dffffffff-2016-06,1
8429a6dffffffff-2016-07,5
8429a6dffffffff-2016-08,15
8429a6dffffffff-2016-09,17
8429a6dffffffff-2016-10,17
8429a6dffffffff-2016-11,4
8429a6dffffffff-2016-12,8
8429a6dffffffff-2017-01,12
8429a6dffffffff-2017-02,4
8429a6dffffffff-2017-03,8
8429a6dffffffff-2017-04,5
8429a6dffffffff-2017-05,1
8429a6dffffffff-2017-06,1
8429a6dffffffff-2017-07,6
8429a6dffffffff-2017-08,14
8429a6dffffffff-2017-09,24
8429a6dffffffff-2017-10,2
8429a6dffffffff-2017-11,1
8429a6dffffffff-2017-12,46
8429a6dffffffff-2018-01,24
8429a6dffffffff-2018-02,25
8429a6dffffffff-2018-03,15
8429a6dffffffff-2018-04,2
8429a6dffffffff-2018-06,1
8429a6dffffffff-2018-07,3
8429a6dffffffff-2018-08,17
8429a6dffffffff-2018-09,13
8429a6dffffffff-2018-10,2
8429a6dffffffff-2018-11,11
8429a6dffffffff-2018-12,9
8429a6dffffffff-2019-01,17
8429a6dffffffff-2019-02,11
8429a6dffffffff-2019-03,10
8429a6dffffffff-2019-04,22
8429a6dffffffff-2019-05,2
8429a6dffffffff-2019-07,25
8429a6dffffffff-2019-08,17
8429a6dffffffff-2019-09,45
8429a6dffffffff-2019-10,10
8429a6dffffffff-2019-11,1
8429a6dffffffff-2019-12,11
8429a6dffffffff-2020-01,11
8429a6dffffffff-2020-02,14
8429a6dffffffff-2020-03,5
8429a6dffffffff-2020-04,1
8429a6dffffffff-2020-06,1
8429a6dffffffff-2020-07,11
8429a6dffffffff-2020-08,24
8429a6dffffffff-2020-09,29
8429a6dffffffff-2020-10,14
8429a6dffffffff-2020-11,6
8429a6dffffffff-2020-12,4
8429a6dffffffff-2021-01,3
8429a6dffffffff-2021-02,4
8429a6dffffffff-2021-03,14
8429a6dffffffff-2021-04,1
8429a6dffffffff-2021-07,7
8429a6dffffffff-2021-08,8
8429a6dffffffff-2021-09,41
8429a6dffffffff-2021-10,13
8429a6dffffffff-2021-11,12
8429a6dffffffff-2021-12,5
8429a6dffffffff-2022-01,17
8429a6dffffffff-2022-02,7
8429a6dffffffff-2022-03,15
8429a6dffffffff-2022-04,3
8429a6dffffffff-2022-05,5
8429a6dffffffff-2022-06,1
8429a6dffffffff-2022-07,11
8429a6dffffffff-2022-08,38
8429a6dffffffff-2022-09,47
8429a6dffffffff-2022-10,8
8429a6dffffffff-2022-11,20
8429a6dffffffff-2022-12,7
8429a6dffffffff-2023-01,21
8429a6dffffffff-2023-02,6
8429a6dffffffff-2023-03,4
8429a6dffffffff-2023-04,3
8429a6dffffffff-2023-07,13
8429a6dffffffff-2023-08,39
8429a6dffffffff-2023-09,76
8429a6dffffffff-2023-10,22
8429a6dffffffff-2023-11,5
8429a81ffffffff-2012-07,4
8429a81ffffffff-2012-08,5
8429a81ffffffff-2012-09,10
8429a81ffffffff-2012-10,4
8429a81ffffffff-2013-04,4
8429a81ffffffff-2013-07,4
8429a81ffffffff-2013-08,8
8429a81ffffffff-2013-09,8
8429a81ffffffff-2014-05,2
8429a81ffffffff-2014-07,3
8429a81ffffffff-2014-08,5
8429a81ffffffff-2014-09,5
8429a81ffffffff-2014-10,2
8429a81ffffffff-2014-11,1
8429a81ffffffff-2015-04,1
8429a81ffffffff-2015-06,8
8429a81ffffffff-2015-07,13
8429a81ffffffff-2015-08,1
8429a81ffffffff-2015-09,1
8429a81ffffffff-2015-10,1
8429a81ffffffff-2015-11,2
8429a81ffffffff-2016-03,2
8429a81ffffffff-2016-04,1
8429a81ffffffff-2016-06,1
8429a81ffffffff-2016-07,1
8429a81ffffffff-2016-08,9
8429a81ffffffff-2016-09,2
8429a81ffffffff-2016-10,3
8429a81ffffffff-2016-11,2
8429a81ffffffff-2017-04,1
8429a81ffffffff-2017-06,1
8429a81ffffffff-2017-07,1
8429a81ffffffff-2017-08,5
8429a81ffffffff-2017-11,1
8429a81ffffffff-2018-04,1
8429a81ffffffff-2018-07,1
8429a81ffffffff-2019-07,1
8429a81ffffffff-2019-08,3
8429a81ffffffff-2019-09,3
8429a81ffffffff-2020-02,3
8429a81ffffffff-2020-07,4
8429a81ffffffff-2020-08,2
8429a81ffffffff-2021-06,1
8429a81ffffffff-2021-07,5
8429a81ffffffff-2021-08,2
8429a81ffffffff-2021-10,1
8429a81ffffffff-2022-08,2
8429a81ffffffff-2023-04,1
8429a81ffffffff-2023-07,1
8429a81ffffffff-2023-08,4
8429a81ffffffff-2023-09,4
8429a83ffffffff-2013-08,2
8429a83ffffffff-2013-09,2
8429a83ffffffff-2014-08,1
8429a83ffffffff-2014-09,1
8429a83ffffffff-2015-04,1
8429a83ffffffff-2015-07,1
8429a83ffffffff-2016-07,1
8429a83ffffffff-2019-11,1
8429a83ffffffff-2023-10,4
8429a85ffffffff-2012-08,6
8429a85ffffffff-2012-09,3
8429a85ffffffff-2012-10,1
8429a85ffffffff-2013-05,1
8429a85ffffffff-2013-07,2
8429a85ffffffff-2013-08,9
8429a85ffffffff-2013-09,3
8429a85ffffffff-2014-01,1
8429a85ffffffff-2014-07,9
8429a85ffffffff-2014-08,2
8429a85ffffffff-2014-09,2
8429a85ffffffff-2015-03,1
8429a85ffffffff-2015-04,1
8429a85ffffffff-2015-07,2
8429a85ffffffff-2015-08,12
8429a85ffffffff-2015-09,7
8429a85ffffffff-2015-10,1
8429a85ffffffff-2016-04,1
8429a85ffffffff-2016-07,1
8429a85ffffffff-2016-08,4
8429a85ffffffff-2016-09,1
8429a85ffffffff-2017-04,1
8429a85ffffffff-2017-08,12
8429a85ffffffff-2017-09,10
8429a85ffffffff-2018-04,8
8429a85ffffffff-2018-05,4
8429a85ffffffff-2018-07,2
8429a85ffffffff-2018-08,5
8429a85ffffffff-2018-09,1
8429a85ffffffff-2019-01,1
8429a85ffffffff-2019-02,1
8429a85ffffffff-2019-05,1
8429a85ffffffff-2019-08,8
8429a85ffffffff-2019-09,5
8429a85ffffffff-2019-10,1
8429a85ffffffff-2019-12,5
8429a85ffffffff-2020-01,3
8429a85ffffffff-2020-02,4
8429a85ffffffff-2020-04,5
8429a85ffffffff-2020-06,1
8429a85ffffffff-2020-07,10
8429a85ffffffff-2020-08,11
8429a85ffffffff-2020-09,4
8429a85ffffffff-2020-10,4
8429a85ffffffff-2021-01,1
8429a85ffffffff-2021-03,1
8429a85ffffffff-2021-07,3
8429a85ffffffff-2021-08,9
8429a85ffffffff-2021-09,2
8429a85ffffffff-2022-01,1
8429a85ffffffff-2022-04,1
8429a85ffffffff-2022-07,1
8429a85ffffffff-2022-08,3
8429a85ffffffff-2022-09,3
8429a85ffffffff-2022-11,4
8429a85ffffffff-2022-12,1
8429a85ffffffff-2023-01,2
8429a85ffffffff-2023-02,2
8429a85ffffffff-2023-07,5
8429a85ffffffff-2023-08,1
8429a85ffffffff-2023-09,2
8429a85ffffffff-2023-10,1
8429a85ffffffff-2023-11,2
8429a87ffffffff-2015-10,1
8429a87ffffffff-2018-07,1
8429a87ffffffff-2018-09,1
8429a87ffffffff-2020-08,1
8429a87ffffffff-2020-09,2
8429a87ffffffff-2021-07,1
8429a87ffffffff-2021-11,1
8429a87ffffffff-2022-08,1
8429a89ffffffff-2012-04,1
8429a89ffffffff-2012-07,1
8429a89ffffffff-2012-10,1
8429a89ffffffff-2012-12,1
8429a89ffffffff-2013-02,1
8429a89ffffffff-2013-03,1
8429a89ffffffff-2013-04,5
8429a89ffffffff-2013-05,1
8429a89ffffffff-2013-10,1
8429a89ffffffff-2013-11,1
8429a89ffffffff-2013-12,1
8429a89ffffffff-2014-01,3
8429a89ffffffff-2014-02,1
8429a89ffffffff-2014-03,4
8429a89ffffffff-2014-08,2
8429a89ffffffff-2014-09,5
8429a89ffffffff-2014-11,1
8429a89ffffffff-2015-02,2
8429a89ffffffff-2015-03,3
8429a89ffffffff-2015-07,2
8429a89ffffffff-2015-08,9
8429a89ffffffff-2015-09,5
8429a89ffffffff-2015-10,1
8429a89ffffffff-2016-01,6
8429a89ffffffff-2016-02,1
8429a89ffffffff-2016-03,7
8429a89ffffffff-2016-08,6
8429a89ffffffff-2016-09,6
8429a89ffffffff-2017-03,3
8429a89ffffffff-2017-04,2
8429a89ffffffff-2017-05,1
8429a89ffffffff-2017-07,1
8429a89ffffffff-2017-08,3
8429a89ffffffff-2017-09,8
8429a89ffffffff-2017-10,1
8429a89ffffffff-2017-12,2
8429a89ffffffff-2018-03,5
8429a89ffffffff-2018-04,1
8429a89ffffffff-2018-07,1
8429a89ffffffff-2018-08,12
8429a89ffffffff-2018-09,10
8429a89ffffffff-2018-10,3
8429a89ffffffff-2019-02,4
8429a89ffffffff-2019-03,2
8429a89ffffffff-2019-07,1
8429a89ffffffff-2019-08,2
8429a89ffffffff-2019-09,3
8429a89ffffffff-2019-11,1
8429a89ffffffff-2020-02,3
8429a89ffffffff-2020-03,5
8429a89ffffffff-2020-04,3
8429a89ffffffff-2020-06,1
8429a89ffffffff-2020-07,3
8429a89ffffffff-2020-08,23
8429a89ffffffff-2020-09,16
8429a89ffffffff-2020-10,14
8429a89ffffffff-2020-11,13
8429a89ffffffff-2020-12,2
8429a89ffffffff-2021-01,5
8429a89ffffffff-2021-02,6
8429a89ffffffff-2021-03,7
8429a89ffffffff-2021-04,1
8429a89ffffffff-2021-07,5
8429a89ffffffff-2021-08,4
8429a89ffffffff-2021-09,11
8429a89ffffffff-2021-10,2
8429a89ffffffff-2021-11,4
8429a89ffffffff-2022-01,1
8429a89ffffffff-2022-02,3
8429a89ffffffff-2022-03,6
8429a89ffffffff-2022-04,7
8429a89ffffffff-2022-05,1
8429a89ffffffff-2022-07,5
8429a89ffffffff-2022-08,2
8429a89ffffffff-2022-09,5
8429a89ffffffff-2022-10,5
8429a89ffffffff-2022-11,1
8429a89ffffffff-2023-02,3
8429a89ffffffff-2023-04,2
8429a89ffffffff-2023-09,1
8429a89ffffffff-2023-10,3
8429a89ffffffff-2023-11,3
8429a8bffffffff-2019-09,1
8429a8dffffffff-2012-05,2
8429a8dffffffff-2012-08,1
8429a8dffffffff-2013-07,2
8429a8dffffffff-2013-10,1
8429a8dffffffff-2013-11,1
8429a8dffffffff-2013-12,1
8429a8dffffffff-2014-03,1
8429a8dffffffff-2014-05,3
8429a8dffffffff-2014-07,1
8429a8dffffffff-2014-08,3
8429a8dffffffff-2014-09,3
8429a8dffffffff-2014-10,8
8429a8dffffffff-2015-07,3
8429a8dffffffff-2015-08,3
8429a8dffffffff-2015-09,1
8429a8dffffffff-2015-11,5
8429a8dffffffff-2016-04,1
8429a8dffffffff-2017-01,3
8429a8dffffffff-2017-04,7
8429a8dffffffff-2017-07,2
8429a8dffffffff-2017-09,1
8429a8dffffffff-2018-10,4
8429a8dffffffff-2018-11,1
8429a8dffffffff-2018-12,4
8429a8dffffffff-2019-01,1
8429a8dffffffff-2019-08,1
8429a8dffffffff-2019-10,3
8429a8dffffffff-2020-03,1
8429a8dffffffff-2020-07,3
8429a8dffffffff-2020-08,5
8429a8dffffffff-2020-09,2
8429a8dffffffff-2020-11,1
8429a8dffffffff-2021-01,2
8429a8dffffffff-2021-09,2
8429a8dffffffff-2021-10,2
8429a8dffffffff-2021-12,2
8429a8dffffffff-2022-04,1
8429a8dffffffff-2022-09,3
8429a8dffffffff-2022-10,3
8429a8dffffffff-2022-11,1
8429a8dffffffff-2023-03,3
8429a8dffffffff-2023-04,1
8429a8dffffffff-2023-09,10
8429a8dffffffff-2023-10,10
8429a8dffffffff-2023-11,1
8429a91ffffffff-2016-01,12
8429a91ffffffff-2021-03,1
8429a91ffffffff-2021-11,1
8429a91ffffffff-2022-01,2
8429a91ffffffff-2023-03,1
8429a93ffffffff-2012-07,1
8429a93ffffffff-2012-08,3
8429a93ffffffff-2013-08,1
8429a93ffffffff-2014-01,1
8429a93ffffffff-2014-08,1
8429a93ffffffff-2014-09,6
8429a93ffffffff-2015-01,1
8429a93ffffffff-2015-09,2
8429a93ffffffff-2015-10,1
8429a93ffffffff-2016-01,1
8429a93ffffffff-2016-05,1
8429a93ffffffff-2016-08,1
8429a93ffffffff-2016-09,2
8429a93ffffffff-2016-11,1
8429a93ffffffff-2017-01,2
8429a93ffffffff-2017-03,1
8429a93ffffffff-2017-08,3
8429a93ffffffff-2017-09,5
8429a93ffffffff-2017-10,3
8429a93ffffffff-2018-01,2
8429a93ffffffff-2018-02,1
8429a93ffffffff-2018-08,2
8429a93ffffffff-2019-04,1
8429a93ffffffff-2019-05,1
8429a93ffffffff-2019-08,5
8429a93ffffffff-2019-09,3
8429a93ffffffff-2019-11,5
8429a93ffffffff-2020-02,1
8429a93ffffffff-2020-04,2
8429a93ffffffff-2020-05,1
8429a93ffffffff-2020-08,1
8429a93ffffffff-2020-09,7
8429a93ffffffff-2020-10,1
8429a93ffffffff-2020-12,1
8429a93ffffffff-2021-01,2
8429a93ffffffff-2021-03,2
8429a93ffffffff-2021-09,5
8429a93ffffffff-2021-10,1
8429a93ffffffff-2022-01,1
8429a93ffffffff-2022-04,1
8429a93ffffffff-2022-08,2
8429a93ffffffff-2022-09,2
8429a93ffffffff-2022-11,1
8429a93ffffffff-2023-01,6
8429a93ffffffff-2023-03,1
8429a93ffffffff-2023-04,1
8429a93ffffffff-2023-09,1
8429a93ffffffff-2023-10,1
8429a95ffffffff-2015-04,1
8429a95ffffffff-2017-04,3
8429a95ffffffff-2017-07,1
8429a95ffffffff-2021-03,1
8429a97ffffffff-2012-01,4
8429a97ffffffff-2012-02,3
8429a97ffffffff-2012-09,2
8429a97ffffffff-2012-10,1
8429a97ffffffff-2012-11,7
8429a97ffffffff-2012-12,3
8429a97ffffffff-2013-02,16
8429a97ffffffff-2013-03,5
8429a97ffffffff-2013-04,3
8429a97ffffffff-2013-09,1
8429a97ffffffff-2013-10,2
8429a97ffffffff-2013-11,19
8429a97ffffffff-2013-12,5
8429a97ffffffff-2014-01,11
8429a97ffffffff-2014-02,11
8429a97ffffffff-2014-03,3
8429a97ffffffff-2014-04,3
8429a97ffffffff-2014-09,3
8429a97ffffffff-2014-10,1
8429a97ffffffff-2014-11,4
8429a97ffffffff-2014-12,1
8429a97ffffffff-2015-01,6
8429a97ffffffff-2015-02,14
8429a97ffffffff-2015-03,6
8429a97ffffffff-2015-09,4
8429a97ffffffff-2015-10,5
8429a97ffffffff-2015-11,18
8429a97ffffffff-2015-12,2
8429a97ffffffff-2016-01,4
8429a97ffffffff-2016-02,27
8429a97ffffffff-2016-03,4
8429a97ffffffff-2016-04,2
8429a97ffffffff-2016-09,9
8429a97ffffffff-2016-11,30
8429a97ffffffff-2016-12,1
8429a97ffffffff-2017-01,3
8429a97ffffffff-2017-02,5
8429a97ffffffff-2017-03,1
8429a97ffffffff-2017-04,1
8429a97ffffffff-2017-10,8
8429a97ffffffff-2017-11,3
8429a97ffffffff-2017-12,4
8429a97ffffffff-2018-01,4
8429a97ffffffff-2018-02,2
8429a97ffffffff-2018-09,1
8429a97ffffffff-2018-10,4
8429a97ffffffff-2018-11,4
8429a97ffffffff-2018-12,2
8429a97ffffffff-2019-01,6
8429a97ffffffff-2019-02,3
8429a97ffffffff-2019-03,3
8429a97ffffffff-2019-04,3
8429a97ffffffff-2019-09,1
8429a97ffffffff-2019-10,10
8429a97ffffffff-2019-11,14
8429a97ffffffff-2019-12,2
8429a97ffffffff-2020-01,8
8429a97ffffffff-2020-02,11
8429a97ffffffff-2020-03,6
8429a97ffffffff-2020-04,6
8429a97ffffffff-2020-07,1
8429a97ffffffff-2020-08,2
8429a97ffffffff-2020-09,10
8429a97ffffffff-2020-10,6
8429a97ffffffff-2020-11,5
8429a97ffffffff-2020-12,5
8429a97ffffffff-2021-01,8
8429a97ffffffff-2021-02,7
8429a97ffffffff-2021-03,16
8429a97ffffffff-2021-04,4
8429a97ffffffff-2021-08,5
8429a97ffffffff-2021-09,15
8429a97ffffffff-2021-10,7
8429a97ffffffff-2021-11,3
8429a97ffffffff-2021-12,2
8429a97ffffffff-2022-01,24
8429a97ffffffff-2022-02,18
8429a97ffffffff-2022-03,6
8429a97ffffffff-2022-04,8
8429a97ffffffff-2022-08,3
8429a97ffffffff-2022-09,5
8429a97ffffffff-2022-10,5
8429a97ffffffff-2022-11,22
8429a97ffffffff-2022-12,6
8429a97ffffffff-2023-01,6
8429a97ffffffff-2023-02,6
8429a97ffffffff-2023-03,9
8429a97ffffffff-2023-04,5
8429a97ffffffff-2023-08,3
8429a97ffffffff-2023-10,3
8429a97ffffffff-2023-11,16
8429a99ffffffff-2023-04,1
8429a9bffffffff-2012-10,1
8429aa5ffffffff-2015-09,1
8429aa5ffffffff-2016-04,1
8429aa5ffffffff-2016-08,1
8429aa5ffffffff-2022-04,2
8429aa7ffffffff-2012-08,2
8429aa7ffffffff-2013-04,3
8429aa7ffffffff-2017-04,4
8429aa7ffffffff-2019-10,1
8429aa7ffffffff-2021-04,3
8429aa7ffffffff-2022-04,2
8429aa7ffffffff-2022-08,1
8429aadffffffff-2012-09,1
8429aadffffffff-2012-12,1
8429aadffffffff-2013-04,1
8429aadffffffff-2013-08,12
8429aadffffffff-2014-04,3
8429aadffffffff-2014-07,3
8429aadffffffff-2015-04,1
8429aadffffffff-2015-08,5
8429aadffffffff-2016-04,9
8429aadffffffff-2016-08,7
8429aadffffffff-2016-09,4
8429aadffffffff-2017-04,9
8429aadffffffff-2017-08,5
8429aadffffffff-2017-09,7
8429aadffffffff-2018-03,2
8429aadffffffff-2018-08,14
8429aadffffffff-2019-04,6
8429aadffffffff-2019-08,6
8429aadffffffff-2020-04,8
8429aadffffffff-2020-07,9
8429aadffffffff-2020-08,3
8429aadffffffff-2020-09,2
8429aadffffffff-2020-10,2
8429aadffffffff-2021-04,13
8429aadffffffff-2021-08,8
8429aadffffffff-2021-09,9
8429aadffffffff-2022-04,3
8429aadffffffff-2022-08,11
8429aadffffffff-2022-09,1
8429aadffffffff-2023-04,11
8429aadffffffff-2023-08,12
8429aadffffffff-2023-09,11
8429aadffffffff-2023-10,8
8429ab1ffffffff-2014-02,1
8429ab1ffffffff-2019-03,1
8429ab1ffffffff-2021-02,1
8429ab1ffffffff-2022-10,1
8429ab3ffffffff-2015-04,2
8429ab9ffffffff-2012-09,1
8429ab9ffffffff-2013-02,1
8429ab9ffffffff-2013-04,1
8429ab9ffffffff-2013-08,3
8429ab9ffffffff-2013-09,1
8429ab9ffffffff-2013-10,2
8429ab9ffffffff-2013-11,2
8429ab9ffffffff-2014-07,1
8429ab9ffffffff-2014-08,4
8429ab9ffffffff-2014-09,4
8429ab9ffffffff-2014-10,1
8429ab9ffffffff-2014-11,1
8429ab9ffffffff-2015-06,1
8429ab9ffffffff-2015-07,3
8429ab9ffffffff-2015-08,7
8429ab9ffffffff-2015-09,5
8429ab9ffffffff-2016-04,1
8429ab9ffffffff-2016-07,2
8429ab9ffffffff-2016-08,6
8429ab9ffffffff-2016-09,24
8429ab9ffffffff-2016-10,1
8429ab9ffffffff-2017-02,1
8429ab9ffffffff-2017-07,4
8429ab9ffffffff-2017-08,9
8429ab9ffffffff-2017-09,5
8429ab9ffffffff-2017-10,1
8429ab9ffffffff-2018-01,2
8429ab9ffffffff-2018-06,1
8429ab9ffffffff-2018-07,1
8429ab9ffffffff-2018-08,13
8429ab9ffffffff-2018-09,3
8429ab9ffffffff-2019-02,1
8429ab9ffffffff-2019-04,5
8429ab9ffffffff-2019-07,4
8429ab9ffffffff-2019-08,4
8429ab9ffffffff-2019-09,3
8429ab9ffffffff-2020-04,2
8429ab9ffffffff-2020-08,2
8429ab9ffffffff-2020-09,1
8429ab9ffffffff-2020-11,1
8429ab9ffffffff-2021-02,1
8429ab9ffffffff-2021-07,2
8429ab9ffffffff-2021-08,1
8429ab9ffffffff-2021-09,4
8429ab9ffffffff-2022-01,2
8429ab9ffffffff-2022-02,1
8429ab9ffffffff-2022-03,1
8429ab9ffffffff-2022-04,1
8429ab9ffffffff-2022-07,1
8429ab9ffffffff-2022-08,4
8429ab9ffffffff-2022-09,5
8429ab9ffffffff-2022-10,5
8429ab9ffffffff-2023-08,2
8429ab9ffffffff-2023-09,13
8429abbffffffff-2012-01,1
8429abbffffffff-2012-07,1
8429abbffffffff-2012-09,1
8429abbffffffff-2013-08,1
8429abbffffffff-2013-09,1
8429abbffffffff-2014-07,3
8429abbffffffff-2014-08,2
8429abbffffffff-2014-09,4
8429abbffffffff-2015-04,2
8429abbffffffff-2015-06,1
8429abbffffffff-2015-07,5
8429abbffffffff-2015-08,8
8429abbffffffff-2016-04,1
8429abbffffffff-2016-06,1
8429abbffffffff-2016-07,2
8429abbffffffff-2016-09,3
8429abbffffffff-2017-04,2
8429abbffffffff-2017-08,1
8429abbffffffff-2018-07,6
8429abbffffffff-2018-08,9
8429abbffffffff-2018-09,4
8429abbffffffff-2018-11,1
8429abbffffffff-2019-07,2
8429abbffffffff-2019-08,4
8429abbffffffff-2019-09,10
8429abbffffffff-2019-11,10
8429abbffffffff-2020-08,3
8429abbffffffff-2020-09,1
8429abbffffffff-2020-10,2
8429abbffffffff-2021-04,2
8429abbffffffff-2021-05,7
8429abbffffffff-2021-06,3
8429abbffffffff-2021-07,4
8429abbffffffff-2021-08,8
8429abbffffffff-2021-09,2
8429abbffffffff-2021-10,1
8429abbffffffff-2021-11,4
8429abbffffffff-2022-03,2
8429abbffffffff-2022-04,2
8429abbffffffff-2022-08,1
8429abbffffffff-2022-10,1
8429abbffffffff-2023-04,1
8429abbffffffff-2023-07,2
8429abbffffffff-2023-08,11
8429abbffffffff-2023-09,3
8429abdffffffff-2013-08,1
8429abdffffffff-2014-10,1
8429abdffffffff-2021-03,1
8429ac1ffffffff-2015-04,2
8429ac1ffffffff-2018-08,1
8429ac1ffffffff-2018-09,1
8429ac1ffffffff-2019-08,1
8429ac1ffffffff-2019-09,6
8429ac1ffffffff-2019-10,2
8429ac1ffffffff-2020-07,1
8429ac1ffffffff-2020-08,1
8429ac3ffffffff-2013-02,3
8429ac3ffffffff-2013-03,1
8429ac3ffffffff-2023-04,3
8429ac5ffffffff-2014-11,1
8429ac5ffffffff-2017-09,1
8429ac5ffffffff-2023-09,1
8429ac7ffffffff-2022-09,1
8429ac7ffffffff-2023-07,1
8429ac9ffffffff-2012-02,2
8429ac9ffffffff-2012-03,1
8429ac9ffffffff-2012-07,5
8429ac9ffffffff-2012-08,2
8429ac9ffffffff-2012-09,1
8429ac9ffffffff-2013-01,1
8429ac9ffffffff-2013-03,1
8429ac9ffffffff-2013-04,6
8429ac9ffffffff-2013-09,1
8429ac9ffffffff-2013-10,1
8429ac9ffffffff-2014-03,2
8429ac9ffffffff-2014-04,1
8429ac9ffffffff-2014-07,2
8429ac9ffffffff-2014-08,2
8429ac9ffffffff-2014-09,6
8429ac9ffffffff-2014-10,1
8429ac9ffffffff-2015-04,7
8429ac9ffffffff-2015-08,2
8429ac9ffffffff-2015-09,2
8429ac9ffffffff-2015-10,1
8429ac9ffffffff-2016-01,3
8429ac9ffffffff-2016-02,3
8429ac9ffffffff-2016-03,1
8429ac9ffffffff-2016-04,6
8429ac9ffffffff-2016-08,4
8429ac9ffffffff-2016-09,3
8429ac9ffffffff-2016-10,3
8429ac9ffffffff-2017-04,1
8429ac9ffffffff-2017-06,1
8429ac9ffffffff-2017-07,4
8429ac9ffffffff-2017-08,34
8429ac9ffffffff-2017-09,20
8429ac9ffffffff-2017-10,1
8429ac9ffffffff-2018-04,5
8429ac9ffffffff-2018-07,1
8429ac9ffffffff-2018-08,10
8429ac9ffffffff-2018-09,4
8429ac9ffffffff-2019-07,2
8429ac9ffffffff-2019-08,47
8429ac9ffffffff-2019-09,17
8429ac9ffffffff-2019-10,2
8429ac9ffffffff-2020-04,1
8429ac9ffffffff-2020-08,4
8429ac9ffffffff-2020-09,8
8429ac9ffffffff-2020-10,2
8429ac9ffffffff-2021-04,16
8429ac9ffffffff-2021-06,1
8429ac9ffffffff-2021-07,4
8429ac9ffffffff-2021-08,15
8429ac9ffffffff-2021-09,5
8429ac9ffffffff-2021-10,4
8429ac9ffffffff-2022-03,2
8429ac9ffffffff-2022-04,6
8429ac9ffffffff-2022-07,1
8429ac9ffffffff-2022-08,35
8429ac9ffffffff-2022-09,51
8429ac9ffffffff-2022-10,3
8429ac9ffffffff-2023-04,11
8429ac9ffffffff-2023-08,8
8429ac9ffffffff-2023-09,18
8429ac9ffffffff-2023-10,11
8429acbffffffff-2012-10,1
8429acbffffffff-2018-08,3
8429acbffffffff-2018-09,1
8429acbffffffff-2019-08,2
8429acbffffffff-2020-08,6
8429acbffffffff-2020-09,1
8429acbffffffff-2021-08,1
8429acbffffffff-2022-11,1
8429ad1ffffffff-2012-01,1
8429ad1ffffffff-2012-08,2
8429ad1ffffffff-2012-09,1
8429ad1ffffffff-2012-10,2
8429ad1ffffffff-2012-11,1
8429ad1ffffffff-2013-01,1
8429ad1ffffffff-2013-10,1
8429ad1ffffffff-2013-12,1
8429ad1ffffffff-2014-01,3
8429ad1ffffffff-2014-03,1
8429ad1ffffffff-2014-05,1
8429ad1ffffffff-2014-08,5
8429ad1ffffffff-2014-09,2
8429ad1ffffffff-2015-07,7
8429ad1ffffffff-2015-08,3
8429ad1ffffffff-2016-08,40
8429ad1ffffffff-2016-09,2
8429ad1ffffffff-2016-12,3
8429ad1ffffffff-2017-07,10
8429ad1ffffffff-2017-08,49
8429ad1ffffffff-2017-09,10
8429ad1ffffffff-2018-04,1
8429ad1ffffffff-2018-07,1
8429ad1ffffffff-2018-08,29
8429ad1ffffffff-2018-09,3
8429ad1ffffffff-2019-07,3
8429ad1ffffffff-2019-08,13
8429ad1ffffffff-2019-09,2
8429ad1ffffffff-2019-11,1
8429ad1ffffffff-2020-04,5
8429ad1ffffffff-2020-07,2
8429ad1ffffffff-2020-08,10
8429ad1ffffffff-2020-09,4
8429ad1ffffffff-2020-10,2
8429ad1ffffffff-2021-04,1
8429ad1ffffffff-2021-07,13
8429ad1ffffffff-2021-08,9
8429ad1ffffffff-2021-09,4
8429ad1ffffffff-2021-10,5
8429ad1ffffffff-2022-08,39
8429ad1ffffffff-2022-09,8
8429ad1ffffffff-2023-04,17
8429ad1ffffffff-2023-08,32
8429ad1ffffffff-2023-09,32
8429ad3ffffffff-2014-08,2
8429ad3ffffffff-2016-08,6
8429ad3ffffffff-2017-09,3
8429ad3ffffffff-2019-08,1
8429ad3ffffffff-2020-08,1
8429ad3ffffffff-2020-09,3
8429ad3ffffffff-2021-08,18
8429ad3ffffffff-2022-04,2
8429addffffffff-2013-01,1
8429addffffffff-2013-08,2
8429addffffffff-2013-09,6
8429addffffffff-2014-05,1
8429addffffffff-2014-09,3
8429addffffffff-2015-04,2
8429addffffffff-2016-08,4
8429addffffffff-2016-09,2
8429addffffffff-2017-08,2
8429addffffffff-2019-08,3
8429addffffffff-2020-09,2
8429addffffffff-2021-09,2
8429addffffffff-2021-10,2
8429addffffffff-2022-08,1
8429addffffffff-2022-09,6
8429addffffffff-2023-08,2
8429addffffffff-2023-09,1
8429ae1ffffffff-2012-04,1
8429ae1ffffffff-2015-04,1
8429ae1ffffffff-2016-10,2
8429ae1ffffffff-2017-04,3
8429ae1ffffffff-2017-08,1
8429ae1ffffffff-2021-04,1
8429ae1ffffffff-2023-08,1
8429ae5ffffffff-2012-08,1
8429ae5ffffffff-2021-04,1
8429ae5ffffffff-2023-04,2
8429ae9ffffffff-2016-08,1
8429aebffffffff-2012-08,1
8429aebffffffff-2013-08,2
8429aebffffffff-2018-08,3
8429aebffffffff-2018-09,1
8429aebffffffff-2019-03,1
8429aebffffffff-2020-09,1
8429aebffffffff-2021-09,1
8429aebffffffff-2022-04,1
8429aebffffffff-2023-04,2
8429aebffffffff-2023-08,1
8429aebffffffff-2023-09,1
8429aedffffffff-2017-04,1
8429b03ffffffff-2015-04,6
8429b03ffffffff-2015-08,6
8429b03ffffffff-2015-09,10
8429b03ffffffff-2016-08,6
8429b03ffffffff-2016-09,6
8429b03ffffffff-2017-08,2
8429b03ffffffff-2017-09,9
8429b03ffffffff-2019-07,2
8429b03ffffffff-2019-09,2
8429b03ffffffff-2023-09,4
8429b09ffffffff-2012-04,1
8429b09ffffffff-2014-08,2
8429b0bffffffff-2012-04,3
8429b0bffffffff-2012-08,2
8429b0bffffffff-2013-04,2
8429b0bffffffff-2014-04,1
8429b0bffffffff-2015-08,2
8429b0bffffffff-2015-09,6
8429b0bffffffff-2016-08,2
8429b0bffffffff-2016-09,2
8429b0bffffffff-2017-09,1
8429b0bffffffff-2022-04,1
8429b0bffffffff-2023-08,1
8429b11ffffffff-2018-10,1
8429b11ffffffff-2020-04,4
8429b13ffffffff-2016-04,1
8429b13ffffffff-2020-04,2
8429b15ffffffff-2021-08,1
8429b15ffffffff-2023-08,1
8429b1dffffffff-2012-03,2
8429b1dffffffff-2012-04,2
8429b1dffffffff-2014-08,1
8429b1dffffffff-2016-04,3
8429b1dffffffff-2016-07,2
8429b1dffffffff-2016-08,1
8429b1dffffffff-2017-09,2
8429b1dffffffff-2018-08,2
8429b1dffffffff-2018-09,2
8429b1dffffffff-2021-08,2
8429b21ffffffff-2012-08,1
8429b21ffffffff-2020-08,1
8429b21ffffffff-2021-04,1
8429b25ffffffff-2012-05,1
8429b25ffffffff-2015-04,10
8429b25ffffffff-2017-04,5
8429b25ffffffff-2017-09,5
8429b25ffffffff-2018-04,2
8429b25ffffffff-2018-07,1
8429b25ffffffff-2019-08,1
8429b25ffffffff-2019-09,10
8429b25ffffffff-2019-10,5
8429b25ffffffff-2020-04,12
8429b25ffffffff-2020-07,1
8429b25ffffffff-2020-08,2
8429b25ffffffff-2021-03,5
8429b25ffffffff-2021-04,20
8429b25ffffffff-2021-05,2
8429b25ffffffff-2021-07,1
8429b25ffffffff-2023-06,1
8429b25ffffffff-2023-09,1
8429b29ffffffff-2012-03,1
8429b29ffffffff-2012-04,1
8429b29ffffffff-2012-08,1
8429b29ffffffff-2012-10,1
8429b29ffffffff-2013-04,11
8429b29ffffffff-2014-07,1
8429b29ffffffff-2014-08,4
8429b29ffffffff-2015-08,4
8429b29ffffffff-2015-09,8
8429b29ffffffff-2015-10,3
8429b29ffffffff-2016-05,1
8429b29ffffffff-2016-07,1
8429b29ffffffff-2016-08,17
8429b29ffffffff-2018-04,2
8429b29ffffffff-2018-05,3
8429b29ffffffff-2018-09,1
8429b29ffffffff-2019-04,1
8429b29ffffffff-2019-05,1
8429b29ffffffff-2019-07,1
8429b29ffffffff-2019-08,5
8429b29ffffffff-2019-09,1
8429b29ffffffff-2019-10,1
8429b29ffffffff-2020-04,1
8429b29ffffffff-2020-07,1
8429b29ffffffff-2020-08,7
8429b29ffffffff-2020-09,10
8429b29ffffffff-2020-10,3
8429b29ffffffff-2021-04,2
8429b29ffffffff-2021-06,1
8429b29ffffffff-2022-07,4
8429b29ffffffff-2022-09,1
8429b29ffffffff-2023-08,12
8429b29ffffffff-2023-09,7
8429b29ffffffff-2023-10,1
8429b2dffffffff-2012-08,1
8429b2dffffffff-2013-04,5
8429b2dffffffff-2014-04,9
8429b2dffffffff-2014-05,1
8429b2dffffffff-2016-04,7
8429b2dffffffff-2017-03,4
8429b2dffffffff-2017-08,2
8429b2dffffffff-2018-04,18
8429b2dffffffff-2019-08,1
8429b2dffffffff-2020-08,4
8429b2dffffffff-2021-04,5
8429b2dffffffff-2022-04,3
8429b2dffffffff-2022-05,1
8429b2dffffffff-2022-08,4
8429b2dffffffff-2023-04,12
8429b2dffffffff-2023-08,1
8429b43ffffffff-2012-07,1
8429b43ffffffff-2014-09,1
8429b43ffffffff-2015-08,2
8429b43ffffffff-2017-07,2
8429b43ffffffff-2019-07,2
8429b43ffffffff-2021-04,3
8429b43ffffffff-2021-08,9
8429b43ffffffff-2021-09,28
8429b43ffffffff-2021-10,1
8429b43ffffffff-2023-08,6
8429b43ffffffff-2023-09,8
8429b49ffffffff-2018-03,1
8429b49ffffffff-2018-08,3
8429b55ffffffff-2013-04,1
8429b55ffffffff-2014-05,1
8429b55ffffffff-2014-08,2
8429b55ffffffff-2015-07,2
8429b55ffffffff-2016-07,2
8429b55ffffffff-2017-04,2
8429b55ffffffff-2019-04,1
8429b5bffffffff-2013-11,3
8429b5bffffffff-2013-12,1
8429b5bffffffff-2016-08,2
8429b5bffffffff-2019-07,1
8429b5bffffffff-2020-07,3
8429b5bffffffff-2020-08,8
8429b5bffffffff-2021-04,5
8429b5bffffffff-2021-10,1
8429b5bffffffff-2023-08,1
8429b5dffffffff-2012-04,1
8429b5dffffffff-2012-07,3
8429b5dffffffff-2012-08,5
8429b5dffffffff-2012-09,10
8429b5dffffffff-2013-04,5
8429b5dffffffff-2013-08,3
8429b5dffffffff-2013-09,2
8429b5dffffffff-2014-08,3
8429b5dffffffff-2014-10,2
8429b5dffffffff-2015-03,1
8429b5dffffffff-2015-07,2
8429b5dffffffff-2015-08,2
8429b5dffffffff-2016-04,1
8429b5dffffffff-2016-08,4
8429b5dffffffff-2017-04,2
8429b5dffffffff-2018-09,1
8429b5dffffffff-2019-07,16
8429b5dffffffff-2019-08,1
8429b5dffffffff-2019-09,2
8429b5dffffffff-2020-07,2
8429b5dffffffff-2020-08,1
8429b5dffffffff-2021-11,1
8429b5dffffffff-2022-08,1
8429b5dffffffff-2022-09,1
8429b5dffffffff-2023-08,1
8429b61ffffffff-2013-04,1
8429b61ffffffff-2014-11,1
8429b61ffffffff-2016-04,1
8429b61ffffffff-2021-08,1
8429b61ffffffff-2023-09,1
8429b67ffffffff-2017-04,2
8429b67ffffffff-2022-08,1
8429b69ffffffff-2013-12,1
8429b69ffffffff-2014-09,4
8429b69ffffffff-2014-12,1
8429b69ffffffff-2016-08,10
8429b69ffffffff-2016-09,4
8429b69ffffffff-2017-09,3
8429b69ffffffff-2017-11,1
8429b69ffffffff-2018-05,1
8429b69ffffffff-2018-08,1
8429b69ffffffff-2019-08,7
8429b69ffffffff-2019-09,6
8429b69ffffffff-2019-10,4
8429b69ffffffff-2021-08,1
8429b69ffffffff-2022-09,2
8429b69ffffffff-2023-07,1
8429b69ffffffff-2023-09,1
8429b6bffffffff-2023-04,1
8429b6dffffffff-2012-01,1
8429b6dffffffff-2012-03,1
8429b6dffffffff-2012-04,1
8429b6dffffffff-2012-07,2
8429b6dffffffff-2012-08,9
8429b6dffffffff-2012-09,30
8429b6dffffffff-2012-10,11
8429b6dffffffff-2012-11,3
8429b6dffffffff-2013-01,1
8429b6dffffffff-2013-04,4
8429b6dffffffff-2013-05,2
8429b6dffffffff-2013-07,6
8429b6dffffffff-2013-08,23
8429b6dffffffff-2013-09,8
8429b6dffffffff-2013-10,12
8429b6dffffffff-2013-11,7
8429b6dffffffff-2013-12,2
8429b6dffffffff-2014-01,1
8429b6dffffffff-2014-02,4
8429b6dffffffff-2014-03,10
8429b6dffffffff-2014-04,51
8429b6dffffffff-2014-05,2
8429b6dffffffff-2014-07,26
8429b6dffffffff-2014-08,40
8429b6dffffffff-2014-09,55
8429b6dffffffff-2014-10,24
8429b6dffffffff-2014-11,9
8429b6dffffffff-2014-12,1
8429b6dffffffff-2015-01,13
8429b6dffffffff-2015-02,13
8429b6dffffffff-2015-03,7
8429b6dffffffff-2015-04,27
8429b6dffffffff-2015-05,7
8429b6dffffffff-2015-07,8
8429b6dffffffff-2015-08,44
8429b6dffffffff-2015-09,19
8429b6dffffffff-2015-10,15
8429b6dffffffff-2015-11,2
8429b6dffffffff-2015-12,1
8429b6dffffffff-2016-01,28
8429b6dffffffff-2016-02,29
8429b6dffffffff-2016-03,5
8429b6dffffffff-2016-04,52
8429b6dffffffff-2016-06,1
8429b6dffffffff-2016-07,21
8429b6dffffffff-2016-08,61
8429b6dffffffff-2016-09,29
8429b6dffffffff-2016-10,10
8429b6dffffffff-2016-11,5
8429b6dffffffff-2016-12,4
8429b6dffffffff-2017-04,30
8429b6dffffffff-2017-05,3
8429b6dffffffff-2017-07,22
8429b6dffffffff-2017-08,150
8429b6dffffffff-2017-09,45
8429b6dffffffff-2017-10,16
8429b6dffffffff-2017-11,6
8429b6dffffffff-2018-01,1
8429b6dffffffff-2018-04,60
8429b6dffffffff-2018-05,9
8429b6dffffffff-2018-07,18
8429b6dffffffff-2018-08,32
8429b6dffffffff-2018-09,39
8429b6dffffffff-2018-10,22
8429b6dffffffff-2018-11,3
8429b6dffffffff-2018-12,3
8429b6dffffffff-2019-03,3
8429b6dffffffff-2019-04,2
8429b6dffffffff-2019-07,15
8429b6dffffffff-2019-08,40
8429b6dffffffff-2019-09,54
8429b6dffffffff-2019-10,9
8429b6dffffffff-2019-11,4
8429b6dffffffff-2019-12,3
8429b6dffffffff-2020-01,1
8429b6dffffffff-2020-03,14
8429b6dffffffff-2020-04,72
8429b6dffffffff-2020-07,19
8429b6dffffffff-2020-08,70
8429b6dffffffff-2020-09,108
8429b6dffffffff-2020-10,74
8429b6dffffffff-2020-11,22
8429b6dffffffff-2020-12,3
8429b6dffffffff-2021-03,12
8429b6dffffffff-2021-04,15
8429b6dffffffff-2021-07,16
8429b6dffffffff-2021-08,63
8429b6dffffffff-2021-09,61
8429b6dffffffff-2021-10,80
8429b6dffffffff-2021-11,10
8429b6dffffffff-2021-12,18
8429b6dffffffff-2022-01,5
8429b6dffffffff-2022-03,13
8429b6dffffffff-2022-04,16
8429b6dffffffff-2022-07,32
8429b6dffffffff-2022-08,43
8429b6dffffffff-2022-09,39
8429b6dffffffff-2022-10,24
8429b6dffffffff-2022-11,11
8429b6dffffffff-2023-02,1
8429b6dffffffff-2023-03,1
8429b6dffffffff-2023-04,7
8429b6dffffffff-2023-06,8
8429b6dffffffff-2023-07,43
8429b6dffffffff-2023-08,44
8429b6dffffffff-2023-09,74
8429b6dffffffff-2023-10,83
8429b6dffffffff-2023-11,14
842a065ffffffff-2013-09,1
842a065ffffffff-2013-10,3
842a065ffffffff-2017-04,1
842a065ffffffff-2018-04,1
842a065ffffffff-2018-07,1
842a065ffffffff-2020-06,1
842a065ffffffff-2021-08,1
842a065ffffffff-2021-09,3
842a065ffffffff-2021-10,1
842a065ffffffff-2022-10,1
842a065ffffffff-2023-05,1
842a065ffffffff-2023-09,1
842a069ffffffff-2012-08,1
842a069ffffffff-2012-10,1
842a069ffffffff-2013-08,1
842a069ffffffff-2014-05,2
842a069ffffffff-2014-07,1
842a069ffffffff-2014-08,3
842a069ffffffff-2014-09,1
842a069ffffffff-2015-07,1
842a069ffffffff-2015-08,1
842a069ffffffff-2016-08,4
842a069ffffffff-2016-09,2
842a069ffffffff-2016-10,2
842a069ffffffff-2017-07,2
842a069ffffffff-2017-08,3
842a069ffffffff-2018-05,1
842a069ffffffff-2018-07,4
842a069ffffffff-2018-08,6
842a069ffffffff-2018-09,3
842a069ffffffff-2019-07,1
842a069ffffffff-2019-08,6
842a069ffffffff-2019-09,1
842a069ffffffff-2020-05,2
842a069ffffffff-2020-07,4
842a069ffffffff-2020-08,15
842a069ffffffff-2020-09,13
842a069ffffffff-2021-05,1
842a069ffffffff-2021-07,4
842a069ffffffff-2021-08,2
842a069ffffffff-2021-09,4
842a069ffffffff-2022-07,6
842a069ffffffff-2022-08,10
842a069ffffffff-2022-09,8
842a069ffffffff-2022-10,1
842a069ffffffff-2023-07,5
842a069ffffffff-2023-08,3
842a069ffffffff-2023-09,18
842a06dffffffff-2012-08,2
842a06dffffffff-2013-09,8
842a06dffffffff-2014-05,1
842a06dffffffff-2014-07,2
842a06dffffffff-2014-08,1
842a06dffffffff-2014-09,10
842a06dffffffff-2015-07,2
842a06dffffffff-2015-08,4
842a06dffffffff-2016-07,1
842a06dffffffff-2016-08,3
842a06dffffffff-2016-09,1
842a06dffffffff-2016-10,1
842a06dffffffff-2017-07,2
842a06dffffffff-2017-08,5
842a06dffffffff-2017-09,7
842a06dffffffff-2019-07,2
842a06dffffffff-2019-08,4
842a06dffffffff-2020-05,2
842a06dffffffff-2020-07,8
842a06dffffffff-2020-08,7
842a06dffffffff-2020-09,3
842a06dffffffff-2021-08,4
842a06dffffffff-2021-09,2
842a06dffffffff-2022-07,13
842a06dffffffff-2022-09,1
842a06dffffffff-2023-05,1
842a06dffffffff-2023-06,1
842a06dffffffff-2023-07,11
842a06dffffffff-2023-08,23
842a06dffffffff-2023-10,2
842a101ffffffff-2012-02,2
842a101ffffffff-2012-03,1
842a101ffffffff-2012-04,5
842a101ffffffff-2012-05,9
842a101ffffffff-2012-07,13
842a101ffffffff-2012-08,9
842a101ffffffff-2012-09,5
842a101ffffffff-2012-10,2
842a101ffffffff-2013-03,3
842a101ffffffff-2013-04,13
842a101ffffffff-2013-05,6
842a101ffffffff-2013-07,14
842a101ffffffff-2013-08,33
842a101ffffffff-2013-09,11
842a101ffffffff-2013-10,14
842a101ffffffff-2013-11,8
842a101ffffffff-2013-12,2
842a101ffffffff-2014-03,1
842a101ffffffff-2014-04,12
842a101ffffffff-2014-05,18
842a101ffffffff-2014-06,3
842a101ffffffff-2014-07,14
842a101ffffffff-2014-08,22
842a101ffffffff-2014-09,4
842a101ffffffff-2014-10,16
842a101ffffffff-2015-04,3
842a101ffffffff-2015-05,10
842a101ffffffff-2015-07,11
842a101ffffffff-2015-08,17
842a101ffffffff-2015-09,12
842a101ffffffff-2015-10,10
842a101ffffffff-2016-04,12
842a101ffffffff-2016-05,23
842a101ffffffff-2016-07,14
842a101ffffffff-2016-08,20
842a101ffffffff-2016-09,16
842a101ffffffff-2016-10,10
842a101ffffffff-2016-11,1
842a101ffffffff-2017-04,18
842a101ffffffff-2017-05,27
842a101ffffffff-2017-06,1
842a101ffffffff-2017-07,9
842a101ffffffff-2017-08,56
842a101ffffffff-2017-09,35
842a101ffffffff-2017-10,14
842a101ffffffff-2017-11,2
842a101ffffffff-2017-12,4
842a101ffffffff-2018-04,16
842a101ffffffff-2018-05,22
842a101ffffffff-2018-07,15
842a101ffffffff-2018-08,17
842a101ffffffff-2018-09,37
842a101ffffffff-2018-10,11
842a101ffffffff-2018-11,1
842a101ffffffff-2018-12,1
842a101ffffffff-2019-04,12
842a101ffffffff-2019-05,37
842a101ffffffff-2019-07,4
842a101ffffffff-2019-08,42
842a101ffffffff-2019-09,44
842a101ffffffff-2019-10,11
842a101ffffffff-2019-11,4
842a101ffffffff-2020-03,2
842a101ffffffff-2020-04,18
842a101ffffffff-2020-05,66
842a101ffffffff-2020-07,26
842a101ffffffff-2020-08,38
842a101ffffffff-2020-09,50
842a101ffffffff-2020-10,7
842a101ffffffff-2020-11,1
842a101ffffffff-2021-04,10
842a101ffffffff-2021-05,62
842a101ffffffff-2021-07,9
842a101ffffffff-2021-08,59
842a101ffffffff-2021-09,28
842a101ffffffff-2021-10,10
842a101ffffffff-2021-11,7
842a101ffffffff-2021-12,3
842a101ffffffff-2022-03,3
842a101ffffffff-2022-04,20
842a101ffffffff-2022-05,87
842a101ffffffff-2022-06,6
842a101ffffffff-2022-07,7
842a101ffffffff-2022-08,85
842a101ffffffff-2022-09,40
842a101ffffffff-2022-10,41
842a101ffffffff-2023-04,32
842a101ffffffff-2023-05,46
842a101ffffffff-2023-07,26
842a101ffffffff-2023-08,35
842a101ffffffff-2023-09,27
842a101ffffffff-2023-10,15
842a101ffffffff-2023-11,5
842a103ffffffff-2012-04,12
842a103ffffffff-2012-05,19
842a103ffffffff-2012-06,4
842a103ffffffff-2012-07,175
842a103ffffffff-2012-08,187
842a103ffffffff-2012-09,69
842a103ffffffff-2012-10,13
842a103ffffffff-2012-11,1
842a103ffffffff-2012-12,2
842a103ffffffff-2013-04,11
842a103ffffffff-2013-05,17
842a103ffffffff-2013-06,1
842a103ffffffff-2013-07,99
842a103ffffffff-2013-08,175
842a103ffffffff-2013-09,49
842a103ffffffff-2013-10,20
842a103ffffffff-2014-04,3
842a103ffffffff-2014-05,35
842a103ffffffff-2014-06,1
842a103ffffffff-2014-07,83
842a103ffffffff-2014-08,197
842a103ffffffff-2014-09,67
842a103ffffffff-2014-10,14
842a103ffffffff-2015-04,7
842a103ffffffff-2015-05,7
842a103ffffffff-2015-07,53
842a103ffffffff-2015-08,194
842a103ffffffff-2015-09,61
842a103ffffffff-2015-10,15
842a103ffffffff-2016-04,15
842a103ffffffff-2016-05,41
842a103ffffffff-2016-06,5
842a103ffffffff-2016-07,136
842a103ffffffff-2016-08,255
842a103ffffffff-2016-09,90
842a103ffffffff-2016-10,24
842a103ffffffff-2017-04,27
842a103ffffffff-2017-05,59
842a103ffffffff-2017-06,8
842a103ffffffff-2017-07,82
842a103ffffffff-2017-08,247
842a103ffffffff-2017-09,143
842a103ffffffff-2017-10,92
842a103ffffffff-2017-11,9
842a103ffffffff-2017-12,3
842a103ffffffff-2018-04,11
842a103ffffffff-2018-05,52
842a103ffffffff-2018-06,9
842a103ffffffff-2018-07,134
842a103ffffffff-2018-08,284
842a103ffffffff-2018-09,146
842a103ffffffff-2018-10,30
842a103ffffffff-2019-04,21
842a103ffffffff-2019-05,84
842a103ffffffff-2019-06,2
842a103ffffffff-2019-07,32
842a103ffffffff-2019-08,196
842a103ffffffff-2019-09,174
842a103ffffffff-2019-10,79
842a103ffffffff-2019-11,7
842a103ffffffff-2020-03,1
842a103ffffffff-2020-04,22
842a103ffffffff-2020-05,72
842a103ffffffff-2020-06,1
842a103ffffffff-2020-07,60
842a103ffffffff-2020-08,160
842a103ffffffff-2020-09,214
842a103ffffffff-2020-10,67
842a103ffffffff-2020-11,2
842a103ffffffff-2021-04,6
842a103ffffffff-2021-05,114
842a103ffffffff-2021-06,22
842a103ffffffff-2021-07,443
842a103ffffffff-2021-08,463
842a103ffffffff-2021-09,100
842a103ffffffff-2021-10,59
842a103ffffffff-2022-04,50
842a103ffffffff-2022-05,83
842a103ffffffff-2022-06,31
842a103ffffffff-2022-07,449
842a103ffffffff-2022-08,599
842a103ffffffff-2022-09,221
842a103ffffffff-2022-10,65
842a103ffffffff-2022-11,9
842a103ffffffff-2023-04,47
842a103ffffffff-2023-05,138
842a103ffffffff-2023-06,7
842a103ffffffff-2023-07,228
842a103ffffffff-2023-08,485
842a103ffffffff-2023-09,97
842a103ffffffff-2023-10,21
842a105ffffffff-2012-04,12
842a105ffffffff-2012-05,36
842a105ffffffff-2012-07,22
842a105ffffffff-2012-08,11
842a105ffffffff-2012-09,3
842a105ffffffff-2012-10,2
842a105ffffffff-2013-04,8
842a105ffffffff-2013-05,5
842a105ffffffff-2013-07,3
842a105ffffffff-2013-08,6
842a105ffffffff-2013-09,18
842a105ffffffff-2013-10,15
842a105ffffffff-2013-11,2
842a105ffffffff-2014-04,8
842a105ffffffff-2014-05,6
842a105ffffffff-2014-07,2
842a105ffffffff-2014-08,19
842a105ffffffff-2014-09,18
842a105ffffffff-2014-10,8
842a105ffffffff-2014-11,1
842a105ffffffff-2015-04,13
842a105ffffffff-2015-05,12
842a105ffffffff-2015-07,10
842a105ffffffff-2015-08,29
842a105ffffffff-2015-09,22
842a105ffffffff-2015-10,4
842a105ffffffff-2015-11,1
842a105ffffffff-2016-04,2
842a105ffffffff-2016-05,16
842a105ffffffff-2016-07,3
842a105ffffffff-2016-08,11
842a105ffffffff-2016-09,7
842a105ffffffff-2016-10,16
842a105ffffffff-2017-04,9
842a105ffffffff-2017-05,15
842a105ffffffff-2017-07,1
842a105ffffffff-2017-08,56
842a105ffffffff-2017-09,56
842a105ffffffff-2017-10,15
842a105ffffffff-2018-04,3
842a105ffffffff-2018-05,12
842a105ffffffff-2018-07,1
842a105ffffffff-2018-08,3
842a105ffffffff-2018-09,9
842a105ffffffff-2019-04,2
842a105ffffffff-2019-05,7
842a105ffffffff-2019-07,2
842a105ffffffff-2019-08,29
842a105ffffffff-2019-09,62
842a105ffffffff-2019-10,17
842a105ffffffff-2019-11,1
842a105ffffffff-2020-04,11
842a105ffffffff-2020-05,10
842a105ffffffff-2020-07,3
842a105ffffffff-2020-08,40
842a105ffffffff-2020-09,114
842a105ffffffff-2020-10,73
842a105ffffffff-2021-04,9
842a105ffffffff-2021-05,20
842a105ffffffff-2021-07,1
842a105ffffffff-2021-08,57
842a105ffffffff-2021-09,12
842a105ffffffff-2021-10,59
842a105ffffffff-2022-05,25
842a105ffffffff-2022-06,2
842a105ffffffff-2022-07,38
842a105ffffffff-2022-08,187
842a105ffffffff-2022-09,117
842a105ffffffff-2022-10,36
842a105ffffffff-2022-11,1
842a105ffffffff-2023-04,7
842a105ffffffff-2023-05,35
842a105ffffffff-2023-07,1
842a105ffffffff-2023-08,28
842a105ffffffff-2023-09,26
842a105ffffffff-2023-10,3
842a105ffffffff-2023-11,1
842a107ffffffff-2012-01,7
842a107ffffffff-2012-02,9
842a107ffffffff-2012-03,14
842a107ffffffff-2012-04,58
842a107ffffffff-2012-05,90
842a107ffffffff-2012-07,66
842a107ffffffff-2012-08,163
842a107ffffffff-2012-09,65
842a107ffffffff-2012-10,11
842a107ffffffff-2013-01,1
842a107ffffffff-2013-02,2
842a107ffffffff-2013-03,6
842a107ffffffff-2013-04,74
842a107ffffffff-2013-05,47
842a107ffffffff-2013-07,42
842a107ffffffff-2013-08,119
842a107ffffffff-2013-09,62
842a107ffffffff-2013-10,39
842a107ffffffff-2013-11,4
842a107ffffffff-2014-03,9
842a107ffffffff-2014-04,41
842a107ffffffff-2014-05,139
842a107ffffffff-2014-06,5
842a107ffffffff-2014-07,64
842a107ffffffff-2014-08,168
842a107ffffffff-2014-09,76
842a107ffffffff-2014-10,51
842a107ffffffff-2014-11,2
842a107ffffffff-2015-04,42
842a107ffffffff-2015-05,111
842a107ffffffff-2015-07,74
842a107ffffffff-2015-08,138
842a107ffffffff-2015-09,99
842a107ffffffff-2015-10,32
842a107ffffffff-2015-11,33
842a107ffffffff-2015-12,3
842a107ffffffff-2016-03,1
842a107ffffffff-2016-04,69
842a107ffffffff-2016-05,113
842a107ffffffff-2016-06,2
842a107ffffffff-2016-07,117
842a107ffffffff-2016-08,153
842a107ffffffff-2016-09,96
842a107ffffffff-2016-10,26
842a107ffffffff-2017-03,1
842a107ffffffff-2017-04,98
842a107ffffffff-2017-05,85
842a107ffffffff-2017-06,2
842a107ffffffff-2017-07,72
842a107ffffffff-2017-08,115
842a107ffffffff-2017-09,83
842a107ffffffff-2017-10,63
842a107ffffffff-2017-11,2
842a107ffffffff-2017-12,1
842a107ffffffff-2018-04,68
842a107ffffffff-2018-05,100
842a107ffffffff-2018-06,1
842a107ffffffff-2018-07,58
842a107ffffffff-2018-08,86
842a107ffffffff-2018-09,105
842a107ffffffff-2018-10,66
842a107ffffffff-2018-11,30
842a107ffffffff-2019-03,1
842a107ffffffff-2019-04,46
842a107ffffffff-2019-05,170
842a107ffffffff-2019-07,41
842a107ffffffff-2019-08,134
842a107ffffffff-2019-09,176
842a107ffffffff-2019-10,89
842a107ffffffff-2019-11,1
842a107ffffffff-2019-12,2
842a107ffffffff-2020-03,11
842a107ffffffff-2020-04,51
842a107ffffffff-2020-05,268
842a107ffffffff-2020-07,81
842a107ffffffff-2020-08,284
842a107ffffffff-2020-09,355
842a107ffffffff-2020-10,71
842a107ffffffff-2020-11,7
842a107ffffffff-2020-12,2
842a107ffffffff-2021-01,1
842a107ffffffff-2021-02,5
842a107ffffffff-2021-03,14
842a107ffffffff-2021-04,94
842a107ffffffff-2021-05,304
842a107ffffffff-2021-06,2
842a107ffffffff-2021-07,121
842a107ffffffff-2021-08,254
842a107ffffffff-2021-09,278
842a107ffffffff-2021-10,98
842a107ffffffff-2021-11,7
842a107ffffffff-2021-12,6
842a107ffffffff-2022-01,1
842a107ffffffff-2022-03,3
842a107ffffffff-2022-04,65
842a107ffffffff-2022-05,247
842a107ffffffff-2022-06,8
842a107ffffffff-2022-07,81
842a107ffffffff-2022-08,271
842a107ffffffff-2022-09,140
842a107ffffffff-2022-10,60
842a107ffffffff-2022-11,17
842a107ffffffff-2023-03,2
842a107ffffffff-2023-04,88
842a107ffffffff-2023-05,311
842a107ffffffff-2023-07,123
842a107ffffffff-2023-08,180
842a107ffffffff-2023-09,190
842a107ffffffff-2023-10,113
842a107ffffffff-2023-11,37
842a109ffffffff-2012-04,10
842a109ffffffff-2012-05,24
842a109ffffffff-2012-07,37
842a109ffffffff-2012-08,30
842a109ffffffff-2012-09,8
842a109ffffffff-2012-10,10
842a109ffffffff-2012-11,4
842a109ffffffff-2013-04,15
842a109ffffffff-2013-05,12
842a109ffffffff-2013-07,30
842a109ffffffff-2013-08,78
842a109ffffffff-2013-09,21
842a109ffffffff-2013-10,11
842a109ffffffff-2013-11,3
842a109ffffffff-2014-03,6
842a109ffffffff-2014-04,37
842a109ffffffff-2014-05,28
842a109ffffffff-2014-07,16
842a109ffffffff-2014-08,32
842a109ffffffff-2014-09,44
842a109ffffffff-2014-10,43
842a109ffffffff-2014-11,8
842a109ffffffff-2015-03,4
842a109ffffffff-2015-04,19
842a109ffffffff-2015-05,25
842a109ffffffff-2015-07,32
842a109ffffffff-2015-08,80
842a109ffffffff-2015-09,69
842a109ffffffff-2015-10,25
842a109ffffffff-2016-04,12
842a109ffffffff-2016-05,82
842a109ffffffff-2016-06,5
842a109ffffffff-2016-07,115
842a109ffffffff-2016-08,143
842a109ffffffff-2016-09,41
842a109ffffffff-2016-10,23
842a109ffffffff-2016-11,1
842a109ffffffff-2017-03,2
842a109ffffffff-2017-04,20
842a109ffffffff-2017-05,50
842a109ffffffff-2017-06,1
842a109ffffffff-2017-07,60
842a109ffffffff-2017-08,54
842a109ffffffff-2017-09,37
842a109ffffffff-2017-10,8
842a109ffffffff-2017-11,4
842a109ffffffff-2018-03,2
842a109ffffffff-2018-04,45
842a109ffffffff-2018-05,46
842a109ffffffff-2018-06,1
842a109ffffffff-2018-07,8
842a109ffffffff-2018-08,17
842a109ffffffff-2018-09,28
842a109ffffffff-2018-10,22
842a109ffffffff-2019-04,14
842a109ffffffff-2019-05,46
842a109ffffffff-2019-07,6
842a109ffffffff-2019-08,70
842a109ffffffff-2019-09,29
842a109ffffffff-2019-10,18
842a109ffffffff-2020-04,17
842a109ffffffff-2020-05,44
842a109ffffffff-2020-06,1
842a109ffffffff-2020-07,14
842a109ffffffff-2020-08,50
842a109ffffffff-2020-09,14
842a109ffffffff-2020-10,20
842a109ffffffff-2020-11,1
842a109ffffffff-2021-04,27
842a109ffffffff-2021-05,136
842a109ffffffff-2021-06,1
842a109ffffffff-2021-07,19
842a109ffffffff-2021-08,63
842a109ffffffff-2021-09,58
842a109ffffffff-2021-10,30
842a109ffffffff-2022-04,18
842a109ffffffff-2022-05,49
842a109ffffffff-2022-07,99
842a109ffffffff-2022-08,100
842a109ffffffff-2022-09,83
842a109ffffffff-2022-10,43
842a109ffffffff-2022-11,5
842a109ffffffff-2023-03,37
842a109ffffffff-2023-04,19
842a109ffffffff-2023-05,28
842a109ffffffff-2023-06,1
842a109ffffffff-2023-07,22
842a109ffffffff-2023-08,41
842a109ffffffff-2023-09,63
842a109ffffffff-2023-10,40
842a109ffffffff-2023-11,2
842a10bffffffff-2012-04,1
842a10bffffffff-2012-05,8
842a10bffffffff-2012-06,1
842a10bffffffff-2012-08,36
842a10bffffffff-2012-09,26
842a10bffffffff-2012-10,3
842a10bffffffff-2013-04,38
842a10bffffffff-2013-05,12
842a10bffffffff-2013-07,7
842a10bffffffff-2013-08,27
842a10bffffffff-2013-09,16
842a10bffffffff-2013-10,3
842a10bffffffff-2014-04,20
842a10bffffffff-2014-05,36
842a10bffffffff-2014-06,1
842a10bffffffff-2014-07,13
842a10bffffffff-2014-08,37
842a10bffffffff-2014-09,10
842a10bffffffff-2014-10,10
842a10bffffffff-2014-11,1
842a10bffffffff-2015-04,8
842a10bffffffff-2015-05,17
842a10bffffffff-2015-06,1
842a10bffffffff-2015-07,22
842a10bffffffff-2015-08,38
842a10bffffffff-2015-09,42
842a10bffffffff-2015-10,11
842a10bffffffff-2016-04,28
842a10bffffffff-2016-05,46
842a10bffffffff-2016-07,27
842a10bffffffff-2016-08,31
842a10bffffffff-2016-09,7
842a10bffffffff-2016-10,19
842a10bffffffff-2016-11,2
842a10bffffffff-2017-04,40
842a10bffffffff-2017-05,38
842a10bffffffff-2017-06,3
842a10bffffffff-2017-07,30
842a10bffffffff-2017-08,45
842a10bffffffff-2017-09,61
842a10bffffffff-2017-10,15
842a10bffffffff-2017-11,39
842a10bffffffff-2017-12,1
842a10bffffffff-2018-03,1
842a10bffffffff-2018-04,76
842a10bffffffff-2018-05,57
842a10bffffffff-2018-06,1
842a10bffffffff-2018-07,52
842a10bffffffff-2018-08,38
842a10bffffffff-2018-09,40
842a10bffffffff-2018-10,10
842a10bffffffff-2018-11,1
842a10bffffffff-2019-04,49
842a10bffffffff-2019-05,121
842a10bffffffff-2019-06,3
842a10bffffffff-2019-07,27
842a10bffffffff-2019-08,39
842a10bffffffff-2019-09,28
842a10bffffffff-2019-10,6
842a10bffffffff-2019-11,2
842a10bffffffff-2020-03,4
842a10bffffffff-2020-04,162
842a10bffffffff-2020-05,78
842a10bffffffff-2020-06,1
842a10bffffffff-2020-07,41
842a10bffffffff-2020-08,84
842a10bffffffff-2020-09,37
842a10bffffffff-2020-10,22
842a10bffffffff-2021-04,35
842a10bffffffff-2021-05,70
842a10bffffffff-2021-06,14
842a10bffffffff-2021-07,34
842a10bffffffff-2021-08,112
842a10bffffffff-2021-09,166
842a10bffffffff-2021-10,17
842a10bffffffff-2021-11,2
842a10bffffffff-2022-04,49
842a10bffffffff-2022-05,58
842a10bffffffff-2022-06,19
842a10bffffffff-2022-07,73
842a10bffffffff-2022-08,62
842a10bffffffff-2022-09,30
842a10bffffffff-2022-10,11
842a10bffffffff-2022-11,3
842a10bffffffff-2023-04,38
842a10bffffffff-2023-05,43
842a10bffffffff-2023-06,2
842a10bffffffff-2023-07,94
842a10bffffffff-2023-08,128
842a10bffffffff-2023-09,36
842a10bffffffff-2023-10,13
842a10bffffffff-2023-11,1
842a10dffffffff-2012-05,2
842a10dffffffff-2012-06,1
842a10dffffffff-2012-07,1
842a10dffffffff-2012-08,2
842a10dffffffff-2013-04,3
842a10dffffffff-2013-05,2
842a10dffffffff-2013-07,1
842a10dffffffff-2013-08,1
842a10dffffffff-2013-10,1
842a10dffffffff-2014-05,5
842a10dffffffff-2014-07,3
842a10dffffffff-2014-08,4
842a10dffffffff-2014-09,2
842a10dffffffff-2015-09,3
842a10dffffffff-2016-04,1
842a10dffffffff-2016-05,6
842a10dffffffff-2016-07,1
842a10dffffffff-2016-08,5
842a10dffffffff-2017-04,3
842a10dffffffff-2017-05,7
842a10dffffffff-2017-08,2
842a10dffffffff-2017-10,7
842a10dffffffff-2017-11,1
842a10dffffffff-2018-05,8
842a10dffffffff-2018-08,9
842a10dffffffff-2018-09,1
842a10dffffffff-2018-10,2
842a10dffffffff-2019-04,8
842a10dffffffff-2019-05,39
842a10dffffffff-2019-07,1
842a10dffffffff-2019-08,3
842a10dffffffff-2019-10,1
842a10dffffffff-2020-04,1
842a10dffffffff-2020-05,34
842a10dffffffff-2020-08,4
842a10dffffffff-2020-09,2
842a10dffffffff-2020-10,8
842a10dffffffff-2020-11,1
842a10dffffffff-2021-05,11
842a10dffffffff-2021-08,11
842a10dffffffff-2021-09,1
842a10dffffffff-2021-12,1
842a10dffffffff-2022-04,5
842a10dffffffff-2022-05,12
842a10dffffffff-2022-07,1
842a10dffffffff-2022-08,42
842a10dffffffff-2022-09,10
842a10dffffffff-2022-10,7
842a10dffffffff-2022-11,1
842a10dffffffff-2023-04,20
842a10dffffffff-2023-05,77
842a10dffffffff-2023-07,1
842a10dffffffff-2023-08,5
842a10dffffffff-2023-09,2
842a121ffffffff-2012-03,1
842a121ffffffff-2012-04,5
842a121ffffffff-2012-05,6
842a121ffffffff-2012-08,1
842a121ffffffff-2012-09,1
842a121ffffffff-2012-10,1
842a121ffffffff-2013-03,2
842a121ffffffff-2013-04,3
842a121ffffffff-2013-05,21
842a121ffffffff-2013-08,11
842a121ffffffff-2013-09,3
842a121ffffffff-2014-04,5
842a121ffffffff-2014-05,25
842a121ffffffff-2014-07,12
842a121ffffffff-2014-08,5
842a121ffffffff-2015-04,3
842a121ffffffff-2015-05,9
842a121ffffffff-2015-08,2
842a121ffffffff-2015-10,2
842a121ffffffff-2016-04,11
842a121ffffffff-2016-05,20
842a121ffffffff-2016-07,2
842a121ffffffff-2016-08,3
842a121ffffffff-2016-10,1
842a121ffffffff-2017-04,16
842a121ffffffff-2017-05,10
842a121ffffffff-2017-07,1
842a121ffffffff-2017-08,9
842a121ffffffff-2017-09,21
842a121ffffffff-2018-03,2
842a121ffffffff-2018-04,6
842a121ffffffff-2018-05,28
842a121ffffffff-2018-08,2
842a121ffffffff-2018-09,2
842a121ffffffff-2018-10,1
842a121ffffffff-2019-04,27
842a121ffffffff-2019-05,40
842a121ffffffff-2019-07,12
842a121ffffffff-2019-08,66
842a121ffffffff-2019-09,6
842a121ffffffff-2020-04,9
842a121ffffffff-2020-05,57
842a121ffffffff-2020-09,9
842a121ffffffff-2020-10,15
842a121ffffffff-2021-04,30
842a121ffffffff-2021-05,54
842a121ffffffff-2021-07,7
842a121ffffffff-2021-08,71
842a121ffffffff-2021-09,10
842a121ffffffff-2021-10,84
842a121ffffffff-2022-04,56
842a121ffffffff-2022-05,115
842a121ffffffff-2022-06,2
842a121ffffffff-2022-07,17
842a121ffffffff-2022-08,61
842a121ffffffff-2022-09,44
842a121ffffffff-2022-10,22
842a121ffffffff-2022-11,7
842a121ffffffff-2023-03,6
842a121ffffffff-2023-04,7
842a121ffffffff-2023-05,74
842a121ffffffff-2023-07,14
842a121ffffffff-2023-08,92
842a121ffffffff-2023-09,62
842a121ffffffff-2023-10,30
842a121ffffffff-2023-11,2
842a123ffffffff-2012-04,7
842a123ffffffff-2012-05,12
842a123ffffffff-2012-08,1
842a123ffffffff-2012-09,4
842a123ffffffff-2012-10,3
842a123ffffffff-2013-04,6
842a123ffffffff-2013-05,3
842a123ffffffff-2013-08,5
842a123ffffffff-2013-09,11
842a123ffffffff-2013-10,9
842a123ffffffff-2013-11,2
842a123ffffffff-2014-04,1
842a123ffffffff-2014-05,14
842a123ffffffff-2014-07,1
842a123ffffffff-2014-08,11
842a123ffffffff-2014-09,50
842a123ffffffff-2014-10,21
842a123ffffffff-2015-05,3
842a123ffffffff-2015-08,3
842a123ffffffff-2015-09,10
842a123ffffffff-2015-10,2
842a123ffffffff-2015-11,17
842a123ffffffff-2015-12,6
842a123ffffffff-2016-04,3
842a123ffffffff-2016-05,10
842a123ffffffff-2016-08,14
842a123ffffffff-2016-09,29
842a123ffffffff-2016-10,10
842a123ffffffff-2017-04,5
842a123ffffffff-2017-05,10
842a123ffffffff-2017-09,18
842a123ffffffff-2017-10,1
842a123ffffffff-2017-11,12
842a123ffffffff-2018-03,1
842a123ffffffff-2018-04,4
842a123ffffffff-2018-05,10
842a123ffffffff-2018-07,2
842a123ffffffff-2018-08,3
842a123ffffffff-2018-09,23
842a123ffffffff-2018-10,6
842a123ffffffff-2019-04,5
842a123ffffffff-2019-05,17
842a123ffffffff-2019-08,22
842a123ffffffff-2019-09,18
842a123ffffffff-2019-10,23
842a123ffffffff-2020-03,1
842a123ffffffff-2020-04,15
842a123ffffffff-2020-05,29
842a123ffffffff-2020-07,1
842a123ffffffff-2020-08,16
842a123ffffffff-2020-09,51
842a123ffffffff-2020-10,50
842a123ffffffff-2021-04,15
842a123ffffffff-2021-05,29
842a123ffffffff-2021-08,8
842a123ffffffff-2021-09,60
842a123ffffffff-2021-10,90
842a123ffffffff-2022-05,20
842a123ffffffff-2022-07,3
842a123ffffffff-2022-08,137
842a123ffffffff-2022-09,79
842a123ffffffff-2022-10,35
842a123ffffffff-2022-11,3
842a123ffffffff-2023-03,9
842a123ffffffff-2023-04,4
842a123ffffffff-2023-05,38
842a123ffffffff-2023-06,3
842a123ffffffff-2023-08,5
842a123ffffffff-2023-09,2
842a123ffffffff-2023-10,50
842a123ffffffff-2023-11,37
842a125ffffffff-2012-04,1
842a125ffffffff-2012-05,3
842a125ffffffff-2013-05,2
842a125ffffffff-2014-04,1
842a125ffffffff-2014-05,4
842a125ffffffff-2014-06,1
842a125ffffffff-2014-07,2
842a125ffffffff-2014-08,1
842a125ffffffff-2014-10,1
842a125ffffffff-2015-10,1
842a125ffffffff-2016-04,3
842a125ffffffff-2016-05,8
842a125ffffffff-2016-08,1
842a125ffffffff-2016-09,1
842a125ffffffff-2017-05,2
842a125ffffffff-2017-08,2
842a125ffffffff-2018-04,2
842a125ffffffff-2018-05,4
842a125ffffffff-2019-04,2
842a125ffffffff-2019-05,2
842a125ffffffff-2020-04,8
842a125ffffffff-2020-10,1
842a125ffffffff-2021-05,2
842a125ffffffff-2021-09,2
842a125ffffffff-2022-05,1
842a125ffffffff-2023-04,1
842a125ffffffff-2023-05,3
842a127ffffffff-2012-04,4
842a127ffffffff-2012-05,11
842a127ffffffff-2012-07,6
842a127ffffffff-2012-08,8
842a127ffffffff-2012-09,22
842a127ffffffff-2012-10,1
842a127ffffffff-2013-03,2
842a127ffffffff-2013-04,5
842a127ffffffff-2013-05,16
842a127ffffffff-2013-07,1
842a127ffffffff-2013-08,4
842a127ffffffff-2013-09,4
842a127ffffffff-2013-10,2
842a127ffffffff-2014-03,1
842a127ffffffff-2014-04,9
842a127ffffffff-2014-05,29
842a127ffffffff-2014-07,3
842a127ffffffff-2014-08,13
842a127ffffffff-2014-09,14
842a127ffffffff-2014-10,26
842a127ffffffff-2015-03,2
842a127ffffffff-2015-04,30
842a127ffffffff-2015-05,27
842a127ffffffff-2015-07,3
842a127ffffffff-2015-08,69
842a127ffffffff-2015-09,75
842a127ffffffff-2015-10,13
842a127ffffffff-2016-03,5
842a127ffffffff-2016-04,4
842a127ffffffff-2016-05,6
842a127ffffffff-2016-07,85
842a127ffffffff-2016-08,94
842a127ffffffff-2016-09,115
842a127ffffffff-2016-10,24
842a127ffffffff-2016-11,19
842a127ffffffff-2017-03,2
842a127ffffffff-2017-04,31
842a127ffffffff-2017-05,12
842a127ffffffff-2017-07,11
842a127ffffffff-2017-08,28
842a127ffffffff-2017-09,7
842a127ffffffff-2017-10,14
842a127ffffffff-2018-03,1
842a127ffffffff-2018-04,17
842a127ffffffff-2018-05,11
842a127ffffffff-2018-07,2
842a127ffffffff-2018-08,2
842a127ffffffff-2018-09,19
842a127ffffffff-2018-10,10
842a127ffffffff-2019-04,21
842a127ffffffff-2019-05,27
842a127ffffffff-2019-07,6
842a127ffffffff-2019-08,16
842a127ffffffff-2019-09,2
842a127ffffffff-2019-10,1
842a127ffffffff-2020-03,1
842a127ffffffff-2020-04,10
842a127ffffffff-2020-05,63
842a127ffffffff-2020-07,16
842a127ffffffff-2020-08,89
842a127ffffffff-2020-09,32
842a127ffffffff-2020-10,8
842a127ffffffff-2020-11,1
842a127ffffffff-2021-03,3
842a127ffffffff-2021-04,17
842a127ffffffff-2021-05,77
842a127ffffffff-2021-07,12
842a127ffffffff-2021-08,35
842a127ffffffff-2021-09,19
842a127ffffffff-2021-10,22
842a127ffffffff-2022-03,1
842a127ffffffff-2022-04,20
842a127ffffffff-2022-05,60
842a127ffffffff-2022-07,15
842a127ffffffff-2022-08,142
842a127ffffffff-2022-09,88
842a127ffffffff-2022-10,11
842a127ffffffff-2023-03,1
842a127ffffffff-2023-04,31
842a127ffffffff-2023-05,117
842a127ffffffff-2023-07,12
842a127ffffffff-2023-08,115
842a127ffffffff-2023-09,59
842a127ffffffff-2023-10,37
842a127ffffffff-2023-11,2
842a129ffffffff-2012-04,1
842a129ffffffff-2012-05,1
842a129ffffffff-2012-10,1
842a129ffffffff-2013-04,7
842a129ffffffff-2013-07,1
842a129ffffffff-2013-08,3
842a129ffffffff-2013-09,4
842a129ffffffff-2013-10,9
842a129ffffffff-2014-04,2
842a129ffffffff-2014-05,7
842a129ffffffff-2014-08,9
842a129ffffffff-2014-09,4
842a129ffffffff-2014-10,3
842a129ffffffff-2015-04,1
842a129ffffffff-2015-05,7
842a129ffffffff-2015-07,1
842a129ffffffff-2016-04,1
842a129ffffffff-2016-05,2
842a129ffffffff-2016-07,1
842a129ffffffff-2016-08,4
842a129ffffffff-2016-09,1
842a129ffffffff-2017-05,3
842a129ffffffff-2017-08,2
842a129ffffffff-2017-09,1
842a129ffffffff-2018-04,5
842a129ffffffff-2018-05,4
842a129ffffffff-2018-08,6
842a129ffffffff-2018-10,1
842a129ffffffff-2019-04,2
842a129ffffffff-2019-05,23
842a129ffffffff-2019-08,3
842a129ffffffff-2019-09,4
842a129ffffffff-2019-10,2
842a129ffffffff-2020-04,2
842a129ffffffff-2020-05,18
842a129ffffffff-2020-08,12
842a129ffffffff-2020-10,4
842a129ffffffff-2021-05,7
842a129ffffffff-2021-08,6
842a129ffffffff-2021-09,16
842a129ffffffff-2021-10,11
842a129ffffffff-2022-04,5
842a129ffffffff-2022-05,22
842a129ffffffff-2022-08,2
842a129ffffffff-2022-09,4
842a129ffffffff-2022-10,1
842a129ffffffff-2023-04,2
842a129ffffffff-2023-05,13
842a129ffffffff-2023-07,11
842a129ffffffff-2023-08,5
842a12bffffffff-2012-04,6
842a12bffffffff-2012-05,4
842a12bffffffff-2012-07,2
842a12bffffffff-2012-08,26
842a12bffffffff-2012-09,19
842a12bffffffff-2012-10,5
842a12bffffffff-2013-04,13
842a12bffffffff-2013-05,2
842a12bffffffff-2013-08,11
842a12bffffffff-2013-09,12
842a12bffffffff-2013-10,6
842a12bffffffff-2014-04,10
842a12bffffffff-2014-05,13
842a12bffffffff-2014-08,75
842a12bffffffff-2014-09,56
842a12bffffffff-2014-10,12
842a12bffffffff-2015-04,2
842a12bffffffff-2015-05,7
842a12bffffffff-2015-07,3
842a12bffffffff-2015-08,31
842a12bffffffff-2015-09,42
842a12bffffffff-2015-10,10
842a12bffffffff-2015-11,7
842a12bffffffff-2016-04,12
842a12bffffffff-2016-05,47
842a12bffffffff-2016-07,8
842a12bffffffff-2016-08,96
842a12bffffffff-2016-09,69
842a12bffffffff-2016-10,15
842a12bffffffff-2016-11,1
842a12bffffffff-2017-03,5
842a12bffffffff-2017-04,16
842a12bffffffff-2017-05,21
842a12bffffffff-2017-07,1
842a12bffffffff-2017-08,22
842a12bffffffff-2017-09,9
842a12bffffffff-2017-10,2
842a12bffffffff-2018-04,17
842a12bffffffff-2018-05,27
842a12bffffffff-2018-07,1
842a12bffffffff-2018-08,30
842a12bffffffff-2018-09,76
842a12bffffffff-2018-10,5
842a12bffffffff-2019-04,5
842a12bffffffff-2019-05,11
842a12bffffffff-2019-09,18
842a12bffffffff-2019-10,2
842a12bffffffff-2020-04,11
842a12bffffffff-2020-05,40
842a12bffffffff-2020-07,1
842a12bffffffff-2020-08,6
842a12bffffffff-2020-09,13
842a12bffffffff-2020-10,7
842a12bffffffff-2021-04,16
842a12bffffffff-2021-05,49
842a12bffffffff-2021-08,23
842a12bffffffff-2021-09,22
842a12bffffffff-2021-10,3
842a12bffffffff-2022-04,9
842a12bffffffff-2022-05,36
842a12bffffffff-2022-07,18
842a12bffffffff-2022-08,143
842a12bffffffff-2022-09,51
842a12bffffffff-2022-10,15
842a12bffffffff-2023-03,2
842a12bffffffff-2023-04,16
842a12bffffffff-2023-05,39
842a12bffffffff-2023-08,7
842a12bffffffff-2023-09,7
842a12dffffffff-2012-04,1
842a12dffffffff-2012-08,1
842a12dffffffff-2013-08,12
842a12dffffffff-2013-09,11
842a12dffffffff-2013-10,5
842a12dffffffff-2014-04,1
842a12dffffffff-2014-07,4
842a12dffffffff-2014-08,8
842a12dffffffff-2014-09,2
842a12dffffffff-2014-10,2
842a12dffffffff-2015-04,1
842a12dffffffff-2015-05,7
842a12dffffffff-2015-08,17
842a12dffffffff-2015-09,2
842a12dffffffff-2016-03,3
842a12dffffffff-2016-04,8
842a12dffffffff-2016-05,7
842a12dffffffff-2016-07,1
842a12dffffffff-2016-08,2
842a12dffffffff-2016-09,11
842a12dffffffff-2017-04,2
842a12dffffffff-2017-05,2
842a12dffffffff-2017-07,2
842a12dffffffff-2017-08,7
842a12dffffffff-2017-09,4
842a12dffffffff-2018-04,1
842a12dffffffff-2018-05,3
842a12dffffffff-2018-07,1
842a12dffffffff-2018-10,1
842a12dffffffff-2019-04,1
842a12dffffffff-2019-05,9
842a12dffffffff-2019-07,2
842a12dffffffff-2019-08,6
842a12dffffffff-2020-04,1
842a12dffffffff-2020-05,13
842a12dffffffff-2020-07,2
842a12dffffffff-2020-08,4
842a12dffffffff-2020-09,15
842a12dffffffff-2020-10,2
842a12dffffffff-2021-04,4
842a12dffffffff-2021-05,28
842a12dffffffff-2021-07,3
842a12dffffffff-2021-08,28
842a12dffffffff-2021-09,17
842a12dffffffff-2022-04,2
842a12dffffffff-2022-05,16
842a12dffffffff-2022-08,5
842a12dffffffff-2022-09,4
842a12dffffffff-2023-04,6
842a12dffffffff-2023-05,12
842a12dffffffff-2023-06,1
842a12dffffffff-2023-07,4
842a12dffffffff-2023-08,26
842a12dffffffff-2023-09,17
842a131ffffffff-2012-03,1
842a131ffffffff-2012-05,2
842a131ffffffff-2012-07,4
842a131ffffffff-2012-08,4
842a131ffffffff-2013-05,1
842a131ffffffff-2013-07,1
842a131ffffffff-2013-08,76
842a131ffffffff-2013-09,3
842a131ffffffff-2013-10,5
842a131ffffffff-2013-11,1
842a131ffffffff-2014-04,1
842a131ffffffff-2014-05,1
842a131ffffffff-2014-07,3
842a131ffffffff-2014-08,28
842a131ffffffff-2014-09,7
842a131ffffffff-2015-04,1
842a131ffffffff-2015-05,1
842a131ffffffff-2015-07,1
842a131ffffffff-2015-08,69
842a131ffffffff-2015-09,17
842a131ffffffff-2015-10,3
842a131ffffffff-2016-04,2
842a131ffffffff-2016-05,3
842a131ffffffff-2016-07,2
842a131ffffffff-2016-08,49
842a131ffffffff-2016-09,5
842a131ffffffff-2016-10,1
842a131ffffffff-2017-04,4
842a131ffffffff-2017-05,8
842a131ffffffff-2017-07,4
842a131ffffffff-2017-08,64
842a131ffffffff-2017-09,55
842a131ffffffff-2017-10,4
842a131ffffffff-2018-04,2
842a131ffffffff-2018-05,6
842a131ffffffff-2018-07,1
842a131ffffffff-2018-08,5
842a131ffffffff-2018-09,14
842a131ffffffff-2018-10,14
842a131ffffffff-2019-04,1
842a131ffffffff-2019-05,7
842a131ffffffff-2019-07,1
842a131ffffffff-2019-08,54
842a131ffffffff-2019-09,6
842a131ffffffff-2019-10,8
842a131ffffffff-2020-04,5
842a131ffffffff-2020-05,7
842a131ffffffff-2020-07,4
842a131ffffffff-2020-08,141
842a131ffffffff-2020-09,8
842a131ffffffff-2020-10,7
842a131ffffffff-2021-04,6
842a131ffffffff-2021-05,7
842a131ffffffff-2021-07,5
842a131ffffffff-2021-08,121
842a131ffffffff-2021-09,23
842a131ffffffff-2021-10,1
842a131ffffffff-2022-04,2
842a131ffffffff-2022-05,3
842a131ffffffff-2022-07,23
842a131ffffffff-2022-08,100
842a131ffffffff-2022-09,87
842a131ffffffff-2022-10,9
842a131ffffffff-2022-11,5
842a131ffffffff-2023-03,2
842a131ffffffff-2023-04,3
842a131ffffffff-2023-05,11
842a131ffffffff-2023-07,2
842a131ffffffff-2023-08,17
842a131ffffffff-2023-09,9
842a131ffffffff-2023-10,3
842a131ffffffff-2023-11,7
842a133ffffffff-2012-01,2
842a133ffffffff-2012-03,2
842a133ffffffff-2012-04,22
842a133ffffffff-2012-05,42
842a133ffffffff-2012-06,3
842a133ffffffff-2012-07,97
842a133ffffffff-2012-08,151
842a133ffffffff-2012-09,73
842a133ffffffff-2012-10,32
842a133ffffffff-2012-11,1
842a133ffffffff-2013-03,1
842a133ffffffff-2013-04,38
842a133ffffffff-2013-05,76
842a133ffffffff-2013-06,17
842a133ffffffff-2013-07,86
842a133ffffffff-2013-08,114
842a133ffffffff-2013-09,150
842a133ffffffff-2013-10,19
842a133ffffffff-2013-11,17
842a133ffffffff-2013-12,8
842a133ffffffff-2014-03,5
842a133ffffffff-2014-04,52
842a133ffffffff-2014-05,125
842a133ffffffff-2014-06,30
842a133ffffffff-2014-07,88
842a133ffffffff-2014-08,133
842a133ffffffff-2014-09,92
842a133ffffffff-2014-10,41
842a133ffffffff-2014-11,17
842a133ffffffff-2014-12,2
842a133ffffffff-2015-01,3
842a133ffffffff-2015-03,6
842a133ffffffff-2015-04,138
842a133ffffffff-2015-05,167
842a133ffffffff-2015-06,13
842a133ffffffff-2015-07,56
842a133ffffffff-2015-08,167
842a133ffffffff-2015-09,131
842a133ffffffff-2015-10,78
842a133ffffffff-2015-11,27
842a133ffffffff-2016-02,1
842a133ffffffff-2016-03,11
842a133ffffffff-2016-04,61
842a133ffffffff-2016-05,57
842a133ffffffff-2016-06,13
842a133ffffffff-2016-07,156
842a133ffffffff-2016-08,145
842a133ffffffff-2016-09,76
842a133ffffffff-2016-10,26
842a133ffffffff-2016-11,30
842a133ffffffff-2016-12,5
842a133ffffffff-2017-01,2
842a133ffffffff-2017-02,1
842a133ffffffff-2017-03,6
842a133ffffffff-2017-04,124
842a133ffffffff-2017-05,213
842a133ffffffff-2017-06,36
842a133ffffffff-2017-07,150
842a133ffffffff-2017-08,236
842a133ffffffff-2017-09,175
842a133ffffffff-2017-10,186
842a133ffffffff-2017-11,70
842a133ffffffff-2017-12,7
842a133ffffffff-2018-03,9
842a133ffffffff-2018-04,121
842a133ffffffff-2018-05,140
842a133ffffffff-2018-06,39
842a133ffffffff-2018-07,209
842a133ffffffff-2018-08,177
842a133ffffffff-2018-09,204
842a133ffffffff-2018-10,84
842a133ffffffff-2018-11,23
842a133ffffffff-2018-12,2
842a133ffffffff-2019-01,2
842a133ffffffff-2019-03,27
842a133ffffffff-2019-04,87
842a133ffffffff-2019-05,217
842a133ffffffff-2019-06,42
842a133ffffffff-2019-07,121
842a133ffffffff-2019-08,279
842a133ffffffff-2019-09,223
842a133ffffffff-2019-10,120
842a133ffffffff-2019-11,64
842a133ffffffff-2019-12,10
842a133ffffffff-2020-03,2
842a133ffffffff-2020-04,132
842a133ffffffff-2020-05,138
842a133ffffffff-2020-06,45
842a133ffffffff-2020-07,216
842a133ffffffff-2020-08,280
842a133ffffffff-2020-09,231
842a133ffffffff-2020-10,114
842a133ffffffff-2020-11,63
842a133ffffffff-2020-12,14
842a133ffffffff-2021-02,2
842a133ffffffff-2021-03,20
842a133ffffffff-2021-04,188
842a133ffffffff-2021-05,486
842a133ffffffff-2021-06,37
842a133ffffffff-2021-07,268
842a133ffffffff-2021-08,472
842a133ffffffff-2021-09,285
842a133ffffffff-2021-10,259
842a133ffffffff-2021-11,67
842a133ffffffff-2021-12,3
842a133ffffffff-2022-03,15
842a133ffffffff-2022-04,227
842a133ffffffff-2022-05,348
842a133ffffffff-2022-06,106
842a133ffffffff-2022-07,255
842a133ffffffff-2022-08,289
842a133ffffffff-2022-09,209
842a133ffffffff-2022-10,243
842a133ffffffff-2022-11,75
842a133ffffffff-2022-12,9
842a133ffffffff-2023-02,2
842a133ffffffff-2023-03,69
842a133ffffffff-2023-04,322
842a133ffffffff-2023-05,396
842a133ffffffff-2023-06,103
842a133ffffffff-2023-07,241
842a133ffffffff-2023-08,351
842a133ffffffff-2023-09,258
842a133ffffffff-2023-10,233
842a133ffffffff-2023-11,93
842a135ffffffff-2012-04,4
842a135ffffffff-2012-05,2
842a135ffffffff-2012-07,3
842a135ffffffff-2012-08,4
842a135ffffffff-2012-09,6
842a135ffffffff-2012-10,1
842a135ffffffff-2013-04,2
842a135ffffffff-2013-05,7
842a135ffffffff-2013-07,1
842a135ffffffff-2013-08,4
842a135ffffffff-2013-09,8
842a135ffffffff-2013-10,3
842a135ffffffff-2014-04,3
842a135ffffffff-2014-05,11
842a135ffffffff-2014-07,4
842a135ffffffff-2014-08,5
842a135ffffffff-2014-09,11
842a135ffffffff-2014-10,9
842a135ffffffff-2015-04,6
842a135ffffffff-2015-05,10
842a135ffffffff-2015-07,1
842a135ffffffff-2015-08,7
842a135ffffffff-2015-09,22
842a135ffffffff-2015-10,12
842a135ffffffff-2016-04,20
842a135ffffffff-2016-05,28
842a135ffffffff-2016-06,1
842a135ffffffff-2016-07,2
842a135ffffffff-2016-08,23
842a135ffffffff-2016-09,46
842a135ffffffff-2016-10,8
842a135ffffffff-2017-02,1
842a135ffffffff-2017-04,17
842a135ffffffff-2017-05,26
842a135ffffffff-2017-07,20
842a135ffffffff-2017-08,114
842a135ffffffff-2017-09,87
842a135ffffffff-2017-10,5
842a135ffffffff-2017-11,2
842a135ffffffff-2018-03,1
842a135ffffffff-2018-04,15
842a135ffffffff-2018-05,30
842a135ffffffff-2018-07,7
842a135ffffffff-2018-08,26
842a135ffffffff-2018-09,14
842a135ffffffff-2018-10,9
842a135ffffffff-2019-03,1
842a135ffffffff-2019-04,17
842a135ffffffff-2019-05,19
842a135ffffffff-2019-08,35
842a135ffffffff-2019-09,49
842a135ffffffff-2019-10,36
842a135ffffffff-2019-11,1
842a135ffffffff-2020-04,16
842a135ffffffff-2020-05,42
842a135ffffffff-2020-07,3
842a135ffffffff-2020-08,37
842a135ffffffff-2020-09,85
842a135ffffffff-2020-10,53
842a135ffffffff-2021-03,3
842a135ffffffff-2021-04,22
842a135ffffffff-2021-05,69
842a135ffffffff-2021-07,2
842a135ffffffff-2021-08,42
842a135ffffffff-2021-09,142
842a135ffffffff-2021-10,45
842a135ffffffff-2022-04,17
842a135ffffffff-2022-05,84
842a135ffffffff-2022-06,9
842a135ffffffff-2022-07,6
842a135ffffffff-2022-08,99
842a135ffffffff-2022-09,128
842a135ffffffff-2022-10,46
842a135ffffffff-2022-11,12
842a135ffffffff-2023-04,12
842a135ffffffff-2023-05,57
842a135ffffffff-2023-06,3
842a135ffffffff-2023-07,5
842a135ffffffff-2023-08,109
842a135ffffffff-2023-09,123
842a135ffffffff-2023-10,29
842a135ffffffff-2023-11,2
842a137ffffffff-2012-04,2
842a137ffffffff-2012-05,6
842a137ffffffff-2012-07,3
842a137ffffffff-2012-08,7
842a137ffffffff-2012-09,9
842a137ffffffff-2012-10,3
842a137ffffffff-2013-04,1
842a137ffffffff-2013-09,3
842a137ffffffff-2014-05,3
842a137ffffffff-2014-08,3
842a137ffffffff-2014-10,3
842a137ffffffff-2015-05,1
842a137ffffffff-2015-08,5
842a137ffffffff-2015-10,1
842a137ffffffff-2016-04,1
842a137ffffffff-2016-05,2
842a137ffffffff-2017-04,1
842a137ffffffff-2017-08,4
842a137ffffffff-2017-10,1
842a137ffffffff-2018-08,1
842a137ffffffff-2019-05,1
842a137ffffffff-2019-08,5
842a137ffffffff-2020-04,1
842a137ffffffff-2020-05,7
842a137ffffffff-2020-08,5
842a137ffffffff-2020-09,4
842a137ffffffff-2021-05,1
842a137ffffffff-2021-08,6
842a137ffffffff-2021-09,6
842a137ffffffff-2022-08,1
842a137ffffffff-2022-09,1
842a137ffffffff-2023-05,2
842a137ffffffff-2023-08,1
842a139ffffffff-2012-04,13
842a139ffffffff-2012-05,2
842a139ffffffff-2012-06,1
842a139ffffffff-2012-07,2
842a139ffffffff-2012-08,2
842a139ffffffff-2013-04,6
842a139ffffffff-2013-05,1
842a139ffffffff-2013-07,7
842a139ffffffff-2013-08,9
842a139ffffffff-2013-09,1
842a139ffffffff-2013-11,1
842a139ffffffff-2014-03,2
842a139ffffffff-2014-05,5
842a139ffffffff-2014-08,1
842a139ffffffff-2014-11,1
842a139ffffffff-2015-04,1
842a139ffffffff-2015-05,5
842a139ffffffff-2015-07,1
842a139ffffffff-2015-08,5
842a139ffffffff-2015-09,8
842a139ffffffff-2016-04,4
842a139ffffffff-2016-05,2
842a139ffffffff-2016-07,1
842a139ffffffff-2016-08,2
842a139ffffffff-2016-09,3
842a139ffffffff-2016-10,3
842a139ffffffff-2017-04,4
842a139ffffffff-2017-05,5
842a139ffffffff-2017-07,2
842a139ffffffff-2017-08,1
842a139ffffffff-2018-03,1
842a139ffffffff-2018-04,5
842a139ffffffff-2018-05,7
842a139ffffffff-2018-07,1
842a139ffffffff-2019-02,2
842a139ffffffff-2019-04,7
842a139ffffffff-2019-05,6
842a139ffffffff-2019-07,3
842a139ffffffff-2019-08,2
842a139ffffffff-2019-10,1
842a139ffffffff-2020-04,6
842a139ffffffff-2020-05,20
842a139ffffffff-2020-07,1
842a139ffffffff-2020-08,2
842a139ffffffff-2020-10,9
842a139ffffffff-2020-11,2
842a139ffffffff-2021-04,5
842a139ffffffff-2021-05,48
842a139ffffffff-2021-07,1
842a139ffffffff-2021-08,12
842a139ffffffff-2021-09,5
842a139ffffffff-2021-11,1
842a139ffffffff-2022-04,15
842a139ffffffff-2022-05,20
842a139ffffffff-2022-06,129
842a139ffffffff-2022-07,5
842a139ffffffff-2022-08,53
842a139ffffffff-2022-09,19
842a139ffffffff-2022-10,7
842a139ffffffff-2022-11,4
842a139ffffffff-2023-04,11
842a139ffffffff-2023-05,57
842a139ffffffff-2023-07,9
842a139ffffffff-2023-08,5
842a139ffffffff-2023-09,9
842a139ffffffff-2023-10,7
842a139ffffffff-2023-11,5
842a13bffffffff-2012-04,1
842a13bffffffff-2012-05,1
842a13bffffffff-2012-08,4
842a13bffffffff-2012-09,7
842a13bffffffff-2012-10,1
842a13bffffffff-2013-03,1
842a13bffffffff-2013-04,6
842a13bffffffff-2013-05,1
842a13bffffffff-2013-08,2
842a13bffffffff-2014-04,1
842a13bffffffff-2014-05,10
842a13bffffffff-2014-07,6
842a13bffffffff-2014-08,7
842a13bffffffff-2014-09,10
842a13bffffffff-2014-10,1
842a13bffffffff-2015-02,1
842a13bffffffff-2015-04,7
842a13bffffffff-2015-05,34
842a13bffffffff-2015-06,3
842a13bffffffff-2015-07,11
842a13bffffffff-2015-08,20
842a13bffffffff-2015-09,5
842a13bffffffff-2015-10,3
842a13bffffffff-2015-12,2
842a13bffffffff-2016-03,3
842a13bffffffff-2016-04,21
842a13bffffffff-2016-05,20
842a13bffffffff-2016-07,12
842a13bffffffff-2016-08,13
842a13bffffffff-2016-09,6
842a13bffffffff-2017-01,3
842a13bffffffff-2017-02,1
842a13bffffffff-2017-03,2
842a13bffffffff-2017-04,11
842a13bffffffff-2017-05,20
842a13bffffffff-2017-07,10
842a13bffffffff-2017-08,11
842a13bffffffff-2017-09,4
842a13bffffffff-2017-10,4
842a13bffffffff-2017-11,1
842a13bffffffff-2017-12,1
842a13bffffffff-2018-04,7
842a13bffffffff-2018-05,13
842a13bffffffff-2018-07,2
842a13bffffffff-2018-08,14
842a13bffffffff-2018-10,2
842a13bffffffff-2018-11,1
842a13bffffffff-2019-03,3
842a13bffffffff-2019-04,4
842a13bffffffff-2019-05,20
842a13bffffffff-2019-06,1
842a13bffffffff-2019-07,2
842a13bffffffff-2019-08,1
842a13bffffffff-2019-09,7
842a13bffffffff-2019-10,1
842a13bffffffff-2020-04,15
842a13bffffffff-2020-05,43
842a13bffffffff-2020-07,11
842a13bffffffff-2020-08,24
842a13bffffffff-2020-09,16
842a13bffffffff-2020-10,2
842a13bffffffff-2021-03,1
842a13bffffffff-2021-04,26
842a13bffffffff-2021-05,90
842a13bffffffff-2021-06,2
842a13bffffffff-2021-07,18
842a13bffffffff-2021-08,32
842a13bffffffff-2021-09,4
842a13bffffffff-2021-10,2
842a13bffffffff-2021-11,2
842a13bffffffff-2021-12,3
842a13bffffffff-2022-03,2
842a13bffffffff-2022-04,13
842a13bffffffff-2022-05,47
842a13bffffffff-2022-07,4
842a13bffffffff-2022-08,23
842a13bffffffff-2022-09,2
842a13bffffffff-2022-10,1
842a13bffffffff-2022-11,1
842a13bffffffff-2022-12,1
842a13bffffffff-2023-03,4
842a13bffffffff-2023-04,21
842a13bffffffff-2023-05,45
842a13bffffffff-2023-07,7
842a13bffffffff-2023-08,26
842a13bffffffff-2023-09,15
842a13bffffffff-2023-10,9
842a13bffffffff-2023-11,2
842a13dffffffff-2012-04,8
842a13dffffffff-2012-05,12
842a13dffffffff-2012-08,2
842a13dffffffff-2013-04,14
842a13dffffffff-2013-05,9
842a13dffffffff-2013-08,4
842a13dffffffff-2013-09,15
842a13dffffffff-2013-11,1
842a13dffffffff-2014-05,6
842a13dffffffff-2014-07,1
842a13dffffffff-2014-08,3
842a13dffffffff-2014-09,16
842a13dffffffff-2015-04,4
842a13dffffffff-2015-05,30
842a13dffffffff-2015-06,1
842a13dffffffff-2015-08,6
842a13dffffffff-2015-09,1
842a13dffffffff-2015-10,23
842a13dffffffff-2016-04,6
842a13dffffffff-2016-05,1
842a13dffffffff-2016-08,21
842a13dffffffff-2016-09,12
842a13dffffffff-2017-04,3
842a13dffffffff-2017-05,15
842a13dffffffff-2017-08,6
842a13dffffffff-2017-09,2
842a13dffffffff-2017-10,1
842a13dffffffff-2018-04,7
842a13dffffffff-2018-05,20
842a13dffffffff-2018-08,20
842a13dffffffff-2018-09,5
842a13dffffffff-2018-10,1
842a13dffffffff-2019-04,4
842a13dffffffff-2019-05,14
842a13dffffffff-2019-08,4
842a13dffffffff-2019-09,3
842a13dffffffff-2019-10,1
842a13dffffffff-2020-04,4
842a13dffffffff-2020-05,13
842a13dffffffff-2020-08,134
842a13dffffffff-2020-09,42
842a13dffffffff-2020-10,2
842a13dffffffff-2021-05,15
842a13dffffffff-2021-07,1
842a13dffffffff-2021-08,54
842a13dffffffff-2021-09,16
842a13dffffffff-2021-10,5
842a13dffffffff-2022-04,1
842a13dffffffff-2022-05,12
842a13dffffffff-2022-07,28
842a13dffffffff-2022-08,35
842a13dffffffff-2022-09,45
842a13dffffffff-2022-10,13
842a13dffffffff-2023-03,1
842a13dffffffff-2023-04,2
842a13dffffffff-2023-05,20
842a13dffffffff-2023-07,6
842a13dffffffff-2023-08,68
842a13dffffffff-2023-09,27
842a13dffffffff-2023-10,33
842a13dffffffff-2023-11,2
842a141ffffffff-2012-04,9
842a141ffffffff-2012-05,17
842a141ffffffff-2012-06,2
842a141ffffffff-2012-07,2
842a141ffffffff-2013-04,3
842a141ffffffff-2013-05,5
842a141ffffffff-2013-07,4
842a141ffffffff-2013-08,21
842a141ffffffff-2013-10,2
842a141ffffffff-2014-04,6
842a141ffffffff-2014-05,15
842a141ffffffff-2014-08,16
842a141ffffffff-2014-09,27
842a141ffffffff-2014-10,2
842a141ffffffff-2015-04,2
842a141ffffffff-2015-05,20
842a141ffffffff-2015-07,3
842a141ffffffff-2015-08,7
842a141ffffffff-2015-09,5
842a141ffffffff-2016-04,32
842a141ffffffff-2016-05,15
842a141ffffffff-2016-08,5
842a141ffffffff-2016-09,6
842a141ffffffff-2016-10,2
842a141ffffffff-2017-04,16
842a141ffffffff-2017-05,15
842a141ffffffff-2017-08,4
842a141ffffffff-2017-09,4
842a141ffffffff-2018-04,10
842a141ffffffff-2018-05,12
842a141ffffffff-2018-09,1
842a141ffffffff-2019-05,3
842a141ffffffff-2019-09,2
842a141ffffffff-2020-04,2
842a141ffffffff-2020-05,3
842a141ffffffff-2020-08,2
842a141ffffffff-2020-09,1
842a141ffffffff-2020-10,2
842a141ffffffff-2021-05,8
842a141ffffffff-2021-08,2
842a141ffffffff-2021-09,1
842a141ffffffff-2022-04,2
842a141ffffffff-2022-05,21
842a141ffffffff-2022-08,6
842a141ffffffff-2022-09,7
842a141ffffffff-2023-05,9
842a141ffffffff-2023-08,8
842a141ffffffff-2023-09,5
842a143ffffffff-2012-02,6
842a143ffffffff-2012-03,8
842a143ffffffff-2012-04,5
842a143ffffffff-2012-07,6
842a143ffffffff-2012-08,3
842a143ffffffff-2012-09,3
842a143ffffffff-2012-10,1
842a143ffffffff-2013-03,1
842a143ffffffff-2013-04,7
842a143ffffffff-2013-05,1
842a143ffffffff-2013-06,2
842a143ffffffff-2013-07,6
842a143ffffffff-2013-08,5
842a143ffffffff-2013-09,12
842a143ffffffff-2013-10,1
842a143ffffffff-2014-03,1
842a143ffffffff-2014-04,1
842a143ffffffff-2014-05,5
842a143ffffffff-2014-06,1
842a143ffffffff-2014-07,3
842a143ffffffff-2014-08,18
842a143ffffffff-2014-09,21
842a143ffffffff-2014-10,5
842a143ffffffff-2015-04,3
842a143ffffffff-2015-05,3
842a143ffffffff-2015-08,10
842a143ffffffff-2015-09,3
842a143ffffffff-2015-11,3
842a143ffffffff-2016-05,15
842a143ffffffff-2016-07,10
842a143ffffffff-2016-08,67
842a143ffffffff-2016-09,7
842a143ffffffff-2016-10,6
842a143ffffffff-2017-04,1
842a143ffffffff-2017-05,15
842a143ffffffff-2017-07,15
842a143ffffffff-2017-08,27
842a143ffffffff-2017-09,19
842a143ffffffff-2017-10,12
842a143ffffffff-2018-04,10
842a143ffffffff-2018-05,10
842a143ffffffff-2018-07,2
842a143ffffffff-2018-08,12
842a143ffffffff-2018-09,15
842a143ffffffff-2018-10,3
842a143ffffffff-2019-03,1
842a143ffffffff-2019-04,3
842a143ffffffff-2019-05,22
842a143ffffffff-2019-07,6
842a143ffffffff-2019-08,23
842a143ffffffff-2019-09,6
842a143ffffffff-2019-10,1
842a143ffffffff-2020-04,1
842a143ffffffff-2020-05,3
842a143ffffffff-2020-07,7
842a143ffffffff-2020-08,18
842a143ffffffff-2020-09,12
842a143ffffffff-2020-10,7
842a143ffffffff-2021-05,9
842a143ffffffff-2021-07,1
842a143ffffffff-2021-08,33
842a143ffffffff-2021-09,20
842a143ffffffff-2021-10,4
842a143ffffffff-2021-11,8
842a143ffffffff-2022-03,1
842a143ffffffff-2022-04,5
842a143ffffffff-2022-05,8
842a143ffffffff-2022-07,5
842a143ffffffff-2022-08,65
842a143ffffffff-2022-09,13
842a143ffffffff-2022-10,2
842a143ffffffff-2023-03,2
842a143ffffffff-2023-04,1
842a143ffffffff-2023-05,7
842a143ffffffff-2023-07,4
842a143ffffffff-2023-08,17
842a143ffffffff-2023-09,5
842a143ffffffff-2023-10,23
842a145ffffffff-2013-05,1
842a145ffffffff-2013-08,1
842a145ffffffff-2014-04,4
842a145ffffffff-2014-05,2
842a145ffffffff-2014-08,3
842a145ffffffff-2014-09,3
842a145ffffffff-2014-10,1
842a145ffffffff-2015-04,1
842a145ffffffff-2015-05,2
842a145ffffffff-2015-08,7
842a145ffffffff-2015-09,16
842a145ffffffff-2015-10,3
842a145ffffffff-2015-11,1
842a145ffffffff-2016-05,11
842a145ffffffff-2016-08,1
842a145ffffffff-2016-09,6
842a145ffffffff-2017-04,3
842a145ffffffff-2017-05,6
842a145ffffffff-2017-08,26
842a145ffffffff-2017-09,10
842a145ffffffff-2017-10,30
842a145ffffffff-2017-11,1
842a145ffffffff-2018-04,10
842a145ffffffff-2018-05,13
842a145ffffffff-2018-07,4
842a145ffffffff-2018-08,7
842a145ffffffff-2018-09,6
842a145ffffffff-2018-10,1
842a145ffffffff-2019-04,4
842a145ffffffff-2019-05,15
842a145ffffffff-2019-07,15
842a145ffffffff-2019-08,2
842a145ffffffff-2019-10,3
842a145ffffffff-2020-04,6
842a145ffffffff-2020-05,12
842a145ffffffff-2020-07,9
842a145ffffffff-2020-08,6
842a145ffffffff-2020-10,8
842a145ffffffff-2021-04,5
842a145ffffffff-2021-05,16
842a145ffffffff-2021-07,4
842a145ffffffff-2021-08,28
842a145ffffffff-2021-10,5
842a145ffffffff-2022-03,4
842a145ffffffff-2022-04,2
842a145ffffffff-2022-05,7
842a145ffffffff-2022-07,4
842a145ffffffff-2022-08,3
842a145ffffffff-2022-09,5
842a145ffffffff-2022-10,2
842a145ffffffff-2023-04,1
842a145ffffffff-2023-05,17
842a145ffffffff-2023-08,2
842a145ffffffff-2023-09,15
842a145ffffffff-2023-10,2
842a147ffffffff-2016-09,1
842a147ffffffff-2020-05,1
842a147ffffffff-2020-08,1
842a147ffffffff-2020-10,1
842a147ffffffff-2021-05,1
842a147ffffffff-2021-08,2
842a147ffffffff-2021-09,2
842a147ffffffff-2022-08,8
842a147ffffffff-2022-09,2
842a147ffffffff-2023-05,1
842a147ffffffff-2023-08,1
842a147ffffffff-2023-09,2
842a147ffffffff-2023-11,1
842a149ffffffff-2012-05,1
842a149ffffffff-2012-08,1
842a149ffffffff-2013-05,5
842a149ffffffff-2013-08,11
842a149ffffffff-2014-05,5
842a149ffffffff-2014-08,5
842a149ffffffff-2014-09,1
842a149ffffffff-2015-05,6
842a149ffffffff-2015-07,1
842a149ffffffff-2015-08,8
842a149ffffffff-2015-09,3
842a149ffffffff-2016-05,2
842a149ffffffff-2016-07,3
842a149ffffffff-2016-08,2
842a149ffffffff-2016-09,1
842a149ffffffff-2017-05,1
842a149ffffffff-2017-08,23
842a149ffffffff-2017-09,2
842a149ffffffff-2017-10,1
842a149ffffffff-2018-09,1
842a149ffffffff-2018-10,1
842a149ffffffff-2019-04,2
842a149ffffffff-2019-05,12
842a149ffffffff-2019-07,1
842a149ffffffff-2019-08,5
842a149ffffffff-2020-05,11
842a149ffffffff-2020-07,2
842a149ffffffff-2020-08,10
842a149ffffffff-2020-09,5
842a149ffffffff-2020-10,3
842a149ffffffff-2021-05,8
842a149ffffffff-2021-07,1
842a149ffffffff-2021-08,84
842a149ffffffff-2021-09,47
842a149ffffffff-2021-10,5
842a149ffffffff-2022-05,14
842a149ffffffff-2022-07,4
842a149ffffffff-2022-08,35
842a149ffffffff-2022-09,13
842a149ffffffff-2022-10,1
842a149ffffffff-2023-04,5
842a149ffffffff-2023-05,67
842a149ffffffff-2023-07,5
842a149ffffffff-2023-08,127
842a149ffffffff-2023-09,4
842a149ffffffff-2023-10,2
842a14bffffffff-2012-04,7
842a14bffffffff-2012-05,12
842a14bffffffff-2012-06,1
842a14bffffffff-2012-07,9
842a14bffffffff-2012-08,29
842a14bffffffff-2012-09,30
842a14bffffffff-2012-10,10
842a14bffffffff-2013-04,3
842a14bffffffff-2013-05,7
842a14bffffffff-2013-07,5
842a14bffffffff-2013-08,11
842a14bffffffff-2013-09,1
842a14bffffffff-2013-10,1
842a14bffffffff-2014-03,1
842a14bffffffff-2014-04,2
842a14bffffffff-2014-05,18
842a14bffffffff-2014-07,4
842a14bffffffff-2014-08,2
842a14bffffffff-2014-09,2
842a14bffffffff-2015-04,7
842a14bffffffff-2015-05,3
842a14bffffffff-2015-06,1
842a14bffffffff-2015-08,3
842a14bffffffff-2015-09,10
842a14bffffffff-2015-10,1
842a14bffffffff-2016-04,6
842a14bffffffff-2016-05,2
842a14bffffffff-2016-08,6
842a14bffffffff-2016-09,1
842a14bffffffff-2016-10,1
842a14bffffffff-2017-04,6
842a14bffffffff-2017-05,5
842a14bffffffff-2017-08,2
842a14bffffffff-2018-04,5
842a14bffffffff-2018-05,18
842a14bffffffff-2018-08,9
842a14bffffffff-2019-04,1
842a14bffffffff-2019-05,26
842a14bffffffff-2019-08,4
842a14bffffffff-2019-09,2
842a14bffffffff-2020-04,1
842a14bffffffff-2020-05,13
842a14bffffffff-2020-08,9
842a14bffffffff-2020-09,17
842a14bffffffff-2020-10,1
842a14bffffffff-2021-04,1
842a14bffffffff-2021-05,23
842a14bffffffff-2021-08,47
842a14bffffffff-2021-09,51
842a14bffffffff-2021-10,1
842a14bffffffff-2022-03,25
842a14bffffffff-2022-04,35
842a14bffffffff-2022-05,22
842a14bffffffff-2022-07,3
842a14bffffffff-2022-08,12
842a14bffffffff-2022-09,28
842a14bffffffff-2022-10,1
842a14bffffffff-2023-03,22
842a14bffffffff-2023-04,18
842a14bffffffff-2023-05,40
842a14bffffffff-2023-07,22
842a14bffffffff-2023-08,106
842a14bffffffff-2023-09,61
842a14bffffffff-2023-10,10
842a14dffffffff-2012-08,16
842a14dffffffff-2013-04,1
842a14dffffffff-2013-05,1
842a14dffffffff-2013-09,3
842a14dffffffff-2014-04,7
842a14dffffffff-2014-05,4
842a14dffffffff-2014-08,1
842a14dffffffff-2014-09,6
842a14dffffffff-2014-10,4
842a14dffffffff-2015-04,1
842a14dffffffff-2015-05,13
842a14dffffffff-2015-07,3
842a14dffffffff-2015-08,3
842a14dffffffff-2015-09,4
842a14dffffffff-2016-04,2
842a14dffffffff-2016-05,13
842a14dffffffff-2016-08,7
842a14dffffffff-2017-04,5
842a14dffffffff-2017-05,8
842a14dffffffff-2017-07,6
842a14dffffffff-2017-08,7
842a14dffffffff-2017-09,2
842a14dffffffff-2018-04,7
842a14dffffffff-2018-05,13
842a14dffffffff-2018-07,1
842a14dffffffff-2018-08,12
842a14dffffffff-2018-09,1
842a14dffffffff-2019-04,1
842a14dffffffff-2019-05,8
842a14dffffffff-2019-07,1
842a14dffffffff-2019-08,17
842a14dffffffff-2019-09,2
842a14dffffffff-2020-05,42
842a14dffffffff-2020-07,8
842a14dffffffff-2020-08,23
842a14dffffffff-2020-09,2
842a14dffffffff-2021-05,18
842a14dffffffff-2021-07,3
842a14dffffffff-2021-08,41
842a14dffffffff-2021-09,15
842a14dffffffff-2021-10,2
842a14dffffffff-2022-04,1
842a14dffffffff-2022-05,7
842a14dffffffff-2022-07,1
842a14dffffffff-2022-08,33
842a14dffffffff-2022-09,3
842a14dffffffff-2023-05,19
842a14dffffffff-2023-08,23
842a14dffffffff-2023-09,6
842a151ffffffff-2012-04,3
842a151ffffffff-2012-05,9
842a151ffffffff-2012-07,6
842a151ffffffff-2012-08,6
842a151ffffffff-2012-09,1
842a151ffffffff-2012-10,1
842a151ffffffff-2013-04,5
842a151ffffffff-2013-05,3
842a151ffffffff-2013-07,17
842a151ffffffff-2013-08,16
842a151ffffffff-2013-09,9
842a151ffffffff-2014-04,2
842a151ffffffff-2014-05,5
842a151ffffffff-2014-07,5
842a151ffffffff-2014-08,13
842a151ffffffff-2014-09,15
842a151ffffffff-2015-04,6
842a151ffffffff-2015-05,5
842a151ffffffff-2015-06,1
842a151ffffffff-2015-07,3
842a151ffffffff-2015-08,12
842a151ffffffff-2015-09,10
842a151ffffffff-2015-10,5
842a151ffffffff-2016-04,2
842a151ffffffff-2016-05,8
842a151ffffffff-2016-06,1
842a151ffffffff-2016-07,5
842a151ffffffff-2016-08,20
842a151ffffffff-2016-09,11
842a151ffffffff-2016-10,1
842a151ffffffff-2017-04,2
842a151ffffffff-2017-05,5
842a151ffffffff-2017-06,1
842a151ffffffff-2017-07,18
842a151ffffffff-2017-08,14
842a151ffffffff-2017-09,7
842a151ffffffff-2017-10,4
842a151ffffffff-2018-04,1
842a151ffffffff-2018-05,5
842a151ffffffff-2018-07,16
842a151ffffffff-2018-08,12
842a151ffffffff-2018-09,24
842a151ffffffff-2018-10,1
842a151ffffffff-2019-04,4
842a151ffffffff-2019-05,5
842a151ffffffff-2019-07,11
842a151ffffffff-2019-08,21
842a151ffffffff-2019-09,6
842a151ffffffff-2019-10,3
842a151ffffffff-2019-11,1
842a151ffffffff-2020-04,13
842a151ffffffff-2020-05,10
842a151ffffffff-2020-06,1
842a151ffffffff-2020-07,35
842a151ffffffff-2020-08,63
842a151ffffffff-2020-09,17
842a151ffffffff-2020-10,9
842a151ffffffff-2020-11,1
842a151ffffffff-2021-04,1
842a151ffffffff-2021-05,14
842a151ffffffff-2021-07,29
842a151ffffffff-2021-08,47
842a151ffffffff-2021-09,37
842a151ffffffff-2021-11,2
842a151ffffffff-2022-04,8
842a151ffffffff-2022-05,7
842a151ffffffff-2022-06,1
842a151ffffffff-2022-07,11
842a151ffffffff-2022-08,12
842a151ffffffff-2022-09,17
842a151ffffffff-2022-10,7
842a151ffffffff-2023-04,3
842a151ffffffff-2023-05,5
842a151ffffffff-2023-06,1
842a151ffffffff-2023-07,23
842a151ffffffff-2023-08,31
842a151ffffffff-2023-09,11
842a151ffffffff-2023-10,3
842a155ffffffff-2012-04,7
842a155ffffffff-2012-05,7
842a155ffffffff-2012-08,1
842a155ffffffff-2013-04,2
842a155ffffffff-2013-05,5
842a155ffffffff-2013-08,7
842a155ffffffff-2013-09,2
842a155ffffffff-2013-10,1
842a155ffffffff-2014-04,1
842a155ffffffff-2014-05,2
842a155ffffffff-2014-07,1
842a155ffffffff-2014-08,3
842a155ffffffff-2014-09,7
842a155ffffffff-2015-04,3
842a155ffffffff-2015-05,1
842a155ffffffff-2015-07,1
842a155ffffffff-2015-08,1
842a155ffffffff-2015-09,4
842a155ffffffff-2015-10,2
842a155ffffffff-2015-11,1
842a155ffffffff-2016-04,1
842a155ffffffff-2016-05,2
842a155ffffffff-2016-07,1
842a155ffffffff-2016-08,3
842a155ffffffff-2016-09,1
842a155ffffffff-2016-10,1
842a155ffffffff-2017-04,2
842a155ffffffff-2017-05,1
842a155ffffffff-2017-08,2
842a155ffffffff-2017-09,2
842a155ffffffff-2017-10,1
842a155ffffffff-2018-05,1
842a155ffffffff-2018-08,19
842a155ffffffff-2018-10,3
842a155ffffffff-2019-04,2
842a155ffffffff-2019-05,1
842a155ffffffff-2020-04,1
842a155ffffffff-2020-05,4
842a155ffffffff-2020-08,2
842a155ffffffff-2020-09,5
842a155ffffffff-2020-10,5
842a155ffffffff-2021-04,1
842a155ffffffff-2021-05,4
842a155ffffffff-2021-07,3
842a155ffffffff-2021-08,8
842a155ffffffff-2021-09,16
842a155ffffffff-2021-10,2
842a155ffffffff-2021-11,1
842a155ffffffff-2022-05,11
842a155ffffffff-2022-07,8
842a155ffffffff-2022-08,8
842a155ffffffff-2022-09,14
842a155ffffffff-2022-10,9
842a155ffffffff-2022-11,6
842a155ffffffff-2022-12,1
842a155ffffffff-2023-04,5
842a155ffffffff-2023-05,5
842a155ffffffff-2023-08,27
842a155ffffffff-2023-09,15
842a155ffffffff-2023-10,12
842a155ffffffff-2023-11,6
842a157ffffffff-2012-05,4
842a157ffffffff-2012-06,4
842a157ffffffff-2012-07,30
842a157ffffffff-2012-08,13
842a157ffffffff-2012-09,3
842a157ffffffff-2013-04,2
842a157ffffffff-2013-05,1
842a157ffffffff-2013-06,7
842a157ffffffff-2013-07,30
842a157ffffffff-2013-08,17
842a157ffffffff-2013-09,6
842a157ffffffff-2014-05,2
842a157ffffffff-2014-07,24
842a157ffffffff-2014-08,39
842a157ffffffff-2014-09,6
842a157ffffffff-2014-10,1
842a157ffffffff-2015-04,2
842a157ffffffff-2015-05,1
842a157ffffffff-2015-06,1
842a157ffffffff-2015-07,31
842a157ffffffff-2015-08,30
842a157ffffffff-2015-09,5
842a157ffffffff-2016-04,2
842a157ffffffff-2016-05,2
842a157ffffffff-2016-06,3
842a157ffffffff-2016-07,20
842a157ffffffff-2016-08,24
842a157ffffffff-2016-09,4
842a157ffffffff-2016-10,1
842a157ffffffff-2017-04,3
842a157ffffffff-2017-05,2
842a157ffffffff-2017-06,1
842a157ffffffff-2017-07,30
842a157ffffffff-2017-08,16
842a157ffffffff-2017-09,4
842a157ffffffff-2018-05,3
842a157ffffffff-2018-06,4
842a157ffffffff-2018-07,26
842a157ffffffff-2018-08,37
842a157ffffffff-2018-09,4
842a157ffffffff-2019-05,1
842a157ffffffff-2019-07,18
842a157ffffffff-2019-08,36
842a157ffffffff-2019-09,5
842a157ffffffff-2020-05,4
842a157ffffffff-2020-07,21
842a157ffffffff-2020-08,17
842a157ffffffff-2020-09,4
842a157ffffffff-2020-10,1
842a157ffffffff-2021-05,12
842a157ffffffff-2021-06,1
842a157ffffffff-2021-07,29
842a157ffffffff-2021-08,57
842a157ffffffff-2021-09,18
842a157ffffffff-2021-10,3
842a157ffffffff-2022-04,2
842a157ffffffff-2022-05,8
842a157ffffffff-2022-06,1
842a157ffffffff-2022-07,71
842a157ffffffff-2022-08,55
842a157ffffffff-2022-09,7
842a157ffffffff-2022-10,5
842a157ffffffff-2023-04,1
842a157ffffffff-2023-05,1
842a157ffffffff-2023-06,1
842a157ffffffff-2023-07,25
842a157ffffffff-2023-08,78
842a157ffffffff-2023-09,32
842a159ffffffff-2012-04,4
842a159ffffffff-2012-05,5
842a159ffffffff-2012-07,2
842a159ffffffff-2012-08,7
842a159ffffffff-2012-09,3
842a159ffffffff-2012-10,4
842a159ffffffff-2013-04,2
842a159ffffffff-2013-05,3
842a159ffffffff-2013-06,1
842a159ffffffff-2013-07,4
842a159ffffffff-2013-08,15
842a159ffffffff-2013-09,12
842a159ffffffff-2013-10,5
842a159ffffffff-2014-04,1
842a159ffffffff-2014-05,4
842a159ffffffff-2014-06,1
842a159ffffffff-2014-07,6
842a159ffffffff-2014-08,29
842a159ffffffff-2014-09,11
842a159ffffffff-2014-10,2
842a159ffffffff-2015-05,14
842a159ffffffff-2015-06,1
842a159ffffffff-2015-07,10
842a159ffffffff-2015-08,23
842a159ffffffff-2015-09,18
842a159ffffffff-2015-10,1
842a159ffffffff-2016-04,13
842a159ffffffff-2016-05,28
842a159ffffffff-2016-06,2
842a159ffffffff-2016-07,10
842a159ffffffff-2016-08,38
842a159ffffffff-2016-09,20
842a159ffffffff-2016-10,2
842a159ffffffff-2017-04,13
842a159ffffffff-2017-05,4
842a159ffffffff-2017-06,8
842a159ffffffff-2017-07,10
842a159ffffffff-2017-08,24
842a159ffffffff-2017-09,11
842a159ffffffff-2017-10,8
842a159ffffffff-2017-11,3
842a159ffffffff-2018-04,20
842a159ffffffff-2018-05,12
842a159ffffffff-2018-07,13
842a159ffffffff-2018-08,54
842a159ffffffff-2018-09,7
842a159ffffffff-2018-11,1
842a159ffffffff-2019-04,4
842a159ffffffff-2019-05,13
842a159ffffffff-2019-06,3
842a159ffffffff-2019-07,1
842a159ffffffff-2019-08,28
842a159ffffffff-2019-09,16
842a159ffffffff-2019-10,1
842a159ffffffff-2020-04,10
842a159ffffffff-2020-05,39
842a159ffffffff-2020-06,2
842a159ffffffff-2020-07,75
842a159ffffffff-2020-08,62
842a159ffffffff-2020-09,14
842a159ffffffff-2020-10,3
842a159ffffffff-2020-11,2
842a159ffffffff-2021-04,6
842a159ffffffff-2021-05,39
842a159ffffffff-2021-06,1
842a159ffffffff-2021-07,37
842a159ffffffff-2021-08,54
842a159ffffffff-2021-09,18
842a159ffffffff-2021-10,6
842a159ffffffff-2022-03,2
842a159ffffffff-2022-04,9
842a159ffffffff-2022-05,15
842a159ffffffff-2022-07,66
842a159ffffffff-2022-08,69
842a159ffffffff-2022-09,32
842a159ffffffff-2022-10,4
842a159ffffffff-2022-11,1
842a159ffffffff-2023-03,3
842a159ffffffff-2023-04,4
842a159ffffffff-2023-05,22
842a159ffffffff-2023-06,2
842a159ffffffff-2023-07,38
842a159ffffffff-2023-08,84
842a159ffffffff-2023-09,14
842a159ffffffff-2023-10,2
842a15dffffffff-2012-04,5
842a15dffffffff-2012-05,18
842a15dffffffff-2012-07,4
842a15dffffffff-2012-08,22
842a15dffffffff-2012-09,17
842a15dffffffff-2012-10,4
842a15dffffffff-2013-03,2
842a15dffffffff-2013-04,31
842a15dffffffff-2013-05,36
842a15dffffffff-2013-07,29
842a15dffffffff-2013-08,74
842a15dffffffff-2013-09,83
842a15dffffffff-2013-10,13
842a15dffffffff-2013-11,1
842a15dffffffff-2014-03,50
842a15dffffffff-2014-04,40
842a15dffffffff-2014-05,47
842a15dffffffff-2014-06,1
842a15dffffffff-2014-07,115
842a15dffffffff-2014-08,191
842a15dffffffff-2014-09,84
842a15dffffffff-2014-10,5
842a15dffffffff-2015-04,39
842a15dffffffff-2015-05,54
842a15dffffffff-2015-06,12
842a15dffffffff-2015-07,75
842a15dffffffff-2015-08,172
842a15dffffffff-2015-09,43
842a15dffffffff-2015-10,13
842a15dffffffff-2015-11,6
842a15dffffffff-2016-04,13
842a15dffffffff-2016-05,54
842a15dffffffff-2016-07,65
842a15dffffffff-2016-08,59
842a15dffffffff-2016-09,25
842a15dffffffff-2016-10,4
842a15dffffffff-2017-03,2
842a15dffffffff-2017-04,30
842a15dffffffff-2017-05,69
842a15dffffffff-2017-06,1
842a15dffffffff-2017-07,31
842a15dffffffff-2017-08,129
842a15dffffffff-2017-09,66
842a15dffffffff-2017-10,20
842a15dffffffff-2017-11,1
842a15dffffffff-2018-04,72
842a15dffffffff-2018-05,110
842a15dffffffff-2018-06,3
842a15dffffffff-2018-07,13
842a15dffffffff-2018-08,248
842a15dffffffff-2018-09,88
842a15dffffffff-2018-10,102
842a15dffffffff-2018-11,1
842a15dffffffff-2019-03,1
842a15dffffffff-2019-04,27
842a15dffffffff-2019-05,76
842a15dffffffff-2019-06,3
842a15dffffffff-2019-07,29
842a15dffffffff-2019-08,125
842a15dffffffff-2019-09,57
842a15dffffffff-2019-10,9
842a15dffffffff-2020-04,15
842a15dffffffff-2020-05,102
842a15dffffffff-2020-07,33
842a15dffffffff-2020-08,90
842a15dffffffff-2020-09,45
842a15dffffffff-2020-10,25
842a15dffffffff-2021-03,7
842a15dffffffff-2021-04,14
842a15dffffffff-2021-05,110
842a15dffffffff-2021-06,3
842a15dffffffff-2021-07,61
842a15dffffffff-2021-08,244
842a15dffffffff-2021-09,116
842a15dffffffff-2021-10,31
842a15dffffffff-2021-11,4
842a15dffffffff-2021-12,2
842a15dffffffff-2022-03,7
842a15dffffffff-2022-04,20
842a15dffffffff-2022-05,56
842a15dffffffff-2022-06,9
842a15dffffffff-2022-07,98
842a15dffffffff-2022-08,88
842a15dffffffff-2022-09,148
842a15dffffffff-2022-10,61
842a15dffffffff-2023-03,4
842a15dffffffff-2023-04,29
842a15dffffffff-2023-05,118
842a15dffffffff-2023-06,6
842a15dffffffff-2023-07,77
842a15dffffffff-2023-08,211
842a15dffffffff-2023-09,103
842a15dffffffff-2023-10,148
842a15dffffffff-2023-11,12
842a161ffffffff-2012-08,6
842a161ffffffff-2012-09,7
842a161ffffffff-2013-08,10
842a161ffffffff-2013-09,2
842a161ffffffff-2014-05,2
842a161ffffffff-2014-07,7
842a161ffffffff-2014-08,6
842a161ffffffff-2014-10,3
842a161ffffffff-2015-07,1
842a161ffffffff-2015-08,8
842a161ffffffff-2015-09,5
842a161ffffffff-2015-10,2
842a161ffffffff-2016-05,2
842a161ffffffff-2016-08,1
842a161ffffffff-2017-05,2
842a161ffffffff-2017-08,2
842a161ffffffff-2017-09,9
842a161ffffffff-2018-05,1
842a161ffffffff-2018-08,8
842a161ffffffff-2018-09,5
842a161ffffffff-2019-05,4
842a161ffffffff-2019-07,3
842a161ffffffff-2019-08,4
842a161ffffffff-2020-05,4
842a161ffffffff-2020-08,8
842a161ffffffff-2020-09,2
842a161ffffffff-2021-05,7
842a161ffffffff-2021-08,16
842a161ffffffff-2021-09,8
842a161ffffffff-2022-04,11
842a161ffffffff-2022-05,18
842a161ffffffff-2022-08,39
842a161ffffffff-2022-09,34
842a161ffffffff-2022-10,1
842a161ffffffff-2023-04,2
842a161ffffffff-2023-05,12
842a161ffffffff-2023-08,14
842a161ffffffff-2023-09,12
842a161ffffffff-2023-10,10
842a163ffffffff-2012-04,8
842a163ffffffff-2012-05,6
842a163ffffffff-2012-07,5
842a163ffffffff-2012-08,21
842a163ffffffff-2012-09,8
842a163ffffffff-2012-10,3
842a163ffffffff-2013-04,11
842a163ffffffff-2013-05,3
842a163ffffffff-2013-07,1
842a163ffffffff-2013-08,32
842a163ffffffff-2013-09,25
842a163ffffffff-2013-10,17
842a163ffffffff-2013-11,1
842a163ffffffff-2014-04,2
842a163ffffffff-2014-05,16
842a163ffffffff-2014-07,11
842a163ffffffff-2014-08,41
842a163ffffffff-2014-09,6
842a163ffffffff-2014-10,8
842a163ffffffff-2015-04,2
842a163ffffffff-2015-05,12
842a163ffffffff-2015-07,17
842a163ffffffff-2015-08,33
842a163ffffffff-2015-09,19
842a163ffffffff-2015-10,9
842a163ffffffff-2016-04,17
842a163ffffffff-2016-05,18
842a163ffffffff-2016-07,15
842a163ffffffff-2016-08,22
842a163ffffffff-2016-09,42
842a163ffffffff-2016-10,28
842a163ffffffff-2016-11,3
842a163ffffffff-2017-04,6
842a163ffffffff-2017-05,10
842a163ffffffff-2017-07,15
842a163ffffffff-2017-08,25
842a163ffffffff-2017-09,37
842a163ffffffff-2017-10,20
842a163ffffffff-2017-11,5
842a163ffffffff-2018-04,13
842a163ffffffff-2018-05,33
842a163ffffffff-2018-07,13
842a163ffffffff-2018-08,20
842a163ffffffff-2018-09,29
842a163ffffffff-2018-10,6
842a163ffffffff-2018-11,2
842a163ffffffff-2019-04,9
842a163ffffffff-2019-05,43
842a163ffffffff-2019-07,8
842a163ffffffff-2019-08,44
842a163ffffffff-2019-09,79
842a163ffffffff-2019-10,39
842a163ffffffff-2019-11,2
842a163ffffffff-2020-04,6
842a163ffffffff-2020-05,12
842a163ffffffff-2020-06,1
842a163ffffffff-2020-07,4
842a163ffffffff-2020-08,75
842a163ffffffff-2020-09,59
842a163ffffffff-2020-10,39
842a163ffffffff-2020-11,4
842a163ffffffff-2021-04,11
842a163ffffffff-2021-05,26
842a163ffffffff-2021-07,1
842a163ffffffff-2021-08,126
842a163ffffffff-2021-09,20
842a163ffffffff-2021-10,11
842a163ffffffff-2021-11,2
842a163ffffffff-2022-03,1
842a163ffffffff-2022-04,11
842a163ffffffff-2022-05,23
842a163ffffffff-2022-07,6
842a163ffffffff-2022-08,150
842a163ffffffff-2022-09,93
842a163ffffffff-2022-10,24
842a163ffffffff-2022-11,2
842a163ffffffff-2022-12,3
842a163ffffffff-2023-03,7
842a163ffffffff-2023-04,21
842a163ffffffff-2023-05,34
842a163ffffffff-2023-07,6
842a163ffffffff-2023-08,37
842a163ffffffff-2023-09,83
842a163ffffffff-2023-10,42
842a163ffffffff-2023-11,2
842a165ffffffff-2016-05,1
842a165ffffffff-2021-04,1
842a165ffffffff-2022-08,27
842a167ffffffff-2014-05,1
842a167ffffffff-2014-08,1
842a167ffffffff-2014-10,1
842a167ffffffff-2017-05,2
842a167ffffffff-2018-05,1
842a167ffffffff-2018-08,1
842a167ffffffff-2019-08,2
842a167ffffffff-2020-08,1
842a167ffffffff-2021-05,1
842a167ffffffff-2021-08,5
842a167ffffffff-2021-10,1
842a167ffffffff-2022-08,1
842a167ffffffff-2023-10,1
842a169ffffffff-2012-04,1
842a169ffffffff-2012-05,3
842a169ffffffff-2012-08,6
842a169ffffffff-2012-09,10
842a169ffffffff-2012-10,11
842a169ffffffff-2013-05,2
842a169ffffffff-2013-08,5
842a169ffffffff-2013-09,3
842a169ffffffff-2013-10,3
842a169ffffffff-2014-04,2
842a169ffffffff-2014-05,2
842a169ffffffff-2014-07,1
842a169ffffffff-2014-08,15
842a169ffffffff-2014-09,7
842a169ffffffff-2015-04,2
842a169ffffffff-2015-05,2
842a169ffffffff-2015-08,4
842a169ffffffff-2015-11,1
842a169ffffffff-2016-04,2
842a169ffffffff-2016-05,5
842a169ffffffff-2016-07,2
842a169ffffffff-2016-08,21
842a169ffffffff-2016-09,3
842a169ffffffff-2016-10,6
842a169ffffffff-2017-04,3
842a169ffffffff-2017-05,4
842a169ffffffff-2017-07,2
842a169ffffffff-2017-08,3
842a169ffffffff-2017-09,5
842a169ffffffff-2018-04,6
842a169ffffffff-2018-05,8
842a169ffffffff-2018-07,1
842a169ffffffff-2018-08,4
842a169ffffffff-2018-09,26
842a169ffffffff-2018-10,11
842a169ffffffff-2019-04,1
842a169ffffffff-2019-05,12
842a169ffffffff-2019-07,4
842a169ffffffff-2019-08,15
842a169ffffffff-2019-09,68
842a169ffffffff-2019-10,3
842a169ffffffff-2020-04,3
842a169ffffffff-2020-05,10
842a169ffffffff-2020-08,20
842a169ffffffff-2020-09,41
842a169ffffffff-2020-10,19
842a169ffffffff-2020-11,1
842a169ffffffff-2021-05,2
842a169ffffffff-2021-08,23
842a169ffffffff-2021-09,33
842a169ffffffff-2021-10,14
842a169ffffffff-2022-05,5
842a169ffffffff-2022-07,3
842a169ffffffff-2022-08,22
842a169ffffffff-2022-09,17
842a169ffffffff-2022-10,2
842a169ffffffff-2023-04,2
842a169ffffffff-2023-05,5
842a169ffffffff-2023-07,1
842a169ffffffff-2023-08,24
842a169ffffffff-2023-09,20
842a169ffffffff-2023-10,1
842a16bffffffff-2012-05,5
842a16bffffffff-2013-04,1
842a16bffffffff-2013-05,1
842a16bffffffff-2013-07,1
842a16bffffffff-2013-08,3
842a16bffffffff-2013-09,1
842a16bffffffff-2014-04,1
842a16bffffffff-2014-05,1
842a16bffffffff-2014-08,5
842a16bffffffff-2014-09,2
842a16bffffffff-2015-05,1
842a16bffffffff-2015-07,1
842a16bffffffff-2015-09,4
842a16bffffffff-2016-04,1
842a16bffffffff-2016-05,8
842a16bffffffff-2016-08,2
842a16bffffffff-2016-09,3
842a16bffffffff-2017-04,1
842a16bffffffff-2017-05,2
842a16bffffffff-2018-05,5
842a16bffffffff-2018-07,1
842a16bffffffff-2019-04,5
842a16bffffffff-2019-05,12
842a16bffffffff-2019-07,1
842a16bffffffff-2019-08,12
842a16bffffffff-2019-09,6
842a16bffffffff-2020-04,3
842a16bffffffff-2020-05,17
842a16bffffffff-2020-08,3
842a16bffffffff-2020-09,16
842a16bffffffff-2020-10,1
842a16bffffffff-2021-05,3
842a16bffffffff-2021-08,12
842a16bffffffff-2022-07,6
842a16bffffffff-2022-08,53
842a16bffffffff-2022-09,10
842a16bffffffff-2022-11,2
842a16bffffffff-2023-05,1
842a16bffffffff-2023-07,2
842a16bffffffff-2023-08,5
842a16bffffffff-2023-09,15
842a16bffffffff-2023-10,1
842a16bffffffff-2023-11,1
842a16dffffffff-2015-04,1
842a16dffffffff-2015-08,1
842a16dffffffff-2019-08,1
842a187ffffffff-2017-08,29
842a1a5ffffffff-2012-01,1
842a1a5ffffffff-2012-04,11
842a1a5ffffffff-2012-05,4
842a1a5ffffffff-2012-07,10
842a1a5ffffffff-2012-08,45
842a1a5ffffffff-2012-09,26
842a1a5ffffffff-2012-10,16
842a1a5ffffffff-2012-11,2
842a1a5ffffffff-2012-12,2
842a1a5ffffffff-2013-05,1
842a1a5ffffffff-2013-08,17
842a1a5ffffffff-2013-09,6
842a1a5ffffffff-2013-10,14
842a1a5ffffffff-2013-11,5
842a1a5ffffffff-2014-04,1
842a1a5ffffffff-2014-05,11
842a1a5ffffffff-2014-07,8
842a1a5ffffffff-2014-08,7
842a1a5ffffffff-2014-10,1
842a1a5ffffffff-2014-11,4
842a1a5ffffffff-2014-12,2
842a1a5ffffffff-2015-01,2
842a1a5ffffffff-2015-02,1
842a1a5ffffffff-2015-03,1
842a1a5ffffffff-2015-04,9
842a1a5ffffffff-2015-05,2
842a1a5ffffffff-2015-07,10
842a1a5ffffffff-2015-08,14
842a1a5ffffffff-2015-09,15
842a1a5ffffffff-2015-10,3
842a1a5ffffffff-2015-11,2
842a1a5ffffffff-2016-03,2
842a1a5ffffffff-2016-04,4
842a1a5ffffffff-2016-05,10
842a1a5ffffffff-2016-07,7
842a1a5ffffffff-2016-08,9
842a1a5ffffffff-2016-09,3
842a1a5ffffffff-2017-04,7
842a1a5ffffffff-2017-05,4
842a1a5ffffffff-2017-07,1
842a1a5ffffffff-2017-08,11
842a1a5ffffffff-2017-09,6
842a1a5ffffffff-2017-11,3
842a1a5ffffffff-2018-04,5
842a1a5ffffffff-2018-05,8
842a1a5ffffffff-2018-07,8
842a1a5ffffffff-2018-08,19
842a1a5ffffffff-2018-09,7
842a1a5ffffffff-2018-10,5
842a1a5ffffffff-2018-11,2
842a1a5ffffffff-2019-01,1
842a1a5ffffffff-2019-04,6
842a1a5ffffffff-2019-07,5
842a1a5ffffffff-2019-08,7
842a1a5ffffffff-2019-09,1
842a1a5ffffffff-2019-10,3
842a1a5ffffffff-2020-04,2
842a1a5ffffffff-2020-05,1
842a1a5ffffffff-2020-07,14
842a1a5ffffffff-2020-08,34
842a1a5ffffffff-2020-09,6
842a1a5ffffffff-2020-11,2
842a1a5ffffffff-2021-03,2
842a1a5ffffffff-2021-04,1
842a1a5ffffffff-2021-05,7
842a1a5ffffffff-2021-07,3
842a1a5ffffffff-2021-08,4
842a1a5ffffffff-2021-09,5
842a1a5ffffffff-2021-11,9
842a1a5ffffffff-2022-03,1
842a1a5ffffffff-2022-04,7
842a1a5ffffffff-2022-05,4
842a1a5ffffffff-2022-07,2
842a1a5ffffffff-2022-08,12
842a1a5ffffffff-2022-09,6
842a1a5ffffffff-2022-10,2
842a1a5ffffffff-2022-11,7
842a1a5ffffffff-2023-03,1
842a1a5ffffffff-2023-04,7
842a1a5ffffffff-2023-05,21
842a1a5ffffffff-2023-07,6
842a1a5ffffffff-2023-08,15
842a1a5ffffffff-2023-09,7
842a1a5ffffffff-2023-10,2
842a1a5ffffffff-2023-11,3
842a301ffffffff-2012-04,37
842a301ffffffff-2012-05,96
842a301ffffffff-2012-06,15
842a301ffffffff-2012-07,51
842a301ffffffff-2012-08,100
842a301ffffffff-2012-09,107
842a301ffffffff-2012-10,58
842a301ffffffff-2013-04,15
842a301ffffffff-2013-05,143
842a301ffffffff-2013-06,6
842a301ffffffff-2013-07,55
842a301ffffffff-2013-08,143
842a301ffffffff-2013-09,155
842a301ffffffff-2013-10,53
842a301ffffffff-2013-11,3
842a301ffffffff-2014-04,22
842a301ffffffff-2014-05,119
842a301ffffffff-2014-06,12
842a301ffffffff-2014-07,198
842a301ffffffff-2014-08,214
842a301ffffffff-2014-09,175
842a301ffffffff-2014-10,70
842a301ffffffff-2015-04,39
842a301ffffffff-2015-05,127
842a301ffffffff-2015-06,31
842a301ffffffff-2015-07,210
842a301ffffffff-2015-08,246
842a301ffffffff-2015-09,184
842a301ffffffff-2015-10,76
842a301ffffffff-2015-11,7
842a301ffffffff-2016-04,35
842a301ffffffff-2016-05,150
842a301ffffffff-2016-06,50
842a301ffffffff-2016-07,220
842a301ffffffff-2016-08,309
842a301ffffffff-2016-09,250
842a301ffffffff-2016-10,31
842a301ffffffff-2016-11,1
842a301ffffffff-2017-04,84
842a301ffffffff-2017-05,368
842a301ffffffff-2017-06,6
842a301ffffffff-2017-07,137
842a301ffffffff-2017-08,285
842a301ffffffff-2017-09,183
842a301ffffffff-2017-10,92
842a301ffffffff-2017-11,3
842a301ffffffff-2018-04,57
842a301ffffffff-2018-05,354
842a301ffffffff-2018-06,19
842a301ffffffff-2018-07,153
842a301ffffffff-2018-08,281
842a301ffffffff-2018-09,206
842a301ffffffff-2018-10,58
842a301ffffffff-2019-03,66
842a301ffffffff-2019-04,47
842a301ffffffff-2019-05,223
842a301ffffffff-2019-06,14
842a301ffffffff-2019-07,144
842a301ffffffff-2019-08,411
842a301ffffffff-2019-09,364
842a301ffffffff-2019-10,85
842a301ffffffff-2020-03,69
842a301ffffffff-2020-04,36
842a301ffffffff-2020-05,112
842a301ffffffff-2020-06,2
842a301ffffffff-2020-07,146
842a301ffffffff-2020-08,386
842a301ffffffff-2020-09,456
842a301ffffffff-2020-10,144
842a301ffffffff-2020-11,3
842a301ffffffff-2021-03,31
842a301ffffffff-2021-04,17
842a301ffffffff-2021-05,321
842a301ffffffff-2021-06,26
842a301ffffffff-2021-07,265
842a301ffffffff-2021-08,494
842a301ffffffff-2021-09,331
842a301ffffffff-2021-10,167
842a301ffffffff-2021-11,10
842a301ffffffff-2022-04,67
842a301ffffffff-2022-05,339
842a301ffffffff-2022-06,42
842a301ffffffff-2022-07,321
842a301ffffffff-2022-08,489
842a301ffffffff-2022-09,314
842a301ffffffff-2022-10,84
842a301ffffffff-2022-11,3
842a301ffffffff-2023-04,132
842a301ffffffff-2023-05,406
842a301ffffffff-2023-06,48
842a301ffffffff-2023-07,281
842a301ffffffff-2023-08,448
842a301ffffffff-2023-09,332
842a301ffffffff-2023-10,163
842a303ffffffff-2012-05,1
842a303ffffffff-2012-08,3
842a303ffffffff-2012-10,1
842a303ffffffff-2012-11,2
842a303ffffffff-2013-05,2
842a303ffffffff-2013-06,1
842a303ffffffff-2013-08,11
842a303ffffffff-2013-09,2
842a303ffffffff-2013-10,4
842a303ffffffff-2013-11,1
842a303ffffffff-2014-05,5
842a303ffffffff-2014-07,6
842a303ffffffff-2014-08,11
842a303ffffffff-2014-09,11
842a303ffffffff-2014-10,5
842a303ffffffff-2015-05,3
842a303ffffffff-2015-07,7
842a303ffffffff-2015-08,4
842a303ffffffff-2015-09,2
842a303ffffffff-2015-10,2
842a303ffffffff-2016-05,2
842a303ffffffff-2016-07,5
842a303ffffffff-2016-08,30
842a303ffffffff-2016-09,3
842a303ffffffff-2017-04,3
842a303ffffffff-2017-05,10
842a303ffffffff-2017-07,6
842a303ffffffff-2017-08,15
842a303ffffffff-2017-09,13
842a303ffffffff-2017-10,1
842a303ffffffff-2018-04,2
842a303ffffffff-2018-05,14
842a303ffffffff-2018-07,7
842a303ffffffff-2018-08,13
842a303ffffffff-2018-09,10
842a303ffffffff-2019-04,2
842a303ffffffff-2019-05,20
842a303ffffffff-2019-08,5
842a303ffffffff-2019-09,15
842a303ffffffff-2019-10,1
842a303ffffffff-2020-04,6
842a303ffffffff-2020-05,12
842a303ffffffff-2020-07,19
842a303ffffffff-2020-08,65
842a303ffffffff-2020-09,29
842a303ffffffff-2020-10,12
842a303ffffffff-2021-05,20
842a303ffffffff-2021-08,21
842a303ffffffff-2021-09,11
842a303ffffffff-2021-10,2
842a303ffffffff-2021-11,1
842a303ffffffff-2022-05,7
842a303ffffffff-2022-06,1
842a303ffffffff-2022-07,7
842a303ffffffff-2022-08,18
842a303ffffffff-2022-09,1
842a303ffffffff-2023-04,2
842a303ffffffff-2023-05,28
842a303ffffffff-2023-07,5
842a303ffffffff-2023-08,11
842a303ffffffff-2023-09,3
842a305ffffffff-2013-05,2
842a305ffffffff-2013-08,1
842a305ffffffff-2013-09,2
842a305ffffffff-2014-10,1
842a305ffffffff-2015-05,4
842a305ffffffff-2015-08,2
842a305ffffffff-2016-08,5
842a305ffffffff-2016-09,5
842a305ffffffff-2016-10,1
842a305ffffffff-2017-08,2
842a305ffffffff-2017-09,1
842a305ffffffff-2018-05,1
842a305ffffffff-2020-08,1
842a305ffffffff-2020-09,2
842a305ffffffff-2020-10,2
842a305ffffffff-2021-05,1
842a305ffffffff-2021-08,1
842a305ffffffff-2021-09,1
842a305ffffffff-2022-05,2
842a305ffffffff-2022-08,2
842a305ffffffff-2022-09,4
842a305ffffffff-2023-05,1
842a305ffffffff-2023-08,2
842a307ffffffff-2012-04,1
842a307ffffffff-2012-05,10
842a307ffffffff-2012-07,23
842a307ffffffff-2012-08,33
842a307ffffffff-2012-09,36
842a307ffffffff-2012-10,24
842a307ffffffff-2013-03,1
842a307ffffffff-2013-04,5
842a307ffffffff-2013-05,12
842a307ffffffff-2013-06,1
842a307ffffffff-2013-07,19
842a307ffffffff-2013-08,158
842a307ffffffff-2013-09,51
842a307ffffffff-2013-10,4
842a307ffffffff-2014-04,15
842a307ffffffff-2014-05,19
842a307ffffffff-2014-07,25
842a307ffffffff-2014-08,82
842a307ffffffff-2014-09,42
842a307ffffffff-2014-10,71
842a307ffffffff-2015-04,4
842a307ffffffff-2015-05,29
842a307ffffffff-2015-07,29
842a307ffffffff-2015-08,76
842a307ffffffff-2015-09,89
842a307ffffffff-2015-10,25
842a307ffffffff-2015-11,1
842a307ffffffff-2015-12,1
842a307ffffffff-2016-04,17
842a307ffffffff-2016-05,47
842a307ffffffff-2016-06,4
842a307ffffffff-2016-07,70
842a307ffffffff-2016-08,215
842a307ffffffff-2016-09,117
842a307ffffffff-2016-10,47
842a307ffffffff-2016-11,1
842a307ffffffff-2017-04,10
842a307ffffffff-2017-05,44
842a307ffffffff-2017-06,4
842a307ffffffff-2017-07,78
842a307ffffffff-2017-08,155
842a307ffffffff-2017-09,116
842a307ffffffff-2017-10,26
842a307ffffffff-2017-11,4
842a307ffffffff-2018-03,1
842a307ffffffff-2018-04,39
842a307ffffffff-2018-05,65
842a307ffffffff-2018-06,4
842a307ffffffff-2018-07,50
842a307ffffffff-2018-08,97
842a307ffffffff-2018-09,72
842a307ffffffff-2018-10,41
842a307ffffffff-2019-04,11
842a307ffffffff-2019-05,48
842a307ffffffff-2019-07,47
842a307ffffffff-2019-08,135
842a307ffffffff-2019-09,107
842a307ffffffff-2019-10,50
842a307ffffffff-2019-11,2
842a307ffffffff-2020-04,9
842a307ffffffff-2020-05,94
842a307ffffffff-2020-06,1
842a307ffffffff-2020-07,70
842a307ffffffff-2020-08,199
842a307ffffffff-2020-09,68
842a307ffffffff-2020-10,51
842a307ffffffff-2021-03,1
842a307ffffffff-2021-04,7
842a307ffffffff-2021-05,77
842a307ffffffff-2021-06,1
842a307ffffffff-2021-07,51
842a307ffffffff-2021-08,230
842a307ffffffff-2021-09,104
842a307ffffffff-2021-10,136
842a307ffffffff-2021-11,77
842a307ffffffff-2022-04,9
842a307ffffffff-2022-05,26
842a307ffffffff-2022-06,2
842a307ffffffff-2022-07,158
842a307ffffffff-2022-08,462
842a307ffffffff-2022-09,174
842a307ffffffff-2022-10,131
842a307ffffffff-2022-11,35
842a307ffffffff-2023-04,28
842a307ffffffff-2023-05,76
842a307ffffffff-2023-07,127
842a307ffffffff-2023-08,204
842a307ffffffff-2023-09,200
842a307ffffffff-2023-10,243
842a307ffffffff-2023-11,89
842a309ffffffff-2012-05,3
842a309ffffffff-2014-05,1
842a309ffffffff-2015-09,3
842a309ffffffff-2016-08,1
842a309ffffffff-2017-09,1
842a309ffffffff-2018-05,2
842a309ffffffff-2019-09,5
842a309ffffffff-2020-07,1
842a309ffffffff-2021-05,1
842a309ffffffff-2021-08,3
842a309ffffffff-2021-09,12
842a309ffffffff-2022-09,85
842a309ffffffff-2023-05,2
842a309ffffffff-2023-08,2
842a309ffffffff-2023-09,2
842a30dffffffff-2012-04,2
842a30dffffffff-2012-05,10
842a30dffffffff-2012-07,6
842a30dffffffff-2012-08,9
842a30dffffffff-2012-09,14
842a30dffffffff-2012-10,4
842a30dffffffff-2013-05,8
842a30dffffffff-2013-08,20
842a30dffffffff-2013-09,37
842a30dffffffff-2013-10,9
842a30dffffffff-2014-05,7
842a30dffffffff-2014-07,5
842a30dffffffff-2014-08,22
842a30dffffffff-2014-09,16
842a30dffffffff-2014-10,2
842a30dffffffff-2015-04,3
842a30dffffffff-2015-05,15
842a30dffffffff-2015-07,5
842a30dffffffff-2015-08,37
842a30dffffffff-2015-09,16
842a30dffffffff-2015-10,28
842a30dffffffff-2016-04,5
842a30dffffffff-2016-05,20
842a30dffffffff-2016-06,1
842a30dffffffff-2016-07,10
842a30dffffffff-2016-08,45
842a30dffffffff-2016-09,34
842a30dffffffff-2016-10,18
842a30dffffffff-2016-11,2
842a30dffffffff-2017-04,9
842a30dffffffff-2017-05,22
842a30dffffffff-2017-07,22
842a30dffffffff-2017-08,130
842a30dffffffff-2017-09,72
842a30dffffffff-2017-10,10
842a30dffffffff-2017-11,1
842a30dffffffff-2018-04,4
842a30dffffffff-2018-05,26
842a30dffffffff-2018-07,22
842a30dffffffff-2018-08,83
842a30dffffffff-2018-09,93
842a30dffffffff-2018-10,25
842a30dffffffff-2018-11,4
842a30dffffffff-2019-04,1
842a30dffffffff-2019-05,22
842a30dffffffff-2019-06,6
842a30dffffffff-2019-07,32
842a30dffffffff-2019-08,74
842a30dffffffff-2019-09,53
842a30dffffffff-2019-10,39
842a30dffffffff-2019-11,4
842a30dffffffff-2020-04,3
842a30dffffffff-2020-05,22
842a30dffffffff-2020-06,1
842a30dffffffff-2020-07,73
842a30dffffffff-2020-08,139
842a30dffffffff-2020-09,110
842a30dffffffff-2020-10,25
842a30dffffffff-2021-04,4
842a30dffffffff-2021-05,51
842a30dffffffff-2021-06,2
842a30dffffffff-2021-07,39
842a30dffffffff-2021-08,153
842a30dffffffff-2021-09,118
842a30dffffffff-2021-10,54
842a30dffffffff-2021-11,4
842a30dffffffff-2022-04,3
842a30dffffffff-2022-05,33
842a30dffffffff-2022-06,1
842a30dffffffff-2022-07,72
842a30dffffffff-2022-08,130
842a30dffffffff-2022-09,101
842a30dffffffff-2022-10,30
842a30dffffffff-2022-11,3
842a30dffffffff-2023-04,16
842a30dffffffff-2023-05,72
842a30dffffffff-2023-07,37
842a30dffffffff-2023-08,78
842a30dffffffff-2023-09,138
842a30dffffffff-2023-10,46
842a30dffffffff-2023-11,6
842a311ffffffff-2012-03,9
842a311ffffffff-2012-04,7
842a311ffffffff-2012-05,13
842a311ffffffff-2012-07,39
842a311ffffffff-2012-08,93
842a311ffffffff-2012-09,45
842a311ffffffff-2012-10,5
842a311ffffffff-2013-03,1
842a311ffffffff-2013-04,22
842a311ffffffff-2013-05,9
842a311ffffffff-2013-06,1
842a311ffffffff-2013-07,34
842a311ffffffff-2013-08,84
842a311ffffffff-2013-09,50
842a311ffffffff-2013-10,32
842a311ffffffff-2013-11,2
842a311ffffffff-2014-04,25
842a311ffffffff-2014-05,31
842a311ffffffff-2014-07,59
842a311ffffffff-2014-08,98
842a311ffffffff-2014-09,76
842a311ffffffff-2014-10,24
842a311ffffffff-2015-04,17
842a311ffffffff-2015-05,30
842a311ffffffff-2015-06,7
842a311ffffffff-2015-07,58
842a311ffffffff-2015-08,105
842a311ffffffff-2015-09,74
842a311ffffffff-2015-10,7
842a311ffffffff-2015-11,3
842a311ffffffff-2016-04,13
842a311ffffffff-2016-05,42
842a311ffffffff-2016-07,46
842a311ffffffff-2016-08,98
842a311ffffffff-2016-09,78
842a311ffffffff-2016-10,38
842a311ffffffff-2016-11,2
842a311ffffffff-2017-04,49
842a311ffffffff-2017-05,86
842a311ffffffff-2017-07,56
842a311ffffffff-2017-08,176
842a311ffffffff-2017-09,57
842a311ffffffff-2017-10,36
842a311ffffffff-2017-11,1
842a311ffffffff-2018-03,1
842a311ffffffff-2018-04,83
842a311ffffffff-2018-05,41
842a311ffffffff-2018-06,2
842a311ffffffff-2018-07,56
842a311ffffffff-2018-08,184
842a311ffffffff-2018-09,82
842a311ffffffff-2018-10,26
842a311ffffffff-2018-11,1
842a311ffffffff-2019-04,32
842a311ffffffff-2019-05,59
842a311ffffffff-2019-06,1
842a311ffffffff-2019-07,105
842a311ffffffff-2019-08,190
842a311ffffffff-2019-09,146
842a311ffffffff-2019-10,21
842a311ffffffff-2020-03,1
842a311ffffffff-2020-04,29
842a311ffffffff-2020-05,78
842a311ffffffff-2020-06,2
842a311ffffffff-2020-07,82
842a311ffffffff-2020-08,222
842a311ffffffff-2020-09,127
842a311ffffffff-2020-10,39
842a311ffffffff-2020-11,1
842a311ffffffff-2021-03,7
842a311ffffffff-2021-04,83
842a311ffffffff-2021-05,109
842a311ffffffff-2021-06,5
842a311ffffffff-2021-07,73
842a311ffffffff-2021-08,203
842a311ffffffff-2021-09,112
842a311ffffffff-2021-10,44
842a311ffffffff-2022-01,3
842a311ffffffff-2022-03,1
842a311ffffffff-2022-04,69
842a311ffffffff-2022-05,41
842a311ffffffff-2022-06,2
842a311ffffffff-2022-07,118
842a311ffffffff-2022-08,187
842a311ffffffff-2022-09,121
842a311ffffffff-2022-10,65
842a311ffffffff-2022-11,1
842a311ffffffff-2023-03,23
842a311ffffffff-2023-04,46
842a311ffffffff-2023-05,75
842a311ffffffff-2023-06,4
842a311ffffffff-2023-07,72
842a311ffffffff-2023-08,266
842a311ffffffff-2023-09,163
842a311ffffffff-2023-10,58
842a313ffffffff-2012-05,13
842a313ffffffff-2012-06,1
842a313ffffffff-2012-07,3
842a313ffffffff-2012-08,11
842a313ffffffff-2012-09,2
842a313ffffffff-2012-10,16
842a313ffffffff-2012-11,1
842a313ffffffff-2013-07,6
842a313ffffffff-2013-08,21
842a313ffffffff-2013-09,13
842a313ffffffff-2014-05,2
842a313ffffffff-2014-07,2
842a313ffffffff-2014-08,38
842a313ffffffff-2014-09,41
842a313ffffffff-2014-10,9
842a313ffffffff-2014-11,1
842a313ffffffff-2015-04,2
842a313ffffffff-2015-07,7
842a313ffffffff-2015-08,7
842a313ffffffff-2015-09,3
842a313ffffffff-2015-10,1
842a313ffffffff-2016-05,3
842a313ffffffff-2016-07,14
842a313ffffffff-2016-08,5
842a313ffffffff-2016-09,2
842a313ffffffff-2016-10,15
842a313ffffffff-2017-05,2
842a313ffffffff-2017-07,8
842a313ffffffff-2017-08,20
842a313ffffffff-2017-09,17
842a313ffffffff-2017-10,4
842a313ffffffff-2018-04,2
842a313ffffffff-2018-05,11
842a313ffffffff-2018-06,1
842a313ffffffff-2018-07,12
842a313ffffffff-2018-08,39
842a313ffffffff-2018-09,25
842a313ffffffff-2018-10,1
842a313ffffffff-2018-11,7
842a313ffffffff-2019-05,7
842a313ffffffff-2019-07,9
842a313ffffffff-2019-08,45
842a313ffffffff-2019-09,26
842a313ffffffff-2019-10,3
842a313ffffffff-2019-11,2
842a313ffffffff-2020-04,10
842a313ffffffff-2020-05,11
842a313ffffffff-2020-07,13
842a313ffffffff-2020-08,25
842a313ffffffff-2020-09,1
842a313ffffffff-2020-11,1
842a313ffffffff-2021-04,1
842a313ffffffff-2021-05,4
842a313ffffffff-2021-07,6
842a313ffffffff-2021-08,30
842a313ffffffff-2021-09,40
842a313ffffffff-2021-11,1
842a313ffffffff-2022-05,11
842a313ffffffff-2022-06,3
842a313ffffffff-2022-07,13
842a313ffffffff-2022-08,39
842a313ffffffff-2022-09,13
842a313ffffffff-2022-10,5
842a313ffffffff-2023-05,4
842a313ffffffff-2023-07,25
842a313ffffffff-2023-08,45
842a313ffffffff-2023-09,41
842a313ffffffff-2023-11,2
842a315ffffffff-2012-04,6
842a315ffffffff-2012-05,21
842a315ffffffff-2012-07,9
842a315ffffffff-2012-08,8
842a315ffffffff-2012-10,4
842a315ffffffff-2013-05,8
842a315ffffffff-2013-07,12
842a315ffffffff-2013-08,27
842a315ffffffff-2013-09,4
842a315ffffffff-2014-05,2
842a315ffffffff-2014-07,12
842a315ffffffff-2014-08,12
842a315ffffffff-2014-09,13
842a315ffffffff-2014-10,1
842a315ffffffff-2015-04,3
842a315ffffffff-2015-05,6
842a315ffffffff-2015-07,1
842a315ffffffff-2015-08,10
842a315ffffffff-2015-09,4
842a315ffffffff-2015-10,11
842a315ffffffff-2016-04,5
842a315ffffffff-2016-05,24
842a315ffffffff-2016-07,16
842a315ffffffff-2016-08,18
842a315ffffffff-2016-09,20
842a315ffffffff-2016-10,18
842a315ffffffff-2017-04,13
842a315ffffffff-2017-05,38
842a315ffffffff-2017-06,2
842a315ffffffff-2017-07,12
842a315ffffffff-2017-08,46
842a315ffffffff-2017-09,14
842a315ffffffff-2017-10,1
842a315ffffffff-2017-11,1
842a315ffffffff-2018-04,15
842a315ffffffff-2018-05,30
842a315ffffffff-2018-06,2
842a315ffffffff-2018-07,4
842a315ffffffff-2018-08,21
842a315ffffffff-2018-09,16
842a315ffffffff-2018-10,2
842a315ffffffff-2019-04,3
842a315ffffffff-2019-05,15
842a315ffffffff-2019-07,3
842a315ffffffff-2019-08,8
842a315ffffffff-2019-09,45
842a315ffffffff-2019-10,1
842a315ffffffff-2020-04,10
842a315ffffffff-2020-05,5
842a315ffffffff-2020-07,38
842a315ffffffff-2020-08,38
842a315ffffffff-2020-09,9
842a315ffffffff-2020-10,5
842a315ffffffff-2020-11,2
842a315ffffffff-2021-05,10
842a315ffffffff-2021-06,1
842a315ffffffff-2021-07,5
842a315ffffffff-2021-08,9
842a315ffffffff-2021-09,22
842a315ffffffff-2021-10,9
842a315ffffffff-2022-03,2
842a315ffffffff-2022-04,2
842a315ffffffff-2022-05,7
842a315ffffffff-2022-07,28
842a315ffffffff-2022-08,28
842a315ffffffff-2022-09,6
842a315ffffffff-2022-10,2
842a315ffffffff-2023-04,1
842a315ffffffff-2023-05,42
842a315ffffffff-2023-06,2
842a315ffffffff-2023-07,9
842a315ffffffff-2023-08,44
842a315ffffffff-2023-09,41
842a315ffffffff-2023-10,4
842a315ffffffff-2023-11,3
842a317ffffffff-2012-05,1
842a317ffffffff-2012-07,2
842a317ffffffff-2012-08,4
842a317ffffffff-2012-09,3
842a317ffffffff-2012-10,1
842a317ffffffff-2013-05,1
842a317ffffffff-2013-07,2
842a317ffffffff-2013-08,11
842a317ffffffff-2013-09,4
842a317ffffffff-2013-10,4
842a317ffffffff-2013-11,1
842a317ffffffff-2014-04,1
842a317ffffffff-2014-05,4
842a317ffffffff-2014-06,2
842a317ffffffff-2014-07,7
842a317ffffffff-2014-08,6
842a317ffffffff-2014-09,11
842a317ffffffff-2015-04,1
842a317ffffffff-2015-05,1
842a317ffffffff-2015-07,6
842a317ffffffff-2015-08,12
842a317ffffffff-2015-09,11
842a317ffffffff-2015-10,3
842a317ffffffff-2016-04,1
842a317ffffffff-2016-05,6
842a317ffffffff-2016-07,8
842a317ffffffff-2016-08,13
842a317ffffffff-2016-09,6
842a317ffffffff-2016-10,8
842a317ffffffff-2017-04,4
842a317ffffffff-2017-05,4
842a317ffffffff-2017-07,8
842a317ffffffff-2017-08,24
842a317ffffffff-2017-09,11
842a317ffffffff-2017-10,2
842a317ffffffff-2018-04,1
842a317ffffffff-2018-05,6
842a317ffffffff-2018-06,2
842a317ffffffff-2018-07,3
842a317ffffffff-2018-08,30
842a317ffffffff-2018-09,10
842a317ffffffff-2018-10,6
842a317ffffffff-2019-04,2
842a317ffffffff-2019-05,4
842a317ffffffff-2019-07,9
842a317ffffffff-2019-08,27
842a317ffffffff-2019-09,8
842a317ffffffff-2019-10,3
842a317ffffffff-2020-04,4
842a317ffffffff-2020-05,8
842a317ffffffff-2020-07,9
842a317ffffffff-2020-08,50
842a317ffffffff-2020-09,110
842a317ffffffff-2020-10,8
842a317ffffffff-2020-11,2
842a317ffffffff-2021-03,1
842a317ffffffff-2021-04,2
842a317ffffffff-2021-05,38
842a317ffffffff-2021-06,1
842a317ffffffff-2021-07,8
842a317ffffffff-2021-08,19
842a317ffffffff-2021-09,20
842a317ffffffff-2021-10,1
842a317ffffffff-2022-04,3
842a317ffffffff-2022-05,6
842a317ffffffff-2022-06,4
842a317ffffffff-2022-07,6
842a317ffffffff-2022-08,19
842a317ffffffff-2022-09,16
842a317ffffffff-2023-04,2
842a317ffffffff-2023-05,8
842a317ffffffff-2023-07,22
842a317ffffffff-2023-08,66
842a317ffffffff-2023-09,7
842a317ffffffff-2023-10,9
842a31dffffffff-2012-04,1
842a31dffffffff-2012-05,13
842a31dffffffff-2012-07,1
842a31dffffffff-2012-08,14
842a31dffffffff-2012-09,11
842a31dffffffff-2012-10,7
842a31dffffffff-2013-04,4
842a31dffffffff-2013-05,4
842a31dffffffff-2013-06,1
842a31dffffffff-2013-07,2
842a31dffffffff-2013-08,8
842a31dffffffff-2013-09,4
842a31dffffffff-2013-10,2
842a31dffffffff-2014-07,4
842a31dffffffff-2014-08,12
842a31dffffffff-2014-09,4
842a31dffffffff-2014-10,1
842a31dffffffff-2015-05,3
842a31dffffffff-2015-07,5
842a31dffffffff-2015-08,23
842a31dffffffff-2015-09,20
842a31dffffffff-2015-10,1
842a31dffffffff-2016-05,1
842a31dffffffff-2016-07,12
842a31dffffffff-2016-08,21
842a31dffffffff-2016-09,4
842a31dffffffff-2016-10,4
842a31dffffffff-2017-05,4
842a31dffffffff-2017-06,1
842a31dffffffff-2017-07,9
842a31dffffffff-2017-08,42
842a31dffffffff-2017-09,49
842a31dffffffff-2017-10,10
842a31dffffffff-2018-04,3
842a31dffffffff-2018-05,8
842a31dffffffff-2018-07,2
842a31dffffffff-2018-08,18
842a31dffffffff-2018-09,6
842a31dffffffff-2018-10,1
842a31dffffffff-2019-04,1
842a31dffffffff-2019-05,15
842a31dffffffff-2019-07,3
842a31dffffffff-2019-08,30
842a31dffffffff-2019-09,20
842a31dffffffff-2019-10,1
842a31dffffffff-2020-05,12
842a31dffffffff-2020-07,8
842a31dffffffff-2020-08,23
842a31dffffffff-2020-09,19
842a31dffffffff-2020-10,11
842a31dffffffff-2021-04,3
842a31dffffffff-2021-05,13
842a31dffffffff-2021-06,3
842a31dffffffff-2021-07,13
842a31dffffffff-2021-08,44
842a31dffffffff-2021-09,12
842a31dffffffff-2021-10,5
842a31dffffffff-2022-05,15
842a31dffffffff-2022-06,1
842a31dffffffff-2022-07,17
842a31dffffffff-2022-08,47
842a31dffffffff-2022-09,16
842a31dffffffff-2022-10,13
842a31dffffffff-2023-04,4
842a31dffffffff-2023-05,8
842a31dffffffff-2023-07,6
842a31dffffffff-2023-08,46
842a31dffffffff-2023-09,16
842a31dffffffff-2023-10,13
842a321ffffffff-2012-05,1
842a321ffffffff-2013-05,3
842a321ffffffff-2014-05,2
842a321ffffffff-2014-07,2
842a321ffffffff-2014-10,2
842a321ffffffff-2015-05,1
842a321ffffffff-2016-04,1
842a321ffffffff-2016-05,3
842a321ffffffff-2016-07,1
842a321ffffffff-2017-02,1
842a321ffffffff-2017-04,1
842a321ffffffff-2017-05,1
842a321ffffffff-2017-08,1
842a321ffffffff-2017-09,4
842a321ffffffff-2018-05,4
842a321ffffffff-2018-09,1
842a321ffffffff-2019-04,8
842a321ffffffff-2019-05,10
842a321ffffffff-2019-09,7
842a321ffffffff-2020-04,1
842a321ffffffff-2020-05,13
842a321ffffffff-2020-08,8
842a321ffffffff-2020-09,10
842a321ffffffff-2020-10,5
842a321ffffffff-2021-05,11
842a321ffffffff-2021-07,8
842a321ffffffff-2021-08,55
842a321ffffffff-2021-09,4
842a321ffffffff-2022-04,2
842a321ffffffff-2022-05,13
842a321ffffffff-2022-08,2
842a321ffffffff-2022-09,1
842a321ffffffff-2023-04,2
842a321ffffffff-2023-05,11
842a321ffffffff-2023-09,5
842a323ffffffff-2013-05,1
842a323ffffffff-2014-04,2
842a323ffffffff-2014-05,5
842a323ffffffff-2015-05,1
842a323ffffffff-2015-09,4
842a323ffffffff-2016-05,1
842a323ffffffff-2016-07,1
842a323ffffffff-2016-08,5
842a323ffffffff-2016-09,3
842a323ffffffff-2016-10,8
842a323ffffffff-2016-11,2
842a323ffffffff-2017-08,1
842a323ffffffff-2017-10,1
842a323ffffffff-2017-11,1
842a323ffffffff-2018-09,1
842a323ffffffff-2019-04,1
842a323ffffffff-2019-05,2
842a323ffffffff-2019-08,3
842a323ffffffff-2019-10,2
842a323ffffffff-2020-04,3
842a323ffffffff-2020-05,2
842a323ffffffff-2020-08,4
842a323ffffffff-2020-09,2
842a323ffffffff-2020-11,3
842a323ffffffff-2021-04,1
842a323ffffffff-2021-08,2
842a323ffffffff-2021-09,1
842a323ffffffff-2022-04,6
842a323ffffffff-2022-05,1
842a323ffffffff-2022-07,1
842a323ffffffff-2022-08,21
842a323ffffffff-2022-09,1
842a323ffffffff-2022-10,3
842a323ffffffff-2022-11,2
842a323ffffffff-2023-05,5
842a323ffffffff-2023-08,1
842a325ffffffff-2012-05,2
842a325ffffffff-2013-07,1
842a325ffffffff-2014-05,7
842a325ffffffff-2014-08,1
842a325ffffffff-2015-05,4
842a325ffffffff-2016-05,4
842a325ffffffff-2017-05,1
842a325ffffffff-2018-05,3
842a325ffffffff-2019-04,4
842a325ffffffff-2019-05,7
842a325ffffffff-2020-05,4
842a325ffffffff-2021-04,1
842a325ffffffff-2021-05,8
842a325ffffffff-2021-08,3
842a325ffffffff-2021-09,1
842a325ffffffff-2022-05,3
842a325ffffffff-2022-09,1
842a325ffffffff-2023-04,1
842a325ffffffff-2023-05,5
842a327ffffffff-2012-04,2
842a327ffffffff-2012-07,1
842a327ffffffff-2013-05,1
842a327ffffffff-2013-08,21
842a327ffffffff-2013-09,8
842a327ffffffff-2014-04,2
842a327ffffffff-2014-05,6
842a327ffffffff-2014-08,7
842a327ffffffff-2014-09,13
842a327ffffffff-2014-10,1
842a327ffffffff-2015-04,3
842a327ffffffff-2015-05,7
842a327ffffffff-2015-07,1
842a327ffffffff-2015-08,33
842a327ffffffff-2015-09,20
842a327ffffffff-2016-04,2
842a327ffffffff-2016-05,7
842a327ffffffff-2016-08,1
842a327ffffffff-2017-04,4
842a327ffffffff-2017-05,2
842a327ffffffff-2017-07,1
842a327ffffffff-2017-08,1
842a327ffffffff-2018-04,10
842a327ffffffff-2018-05,21
842a327ffffffff-2018-07,4
842a327ffffffff-2018-08,2
842a327ffffffff-2018-09,30
842a327ffffffff-2018-10,25
842a327ffffffff-2019-04,8
842a327ffffffff-2019-05,74
842a327ffffffff-2019-07,1
842a327ffffffff-2019-08,1
842a327ffffffff-2019-09,14
842a327ffffffff-2020-04,13
842a327ffffffff-2020-05,66
842a327ffffffff-2020-07,1
842a327ffffffff-2020-08,2
842a327ffffffff-2020-09,5
842a327ffffffff-2020-10,2
842a327ffffffff-2021-05,33
842a327ffffffff-2021-07,7
842a327ffffffff-2021-08,11
842a327ffffffff-2021-09,39
842a327ffffffff-2021-10,1
842a327ffffffff-2022-04,7
842a327ffffffff-2022-05,37
842a327ffffffff-2022-06,1
842a327ffffffff-2022-07,3
842a327ffffffff-2022-08,8
842a327ffffffff-2022-09,11
842a327ffffffff-2022-10,3
842a327ffffffff-2023-04,10
842a327ffffffff-2023-05,58
842a327ffffffff-2023-07,92
842a327ffffffff-2023-08,239
842a327ffffffff-2023-09,81
842a327ffffffff-2023-10,13
842a329ffffffff-2015-09,6
842a329ffffffff-2015-10,1
842a329ffffffff-2017-08,1
842a329ffffffff-2020-09,2
842a329ffffffff-2021-08,3
842a329ffffffff-2021-10,1
842a329ffffffff-2022-05,4
842a329ffffffff-2022-08,7
842a329ffffffff-2022-09,21
842a329ffffffff-2023-05,1
842a329ffffffff-2023-08,6
842a329ffffffff-2023-09,1
842a32bffffffff-2012-04,18
842a32bffffffff-2012-05,14
842a32bffffffff-2012-08,3
842a32bffffffff-2013-04,57
842a32bffffffff-2013-05,1
842a32bffffffff-2013-08,4
842a32bffffffff-2013-09,16
842a32bffffffff-2013-10,8
842a32bffffffff-2014-03,1
842a32bffffffff-2014-04,27
842a32bffffffff-2014-05,32
842a32bffffffff-2014-08,15
842a32bffffffff-2014-09,2
842a32bffffffff-2015-04,13
842a32bffffffff-2015-05,4
842a32bffffffff-2015-08,16
842a32bffffffff-2015-09,16
842a32bffffffff-2016-03,3
842a32bffffffff-2016-04,6
842a32bffffffff-2016-05,18
842a32bffffffff-2016-08,1
842a32bffffffff-2017-04,11
842a32bffffffff-2017-05,29
842a32bffffffff-2017-07,2
842a32bffffffff-2017-08,3
842a32bffffffff-2017-09,10
842a32bffffffff-2017-10,1
842a32bffffffff-2018-04,37
842a32bffffffff-2018-05,18
842a32bffffffff-2018-08,8
842a32bffffffff-2018-09,1
842a32bffffffff-2019-04,10
842a32bffffffff-2019-05,80
842a32bffffffff-2019-07,1
842a32bffffffff-2019-08,1
842a32bffffffff-2019-09,11
842a32bffffffff-2019-10,1
842a32bffffffff-2020-04,13
842a32bffffffff-2020-05,60
842a32bffffffff-2020-08,20
842a32bffffffff-2020-09,2
842a32bffffffff-2021-04,13
842a32bffffffff-2021-05,86
842a32bffffffff-2021-06,14
842a32bffffffff-2021-07,1
842a32bffffffff-2021-08,14
842a32bffffffff-2022-03,11
842a32bffffffff-2022-04,29
842a32bffffffff-2022-05,24
842a32bffffffff-2022-07,3
842a32bffffffff-2022-08,53
842a32bffffffff-2022-09,6
842a32bffffffff-2022-10,4
842a32bffffffff-2023-04,50
842a32bffffffff-2023-05,104
842a32bffffffff-2023-07,4
842a32bffffffff-2023-08,21
842a32bffffffff-2023-09,2
842a32bffffffff-2023-10,1
842a32dffffffff-2012-04,5
842a32dffffffff-2012-05,6
842a32dffffffff-2013-04,6
842a32dffffffff-2013-05,21
842a32dffffffff-2013-10,1
842a32dffffffff-2014-05,12
842a32dffffffff-2014-07,1
842a32dffffffff-2014-08,1
842a32dffffffff-2015-05,12
842a32dffffffff-2015-08,1
842a32dffffffff-2015-09,4
842a32dffffffff-2016-04,2
842a32dffffffff-2016-05,22
842a32dffffffff-2016-08,3
842a32dffffffff-2017-04,14
842a32dffffffff-2017-05,3
842a32dffffffff-2017-08,7
842a32dffffffff-2017-09,1
842a32dffffffff-2018-04,6
842a32dffffffff-2018-05,19
842a32dffffffff-2018-08,3
842a32dffffffff-2018-09,5
842a32dffffffff-2019-04,9
842a32dffffffff-2019-05,11
842a32dffffffff-2020-05,9
842a32dffffffff-2020-08,17
842a32dffffffff-2020-09,6
842a32dffffffff-2020-10,6
842a32dffffffff-2021-04,2
842a32dffffffff-2021-05,39
842a32dffffffff-2021-07,5
842a32dffffffff-2021-08,20
842a32dffffffff-2021-09,8
842a32dffffffff-2022-05,15
842a32dffffffff-2022-08,17
842a32dffffffff-2022-09,9
842a32dffffffff-2022-10,3
842a32dffffffff-2023-05,31
842a32dffffffff-2023-07,4
842a32dffffffff-2023-08,7
842a32dffffffff-2023-09,2
842a331ffffffff-2012-06,1
842a331ffffffff-2012-08,1
842a331ffffffff-2012-10,1
842a331ffffffff-2013-04,1
842a331ffffffff-2013-07,3
842a331ffffffff-2013-08,6
842a331ffffffff-2013-09,1
842a331ffffffff-2013-11,1
842a331ffffffff-2014-10,1
842a331ffffffff-2015-05,1
842a331ffffffff-2015-09,1
842a331ffffffff-2016-05,1
842a331ffffffff-2016-07,1
842a331ffffffff-2016-08,2
842a331ffffffff-2017-07,2
842a331ffffffff-2017-08,4
842a331ffffffff-2018-05,2
842a331ffffffff-2018-07,1
842a331ffffffff-2018-08,3
842a331ffffffff-2018-09,1
842a331ffffffff-2019-04,1
842a331ffffffff-2019-05,2
842a331ffffffff-2019-06,1
842a331ffffffff-2019-08,1
842a331ffffffff-2020-04,2
842a331ffffffff-2020-05,1
842a331ffffffff-2020-08,4
842a331ffffffff-2020-09,2
842a331ffffffff-2020-10,1
842a331ffffffff-2021-05,4
842a331ffffffff-2021-07,12
842a331ffffffff-2021-08,7
842a331ffffffff-2021-09,2
842a331ffffffff-2021-10,1
842a331ffffffff-2022-04,1
842a331ffffffff-2022-05,2
842a331ffffffff-2022-07,1
842a331ffffffff-2022-08,10
842a331ffffffff-2023-05,2
842a331ffffffff-2023-07,5
842a331ffffffff-2023-08,1
842a331ffffffff-2023-09,1
842a331ffffffff-2023-10,3
842a333ffffffff-2012-04,7
842a333ffffffff-2012-05,3
842a333ffffffff-2012-07,8
842a333ffffffff-2012-08,22
842a333ffffffff-2012-09,5
842a333ffffffff-2012-10,15
842a333ffffffff-2013-04,2
842a333ffffffff-2013-05,1
842a333ffffffff-2013-06,1
842a333ffffffff-2013-07,6
842a333ffffffff-2013-08,21
842a333ffffffff-2013-09,9
842a333ffffffff-2014-04,2
842a333ffffffff-2014-05,15
842a333ffffffff-2014-06,1
842a333ffffffff-2014-07,15
842a333ffffffff-2014-08,36
842a333ffffffff-2014-09,8
842a333ffffffff-2014-10,3
842a333ffffffff-2015-04,12
842a333ffffffff-2015-05,4
842a333ffffffff-2015-07,7
842a333ffffffff-2015-08,60
842a333ffffffff-2015-09,38
842a333ffffffff-2015-10,3
842a333ffffffff-2016-04,2
842a333ffffffff-2016-05,21
842a333ffffffff-2016-06,2
842a333ffffffff-2016-07,30
842a333ffffffff-2016-08,65
842a333ffffffff-2016-09,14
842a333ffffffff-2016-10,1
842a333ffffffff-2017-04,7
842a333ffffffff-2017-05,18
842a333ffffffff-2017-07,15
842a333ffffffff-2017-08,58
842a333ffffffff-2017-09,18
842a333ffffffff-2018-04,33
842a333ffffffff-2018-05,11
842a333ffffffff-2018-07,2
842a333ffffffff-2018-08,55
842a333ffffffff-2018-09,20
842a333ffffffff-2018-10,2
842a333ffffffff-2019-04,15
842a333ffffffff-2019-05,16
842a333ffffffff-2019-07,62
842a333ffffffff-2019-08,55
842a333ffffffff-2019-09,12
842a333ffffffff-2019-10,5
842a333ffffffff-2020-03,4
842a333ffffffff-2020-04,35
842a333ffffffff-2020-05,40
842a333ffffffff-2020-07,59
842a333ffffffff-2020-08,117
842a333ffffffff-2020-09,36
842a333ffffffff-2020-10,10
842a333ffffffff-2021-04,7
842a333ffffffff-2021-05,45
842a333ffffffff-2021-07,47
842a333ffffffff-2021-08,115
842a333ffffffff-2021-09,38
842a333ffffffff-2021-10,9
842a333ffffffff-2022-04,60
842a333ffffffff-2022-05,48
842a333ffffffff-2022-06,2
842a333ffffffff-2022-07,64
842a333ffffffff-2022-08,119
842a333ffffffff-2022-09,66
842a333ffffffff-2022-10,20
842a333ffffffff-2022-11,2
842a333ffffffff-2023-03,4
842a333ffffffff-2023-04,58
842a333ffffffff-2023-05,93
842a333ffffffff-2023-06,6
842a333ffffffff-2023-07,106
842a333ffffffff-2023-08,135
842a333ffffffff-2023-09,58
842a333ffffffff-2023-10,8
842a335ffffffff-2012-05,2
842a335ffffffff-2013-08,1
842a335ffffffff-2013-09,3
842a335ffffffff-2016-05,2
842a335ffffffff-2016-08,1
842a335ffffffff-2017-08,7
842a335ffffffff-2019-04,2
842a335ffffffff-2019-05,7
842a335ffffffff-2019-07,3
842a335ffffffff-2019-08,1
842a335ffffffff-2019-10,4
842a335ffffffff-2020-05,2
842a335ffffffff-2020-07,2
842a335ffffffff-2020-08,3
842a335ffffffff-2020-09,15
842a335ffffffff-2020-10,16
842a335ffffffff-2021-05,1
842a335ffffffff-2021-08,3
842a335ffffffff-2022-07,5
842a335ffffffff-2022-08,37
842a335ffffffff-2022-09,1
842a335ffffffff-2023-05,1
842a335ffffffff-2023-08,5
842a335ffffffff-2023-09,8
842a337ffffffff-2012-09,1
842a337ffffffff-2014-09,1
842a337ffffffff-2014-10,1
842a337ffffffff-2015-05,2
842a337ffffffff-2016-05,8
842a337ffffffff-2016-10,4
842a337ffffffff-2017-04,2
842a337ffffffff-2017-05,1
842a337ffffffff-2017-09,3
842a337ffffffff-2017-10,1
842a337ffffffff-2017-11,2
842a337ffffffff-2018-05,1
842a337ffffffff-2019-10,2
842a337ffffffff-2020-09,2
842a337ffffffff-2020-10,3
842a337ffffffff-2021-05,2
842a337ffffffff-2021-09,2
842a337ffffffff-2022-04,1
842a337ffffffff-2022-05,2
842a337ffffffff-2023-05,2
842a339ffffffff-2012-05,3
842a339ffffffff-2012-07,4
842a339ffffffff-2012-08,5
842a339ffffffff-2012-09,1
842a339ffffffff-2012-10,10
842a339ffffffff-2013-04,2
842a339ffffffff-2013-08,5
842a339ffffffff-2013-09,3
842a339ffffffff-2013-10,1
842a339ffffffff-2014-04,1
842a339ffffffff-2014-07,2
842a339ffffffff-2014-08,6
842a339ffffffff-2014-09,9
842a339ffffffff-2014-10,5
842a339ffffffff-2015-05,1
842a339ffffffff-2015-08,2
842a339ffffffff-2015-09,1
842a339ffffffff-2015-10,3
842a339ffffffff-2016-04,5
842a339ffffffff-2016-05,33
842a339ffffffff-2016-07,1
842a339ffffffff-2016-08,33
842a339ffffffff-2016-09,37
842a339ffffffff-2016-10,11
842a339ffffffff-2017-04,16
842a339ffffffff-2017-05,10
842a339ffffffff-2017-07,2
842a339ffffffff-2017-08,7
842a339ffffffff-2017-09,15
842a339ffffffff-2017-10,2
842a339ffffffff-2017-11,1
842a339ffffffff-2018-04,2
842a339ffffffff-2018-05,7
842a339ffffffff-2018-08,12
842a339ffffffff-2018-09,14
842a339ffffffff-2018-10,2
842a339ffffffff-2019-05,9
842a339ffffffff-2019-07,1
842a339ffffffff-2019-08,2
842a339ffffffff-2019-09,9
842a339ffffffff-2019-10,1
842a339ffffffff-2020-04,6
842a339ffffffff-2020-05,6
842a339ffffffff-2020-08,21
842a339ffffffff-2020-09,21
842a339ffffffff-2020-10,18
842a339ffffffff-2021-04,1
842a339ffffffff-2021-05,15
842a339ffffffff-2021-08,10
842a339ffffffff-2021-09,4
842a339ffffffff-2021-10,2
842a339ffffffff-2022-04,17
842a339ffffffff-2022-05,1
842a339ffffffff-2022-07,11
842a339ffffffff-2022-08,93
842a339ffffffff-2022-09,18
842a339ffffffff-2022-10,4
842a339ffffffff-2022-11,1
842a339ffffffff-2023-04,3
842a339ffffffff-2023-05,9
842a339ffffffff-2023-07,2
842a339ffffffff-2023-08,9
842a339ffffffff-2023-09,7
842a339ffffffff-2023-10,2
842a33bffffffff-2012-03,1
842a33bffffffff-2012-05,9
842a33bffffffff-2012-07,1
842a33bffffffff-2012-08,6
842a33bffffffff-2012-09,2
842a33bffffffff-2012-10,3
842a33bffffffff-2013-04,4
842a33bffffffff-2013-05,6
842a33bffffffff-2013-07,31
842a33bffffffff-2013-08,7
842a33bffffffff-2013-09,9
842a33bffffffff-2013-10,6
842a33bffffffff-2014-04,3
842a33bffffffff-2014-05,10
842a33bffffffff-2014-07,6
842a33bffffffff-2014-08,9
842a33bffffffff-2014-09,15
842a33bffffffff-2014-10,6
842a33bffffffff-2015-04,4
842a33bffffffff-2015-05,3
842a33bffffffff-2015-07,17
842a33bffffffff-2015-08,23
842a33bffffffff-2015-09,21
842a33bffffffff-2015-10,13
842a33bffffffff-2015-11,2
842a33bffffffff-2016-04,1
842a33bffffffff-2016-05,13
842a33bffffffff-2016-07,7
842a33bffffffff-2016-08,12
842a33bffffffff-2016-09,9
842a33bffffffff-2016-10,4
842a33bffffffff-2017-04,5
842a33bffffffff-2017-05,41
842a33bffffffff-2017-07,16
842a33bffffffff-2017-08,21
842a33bffffffff-2017-09,7
842a33bffffffff-2017-10,3
842a33bffffffff-2017-12,1
842a33bffffffff-2018-04,7
842a33bffffffff-2018-05,18
842a33bffffffff-2018-07,20
842a33bffffffff-2018-08,32
842a33bffffffff-2018-09,14
842a33bffffffff-2018-10,8
842a33bffffffff-2019-04,1
842a33bffffffff-2019-05,37
842a33bffffffff-2019-07,21
842a33bffffffff-2019-08,21
842a33bffffffff-2019-09,11
842a33bffffffff-2019-10,3
842a33bffffffff-2020-04,8
842a33bffffffff-2020-05,38
842a33bffffffff-2020-06,4
842a33bffffffff-2020-07,34
842a33bffffffff-2020-08,33
842a33bffffffff-2020-09,35
842a33bffffffff-2020-10,50
842a33bffffffff-2021-04,15
842a33bffffffff-2021-05,75
842a33bffffffff-2021-06,7
842a33bffffffff-2021-07,28
842a33bffffffff-2021-08,64
842a33bffffffff-2021-09,54
842a33bffffffff-2021-10,34
842a33bffffffff-2021-11,1
842a33bffffffff-2022-03,10
842a33bffffffff-2022-04,26
842a33bffffffff-2022-05,18
842a33bffffffff-2022-06,8
842a33bffffffff-2022-07,12
842a33bffffffff-2022-08,49
842a33bffffffff-2022-09,33
842a33bffffffff-2022-10,3
842a33bffffffff-2023-04,15
842a33bffffffff-2023-05,28
842a33bffffffff-2023-06,3
842a33bffffffff-2023-07,26
842a33bffffffff-2023-08,29
842a33bffffffff-2023-09,30
842a33bffffffff-2023-10,23
842a33bffffffff-2023-11,1
842a33dffffffff-2012-05,2
842a33dffffffff-2012-10,2
842a33dffffffff-2013-09,2
842a33dffffffff-2015-08,1
842a33dffffffff-2015-12,1
842a33dffffffff-2016-01,2
842a33dffffffff-2016-09,6
842a33dffffffff-2017-07,1
842a33dffffffff-2017-08,6
842a33dffffffff-2018-05,1
842a33dffffffff-2019-08,1
842a33dffffffff-2020-04,1
842a33dffffffff-2020-05,1
842a33dffffffff-2020-08,3
842a33dffffffff-2020-09,1
842a33dffffffff-2020-10,3
842a33dffffffff-2021-05,3
842a33dffffffff-2021-08,7
842a33dffffffff-2021-09,4
842a33dffffffff-2022-05,4
842a33dffffffff-2022-08,4
842a33dffffffff-2022-09,1
842a33dffffffff-2023-05,5
842a33dffffffff-2023-09,2
842a33dffffffff-2023-10,2
842a341ffffffff-2012-04,1
842a341ffffffff-2012-05,2
842a341ffffffff-2012-07,7
842a341ffffffff-2012-08,16
842a341ffffffff-2012-09,4
842a341ffffffff-2012-10,1
842a341ffffffff-2012-11,1
842a341ffffffff-2013-04,1
842a341ffffffff-2013-07,1
842a341ffffffff-2013-08,24
842a341ffffffff-2013-09,17
842a341ffffffff-2013-10,3
842a341ffffffff-2014-05,1
842a341ffffffff-2014-07,15
842a341ffffffff-2014-08,34
842a341ffffffff-2014-09,11
842a341ffffffff-2014-10,2
842a341ffffffff-2015-05,8
842a341ffffffff-2015-06,2
842a341ffffffff-2015-07,12
842a341ffffffff-2015-08,18
842a341ffffffff-2015-09,6
842a341ffffffff-2015-10,5
842a341ffffffff-2015-11,1
842a341ffffffff-2016-04,1
842a341ffffffff-2016-05,3
842a341ffffffff-2016-07,15
842a341ffffffff-2016-08,18
842a341ffffffff-2016-09,10
842a341ffffffff-2016-10,1
842a341ffffffff-2017-04,4
842a341ffffffff-2017-05,14
842a341ffffffff-2017-07,22
842a341ffffffff-2017-08,47
842a341ffffffff-2017-09,12
842a341ffffffff-2018-04,7
842a341ffffffff-2018-05,10
842a341ffffffff-2018-07,8
842a341ffffffff-2018-08,26
842a341ffffffff-2018-09,20
842a341ffffffff-2018-10,6
842a341ffffffff-2019-04,1
842a341ffffffff-2019-05,24
842a341ffffffff-2019-07,15
842a341ffffffff-2019-08,58
842a341ffffffff-2019-09,19
842a341ffffffff-2019-10,2
842a341ffffffff-2020-04,2
842a341ffffffff-2020-05,23
842a341ffffffff-2020-06,1
842a341ffffffff-2020-07,2
842a341ffffffff-2020-08,53
842a341ffffffff-2020-09,35
842a341ffffffff-2020-10,9
842a341ffffffff-2020-11,1
842a341ffffffff-2021-04,18
842a341ffffffff-2021-05,36
842a341ffffffff-2021-06,1
842a341ffffffff-2021-07,10
842a341ffffffff-2021-08,65
842a341ffffffff-2021-09,14
842a341ffffffff-2021-10,6
842a341ffffffff-2021-11,2
842a341ffffffff-2022-04,1
842a341ffffffff-2022-05,13
842a341ffffffff-2022-07,25
842a341ffffffff-2022-08,30
842a341ffffffff-2022-09,16
842a341ffffffff-2022-10,4
842a341ffffffff-2023-04,3
842a341ffffffff-2023-05,118
842a341ffffffff-2023-06,1
842a341ffffffff-2023-07,15
842a341ffffffff-2023-08,43
842a341ffffffff-2023-09,45
842a341ffffffff-2023-10,5
842a343ffffffff-2021-05,1
842a345ffffffff-2012-04,2
842a345ffffffff-2014-05,1
842a345ffffffff-2015-10,1
842a345ffffffff-2016-04,1
842a345ffffffff-2016-05,14
842a345ffffffff-2017-05,2
842a345ffffffff-2017-08,1
842a345ffffffff-2018-04,1
842a345ffffffff-2018-05,2
842a345ffffffff-2019-05,1
842a345ffffffff-2020-05,1
842a345ffffffff-2020-08,2
842a345ffffffff-2020-09,4
842a345ffffffff-2021-05,4
842a345ffffffff-2021-09,2
842a345ffffffff-2022-05,1
842a345ffffffff-2022-08,1
842a345ffffffff-2023-05,5
842a345ffffffff-2023-09,1
842a347ffffffff-2012-04,13
842a347ffffffff-2012-05,14
842a347ffffffff-2012-06,3
842a347ffffffff-2012-07,62
842a347ffffffff-2012-08,83
842a347ffffffff-2012-09,66
842a347ffffffff-2012-10,12
842a347ffffffff-2012-11,2
842a347ffffffff-2013-04,6
842a347ffffffff-2013-05,19
842a347ffffffff-2013-06,6
842a347ffffffff-2013-07,45
842a347ffffffff-2013-08,79
842a347ffffffff-2013-09,63
842a347ffffffff-2013-10,25
842a347ffffffff-2013-11,4
842a347ffffffff-2014-04,21
842a347ffffffff-2014-05,50
842a347ffffffff-2014-07,64
842a347ffffffff-2014-08,92
842a347ffffffff-2014-09,45
842a347ffffffff-2014-10,11
842a347ffffffff-2014-11,1
842a347ffffffff-2015-04,12
842a347ffffffff-2015-05,32
842a347ffffffff-2015-06,1
842a347ffffffff-2015-07,73
842a347ffffffff-2015-08,158
842a347ffffffff-2015-09,87
842a347ffffffff-2015-10,34
842a347ffffffff-2016-04,7
842a347ffffffff-2016-05,27
842a347ffffffff-2016-06,8
842a347ffffffff-2016-07,97
842a347ffffffff-2016-08,122
842a347ffffffff-2016-09,70
842a347ffffffff-2016-10,20
842a347ffffffff-2017-04,24
842a347ffffffff-2017-05,52
842a347ffffffff-2017-06,5
842a347ffffffff-2017-07,141
842a347ffffffff-2017-08,198
842a347ffffffff-2017-09,61
842a347ffffffff-2017-10,34
842a347ffffffff-2017-11,2
842a347ffffffff-2018-04,24
842a347ffffffff-2018-05,78
842a347ffffffff-2018-06,5
842a347ffffffff-2018-07,125
842a347ffffffff-2018-08,142
842a347ffffffff-2018-09,65
842a347ffffffff-2018-10,15
842a347ffffffff-2019-04,14
842a347ffffffff-2019-05,70
842a347ffffffff-2019-06,6
842a347ffffffff-2019-07,178
842a347ffffffff-2019-08,273
842a347ffffffff-2019-09,149
842a347ffffffff-2019-10,24
842a347ffffffff-2019-11,1
842a347ffffffff-2020-04,11
842a347ffffffff-2020-05,70
842a347ffffffff-2020-06,8
842a347ffffffff-2020-07,100
842a347ffffffff-2020-08,375
842a347ffffffff-2020-09,135
842a347ffffffff-2020-10,23
842a347ffffffff-2021-03,1
842a347ffffffff-2021-04,19
842a347ffffffff-2021-05,85
842a347ffffffff-2021-06,10
842a347ffffffff-2021-07,135
842a347ffffffff-2021-08,290
842a347ffffffff-2021-09,147
842a347ffffffff-2021-10,52
842a347ffffffff-2021-11,2
842a347ffffffff-2022-03,5
842a347ffffffff-2022-04,21
842a347ffffffff-2022-05,119
842a347ffffffff-2022-06,23
842a347ffffffff-2022-07,258
842a347ffffffff-2022-08,324
842a347ffffffff-2022-09,140
842a347ffffffff-2022-10,35
842a347ffffffff-2022-11,2
842a347ffffffff-2023-04,20
842a347ffffffff-2023-05,181
842a347ffffffff-2023-06,10
842a347ffffffff-2023-07,227
842a347ffffffff-2023-08,261
842a347ffffffff-2023-09,165
842a347ffffffff-2023-10,23
842a349ffffffff-2012-07,1
842a349ffffffff-2012-08,1
842a349ffffffff-2013-07,3
842a349ffffffff-2013-08,1
842a349ffffffff-2013-09,7
842a349ffffffff-2014-05,1
842a349ffffffff-2014-07,1
842a349ffffffff-2014-08,4
842a349ffffffff-2014-09,1
842a349ffffffff-2014-10,3
842a349ffffffff-2015-05,2
842a349ffffffff-2015-07,5
842a349ffffffff-2015-08,4
842a349ffffffff-2015-09,12
842a349ffffffff-2015-10,1
842a349ffffffff-2015-11,1
842a349ffffffff-2016-06,1
842a349ffffffff-2016-07,5
842a349ffffffff-2016-08,7
842a349ffffffff-2016-09,4
842a349ffffffff-2016-10,1
842a349ffffffff-2017-04,3
842a349ffffffff-2017-05,1
842a349ffffffff-2017-07,4
842a349ffffffff-2017-08,11
842a349ffffffff-2017-09,8
842a349ffffffff-2018-05,4
842a349ffffffff-2018-07,12
842a349ffffffff-2018-08,10
842a349ffffffff-2018-09,9
842a349ffffffff-2018-10,1
842a349ffffffff-2019-05,4
842a349ffffffff-2019-07,8
842a349ffffffff-2019-08,11
842a349ffffffff-2019-09,32
842a349ffffffff-2020-05,1
842a349ffffffff-2020-07,2
842a349ffffffff-2020-08,24
842a349ffffffff-2020-09,19
842a349ffffffff-2020-10,7
842a349ffffffff-2021-05,3
842a349ffffffff-2021-07,45
842a349ffffffff-2021-08,35
842a349ffffffff-2021-09,30
842a349ffffffff-2021-10,5
842a349ffffffff-2021-11,1
842a349ffffffff-2022-04,3
842a349ffffffff-2022-05,11
842a349ffffffff-2022-07,19
842a349ffffffff-2022-08,32
842a349ffffffff-2022-09,19
842a349ffffffff-2022-10,3
842a349ffffffff-2022-11,1
842a349ffffffff-2023-04,1
842a349ffffffff-2023-05,17
842a349ffffffff-2023-07,46
842a349ffffffff-2023-08,50
842a349ffffffff-2023-09,62
842a349ffffffff-2023-10,8
842a34dffffffff-2012-04,3
842a34dffffffff-2012-05,1
842a34dffffffff-2012-07,3
842a34dffffffff-2012-08,8
842a34dffffffff-2012-09,3
842a34dffffffff-2013-07,2
842a34dffffffff-2013-08,14
842a34dffffffff-2013-09,7
842a34dffffffff-2013-10,7
842a34dffffffff-2014-04,8
842a34dffffffff-2014-05,4
842a34dffffffff-2014-07,3
842a34dffffffff-2014-08,13
842a34dffffffff-2014-09,7
842a34dffffffff-2014-10,15
842a34dffffffff-2015-04,14
842a34dffffffff-2015-05,9
842a34dffffffff-2015-07,5
842a34dffffffff-2015-08,11
842a34dffffffff-2015-09,14
842a34dffffffff-2015-10,4
842a34dffffffff-2015-11,4
842a34dffffffff-2016-05,6
842a34dffffffff-2016-07,2
842a34dffffffff-2016-08,16
842a34dffffffff-2016-09,19
842a34dffffffff-2016-10,9
842a34dffffffff-2016-11,6
842a34dffffffff-2017-04,12
842a34dffffffff-2017-05,7
842a34dffffffff-2017-07,5
842a34dffffffff-2017-08,17
842a34dffffffff-2017-09,15
842a34dffffffff-2017-10,3
842a34dffffffff-2018-04,7
842a34dffffffff-2018-05,4
842a34dffffffff-2018-07,1
842a34dffffffff-2018-08,12
842a34dffffffff-2018-09,7
842a34dffffffff-2018-10,12
842a34dffffffff-2019-04,4
842a34dffffffff-2019-05,3
842a34dffffffff-2019-07,2
842a34dffffffff-2019-08,11
842a34dffffffff-2019-09,5
842a34dffffffff-2019-10,4
842a34dffffffff-2020-04,3
842a34dffffffff-2020-05,9
842a34dffffffff-2020-06,1
842a34dffffffff-2020-07,1
842a34dffffffff-2020-08,25
842a34dffffffff-2020-09,14
842a34dffffffff-2020-10,11
842a34dffffffff-2020-11,2
842a34dffffffff-2021-05,3
842a34dffffffff-2021-06,1
842a34dffffffff-2021-07,5
842a34dffffffff-2021-08,17
842a34dffffffff-2021-09,18
842a34dffffffff-2021-10,3
842a34dffffffff-2022-04,2
842a34dffffffff-2022-05,5
842a34dffffffff-2022-07,6
842a34dffffffff-2022-08,18
842a34dffffffff-2022-09,3
842a34dffffffff-2022-10,35
842a34dffffffff-2023-05,22
842a34dffffffff-2023-07,2
842a34dffffffff-2023-08,33
842a34dffffffff-2023-09,3
842a34dffffffff-2023-10,13
842a361ffffffff-2014-07,1
842a361ffffffff-2015-05,1
842a361ffffffff-2015-08,1
842a361ffffffff-2016-05,1
842a361ffffffff-2017-05,2
842a361ffffffff-2017-09,1
842a361ffffffff-2018-08,2
842a361ffffffff-2020-08,26
842a361ffffffff-2020-09,5
842a361ffffffff-2021-05,1
842a361ffffffff-2021-08,4
842a361ffffffff-2021-09,8
842a361ffffffff-2022-05,2
842a361ffffffff-2022-08,6
842a361ffffffff-2022-09,9
842a361ffffffff-2022-10,6
842a361ffffffff-2023-05,2
842a361ffffffff-2023-07,2
842a361ffffffff-2023-08,10
842a361ffffffff-2023-09,11
842a361ffffffff-2023-10,2
842a363ffffffff-2012-05,2
842a363ffffffff-2012-09,1
842a363ffffffff-2013-04,2
842a363ffffffff-2013-05,2
842a363ffffffff-2013-08,1
842a363ffffffff-2013-10,3
842a363ffffffff-2015-08,2
842a363ffffffff-2016-09,1
842a363ffffffff-2017-05,2
842a363ffffffff-2018-05,4
842a363ffffffff-2018-09,1
842a363ffffffff-2018-10,1
842a363ffffffff-2018-11,1
842a363ffffffff-2019-04,2
842a363ffffffff-2019-05,9
842a363ffffffff-2020-09,7
842a363ffffffff-2021-05,14
842a363ffffffff-2022-08,4
842a363ffffffff-2022-09,1
842a363ffffffff-2023-05,4
842a363ffffffff-2023-08,6
842a365ffffffff-2012-05,27
842a365ffffffff-2013-08,13
842a365ffffffff-2013-09,2
842a365ffffffff-2014-05,6
842a365ffffffff-2014-08,13
842a365ffffffff-2014-09,1
842a365ffffffff-2015-05,5
842a365ffffffff-2016-04,25
842a365ffffffff-2016-05,22
842a365ffffffff-2017-04,1
842a365ffffffff-2017-05,47
842a365ffffffff-2017-07,1
842a365ffffffff-2017-08,6
842a365ffffffff-2017-09,1
842a365ffffffff-2018-04,5
842a365ffffffff-2018-05,22
842a365ffffffff-2018-08,2
842a365ffffffff-2019-04,2
842a365ffffffff-2019-05,10
842a365ffffffff-2019-07,2
842a365ffffffff-2019-09,1
842a365ffffffff-2020-04,2
842a365ffffffff-2020-05,17
842a365ffffffff-2020-08,3
842a365ffffffff-2020-09,1
842a365ffffffff-2021-04,11
842a365ffffffff-2021-05,3
842a365ffffffff-2021-08,10
842a365ffffffff-2021-09,20
842a365ffffffff-2022-05,1
842a365ffffffff-2022-08,10
842a365ffffffff-2023-04,1
842a365ffffffff-2023-05,8
842a365ffffffff-2023-07,8
842a365ffffffff-2023-08,4
842a367ffffffff-2012-05,1
842a367ffffffff-2014-10,2
842a367ffffffff-2015-08,1
842a367ffffffff-2016-05,1
842a367ffffffff-2017-05,1
842a367ffffffff-2018-09,1
842a367ffffffff-2019-05,2
842a367ffffffff-2020-05,2
842a367ffffffff-2021-07,1
842a369ffffffff-2012-08,15
842a369ffffffff-2012-09,3
842a369ffffffff-2013-07,1
842a369ffffffff-2013-08,36
842a369ffffffff-2013-09,14
842a369ffffffff-2014-04,1
842a369ffffffff-2014-05,10
842a369ffffffff-2014-07,1
842a369ffffffff-2014-08,3
842a369ffffffff-2015-09,3
842a369ffffffff-2015-10,2
842a369ffffffff-2016-08,1
842a369ffffffff-2016-09,1
842a369ffffffff-2017-05,6
842a369ffffffff-2017-09,14
842a369ffffffff-2017-10,6
842a369ffffffff-2018-08,3
842a369ffffffff-2019-05,8
842a369ffffffff-2019-08,7
842a369ffffffff-2020-05,14
842a369ffffffff-2021-05,3
842a369ffffffff-2021-09,2
842a369ffffffff-2022-08,2
842a369ffffffff-2022-09,8
842a369ffffffff-2023-04,1
842a369ffffffff-2023-05,16
842a369ffffffff-2023-08,5
842a369ffffffff-2023-09,2
842a36bffffffff-2015-07,2
842a36bffffffff-2017-08,2
842a36dffffffff-2023-08,1
842a4c1ffffffff-2012-04,1
842a4c1ffffffff-2012-07,4
842a4c1ffffffff-2012-08,3
842a4c1ffffffff-2013-07,3
842a4c1ffffffff-2013-08,2
842a4c1ffffffff-2013-09,19
842a4c1ffffffff-2013-10,3
842a4c1ffffffff-2014-03,1
842a4c1ffffffff-2014-05,1
842a4c1ffffffff-2014-07,3
842a4c1ffffffff-2014-08,25
842a4c1ffffffff-2014-09,19
842a4c1ffffffff-2014-10,1
842a4c1ffffffff-2014-11,4
842a4c1ffffffff-2014-12,3
842a4c1ffffffff-2015-01,3
842a4c1ffffffff-2015-02,7
842a4c1ffffffff-2015-03,5
842a4c1ffffffff-2015-04,9
842a4c1ffffffff-2015-05,18
842a4c1ffffffff-2015-07,7
842a4c1ffffffff-2015-08,24
842a4c1ffffffff-2015-09,34
842a4c1ffffffff-2015-10,17
842a4c1ffffffff-2015-11,9
842a4c1ffffffff-2015-12,3
842a4c1ffffffff-2016-03,1
842a4c1ffffffff-2016-05,12
842a4c1ffffffff-2016-07,13
842a4c1ffffffff-2016-08,26
842a4c1ffffffff-2016-09,28
842a4c1ffffffff-2016-10,37
842a4c1ffffffff-2016-11,40
842a4c1ffffffff-2016-12,21
842a4c1ffffffff-2017-01,14
842a4c1ffffffff-2017-02,20
842a4c1ffffffff-2017-03,23
842a4c1ffffffff-2017-04,8
842a4c1ffffffff-2017-05,5
842a4c1ffffffff-2017-07,1
842a4c1ffffffff-2017-08,21
842a4c1ffffffff-2017-09,23
842a4c1ffffffff-2017-10,13
842a4c1ffffffff-2017-11,8
842a4c1ffffffff-2017-12,20
842a4c1ffffffff-2018-01,29
842a4c1ffffffff-2018-02,9
842a4c1ffffffff-2018-03,15
842a4c1ffffffff-2018-04,13
842a4c1ffffffff-2018-05,6
842a4c1ffffffff-2018-07,10
842a4c1ffffffff-2018-08,14
842a4c1ffffffff-2018-09,23
842a4c1ffffffff-2018-10,20
842a4c1ffffffff-2018-11,30
842a4c1ffffffff-2018-12,15
842a4c1ffffffff-2019-01,12
842a4c1ffffffff-2019-02,10
842a4c1ffffffff-2019-03,8
842a4c1ffffffff-2019-04,14
842a4c1ffffffff-2019-05,2
842a4c1ffffffff-2019-07,7
842a4c1ffffffff-2019-08,16
842a4c1ffffffff-2019-09,30
842a4c1ffffffff-2019-10,29
842a4c1ffffffff-2019-11,13
842a4c1ffffffff-2019-12,12
842a4c1ffffffff-2020-01,2
842a4c1ffffffff-2020-02,1
842a4c1ffffffff-2020-03,4
842a4c1ffffffff-2020-04,2
842a4c1ffffffff-2020-05,14
842a4c1ffffffff-2020-07,10
842a4c1ffffffff-2020-08,37
842a4c1ffffffff-2020-09,60
842a4c1ffffffff-2020-10,28
842a4c1ffffffff-2020-11,26
842a4c1ffffffff-2020-12,11
842a4c1ffffffff-2021-01,14
842a4c1ffffffff-2021-02,3
842a4c1ffffffff-2021-03,13
842a4c1ffffffff-2021-04,15
842a4c1ffffffff-2021-05,14
842a4c1ffffffff-2021-07,51
842a4c1ffffffff-2021-08,44
842a4c1ffffffff-2021-09,63
842a4c1ffffffff-2021-10,61
842a4c1ffffffff-2021-11,28
842a4c1ffffffff-2021-12,10
842a4c1ffffffff-2022-01,20
842a4c1ffffffff-2022-02,26
842a4c1ffffffff-2022-03,22
842a4c1ffffffff-2022-04,21
842a4c1ffffffff-2022-05,8
842a4c1ffffffff-2022-06,2
842a4c1ffffffff-2022-07,33
842a4c1ffffffff-2022-08,60
842a4c1ffffffff-2022-09,49
842a4c1ffffffff-2022-10,56
842a4c1ffffffff-2022-11,53
842a4c1ffffffff-2022-12,7
842a4c1ffffffff-2023-01,17
842a4c1ffffffff-2023-02,19
842a4c1ffffffff-2023-03,14
842a4c1ffffffff-2023-04,9
842a4c1ffffffff-2023-05,19
842a4c1ffffffff-2023-07,38
842a4c1ffffffff-2023-08,37
842a4c1ffffffff-2023-09,52
842a4c1ffffffff-2023-10,57
842a4c1ffffffff-2023-11,20
842a4c9ffffffff-2012-07,1
842a4c9ffffffff-2013-09,5
842a4c9ffffffff-2013-10,1
842a4c9ffffffff-2014-04,1
842a4c9ffffffff-2014-08,2
842a4c9ffffffff-2014-09,3
842a4c9ffffffff-2014-10,1
842a4c9ffffffff-2014-11,1
842a4c9ffffffff-2015-05,1
842a4c9ffffffff-2015-08,2
842a4c9ffffffff-2015-09,4
842a4c9ffffffff-2016-02,1
842a4c9ffffffff-2016-05,1
842a4c9ffffffff-2016-08,3
842a4c9ffffffff-2016-09,5
842a4c9ffffffff-2017-08,3
842a4c9ffffffff-2017-09,2
842a4c9ffffffff-2017-10,2
842a4c9ffffffff-2018-07,2
842a4c9ffffffff-2018-08,1
842a4c9ffffffff-2018-09,3
842a4c9ffffffff-2019-03,1
842a4c9ffffffff-2019-08,2
842a4c9ffffffff-2020-04,1
842a4c9ffffffff-2020-08,6
842a4c9ffffffff-2020-10,2
842a4c9ffffffff-2020-12,2
842a4c9ffffffff-2021-01,22
842a4c9ffffffff-2021-02,32
842a4c9ffffffff-2021-03,3
842a4c9ffffffff-2021-04,2
842a4c9ffffffff-2021-05,17
842a4c9ffffffff-2021-08,7
842a4c9ffffffff-2021-09,26
842a4c9ffffffff-2021-10,7
842a4c9ffffffff-2021-11,10
842a4c9ffffffff-2021-12,7
842a4c9ffffffff-2022-02,10
842a4c9ffffffff-2022-08,8
842a4c9ffffffff-2022-09,36
842a4c9ffffffff-2022-10,25
842a4c9ffffffff-2022-11,4
842a4c9ffffffff-2023-01,1
842a4c9ffffffff-2023-02,3
842a4c9ffffffff-2023-05,2
842a4c9ffffffff-2023-07,2
842a4c9ffffffff-2023-08,2
842a4c9ffffffff-2023-09,13
842a4c9ffffffff-2023-10,3
842a801ffffffff-2012-04,1
842a801ffffffff-2012-08,1
842a801ffffffff-2013-05,1
842a801ffffffff-2013-08,3
842a801ffffffff-2013-09,5
842a801ffffffff-2013-10,1
842a801ffffffff-2014-04,3
842a801ffffffff-2014-05,6
842a801ffffffff-2014-09,1
842a801ffffffff-2015-04,1
842a801ffffffff-2015-05,6
842a801ffffffff-2016-04,3
842a801ffffffff-2016-08,1
842a801ffffffff-2017-05,1
842a801ffffffff-2019-05,1
842a801ffffffff-2020-04,3
842a801ffffffff-2020-05,1
842a801ffffffff-2020-07,1
842a801ffffffff-2020-09,1
842a801ffffffff-2020-10,1
842a801ffffffff-2021-04,2
842a801ffffffff-2021-05,7
842a801ffffffff-2021-08,1
842a801ffffffff-2021-09,1
842a801ffffffff-2022-04,6
842a801ffffffff-2022-05,9
842a801ffffffff-2023-04,18
842a801ffffffff-2023-05,19
842a801ffffffff-2023-08,2
842a803ffffffff-2012-05,2
842a803ffffffff-2012-07,2
842a803ffffffff-2012-08,1
842a803ffffffff-2015-08,1
842a803ffffffff-2016-04,3
842a803ffffffff-2016-08,3
842a803ffffffff-2016-09,2
842a803ffffffff-2017-04,1
842a803ffffffff-2017-05,1
842a803ffffffff-2017-08,4
842a803ffffffff-2017-09,2
842a803ffffffff-2017-10,1
842a803ffffffff-2020-04,1
842a803ffffffff-2020-07,10
842a803ffffffff-2021-04,1
842a803ffffffff-2021-05,2
842a803ffffffff-2021-08,12
842a803ffffffff-2021-09,1
842a803ffffffff-2022-05,2
842a803ffffffff-2022-10,1
842a803ffffffff-2023-04,5
842a803ffffffff-2023-05,9
842a803ffffffff-2023-10,2
842a805ffffffff-2012-08,1
842a805ffffffff-2018-04,1
842a805ffffffff-2018-05,1
842a805ffffffff-2021-09,1
842a805ffffffff-2022-04,1
842a809ffffffff-2012-08,1
842a809ffffffff-2020-04,1
842a809ffffffff-2020-08,2
842a809ffffffff-2021-04,2
842a809ffffffff-2021-08,1
842a809ffffffff-2022-05,1
842a809ffffffff-2022-09,1
842a809ffffffff-2023-04,3
842a80bffffffff-2014-08,2
842a80bffffffff-2014-11,1
842a80bffffffff-2015-04,5
842a80bffffffff-2015-05,2
842a80bffffffff-2015-10,6
842a80bffffffff-2016-03,3
842a80bffffffff-2016-04,8
842a80bffffffff-2016-05,5
842a80bffffffff-2016-08,1
842a80bffffffff-2017-04,10
842a80bffffffff-2017-05,3
842a80bffffffff-2017-09,3
842a80bffffffff-2017-10,1
842a80bffffffff-2018-04,10
842a80bffffffff-2018-05,3
842a80bffffffff-2018-08,1
842a80bffffffff-2018-09,5
842a80bffffffff-2019-04,3
842a80bffffffff-2019-05,3
842a80bffffffff-2020-04,4
842a80bffffffff-2020-05,5
842a80bffffffff-2020-09,3
842a80bffffffff-2021-05,1
842a80bffffffff-2021-09,2
842a80bffffffff-2022-04,8
842a80bffffffff-2022-05,3
842a80bffffffff-2023-03,2
842a80bffffffff-2023-04,6
842a80bffffffff-2023-05,1
842a80bffffffff-2023-08,5
842a80bffffffff-2023-10,2
842a80dffffffff-2012-04,2
842a80dffffffff-2016-04,1
842a80dffffffff-2018-04,3
842a80dffffffff-2018-05,1
842a80dffffffff-2018-08,10
842a80dffffffff-2018-09,15
842a80dffffffff-2019-04,2
842a80dffffffff-2020-04,1
842a80dffffffff-2022-09,1
842a80dffffffff-2023-04,6
842a811ffffffff-2012-09,1
842a811ffffffff-2014-05,1
842a811ffffffff-2017-04,1
842a811ffffffff-2018-04,2
842a811ffffffff-2018-10,1
842a811ffffffff-2019-05,2
842a811ffffffff-2020-04,2
842a811ffffffff-2021-05,3
842a811ffffffff-2022-05,1
842a811ffffffff-2022-10,2
842a811ffffffff-2023-08,1
842a811ffffffff-2023-09,1
842a811ffffffff-2023-10,1
842a813ffffffff-2012-04,5
842a813ffffffff-2012-11,1
842a813ffffffff-2013-04,7
842a813ffffffff-2013-05,2
842a813ffffffff-2013-09,1
842a813ffffffff-2013-10,8
842a813ffffffff-2014-05,2
842a813ffffffff-2014-08,3
842a813ffffffff-2015-04,7
842a813ffffffff-2015-05,3
842a813ffffffff-2015-09,2
842a813ffffffff-2016-03,2
842a813ffffffff-2016-04,3
842a813ffffffff-2016-05,7
842a813ffffffff-2016-10,1
842a813ffffffff-2017-04,3
842a813ffffffff-2017-05,7
842a813ffffffff-2017-08,10
842a813ffffffff-2017-09,4
842a813ffffffff-2017-10,1
842a813ffffffff-2018-04,2
842a813ffffffff-2018-05,3
842a813ffffffff-2018-07,1
842a813ffffffff-2018-08,27
842a813ffffffff-2018-09,9
842a813ffffffff-2019-04,8
842a813ffffffff-2019-05,1
842a813ffffffff-2019-08,1
842a813ffffffff-2020-04,17
842a813ffffffff-2020-05,9
842a813ffffffff-2020-08,1
842a813ffffffff-2020-09,1
842a813ffffffff-2021-04,7
842a813ffffffff-2021-05,20
842a813ffffffff-2021-08,11
842a813ffffffff-2021-09,3
842a813ffffffff-2022-04,5
842a813ffffffff-2022-05,15
842a813ffffffff-2022-08,2
842a813ffffffff-2022-09,5
842a813ffffffff-2022-10,4
842a813ffffffff-2023-04,1
842a813ffffffff-2023-05,4
842a815ffffffff-2012-07,1
842a815ffffffff-2016-05,2
842a815ffffffff-2018-04,1
842a815ffffffff-2019-04,2
842a815ffffffff-2019-05,1
842a815ffffffff-2020-04,3
842a815ffffffff-2020-05,3
842a815ffffffff-2021-04,2
842a815ffffffff-2021-05,9
842a815ffffffff-2021-08,1
842a815ffffffff-2022-05,1
842a815ffffffff-2022-08,3
842a815ffffffff-2022-10,2
842a815ffffffff-2023-04,5
842a815ffffffff-2023-05,4
842a815ffffffff-2023-07,2
842a815ffffffff-2023-08,6
842a815ffffffff-2023-09,5
842a815ffffffff-2023-10,8
842a817ffffffff-2013-05,1
842a817ffffffff-2016-05,2
842a817ffffffff-2016-08,1
842a817ffffffff-2020-05,2
842a817ffffffff-2021-05,7
842a817ffffffff-2023-05,8
842a819ffffffff-2013-04,1
842a819ffffffff-2013-08,3
842a819ffffffff-2014-05,4
842a819ffffffff-2014-10,1
842a819ffffffff-2014-11,1
842a819ffffffff-2015-05,4
842a819ffffffff-2016-04,2
842a819ffffffff-2016-05,1
842a819ffffffff-2016-10,1
842a819ffffffff-2017-04,1
842a819ffffffff-2017-08,2
842a819ffffffff-2018-04,4
842a819ffffffff-2018-05,1
842a819ffffffff-2018-08,1
842a819ffffffff-2018-09,7
842a819ffffffff-2018-10,1
842a819ffffffff-2019-04,4
842a819ffffffff-2019-05,7
842a819ffffffff-2020-04,4
842a819ffffffff-2020-05,2
842a819ffffffff-2020-07,3
842a819ffffffff-2020-09,2
842a819ffffffff-2020-11,1
842a819ffffffff-2021-05,1
842a819ffffffff-2021-08,2
842a819ffffffff-2022-04,2
842a819ffffffff-2022-05,1
842a819ffffffff-2022-10,1
842a819ffffffff-2023-10,1
842a81bffffffff-2014-03,2
842a81bffffffff-2016-05,4
842a81bffffffff-2017-03,1
842a81bffffffff-2017-04,2
842a81bffffffff-2017-05,2
842a81bffffffff-2017-08,1
842a81bffffffff-2017-09,2
842a81bffffffff-2018-03,1
842a81bffffffff-2018-04,20
842a81bffffffff-2018-05,12
842a81bffffffff-2018-07,1
842a81bffffffff-2018-08,5
842a81bffffffff-2018-10,1
842a81bffffffff-2019-04,5
842a81bffffffff-2019-05,5
842a81bffffffff-2019-07,1
842a81bffffffff-2019-08,1
842a81bffffffff-2019-09,22
842a81bffffffff-2020-04,16
842a81bffffffff-2020-05,17
842a81bffffffff-2020-08,1
842a81bffffffff-2020-09,1
842a81bffffffff-2021-04,2
842a81bffffffff-2021-05,7
842a81bffffffff-2021-08,30
842a81bffffffff-2021-09,27
842a81bffffffff-2021-10,6
842a81bffffffff-2022-05,2
842a81bffffffff-2022-08,26
842a81bffffffff-2022-09,19
842a81bffffffff-2022-10,13
842a81bffffffff-2023-04,3
842a81bffffffff-2023-05,9
842a81bffffffff-2023-08,24
842a81bffffffff-2023-09,45
842a81bffffffff-2023-10,23
842a81dffffffff-2014-05,1
842a81dffffffff-2015-05,1
842a81dffffffff-2016-05,2
842a81dffffffff-2017-05,2
842a81dffffffff-2018-04,2
842a81dffffffff-2020-04,1
842a81dffffffff-2023-05,2
842a821ffffffff-2018-04,1
842a821ffffffff-2020-03,2
842a821ffffffff-2020-04,3
842a821ffffffff-2020-05,1
842a821ffffffff-2020-08,2
842a821ffffffff-2021-05,2
842a823ffffffff-2015-05,2
842a823ffffffff-2019-08,1
842a823ffffffff-2020-09,2
842a823ffffffff-2020-10,6
842a823ffffffff-2020-11,1
842a823ffffffff-2021-05,1
842a823ffffffff-2023-04,3
842a823ffffffff-2023-05,1
842a823ffffffff-2023-09,9
842a823ffffffff-2023-10,3
842a825ffffffff-2014-05,1
842a825ffffffff-2014-08,1
842a825ffffffff-2015-08,1
842a825ffffffff-2015-09,1
842a825ffffffff-2016-04,2
842a825ffffffff-2016-09,1
842a825ffffffff-2018-05,1
842a825ffffffff-2019-04,4
842a825ffffffff-2019-05,3
842a825ffffffff-2020-04,4
842a825ffffffff-2020-05,8
842a825ffffffff-2022-04,2
842a825ffffffff-2022-05,3
842a827ffffffff-2015-09,1
842a827ffffffff-2016-04,7
842a827ffffffff-2016-05,9
842a827ffffffff-2017-04,6
842a827ffffffff-2017-05,6
842a827ffffffff-2017-08,8
842a827ffffffff-2017-09,1
842a827ffffffff-2018-04,2
842a827ffffffff-2018-05,7
842a827ffffffff-2019-04,2
842a827ffffffff-2019-05,1
842a827ffffffff-2020-04,9
842a827ffffffff-2020-05,9
842a827ffffffff-2020-10,1
842a827ffffffff-2021-04,20
842a827ffffffff-2021-05,1
842a827ffffffff-2021-08,3
842a827ffffffff-2022-04,4
842a827ffffffff-2022-05,5
842a827ffffffff-2022-08,1
842a827ffffffff-2023-03,4
842a827ffffffff-2023-04,10
842a827ffffffff-2023-05,12
842a829ffffffff-2015-04,2
842a829ffffffff-2018-04,4
842a829ffffffff-2018-05,4
842a82bffffffff-2017-09,1
842a82bffffffff-2019-04,11
842a82bffffffff-2020-08,2
842a82bffffffff-2021-08,1
842a82bffffffff-2022-04,1
842a82bffffffff-2023-05,2
842a82bffffffff-2023-11,1
842a82dffffffff-2017-04,1
842a82dffffffff-2018-04,9
842a82dffffffff-2019-05,2
842a82dffffffff-2022-09,2
842a82dffffffff-2023-03,2
842a82dffffffff-2023-04,1
842a82dffffffff-2023-05,4
842a833ffffffff-2021-05,1
842a839ffffffff-2014-09,1
842a839ffffffff-2016-08,3
842a839ffffffff-2016-10,1
842a839ffffffff-2018-10,1
842a839ffffffff-2018-11,1
842a839ffffffff-2019-09,2
842a839ffffffff-2020-08,1
842a83dffffffff-2016-05,1
842a841ffffffff-2012-05,2
842a841ffffffff-2013-04,1
842a841ffffffff-2013-05,1
842a841ffffffff-2013-08,1
842a841ffffffff-2015-09,2
842a841ffffffff-2015-10,1
842a841ffffffff-2016-04,3
842a841ffffffff-2016-07,1
842a841ffffffff-2016-08,1
842a841ffffffff-2017-09,1
842a841ffffffff-2018-04,2
842a841ffffffff-2018-05,1
842a841ffffffff-2018-09,1
842a841ffffffff-2019-04,1
842a841ffffffff-2019-05,7
842a841ffffffff-2019-08,2
842a841ffffffff-2020-04,2
842a841ffffffff-2020-05,11
842a841ffffffff-2020-09,3
842a841ffffffff-2020-10,4
842a841ffffffff-2021-04,4
842a841ffffffff-2021-08,7
842a841ffffffff-2021-10,1
842a841ffffffff-2022-05,2
842a841ffffffff-2022-07,1
842a841ffffffff-2022-08,1
842a841ffffffff-2022-09,1
842a841ffffffff-2023-08,1
842a843ffffffff-2013-05,2
842a843ffffffff-2014-05,1
842a843ffffffff-2015-04,1
842a843ffffffff-2015-05,2
842a843ffffffff-2016-04,2
842a843ffffffff-2017-04,2
842a843ffffffff-2017-05,8
842a843ffffffff-2017-06,1
842a843ffffffff-2017-07,4
842a843ffffffff-2017-08,27
842a843ffffffff-2017-09,1
842a843ffffffff-2017-10,2
842a843ffffffff-2018-04,4
842a843ffffffff-2018-05,1
842a843ffffffff-2018-07,2
842a843ffffffff-2018-10,1
842a843ffffffff-2019-04,1
842a843ffffffff-2019-08,2
842a843ffffffff-2019-09,1
842a843ffffffff-2020-04,1
842a843ffffffff-2020-05,3
842a843ffffffff-2020-08,1
842a843ffffffff-2020-09,3
842a843ffffffff-2020-10,1
842a843ffffffff-2021-04,15
842a843ffffffff-2021-05,19
842a843ffffffff-2021-08,5
842a843ffffffff-2021-09,8
842a843ffffffff-2021-10,2
842a843ffffffff-2022-04,6
842a843ffffffff-2022-05,12
842a843ffffffff-2022-07,1
842a843ffffffff-2022-08,45
842a843ffffffff-2022-09,5
842a843ffffffff-2022-10,1
842a843ffffffff-2023-04,16
842a843ffffffff-2023-05,4
842a843ffffffff-2023-08,3
842a845ffffffff-2012-08,2
842a845ffffffff-2012-09,2
842a845ffffffff-2013-08,7
842a845ffffffff-2013-09,6
842a845ffffffff-2013-10,5
842a845ffffffff-2015-04,3
842a845ffffffff-2015-09,5
842a845ffffffff-2016-05,4
842a845ffffffff-2016-07,10
842a845ffffffff-2016-08,1
842a845ffffffff-2016-09,4
842a845ffffffff-2017-03,1
842a845ffffffff-2017-04,19
842a845ffffffff-2017-05,6
842a845ffffffff-2017-08,2
842a845ffffffff-2018-04,3
842a845ffffffff-2018-10,2
842a845ffffffff-2019-04,1
842a845ffffffff-2019-09,8
842a845ffffffff-2020-04,11
842a845ffffffff-2020-05,19
842a845ffffffff-2020-08,1
842a845ffffffff-2021-04,13
842a845ffffffff-2021-05,7
842a845ffffffff-2021-08,1
842a845ffffffff-2021-09,1
842a845ffffffff-2022-04,9
842a845ffffffff-2022-05,16
842a845ffffffff-2022-10,1
842a845ffffffff-2023-04,12
842a845ffffffff-2023-05,15
842a845ffffffff-2023-07,2
842a845ffffffff-2023-10,1
842a847ffffffff-2012-04,4
842a847ffffffff-2012-05,5
842a847ffffffff-2012-08,2
842a847ffffffff-2013-04,2
842a847ffffffff-2013-10,1
842a847ffffffff-2014-04,2
842a847ffffffff-2014-05,12
842a847ffffffff-2014-10,1
842a847ffffffff-2015-04,1
842a847ffffffff-2015-05,8
842a847ffffffff-2015-08,1
842a847ffffffff-2015-09,2
842a847ffffffff-2016-04,9
842a847ffffffff-2016-05,9
842a847ffffffff-2017-04,8
842a847ffffffff-2017-05,12
842a847ffffffff-2017-09,13
842a847ffffffff-2018-04,18
842a847ffffffff-2018-05,30
842a847ffffffff-2018-07,3
842a847ffffffff-2019-04,28
842a847ffffffff-2019-05,9
842a847ffffffff-2019-08,2
842a847ffffffff-2020-04,16
842a847ffffffff-2020-05,27
842a847ffffffff-2020-07,3
842a847ffffffff-2020-08,4
842a847ffffffff-2020-09,3
842a847ffffffff-2021-04,10
842a847ffffffff-2021-05,16
842a847ffffffff-2021-08,10
842a847ffffffff-2021-09,8
842a847ffffffff-2021-10,3
842a847ffffffff-2022-04,18
842a847ffffffff-2022-05,18
842a847ffffffff-2022-08,1
842a847ffffffff-2022-09,11
842a847ffffffff-2022-10,2
842a847ffffffff-2023-04,14
842a847ffffffff-2023-05,28
842a847ffffffff-2023-07,8
842a847ffffffff-2023-08,3
842a849ffffffff-2014-04,2
842a849ffffffff-2015-08,2
842a849ffffffff-2015-09,5
842a849ffffffff-2016-05,2
842a849ffffffff-2016-08,5
842a849ffffffff-2018-09,1
842a849ffffffff-2020-07,2
842a849ffffffff-2020-08,4
842a849ffffffff-2020-09,12
842a849ffffffff-2020-10,1
842a849ffffffff-2021-05,1
842a849ffffffff-2021-08,1
842a849ffffffff-2022-04,1
842a849ffffffff-2022-05,1
842a849ffffffff-2022-10,2
842a84bffffffff-2012-09,3
842a84bffffffff-2012-10,8
842a84bffffffff-2013-04,2
842a84bffffffff-2013-08,1
842a84bffffffff-2013-11,1
842a84bffffffff-2014-04,4
842a84bffffffff-2014-05,13
842a84bffffffff-2014-07,1
842a84bffffffff-2014-08,2
842a84bffffffff-2014-09,2
842a84bffffffff-2014-10,17
842a84bffffffff-2014-11,5
842a84bffffffff-2015-05,3
842a84bffffffff-2015-07,5
842a84bffffffff-2015-08,10
842a84bffffffff-2015-09,21
842a84bffffffff-2016-03,3
842a84bffffffff-2016-05,2
842a84bffffffff-2016-08,16
842a84bffffffff-2016-10,7
842a84bffffffff-2017-05,1
842a84bffffffff-2017-08,11
842a84bffffffff-2017-09,5
842a84bffffffff-2018-05,13
842a84bffffffff-2018-07,5
842a84bffffffff-2018-08,1
842a84bffffffff-2019-08,28
842a84bffffffff-2019-09,27
842a84bffffffff-2019-10,8
842a84bffffffff-2020-08,28
842a84bffffffff-2020-09,19
842a84bffffffff-2020-10,6
842a84bffffffff-2021-04,1
842a84bffffffff-2021-05,5
842a84bffffffff-2021-08,11
842a84bffffffff-2022-05,5
842a84bffffffff-2022-07,2
842a84bffffffff-2022-08,5
842a84bffffffff-2022-09,2
842a84bffffffff-2022-10,5
842a84bffffffff-2023-09,7
842a84bffffffff-2023-10,12
842a84dffffffff-2012-04,2
842a84dffffffff-2012-05,4
842a84dffffffff-2012-07,2
842a84dffffffff-2012-08,3
842a84dffffffff-2012-09,1
842a84dffffffff-2013-05,1
842a84dffffffff-2015-10,1
842a84dffffffff-2016-04,1
842a84dffffffff-2016-05,1
842a84dffffffff-2017-05,2
842a84dffffffff-2018-04,1
842a84dffffffff-2018-05,1
842a84dffffffff-2018-10,2
842a84dffffffff-2019-04,1
842a84dffffffff-2019-05,2
842a84dffffffff-2019-08,3
842a84dffffffff-2019-09,6
842a84dffffffff-2019-10,5
842a84dffffffff-2020-03,2
842a84dffffffff-2020-04,1
842a84dffffffff-2020-05,4
842a84dffffffff-2020-08,11
842a84dffffffff-2020-09,2
842a84dffffffff-2020-10,12
842a84dffffffff-2021-03,10
842a84dffffffff-2021-04,4
842a84dffffffff-2021-05,21
842a84dffffffff-2022-04,1
842a84dffffffff-2022-05,7
842a84dffffffff-2022-07,8
842a84dffffffff-2022-08,22
842a84dffffffff-2022-09,42
842a84dffffffff-2022-10,46
842a84dffffffff-2022-11,4
842a84dffffffff-2023-03,3
842a84dffffffff-2023-04,5
842a84dffffffff-2023-05,6
842a84dffffffff-2023-07,3
842a84dffffffff-2023-08,1
842a84dffffffff-2023-09,14
842a84dffffffff-2023-10,21
842a84dffffffff-2023-11,2
842a851ffffffff-2012-05,4
842a851ffffffff-2012-08,15
842a851ffffffff-2012-09,9
842a851ffffffff-2013-04,1
842a851ffffffff-2013-05,1
842a851ffffffff-2013-08,4
842a851ffffffff-2013-10,2
842a851ffffffff-2014-04,9
842a851ffffffff-2014-05,25
842a851ffffffff-2014-08,2
842a851ffffffff-2014-09,12
842a851ffffffff-2014-10,4
842a851ffffffff-2015-04,1
842a851ffffffff-2015-05,12
842a851ffffffff-2015-08,6
842a851ffffffff-2015-09,2
842a851ffffffff-2015-10,6
842a851ffffffff-2016-03,1
842a851ffffffff-2016-04,1
842a851ffffffff-2016-05,13
842a851ffffffff-2016-08,1
842a851ffffffff-2016-09,5
842a851ffffffff-2017-04,1
842a851ffffffff-2017-05,3
842a851ffffffff-2017-08,10
842a851ffffffff-2017-09,15
842a851ffffffff-2017-10,1
842a851ffffffff-2018-04,4
842a851ffffffff-2018-05,3
842a851ffffffff-2018-09,1
842a851ffffffff-2019-04,2
842a851ffffffff-2019-05,2
842a851ffffffff-2020-04,2
842a851ffffffff-2020-05,4
842a851ffffffff-2021-04,2
842a851ffffffff-2021-05,4
842a851ffffffff-2021-08,24
842a851ffffffff-2021-09,1
842a851ffffffff-2022-04,5
842a851ffffffff-2022-05,12
842a851ffffffff-2022-08,1
842a851ffffffff-2022-09,8
842a851ffffffff-2022-10,1
842a851ffffffff-2023-04,4
842a851ffffffff-2023-05,1
842a851ffffffff-2023-09,6
842a853ffffffff-2022-09,2
842a853ffffffff-2023-08,2
842a853ffffffff-2023-09,2
842a855ffffffff-2012-04,1
842a855ffffffff-2012-05,1
842a855ffffffff-2012-07,1
842a855ffffffff-2012-08,1
842a855ffffffff-2012-09,2
842a855ffffffff-2013-05,2
842a855ffffffff-2014-04,1
842a855ffffffff-2014-07,1
842a855ffffffff-2014-08,25
842a855ffffffff-2014-09,11
842a855ffffffff-2015-04,1
842a855ffffffff-2015-08,7
842a855ffffffff-2015-09,2
842a855ffffffff-2016-08,7
842a855ffffffff-2016-09,1
842a855ffffffff-2017-09,4
842a855ffffffff-2018-04,2
842a855ffffffff-2019-04,1
842a855ffffffff-2019-05,3
842a855ffffffff-2019-08,4
842a855ffffffff-2019-09,5
842a855ffffffff-2020-05,4
842a855ffffffff-2020-07,3
842a855ffffffff-2020-08,5
842a855ffffffff-2020-09,4
842a855ffffffff-2021-05,1
842a855ffffffff-2021-07,6
842a855ffffffff-2021-08,16
842a855ffffffff-2021-09,5
842a855ffffffff-2022-08,7
842a855ffffffff-2022-09,9
842a855ffffffff-2022-10,1
842a855ffffffff-2023-04,3
842a855ffffffff-2023-05,2
842a855ffffffff-2023-07,8
842a855ffffffff-2023-08,14
842a855ffffffff-2023-09,13
842a857ffffffff-2013-04,1
842a857ffffffff-2013-09,6
842a857ffffffff-2014-04,3
842a857ffffffff-2014-05,8
842a857ffffffff-2014-07,10
842a857ffffffff-2014-08,6
842a857ffffffff-2014-09,1
842a857ffffffff-2015-07,4
842a857ffffffff-2015-08,10
842a857ffffffff-2015-09,2
842a857ffffffff-2016-05,6
842a857ffffffff-2017-04,33
842a857ffffffff-2017-05,47
842a857ffffffff-2017-09,10
842a857ffffffff-2018-04,20
842a857ffffffff-2018-05,10
842a857ffffffff-2018-09,1
842a857ffffffff-2019-05,11
842a857ffffffff-2020-03,5
842a857ffffffff-2020-04,25
842a857ffffffff-2020-05,29
842a857ffffffff-2020-07,12
842a857ffffffff-2020-08,5
842a857ffffffff-2021-04,13
842a857ffffffff-2021-05,29
842a857ffffffff-2021-08,2
842a857ffffffff-2021-09,4
842a857ffffffff-2021-11,1
842a857ffffffff-2022-04,13
842a857ffffffff-2022-05,24
842a857ffffffff-2022-08,1
842a857ffffffff-2022-10,1
842a857ffffffff-2023-04,12
842a857ffffffff-2023-05,28
842a857ffffffff-2023-07,1
842a857ffffffff-2023-09,5
842a857ffffffff-2023-10,3
842a859ffffffff-2013-10,1
842a859ffffffff-2014-06,1
842a859ffffffff-2015-04,1
842a859ffffffff-2015-09,1
842a859ffffffff-2016-05,3
842a859ffffffff-2016-08,2
842a859ffffffff-2018-04,1
842a859ffffffff-2018-05,2
842a859ffffffff-2019-04,1
842a859ffffffff-2019-05,1
842a859ffffffff-2021-05,3
842a859ffffffff-2022-05,1
842a859ffffffff-2023-05,1
842a859ffffffff-2023-09,23
842a859ffffffff-2023-10,11
842a85bffffffff-2019-04,1
842a85bffffffff-2023-05,1
842a85bffffffff-2023-10,1
842a85dffffffff-2012-03,5
842a85dffffffff-2012-04,27
842a85dffffffff-2012-05,19
842a85dffffffff-2012-07,1
842a85dffffffff-2012-09,44
842a85dffffffff-2012-10,2
842a85dffffffff-2013-04,14
842a85dffffffff-2013-05,24
842a85dffffffff-2013-06,1
842a85dffffffff-2013-07,1
842a85dffffffff-2013-08,4
842a85dffffffff-2013-09,9
842a85dffffffff-2013-10,3
842a85dffffffff-2014-04,15
842a85dffffffff-2014-05,16
842a85dffffffff-2014-07,12
842a85dffffffff-2014-08,35
842a85dffffffff-2014-09,26
842a85dffffffff-2014-10,2
842a85dffffffff-2015-04,5
842a85dffffffff-2015-05,27
842a85dffffffff-2015-07,2
842a85dffffffff-2015-08,4
842a85dffffffff-2015-09,1
842a85dffffffff-2016-04,3
842a85dffffffff-2016-05,20
842a85dffffffff-2016-09,4
842a85dffffffff-2017-04,1
842a85dffffffff-2017-05,6
842a85dffffffff-2017-08,3
842a85dffffffff-2017-09,12
842a85dffffffff-2017-10,3
842a85dffffffff-2018-04,12
842a85dffffffff-2018-05,3
842a85dffffffff-2018-08,17
842a85dffffffff-2018-09,3
842a85dffffffff-2019-04,26
842a85dffffffff-2019-05,7
842a85dffffffff-2019-08,17
842a85dffffffff-2019-09,15
842a85dffffffff-2019-10,1
842a85dffffffff-2020-04,19
842a85dffffffff-2020-05,20
842a85dffffffff-2020-08,1
842a85dffffffff-2020-10,1
842a85dffffffff-2021-04,3
842a85dffffffff-2021-05,3
842a85dffffffff-2021-08,1
842a85dffffffff-2022-04,5
842a85dffffffff-2022-05,2
842a85dffffffff-2022-09,2
842a85dffffffff-2022-10,2
842a85dffffffff-2022-11,1
842a85dffffffff-2023-04,6
842a85dffffffff-2023-05,2
842a861ffffffff-2012-04,2
842a861ffffffff-2012-05,3
842a861ffffffff-2012-07,1
842a861ffffffff-2012-08,3
842a861ffffffff-2013-04,1
842a861ffffffff-2013-05,2
842a861ffffffff-2013-08,2
842a861ffffffff-2014-04,2
842a861ffffffff-2014-05,1
842a861ffffffff-2015-04,1
842a861ffffffff-2015-05,2
842a861ffffffff-2015-09,1
842a861ffffffff-2015-10,1
842a861ffffffff-2016-04,14
842a861ffffffff-2016-05,11
842a861ffffffff-2017-04,8
842a861ffffffff-2017-05,9
842a861ffffffff-2018-05,7
842a861ffffffff-2020-03,2
842a861ffffffff-2020-04,10
842a861ffffffff-2020-05,28
842a861ffffffff-2022-04,4
842a861ffffffff-2022-05,2
842a861ffffffff-2023-05,2
842a863ffffffff-2012-03,1
842a863ffffffff-2012-04,13
842a863ffffffff-2012-05,4
842a863ffffffff-2012-08,2
842a863ffffffff-2012-09,1
842a863ffffffff-2012-10,1
842a863ffffffff-2013-03,2
842a863ffffffff-2013-08,2
842a863ffffffff-2014-05,4
842a863ffffffff-2014-09,2
842a863ffffffff-2015-04,1
842a863ffffffff-2015-05,1
842a863ffffffff-2015-09,2
842a863ffffffff-2015-10,1
842a863ffffffff-2016-04,4
842a863ffffffff-2016-05,1
842a863ffffffff-2016-07,4
842a863ffffffff-2017-04,5
842a863ffffffff-2017-07,1
842a863ffffffff-2018-04,1
842a863ffffffff-2018-05,1
842a863ffffffff-2018-07,1
842a863ffffffff-2019-04,1
842a863ffffffff-2019-08,3
842a863ffffffff-2019-09,1
842a863ffffffff-2020-04,11
842a863ffffffff-2020-05,10
842a863ffffffff-2020-07,1
842a863ffffffff-2020-08,2
842a863ffffffff-2020-10,1
842a863ffffffff-2021-04,5
842a863ffffffff-2021-05,4
842a863ffffffff-2021-08,2
842a863ffffffff-2021-10,4
842a863ffffffff-2022-04,2
842a863ffffffff-2022-05,1
842a863ffffffff-2022-07,1
842a863ffffffff-2022-08,1
842a863ffffffff-2023-04,3
842a863ffffffff-2023-05,2
842a865ffffffff-2012-07,1
842a865ffffffff-2012-08,4
842a865ffffffff-2014-04,3
842a865ffffffff-2014-05,1
842a865ffffffff-2014-08,4
842a865ffffffff-2014-09,2
842a865ffffffff-2015-08,1
842a865ffffffff-2015-09,1
842a865ffffffff-2016-08,4
842a865ffffffff-2016-10,1
842a865ffffffff-2017-04,15
842a865ffffffff-2017-05,22
842a865ffffffff-2017-07,2
842a865ffffffff-2017-08,18
842a865ffffffff-2017-09,47
842a865ffffffff-2017-10,13
842a865ffffffff-2017-11,1
842a865ffffffff-2018-04,5
842a865ffffffff-2018-08,4
842a865ffffffff-2018-09,2
842a865ffffffff-2019-05,3
842a865ffffffff-2020-04,8
842a865ffffffff-2020-05,46
842a865ffffffff-2020-07,2
842a865ffffffff-2020-08,8
842a865ffffffff-2020-09,8
842a865ffffffff-2020-10,3
842a865ffffffff-2020-11,1
842a865ffffffff-2021-04,13
842a865ffffffff-2021-05,18
842a865ffffffff-2021-08,1
842a865ffffffff-2021-09,5
842a865ffffffff-2021-10,2
842a865ffffffff-2022-04,10
842a865ffffffff-2022-05,22
842a865ffffffff-2022-07,3
842a865ffffffff-2022-08,7
842a865ffffffff-2022-09,2
842a865ffffffff-2022-11,1
842a865ffffffff-2023-04,8
842a865ffffffff-2023-05,4
842a865ffffffff-2023-07,6
842a865ffffffff-2023-08,3
842a865ffffffff-2023-09,4
842a865ffffffff-2023-10,5
842a865ffffffff-2023-11,1
842a867ffffffff-2012-04,1
842a867ffffffff-2016-05,4
842a867ffffffff-2017-04,1
842a867ffffffff-2017-05,3
842a867ffffffff-2018-04,5
842a867ffffffff-2018-05,3
842a867ffffffff-2018-09,1
842a867ffffffff-2019-04,1
842a867ffffffff-2020-04,1
842a867ffffffff-2020-08,1
842a867ffffffff-2021-05,2
842a867ffffffff-2021-11,1
842a867ffffffff-2022-04,1
842a867ffffffff-2023-03,1
842a867ffffffff-2023-04,1
842a869ffffffff-2012-04,1
842a869ffffffff-2013-05,1
842a869ffffffff-2014-08,3
842a869ffffffff-2016-05,1
842a869ffffffff-2016-10,3
842a869ffffffff-2017-04,3
842a869ffffffff-2017-05,2
842a869ffffffff-2017-07,3
842a869ffffffff-2019-04,1
842a869ffffffff-2019-05,1
842a869ffffffff-2020-05,3
842a869ffffffff-2020-08,1
842a869ffffffff-2020-09,1
842a869ffffffff-2020-10,3
842a869ffffffff-2021-03,1
842a869ffffffff-2021-04,2
842a869ffffffff-2021-05,1
842a869ffffffff-2021-10,1
842a869ffffffff-2022-03,1
842a869ffffffff-2022-04,1
842a869ffffffff-2022-10,1
842a869ffffffff-2022-11,1
842a869ffffffff-2023-04,2
842a869ffffffff-2023-05,1
842a869ffffffff-2023-10,1
842a86bffffffff-2012-04,7
842a86bffffffff-2012-05,3
842a86bffffffff-2012-07,2
842a86bffffffff-2012-09,1
842a86bffffffff-2013-03,1
842a86bffffffff-2013-04,14
842a86bffffffff-2013-05,8
842a86bffffffff-2014-04,15
842a86bffffffff-2014-05,6
842a86bffffffff-2014-08,3
842a86bffffffff-2014-10,8
842a86bffffffff-2015-04,3
842a86bffffffff-2015-05,5
842a86bffffffff-2016-04,6
842a86bffffffff-2016-05,4
842a86bffffffff-2016-07,5
842a86bffffffff-2016-09,1
842a86bffffffff-2017-04,9
842a86bffffffff-2017-05,1
842a86bffffffff-2018-04,8
842a86bffffffff-2018-05,6
842a86bffffffff-2018-09,3
842a86bffffffff-2019-04,1
842a86bffffffff-2019-05,5
842a86bffffffff-2019-06,1
842a86bffffffff-2019-08,5
842a86bffffffff-2019-10,1
842a86bffffffff-2020-04,11
842a86bffffffff-2020-05,4
842a86bffffffff-2020-08,3
842a86bffffffff-2020-09,11
842a86bffffffff-2020-10,1
842a86bffffffff-2021-04,2
842a86bffffffff-2021-05,12
842a86bffffffff-2021-07,1
842a86bffffffff-2021-08,4
842a86bffffffff-2021-09,1
842a86bffffffff-2021-10,1
842a86bffffffff-2022-04,1
842a86bffffffff-2022-05,7
842a86bffffffff-2022-08,4
842a86bffffffff-2023-04,5
842a86bffffffff-2023-05,9
842a86bffffffff-2023-07,1
842a86bffffffff-2023-08,11
842a86bffffffff-2023-09,4
842a86bffffffff-2023-10,1
842a86dffffffff-2012-07,1
842a86dffffffff-2012-08,4
842a86dffffffff-2012-09,2
842a86dffffffff-2013-04,2
842a86dffffffff-2013-09,6
842a86dffffffff-2014-04,11
842a86dffffffff-2014-05,41
842a86dffffffff-2014-07,2
842a86dffffffff-2014-08,34
842a86dffffffff-2014-09,45
842a86dffffffff-2014-10,11
842a86dffffffff-2014-11,3
842a86dffffffff-2015-03,8
842a86dffffffff-2015-04,6
842a86dffffffff-2015-05,5
842a86dffffffff-2015-07,2
842a86dffffffff-2015-08,2
842a86dffffffff-2015-09,41
842a86dffffffff-2015-10,9
842a86dffffffff-2016-04,9
842a86dffffffff-2016-05,35
842a86dffffffff-2016-07,21
842a86dffffffff-2016-08,80
842a86dffffffff-2016-09,45
842a86dffffffff-2016-10,7
842a86dffffffff-2017-03,5
842a86dffffffff-2017-04,15
842a86dffffffff-2017-05,26
842a86dffffffff-2017-08,42
842a86dffffffff-2017-09,35
842a86dffffffff-2017-10,3
842a86dffffffff-2018-04,29
842a86dffffffff-2018-05,19
842a86dffffffff-2018-07,5
842a86dffffffff-2018-08,38
842a86dffffffff-2018-09,35
842a86dffffffff-2018-10,1
842a86dffffffff-2019-04,16
842a86dffffffff-2019-05,22
842a86dffffffff-2019-07,2
842a86dffffffff-2019-08,11
842a86dffffffff-2019-09,73
842a86dffffffff-2019-10,10
842a86dffffffff-2020-04,31
842a86dffffffff-2020-05,19
842a86dffffffff-2020-07,2
842a86dffffffff-2020-08,65
842a86dffffffff-2020-09,7
842a86dffffffff-2020-10,3
842a86dffffffff-2021-03,1
842a86dffffffff-2021-04,9
842a86dffffffff-2021-05,7
842a86dffffffff-2021-08,11
842a86dffffffff-2021-09,108
842a86dffffffff-2021-10,9
842a86dffffffff-2022-04,8
842a86dffffffff-2022-05,18
842a86dffffffff-2022-07,20
842a86dffffffff-2022-08,124
842a86dffffffff-2022-09,28
842a86dffffffff-2022-10,28
842a86dffffffff-2023-03,1
842a86dffffffff-2023-04,26
842a86dffffffff-2023-05,32
842a86dffffffff-2023-07,49
842a86dffffffff-2023-08,8
842a86dffffffff-2023-09,70
842a86dffffffff-2023-10,27
842a881ffffffff-2018-04,1
842a881ffffffff-2021-05,1
842a881ffffffff-2021-08,1
842a883ffffffff-2013-05,1
842a883ffffffff-2014-04,1
842a883ffffffff-2014-05,1
842a883ffffffff-2015-04,7
842a883ffffffff-2015-05,3
842a883ffffffff-2015-08,2
842a883ffffffff-2015-11,1
842a883ffffffff-2016-04,3
842a883ffffffff-2017-04,2
842a883ffffffff-2018-04,1
842a883ffffffff-2018-05,1
842a883ffffffff-2019-04,3
842a883ffffffff-2021-09,2
842a883ffffffff-2022-04,3
842a883ffffffff-2022-05,1
842a883ffffffff-2023-10,4
842a883ffffffff-2023-11,2
842a885ffffffff-2021-05,2
842a889ffffffff-2017-04,1
842a889ffffffff-2017-05,1
842a889ffffffff-2017-10,2
842a889ffffffff-2018-04,1
842a889ffffffff-2018-05,3
842a889ffffffff-2019-09,1
842a889ffffffff-2020-04,2
842a889ffffffff-2021-05,2
842a889ffffffff-2021-09,2
842a889ffffffff-2022-04,1
842a88bffffffff-2013-05,3
842a88bffffffff-2017-09,1
842a88bffffffff-2022-05,1
842a88dffffffff-2014-05,1
842a88dffffffff-2017-05,1
842a88dffffffff-2017-10,4
842a88dffffffff-2018-04,1
842a88dffffffff-2018-05,2
842a88dffffffff-2019-05,1
842a88dffffffff-2020-04,4
842a88dffffffff-2020-05,1
842a88dffffffff-2021-05,6
842a88dffffffff-2022-05,5
842a88dffffffff-2023-03,5
842a88dffffffff-2023-04,23
842a88dffffffff-2023-05,45
842a88dffffffff-2023-09,2
842a893ffffffff-2016-08,1
842a893ffffffff-2016-09,1
842a893ffffffff-2018-07,2
842a893ffffffff-2018-09,2
842a893ffffffff-2019-08,3
842a893ffffffff-2019-09,6
842a893ffffffff-2019-10,11
842a893ffffffff-2019-11,3
842a893ffffffff-2021-09,4
842a893ffffffff-2021-10,3
842a893ffffffff-2021-11,1
842a893ffffffff-2022-03,1
842a893ffffffff-2022-04,2
842a893ffffffff-2022-07,3
842a893ffffffff-2022-08,17
842a893ffffffff-2022-09,66
842a893ffffffff-2022-10,100
842a893ffffffff-2022-11,35
842a893ffffffff-2023-08,8
842a893ffffffff-2023-09,60
842a893ffffffff-2023-10,31
842a893ffffffff-2023-11,5
842a895ffffffff-2015-04,3
842a895ffffffff-2017-04,1
842a895ffffffff-2020-04,14
842a895ffffffff-2020-05,9
842a895ffffffff-2021-04,1
842a895ffffffff-2021-05,2
842a895ffffffff-2022-05,1
842a895ffffffff-2023-04,3
842a895ffffffff-2023-05,2
842a897ffffffff-2012-04,4
842a897ffffffff-2012-05,1
842a897ffffffff-2012-08,1
842a897ffffffff-2012-09,9
842a897ffffffff-2012-12,1
842a897ffffffff-2013-02,1
842a897ffffffff-2013-04,6
842a897ffffffff-2013-05,3
842a897ffffffff-2013-08,3
842a897ffffffff-2013-10,1
842a897ffffffff-2013-11,1
842a897ffffffff-2014-03,3
842a897ffffffff-2014-04,3
842a897ffffffff-2014-05,2
842a897ffffffff-2014-09,1
842a897ffffffff-2014-10,1
842a897ffffffff-2015-04,5
842a897ffffffff-2015-05,1
842a897ffffffff-2015-07,1
842a897ffffffff-2015-08,43
842a897ffffffff-2015-09,36
842a897ffffffff-2016-03,1
842a897ffffffff-2016-05,3
842a897ffffffff-2016-08,3
842a897ffffffff-2016-09,19
842a897ffffffff-2016-10,1
842a897ffffffff-2017-04,33
842a897ffffffff-2017-05,2
842a897ffffffff-2017-08,17
842a897ffffffff-2017-09,24
842a897ffffffff-2017-10,2
842a897ffffffff-2018-04,25
842a897ffffffff-2018-05,2
842a897ffffffff-2018-08,1
842a897ffffffff-2018-09,10
842a897ffffffff-2018-10,1
842a897ffffffff-2019-04,12
842a897ffffffff-2019-05,12
842a897ffffffff-2019-08,1
842a897ffffffff-2019-09,11
842a897ffffffff-2019-10,3
842a897ffffffff-2020-04,10
842a897ffffffff-2020-05,42
842a897ffffffff-2020-09,2
842a897ffffffff-2020-10,2
842a897ffffffff-2021-04,21
842a897ffffffff-2021-05,17
842a897ffffffff-2021-08,4
842a897ffffffff-2021-09,41
842a897ffffffff-2021-10,3
842a897ffffffff-2021-12,2
842a897ffffffff-2022-03,3
842a897ffffffff-2022-04,5
842a897ffffffff-2022-05,8
842a897ffffffff-2022-08,67
842a897ffffffff-2022-09,85
842a897ffffffff-2022-10,82
842a897ffffffff-2022-11,10
842a897ffffffff-2023-04,9
842a897ffffffff-2023-05,19
842a897ffffffff-2023-08,35
842a897ffffffff-2023-09,48
842a897ffffffff-2023-10,57
842a897ffffffff-2023-11,10
842a89bffffffff-2018-03,1
842a89bffffffff-2020-09,1
842a89dffffffff-2012-07,1
842a89dffffffff-2012-08,3
842a89dffffffff-2012-09,3
842a89dffffffff-2013-08,1
842a89dffffffff-2013-09,12
842a89dffffffff-2014-09,1
842a89dffffffff-2015-07,5
842a89dffffffff-2015-08,19
842a89dffffffff-2015-09,18
842a89dffffffff-2016-04,10
842a89dffffffff-2016-07,1
842a89dffffffff-2016-08,7
842a89dffffffff-2016-09,29
842a89dffffffff-2017-04,2
842a89dffffffff-2017-07,1
842a89dffffffff-2017-08,40
842a89dffffffff-2017-09,43
842a89dffffffff-2018-03,3
842a89dffffffff-2018-08,3
842a89dffffffff-2018-09,3
842a89dffffffff-2019-08,5
842a89dffffffff-2019-09,38
842a89dffffffff-2020-04,1
842a89dffffffff-2020-07,2
842a89dffffffff-2020-09,6
842a89dffffffff-2021-04,3
842a89dffffffff-2021-05,18
842a89dffffffff-2021-08,16
842a89dffffffff-2021-09,22
842a89dffffffff-2022-07,9
842a89dffffffff-2022-08,20
842a89dffffffff-2022-09,19
842a89dffffffff-2022-10,4
842a89dffffffff-2023-08,12
842a89dffffffff-2023-09,21
842a89dffffffff-2023-10,8
842a8a1ffffffff-2012-07,1
842a8a1ffffffff-2013-05,1
842a8a1ffffffff-2013-10,1
842a8a1ffffffff-2015-05,1
842a8a1ffffffff-2016-04,1
842a8a1ffffffff-2016-05,1
842a8a1ffffffff-2016-08,1
842a8a1ffffffff-2017-04,1
842a8a1ffffffff-2017-05,1
842a8a1ffffffff-2018-04,1
842a8a1ffffffff-2019-05,1
842a8a1ffffffff-2020-04,11
842a8a1ffffffff-2020-05,5
842a8a1ffffffff-2021-05,3
842a8a1ffffffff-2022-04,3
842a8a1ffffffff-2023-03,2
842a8a1ffffffff-2023-04,5
842a8a1ffffffff-2023-05,28
842a8a5ffffffff-2018-09,2
842a8a7ffffffff-2016-04,1
842a8a7ffffffff-2017-09,1
842a8a7ffffffff-2020-04,1
842a8a9ffffffff-2012-04,2
842a8a9ffffffff-2012-05,4
842a8a9ffffffff-2012-08,3
842a8a9ffffffff-2012-09,6
842a8a9ffffffff-2012-10,3
842a8a9ffffffff-2013-05,2
842a8a9ffffffff-2014-04,1
842a8a9ffffffff-2014-07,1
842a8a9ffffffff-2014-08,1
842a8a9ffffffff-2015-04,7
842a8a9ffffffff-2015-08,8
842a8a9ffffffff-2015-09,1
842a8a9ffffffff-2016-04,5
842a8a9ffffffff-2016-05,12
842a8a9ffffffff-2016-08,3
842a8a9ffffffff-2017-04,3
842a8a9ffffffff-2017-05,5
842a8a9ffffffff-2017-08,5
842a8a9ffffffff-2017-09,4
842a8a9ffffffff-2017-11,2
842a8a9ffffffff-2018-04,4
842a8a9ffffffff-2018-07,1
842a8a9ffffffff-2018-09,3
842a8a9ffffffff-2019-04,4
842a8a9ffffffff-2019-05,3
842a8a9ffffffff-2020-04,10
842a8a9ffffffff-2020-05,11
842a8a9ffffffff-2020-09,2
842a8a9ffffffff-2020-10,1
842a8a9ffffffff-2021-04,9
842a8a9ffffffff-2021-05,15
842a8a9ffffffff-2021-08,25
842a8a9ffffffff-2021-09,9
842a8a9ffffffff-2022-04,4
842a8a9ffffffff-2022-05,17
842a8a9ffffffff-2022-07,1
842a8a9ffffffff-2022-09,2
842a8a9ffffffff-2023-04,15
842a8a9ffffffff-2023-05,13
842a8a9ffffffff-2023-08,54
842a8a9ffffffff-2023-09,21
842a8a9ffffffff-2023-10,1
842a8adffffffff-2013-05,2
842a8adffffffff-2014-05,1
842a8adffffffff-2015-04,1
842a8adffffffff-2015-05,1
842a8adffffffff-2016-04,1
842a8adffffffff-2017-05,1
842a8adffffffff-2017-10,1
842a8adffffffff-2018-04,5
842a8adffffffff-2020-04,86
842a8adffffffff-2020-05,55
842a8adffffffff-2020-08,16
842a8adffffffff-2020-09,16
842a8adffffffff-2020-10,2
842a8adffffffff-2021-04,7
842a8adffffffff-2021-05,15
842a8adffffffff-2021-07,1
842a8adffffffff-2021-08,7
842a8adffffffff-2021-09,5
842a8adffffffff-2022-04,3
842a8adffffffff-2022-05,18
842a8adffffffff-2022-07,2
842a8adffffffff-2022-08,2
842a8adffffffff-2022-09,1
842a8adffffffff-2023-04,27
842a8adffffffff-2023-05,33
842a8adffffffff-2023-08,3
842a8b1ffffffff-2013-08,3
842a8b1ffffffff-2013-09,1
842a8b1ffffffff-2014-04,1
842a8b1ffffffff-2014-08,1
842a8b1ffffffff-2014-11,1
842a8b1ffffffff-2015-04,1
842a8b1ffffffff-2015-05,1
842a8b1ffffffff-2015-07,13
842a8b1ffffffff-2015-08,8
842a8b1ffffffff-2015-09,5
842a8b1ffffffff-2016-04,2
842a8b1ffffffff-2016-05,8
842a8b1ffffffff-2016-08,3
842a8b1ffffffff-2016-09,9
842a8b1ffffffff-2017-09,2
842a8b1ffffffff-2017-10,5
842a8b1ffffffff-2018-04,15
842a8b1ffffffff-2018-05,3
842a8b1ffffffff-2018-08,2
842a8b1ffffffff-2018-09,3
842a8b1ffffffff-2019-05,2
842a8b1ffffffff-2019-08,1
842a8b1ffffffff-2019-09,7
842a8b1ffffffff-2019-10,3
842a8b1ffffffff-2020-04,19
842a8b1ffffffff-2020-05,2
842a8b1ffffffff-2020-08,2
842a8b1ffffffff-2020-09,4
842a8b1ffffffff-2020-10,2
842a8b1ffffffff-2021-04,17
842a8b1ffffffff-2021-05,7
842a8b1ffffffff-2021-08,32
842a8b1ffffffff-2021-09,32
842a8b1ffffffff-2021-10,14
842a8b1ffffffff-2022-04,11
842a8b1ffffffff-2022-05,23
842a8b1ffffffff-2022-08,1
842a8b1ffffffff-2022-09,2
842a8b1ffffffff-2022-10,14
842a8b1ffffffff-2023-03,7
842a8b1ffffffff-2023-04,18
842a8b1ffffffff-2023-05,14
842a8b1ffffffff-2023-07,2
842a8b1ffffffff-2023-08,2
842a8b1ffffffff-2023-09,11
842a8b3ffffffff-2022-03,2
842a8b5ffffffff-2012-05,2
842a8b5ffffffff-2012-10,1
842a8b5ffffffff-2015-05,2
842a8b5ffffffff-2016-04,2
842a8b5ffffffff-2016-05,1
842a8b5ffffffff-2017-05,1
842a8b5ffffffff-2019-04,4
842a8b5ffffffff-2019-05,1
842a8b5ffffffff-2020-05,2
842a8b5ffffffff-2021-05,1
842a8b5ffffffff-2022-04,4
842a8b5ffffffff-2023-05,8
842a8b7ffffffff-2012-04,1
842a8b7ffffffff-2012-08,1
842a8b7ffffffff-2013-04,2
842a8b7ffffffff-2015-08,2
842a8b7ffffffff-2021-04,2
842a8b7ffffffff-2021-05,15
842a8b7ffffffff-2022-05,4
842a8b7ffffffff-2023-04,1
842a8b7ffffffff-2023-08,1
842a8b9ffffffff-2012-04,1
842a8b9ffffffff-2017-04,2
842a8b9ffffffff-2017-05,1
842a8b9ffffffff-2017-08,1
842a8b9ffffffff-2019-04,1
842a8b9ffffffff-2019-09,2
842a8b9ffffffff-2023-05,1
842a8b9ffffffff-2023-08,1
842a8b9ffffffff-2023-09,1
842a8b9ffffffff-2023-10,1
842a8bbffffffff-2013-11,1
842a8bbffffffff-2014-08,2
842a8bbffffffff-2015-08,6
842a8bbffffffff-2015-09,1
842a8bbffffffff-2016-04,4
842a8bbffffffff-2016-09,1
842a8bbffffffff-2016-10,1
842a8bbffffffff-2017-09,1
842a8bbffffffff-2019-04,8
842a8bbffffffff-2020-04,5
842a8bbffffffff-2020-05,22
842a8bbffffffff-2021-05,3
842a8bbffffffff-2022-04,1
842a8bbffffffff-2022-05,5
842a8bbffffffff-2022-08,2
842a8bbffffffff-2022-09,1
842a8bbffffffff-2023-04,38
842a8bbffffffff-2023-05,25
842a8bbffffffff-2023-08,1
842a8bdffffffff-2013-04,1
842a8bdffffffff-2014-04,1
842a8bdffffffff-2014-09,1
842a8bdffffffff-2016-05,1
842a8bdffffffff-2018-05,2
842a8bdffffffff-2019-04,2
842a8bdffffffff-2020-04,3
842a8bdffffffff-2020-10,2
842a8bdffffffff-2021-04,7
842a8bdffffffff-2021-05,6
842a8c1ffffffff-2012-04,7
842a8c1ffffffff-2012-05,5
842a8c1ffffffff-2013-04,20
842a8c1ffffffff-2013-05,9
842a8c1ffffffff-2013-08,1
842a8c1ffffffff-2014-04,4
842a8c1ffffffff-2014-05,6
842a8c1ffffffff-2015-04,3
842a8c1ffffffff-2015-08,1
842a8c1ffffffff-2015-09,3
842a8c1ffffffff-2016-04,9
842a8c1ffffffff-2016-05,5
842a8c1ffffffff-2017-04,2
842a8c1ffffffff-2017-05,3
842a8c1ffffffff-2018-04,8
842a8c1ffffffff-2018-05,7
842a8c1ffffffff-2018-08,9
842a8c1ffffffff-2019-04,5
842a8c1ffffffff-2019-05,11
842a8c1ffffffff-2020-03,5
842a8c1ffffffff-2020-04,47
842a8c1ffffffff-2020-05,18
842a8c1ffffffff-2020-07,1
842a8c1ffffffff-2020-09,1
842a8c1ffffffff-2021-04,17
842a8c1ffffffff-2021-05,24
842a8c1ffffffff-2021-08,1
842a8c1ffffffff-2022-03,1
842a8c1ffffffff-2022-04,13
842a8c1ffffffff-2022-05,23
842a8c1ffffffff-2023-04,3
842a8c1ffffffff-2023-05,3
842a8c1ffffffff-2023-07,1
842a8c1ffffffff-2023-08,1
842a8c3ffffffff-2016-04,1
842a8c3ffffffff-2021-04,1
842a8c5ffffffff-2012-04,1
842a8c5ffffffff-2012-05,4
842a8c5ffffffff-2013-04,5
842a8c5ffffffff-2013-05,4
842a8c5ffffffff-2013-10,1
842a8c5ffffffff-2014-03,1
842a8c5ffffffff-2014-04,3
842a8c5ffffffff-2014-05,5
842a8c5ffffffff-2014-08,1
842a8c5ffffffff-2015-05,3
842a8c5ffffffff-2016-04,16
842a8c5ffffffff-2016-05,8
842a8c5ffffffff-2016-09,1
842a8c5ffffffff-2017-04,9
842a8c5ffffffff-2017-05,1
842a8c5ffffffff-2017-08,3
842a8c5ffffffff-2018-04,4
842a8c5ffffffff-2018-05,8
842a8c5ffffffff-2018-09,4
842a8c5ffffffff-2019-04,4
842a8c5ffffffff-2019-05,5
842a8c5ffffffff-2020-04,25
842a8c5ffffffff-2020-05,4
842a8c5ffffffff-2020-07,4
842a8c5ffffffff-2020-08,40
842a8c5ffffffff-2020-09,19
842a8c5ffffffff-2020-10,2
842a8c5ffffffff-2021-03,1
842a8c5ffffffff-2021-04,15
842a8c5ffffffff-2021-05,21
842a8c5ffffffff-2021-08,4
842a8c5ffffffff-2021-09,6
842a8c5ffffffff-2022-04,3
842a8c5ffffffff-2022-05,17
842a8c5ffffffff-2022-08,6
842a8c5ffffffff-2023-03,1
842a8c5ffffffff-2023-04,4
842a8c5ffffffff-2023-05,7
842a8c5ffffffff-2023-08,3
842a8c5ffffffff-2023-09,2
842a8c7ffffffff-2012-04,1
842a8c7ffffffff-2017-04,2
842a8c7ffffffff-2017-09,2
842a8c7ffffffff-2018-05,1
842a8c7ffffffff-2019-05,3
842a8c7ffffffff-2020-04,11
842a8c7ffffffff-2020-05,1
842a8c7ffffffff-2021-04,2
842a8c7ffffffff-2021-05,1
842a8c7ffffffff-2022-04,2
842a8c7ffffffff-2022-05,2
842a8c9ffffffff-2016-04,1
842a8c9ffffffff-2017-09,1
842a8c9ffffffff-2018-07,2
842a8c9ffffffff-2019-05,1
842a8c9ffffffff-2020-05,4
842a8c9ffffffff-2022-05,1
842a8cbffffffff-2014-04,3
842a8cbffffffff-2014-08,1
842a8cbffffffff-2015-08,2
842a8cbffffffff-2017-08,1
842a8cbffffffff-2019-05,1
842a8cbffffffff-2020-04,4
842a8cbffffffff-2020-05,1
842a8cbffffffff-2021-04,1
842a8cbffffffff-2021-05,1
842a8cbffffffff-2022-05,6
842a8cbffffffff-2022-10,1
842a8cbffffffff-2023-04,1
842a8cdffffffff-2012-04,10
842a8cdffffffff-2012-05,3
842a8cdffffffff-2013-04,3
842a8cdffffffff-2013-05,3
842a8cdffffffff-2013-08,5
842a8cdffffffff-2013-09,1
842a8cdffffffff-2013-10,2
842a8cdffffffff-2014-03,1
842a8cdffffffff-2014-04,15
842a8cdffffffff-2014-05,5
842a8cdffffffff-2014-10,1
842a8cdffffffff-2015-08,1
842a8cdffffffff-2015-09,8
842a8cdffffffff-2016-04,10
842a8cdffffffff-2016-05,17
842a8cdffffffff-2016-08,4
842a8cdffffffff-2017-04,2
842a8cdffffffff-2017-05,14
842a8cdffffffff-2017-08,18
842a8cdffffffff-2018-03,7
842a8cdffffffff-2018-05,11
842a8cdffffffff-2018-07,1
842a8cdffffffff-2018-08,11
842a8cdffffffff-2018-09,51
842a8cdffffffff-2018-10,3
842a8cdffffffff-2019-03,2
842a8cdffffffff-2019-04,3
842a8cdffffffff-2019-05,25
842a8cdffffffff-2019-08,9
842a8cdffffffff-2019-09,3
842a8cdffffffff-2019-10,1
842a8cdffffffff-2020-01,6
842a8cdffffffff-2020-02,23
842a8cdffffffff-2020-03,14
842a8cdffffffff-2020-04,35
842a8cdffffffff-2020-05,19
842a8cdffffffff-2020-09,1
842a8cdffffffff-2020-10,4
842a8cdffffffff-2021-04,21
842a8cdffffffff-2021-05,29
842a8cdffffffff-2021-08,44
842a8cdffffffff-2021-09,19
842a8cdffffffff-2022-04,13
842a8cdffffffff-2022-05,19
842a8cdffffffff-2022-08,5
842a8cdffffffff-2022-09,2
842a8cdffffffff-2022-10,1
842a8cdffffffff-2023-04,12
842a8cdffffffff-2023-05,25
842a8cdffffffff-2023-08,31
842a8cdffffffff-2023-09,1
842a8d5ffffffff-2016-04,1
842a8d5ffffffff-2017-03,1
842a8d5ffffffff-2017-08,21
842a8d5ffffffff-2017-09,10
842a8d5ffffffff-2017-10,4
842a8d5ffffffff-2017-11,1
842a8d5ffffffff-2020-05,2
842a8d5ffffffff-2020-09,3
842a8d5ffffffff-2020-10,2
842a8d5ffffffff-2021-04,3
842a8d5ffffffff-2021-08,2
842a8d5ffffffff-2023-04,1
842a8d7ffffffff-2016-05,1
842a8d9ffffffff-2012-05,5
842a8d9ffffffff-2012-08,1
842a8d9ffffffff-2012-11,1
842a8d9ffffffff-2013-03,3
842a8d9ffffffff-2013-04,4
842a8d9ffffffff-2013-05,11
842a8d9ffffffff-2013-07,2
842a8d9ffffffff-2013-08,5
842a8d9ffffffff-2013-09,1
842a8d9ffffffff-2013-12,2
842a8d9ffffffff-2014-04,5
842a8d9ffffffff-2014-05,2
842a8d9ffffffff-2014-07,3
842a8d9ffffffff-2014-08,4
842a8d9ffffffff-2014-09,2
842a8d9ffffffff-2014-10,2
842a8d9ffffffff-2015-04,6
842a8d9ffffffff-2015-05,1
842a8d9ffffffff-2015-07,1
842a8d9ffffffff-2015-08,1
842a8d9ffffffff-2015-09,8
842a8d9ffffffff-2015-10,1
842a8d9ffffffff-2016-03,9
842a8d9ffffffff-2016-04,11
842a8d9ffffffff-2016-05,1
842a8d9ffffffff-2016-08,1
842a8d9ffffffff-2016-09,6
842a8d9ffffffff-2016-11,8
842a8d9ffffffff-2017-03,11
842a8d9ffffffff-2017-04,7
842a8d9ffffffff-2017-05,23
842a8d9ffffffff-2017-07,18
842a8d9ffffffff-2017-08,1
842a8d9ffffffff-2017-10,2
842a8d9ffffffff-2018-03,1
842a8d9ffffffff-2018-04,6
842a8d9ffffffff-2018-05,3
842a8d9ffffffff-2018-08,1
842a8d9ffffffff-2018-10,1
842a8d9ffffffff-2019-03,14
842a8d9ffffffff-2019-04,4
842a8d9ffffffff-2019-05,6
842a8d9ffffffff-2019-08,2
842a8d9ffffffff-2019-09,11
842a8d9ffffffff-2019-10,3
842a8d9ffffffff-2020-04,5
842a8d9ffffffff-2020-05,1
842a8d9ffffffff-2020-08,2
842a8d9ffffffff-2020-09,1
842a8d9ffffffff-2020-12,1
842a8d9ffffffff-2021-04,2
842a8d9ffffffff-2021-05,3
842a8d9ffffffff-2021-09,3
842a8d9ffffffff-2021-10,2
842a8d9ffffffff-2022-04,11
842a8d9ffffffff-2022-05,9
842a8d9ffffffff-2022-08,4
842a8d9ffffffff-2023-03,2
842a8d9ffffffff-2023-04,3
842a8d9ffffffff-2023-07,1
842a8dbffffffff-2017-09,1
842a8dbffffffff-2021-04,1
842a8ddffffffff-2015-04,1
842a8ddffffffff-2019-08,1
842a8ddffffffff-2019-10,1
842a8e1ffffffff-2020-05,1
842a8e1ffffffff-2020-10,1
842a8e3ffffffff-2012-04,6
842a8e3ffffffff-2013-05,2
842a8e3ffffffff-2014-04,2
842a8e3ffffffff-2014-05,6
842a8e3ffffffff-2014-08,3
842a8e3ffffffff-2016-04,2
842a8e3ffffffff-2017-05,5
842a8e3ffffffff-2017-09,14
842a8e3ffffffff-2018-04,1
842a8e3ffffffff-2018-09,1
842a8e3ffffffff-2019-05,1
842a8e3ffffffff-2020-04,61
842a8e3ffffffff-2020-05,3
842a8e3ffffffff-2021-04,1
842a8e3ffffffff-2021-05,12
842a8e3ffffffff-2021-08,13
842a8e3ffffffff-2021-09,3
842a8e3ffffffff-2023-04,2
842a8e3ffffffff-2023-05,16
842a8e3ffffffff-2023-09,3
842a8e5ffffffff-2017-09,1
842a8e5ffffffff-2022-04,1
842a8e5ffffffff-2022-05,3
842a8e5ffffffff-2023-04,1
842a8e9ffffffff-2016-04,1
842a8e9ffffffff-2020-04,1
842a8e9ffffffff-2020-06,1
842a8e9ffffffff-2022-04,1
842a8e9ffffffff-2023-04,1
842a8e9ffffffff-2023-08,2
842a8ebffffffff-2014-10,1
842a8ebffffffff-2015-09,2
842a8ebffffffff-2018-10,1
842a8ebffffffff-2021-05,2
842a8edffffffff-2014-05,1
842a8edffffffff-2015-04,2
842a8edffffffff-2017-05,6
842a8edffffffff-2020-05,2
842a8edffffffff-2022-04,1
842a8edffffffff-2022-05,3
842a901ffffffff-2012-04,2
842a901ffffffff-2016-05,1
842a901ffffffff-2016-06,2
842a901ffffffff-2016-07,1
842a901ffffffff-2016-08,1
842a901ffffffff-2017-04,1
842a901ffffffff-2017-08,5
842a901ffffffff-2017-09,2
842a901ffffffff-2018-04,2
842a901ffffffff-2018-07,1
842a901ffffffff-2018-08,1
842a901ffffffff-2018-09,1
842a901ffffffff-2019-05,1
842a901ffffffff-2019-07,2
842a901ffffffff-2019-08,2
842a901ffffffff-2019-10,1
842a901ffffffff-2020-04,10
842a901ffffffff-2020-05,3
842a901ffffffff-2021-03,4
842a901ffffffff-2021-04,3
842a901ffffffff-2021-05,1
842a901ffffffff-2021-09,1
842a901ffffffff-2022-04,2
842a901ffffffff-2022-08,2
842a901ffffffff-2023-04,3
842a901ffffffff-2023-05,1
842a903ffffffff-2012-03,2
842a903ffffffff-2012-04,8
842a903ffffffff-2012-07,2
842a903ffffffff-2012-08,4
842a903ffffffff-2013-04,3
842a903ffffffff-2013-05,1
842a903ffffffff-2013-08,2
842a903ffffffff-2013-09,4
842a903ffffffff-2013-10,4
842a903ffffffff-2014-03,1
842a903ffffffff-2014-04,5
842a903ffffffff-2014-05,9
842a903ffffffff-2014-08,9
842a903ffffffff-2014-09,4
842a903ffffffff-2014-10,1
842a903ffffffff-2015-03,5
842a903ffffffff-2015-04,3
842a903ffffffff-2015-07,1
842a903ffffffff-2015-08,4
842a903ffffffff-2015-09,2
842a903ffffffff-2015-10,6
842a903ffffffff-2016-03,2
842a903ffffffff-2016-04,17
842a903ffffffff-2016-05,1
842a903ffffffff-2016-07,1
842a903ffffffff-2016-08,4
842a903ffffffff-2016-09,2
842a903ffffffff-2016-10,4
842a903ffffffff-2017-03,17
842a903ffffffff-2017-04,17
842a903ffffffff-2017-05,6
842a903ffffffff-2017-07,11
842a903ffffffff-2017-08,16
842a903ffffffff-2017-09,2
842a903ffffffff-2017-10,1
842a903ffffffff-2018-03,5
842a903ffffffff-2018-04,26
842a903ffffffff-2018-05,19
842a903ffffffff-2018-07,4
842a903ffffffff-2018-08,2
842a903ffffffff-2018-09,19
842a903ffffffff-2018-10,9
842a903ffffffff-2018-11,2
842a903ffffffff-2019-03,1
842a903ffffffff-2019-04,24
842a903ffffffff-2019-07,2
842a903ffffffff-2019-08,9
842a903ffffffff-2019-09,3
842a903ffffffff-2019-10,2
842a903ffffffff-2020-03,10
842a903ffffffff-2020-04,24
842a903ffffffff-2020-05,13
842a903ffffffff-2020-07,2
842a903ffffffff-2020-08,3
842a903ffffffff-2020-09,14
842a903ffffffff-2020-10,13
842a903ffffffff-2020-11,1
842a903ffffffff-2021-03,7
842a903ffffffff-2021-04,29
842a903ffffffff-2021-05,14
842a903ffffffff-2021-08,3
842a903ffffffff-2021-09,6
842a903ffffffff-2021-10,2
842a903ffffffff-2022-03,2
842a903ffffffff-2022-04,5
842a903ffffffff-2022-05,5
842a903ffffffff-2022-08,6
842a903ffffffff-2022-10,1
842a903ffffffff-2022-11,1
842a903ffffffff-2023-03,14
842a903ffffffff-2023-04,13
842a903ffffffff-2023-05,1
842a903ffffffff-2023-07,2
842a903ffffffff-2023-08,3
842a903ffffffff-2023-09,7
842a903ffffffff-2023-10,6
842a905ffffffff-2012-03,1
842a905ffffffff-2012-04,5
842a905ffffffff-2012-05,3
842a905ffffffff-2013-04,5
842a905ffffffff-2013-05,8
842a905ffffffff-2013-07,2
842a905ffffffff-2013-08,3
842a905ffffffff-2014-04,7
842a905ffffffff-2014-05,2
842a905ffffffff-2015-03,1
842a905ffffffff-2015-04,7
842a905ffffffff-2015-05,1
842a905ffffffff-2015-07,1
842a905ffffffff-2015-08,14
842a905ffffffff-2015-09,4
842a905ffffffff-2015-10,2
842a905ffffffff-2016-03,3
842a905ffffffff-2016-04,11
842a905ffffffff-2016-05,4
842a905ffffffff-2016-07,1
842a905ffffffff-2017-04,10
842a905ffffffff-2017-05,6
842a905ffffffff-2017-07,4
842a905ffffffff-2017-08,4
842a905ffffffff-2018-04,5
842a905ffffffff-2018-05,1
842a905ffffffff-2018-07,3
842a905ffffffff-2018-10,1
842a905ffffffff-2019-04,8
842a905ffffffff-2019-05,3
842a905ffffffff-2019-07,4
842a905ffffffff-2019-08,3
842a905ffffffff-2020-03,1
842a905ffffffff-2020-04,6
842a905ffffffff-2021-04,4
842a905ffffffff-2021-05,2
842a905ffffffff-2021-08,2
842a905ffffffff-2021-09,5
842a905ffffffff-2022-05,1
842a905ffffffff-2022-07,3
842a905ffffffff-2022-08,5
842a905ffffffff-2022-09,3
842a905ffffffff-2022-10,3
842a905ffffffff-2023-04,4
842a905ffffffff-2023-05,5
842a905ffffffff-2023-08,10
842a905ffffffff-2023-09,1
842a907ffffffff-2012-04,1
842a907ffffffff-2012-07,2
842a907ffffffff-2013-05,2
842a907ffffffff-2013-08,23
842a907ffffffff-2013-09,24
842a907ffffffff-2013-10,3
842a907ffffffff-2014-03,6
842a907ffffffff-2014-04,3
842a907ffffffff-2014-05,5
842a907ffffffff-2014-08,35
842a907ffffffff-2014-09,34
842a907ffffffff-2014-10,2
842a907ffffffff-2014-11,1
842a907ffffffff-2015-05,13
842a907ffffffff-2015-07,1
842a907ffffffff-2015-08,9
842a907ffffffff-2015-09,54
842a907ffffffff-2015-10,19
842a907ffffffff-2016-03,4
842a907ffffffff-2016-05,9
842a907ffffffff-2016-07,41
842a907ffffffff-2016-08,73
842a907ffffffff-2016-09,5
842a907ffffffff-2016-10,1
842a907ffffffff-2017-05,3
842a907ffffffff-2017-08,34
842a907ffffffff-2017-09,35
842a907ffffffff-2017-10,7
842a907ffffffff-2017-11,8
842a907ffffffff-2018-04,10
842a907ffffffff-2018-05,2
842a907ffffffff-2018-07,24
842a907ffffffff-2018-08,34
842a907ffffffff-2018-09,8
842a907ffffffff-2018-10,2
842a907ffffffff-2019-07,4
842a907ffffffff-2019-08,26
842a907ffffffff-2019-09,11
842a907ffffffff-2020-04,15
842a907ffffffff-2020-05,25
842a907ffffffff-2020-07,17
842a907ffffffff-2020-08,30
842a907ffffffff-2020-09,7
842a907ffffffff-2021-04,9
842a907ffffffff-2021-05,5
842a907ffffffff-2021-07,3
842a907ffffffff-2021-08,73
842a907ffffffff-2021-09,56
842a907ffffffff-2022-03,1
842a907ffffffff-2022-04,22
842a907ffffffff-2022-05,16
842a907ffffffff-2022-07,8
842a907ffffffff-2022-08,55
842a907ffffffff-2022-09,1
842a907ffffffff-2023-03,1
842a907ffffffff-2023-04,40
842a907ffffffff-2023-05,16
842a907ffffffff-2023-06,3
842a907ffffffff-2023-07,3
842a907ffffffff-2023-08,1
842a907ffffffff-2023-09,7
842a907ffffffff-2023-10,7
842a909ffffffff-2014-05,4
842a909ffffffff-2015-04,2
842a909ffffffff-2015-09,2
842a909ffffffff-2016-04,3
842a909ffffffff-2016-05,2
842a909ffffffff-2016-07,1
842a909ffffffff-2017-04,1
842a909ffffffff-2017-08,2
842a909ffffffff-2017-09,3
842a909ffffffff-2017-10,2
842a909ffffffff-2018-04,3
842a909ffffffff-2019-05,1
842a909ffffffff-2019-07,1
842a909ffffffff-2019-08,1
842a909ffffffff-2020-05,5
842a909ffffffff-2021-05,2
842a909ffffffff-2022-04,7
842a909ffffffff-2022-05,4
842a909ffffffff-2022-07,3
842a909ffffffff-2022-08,8
842a909ffffffff-2022-10,2
842a909ffffffff-2023-03,1
842a909ffffffff-2023-04,2
842a909ffffffff-2023-05,1
842a909ffffffff-2023-07,4
842a909ffffffff-2023-08,1
842a909ffffffff-2023-10,1
842a90bffffffff-2012-04,15
842a90bffffffff-2012-05,2
842a90bffffffff-2012-08,1
842a90bffffffff-2012-09,1
842a90bffffffff-2013-04,4
842a90bffffffff-2013-05,19
842a90bffffffff-2013-08,1
842a90bffffffff-2013-10,4
842a90bffffffff-2014-04,3
842a90bffffffff-2014-05,3
842a90bffffffff-2014-08,1
842a90bffffffff-2014-09,6
842a90bffffffff-2014-10,1
842a90bffffffff-2014-11,1
842a90bffffffff-2015-03,1
842a90bffffffff-2015-04,4
842a90bffffffff-2015-05,3
842a90bffffffff-2016-04,11
842a90bffffffff-2016-05,6
842a90bffffffff-2016-09,3
842a90bffffffff-2017-03,5
842a90bffffffff-2017-04,13
842a90bffffffff-2017-05,3
842a90bffffffff-2017-07,16
842a90bffffffff-2017-08,10
842a90bffffffff-2018-04,28
842a90bffffffff-2018-05,7
842a90bffffffff-2018-09,11
842a90bffffffff-2019-04,15
842a90bffffffff-2019-05,2
842a90bffffffff-2019-06,1
842a90bffffffff-2019-08,9
842a90bffffffff-2019-09,2
842a90bffffffff-2020-04,45
842a90bffffffff-2020-05,71
842a90bffffffff-2020-07,10
842a90bffffffff-2020-08,5
842a90bffffffff-2020-09,12
842a90bffffffff-2020-10,2
842a90bffffffff-2021-04,18
842a90bffffffff-2021-05,8
842a90bffffffff-2021-07,20
842a90bffffffff-2021-08,81
842a90bffffffff-2021-09,40
842a90bffffffff-2021-10,7
842a90bffffffff-2022-04,29
842a90bffffffff-2022-05,20
842a90bffffffff-2022-07,56
842a90bffffffff-2022-08,137
842a90bffffffff-2022-09,41
842a90bffffffff-2022-10,13
842a90bffffffff-2023-03,1
842a90bffffffff-2023-04,117
842a90bffffffff-2023-05,19
842a90bffffffff-2023-06,1
842a90bffffffff-2023-07,28
842a90bffffffff-2023-08,71
842a90bffffffff-2023-09,59
842a90bffffffff-2023-10,14
842a90dffffffff-2012-04,1
842a90dffffffff-2012-05,1
842a90dffffffff-2012-10,4
842a90dffffffff-2013-05,2
842a90dffffffff-2013-08,1
842a90dffffffff-2013-09,1
842a90dffffffff-2014-04,7
842a90dffffffff-2014-08,1
842a90dffffffff-2014-09,11
842a90dffffffff-2014-10,1
842a90dffffffff-2015-05,1
842a90dffffffff-2015-07,2
842a90dffffffff-2015-08,2
842a90dffffffff-2015-09,1
842a90dffffffff-2015-10,5
842a90dffffffff-2015-11,2
842a90dffffffff-2016-04,1
842a90dffffffff-2016-05,2
842a90dffffffff-2016-08,1
842a90dffffffff-2016-09,1
842a90dffffffff-2016-10,6
842a90dffffffff-2017-04,2
842a90dffffffff-2017-05,1
842a90dffffffff-2017-07,1
842a90dffffffff-2017-08,2
842a90dffffffff-2017-09,2
842a90dffffffff-2017-10,4
842a90dffffffff-2018-04,1
842a90dffffffff-2018-05,12
842a90dffffffff-2018-07,4
842a90dffffffff-2018-08,4
842a90dffffffff-2018-09,4
842a90dffffffff-2018-10,7
842a90dffffffff-2018-11,2
842a90dffffffff-2019-04,5
842a90dffffffff-2020-04,4
842a90dffffffff-2020-05,2
842a90dffffffff-2020-09,8
842a90dffffffff-2021-04,4
842a90dffffffff-2021-05,19
842a90dffffffff-2021-08,6
842a90dffffffff-2021-09,14
842a90dffffffff-2021-10,13
842a90dffffffff-2022-04,4
842a90dffffffff-2022-05,8
842a90dffffffff-2022-07,2
842a90dffffffff-2022-08,4
842a90dffffffff-2022-09,29
842a90dffffffff-2022-10,6
842a90dffffffff-2023-03,1
842a90dffffffff-2023-04,4
842a90dffffffff-2023-05,14
842a90dffffffff-2023-06,1
842a90dffffffff-2023-07,1
842a90dffffffff-2023-08,2
842a90dffffffff-2023-09,8
842a90dffffffff-2023-10,2
842a911ffffffff-2012-03,1
842a911ffffffff-2012-04,3
842a911ffffffff-2014-04,1
842a911ffffffff-2014-05,1
842a911ffffffff-2015-05,2
842a911ffffffff-2016-04,1
842a911ffffffff-2016-05,3
842a911ffffffff-2021-04,1
842a911ffffffff-2022-05,1
842a911ffffffff-2023-04,1
842a913ffffffff-2014-04,2
842a915ffffffff-2013-09,2
842a915ffffffff-2015-09,1
842a915ffffffff-2020-05,3
842a915ffffffff-2020-08,3
842a915ffffffff-2020-09,1
842a915ffffffff-2020-10,3
842a915ffffffff-2021-03,1
842a915ffffffff-2021-04,12
842a915ffffffff-2021-05,8
842a915ffffffff-2021-07,1
842a915ffffffff-2021-10,2
842a915ffffffff-2021-11,1
842a915ffffffff-2022-03,5
842a915ffffffff-2022-04,6
842a915ffffffff-2022-05,36
842a915ffffffff-2022-07,1
842a915ffffffff-2022-09,3
842a915ffffffff-2023-03,2
842a915ffffffff-2023-04,1
842a915ffffffff-2023-05,3
842a915ffffffff-2023-08,1
842a915ffffffff-2023-09,1
842a917ffffffff-2013-04,1
842a917ffffffff-2016-04,3
842a917ffffffff-2016-08,3
842a917ffffffff-2023-04,4
842a919ffffffff-2012-04,4
842a919ffffffff-2012-05,1
842a919ffffffff-2013-04,3
842a919ffffffff-2014-04,2
842a919ffffffff-2014-05,1
842a919ffffffff-2014-08,1
842a919ffffffff-2014-10,3
842a919ffffffff-2015-04,2
842a919ffffffff-2015-05,1
842a919ffffffff-2015-08,7
842a919ffffffff-2015-09,4
842a919ffffffff-2015-10,3
842a919ffffffff-2016-03,3
842a919ffffffff-2016-05,2
842a919ffffffff-2016-07,1
842a919ffffffff-2016-08,1
842a919ffffffff-2017-04,2
842a919ffffffff-2017-05,1
842a919ffffffff-2017-08,27
842a919ffffffff-2017-09,10
842a919ffffffff-2018-04,3
842a919ffffffff-2018-05,3
842a919ffffffff-2018-07,2
842a919ffffffff-2018-08,8
842a919ffffffff-2018-09,4
842a919ffffffff-2019-04,3
842a919ffffffff-2019-08,1
842a919ffffffff-2020-04,3
842a919ffffffff-2020-05,1
842a919ffffffff-2020-08,4
842a919ffffffff-2020-09,7
842a919ffffffff-2020-10,9
842a919ffffffff-2021-04,3
842a919ffffffff-2021-08,1
842a919ffffffff-2021-09,5
842a919ffffffff-2022-04,3
842a919ffffffff-2022-05,6
842a919ffffffff-2022-08,1
842a919ffffffff-2022-10,4
842a919ffffffff-2023-04,1
842a919ffffffff-2023-05,1
842a919ffffffff-2023-08,3
842a919ffffffff-2023-09,5
842a919ffffffff-2023-10,2
842a91bffffffff-2012-04,1
842a91bffffffff-2012-05,1
842a91bffffffff-2018-04,8
842a91bffffffff-2020-05,1
842a91bffffffff-2021-04,1
842a91bffffffff-2021-05,1
842a91bffffffff-2023-05,3
842a91dffffffff-2012-03,2
842a91dffffffff-2012-04,23
842a91dffffffff-2012-05,4
842a91dffffffff-2012-06,1
842a91dffffffff-2012-07,12
842a91dffffffff-2012-08,62
842a91dffffffff-2012-09,23
842a91dffffffff-2012-10,6
842a91dffffffff-2013-03,1
842a91dffffffff-2013-04,21
842a91dffffffff-2013-05,30
842a91dffffffff-2013-06,1
842a91dffffffff-2013-10,21
842a91dffffffff-2014-03,2
842a91dffffffff-2014-04,12
842a91dffffffff-2014-05,8
842a91dffffffff-2014-07,7
842a91dffffffff-2014-08,4
842a91dffffffff-2014-10,12
842a91dffffffff-2015-03,3
842a91dffffffff-2015-04,8
842a91dffffffff-2015-05,5
842a91dffffffff-2015-08,19
842a91dffffffff-2015-09,2
842a91dffffffff-2015-10,1
842a91dffffffff-2016-03,6
842a91dffffffff-2016-04,13
842a91dffffffff-2016-05,4
842a91dffffffff-2016-08,4
842a91dffffffff-2016-09,1
842a91dffffffff-2016-10,3
842a91dffffffff-2017-03,19
842a91dffffffff-2017-04,11
842a91dffffffff-2017-05,2
842a91dffffffff-2017-08,9
842a91dffffffff-2017-10,1
842a91dffffffff-2018-04,12
842a91dffffffff-2018-05,3
842a91dffffffff-2018-07,7
842a91dffffffff-2018-08,20
842a91dffffffff-2018-09,62
842a91dffffffff-2018-10,5
842a91dffffffff-2019-03,5
842a91dffffffff-2019-04,27
842a91dffffffff-2019-05,14
842a91dffffffff-2019-07,13
842a91dffffffff-2019-08,67
842a91dffffffff-2019-09,70
842a91dffffffff-2019-10,70
842a91dffffffff-2019-11,4
842a91dffffffff-2020-03,3
842a91dffffffff-2020-04,13
842a91dffffffff-2020-05,42
842a91dffffffff-2020-07,49
842a91dffffffff-2020-08,292
842a91dffffffff-2020-09,260
842a91dffffffff-2020-10,72
842a91dffffffff-2020-11,10
842a91dffffffff-2021-03,4
842a91dffffffff-2021-04,24
842a91dffffffff-2021-05,21
842a91dffffffff-2021-07,18
842a91dffffffff-2021-08,23
842a91dffffffff-2021-09,12
842a91dffffffff-2021-10,15
842a91dffffffff-2022-04,12
842a91dffffffff-2022-05,8
842a91dffffffff-2022-07,3
842a91dffffffff-2022-08,6
842a91dffffffff-2022-09,22
842a91dffffffff-2022-10,28
842a91dffffffff-2022-11,12
842a91dffffffff-2023-03,1
842a91dffffffff-2023-04,11
842a91dffffffff-2023-05,9
842a91dffffffff-2023-07,3
842a91dffffffff-2023-08,4
842a91dffffffff-2023-09,28
842a91dffffffff-2023-10,155
842a91dffffffff-2023-11,35
842a921ffffffff-2013-05,1
842a921ffffffff-2014-05,4
842a921ffffffff-2015-10,1
842a921ffffffff-2016-05,1
842a921ffffffff-2017-03,6
842a921ffffffff-2017-04,14
842a921ffffffff-2017-05,1
842a921ffffffff-2017-10,1
842a921ffffffff-2017-11,1
842a921ffffffff-2018-04,1
842a921ffffffff-2018-05,3
842a921ffffffff-2018-09,3
842a921ffffffff-2019-09,3
842a921ffffffff-2020-03,1
842a921ffffffff-2020-04,3
842a921ffffffff-2020-07,1
842a921ffffffff-2020-08,2
842a921ffffffff-2020-09,3
842a921ffffffff-2020-10,3
842a921ffffffff-2021-04,1
842a921ffffffff-2021-05,4
842a921ffffffff-2021-08,1
842a921ffffffff-2022-04,4
842a921ffffffff-2022-05,6
842a921ffffffff-2022-08,1
842a921ffffffff-2022-11,1
842a921ffffffff-2023-03,2
842a921ffffffff-2023-04,3
842a921ffffffff-2023-05,3
842a921ffffffff-2023-08,5
842a921ffffffff-2023-09,2
842a921ffffffff-2023-10,3
842a923ffffffff-2012-04,1
842a923ffffffff-2012-08,2
842a923ffffffff-2012-09,2
842a923ffffffff-2013-08,2
842a923ffffffff-2013-09,6
842a923ffffffff-2013-10,1
842a923ffffffff-2013-11,1
842a923ffffffff-2014-05,1
842a923ffffffff-2014-08,3
842a923ffffffff-2014-10,1
842a923ffffffff-2015-03,4
842a923ffffffff-2015-04,1
842a923ffffffff-2015-05,1
842a923ffffffff-2015-08,1
842a923ffffffff-2015-09,11
842a923ffffffff-2015-10,13
842a923ffffffff-2016-04,1
842a923ffffffff-2016-05,3
842a923ffffffff-2016-08,3
842a923ffffffff-2016-10,1
842a923ffffffff-2017-04,1
842a923ffffffff-2017-08,3
842a923ffffffff-2017-09,8
842a923ffffffff-2017-10,2
842a923ffffffff-2018-04,2
842a923ffffffff-2018-05,2
842a923ffffffff-2018-07,1
842a923ffffffff-2018-10,11
842a923ffffffff-2019-08,7
842a923ffffffff-2019-09,12
842a923ffffffff-2019-10,19
842a923ffffffff-2020-03,1
842a923ffffffff-2020-04,1
842a923ffffffff-2020-05,4
842a923ffffffff-2020-07,2
842a923ffffffff-2020-09,33
842a923ffffffff-2020-10,22
842a923ffffffff-2020-11,1
842a923ffffffff-2021-03,1
842a923ffffffff-2021-04,1
842a923ffffffff-2021-07,3
842a923ffffffff-2021-08,40
842a923ffffffff-2021-09,19
842a923ffffffff-2021-10,10
842a923ffffffff-2021-11,1
842a923ffffffff-2022-06,2
842a923ffffffff-2022-07,11
842a923ffffffff-2022-08,32
842a923ffffffff-2022-09,14
842a923ffffffff-2022-10,8
842a923ffffffff-2022-11,3
842a923ffffffff-2023-03,2
842a923ffffffff-2023-04,5
842a923ffffffff-2023-05,5
842a923ffffffff-2023-08,1
842a923ffffffff-2023-09,11
842a923ffffffff-2023-10,25
842a925ffffffff-2012-07,8
842a925ffffffff-2014-04,8
842a925ffffffff-2014-05,10
842a925ffffffff-2014-07,1
842a925ffffffff-2015-05,18
842a925ffffffff-2015-08,17
842a925ffffffff-2015-09,9
842a925ffffffff-2016-04,12
842a925ffffffff-2016-05,31
842a925ffffffff-2016-07,2
842a925ffffffff-2017-03,2
842a925ffffffff-2017-04,8
842a925ffffffff-2017-05,25
842a925ffffffff-2017-07,17
842a925ffffffff-2017-08,7
842a925ffffffff-2017-09,3
842a925ffffffff-2018-04,23
842a925ffffffff-2018-05,8
842a925ffffffff-2018-08,27
842a925ffffffff-2018-09,7
842a925ffffffff-2018-10,1
842a925ffffffff-2019-03,1
842a925ffffffff-2019-04,15
842a925ffffffff-2019-05,22
842a925ffffffff-2019-07,2
842a925ffffffff-2019-10,10
842a925ffffffff-2020-03,1
842a925ffffffff-2020-04,102
842a925ffffffff-2020-05,44
842a925ffffffff-2020-07,14
842a925ffffffff-2020-08,3
842a925ffffffff-2020-09,12
842a925ffffffff-2020-10,6
842a925ffffffff-2021-04,66
842a925ffffffff-2021-05,49
842a925ffffffff-2021-07,2
842a925ffffffff-2021-08,4
842a925ffffffff-2021-09,1
842a925ffffffff-2022-03,3
842a925ffffffff-2022-04,24
842a925ffffffff-2022-05,22
842a925ffffffff-2022-07,2
842a925ffffffff-2022-08,28
842a925ffffffff-2022-09,9
842a925ffffffff-2022-10,1
842a925ffffffff-2023-03,5
842a925ffffffff-2023-04,196
842a925ffffffff-2023-05,124
842a925ffffffff-2023-07,2
842a925ffffffff-2023-08,8
842a925ffffffff-2023-10,1
842a927ffffffff-2013-05,1
842a927ffffffff-2014-04,1
842a927ffffffff-2014-05,1
842a927ffffffff-2015-07,1
842a927ffffffff-2016-04,5
842a927ffffffff-2016-05,1
842a927ffffffff-2017-04,11
842a927ffffffff-2017-08,4
842a927ffffffff-2018-04,9
842a927ffffffff-2018-05,6
842a927ffffffff-2019-04,8
842a927ffffffff-2019-05,1
842a927ffffffff-2020-04,6
842a927ffffffff-2020-05,3
842a927ffffffff-2021-04,2
842a927ffffffff-2021-05,6
842a927ffffffff-2021-07,13
842a927ffffffff-2021-08,16
842a927ffffffff-2022-04,1
842a927ffffffff-2022-05,4
842a927ffffffff-2023-05,1
842a92bffffffff-2012-04,3
842a92bffffffff-2012-07,1
842a92bffffffff-2013-04,1
842a92bffffffff-2014-04,4
842a92bffffffff-2014-05,1
842a92bffffffff-2016-03,3
842a92bffffffff-2016-04,4
842a92bffffffff-2016-05,1
842a92bffffffff-2017-04,2
842a92bffffffff-2018-04,16
842a92bffffffff-2018-05,1
842a92bffffffff-2020-04,7
842a92bffffffff-2020-05,1
842a92bffffffff-2021-05,4
842a92bffffffff-2022-04,2
842a92bffffffff-2022-05,2
842a92bffffffff-2022-08,1
842a92bffffffff-2022-09,1
842a92bffffffff-2023-03,1
842a92bffffffff-2023-04,8
842a92bffffffff-2023-05,12
842a92bffffffff-2023-09,3
842a92dffffffff-2013-04,1
842a92dffffffff-2014-04,1
842a92dffffffff-2015-08,4
842a92dffffffff-2017-04,12
842a92dffffffff-2017-08,5
842a92dffffffff-2018-04,21
842a92dffffffff-2018-05,8
842a92dffffffff-2019-03,1
842a92dffffffff-2019-04,1
842a92dffffffff-2019-05,3
842a92dffffffff-2019-06,1
842a92dffffffff-2019-08,1
842a92dffffffff-2019-09,2
842a92dffffffff-2020-03,12
842a92dffffffff-2020-04,80
842a92dffffffff-2020-05,25
842a92dffffffff-2021-03,6
842a92dffffffff-2021-04,28
842a92dffffffff-2021-05,26
842a92dffffffff-2021-08,10
842a92dffffffff-2022-03,4
842a92dffffffff-2022-04,26
842a92dffffffff-2022-05,27
842a92dffffffff-2022-07,12
842a92dffffffff-2022-08,41
842a92dffffffff-2022-09,1
842a92dffffffff-2023-03,5
842a92dffffffff-2023-04,17
842a92dffffffff-2023-05,9
842a92dffffffff-2023-07,3
842a931ffffffff-2012-03,3
842a931ffffffff-2012-04,52
842a931ffffffff-2012-05,29
842a931ffffffff-2012-09,1
842a931ffffffff-2013-03,2
842a931ffffffff-2013-04,20
842a931ffffffff-2013-05,26
842a931ffffffff-2013-10,1
842a931ffffffff-2014-03,17
842a931ffffffff-2014-04,33
842a931ffffffff-2014-05,61
842a931ffffffff-2014-07,2
842a931ffffffff-2014-08,2
842a931ffffffff-2014-09,2
842a931ffffffff-2015-03,2
842a931ffffffff-2015-04,17
842a931ffffffff-2015-05,24
842a931ffffffff-2015-09,3
842a931ffffffff-2015-10,2
842a931ffffffff-2016-04,28
842a931ffffffff-2016-05,26
842a931ffffffff-2016-08,6
842a931ffffffff-2017-03,2
842a931ffffffff-2017-04,20
842a931ffffffff-2017-05,10
842a931ffffffff-2017-06,1
842a931ffffffff-2017-10,12
842a931ffffffff-2017-11,2
842a931ffffffff-2018-03,1
842a931ffffffff-2018-04,19
842a931ffffffff-2018-05,24
842a931ffffffff-2018-07,3
842a931ffffffff-2018-08,8
842a931ffffffff-2018-09,3
842a931ffffffff-2018-10,5
842a931ffffffff-2019-03,1
842a931ffffffff-2019-04,39
842a931ffffffff-2019-05,41
842a931ffffffff-2019-07,1
842a931ffffffff-2019-09,1
842a931ffffffff-2019-10,6
842a931ffffffff-2020-04,22
842a931ffffffff-2020-05,96
842a931ffffffff-2020-07,2
842a931ffffffff-2020-08,5
842a931ffffffff-2020-09,7
842a931ffffffff-2020-10,4
842a931ffffffff-2021-03,3
842a931ffffffff-2021-04,91
842a931ffffffff-2021-05,77
842a931ffffffff-2021-07,1
842a931ffffffff-2021-08,20
842a931ffffffff-2021-09,24
842a931ffffffff-2021-10,5
842a931ffffffff-2021-11,1
842a931ffffffff-2022-03,11
842a931ffffffff-2022-04,13
842a931ffffffff-2022-05,30
842a931ffffffff-2022-08,5
842a931ffffffff-2022-09,5
842a931ffffffff-2022-10,4
842a931ffffffff-2023-02,1
842a931ffffffff-2023-03,3
842a931ffffffff-2023-04,48
842a931ffffffff-2023-05,57
842a931ffffffff-2023-06,2
842a931ffffffff-2023-07,5
842a931ffffffff-2023-08,27
842a931ffffffff-2023-09,82
842a931ffffffff-2023-10,17
842a933ffffffff-2014-05,1
842a933ffffffff-2017-08,1
842a933ffffffff-2020-05,6
842a933ffffffff-2023-09,1
842a935ffffffff-2012-04,9
842a935ffffffff-2012-05,7
842a935ffffffff-2012-07,4
842a935ffffffff-2012-08,12
842a935ffffffff-2012-09,1
842a935ffffffff-2013-04,17
842a935ffffffff-2013-05,18
842a935ffffffff-2013-07,8
842a935ffffffff-2013-08,17
842a935ffffffff-2013-09,2
842a935ffffffff-2014-03,6
842a935ffffffff-2014-04,2
842a935ffffffff-2014-05,42
842a935ffffffff-2014-07,2
842a935ffffffff-2014-08,24
842a935ffffffff-2014-09,4
842a935ffffffff-2014-10,2
842a935ffffffff-2014-11,1
842a935ffffffff-2015-04,16
842a935ffffffff-2015-05,38
842a935ffffffff-2015-07,3
842a935ffffffff-2015-08,22
842a935ffffffff-2015-09,36
842a935ffffffff-2015-10,22
842a935ffffffff-2015-11,2
842a935ffffffff-2016-03,1
842a935ffffffff-2016-04,16
842a935ffffffff-2016-05,20
842a935ffffffff-2016-07,5
842a935ffffffff-2016-08,6
842a935ffffffff-2016-09,8
842a935ffffffff-2016-10,2
842a935ffffffff-2017-04,17
842a935ffffffff-2017-05,2
842a935ffffffff-2017-07,5
842a935ffffffff-2017-08,8
842a935ffffffff-2017-09,6
842a935ffffffff-2018-04,15
842a935ffffffff-2018-05,16
842a935ffffffff-2018-07,10
842a935ffffffff-2018-08,3
842a935ffffffff-2018-09,1
842a935ffffffff-2018-10,6
842a935ffffffff-2019-04,13
842a935ffffffff-2019-05,8
842a935ffffffff-2019-07,6
842a935ffffffff-2019-08,8
842a935ffffffff-2019-09,2
842a935ffffffff-2019-10,3
842a935ffffffff-2020-03,2
842a935ffffffff-2020-04,8
842a935ffffffff-2020-05,15
842a935ffffffff-2020-07,1
842a935ffffffff-2020-08,17
842a935ffffffff-2020-09,15
842a935ffffffff-2020-10,12
842a935ffffffff-2021-03,4
842a935ffffffff-2021-04,22
842a935ffffffff-2021-05,40
842a935ffffffff-2021-08,22
842a935ffffffff-2021-09,43
842a935ffffffff-2021-10,20
842a935ffffffff-2021-11,1
842a935ffffffff-2022-04,21
842a935ffffffff-2022-05,11
842a935ffffffff-2022-07,3
842a935ffffffff-2022-08,62
842a935ffffffff-2022-09,51
842a935ffffffff-2022-10,1
842a935ffffffff-2022-11,1
842a935ffffffff-2023-04,57
842a935ffffffff-2023-05,28
842a935ffffffff-2023-07,50
842a935ffffffff-2023-08,1
842a935ffffffff-2023-09,22
842a935ffffffff-2023-10,6
842a937ffffffff-2013-05,2
842a937ffffffff-2015-03,3
842a937ffffffff-2015-05,2
842a937ffffffff-2017-04,2
842a937ffffffff-2017-05,2
842a937ffffffff-2018-05,1
842a937ffffffff-2022-08,2
842a937ffffffff-2023-04,2
842a937ffffffff-2023-09,2
842a937ffffffff-2023-10,2
842a939ffffffff-2012-04,11
842a939ffffffff-2012-07,2
842a939ffffffff-2012-08,1
842a939ffffffff-2012-10,1
842a939ffffffff-2013-04,7
842a939ffffffff-2013-08,14
842a939ffffffff-2013-09,2
842a939ffffffff-2014-03,1
842a939ffffffff-2014-04,43
842a939ffffffff-2014-05,10
842a939ffffffff-2014-08,5
842a939ffffffff-2014-09,3
842a939ffffffff-2015-04,2
842a939ffffffff-2015-05,12
842a939ffffffff-2015-08,4
842a939ffffffff-2016-03,7
842a939ffffffff-2016-04,15
842a939ffffffff-2016-08,1
842a939ffffffff-2017-03,1
842a939ffffffff-2017-05,3
842a939ffffffff-2017-10,1
842a939ffffffff-2018-03,1
842a939ffffffff-2018-04,5
842a939ffffffff-2018-05,4
842a939ffffffff-2018-08,1
842a939ffffffff-2018-09,2
842a939ffffffff-2019-03,1
842a939ffffffff-2019-04,6
842a939ffffffff-2019-05,1
842a939ffffffff-2019-08,1
842a939ffffffff-2019-09,3
842a939ffffffff-2019-10,2
842a939ffffffff-2019-11,2
842a939ffffffff-2020-04,32
842a939ffffffff-2020-05,21
842a939ffffffff-2020-07,1
842a939ffffffff-2020-08,5
842a939ffffffff-2020-09,11
842a939ffffffff-2020-10,5
842a939ffffffff-2020-11,3
842a939ffffffff-2021-03,1
842a939ffffffff-2021-04,12
842a939ffffffff-2021-05,11
842a939ffffffff-2021-08,1
842a939ffffffff-2021-09,5
842a939ffffffff-2021-10,9
842a939ffffffff-2021-11,2
842a939ffffffff-2022-03,1
842a939ffffffff-2022-04,15
842a939ffffffff-2022-05,4
842a939ffffffff-2022-07,1
842a939ffffffff-2022-08,2
842a939ffffffff-2022-09,2
842a939ffffffff-2022-10,4
842a939ffffffff-2022-11,2
842a939ffffffff-2023-03,4
842a939ffffffff-2023-04,36
842a939ffffffff-2023-05,2
842a939ffffffff-2023-07,1
842a939ffffffff-2023-08,6
842a939ffffffff-2023-09,92
842a939ffffffff-2023-10,5
842a93bffffffff-2014-04,2
842a93bffffffff-2014-08,1
842a93bffffffff-2014-10,2
842a93bffffffff-2014-11,1
842a93bffffffff-2015-03,4
842a93bffffffff-2015-09,1
842a93bffffffff-2016-08,2
842a93bffffffff-2016-09,7
842a93bffffffff-2017-04,1
842a93bffffffff-2017-08,2
842a93bffffffff-2017-09,15
842a93bffffffff-2017-10,5
842a93bffffffff-2018-04,1
842a93bffffffff-2018-08,2
842a93bffffffff-2018-09,3
842a93bffffffff-2019-04,11
842a93bffffffff-2019-08,1
842a93bffffffff-2019-09,2
842a93bffffffff-2019-10,1
842a93bffffffff-2020-05,4
842a93bffffffff-2020-08,14
842a93bffffffff-2020-09,10
842a93bffffffff-2020-10,1
842a93bffffffff-2021-04,3
842a93bffffffff-2021-05,10
842a93bffffffff-2021-08,13
842a93bffffffff-2021-09,19
842a93bffffffff-2021-10,1
842a93bffffffff-2022-03,1
842a93bffffffff-2022-04,2
842a93bffffffff-2022-05,1
842a93bffffffff-2022-08,3
842a93bffffffff-2022-09,4
842a93bffffffff-2022-10,2
842a93bffffffff-2023-04,1
842a93bffffffff-2023-05,4
842a93bffffffff-2023-09,1
842a93dffffffff-2012-04,1
842a93dffffffff-2012-08,3
842a93dffffffff-2012-09,1
842a93dffffffff-2014-08,2
842a93dffffffff-2014-09,1
842a93dffffffff-2015-07,1
842a93dffffffff-2015-09,4
842a93dffffffff-2015-10,2
842a93dffffffff-2016-05,3
842a93dffffffff-2016-09,2
842a93dffffffff-2017-04,3
842a93dffffffff-2018-03,1
842a93dffffffff-2018-04,13
842a93dffffffff-2018-05,11
842a93dffffffff-2018-08,2
842a93dffffffff-2018-09,6
842a93dffffffff-2019-04,11
842a93dffffffff-2019-05,10
842a93dffffffff-2019-07,2
842a93dffffffff-2019-08,4
842a93dffffffff-2019-09,9
842a93dffffffff-2019-10,19
842a93dffffffff-2020-04,29
842a93dffffffff-2020-05,13
842a93dffffffff-2020-08,4
842a93dffffffff-2020-09,16
842a93dffffffff-2020-10,5
842a93dffffffff-2020-11,1
842a93dffffffff-2021-04,17
842a93dffffffff-2021-05,5
842a93dffffffff-2021-08,4
842a93dffffffff-2021-09,8
842a93dffffffff-2021-10,1
842a93dffffffff-2022-03,7
842a93dffffffff-2022-04,20
842a93dffffffff-2022-05,5
842a93dffffffff-2022-08,6
842a93dffffffff-2022-09,24
842a93dffffffff-2022-10,9
842a93dffffffff-2023-03,8
842a93dffffffff-2023-04,33
842a93dffffffff-2023-05,28
842a93dffffffff-2023-08,1
842a93dffffffff-2023-09,3
842a93dffffffff-2023-10,24
842a93dffffffff-2023-11,4
842a941ffffffff-2012-04,7
842a941ffffffff-2012-05,4
842a941ffffffff-2012-07,3
842a941ffffffff-2012-10,1
842a941ffffffff-2013-04,6
842a941ffffffff-2013-05,6
842a941ffffffff-2013-07,5
842a941ffffffff-2013-08,25
842a941ffffffff-2013-09,2
842a941ffffffff-2014-04,8
842a941ffffffff-2014-05,8
842a941ffffffff-2014-08,5
842a941ffffffff-2014-09,9
842a941ffffffff-2014-10,2
842a941ffffffff-2015-04,7
842a941ffffffff-2015-05,3
842a941ffffffff-2015-07,5
842a941ffffffff-2015-08,11
842a941ffffffff-2015-09,8
842a941ffffffff-2016-03,2
842a941ffffffff-2016-04,4
842a941ffffffff-2016-05,14
842a941ffffffff-2016-07,3
842a941ffffffff-2016-08,1
842a941ffffffff-2016-09,8
842a941ffffffff-2016-10,3
842a941ffffffff-2017-04,8
842a941ffffffff-2017-05,6
842a941ffffffff-2017-07,3
842a941ffffffff-2017-08,10
842a941ffffffff-2017-09,12
842a941ffffffff-2018-04,6
842a941ffffffff-2018-05,4
842a941ffffffff-2018-08,2
842a941ffffffff-2018-09,3
842a941ffffffff-2019-04,2
842a941ffffffff-2019-05,30
842a941ffffffff-2019-08,5
842a941ffffffff-2019-09,4
842a941ffffffff-2020-04,5
842a941ffffffff-2020-05,9
842a941ffffffff-2020-07,1
842a941ffffffff-2020-08,1
842a941ffffffff-2020-09,3
842a941ffffffff-2021-04,3
842a941ffffffff-2021-05,18
842a941ffffffff-2021-08,2
842a941ffffffff-2021-09,1
842a941ffffffff-2022-05,1
842a941ffffffff-2022-08,1
842a941ffffffff-2022-09,2
842a941ffffffff-2023-04,6
842a941ffffffff-2023-05,6
842a941ffffffff-2023-07,1
842a941ffffffff-2023-09,4
842a941ffffffff-2023-10,3
842a943ffffffff-2012-04,4
842a943ffffffff-2012-05,5
842a943ffffffff-2012-07,8
842a943ffffffff-2012-08,1
842a943ffffffff-2013-03,5
842a943ffffffff-2013-04,19
842a943ffffffff-2013-05,7
842a943ffffffff-2013-07,2
842a943ffffffff-2013-08,1
842a943ffffffff-2014-03,2
842a943ffffffff-2014-04,17
842a943ffffffff-2014-05,17
842a943ffffffff-2014-07,8
842a943ffffffff-2014-08,70
842a943ffffffff-2014-09,100
842a943ffffffff-2014-10,38
842a943ffffffff-2014-11,13
842a943ffffffff-2015-03,1
842a943ffffffff-2015-04,19
842a943ffffffff-2015-05,13
842a943ffffffff-2015-07,1
842a943ffffffff-2015-08,20
842a943ffffffff-2015-09,23
842a943ffffffff-2015-10,38
842a943ffffffff-2015-11,3
842a943ffffffff-2016-03,2
842a943ffffffff-2016-04,21
842a943ffffffff-2016-05,25
842a943ffffffff-2016-06,2
842a943ffffffff-2016-07,60
842a943ffffffff-2016-08,68
842a943ffffffff-2016-09,20
842a943ffffffff-2016-10,27
842a943ffffffff-2016-11,1
842a943ffffffff-2016-12,1
842a943ffffffff-2017-03,12
842a943ffffffff-2017-04,70
842a943ffffffff-2017-05,35
842a943ffffffff-2017-07,107
842a943ffffffff-2017-08,93
842a943ffffffff-2017-09,27
842a943ffffffff-2017-10,10
842a943ffffffff-2018-03,2
842a943ffffffff-2018-04,45
842a943ffffffff-2018-05,30
842a943ffffffff-2018-07,33
842a943ffffffff-2018-08,72
842a943ffffffff-2018-09,14
842a943ffffffff-2018-10,2
842a943ffffffff-2019-03,4
842a943ffffffff-2019-04,31
842a943ffffffff-2019-05,42
842a943ffffffff-2019-06,4
842a943ffffffff-2019-07,27
842a943ffffffff-2019-08,96
842a943ffffffff-2019-09,54
842a943ffffffff-2019-10,220
842a943ffffffff-2019-11,2
842a943ffffffff-2020-03,2
842a943ffffffff-2020-04,46
842a943ffffffff-2020-05,26
842a943ffffffff-2020-06,2
842a943ffffffff-2020-07,64
842a943ffffffff-2020-08,68
842a943ffffffff-2020-09,28
842a943ffffffff-2020-10,14
842a943ffffffff-2021-03,9
842a943ffffffff-2021-04,47
842a943ffffffff-2021-05,42
842a943ffffffff-2021-06,2
842a943ffffffff-2021-07,26
842a943ffffffff-2021-08,53
842a943ffffffff-2021-09,61
842a943ffffffff-2021-10,18
842a943ffffffff-2021-11,4
842a943ffffffff-2022-03,3
842a943ffffffff-2022-04,59
842a943ffffffff-2022-05,45
842a943ffffffff-2022-06,1
842a943ffffffff-2022-07,22
842a943ffffffff-2022-08,58
842a943ffffffff-2022-09,16
842a943ffffffff-2022-10,5
842a943ffffffff-2022-11,3
842a943ffffffff-2023-03,2
842a943ffffffff-2023-04,31
842a943ffffffff-2023-05,27
842a943ffffffff-2023-06,2
842a943ffffffff-2023-07,6
842a943ffffffff-2023-08,28
842a943ffffffff-2023-09,10
842a943ffffffff-2023-10,5
842a943ffffffff-2023-11,1
842a945ffffffff-2014-07,2
842a945ffffffff-2015-05,1
842a945ffffffff-2015-07,1
842a945ffffffff-2016-05,1
842a945ffffffff-2017-08,16
842a945ffffffff-2019-04,1
842a945ffffffff-2019-05,1
842a945ffffffff-2020-10,2
842a945ffffffff-2020-11,2
842a945ffffffff-2023-10,3
842a947ffffffff-2013-07,1
842a947ffffffff-2017-04,1
842a947ffffffff-2017-05,1
842a947ffffffff-2018-04,1
842a947ffffffff-2018-05,2
842a947ffffffff-2018-08,1
842a947ffffffff-2019-08,1
842a947ffffffff-2020-04,14
842a947ffffffff-2020-05,10
842a947ffffffff-2020-07,5
842a947ffffffff-2020-08,2
842a947ffffffff-2020-09,2
842a947ffffffff-2020-10,1
842a947ffffffff-2021-04,4
842a947ffffffff-2021-05,8
842a947ffffffff-2021-09,1
842a947ffffffff-2022-04,5
842a947ffffffff-2022-05,3
842a947ffffffff-2022-09,2
842a947ffffffff-2023-04,10
842a947ffffffff-2023-05,5
842a947ffffffff-2023-08,2
842a947ffffffff-2023-09,1
842a947ffffffff-2023-10,2
842a949ffffffff-2012-03,16
842a949ffffffff-2012-04,54
842a949ffffffff-2012-05,107
842a949ffffffff-2012-06,1
842a949ffffffff-2012-07,27
842a949ffffffff-2012-08,37
842a949ffffffff-2012-09,15
842a949ffffffff-2012-10,2
842a949ffffffff-2013-03,6
842a949ffffffff-2013-04,83
842a949ffffffff-2013-05,210
842a949ffffffff-2013-06,1
842a949ffffffff-2013-07,15
842a949ffffffff-2013-08,19
842a949ffffffff-2013-09,21
842a949ffffffff-2013-10,6
842a949ffffffff-2014-04,48
842a949ffffffff-2014-05,159
842a949ffffffff-2014-06,1
842a949ffffffff-2014-07,19
842a949ffffffff-2014-08,65
842a949ffffffff-2014-09,9
842a949ffffffff-2014-10,4
842a949ffffffff-2015-04,9
842a949ffffffff-2015-05,123
842a949ffffffff-2015-08,22
842a949ffffffff-2015-09,9
842a949ffffffff-2015-10,1
842a949ffffffff-2016-03,7
842a949ffffffff-2016-04,54
842a949ffffffff-2016-05,375
842a949ffffffff-2016-07,4
842a949ffffffff-2016-08,46
842a949ffffffff-2016-09,52
842a949ffffffff-2017-03,7
842a949ffffffff-2017-04,114
842a949ffffffff-2017-05,207
842a949ffffffff-2017-07,11
842a949ffffffff-2017-08,106
842a949ffffffff-2017-09,6
842a949ffffffff-2017-10,2
842a949ffffffff-2018-03,8
842a949ffffffff-2018-04,86
842a949ffffffff-2018-05,287
842a949ffffffff-2018-07,14
842a949ffffffff-2018-08,15
842a949ffffffff-2018-09,2
842a949ffffffff-2018-10,5
842a949ffffffff-2019-03,2
842a949ffffffff-2019-04,35
842a949ffffffff-2019-05,277
842a949ffffffff-2019-07,3
842a949ffffffff-2019-08,9
842a949ffffffff-2019-09,12
842a949ffffffff-2019-10,9
842a949ffffffff-2020-03,1
842a949ffffffff-2020-04,41
842a949ffffffff-2020-05,91
842a949ffffffff-2020-06,24
842a949ffffffff-2020-07,38
842a949ffffffff-2020-08,155
842a949ffffffff-2020-09,78
842a949ffffffff-2020-10,92
842a949ffffffff-2020-11,4
842a949ffffffff-2021-03,1
842a949ffffffff-2021-04,73
842a949ffffffff-2021-05,112
842a949ffffffff-2021-07,4
842a949ffffffff-2021-08,59
842a949ffffffff-2021-09,77
842a949ffffffff-2021-10,12
842a949ffffffff-2021-11,1
842a949ffffffff-2022-03,3
842a949ffffffff-2022-04,61
842a949ffffffff-2022-05,472
842a949ffffffff-2022-06,3
842a949ffffffff-2022-07,23
842a949ffffffff-2022-08,26
842a949ffffffff-2022-09,18
842a949ffffffff-2022-10,11
842a949ffffffff-2022-11,23
842a949ffffffff-2023-03,1
842a949ffffffff-2023-04,53
842a949ffffffff-2023-05,243
842a949ffffffff-2023-06,3
842a949ffffffff-2023-07,40
842a949ffffffff-2023-08,62
842a949ffffffff-2023-09,51
842a949ffffffff-2023-10,16
842a949ffffffff-2023-11,4
842a94bffffffff-2013-07,5
842a94bffffffff-2013-08,31
842a94bffffffff-2013-09,2
842a94bffffffff-2014-04,3
842a94bffffffff-2014-05,2
842a94bffffffff-2014-07,12
842a94bffffffff-2014-08,2
842a94bffffffff-2014-09,3
842a94bffffffff-2014-10,1
842a94bffffffff-2014-11,1
842a94bffffffff-2015-05,1
842a94bffffffff-2015-08,3
842a94bffffffff-2015-09,1
842a94bffffffff-2015-11,1
842a94bffffffff-2016-07,1
842a94bffffffff-2016-08,1
842a94bffffffff-2017-04,9
842a94bffffffff-2017-05,2
842a94bffffffff-2017-08,6
842a94bffffffff-2017-09,2
842a94bffffffff-2018-04,4
842a94bffffffff-2018-05,4
842a94bffffffff-2018-07,1
842a94bffffffff-2018-08,1
842a94bffffffff-2019-04,7
842a94bffffffff-2019-05,4
842a94bffffffff-2019-08,3
842a94bffffffff-2019-09,1
842a94bffffffff-2020-04,3
842a94bffffffff-2020-05,1
842a94bffffffff-2020-10,1
842a94bffffffff-2021-05,5
842a94bffffffff-2021-08,1
842a94bffffffff-2021-09,1
842a94bffffffff-2022-05,2
842a94bffffffff-2023-04,3
842a94bffffffff-2023-05,1
842a94bffffffff-2023-07,1
842a94bffffffff-2023-08,3
842a94bffffffff-2023-09,1
842a94bffffffff-2023-11,2
842a94dffffffff-2012-04,9
842a94dffffffff-2012-05,2
842a94dffffffff-2012-06,1
842a94dffffffff-2012-07,1
842a94dffffffff-2013-04,4
842a94dffffffff-2013-05,2
842a94dffffffff-2013-08,1
842a94dffffffff-2013-09,6
842a94dffffffff-2013-10,7
842a94dffffffff-2013-11,2
842a94dffffffff-2014-04,2
842a94dffffffff-2014-05,5
842a94dffffffff-2014-08,11
842a94dffffffff-2014-09,4
842a94dffffffff-2014-11,2
842a94dffffffff-2015-05,4
842a94dffffffff-2015-08,3
842a94dffffffff-2015-09,1
842a94dffffffff-2015-10,2
842a94dffffffff-2016-05,385
842a94dffffffff-2016-07,5
842a94dffffffff-2016-08,8
842a94dffffffff-2016-10,1
842a94dffffffff-2017-04,6
842a94dffffffff-2017-05,2
842a94dffffffff-2017-08,26
842a94dffffffff-2017-09,15
842a94dffffffff-2018-04,2
842a94dffffffff-2018-05,8
842a94dffffffff-2018-07,10
842a94dffffffff-2018-08,17
842a94dffffffff-2018-10,3
842a94dffffffff-2019-05,1
842a94dffffffff-2019-08,1
842a94dffffffff-2020-04,37
842a94dffffffff-2020-05,10
842a94dffffffff-2020-07,2
842a94dffffffff-2020-08,10
842a94dffffffff-2020-09,6
842a94dffffffff-2020-10,3
842a94dffffffff-2020-11,2
842a94dffffffff-2021-04,2
842a94dffffffff-2021-05,1
842a94dffffffff-2021-09,4
842a94dffffffff-2021-10,31
842a94dffffffff-2022-03,9
842a94dffffffff-2022-04,40
842a94dffffffff-2022-05,42
842a94dffffffff-2022-07,4
842a94dffffffff-2022-08,6
842a94dffffffff-2022-09,5
842a94dffffffff-2022-10,9
842a94dffffffff-2023-04,32
842a94dffffffff-2023-05,156
842a94dffffffff-2023-06,3
842a94dffffffff-2023-07,5
842a94dffffffff-2023-08,11
842a94dffffffff-2023-09,64
842a94dffffffff-2023-10,12
842a94dffffffff-2023-11,1
842a951ffffffff-2014-04,1
842a951ffffffff-2014-05,1
842a951ffffffff-2016-04,8
842a951ffffffff-2016-05,7
842a951ffffffff-2016-07,1
842a951ffffffff-2016-08,10
842a951ffffffff-2016-09,6
842a951ffffffff-2017-03,2
842a951ffffffff-2017-04,27
842a951ffffffff-2017-05,20
842a951ffffffff-2017-08,6
842a951ffffffff-2017-09,5
842a951ffffffff-2017-10,6
842a951ffffffff-2017-11,6
842a951ffffffff-2018-04,2
842a951ffffffff-2018-05,1
842a951ffffffff-2018-07,1
842a951ffffffff-2018-09,1
842a951ffffffff-2019-04,6
842a951ffffffff-2019-05,17
842a951ffffffff-2019-09,3
842a951ffffffff-2020-04,10
842a951ffffffff-2020-05,9
842a951ffffffff-2020-07,97
842a951ffffffff-2020-08,68
842a951ffffffff-2020-09,5
842a951ffffffff-2020-10,4
842a951ffffffff-2021-03,1
842a951ffffffff-2021-04,20
842a951ffffffff-2021-05,34
842a951ffffffff-2021-08,1
842a951ffffffff-2021-09,12
842a951ffffffff-2022-03,1
842a951ffffffff-2022-04,11
842a951ffffffff-2022-05,18
842a951ffffffff-2022-07,15
842a951ffffffff-2022-08,1
842a951ffffffff-2022-09,4
842a951ffffffff-2022-11,1
842a951ffffffff-2023-03,3
842a951ffffffff-2023-04,13
842a951ffffffff-2023-05,11
842a951ffffffff-2023-07,2
842a951ffffffff-2023-08,8
842a951ffffffff-2023-09,2
842a951ffffffff-2023-10,1
842a951ffffffff-2023-11,3
842a953ffffffff-2012-03,1
842a953ffffffff-2012-04,5
842a953ffffffff-2012-05,3
842a953ffffffff-2012-07,2
842a953ffffffff-2012-08,4
842a953ffffffff-2013-04,2
842a953ffffffff-2013-05,2
842a953ffffffff-2013-09,5
842a953ffffffff-2013-10,3
842a953ffffffff-2014-03,1
842a953ffffffff-2014-04,7
842a953ffffffff-2014-05,1
842a953ffffffff-2014-07,2
842a953ffffffff-2014-08,2
842a953ffffffff-2014-09,1
842a953ffffffff-2014-10,2
842a953ffffffff-2015-04,1
842a953ffffffff-2015-05,1
842a953ffffffff-2015-08,2
842a953ffffffff-2015-09,1
842a953ffffffff-2015-10,1
842a953ffffffff-2016-04,2
842a953ffffffff-2016-09,1
842a953ffffffff-2016-11,1
842a953ffffffff-2017-04,12
842a953ffffffff-2017-05,1
842a953ffffffff-2017-08,1
842a953ffffffff-2017-09,2
842a953ffffffff-2018-03,1
842a953ffffffff-2018-04,6
842a953ffffffff-2018-05,12
842a953ffffffff-2018-08,14
842a953ffffffff-2018-09,9
842a953ffffffff-2018-10,14
842a953ffffffff-2019-04,17
842a953ffffffff-2019-05,12
842a953ffffffff-2019-07,2
842a953ffffffff-2019-08,5
842a953ffffffff-2019-09,1
842a953ffffffff-2020-04,18
842a953ffffffff-2020-05,20
842a953ffffffff-2020-07,6
842a953ffffffff-2020-08,15
842a953ffffffff-2020-09,15
842a953ffffffff-2020-10,3
842a953ffffffff-2021-04,25
842a953ffffffff-2021-05,33
842a953ffffffff-2021-08,8
842a953ffffffff-2021-09,12
842a953ffffffff-2021-10,3
842a953ffffffff-2021-11,1
842a953ffffffff-2022-04,15
842a953ffffffff-2022-05,18
842a953ffffffff-2022-07,7
842a953ffffffff-2022-08,30
842a953ffffffff-2022-09,24
842a953ffffffff-2022-10,2
842a953ffffffff-2022-11,3
842a953ffffffff-2023-02,1
842a953ffffffff-2023-03,7
842a953ffffffff-2023-04,5
842a953ffffffff-2023-05,17
842a953ffffffff-2023-07,2
842a953ffffffff-2023-08,12
842a953ffffffff-2023-09,9
842a953ffffffff-2023-10,8
842a953ffffffff-2023-11,6
842a955ffffffff-2012-04,5
842a955ffffffff-2012-05,1
842a955ffffffff-2012-07,1
842a955ffffffff-2013-04,1
842a955ffffffff-2013-05,1
842a955ffffffff-2013-08,2
842a955ffffffff-2013-09,1
842a955ffffffff-2014-04,1
842a955ffffffff-2014-07,1
842a955ffffffff-2014-09,6
842a955ffffffff-2014-10,1
842a955ffffffff-2015-04,1
842a955ffffffff-2015-08,4
842a955ffffffff-2015-10,2
842a955ffffffff-2016-04,38
842a955ffffffff-2016-05,8
842a955ffffffff-2016-08,3
842a955ffffffff-2016-09,9
842a955ffffffff-2016-10,5
842a955ffffffff-2017-03,1
842a955ffffffff-2017-04,2
842a955ffffffff-2017-05,5
842a955ffffffff-2017-08,2
842a955ffffffff-2017-09,9
842a955ffffffff-2017-10,7
842a955ffffffff-2018-04,2
842a955ffffffff-2018-05,8
842a955ffffffff-2018-07,1
842a955ffffffff-2018-08,3
842a955ffffffff-2018-09,1
842a955ffffffff-2018-10,8
842a955ffffffff-2019-04,6
842a955ffffffff-2019-05,3
842a955ffffffff-2019-07,7
842a955ffffffff-2019-08,8
842a955ffffffff-2019-09,23
842a955ffffffff-2019-10,4
842a955ffffffff-2020-04,17
842a955ffffffff-2020-05,8
842a955ffffffff-2020-07,6
842a955ffffffff-2020-08,9
842a955ffffffff-2020-11,1
842a955ffffffff-2021-04,7
842a955ffffffff-2021-05,15
842a955ffffffff-2021-07,4
842a955ffffffff-2021-08,7
842a955ffffffff-2021-09,31
842a955ffffffff-2021-10,6
842a955ffffffff-2022-03,1
842a955ffffffff-2022-04,19
842a955ffffffff-2022-05,30
842a955ffffffff-2022-07,9
842a955ffffffff-2022-08,33
842a955ffffffff-2022-09,3
842a955ffffffff-2022-10,7
842a955ffffffff-2023-04,19
842a955ffffffff-2023-05,6
842a955ffffffff-2023-07,4
842a955ffffffff-2023-08,5
842a955ffffffff-2023-09,6
842a955ffffffff-2023-10,10
842a957ffffffff-2012-03,1
842a957ffffffff-2012-04,16
842a957ffffffff-2012-05,5
842a957ffffffff-2012-07,38
842a957ffffffff-2012-08,33
842a957ffffffff-2012-09,16
842a957ffffffff-2012-10,1
842a957ffffffff-2013-04,5
842a957ffffffff-2013-05,1
842a957ffffffff-2013-07,2
842a957ffffffff-2013-08,4
842a957ffffffff-2013-09,7
842a957ffffffff-2013-10,4
842a957ffffffff-2014-04,7
842a957ffffffff-2014-07,1
842a957ffffffff-2014-08,1
842a957ffffffff-2014-09,28
842a957ffffffff-2014-10,15
842a957ffffffff-2015-04,5
842a957ffffffff-2015-05,4
842a957ffffffff-2015-09,71
842a957ffffffff-2015-10,36
842a957ffffffff-2016-04,2
842a957ffffffff-2016-08,12
842a957ffffffff-2016-09,90
842a957ffffffff-2016-10,12
842a957ffffffff-2017-04,4
842a957ffffffff-2017-05,4
842a957ffffffff-2017-07,1
842a957ffffffff-2017-08,8
842a957ffffffff-2017-09,12
842a957ffffffff-2017-10,13
842a957ffffffff-2017-11,2
842a957ffffffff-2018-05,1
842a957ffffffff-2018-07,2
842a957ffffffff-2018-08,11
842a957ffffffff-2018-09,7
842a957ffffffff-2018-10,31
842a957ffffffff-2018-11,10
842a957ffffffff-2019-04,16
842a957ffffffff-2019-05,2
842a957ffffffff-2019-08,30
842a957ffffffff-2019-09,128
842a957ffffffff-2019-10,27
842a957ffffffff-2019-11,2
842a957ffffffff-2020-03,1
842a957ffffffff-2020-04,65
842a957ffffffff-2020-05,37
842a957ffffffff-2020-07,35
842a957ffffffff-2020-08,104
842a957ffffffff-2020-09,75
842a957ffffffff-2020-10,41
842a957ffffffff-2020-11,1
842a957ffffffff-2021-03,1
842a957ffffffff-2021-04,42
842a957ffffffff-2021-05,10
842a957ffffffff-2021-07,5
842a957ffffffff-2021-08,72
842a957ffffffff-2021-09,14
842a957ffffffff-2021-10,10
842a957ffffffff-2022-03,7
842a957ffffffff-2022-04,33
842a957ffffffff-2022-05,31
842a957ffffffff-2022-07,2
842a957ffffffff-2022-08,7
842a957ffffffff-2022-09,6
842a957ffffffff-2022-10,20
842a957ffffffff-2022-11,9
842a957ffffffff-2023-04,120
842a957ffffffff-2023-05,18
842a957ffffffff-2023-07,1
842a957ffffffff-2023-08,6
842a957ffffffff-2023-09,14
842a957ffffffff-2023-10,21
842a957ffffffff-2023-11,1
842a959ffffffff-2012-04,14
842a959ffffffff-2012-05,13
842a959ffffffff-2012-07,5
842a959ffffffff-2012-08,5
842a959ffffffff-2012-09,1
842a959ffffffff-2013-03,1
842a959ffffffff-2013-04,48
842a959ffffffff-2013-05,13
842a959ffffffff-2013-07,5
842a959ffffffff-2013-08,33
842a959ffffffff-2013-09,56
842a959ffffffff-2013-10,1
842a959ffffffff-2014-03,11
842a959ffffffff-2014-04,25
842a959ffffffff-2014-05,7
842a959ffffffff-2014-07,10
842a959ffffffff-2014-08,30
842a959ffffffff-2014-09,65
842a959ffffffff-2014-10,7
842a959ffffffff-2015-03,3
842a959ffffffff-2015-04,5
842a959ffffffff-2015-05,8
842a959ffffffff-2015-06,2
842a959ffffffff-2015-07,29
842a959ffffffff-2015-08,161
842a959ffffffff-2015-09,53
842a959ffffffff-2015-10,18
842a959ffffffff-2015-11,3
842a959ffffffff-2016-03,9
842a959ffffffff-2016-04,67
842a959ffffffff-2016-05,44
842a959ffffffff-2016-07,8
842a959ffffffff-2016-08,29
842a959ffffffff-2016-09,22
842a959ffffffff-2016-10,17
842a959ffffffff-2017-03,20
842a959ffffffff-2017-04,74
842a959ffffffff-2017-05,58
842a959ffffffff-2017-06,1
842a959ffffffff-2017-07,19
842a959ffffffff-2017-08,164
842a959ffffffff-2017-09,155
842a959ffffffff-2017-10,39
842a959ffffffff-2017-11,1
842a959ffffffff-2018-03,4
842a959ffffffff-2018-04,44
842a959ffffffff-2018-05,26
842a959ffffffff-2018-07,43
842a959ffffffff-2018-08,125
842a959ffffffff-2018-09,50
842a959ffffffff-2018-10,53
842a959ffffffff-2019-03,1
842a959ffffffff-2019-04,31
842a959ffffffff-2019-05,104
842a959ffffffff-2019-07,25
842a959ffffffff-2019-08,327
842a959ffffffff-2019-09,106
842a959ffffffff-2019-10,51
842a959ffffffff-2019-11,14
842a959ffffffff-2020-03,3
842a959ffffffff-2020-04,53
842a959ffffffff-2020-05,76
842a959ffffffff-2020-07,53
842a959ffffffff-2020-08,65
842a959ffffffff-2020-09,21
842a959ffffffff-2020-10,18
842a959ffffffff-2021-03,19
842a959ffffffff-2021-04,76
842a959ffffffff-2021-05,150
842a959ffffffff-2021-07,3
842a959ffffffff-2021-08,233
842a959ffffffff-2021-09,110
842a959ffffffff-2021-10,51
842a959ffffffff-2021-11,2
842a959ffffffff-2022-03,4
842a959ffffffff-2022-04,84
842a959ffffffff-2022-05,56
842a959ffffffff-2022-06,1
842a959ffffffff-2022-07,111
842a959ffffffff-2022-08,229
842a959ffffffff-2022-09,109
842a959ffffffff-2022-10,112
842a959ffffffff-2022-11,6
842a959ffffffff-2023-03,3
842a959ffffffff-2023-04,66
842a959ffffffff-2023-05,65
842a959ffffffff-2023-07,39
842a959ffffffff-2023-08,66
842a959ffffffff-2023-09,69
842a959ffffffff-2023-10,101
842a959ffffffff-2023-11,2
842a95bffffffff-2013-04,3
842a95bffffffff-2019-03,1
842a95bffffffff-2019-04,1
842a95bffffffff-2019-05,1
842a95bffffffff-2019-08,3
842a95bffffffff-2020-05,3
842a95bffffffff-2021-03,2
842a95bffffffff-2021-04,8
842a95bffffffff-2021-05,36
842a95bffffffff-2022-04,3
842a95bffffffff-2022-05,1
842a95bffffffff-2022-08,1
842a95bffffffff-2023-04,7
842a95bffffffff-2023-05,6
842a95dffffffff-2012-07,2
842a95dffffffff-2012-08,6
842a95dffffffff-2013-07,2
842a95dffffffff-2013-08,21
842a95dffffffff-2013-09,6
842a95dffffffff-2014-08,1
842a95dffffffff-2014-10,1
842a95dffffffff-2015-08,1
842a95dffffffff-2015-09,1
842a95dffffffff-2015-10,3
842a95dffffffff-2016-04,3
842a95dffffffff-2016-05,1
842a95dffffffff-2016-07,6
842a95dffffffff-2016-08,1
842a95dffffffff-2016-09,1
842a95dffffffff-2016-10,1
842a95dffffffff-2017-04,7
842a95dffffffff-2017-07,1
842a95dffffffff-2017-08,12
842a95dffffffff-2017-09,24
842a95dffffffff-2017-10,1
842a95dffffffff-2018-04,6
842a95dffffffff-2018-05,3
842a95dffffffff-2018-07,2
842a95dffffffff-2018-08,4
842a95dffffffff-2018-09,4
842a95dffffffff-2019-04,2
842a95dffffffff-2019-08,15
842a95dffffffff-2019-09,1
842a95dffffffff-2019-10,2
842a95dffffffff-2020-04,3
842a95dffffffff-2020-05,11
842a95dffffffff-2020-07,2
842a95dffffffff-2020-08,1
842a95dffffffff-2020-09,1
842a95dffffffff-2021-04,10
842a95dffffffff-2021-05,4
842a95dffffffff-2021-08,5
842a95dffffffff-2021-09,2
842a95dffffffff-2022-04,14
842a95dffffffff-2022-05,3
842a95dffffffff-2022-07,1
842a95dffffffff-2022-08,9
842a95dffffffff-2022-09,8
842a95dffffffff-2022-10,1
842a95dffffffff-2023-04,7
842a95dffffffff-2023-05,5
842a95dffffffff-2023-07,1
842a95dffffffff-2023-08,22
842a95dffffffff-2023-09,14
842a95dffffffff-2023-10,4
842a961ffffffff-2019-04,2
842a961ffffffff-2019-05,2
842a961ffffffff-2019-08,2
842a961ffffffff-2020-08,4
842a961ffffffff-2021-07,1
842a961ffffffff-2021-08,4
842a961ffffffff-2021-09,5
842a963ffffffff-2012-04,2
842a963ffffffff-2012-08,2
842a963ffffffff-2012-09,2
842a963ffffffff-2013-04,3
842a963ffffffff-2013-08,2
842a963ffffffff-2014-04,6
842a963ffffffff-2014-05,1
842a963ffffffff-2014-07,3
842a963ffffffff-2014-08,3
842a963ffffffff-2014-09,2
842a963ffffffff-2015-03,2
842a963ffffffff-2015-04,4
842a963ffffffff-2015-05,1
842a963ffffffff-2015-07,1
842a963ffffffff-2015-08,7
842a963ffffffff-2015-09,2
842a963ffffffff-2015-10,6
842a963ffffffff-2016-04,14
842a963ffffffff-2016-05,6
842a963ffffffff-2016-06,2
842a963ffffffff-2016-09,1
842a963ffffffff-2016-10,2
842a963ffffffff-2016-11,1
842a963ffffffff-2017-03,1
842a963ffffffff-2017-04,33
842a963ffffffff-2017-05,8
842a963ffffffff-2017-07,19
842a963ffffffff-2017-08,3
842a963ffffffff-2017-09,5
842a963ffffffff-2017-10,2
842a963ffffffff-2018-04,17
842a963ffffffff-2018-05,14
842a963ffffffff-2018-07,9
842a963ffffffff-2018-09,3
842a963ffffffff-2018-10,1
842a963ffffffff-2019-04,29
842a963ffffffff-2019-05,3
842a963ffffffff-2019-07,3
842a963ffffffff-2019-08,4
842a963ffffffff-2019-09,5
842a963ffffffff-2019-10,1
842a963ffffffff-2020-04,5
842a963ffffffff-2020-05,16
842a963ffffffff-2020-08,16
842a963ffffffff-2020-09,6
842a963ffffffff-2020-10,2
842a963ffffffff-2021-04,4
842a963ffffffff-2021-05,20
842a963ffffffff-2021-07,1
842a963ffffffff-2021-08,5
842a963ffffffff-2021-09,3
842a963ffffffff-2022-04,3
842a963ffffffff-2022-07,2
842a963ffffffff-2022-08,1
842a963ffffffff-2022-10,1
842a963ffffffff-2023-04,9
842a963ffffffff-2023-05,6
842a963ffffffff-2023-07,4
842a963ffffffff-2023-08,13
842a963ffffffff-2023-09,4
842a963ffffffff-2023-10,2
842a965ffffffff-2012-04,4
842a965ffffffff-2012-05,6
842a965ffffffff-2012-06,1
842a965ffffffff-2012-07,4
842a965ffffffff-2012-08,3
842a965ffffffff-2013-04,2
842a965ffffffff-2013-05,3
842a965ffffffff-2013-08,4
842a965ffffffff-2013-09,13
842a965ffffffff-2013-10,5
842a965ffffffff-2013-11,2
842a965ffffffff-2014-04,10
842a965ffffffff-2014-05,7
842a965ffffffff-2014-07,4
842a965ffffffff-2014-08,6
842a965ffffffff-2015-04,1
842a965ffffffff-2015-08,9
842a965ffffffff-2015-09,2
842a965ffffffff-2015-10,5
842a965ffffffff-2015-11,2
842a965ffffffff-2016-04,3
842a965ffffffff-2016-05,5
842a965ffffffff-2016-07,7
842a965ffffffff-2016-08,4
842a965ffffffff-2016-10,3
842a965ffffffff-2016-11,1
842a965ffffffff-2017-03,1
842a965ffffffff-2017-04,14
842a965ffffffff-2017-07,5
842a965ffffffff-2017-08,20
842a965ffffffff-2017-09,13
842a965ffffffff-2017-10,12
842a965ffffffff-2018-04,18
842a965ffffffff-2018-05,15
842a965ffffffff-2018-07,6
842a965ffffffff-2018-08,6
842a965ffffffff-2018-09,6
842a965ffffffff-2018-10,18
842a965ffffffff-2019-04,5
842a965ffffffff-2019-05,8
842a965ffffffff-2019-07,11
842a965ffffffff-2019-08,11
842a965ffffffff-2019-09,5
842a965ffffffff-2019-10,19
842a965ffffffff-2019-11,1
842a965ffffffff-2020-03,5
842a965ffffffff-2020-04,48
842a965ffffffff-2020-05,53
842a965ffffffff-2020-07,3
842a965ffffffff-2020-08,21
842a965ffffffff-2020-09,7
842a965ffffffff-2020-10,12
842a965ffffffff-2020-11,2
842a965ffffffff-2021-04,32
842a965ffffffff-2021-05,30
842a965ffffffff-2021-07,1
842a965ffffffff-2021-08,20
842a965ffffffff-2021-09,7
842a965ffffffff-2021-10,11
842a965ffffffff-2021-11,1
842a965ffffffff-2022-04,10
842a965ffffffff-2022-05,17
842a965ffffffff-2022-08,2
842a965ffffffff-2022-09,3
842a965ffffffff-2022-10,16
842a965ffffffff-2022-11,1
842a965ffffffff-2023-03,1
842a965ffffffff-2023-04,18
842a965ffffffff-2023-05,15
842a965ffffffff-2023-08,5
842a965ffffffff-2023-09,20
842a965ffffffff-2023-10,2
842a967ffffffff-2012-04,5
842a967ffffffff-2012-05,2
842a967ffffffff-2014-04,1
842a967ffffffff-2014-08,1
842a967ffffffff-2015-04,2
842a967ffffffff-2015-05,2
842a967ffffffff-2015-08,2
842a967ffffffff-2015-09,5
842a967ffffffff-2015-10,9
842a967ffffffff-2016-04,3
842a967ffffffff-2016-05,2
842a967ffffffff-2016-07,3
842a967ffffffff-2016-09,1
842a967ffffffff-2017-04,6
842a967ffffffff-2017-05,2
842a967ffffffff-2017-07,2
842a967ffffffff-2017-08,6
842a967ffffffff-2017-09,2
842a967ffffffff-2017-11,1
842a967ffffffff-2018-04,7
842a967ffffffff-2018-05,2
842a967ffffffff-2019-04,1
842a967ffffffff-2019-05,4
842a967ffffffff-2019-07,1
842a967ffffffff-2019-09,1
842a967ffffffff-2019-11,1
842a967ffffffff-2020-04,25
842a967ffffffff-2020-05,3
842a967ffffffff-2020-08,1
842a967ffffffff-2020-10,1
842a967ffffffff-2021-05,2
842a967ffffffff-2021-07,1
842a967ffffffff-2021-08,1
842a967ffffffff-2021-09,4
842a967ffffffff-2022-04,2
842a967ffffffff-2022-08,2
842a967ffffffff-2022-09,9
842a967ffffffff-2022-10,3
842a967ffffffff-2023-04,13
842a967ffffffff-2023-05,19
842a967ffffffff-2023-07,2
842a967ffffffff-2023-08,6
842a967ffffffff-2023-09,13
842a967ffffffff-2023-10,5
842a969ffffffff-2012-08,2
842a969ffffffff-2012-09,1
842a969ffffffff-2013-09,3
842a969ffffffff-2013-10,2
842a969ffffffff-2014-04,2
842a969ffffffff-2014-07,4
842a969ffffffff-2014-08,13
842a969ffffffff-2014-09,3
842a969ffffffff-2015-04,1
842a969ffffffff-2015-10,4
842a969ffffffff-2015-11,1
842a969ffffffff-2016-04,1
842a969ffffffff-2016-05,1
842a969ffffffff-2016-07,2
842a969ffffffff-2017-04,1
842a969ffffffff-2018-04,1
842a969ffffffff-2020-08,3
842a969ffffffff-2020-09,2
842a969ffffffff-2021-03,1
842a969ffffffff-2021-04,1
842a969ffffffff-2021-05,3
842a969ffffffff-2021-08,2
842a969ffffffff-2021-09,4
842a969ffffffff-2021-10,1
842a969ffffffff-2022-04,5
842a969ffffffff-2022-05,2
842a969ffffffff-2022-07,4
842a969ffffffff-2022-08,4
842a969ffffffff-2022-09,1
842a969ffffffff-2022-10,2
842a969ffffffff-2023-04,1
842a969ffffffff-2023-05,4
842a969ffffffff-2023-07,11
842a969ffffffff-2023-08,4
842a969ffffffff-2023-09,7
842a96bffffffff-2014-04,2
842a96bffffffff-2014-07,1
842a96bffffffff-2014-08,1
842a96bffffffff-2015-04,1
842a96bffffffff-2015-05,1
842a96bffffffff-2016-04,1
842a96bffffffff-2017-04,2
842a96bffffffff-2017-09,7
842a96bffffffff-2018-04,1
842a96bffffffff-2018-05,2
842a96bffffffff-2018-07,1
842a96bffffffff-2018-08,1
842a96bffffffff-2019-04,1
842a96bffffffff-2019-05,4
842a96bffffffff-2020-04,6
842a96bffffffff-2020-05,2
842a96bffffffff-2020-07,1
842a96bffffffff-2020-10,2
842a96bffffffff-2020-11,2
842a96bffffffff-2021-04,47
842a96bffffffff-2021-05,10
842a96bffffffff-2022-04,1
842a96bffffffff-2022-09,1
842a96bffffffff-2023-04,5
842a96bffffffff-2023-07,1
842a96bffffffff-2023-08,19
842a96dffffffff-2014-05,1
842a96dffffffff-2015-08,2
842a96dffffffff-2018-04,5
842a96dffffffff-2018-05,2
842a96dffffffff-2018-09,1
842a96dffffffff-2019-07,1
842a96dffffffff-2021-04,3
842a96dffffffff-2021-05,2
842a96dffffffff-2021-08,1
842a96dffffffff-2022-04,1
842a96dffffffff-2022-07,4
842a96dffffffff-2022-08,16
842a96dffffffff-2023-04,7
842a96dffffffff-2023-05,1
842a991ffffffff-2019-04,2
842a991ffffffff-2019-05,1
842a991ffffffff-2020-04,2
842a991ffffffff-2020-05,12
842a991ffffffff-2021-04,3
842a991ffffffff-2021-05,3
842a991ffffffff-2022-05,2
842a991ffffffff-2022-08,2
842a991ffffffff-2022-09,3
842a991ffffffff-2023-04,12
842a991ffffffff-2023-05,1
842a991ffffffff-2023-08,1
842a993ffffffff-2020-05,1
842a993ffffffff-2022-05,1
842a997ffffffff-2012-04,3
842a997ffffffff-2012-09,1
842a997ffffffff-2012-10,2
842a997ffffffff-2013-05,2
842a997ffffffff-2014-04,5
842a997ffffffff-2014-05,12
842a997ffffffff-2014-08,1
842a997ffffffff-2014-09,2
842a997ffffffff-2015-03,2
842a997ffffffff-2015-04,1
842a997ffffffff-2015-05,1
842a997ffffffff-2015-07,1
842a997ffffffff-2015-08,1
842a997ffffffff-2015-09,2
842a997ffffffff-2016-04,7
842a997ffffffff-2016-05,5
842a997ffffffff-2016-08,1
842a997ffffffff-2017-05,1
842a997ffffffff-2017-08,14
842a997ffffffff-2017-09,3
842a997ffffffff-2018-02,1
842a997ffffffff-2018-03,3
842a997ffffffff-2018-04,1
842a997ffffffff-2018-05,1
842a997ffffffff-2018-08,3
842a997ffffffff-2018-09,3
842a997ffffffff-2018-10,1
842a997ffffffff-2019-05,2
842a997ffffffff-2019-08,3
842a997ffffffff-2020-04,1
842a997ffffffff-2020-05,2
842a997ffffffff-2020-07,1
842a997ffffffff-2020-08,1
842a997ffffffff-2021-05,10
842a997ffffffff-2021-09,2
842a997ffffffff-2023-04,4
842a997ffffffff-2023-05,18
842a999ffffffff-2014-04,3
842a999ffffffff-2015-04,3
842a999ffffffff-2015-10,1
842a999ffffffff-2015-11,1
842a999ffffffff-2016-04,3
842a999ffffffff-2016-05,2
842a999ffffffff-2017-04,2
842a999ffffffff-2017-05,1
842a999ffffffff-2018-04,3
842a999ffffffff-2018-05,3
842a999ffffffff-2018-09,1
842a999ffffffff-2018-10,1
842a999ffffffff-2019-04,2
842a999ffffffff-2019-05,1
842a999ffffffff-2020-04,3
842a999ffffffff-2020-05,4
842a999ffffffff-2021-04,1
842a999ffffffff-2022-04,2
842a999ffffffff-2023-04,1
842a999ffffffff-2023-05,2
842a99bffffffff-2020-04,3
842a99bffffffff-2020-05,1
842a99bffffffff-2021-08,1
842a99bffffffff-2021-09,6
842a99bffffffff-2023-05,1
842a99dffffffff-2023-05,1
842a9a1ffffffff-2012-10,2
842a9a5ffffffff-2017-09,1
842a9a5ffffffff-2019-10,2
842a9a5ffffffff-2020-05,3
842a9a5ffffffff-2021-04,1
842a9a5ffffffff-2022-11,1
842a9a5ffffffff-2023-08,1
842a9a5ffffffff-2023-09,4
842a9a7ffffffff-2017-03,1
842a9a7ffffffff-2022-05,1
842a9a9ffffffff-2021-09,1
842a9adffffffff-2012-03,1
842a9adffffffff-2012-04,7
842a9adffffffff-2012-05,1
842a9adffffffff-2018-05,1
842a9adffffffff-2019-04,1
842a9b3ffffffff-2012-04,2
842a9b3ffffffff-2012-10,1
842a9b3ffffffff-2013-04,1
842a9b3ffffffff-2013-10,1
842a9b3ffffffff-2014-03,2
842a9b3ffffffff-2014-04,9
842a9b3ffffffff-2014-05,4
842a9b3ffffffff-2014-08,3
842a9b3ffffffff-2014-09,1
842a9b3ffffffff-2014-10,1
842a9b3ffffffff-2015-04,8
842a9b3ffffffff-2015-09,4
842a9b3ffffffff-2015-10,3
842a9b3ffffffff-2016-03,2
842a9b3ffffffff-2016-04,3
842a9b3ffffffff-2016-05,7
842a9b3ffffffff-2016-09,1
842a9b3ffffffff-2016-10,1
842a9b3ffffffff-2017-03,1
842a9b3ffffffff-2017-04,2
842a9b3ffffffff-2017-05,1
842a9b3ffffffff-2017-07,1
842a9b3ffffffff-2017-08,1
842a9b3ffffffff-2017-10,1
842a9b3ffffffff-2018-04,6
842a9b3ffffffff-2018-05,3
842a9b3ffffffff-2018-07,5
842a9b3ffffffff-2018-08,1
842a9b3ffffffff-2019-05,2
842a9b3ffffffff-2019-07,1
842a9b3ffffffff-2020-04,4
842a9b3ffffffff-2020-05,5
842a9b3ffffffff-2020-07,6
842a9b3ffffffff-2020-08,1
842a9b3ffffffff-2020-09,1
842a9b3ffffffff-2020-10,1
842a9b3ffffffff-2021-04,5
842a9b3ffffffff-2021-05,10
842a9b3ffffffff-2021-07,1
842a9b3ffffffff-2021-08,3
842a9b3ffffffff-2021-09,2
842a9b3ffffffff-2022-03,1
842a9b3ffffffff-2022-04,13
842a9b3ffffffff-2022-05,9
842a9b3ffffffff-2022-08,1
842a9b3ffffffff-2023-03,1
842a9b3ffffffff-2023-04,9
842a9b3ffffffff-2023-05,13
842a9b3ffffffff-2023-07,1
842a9b3ffffffff-2023-08,4
842a9b3ffffffff-2023-09,3
842a9b5ffffffff-2022-04,3
842a9b7ffffffff-2018-09,2
842a9b7ffffffff-2020-08,1
842a9b7ffffffff-2021-05,1
842a9b7ffffffff-2022-04,1
842a9b7ffffffff-2022-09,2
842a9bbffffffff-2016-05,1
842a9bbffffffff-2020-04,3
842a9bbffffffff-2020-05,1
842a9bbffffffff-2022-04,3
842a9bbffffffff-2023-04,3
842a9bbffffffff-2023-05,2
842a9c1ffffffff-2012-05,2
842a9c1ffffffff-2012-08,1
842a9c1ffffffff-2013-05,2
842a9c1ffffffff-2014-04,2
842a9c1ffffffff-2014-05,4
842a9c1ffffffff-2014-08,1
842a9c1ffffffff-2015-04,5
842a9c1ffffffff-2015-05,2
842a9c1ffffffff-2016-04,4
842a9c1ffffffff-2016-05,2
842a9c1ffffffff-2016-08,1
842a9c1ffffffff-2016-09,2
842a9c1ffffffff-2016-10,1
842a9c1ffffffff-2017-04,3
842a9c1ffffffff-2017-05,3
842a9c1ffffffff-2017-08,2
842a9c1ffffffff-2017-09,5
842a9c1ffffffff-2017-10,5
842a9c1ffffffff-2018-04,1
842a9c1ffffffff-2018-05,6
842a9c1ffffffff-2018-08,2
842a9c1ffffffff-2018-09,2
842a9c1ffffffff-2019-04,4
842a9c1ffffffff-2019-05,8
842a9c1ffffffff-2019-08,1
842a9c1ffffffff-2019-09,3
842a9c1ffffffff-2019-10,1
842a9c1ffffffff-2020-03,1
842a9c1ffffffff-2020-04,7
842a9c1ffffffff-2020-05,8
842a9c1ffffffff-2020-07,1
842a9c1ffffffff-2020-08,2
842a9c1ffffffff-2020-10,1
842a9c1ffffffff-2020-11,2
842a9c1ffffffff-2021-04,1
842a9c1ffffffff-2021-05,13
842a9c1ffffffff-2021-09,4
842a9c1ffffffff-2022-03,2
842a9c1ffffffff-2022-04,7
842a9c1ffffffff-2022-05,8
842a9c1ffffffff-2022-08,2
842a9c1ffffffff-2023-04,9
842a9c1ffffffff-2023-05,8
842a9c1ffffffff-2023-08,5
842a9c5ffffffff-2015-05,1
842a9c5ffffffff-2016-04,1
842a9c5ffffffff-2021-04,1
842a9c7ffffffff-2014-03,1
842a9c7ffffffff-2021-04,1
842a9c7ffffffff-2022-05,1
842a9c7ffffffff-2023-04,1
842a9c9ffffffff-2013-04,1
842a9c9ffffffff-2016-09,1
842a9c9ffffffff-2018-09,2
842a9c9ffffffff-2020-05,1
842a9c9ffffffff-2023-05,1
842a9c9ffffffff-2023-08,3
842a9cbffffffff-2016-05,1
842a9cbffffffff-2021-05,2
842a9cbffffffff-2022-10,1
842a9cdffffffff-2014-05,1
842a9cdffffffff-2015-04,3
842a9cdffffffff-2015-05,1
842a9cdffffffff-2016-04,1
842a9cdffffffff-2016-05,3
842a9cdffffffff-2018-04,2
842a9cdffffffff-2019-05,2
842a9cdffffffff-2020-04,7
842a9cdffffffff-2020-05,2
842a9cdffffffff-2020-11,1
842a9cdffffffff-2021-04,1
842a9d1ffffffff-2012-05,1
842a9d1ffffffff-2020-04,1
842a9d1ffffffff-2020-07,1
842a9d1ffffffff-2023-04,1
842a9d3ffffffff-2015-09,1
842a9d3ffffffff-2022-05,1
842a9d3ffffffff-2023-05,1
842a9d9ffffffff-2015-04,3
842a9d9ffffffff-2021-05,1
842a9d9ffffffff-2022-10,1
842a9dbffffffff-2017-05,1
842a9dbffffffff-2018-05,1
842a9dbffffffff-2020-04,1
842a9dbffffffff-2022-08,1
842a9e1ffffffff-2014-05,1
842a9e3ffffffff-2012-04,2
842a9e3ffffffff-2012-09,8
842a9e3ffffffff-2013-04,4
842a9e3ffffffff-2013-08,5
842a9e3ffffffff-2013-09,7
842a9e3ffffffff-2013-10,1
842a9e3ffffffff-2014-04,4
842a9e3ffffffff-2014-05,1
842a9e3ffffffff-2014-07,1
842a9e3ffffffff-2014-08,1
842a9e3ffffffff-2014-09,8
842a9e3ffffffff-2014-10,1
842a9e3ffffffff-2015-08,2
842a9e3ffffffff-2015-09,9
842a9e3ffffffff-2015-10,2
842a9e3ffffffff-2016-08,4
842a9e3ffffffff-2016-09,4
842a9e3ffffffff-2016-10,4
842a9e3ffffffff-2017-04,5
842a9e3ffffffff-2017-05,1
842a9e3ffffffff-2017-08,4
842a9e3ffffffff-2017-09,15
842a9e3ffffffff-2017-10,1
842a9e3ffffffff-2018-04,1
842a9e3ffffffff-2018-08,2
842a9e3ffffffff-2018-09,14
842a9e3ffffffff-2018-10,7
842a9e3ffffffff-2019-04,4
842a9e3ffffffff-2019-05,8
842a9e3ffffffff-2019-07,2
842a9e3ffffffff-2019-08,1
842a9e3ffffffff-2019-09,25
842a9e3ffffffff-2020-07,1
842a9e3ffffffff-2020-08,29
842a9e3ffffffff-2020-09,10
842a9e3ffffffff-2021-04,8
842a9e3ffffffff-2021-05,7
842a9e3ffffffff-2021-08,29
842a9e3ffffffff-2021-09,7
842a9e3ffffffff-2022-03,1
842a9e3ffffffff-2022-04,3
842a9e3ffffffff-2022-05,8
842a9e3ffffffff-2022-07,1
842a9e3ffffffff-2022-08,2
842a9e3ffffffff-2022-09,22
842a9e3ffffffff-2022-10,5
842a9e3ffffffff-2023-04,2
842a9e3ffffffff-2023-05,16
842a9e3ffffffff-2023-07,1
842a9e3ffffffff-2023-08,14
842a9e3ffffffff-2023-09,13
842a9e3ffffffff-2023-10,1
842a9e7ffffffff-2023-04,1
842a9e9ffffffff-2015-04,6
842a9e9ffffffff-2016-03,1
842a9e9ffffffff-2016-04,1
842a9e9ffffffff-2018-05,3
842a9e9ffffffff-2019-04,3
842a9e9ffffffff-2019-05,5
842a9e9ffffffff-2021-04,4
842a9ebffffffff-2019-05,7
842a9edffffffff-2015-03,1
842a9edffffffff-2016-05,1
842a9edffffffff-2023-04,1
842a9edffffffff-2023-05,2
842a9edffffffff-2023-08,1
842aa01ffffffff-2014-05,1
842aa01ffffffff-2017-05,1
842aa01ffffffff-2018-05,1
842aa01ffffffff-2019-04,1
842aa01ffffffff-2020-04,1
842aa01ffffffff-2020-05,2
842aa01ffffffff-2021-05,2
842aa01ffffffff-2022-04,1
842aa01ffffffff-2022-05,2
842aa03ffffffff-2013-05,10
842aa03ffffffff-2014-05,2
842aa03ffffffff-2015-04,1
842aa03ffffffff-2015-05,1
842aa03ffffffff-2015-09,1
842aa03ffffffff-2016-04,2
842aa03ffffffff-2016-05,4
842aa03ffffffff-2017-04,4
842aa03ffffffff-2017-05,2
842aa03ffffffff-2017-07,1
842aa03ffffffff-2017-08,5
842aa03ffffffff-2018-04,6
842aa03ffffffff-2018-05,5
842aa03ffffffff-2018-07,13
842aa03ffffffff-2018-08,11
842aa03ffffffff-2018-09,36
842aa03ffffffff-2019-03,1
842aa03ffffffff-2019-05,2
842aa03ffffffff-2019-07,3
842aa03ffffffff-2019-08,41
842aa03ffffffff-2020-04,30
842aa03ffffffff-2020-05,17
842aa03ffffffff-2020-08,1
842aa03ffffffff-2020-09,2
842aa03ffffffff-2021-04,11
842aa03ffffffff-2021-05,23
842aa03ffffffff-2021-09,20
842aa03ffffffff-2021-10,3
842aa03ffffffff-2022-04,10
842aa03ffffffff-2022-05,5
842aa03ffffffff-2022-08,1
842aa03ffffffff-2022-09,3
842aa03ffffffff-2023-04,4
842aa03ffffffff-2023-05,9
842aa03ffffffff-2023-08,8
842aa03ffffffff-2023-09,2
842aa05ffffffff-2012-05,1
842aa05ffffffff-2018-04,1
842aa07ffffffff-2014-05,1
842aa07ffffffff-2016-09,1
842aa07ffffffff-2020-09,1
842aa07ffffffff-2020-10,1
842aa07ffffffff-2021-05,5
842aa07ffffffff-2021-09,1
842aa07ffffffff-2022-05,2
842aa09ffffffff-2012-05,1
842aa09ffffffff-2014-04,6
842aa09ffffffff-2014-05,13
842aa09ffffffff-2014-10,1
842aa09ffffffff-2015-04,10
842aa09ffffffff-2016-04,5
842aa09ffffffff-2016-05,9
842aa09ffffffff-2016-08,8
842aa09ffffffff-2016-09,18
842aa09ffffffff-2016-10,9
842aa09ffffffff-2017-04,4
842aa09ffffffff-2017-05,15
842aa09ffffffff-2017-10,5
842aa09ffffffff-2018-04,6
842aa09ffffffff-2018-05,10
842aa09ffffffff-2018-07,2
842aa09ffffffff-2018-09,1
842aa09ffffffff-2019-04,7
842aa09ffffffff-2019-05,5
842aa09ffffffff-2020-04,13
842aa09ffffffff-2020-05,13
842aa09ffffffff-2020-08,2
842aa09ffffffff-2020-09,22
842aa09ffffffff-2020-10,6
842aa09ffffffff-2021-05,15
842aa09ffffffff-2021-08,1
842aa09ffffffff-2021-09,1
842aa09ffffffff-2022-04,4
842aa09ffffffff-2022-05,5
842aa09ffffffff-2022-07,4
842aa09ffffffff-2022-08,14
842aa09ffffffff-2022-09,3
842aa09ffffffff-2022-10,1
842aa09ffffffff-2023-04,7
842aa09ffffffff-2023-05,4
842aa0bffffffff-2015-05,1
842aa0bffffffff-2016-05,3
842aa0bffffffff-2017-04,7
842aa0bffffffff-2018-05,4
842aa0bffffffff-2018-10,2
842aa0bffffffff-2020-09,15
842aa0bffffffff-2022-04,2
842aa0bffffffff-2022-05,2
842aa0dffffffff-2016-04,1
842aa0dffffffff-2020-05,2
842aa0dffffffff-2021-05,1
842aa0dffffffff-2023-04,2
842aa11ffffffff-2016-05,1
842aa11ffffffff-2018-05,1
842aa11ffffffff-2018-09,1
842aa11ffffffff-2019-05,3
842aa11ffffffff-2020-08,1
842aa11ffffffff-2022-04,1
842aa11ffffffff-2023-04,2
842aa13ffffffff-2012-04,16
842aa13ffffffff-2012-05,19
842aa13ffffffff-2012-07,7
842aa13ffffffff-2012-08,3
842aa13ffffffff-2012-09,2
842aa13ffffffff-2012-10,6
842aa13ffffffff-2012-11,1
842aa13ffffffff-2013-04,46
842aa13ffffffff-2013-05,51
842aa13ffffffff-2013-07,10
842aa13ffffffff-2013-08,21
842aa13ffffffff-2013-09,12
842aa13ffffffff-2013-10,22
842aa13ffffffff-2014-04,16
842aa13ffffffff-2014-05,32
842aa13ffffffff-2014-07,4
842aa13ffffffff-2014-08,19
842aa13ffffffff-2014-09,31
842aa13ffffffff-2014-10,7
842aa13ffffffff-2014-11,1
842aa13ffffffff-2015-03,1
842aa13ffffffff-2015-04,22
842aa13ffffffff-2015-05,20
842aa13ffffffff-2015-07,2
842aa13ffffffff-2015-08,26
842aa13ffffffff-2015-09,12
842aa13ffffffff-2015-10,26
842aa13ffffffff-2016-03,4
842aa13ffffffff-2016-04,32
842aa13ffffffff-2016-05,20
842aa13ffffffff-2016-07,5
842aa13ffffffff-2016-08,16
842aa13ffffffff-2016-09,8
842aa13ffffffff-2016-10,2
842aa13ffffffff-2017-03,1
842aa13ffffffff-2017-04,20
842aa13ffffffff-2017-05,12
842aa13ffffffff-2017-07,17
842aa13ffffffff-2017-08,61
842aa13ffffffff-2017-09,29
842aa13ffffffff-2017-10,6
842aa13ffffffff-2017-11,2
842aa13ffffffff-2018-03,5
842aa13ffffffff-2018-04,32
842aa13ffffffff-2018-05,10
842aa13ffffffff-2018-07,10
842aa13ffffffff-2018-08,96
842aa13ffffffff-2018-09,61
842aa13ffffffff-2018-10,64
842aa13ffffffff-2018-11,35
842aa13ffffffff-2019-04,55
842aa13ffffffff-2019-05,61
842aa13ffffffff-2019-07,14
842aa13ffffffff-2019-08,78
842aa13ffffffff-2019-09,84
842aa13ffffffff-2019-10,35
842aa13ffffffff-2019-11,3
842aa13ffffffff-2020-03,8
842aa13ffffffff-2020-04,23
842aa13ffffffff-2020-05,45
842aa13ffffffff-2020-07,1
842aa13ffffffff-2020-08,12
842aa13ffffffff-2020-09,2
842aa13ffffffff-2020-10,17
842aa13ffffffff-2020-11,2
842aa13ffffffff-2021-04,3
842aa13ffffffff-2021-05,21
842aa13ffffffff-2021-07,1
842aa13ffffffff-2021-08,17
842aa13ffffffff-2021-09,38
842aa13ffffffff-2021-10,39
842aa13ffffffff-2022-04,5
842aa13ffffffff-2022-05,10
842aa13ffffffff-2022-07,3
842aa13ffffffff-2022-08,13
842aa13ffffffff-2022-09,2
842aa13ffffffff-2022-10,2
842aa13ffffffff-2022-11,2
842aa13ffffffff-2023-04,10
842aa13ffffffff-2023-05,31
842aa13ffffffff-2023-07,14
842aa13ffffffff-2023-08,16
842aa13ffffffff-2023-09,5
842aa13ffffffff-2023-10,9
842aa15ffffffff-2014-05,1
842aa15ffffffff-2015-08,1
842aa15ffffffff-2017-05,2
842aa15ffffffff-2018-04,2
842aa15ffffffff-2018-05,2
842aa15ffffffff-2019-04,3
842aa15ffffffff-2019-05,3
842aa15ffffffff-2020-04,1
842aa15ffffffff-2021-05,1
842aa15ffffffff-2022-05,3
842aa15ffffffff-2022-08,1
842aa15ffffffff-2023-05,1
842aa15ffffffff-2023-10,1
842aa17ffffffff-2012-04,7
842aa17ffffffff-2012-05,1
842aa17ffffffff-2012-07,8
842aa17ffffffff-2012-08,3
842aa17ffffffff-2012-09,6
842aa17ffffffff-2013-04,4
842aa17ffffffff-2013-08,6
842aa17ffffffff-2013-09,10
842aa17ffffffff-2013-10,3
842aa17ffffffff-2013-11,1
842aa17ffffffff-2014-03,1
842aa17ffffffff-2014-04,1
842aa17ffffffff-2014-05,3
842aa17ffffffff-2014-08,5
842aa17ffffffff-2014-09,50
842aa17ffffffff-2014-10,18
842aa17ffffffff-2015-03,1
842aa17ffffffff-2015-04,6
842aa17ffffffff-2015-05,12
842aa17ffffffff-2015-07,3
842aa17ffffffff-2015-08,21
842aa17ffffffff-2015-09,33
842aa17ffffffff-2015-10,13
842aa17ffffffff-2015-11,1
842aa17ffffffff-2016-03,1
842aa17ffffffff-2016-04,17
842aa17ffffffff-2016-05,12
842aa17ffffffff-2016-08,3
842aa17ffffffff-2016-09,40
842aa17ffffffff-2016-10,18
842aa17ffffffff-2016-11,6
842aa17ffffffff-2017-04,6
842aa17ffffffff-2017-05,12
842aa17ffffffff-2017-08,1
842aa17ffffffff-2017-09,28
842aa17ffffffff-2017-10,40
842aa17ffffffff-2018-04,6
842aa17ffffffff-2018-05,17
842aa17ffffffff-2018-09,22
842aa17ffffffff-2018-10,30
842aa17ffffffff-2018-11,2
842aa17ffffffff-2019-04,1
842aa17ffffffff-2019-05,13
842aa17ffffffff-2019-07,16
842aa17ffffffff-2019-08,63
842aa17ffffffff-2019-09,39
842aa17ffffffff-2019-10,42
842aa17ffffffff-2019-11,3
842aa17ffffffff-2020-04,13
842aa17ffffffff-2020-05,45
842aa17ffffffff-2020-07,6
842aa17ffffffff-2020-08,15
842aa17ffffffff-2020-09,7
842aa17ffffffff-2020-10,25
842aa17ffffffff-2020-11,2
842aa17ffffffff-2021-04,4
842aa17ffffffff-2021-05,49
842aa17ffffffff-2021-09,13
842aa17ffffffff-2021-10,12
842aa17ffffffff-2022-04,2
842aa17ffffffff-2022-05,31
842aa17ffffffff-2022-07,1
842aa17ffffffff-2022-08,2
842aa17ffffffff-2022-09,4
842aa17ffffffff-2022-10,4
842aa17ffffffff-2023-04,7
842aa17ffffffff-2023-05,32
842aa17ffffffff-2023-08,5
842aa17ffffffff-2023-09,5
842aa17ffffffff-2023-10,3
842aa17ffffffff-2023-11,4
842aa19ffffffff-2017-03,1
842aa19ffffffff-2017-08,9
842aa19ffffffff-2018-04,2
842aa19ffffffff-2018-08,3
842aa19ffffffff-2018-09,3
842aa19ffffffff-2019-07,1
842aa19ffffffff-2020-05,1
842aa19ffffffff-2021-05,3
842aa19ffffffff-2022-04,1
842aa19ffffffff-2022-05,2
842aa19ffffffff-2023-05,1
842aa19ffffffff-2023-09,1
842aa1bffffffff-2012-04,1
842aa1bffffffff-2012-05,2
842aa1bffffffff-2012-07,1
842aa1bffffffff-2013-04,3
842aa1bffffffff-2013-07,1
842aa1bffffffff-2013-08,8
842aa1bffffffff-2013-09,8
842aa1bffffffff-2013-10,2
842aa1bffffffff-2014-04,1
842aa1bffffffff-2014-05,2
842aa1bffffffff-2014-08,3
842aa1bffffffff-2014-09,1
842aa1bffffffff-2014-10,2
842aa1bffffffff-2015-08,1
842aa1bffffffff-2015-09,2
842aa1bffffffff-2016-04,2
842aa1bffffffff-2016-05,6
842aa1bffffffff-2017-04,5
842aa1bffffffff-2017-05,2
842aa1bffffffff-2017-09,2
842aa1bffffffff-2018-03,1
842aa1bffffffff-2018-04,6
842aa1bffffffff-2018-10,3
842aa1bffffffff-2019-04,3
842aa1bffffffff-2019-05,2
842aa1bffffffff-2019-08,1
842aa1bffffffff-2019-09,3
842aa1bffffffff-2020-04,9
842aa1bffffffff-2020-05,3
842aa1bffffffff-2020-08,18
842aa1bffffffff-2020-09,8
842aa1bffffffff-2020-10,4
842aa1bffffffff-2020-11,1
842aa1bffffffff-2021-04,5
842aa1bffffffff-2021-05,21
842aa1bffffffff-2021-07,3
842aa1bffffffff-2021-08,30
842aa1bffffffff-2021-09,5
842aa1bffffffff-2021-10,4
842aa1bffffffff-2022-04,1
842aa1bffffffff-2022-05,2
842aa1bffffffff-2022-07,11
842aa1bffffffff-2022-08,90
842aa1bffffffff-2022-09,52
842aa1bffffffff-2022-10,6
842aa1bffffffff-2023-04,9
842aa1bffffffff-2023-05,12
842aa1bffffffff-2023-08,3
842aa1bffffffff-2023-09,2
842aa1bffffffff-2023-11,1
842aa1dffffffff-2012-05,1
842aa1dffffffff-2012-08,2
842aa1dffffffff-2013-04,3
842aa1dffffffff-2013-08,3
842aa1dffffffff-2013-09,2
842aa1dffffffff-2014-04,13
842aa1dffffffff-2014-05,19
842aa1dffffffff-2014-08,2
842aa1dffffffff-2014-09,1
842aa1dffffffff-2015-04,12
842aa1dffffffff-2015-05,2
842aa1dffffffff-2015-09,2
842aa1dffffffff-2016-04,12
842aa1dffffffff-2016-05,12
842aa1dffffffff-2016-08,3
842aa1dffffffff-2016-09,9
842aa1dffffffff-2017-03,2
842aa1dffffffff-2017-04,6
842aa1dffffffff-2017-05,39
842aa1dffffffff-2017-08,1
842aa1dffffffff-2017-09,5
842aa1dffffffff-2017-10,3
842aa1dffffffff-2018-03,9
842aa1dffffffff-2018-04,21
842aa1dffffffff-2018-05,25
842aa1dffffffff-2018-07,2
842aa1dffffffff-2018-08,38
842aa1dffffffff-2018-09,27
842aa1dffffffff-2018-10,9
842aa1dffffffff-2019-04,21
842aa1dffffffff-2019-05,16
842aa1dffffffff-2019-07,7
842aa1dffffffff-2019-08,33
842aa1dffffffff-2019-09,21
842aa1dffffffff-2019-10,2
842aa1dffffffff-2020-04,37
842aa1dffffffff-2020-05,48
842aa1dffffffff-2020-08,1
842aa1dffffffff-2020-09,2
842aa1dffffffff-2020-10,2
842aa1dffffffff-2021-04,4
842aa1dffffffff-2021-05,17
842aa1dffffffff-2021-08,2
842aa1dffffffff-2022-03,6
842aa1dffffffff-2022-04,27
842aa1dffffffff-2022-05,25
842aa1dffffffff-2022-09,1
842aa1dffffffff-2023-03,3
842aa1dffffffff-2023-04,10
842aa1dffffffff-2023-05,20
842aa1dffffffff-2023-07,4
842aa1dffffffff-2023-08,18
842aa1dffffffff-2023-09,6
842aa1dffffffff-2023-10,7
842aa21ffffffff-2013-04,1
842aa21ffffffff-2013-05,1
842aa21ffffffff-2014-04,1
842aa21ffffffff-2015-09,1
842aa21ffffffff-2017-07,1
842aa21ffffffff-2018-05,1
842aa21ffffffff-2021-08,1
842aa21ffffffff-2022-09,2
842aa21ffffffff-2022-10,1
842aa23ffffffff-2018-05,1
842aa23ffffffff-2020-09,1
842aa23ffffffff-2020-10,7
842aa23ffffffff-2021-04,7
842aa23ffffffff-2021-05,2
842aa23ffffffff-2021-08,2
842aa23ffffffff-2022-04,1
842aa23ffffffff-2022-05,1
842aa23ffffffff-2023-04,3
842aa23ffffffff-2023-05,1
842aa25ffffffff-2012-05,1
842aa25ffffffff-2013-09,1
842aa25ffffffff-2016-05,2
842aa25ffffffff-2017-04,1
842aa25ffffffff-2018-07,1
842aa25ffffffff-2020-04,1
842aa25ffffffff-2020-05,6
842aa25ffffffff-2020-08,5
842aa25ffffffff-2020-09,1
842aa25ffffffff-2021-04,1
842aa25ffffffff-2021-05,3
842aa25ffffffff-2023-04,1
842aa27ffffffff-2012-08,1
842aa27ffffffff-2012-11,1
842aa27ffffffff-2014-04,1
842aa27ffffffff-2014-05,1
842aa27ffffffff-2015-04,3
842aa27ffffffff-2015-05,1
842aa27ffffffff-2017-05,1
842aa27ffffffff-2018-05,1
842aa27ffffffff-2020-10,1
842aa27ffffffff-2021-05,2
842aa27ffffffff-2022-05,1
842aa27ffffffff-2022-08,2
842aa27ffffffff-2022-10,1
842aa29ffffffff-2012-05,2
842aa29ffffffff-2012-09,1
842aa29ffffffff-2014-08,1
842aa29ffffffff-2016-04,2
842aa29ffffffff-2016-05,2
842aa29ffffffff-2021-04,3
842aa29ffffffff-2021-09,5
842aa29ffffffff-2022-05,1
842aa29ffffffff-2022-07,1
842aa29ffffffff-2022-08,5
842aa29ffffffff-2022-09,1
842aa2bffffffff-2012-05,1
842aa2bffffffff-2016-04,1
842aa2bffffffff-2016-08,1
842aa2bffffffff-2017-04,1
842aa2bffffffff-2017-07,2
842aa2bffffffff-2018-08,1
842aa2bffffffff-2020-04,5
842aa2bffffffff-2020-05,8
842aa2bffffffff-2021-04,1
842aa2bffffffff-2021-05,1
842aa2bffffffff-2022-04,5
842aa2bffffffff-2023-05,3
842aa2dffffffff-2012-04,1
842aa2dffffffff-2012-10,1
842aa2dffffffff-2013-04,1
842aa2dffffffff-2013-05,1
842aa2dffffffff-2014-04,1
842aa2dffffffff-2014-05,15
842aa2dffffffff-2015-05,1
842aa2dffffffff-2017-05,1
842aa2dffffffff-2018-04,1
842aa2dffffffff-2018-05,2
842aa2dffffffff-2018-11,1
842aa2dffffffff-2020-04,10
842aa2dffffffff-2021-05,8
842aa2dffffffff-2022-04,1
842aa2dffffffff-2022-05,8
842aa2dffffffff-2023-04,4
842aa2dffffffff-2023-05,3
842aa31ffffffff-2012-03,1
842aa31ffffffff-2012-04,1
842aa31ffffffff-2012-05,3
842aa31ffffffff-2012-10,1
842aa31ffffffff-2013-04,12
842aa31ffffffff-2013-05,4
842aa31ffffffff-2013-09,1
842aa31ffffffff-2014-03,2
842aa31ffffffff-2014-04,10
842aa31ffffffff-2014-05,15
842aa31ffffffff-2014-10,1
842aa31ffffffff-2015-04,14
842aa31ffffffff-2015-05,13
842aa31ffffffff-2016-04,6
842aa31ffffffff-2016-05,16
842aa31ffffffff-2017-04,5
842aa31ffffffff-2017-05,34
842aa31ffffffff-2018-04,37
842aa31ffffffff-2018-05,5
842aa31ffffffff-2018-09,7
842aa31ffffffff-2018-10,1
842aa31ffffffff-2018-11,1
842aa31ffffffff-2019-04,31
842aa31ffffffff-2019-05,74
842aa31ffffffff-2019-06,1
842aa31ffffffff-2019-07,9
842aa31ffffffff-2019-08,7
842aa31ffffffff-2019-09,2
842aa31ffffffff-2020-04,92
842aa31ffffffff-2020-05,64
842aa31ffffffff-2020-08,5
842aa31ffffffff-2020-11,3
842aa31ffffffff-2021-04,2
842aa31ffffffff-2021-05,21
842aa31ffffffff-2021-07,1
842aa31ffffffff-2021-08,2
842aa31ffffffff-2021-09,6
842aa31ffffffff-2022-04,37
842aa31ffffffff-2022-05,43
842aa31ffffffff-2022-07,1
842aa31ffffffff-2022-09,1
842aa31ffffffff-2023-04,13
842aa31ffffffff-2023-05,44
842aa31ffffffff-2023-09,1
842aa33ffffffff-2016-09,1
842aa33ffffffff-2017-05,1
842aa33ffffffff-2018-05,4
842aa33ffffffff-2021-05,1
842aa33ffffffff-2022-05,8
842aa33ffffffff-2023-05,8
842aa35ffffffff-2018-04,1
842aa35ffffffff-2020-05,2
842aa35ffffffff-2021-05,3
842aa35ffffffff-2023-05,2
842aa35ffffffff-2023-07,2
842aa37ffffffff-2013-04,1
842aa37ffffffff-2013-08,4
842aa37ffffffff-2013-09,2
842aa37ffffffff-2014-04,2
842aa37ffffffff-2014-05,7
842aa37ffffffff-2015-05,2
842aa39ffffffff-2012-04,17
842aa39ffffffff-2012-05,21
842aa39ffffffff-2012-07,5
842aa39ffffffff-2012-08,6
842aa39ffffffff-2012-09,3
842aa39ffffffff-2012-10,4
842aa39ffffffff-2013-04,22
842aa39ffffffff-2013-05,9
842aa39ffffffff-2013-08,3
842aa39ffffffff-2013-09,9
842aa39ffffffff-2013-10,3
842aa39ffffffff-2014-04,28
842aa39ffffffff-2014-05,19
842aa39ffffffff-2014-08,10
842aa39ffffffff-2014-09,27
842aa39ffffffff-2014-10,3
842aa39ffffffff-2015-04,9
842aa39ffffffff-2015-05,5
842aa39ffffffff-2015-09,2
842aa39ffffffff-2015-10,1
842aa39ffffffff-2016-04,46
842aa39ffffffff-2016-05,46
842aa39ffffffff-2016-08,3
842aa39ffffffff-2016-09,1
842aa39ffffffff-2017-04,17
842aa39ffffffff-2017-05,12
842aa39ffffffff-2017-06,1
842aa39ffffffff-2017-09,6
842aa39ffffffff-2018-04,16
842aa39ffffffff-2018-05,5
842aa39ffffffff-2018-09,3
842aa39ffffffff-2018-10,2
842aa39ffffffff-2019-04,16
842aa39ffffffff-2019-05,14
842aa39ffffffff-2019-08,1
842aa39ffffffff-2019-09,2
842aa39ffffffff-2019-10,4
842aa39ffffffff-2020-04,40
842aa39ffffffff-2020-05,59
842aa39ffffffff-2020-07,1
842aa39ffffffff-2020-08,19
842aa39ffffffff-2020-09,1
842aa39ffffffff-2020-10,1
842aa39ffffffff-2021-04,36
842aa39ffffffff-2021-05,63
842aa39ffffffff-2021-07,1
842aa39ffffffff-2021-08,2
842aa39ffffffff-2021-09,2
842aa39ffffffff-2022-04,9
842aa39ffffffff-2022-05,48
842aa39ffffffff-2023-04,31
842aa39ffffffff-2023-05,41
842aa39ffffffff-2023-08,3
842aa39ffffffff-2023-09,12
842aa3bffffffff-2014-05,1
842aa3bffffffff-2015-07,3
842aa3bffffffff-2016-04,2
842aa3bffffffff-2016-05,13
842aa3bffffffff-2017-05,8
842aa3bffffffff-2018-04,2
842aa3bffffffff-2018-05,3
842aa3bffffffff-2018-09,1
842aa3bffffffff-2019-04,1
842aa3bffffffff-2019-05,12
842aa3bffffffff-2019-09,1
842aa3bffffffff-2020-04,5
842aa3bffffffff-2020-05,7
842aa3bffffffff-2021-04,2
842aa3bffffffff-2021-05,6
842aa3bffffffff-2021-08,3
842aa3bffffffff-2021-09,6
842aa3bffffffff-2021-10,1
842aa3bffffffff-2022-05,4
842aa3bffffffff-2022-10,7
842aa3bffffffff-2023-04,5
842aa3bffffffff-2023-05,19
842aa3bffffffff-2023-08,4
842aa3dffffffff-2015-05,1
842aa3dffffffff-2020-04,3
842aa3dffffffff-2020-05,6
842aa3dffffffff-2020-07,2
842aa3dffffffff-2021-04,7
842aa3dffffffff-2021-05,33
842aa3dffffffff-2021-07,1
842aa3dffffffff-2021-08,3
842aa3dffffffff-2022-03,2
842aa3dffffffff-2022-04,10
842aa3dffffffff-2022-05,14
842aa3dffffffff-2022-07,1
842aa3dffffffff-2022-08,3
842aa3dffffffff-2023-04,2
842aa3dffffffff-2023-05,1
842aa3dffffffff-2023-08,1
842aa41ffffffff-2013-07,2
842aa41ffffffff-2014-09,1
842aa41ffffffff-2016-07,1
842aa41ffffffff-2016-10,2
842aa41ffffffff-2017-09,1
842aa41ffffffff-2018-08,1
842aa41ffffffff-2020-04,1
842aa41ffffffff-2020-08,3
842aa41ffffffff-2020-09,9
842aa41ffffffff-2020-10,25
842aa41ffffffff-2021-05,8
842aa41ffffffff-2021-09,1
842aa41ffffffff-2022-08,1
842aa41ffffffff-2022-09,1
842aa41ffffffff-2023-04,1
842aa41ffffffff-2023-08,3
842aa41ffffffff-2023-11,1
842aa43ffffffff-2012-04,3
842aa43ffffffff-2012-05,8
842aa43ffffffff-2012-08,2
842aa43ffffffff-2013-09,2
842aa43ffffffff-2014-08,2
842aa43ffffffff-2014-09,7
842aa43ffffffff-2014-10,1
842aa43ffffffff-2015-04,1
842aa43ffffffff-2015-05,4
842aa43ffffffff-2015-07,14
842aa43ffffffff-2015-08,12
842aa43ffffffff-2015-09,5
842aa43ffffffff-2016-04,3
842aa43ffffffff-2016-05,12
842aa43ffffffff-2016-07,25
842aa43ffffffff-2016-08,29
842aa43ffffffff-2016-09,24
842aa43ffffffff-2017-04,2
842aa43ffffffff-2017-05,1
842aa43ffffffff-2017-07,1
842aa43ffffffff-2017-08,3
842aa43ffffffff-2017-09,2
842aa43ffffffff-2018-06,1
842aa43ffffffff-2018-09,1
842aa43ffffffff-2019-07,1
842aa43ffffffff-2019-08,3
842aa43ffffffff-2020-04,3
842aa43ffffffff-2020-05,28
842aa43ffffffff-2020-07,3
842aa43ffffffff-2020-08,14
842aa43ffffffff-2020-09,2
842aa43ffffffff-2021-05,21
842aa43ffffffff-2021-08,3
842aa43ffffffff-2021-09,1
842aa43ffffffff-2022-05,4
842aa43ffffffff-2022-07,1
842aa43ffffffff-2022-08,29
842aa43ffffffff-2022-09,3
842aa43ffffffff-2023-04,2
842aa43ffffffff-2023-05,10
842aa43ffffffff-2023-08,2
842aa43ffffffff-2023-09,3
842aa43ffffffff-2023-10,1
842aa45ffffffff-2012-08,6
842aa45ffffffff-2014-05,2
842aa45ffffffff-2014-10,1
842aa45ffffffff-2016-04,8
842aa45ffffffff-2016-05,7
842aa45ffffffff-2016-08,3
842aa45ffffffff-2016-09,9
842aa45ffffffff-2016-10,2
842aa45ffffffff-2017-05,4
842aa45ffffffff-2017-08,1
842aa45ffffffff-2017-09,1
842aa45ffffffff-2017-10,1
842aa45ffffffff-2018-04,1
842aa45ffffffff-2018-05,3
842aa45ffffffff-2018-10,1
842aa45ffffffff-2019-08,7
842aa45ffffffff-2019-10,2
842aa45ffffffff-2020-04,3
842aa45ffffffff-2020-05,14
842aa45ffffffff-2020-08,5
842aa45ffffffff-2020-09,24
842aa45ffffffff-2020-10,18
842aa45ffffffff-2021-04,2
842aa45ffffffff-2021-05,16
842aa45ffffffff-2021-08,2
842aa45ffffffff-2022-05,8
842aa45ffffffff-2022-10,1
842aa45ffffffff-2023-04,1
842aa45ffffffff-2023-08,3
842aa45ffffffff-2023-09,4
842aa45ffffffff-2023-10,4
842aa47ffffffff-2016-09,1
842aa47ffffffff-2020-05,1
842aa49ffffffff-2012-03,1
842aa49ffffffff-2012-04,40
842aa49ffffffff-2012-05,64
842aa49ffffffff-2012-06,4
842aa49ffffffff-2012-07,18
842aa49ffffffff-2012-08,98
842aa49ffffffff-2012-09,117
842aa49ffffffff-2012-10,46
842aa49ffffffff-2012-11,2
842aa49ffffffff-2013-04,9
842aa49ffffffff-2013-05,82
842aa49ffffffff-2013-07,37
842aa49ffffffff-2013-08,71
842aa49ffffffff-2013-09,67
842aa49ffffffff-2013-10,13
842aa49ffffffff-2013-11,1
842aa49ffffffff-2014-04,17
842aa49ffffffff-2014-05,25
842aa49ffffffff-2014-07,79
842aa49ffffffff-2014-08,65
842aa49ffffffff-2014-09,100
842aa49ffffffff-2014-10,46
842aa49ffffffff-2014-11,5
842aa49ffffffff-2015-04,5
842aa49ffffffff-2015-05,46
842aa49ffffffff-2015-07,61
842aa49ffffffff-2015-08,161
842aa49ffffffff-2015-09,161
842aa49ffffffff-2015-10,79
842aa49ffffffff-2015-11,24
842aa49ffffffff-2016-03,12
842aa49ffffffff-2016-04,110
842aa49ffffffff-2016-05,35
842aa49ffffffff-2016-06,1
842aa49ffffffff-2016-07,115
842aa49ffffffff-2016-08,97
842aa49ffffffff-2016-09,260
842aa49ffffffff-2016-10,65
842aa49ffffffff-2016-11,13
842aa49ffffffff-2017-04,102
842aa49ffffffff-2017-05,139
842aa49ffffffff-2017-06,17
842aa49ffffffff-2017-07,315
842aa49ffffffff-2017-08,186
842aa49ffffffff-2017-09,221
842aa49ffffffff-2017-10,149
842aa49ffffffff-2017-11,5
842aa49ffffffff-2018-04,133
842aa49ffffffff-2018-05,128
842aa49ffffffff-2018-06,9
842aa49ffffffff-2018-07,109
842aa49ffffffff-2018-08,112
842aa49ffffffff-2018-09,241
842aa49ffffffff-2018-10,145
842aa49ffffffff-2019-04,54
842aa49ffffffff-2019-05,124
842aa49ffffffff-2019-06,3
842aa49ffffffff-2019-07,154
842aa49ffffffff-2019-08,160
842aa49ffffffff-2019-09,220
842aa49ffffffff-2019-10,70
842aa49ffffffff-2019-11,2
842aa49ffffffff-2020-03,1
842aa49ffffffff-2020-04,53
842aa49ffffffff-2020-05,103
842aa49ffffffff-2020-06,1
842aa49ffffffff-2020-07,10
842aa49ffffffff-2020-08,31
842aa49ffffffff-2020-09,136
842aa49ffffffff-2020-10,89
842aa49ffffffff-2020-11,5
842aa49ffffffff-2021-04,66
842aa49ffffffff-2021-05,293
842aa49ffffffff-2021-06,21
842aa49ffffffff-2021-07,38
842aa49ffffffff-2021-08,64
842aa49ffffffff-2021-09,191
842aa49ffffffff-2021-10,156
842aa49ffffffff-2022-03,4
842aa49ffffffff-2022-04,94
842aa49ffffffff-2022-05,345
842aa49ffffffff-2022-06,5
842aa49ffffffff-2022-07,169
842aa49ffffffff-2022-08,127
842aa49ffffffff-2022-09,208
842aa49ffffffff-2022-10,158
842aa49ffffffff-2022-11,9
842aa49ffffffff-2023-04,71
842aa49ffffffff-2023-05,121
842aa49ffffffff-2023-06,1
842aa49ffffffff-2023-07,60
842aa49ffffffff-2023-08,44
842aa49ffffffff-2023-09,101
842aa49ffffffff-2023-10,119
842aa49ffffffff-2023-11,24
842aa4bffffffff-2012-04,8
842aa4bffffffff-2012-05,5
842aa4bffffffff-2012-07,16
842aa4bffffffff-2012-08,31
842aa4bffffffff-2012-09,14
842aa4bffffffff-2012-10,4
842aa4bffffffff-2013-04,3
842aa4bffffffff-2013-05,5
842aa4bffffffff-2013-07,3
842aa4bffffffff-2013-08,46
842aa4bffffffff-2013-09,90
842aa4bffffffff-2013-10,19
842aa4bffffffff-2014-04,3
842aa4bffffffff-2014-05,23
842aa4bffffffff-2014-07,11
842aa4bffffffff-2014-08,9
842aa4bffffffff-2014-09,20
842aa4bffffffff-2014-10,29
842aa4bffffffff-2014-11,2
842aa4bffffffff-2015-05,7
842aa4bffffffff-2015-07,32
842aa4bffffffff-2015-08,4
842aa4bffffffff-2015-09,1
842aa4bffffffff-2015-10,2
842aa4bffffffff-2016-04,10
842aa4bffffffff-2016-05,4
842aa4bffffffff-2016-07,3
842aa4bffffffff-2016-08,22
842aa4bffffffff-2016-09,6
842aa4bffffffff-2016-10,5
842aa4bffffffff-2017-04,12
842aa4bffffffff-2017-05,10
842aa4bffffffff-2017-07,1
842aa4bffffffff-2017-08,5
842aa4bffffffff-2017-09,6
842aa4bffffffff-2017-10,2
842aa4bffffffff-2018-04,4
842aa4bffffffff-2018-05,17
842aa4bffffffff-2018-08,2
842aa4bffffffff-2018-09,3
842aa4bffffffff-2019-04,7
842aa4bffffffff-2019-05,5
842aa4bffffffff-2019-07,2
842aa4bffffffff-2019-08,5
842aa4bffffffff-2019-09,6
842aa4bffffffff-2019-10,1
842aa4bffffffff-2020-04,2
842aa4bffffffff-2020-05,27
842aa4bffffffff-2020-07,2
842aa4bffffffff-2020-08,16
842aa4bffffffff-2020-09,11
842aa4bffffffff-2020-10,35
842aa4bffffffff-2021-04,3
842aa4bffffffff-2021-05,22
842aa4bffffffff-2021-07,4
842aa4bffffffff-2021-08,28
842aa4bffffffff-2021-09,18
842aa4bffffffff-2021-10,5
842aa4bffffffff-2022-04,1
842aa4bffffffff-2022-05,11
842aa4bffffffff-2022-07,5
842aa4bffffffff-2022-08,23
842aa4bffffffff-2022-09,29
842aa4bffffffff-2023-04,2
842aa4bffffffff-2023-05,31
842aa4bffffffff-2023-07,53
842aa4bffffffff-2023-08,25
842aa4bffffffff-2023-09,9
842aa4bffffffff-2023-10,8
842aa4bffffffff-2023-11,2
842aa4dffffffff-2012-04,10
842aa4dffffffff-2012-05,52
842aa4dffffffff-2012-06,22
842aa4dffffffff-2012-07,108
842aa4dffffffff-2012-08,106
842aa4dffffffff-2012-09,112
842aa4dffffffff-2012-10,23
842aa4dffffffff-2012-11,10
842aa4dffffffff-2013-04,13
842aa4dffffffff-2013-05,4
842aa4dffffffff-2013-07,62
842aa4dffffffff-2013-08,216
842aa4dffffffff-2013-09,102
842aa4dffffffff-2013-10,40
842aa4dffffffff-2014-04,1
842aa4dffffffff-2014-05,20
842aa4dffffffff-2014-06,2
842aa4dffffffff-2014-07,99
842aa4dffffffff-2014-08,82
842aa4dffffffff-2014-09,70
842aa4dffffffff-2014-10,18
842aa4dffffffff-2014-11,8
842aa4dffffffff-2015-04,4
842aa4dffffffff-2015-05,19
842aa4dffffffff-2015-07,62
842aa4dffffffff-2015-08,156
842aa4dffffffff-2015-09,58
842aa4dffffffff-2015-10,18
842aa4dffffffff-2016-03,8
842aa4dffffffff-2016-04,21
842aa4dffffffff-2016-05,79
842aa4dffffffff-2016-06,36
842aa4dffffffff-2016-07,157
842aa4dffffffff-2016-08,87
842aa4dffffffff-2016-09,21
842aa4dffffffff-2016-10,8
842aa4dffffffff-2016-11,5
842aa4dffffffff-2017-04,8
842aa4dffffffff-2017-05,26
842aa4dffffffff-2017-07,21
842aa4dffffffff-2017-08,177
842aa4dffffffff-2017-09,108
842aa4dffffffff-2017-10,19
842aa4dffffffff-2018-04,4
842aa4dffffffff-2018-05,39
842aa4dffffffff-2018-07,128
842aa4dffffffff-2018-08,117
842aa4dffffffff-2018-09,51
842aa4dffffffff-2018-10,44
842aa4dffffffff-2018-11,3
842aa4dffffffff-2019-03,1
842aa4dffffffff-2019-04,6
842aa4dffffffff-2019-05,17
842aa4dffffffff-2019-07,9
842aa4dffffffff-2019-08,234
842aa4dffffffff-2019-09,149
842aa4dffffffff-2019-10,24
842aa4dffffffff-2020-04,8
842aa4dffffffff-2020-05,13
842aa4dffffffff-2020-07,51
842aa4dffffffff-2020-08,188
842aa4dffffffff-2020-09,90
842aa4dffffffff-2020-10,45
842aa4dffffffff-2021-04,7
842aa4dffffffff-2021-05,21
842aa4dffffffff-2021-06,2
842aa4dffffffff-2021-07,102
842aa4dffffffff-2021-08,171
842aa4dffffffff-2021-09,147
842aa4dffffffff-2021-10,66
842aa4dffffffff-2021-11,1
842aa4dffffffff-2022-03,5
842aa4dffffffff-2022-04,26
842aa4dffffffff-2022-05,61
842aa4dffffffff-2022-06,2
842aa4dffffffff-2022-07,58
842aa4dffffffff-2022-08,55
842aa4dffffffff-2022-09,133
842aa4dffffffff-2022-10,126
842aa4dffffffff-2022-11,6
842aa4dffffffff-2023-04,21
842aa4dffffffff-2023-05,45
842aa4dffffffff-2023-06,1
842aa4dffffffff-2023-07,52
842aa4dffffffff-2023-08,105
842aa4dffffffff-2023-09,123
842aa4dffffffff-2023-10,45
842aa4dffffffff-2023-11,1
842aa51ffffffff-2015-07,1
842aa51ffffffff-2016-04,2
842aa51ffffffff-2016-05,2
842aa51ffffffff-2016-08,2
842aa51ffffffff-2016-09,1
842aa51ffffffff-2017-08,3
842aa51ffffffff-2017-09,3
842aa51ffffffff-2017-11,1
842aa51ffffffff-2018-04,1
842aa51ffffffff-2018-05,5
842aa51ffffffff-2019-03,4
842aa51ffffffff-2019-05,3
842aa51ffffffff-2020-04,2
842aa51ffffffff-2020-05,1
842aa51ffffffff-2020-09,17
842aa51ffffffff-2021-05,4
842aa51ffffffff-2021-09,1
842aa51ffffffff-2022-05,4
842aa51ffffffff-2022-08,6
842aa51ffffffff-2023-05,9
842aa51ffffffff-2023-08,1
842aa51ffffffff-2023-10,1
842aa53ffffffff-2013-03,1
842aa53ffffffff-2013-05,2
842aa53ffffffff-2013-08,9
842aa53ffffffff-2013-09,3
842aa53ffffffff-2014-05,2
842aa53ffffffff-2014-07,1
842aa53ffffffff-2014-08,3
842aa53ffffffff-2014-09,5
842aa53ffffffff-2014-10,1
842aa53ffffffff-2015-07,3
842aa53ffffffff-2015-08,12
842aa53ffffffff-2015-09,6
842aa53ffffffff-2016-04,1
842aa53ffffffff-2016-05,6
842aa53ffffffff-2016-08,2
842aa53ffffffff-2016-09,4
842aa53ffffffff-2017-05,2
842aa53ffffffff-2017-08,6
842aa53ffffffff-2017-09,4
842aa53ffffffff-2017-10,1
842aa53ffffffff-2018-03,5
842aa53ffffffff-2018-04,14
842aa53ffffffff-2018-05,10
842aa53ffffffff-2018-08,6
842aa53ffffffff-2018-09,37
842aa53ffffffff-2018-10,9
842aa53ffffffff-2019-04,12
842aa53ffffffff-2019-05,24
842aa53ffffffff-2019-08,10
842aa53ffffffff-2019-09,18
842aa53ffffffff-2019-10,6
842aa53ffffffff-2020-04,31
842aa53ffffffff-2020-05,38
842aa53ffffffff-2020-08,16
842aa53ffffffff-2020-09,5
842aa53ffffffff-2021-04,5
842aa53ffffffff-2021-05,46
842aa53ffffffff-2021-07,11
842aa53ffffffff-2021-08,17
842aa53ffffffff-2021-09,1
842aa53ffffffff-2021-10,6
842aa53ffffffff-2022-04,14
842aa53ffffffff-2022-05,49
842aa53ffffffff-2022-08,21
842aa53ffffffff-2022-09,17
842aa53ffffffff-2023-04,19
842aa53ffffffff-2023-05,32
842aa53ffffffff-2023-07,1
842aa53ffffffff-2023-08,5
842aa53ffffffff-2023-09,7
842aa53ffffffff-2023-10,5
842aa55ffffffff-2014-05,1
842aa55ffffffff-2020-08,3
842aa55ffffffff-2022-08,1
842aa57ffffffff-2015-05,1
842aa57ffffffff-2018-04,2
842aa57ffffffff-2018-08,1
842aa57ffffffff-2019-05,3
842aa57ffffffff-2020-04,3
842aa57ffffffff-2020-05,2
842aa57ffffffff-2020-09,1
842aa57ffffffff-2021-05,1
842aa57ffffffff-2022-04,1
842aa57ffffffff-2023-04,1
842aa59ffffffff-2016-04,1
842aa59ffffffff-2016-05,3
842aa59ffffffff-2017-04,1
842aa59ffffffff-2017-05,6
842aa59ffffffff-2017-07,1
842aa59ffffffff-2017-09,1
842aa59ffffffff-2017-11,1
842aa59ffffffff-2018-04,3
842aa59ffffffff-2018-05,3
842aa59ffffffff-2019-05,2
842aa59ffffffff-2019-09,1
842aa59ffffffff-2020-10,1
842aa59ffffffff-2021-04,1
842aa59ffffffff-2021-05,6
842aa59ffffffff-2022-04,1
842aa59ffffffff-2022-05,2
842aa59ffffffff-2023-05,6
842aa5bffffffff-2012-07,1
842aa5bffffffff-2016-04,1
842aa5bffffffff-2016-05,5
842aa5bffffffff-2016-08,1
842aa5bffffffff-2016-11,2
842aa5bffffffff-2017-04,1
842aa5bffffffff-2018-05,2
842aa5bffffffff-2020-04,1
842aa5bffffffff-2020-05,11
842aa5bffffffff-2020-09,6
842aa5bffffffff-2020-10,7
842aa5bffffffff-2021-05,6
842aa5bffffffff-2021-08,2
842aa5bffffffff-2022-04,4
842aa5bffffffff-2022-05,11
842aa5bffffffff-2022-07,1
842aa5bffffffff-2022-08,7
842aa5bffffffff-2022-09,2
842aa5bffffffff-2023-04,3
842aa5bffffffff-2023-05,15
842aa5bffffffff-2023-08,1
842aa5dffffffff-2012-04,4
842aa5dffffffff-2012-05,5
842aa5dffffffff-2012-07,1
842aa5dffffffff-2012-08,1
842aa5dffffffff-2013-04,2
842aa5dffffffff-2013-05,2
842aa5dffffffff-2013-08,11
842aa5dffffffff-2013-09,5
842aa5dffffffff-2013-10,2
842aa5dffffffff-2014-04,10
842aa5dffffffff-2014-05,19
842aa5dffffffff-2014-07,1
842aa5dffffffff-2015-05,14
842aa5dffffffff-2015-09,4
842aa5dffffffff-2016-03,1
842aa5dffffffff-2016-04,9
842aa5dffffffff-2016-05,9
842aa5dffffffff-2016-07,3
842aa5dffffffff-2016-08,6
842aa5dffffffff-2016-09,5
842aa5dffffffff-2016-10,9
842aa5dffffffff-2017-04,4
842aa5dffffffff-2017-05,11
842aa5dffffffff-2017-08,24
842aa5dffffffff-2017-09,38
842aa5dffffffff-2017-10,6
842aa5dffffffff-2018-04,1
842aa5dffffffff-2018-05,13
842aa5dffffffff-2018-07,4
842aa5dffffffff-2018-08,3
842aa5dffffffff-2018-09,10
842aa5dffffffff-2019-05,5
842aa5dffffffff-2019-07,1
842aa5dffffffff-2019-08,13
842aa5dffffffff-2019-09,8
842aa5dffffffff-2020-04,6
842aa5dffffffff-2020-05,19
842aa5dffffffff-2020-08,2
842aa5dffffffff-2020-09,19
842aa5dffffffff-2020-10,2
842aa5dffffffff-2021-04,13
842aa5dffffffff-2021-05,5
842aa5dffffffff-2021-08,2
842aa5dffffffff-2022-04,2
842aa5dffffffff-2022-05,3
842aa5dffffffff-2022-08,15
842aa5dffffffff-2023-05,2
842aa61ffffffff-2013-05,2
842aa61ffffffff-2014-05,1
842aa61ffffffff-2014-08,1
842aa61ffffffff-2015-09,2
842aa61ffffffff-2017-09,3
842aa61ffffffff-2018-04,6
842aa61ffffffff-2018-05,2
842aa61ffffffff-2019-05,1
842aa61ffffffff-2020-04,1
842aa61ffffffff-2020-05,2
842aa61ffffffff-2020-09,1
842aa61ffffffff-2021-04,2
842aa61ffffffff-2021-05,6
842aa61ffffffff-2022-04,3
842aa61ffffffff-2022-08,2
842aa61ffffffff-2023-04,1
842aa61ffffffff-2023-05,4
842aa61ffffffff-2023-09,4
842aa61ffffffff-2023-10,5
842aa63ffffffff-2012-05,1
842aa63ffffffff-2015-05,1
842aa63ffffffff-2018-05,1
842aa63ffffffff-2018-08,1
842aa63ffffffff-2018-11,1
842aa63ffffffff-2019-08,4
842aa63ffffffff-2020-04,3
842aa63ffffffff-2020-05,3
842aa63ffffffff-2021-05,4
842aa63ffffffff-2022-10,2
842aa65ffffffff-2014-04,5
842aa65ffffffff-2014-10,5
842aa65ffffffff-2015-04,3
842aa65ffffffff-2015-05,2
842aa65ffffffff-2016-04,1
842aa65ffffffff-2016-05,2
842aa65ffffffff-2017-04,1
842aa65ffffffff-2017-05,12
842aa65ffffffff-2018-04,4
842aa65ffffffff-2018-05,4
842aa65ffffffff-2018-10,1
842aa65ffffffff-2019-04,4
842aa65ffffffff-2019-05,8
842aa65ffffffff-2019-08,1
842aa65ffffffff-2020-03,1
842aa65ffffffff-2020-04,3
842aa65ffffffff-2020-05,8
842aa65ffffffff-2020-08,2
842aa65ffffffff-2020-09,3
842aa65ffffffff-2020-10,1
842aa65ffffffff-2021-04,3
842aa65ffffffff-2021-05,8
842aa65ffffffff-2022-04,5
842aa65ffffffff-2022-05,6
842aa65ffffffff-2022-08,3
842aa65ffffffff-2023-04,11
842aa65ffffffff-2023-05,14
842aa67ffffffff-2012-04,1
842aa67ffffffff-2012-08,1
842aa67ffffffff-2013-09,4
842aa67ffffffff-2014-09,1
842aa67ffffffff-2015-07,1
842aa67ffffffff-2016-03,1
842aa67ffffffff-2016-04,1
842aa67ffffffff-2016-05,1
842aa67ffffffff-2016-08,2
842aa67ffffffff-2017-04,3
842aa67ffffffff-2017-05,1
842aa67ffffffff-2017-07,1
842aa67ffffffff-2017-08,3
842aa67ffffffff-2017-09,3
842aa67ffffffff-2018-07,1
842aa67ffffffff-2019-04,3
842aa67ffffffff-2019-05,6
842aa67ffffffff-2019-08,2
842aa67ffffffff-2020-04,7
842aa67ffffffff-2020-05,23
842aa67ffffffff-2020-07,3
842aa67ffffffff-2020-08,6
842aa67ffffffff-2020-09,27
842aa67ffffffff-2020-10,5
842aa67ffffffff-2020-11,1
842aa67ffffffff-2021-03,2
842aa67ffffffff-2021-04,4
842aa67ffffffff-2021-05,21
842aa67ffffffff-2021-08,2
842aa67ffffffff-2022-04,8
842aa67ffffffff-2022-05,13
842aa67ffffffff-2022-08,7
842aa67ffffffff-2022-09,1
842aa67ffffffff-2023-04,3
842aa67ffffffff-2023-05,15
842aa67ffffffff-2023-08,3
842aa67ffffffff-2023-09,1
842aa67ffffffff-2023-10,3
842aa69ffffffff-2012-05,2
842aa69ffffffff-2012-10,2
842aa69ffffffff-2013-08,1
842aa69ffffffff-2013-09,1
842aa69ffffffff-2014-04,1
842aa69ffffffff-2014-05,3
842aa69ffffffff-2014-08,6
842aa69ffffffff-2015-07,2
842aa69ffffffff-2016-04,2
842aa69ffffffff-2016-05,3
842aa69ffffffff-2016-07,3
842aa69ffffffff-2017-05,2
842aa69ffffffff-2017-07,5
842aa69ffffffff-2017-09,2
842aa69ffffffff-2017-10,1
842aa69ffffffff-2018-04,6
842aa69ffffffff-2018-05,10
842aa69ffffffff-2018-07,4
842aa69ffffffff-2018-08,7
842aa69ffffffff-2018-09,2
842aa69ffffffff-2018-10,15
842aa69ffffffff-2019-04,2
842aa69ffffffff-2019-05,18
842aa69ffffffff-2019-07,1
842aa69ffffffff-2019-08,4
842aa69ffffffff-2020-04,17
842aa69ffffffff-2020-05,29
842aa69ffffffff-2020-07,1
842aa69ffffffff-2020-08,3
842aa69ffffffff-2020-09,1
842aa69ffffffff-2020-10,6
842aa69ffffffff-2021-04,2
842aa69ffffffff-2021-05,21
842aa69ffffffff-2021-07,9
842aa69ffffffff-2021-08,5
842aa69ffffffff-2021-09,9
842aa69ffffffff-2021-10,5
842aa69ffffffff-2022-04,20
842aa69ffffffff-2022-05,44
842aa69ffffffff-2023-04,34
842aa69ffffffff-2023-05,24
842aa69ffffffff-2023-07,1
842aa69ffffffff-2023-08,2
842aa69ffffffff-2023-09,3
842aa6bffffffff-2014-09,2
842aa6bffffffff-2015-04,1
842aa6bffffffff-2018-07,3
842aa6bffffffff-2018-10,2
842aa6bffffffff-2020-04,2
842aa6bffffffff-2020-05,1
842aa6bffffffff-2020-09,2
842aa6bffffffff-2021-04,2
842aa6bffffffff-2022-05,1
842aa6bffffffff-2023-07,1
842aa6bffffffff-2023-08,7
842aa6bffffffff-2023-09,21
842aa6bffffffff-2023-10,11
842aa6dffffffff-2012-08,8
842aa6dffffffff-2012-09,18
842aa6dffffffff-2013-08,1
842aa6dffffffff-2013-09,3
842aa6dffffffff-2013-10,1
842aa6dffffffff-2014-04,1
842aa6dffffffff-2014-08,4
842aa6dffffffff-2014-09,7
842aa6dffffffff-2014-10,2
842aa6dffffffff-2015-04,3
842aa6dffffffff-2015-05,5
842aa6dffffffff-2015-07,2
842aa6dffffffff-2015-08,6
842aa6dffffffff-2015-09,12
842aa6dffffffff-2015-10,1
842aa6dffffffff-2016-05,3
842aa6dffffffff-2016-07,1
842aa6dffffffff-2016-08,14
842aa6dffffffff-2016-09,1
842aa6dffffffff-2017-04,1
842aa6dffffffff-2017-05,1
842aa6dffffffff-2017-08,3
842aa6dffffffff-2017-09,5
842aa6dffffffff-2018-04,3
842aa6dffffffff-2018-05,6
842aa6dffffffff-2018-08,9
842aa6dffffffff-2018-09,12
842aa6dffffffff-2018-10,6
842aa6dffffffff-2019-05,7
842aa6dffffffff-2019-07,7
842aa6dffffffff-2019-08,17
842aa6dffffffff-2019-09,5
842aa6dffffffff-2020-04,1
842aa6dffffffff-2020-05,24
842aa6dffffffff-2020-07,12
842aa6dffffffff-2020-08,31
842aa6dffffffff-2020-09,7
842aa6dffffffff-2021-05,67
842aa6dffffffff-2021-07,1
842aa6dffffffff-2021-08,47
842aa6dffffffff-2021-09,22
842aa6dffffffff-2022-04,6
842aa6dffffffff-2022-05,36
842aa6dffffffff-2022-07,42
842aa6dffffffff-2022-08,76
842aa6dffffffff-2022-09,12
842aa6dffffffff-2022-10,7
842aa6dffffffff-2023-04,6
842aa6dffffffff-2023-05,16
842aa6dffffffff-2023-06,1
842aa6dffffffff-2023-08,5
842aa6dffffffff-2023-09,14
842aa6dffffffff-2023-10,19
842aa81ffffffff-2012-04,7
842aa81ffffffff-2012-05,5
842aa81ffffffff-2012-08,2
842aa81ffffffff-2012-09,2
842aa81ffffffff-2012-10,1
842aa81ffffffff-2013-03,1
842aa81ffffffff-2013-04,1
842aa81ffffffff-2013-05,2
842aa81ffffffff-2013-08,1
842aa81ffffffff-2013-09,4
842aa81ffffffff-2013-10,3
842aa81ffffffff-2014-03,3
842aa81ffffffff-2014-04,10
842aa81ffffffff-2014-05,11
842aa81ffffffff-2014-06,2
842aa81ffffffff-2014-07,4
842aa81ffffffff-2014-08,9
842aa81ffffffff-2014-10,3
842aa81ffffffff-2015-04,10
842aa81ffffffff-2015-05,3
842aa81ffffffff-2015-08,1
842aa81ffffffff-2015-09,4
842aa81ffffffff-2015-10,24
842aa81ffffffff-2015-11,5
842aa81ffffffff-2016-04,8
842aa81ffffffff-2016-05,9
842aa81ffffffff-2016-08,1
842aa81ffffffff-2016-09,1
842aa81ffffffff-2017-04,10
842aa81ffffffff-2017-05,6
842aa81ffffffff-2017-07,1
842aa81ffffffff-2017-08,4
842aa81ffffffff-2017-09,1
842aa81ffffffff-2017-10,2
842aa81ffffffff-2018-04,15
842aa81ffffffff-2018-05,13
842aa81ffffffff-2018-07,3
842aa81ffffffff-2018-08,6
842aa81ffffffff-2018-09,9
842aa81ffffffff-2018-10,2
842aa81ffffffff-2019-04,7
842aa81ffffffff-2019-05,5
842aa81ffffffff-2019-07,2
842aa81ffffffff-2019-08,6
842aa81ffffffff-2019-10,6
842aa81ffffffff-2020-04,32
842aa81ffffffff-2020-05,35
842aa81ffffffff-2020-07,4
842aa81ffffffff-2020-08,5
842aa81ffffffff-2020-09,26
842aa81ffffffff-2020-10,3
842aa81ffffffff-2021-04,8
842aa81ffffffff-2021-05,23
842aa81ffffffff-2021-07,7
842aa81ffffffff-2021-08,21
842aa81ffffffff-2021-09,2
842aa81ffffffff-2021-10,2
842aa81ffffffff-2022-04,3
842aa81ffffffff-2022-05,13
842aa81ffffffff-2022-08,1
842aa81ffffffff-2022-09,11
842aa81ffffffff-2022-10,22
842aa81ffffffff-2023-03,31
842aa81ffffffff-2023-04,12
842aa81ffffffff-2023-05,21
842aa81ffffffff-2023-08,5
842aa81ffffffff-2023-09,6
842aa81ffffffff-2023-10,14
842aa81ffffffff-2023-11,4
842aa83ffffffff-2012-03,14
842aa83ffffffff-2012-04,29
842aa83ffffffff-2012-05,5
842aa83ffffffff-2012-06,2
842aa83ffffffff-2012-07,23
842aa83ffffffff-2012-08,51
842aa83ffffffff-2012-09,20
842aa83ffffffff-2012-10,15
842aa83ffffffff-2013-04,15
842aa83ffffffff-2013-05,6
842aa83ffffffff-2013-07,11
842aa83ffffffff-2013-08,40
842aa83ffffffff-2013-09,4
842aa83ffffffff-2013-10,2
842aa83ffffffff-2013-11,6
842aa83ffffffff-2014-03,1
842aa83ffffffff-2014-04,14
842aa83ffffffff-2014-05,10
842aa83ffffffff-2014-07,20
842aa83ffffffff-2014-08,31
842aa83ffffffff-2014-09,24
842aa83ffffffff-2014-10,12
842aa83ffffffff-2015-03,8
842aa83ffffffff-2015-04,36
842aa83ffffffff-2015-05,17
842aa83ffffffff-2015-06,5
842aa83ffffffff-2015-07,20
842aa83ffffffff-2015-08,25
842aa83ffffffff-2015-09,24
842aa83ffffffff-2015-10,10
842aa83ffffffff-2016-03,3
842aa83ffffffff-2016-04,3
842aa83ffffffff-2016-05,8
842aa83ffffffff-2016-07,14
842aa83ffffffff-2016-08,28
842aa83ffffffff-2016-09,26
842aa83ffffffff-2016-10,3
842aa83ffffffff-2017-03,2
842aa83ffffffff-2017-04,9
842aa83ffffffff-2017-05,4
842aa83ffffffff-2017-07,16
842aa83ffffffff-2017-08,24
842aa83ffffffff-2017-09,30
842aa83ffffffff-2017-10,11
842aa83ffffffff-2018-04,16
842aa83ffffffff-2018-05,28
842aa83ffffffff-2018-07,23
842aa83ffffffff-2018-08,29
842aa83ffffffff-2018-09,35
842aa83ffffffff-2018-10,22
842aa83ffffffff-2018-11,3
842aa83ffffffff-2019-03,4
842aa83ffffffff-2019-04,23
842aa83ffffffff-2019-05,7
842aa83ffffffff-2019-06,14
842aa83ffffffff-2019-07,51
842aa83ffffffff-2019-08,45
842aa83ffffffff-2019-09,16
842aa83ffffffff-2019-10,20
842aa83ffffffff-2019-11,2
842aa83ffffffff-2020-04,7
842aa83ffffffff-2020-05,34
842aa83ffffffff-2020-06,1
842aa83ffffffff-2020-07,13
842aa83ffffffff-2020-08,14
842aa83ffffffff-2020-09,7
842aa83ffffffff-2020-10,15
842aa83ffffffff-2021-03,1
842aa83ffffffff-2021-04,11
842aa83ffffffff-2021-05,26
842aa83ffffffff-2021-07,46
842aa83ffffffff-2021-08,51
842aa83ffffffff-2021-09,68
842aa83ffffffff-2021-10,14
842aa83ffffffff-2021-11,9
842aa83ffffffff-2021-12,20
842aa83ffffffff-2022-01,9
842aa83ffffffff-2022-03,1
842aa83ffffffff-2022-04,28
842aa83ffffffff-2022-05,10
842aa83ffffffff-2022-07,28
842aa83ffffffff-2022-08,41
842aa83ffffffff-2022-09,42
842aa83ffffffff-2022-10,35
842aa83ffffffff-2022-11,2
842aa83ffffffff-2022-12,7
842aa83ffffffff-2023-01,8
842aa83ffffffff-2023-02,13
842aa83ffffffff-2023-03,3
842aa83ffffffff-2023-04,19
842aa83ffffffff-2023-05,13
842aa83ffffffff-2023-06,2
842aa83ffffffff-2023-07,63
842aa83ffffffff-2023-08,29
842aa83ffffffff-2023-09,27
842aa83ffffffff-2023-10,11
842aa83ffffffff-2023-11,5
842aa85ffffffff-2012-03,3
842aa85ffffffff-2012-04,25
842aa85ffffffff-2012-05,50
842aa85ffffffff-2012-07,7
842aa85ffffffff-2012-08,34
842aa85ffffffff-2012-09,86
842aa85ffffffff-2012-10,4
842aa85ffffffff-2012-11,1
842aa85ffffffff-2013-03,1
842aa85ffffffff-2013-04,29
842aa85ffffffff-2013-05,22
842aa85ffffffff-2013-07,2
842aa85ffffffff-2013-08,66
842aa85ffffffff-2013-09,79
842aa85ffffffff-2013-10,2
842aa85ffffffff-2013-11,1
842aa85ffffffff-2014-03,1
842aa85ffffffff-2014-04,33
842aa85ffffffff-2014-05,41
842aa85ffffffff-2014-07,10
842aa85ffffffff-2014-08,38
842aa85ffffffff-2014-09,28
842aa85ffffffff-2014-10,11
842aa85ffffffff-2015-03,1
842aa85ffffffff-2015-04,9
842aa85ffffffff-2015-05,14
842aa85ffffffff-2015-07,11
842aa85ffffffff-2015-08,69
842aa85ffffffff-2015-09,110
842aa85ffffffff-2015-10,11
842aa85ffffffff-2016-03,2
842aa85ffffffff-2016-04,34
842aa85ffffffff-2016-05,23
842aa85ffffffff-2016-07,49
842aa85ffffffff-2016-08,13
842aa85ffffffff-2016-09,47
842aa85ffffffff-2016-10,8
842aa85ffffffff-2017-04,28
842aa85ffffffff-2017-05,34
842aa85ffffffff-2017-07,5
842aa85ffffffff-2017-08,29
842aa85ffffffff-2017-09,56
842aa85ffffffff-2017-10,26
842aa85ffffffff-2018-03,2
842aa85ffffffff-2018-04,39
842aa85ffffffff-2018-05,27
842aa85ffffffff-2018-07,16
842aa85ffffffff-2018-08,7
842aa85ffffffff-2018-09,23
842aa85ffffffff-2019-04,7
842aa85ffffffff-2019-05,26
842aa85ffffffff-2019-07,19
842aa85ffffffff-2019-08,2
842aa85ffffffff-2019-09,57
842aa85ffffffff-2019-10,54
842aa85ffffffff-2020-03,1
842aa85ffffffff-2020-04,48
842aa85ffffffff-2020-05,77
842aa85ffffffff-2020-08,22
842aa85ffffffff-2020-09,19
842aa85ffffffff-2020-10,13
842aa85ffffffff-2020-11,7
842aa85ffffffff-2021-03,4
842aa85ffffffff-2021-04,40
842aa85ffffffff-2021-05,121
842aa85ffffffff-2021-07,1
842aa85ffffffff-2021-08,66
842aa85ffffffff-2021-09,102
842aa85ffffffff-2021-10,18
842aa85ffffffff-2022-04,46
842aa85ffffffff-2022-05,63
842aa85ffffffff-2022-07,3
842aa85ffffffff-2022-08,15
842aa85ffffffff-2022-09,36
842aa85ffffffff-2022-10,5
842aa85ffffffff-2023-03,1
842aa85ffffffff-2023-04,62
842aa85ffffffff-2023-05,198
842aa85ffffffff-2023-07,4
842aa85ffffffff-2023-08,96
842aa85ffffffff-2023-09,124
842aa85ffffffff-2023-10,62
842aa85ffffffff-2023-11,5
842aa87ffffffff-2012-01,2
842aa87ffffffff-2012-03,2
842aa87ffffffff-2012-04,95
842aa87ffffffff-2012-05,22
842aa87ffffffff-2012-07,26
842aa87ffffffff-2012-08,43
842aa87ffffffff-2012-09,13
842aa87ffffffff-2012-10,1
842aa87ffffffff-2012-11,4
842aa87ffffffff-2013-03,15
842aa87ffffffff-2013-04,58
842aa87ffffffff-2013-05,33
842aa87ffffffff-2013-07,6
842aa87ffffffff-2013-08,32
842aa87ffffffff-2013-09,11
842aa87ffffffff-2013-10,9
842aa87ffffffff-2013-11,1
842aa87ffffffff-2014-02,2
842aa87ffffffff-2014-03,9
842aa87ffffffff-2014-04,43
842aa87ffffffff-2014-05,28
842aa87ffffffff-2014-07,15
842aa87ffffffff-2014-08,55
842aa87ffffffff-2014-09,125
842aa87ffffffff-2014-10,23
842aa87ffffffff-2014-11,4
842aa87ffffffff-2015-03,13
842aa87ffffffff-2015-04,55
842aa87ffffffff-2015-05,60
842aa87ffffffff-2015-07,17
842aa87ffffffff-2015-08,120
842aa87ffffffff-2015-09,158
842aa87ffffffff-2015-10,43
842aa87ffffffff-2015-11,2
842aa87ffffffff-2016-03,15
842aa87ffffffff-2016-04,76
842aa87ffffffff-2016-05,26
842aa87ffffffff-2016-07,12
842aa87ffffffff-2016-08,112
842aa87ffffffff-2016-09,284
842aa87ffffffff-2016-10,94
842aa87ffffffff-2016-11,6
842aa87ffffffff-2017-03,16
842aa87ffffffff-2017-04,50
842aa87ffffffff-2017-05,25
842aa87ffffffff-2017-07,22
842aa87ffffffff-2017-08,60
842aa87ffffffff-2017-09,166
842aa87ffffffff-2017-10,48
842aa87ffffffff-2017-11,2
842aa87ffffffff-2018-03,7
842aa87ffffffff-2018-04,87
842aa87ffffffff-2018-05,80
842aa87ffffffff-2018-07,4
842aa87ffffffff-2018-08,32
842aa87ffffffff-2018-09,25
842aa87ffffffff-2018-10,27
842aa87ffffffff-2018-11,3
842aa87ffffffff-2018-12,1
842aa87ffffffff-2019-03,2
842aa87ffffffff-2019-04,39
842aa87ffffffff-2019-05,10
842aa87ffffffff-2019-07,5
842aa87ffffffff-2019-08,96
842aa87ffffffff-2019-09,174
842aa87ffffffff-2019-10,63
842aa87ffffffff-2020-04,39
842aa87ffffffff-2020-05,32
842aa87ffffffff-2020-07,4
842aa87ffffffff-2020-08,69
842aa87ffffffff-2020-09,100
842aa87ffffffff-2020-10,49
842aa87ffffffff-2020-11,1
842aa87ffffffff-2021-03,2
842aa87ffffffff-2021-04,31
842aa87ffffffff-2021-05,56
842aa87ffffffff-2021-06,1
842aa87ffffffff-2021-07,38
842aa87ffffffff-2021-08,74
842aa87ffffffff-2021-09,47
842aa87ffffffff-2021-10,31
842aa87ffffffff-2021-11,2
842aa87ffffffff-2022-02,2
842aa87ffffffff-2022-03,13
842aa87ffffffff-2022-04,35
842aa87ffffffff-2022-05,65
842aa87ffffffff-2022-07,68
842aa87ffffffff-2022-08,323
842aa87ffffffff-2022-09,239
842aa87ffffffff-2022-10,33
842aa87ffffffff-2023-03,8
842aa87ffffffff-2023-04,69
842aa87ffffffff-2023-05,66
842aa87ffffffff-2023-07,11
842aa87ffffffff-2023-08,42
842aa87ffffffff-2023-09,179
842aa87ffffffff-2023-10,10
842aa87ffffffff-2023-11,10
842aa89ffffffff-2012-03,1
842aa89ffffffff-2012-04,9
842aa89ffffffff-2012-05,6
842aa89ffffffff-2012-07,3
842aa89ffffffff-2012-08,19
842aa89ffffffff-2012-09,13
842aa89ffffffff-2012-10,15
842aa89ffffffff-2012-11,1
842aa89ffffffff-2013-03,1
842aa89ffffffff-2013-04,16
842aa89ffffffff-2013-05,30
842aa89ffffffff-2013-07,4
842aa89ffffffff-2013-08,8
842aa89ffffffff-2013-09,28
842aa89ffffffff-2013-10,5
842aa89ffffffff-2013-11,5
842aa89ffffffff-2014-03,1
842aa89ffffffff-2014-04,15
842aa89ffffffff-2014-05,7
842aa89ffffffff-2014-06,2
842aa89ffffffff-2014-07,16
842aa89ffffffff-2014-08,15
842aa89ffffffff-2014-09,15
842aa89ffffffff-2014-10,8
842aa89ffffffff-2014-11,2
842aa89ffffffff-2015-04,10
842aa89ffffffff-2015-05,56
842aa89ffffffff-2015-07,7
842aa89ffffffff-2015-08,25
842aa89ffffffff-2015-09,24
842aa89ffffffff-2015-10,12
842aa89ffffffff-2015-11,7
842aa89ffffffff-2016-03,1
842aa89ffffffff-2016-04,17
842aa89ffffffff-2016-05,27
842aa89ffffffff-2016-07,6
842aa89ffffffff-2016-08,5
842aa89ffffffff-2016-09,11
842aa89ffffffff-2016-10,14
842aa89ffffffff-2017-03,2
842aa89ffffffff-2017-04,11
842aa89ffffffff-2017-05,40
842aa89ffffffff-2017-07,9
842aa89ffffffff-2017-08,8
842aa89ffffffff-2017-09,7
842aa89ffffffff-2017-10,13
842aa89ffffffff-2018-03,1
842aa89ffffffff-2018-04,18
842aa89ffffffff-2018-05,16
842aa89ffffffff-2018-07,5
842aa89ffffffff-2018-08,10
842aa89ffffffff-2018-09,12
842aa89ffffffff-2018-10,9
842aa89ffffffff-2019-04,2
842aa89ffffffff-2019-05,20
842aa89ffffffff-2019-07,2
842aa89ffffffff-2019-08,19
842aa89ffffffff-2019-09,15
842aa89ffffffff-2019-11,3
842aa89ffffffff-2020-04,3
842aa89ffffffff-2020-05,13
842aa89ffffffff-2020-07,9
842aa89ffffffff-2020-08,13
842aa89ffffffff-2020-09,12
842aa89ffffffff-2020-10,26
842aa89ffffffff-2020-11,12
842aa89ffffffff-2021-03,1
842aa89ffffffff-2021-04,11
842aa89ffffffff-2021-05,42
842aa89ffffffff-2021-07,28
842aa89ffffffff-2021-08,6
842aa89ffffffff-2021-09,54
842aa89ffffffff-2021-10,28
842aa89ffffffff-2021-11,5
842aa89ffffffff-2022-03,6
842aa89ffffffff-2022-04,22
842aa89ffffffff-2022-05,34
842aa89ffffffff-2022-06,2
842aa89ffffffff-2022-07,21
842aa89ffffffff-2022-08,26
842aa89ffffffff-2022-09,31
842aa89ffffffff-2022-10,7
842aa89ffffffff-2023-03,7
842aa89ffffffff-2023-04,59
842aa89ffffffff-2023-05,114
842aa89ffffffff-2023-07,16
842aa89ffffffff-2023-08,29
842aa89ffffffff-2023-09,55
842aa89ffffffff-2023-10,34
842aa8bffffffff-2012-02,1
842aa8bffffffff-2012-03,10
842aa8bffffffff-2012-04,79
842aa8bffffffff-2012-05,16
842aa8bffffffff-2012-07,67
842aa8bffffffff-2012-08,61
842aa8bffffffff-2012-09,3
842aa8bffffffff-2012-10,16
842aa8bffffffff-2012-11,10
842aa8bffffffff-2013-03,9
842aa8bffffffff-2013-04,47
842aa8bffffffff-2013-05,14
842aa8bffffffff-2013-08,1
842aa8bffffffff-2013-09,15
842aa8bffffffff-2013-10,12
842aa8bffffffff-2013-11,1
842aa8bffffffff-2014-03,14
842aa8bffffffff-2014-04,62
842aa8bffffffff-2014-05,46
842aa8bffffffff-2014-07,22
842aa8bffffffff-2014-08,43
842aa8bffffffff-2014-09,67
842aa8bffffffff-2014-10,31
842aa8bffffffff-2014-11,20
842aa8bffffffff-2015-03,4
842aa8bffffffff-2015-04,50
842aa8bffffffff-2015-05,49
842aa8bffffffff-2015-07,5
842aa8bffffffff-2015-08,26
842aa8bffffffff-2015-09,39
842aa8bffffffff-2015-10,10
842aa8bffffffff-2015-11,4
842aa8bffffffff-2016-03,13
842aa8bffffffff-2016-04,42
842aa8bffffffff-2016-05,22
842aa8bffffffff-2016-06,3
842aa8bffffffff-2016-07,4
842aa8bffffffff-2016-08,43
842aa8bffffffff-2016-09,23
842aa8bffffffff-2016-10,3
842aa8bffffffff-2016-11,1
842aa8bffffffff-2017-03,15
842aa8bffffffff-2017-04,37
842aa8bffffffff-2017-05,10
842aa8bffffffff-2017-07,35
842aa8bffffffff-2017-08,59
842aa8bffffffff-2017-09,20
842aa8bffffffff-2017-10,1
842aa8bffffffff-2017-11,1
842aa8bffffffff-2018-03,10
842aa8bffffffff-2018-04,45
842aa8bffffffff-2018-05,23
842aa8bffffffff-2018-06,1
842aa8bffffffff-2018-07,20
842aa8bffffffff-2018-08,16
842aa8bffffffff-2018-09,33
842aa8bffffffff-2018-10,6
842aa8bffffffff-2018-11,2
842aa8bffffffff-2019-03,10
842aa8bffffffff-2019-04,19
842aa8bffffffff-2019-05,11
842aa8bffffffff-2019-07,27
842aa8bffffffff-2019-08,82
842aa8bffffffff-2019-09,40
842aa8bffffffff-2019-10,50
842aa8bffffffff-2019-11,16
842aa8bffffffff-2020-03,6
842aa8bffffffff-2020-04,56
842aa8bffffffff-2020-05,82
842aa8bffffffff-2020-07,22
842aa8bffffffff-2020-08,61
842aa8bffffffff-2020-09,23
842aa8bffffffff-2020-10,9
842aa8bffffffff-2020-11,1
842aa8bffffffff-2021-03,2
842aa8bffffffff-2021-04,47
842aa8bffffffff-2021-05,35
842aa8bffffffff-2021-06,2
842aa8bffffffff-2021-07,21
842aa8bffffffff-2021-08,156
842aa8bffffffff-2021-09,31
842aa8bffffffff-2021-10,8
842aa8bffffffff-2022-03,5
842aa8bffffffff-2022-04,30
842aa8bffffffff-2022-05,40
842aa8bffffffff-2022-07,5
842aa8bffffffff-2022-08,23
842aa8bffffffff-2022-09,92
842aa8bffffffff-2022-10,32
842aa8bffffffff-2022-11,6
842aa8bffffffff-2023-03,7
842aa8bffffffff-2023-04,30
842aa8bffffffff-2023-05,59
842aa8bffffffff-2023-07,15
842aa8bffffffff-2023-08,44
842aa8bffffffff-2023-09,63
842aa8bffffffff-2023-10,4
842aa8dffffffff-2012-04,46
842aa8dffffffff-2012-05,47
842aa8dffffffff-2012-07,22
842aa8dffffffff-2012-08,83
842aa8dffffffff-2012-09,16
842aa8dffffffff-2012-10,21
842aa8dffffffff-2013-04,11
842aa8dffffffff-2013-05,25
842aa8dffffffff-2013-07,22
842aa8dffffffff-2013-08,70
842aa8dffffffff-2013-09,43
842aa8dffffffff-2013-10,14
842aa8dffffffff-2013-11,1
842aa8dffffffff-2014-04,31
842aa8dffffffff-2014-05,15
842aa8dffffffff-2014-07,26
842aa8dffffffff-2014-08,58
842aa8dffffffff-2014-09,39
842aa8dffffffff-2014-10,30
842aa8dffffffff-2014-11,17
842aa8dffffffff-2015-03,1
842aa8dffffffff-2015-04,14
842aa8dffffffff-2015-05,39
842aa8dffffffff-2015-07,41
842aa8dffffffff-2015-08,127
842aa8dffffffff-2015-09,70
842aa8dffffffff-2015-10,43
842aa8dffffffff-2015-11,2
842aa8dffffffff-2016-03,1
842aa8dffffffff-2016-04,12
842aa8dffffffff-2016-05,20
842aa8dffffffff-2016-07,60
842aa8dffffffff-2016-08,152
842aa8dffffffff-2016-09,118
842aa8dffffffff-2016-10,18
842aa8dffffffff-2016-11,12
842aa8dffffffff-2017-03,3
842aa8dffffffff-2017-04,20
842aa8dffffffff-2017-05,9
842aa8dffffffff-2017-07,43
842aa8dffffffff-2017-08,175
842aa8dffffffff-2017-09,170
842aa8dffffffff-2017-10,37
842aa8dffffffff-2017-11,13
842aa8dffffffff-2017-12,1
842aa8dffffffff-2018-04,20
842aa8dffffffff-2018-05,65
842aa8dffffffff-2018-07,20
842aa8dffffffff-2018-08,50
842aa8dffffffff-2018-09,58
842aa8dffffffff-2018-10,12
842aa8dffffffff-2019-04,7
842aa8dffffffff-2019-05,17
842aa8dffffffff-2019-07,13
842aa8dffffffff-2019-08,102
842aa8dffffffff-2019-09,56
842aa8dffffffff-2019-10,51
842aa8dffffffff-2019-11,1
842aa8dffffffff-2020-04,4
842aa8dffffffff-2020-05,62
842aa8dffffffff-2020-07,15
842aa8dffffffff-2020-08,111
842aa8dffffffff-2020-09,122
842aa8dffffffff-2020-10,62
842aa8dffffffff-2020-11,8
842aa8dffffffff-2021-03,2
842aa8dffffffff-2021-04,11
842aa8dffffffff-2021-05,98
842aa8dffffffff-2021-07,51
842aa8dffffffff-2021-08,134
842aa8dffffffff-2021-09,71
842aa8dffffffff-2021-10,88
842aa8dffffffff-2021-11,8
842aa8dffffffff-2022-03,1
842aa8dffffffff-2022-04,6
842aa8dffffffff-2022-05,64
842aa8dffffffff-2022-07,7
842aa8dffffffff-2022-08,71
842aa8dffffffff-2022-09,99
842aa8dffffffff-2022-10,47
842aa8dffffffff-2022-11,1
842aa8dffffffff-2023-04,32
842aa8dffffffff-2023-05,123
842aa8dffffffff-2023-07,15
842aa8dffffffff-2023-08,109
842aa8dffffffff-2023-09,101
842aa8dffffffff-2023-10,56
842aa8dffffffff-2023-11,8
842aa91ffffffff-2012-01,2
842aa91ffffffff-2012-02,24
842aa91ffffffff-2012-03,16
842aa91ffffffff-2012-04,23
842aa91ffffffff-2012-05,8
842aa91ffffffff-2012-07,5
842aa91ffffffff-2012-09,2
842aa91ffffffff-2012-10,3
842aa91ffffffff-2012-11,2
842aa91ffffffff-2012-12,1
842aa91ffffffff-2013-01,6
842aa91ffffffff-2013-02,2
842aa91ffffffff-2013-03,4
842aa91ffffffff-2013-04,19
842aa91ffffffff-2013-05,15
842aa91ffffffff-2013-08,10
842aa91ffffffff-2013-09,4
842aa91ffffffff-2013-11,2
842aa91ffffffff-2013-12,4
842aa91ffffffff-2014-01,13
842aa91ffffffff-2014-04,34
842aa91ffffffff-2014-05,17
842aa91ffffffff-2014-06,1
842aa91ffffffff-2014-08,8
842aa91ffffffff-2014-09,1
842aa91ffffffff-2014-10,1
842aa91ffffffff-2015-02,1
842aa91ffffffff-2015-03,15
842aa91ffffffff-2015-04,21
842aa91ffffffff-2015-05,4
842aa91ffffffff-2015-07,14
842aa91ffffffff-2015-08,12
842aa91ffffffff-2015-09,2
842aa91ffffffff-2015-10,1
842aa91ffffffff-2015-11,7
842aa91ffffffff-2015-12,3
842aa91ffffffff-2016-01,1
842aa91ffffffff-2016-02,1
842aa91ffffffff-2016-03,4
842aa91ffffffff-2016-04,21
842aa91ffffffff-2016-05,3
842aa91ffffffff-2016-07,6
842aa91ffffffff-2016-08,13
842aa91ffffffff-2016-09,4
842aa91ffffffff-2016-11,1
842aa91ffffffff-2017-01,1
842aa91ffffffff-2017-02,3
842aa91ffffffff-2017-03,6
842aa91ffffffff-2017-04,15
842aa91ffffffff-2017-05,1
842aa91ffffffff-2017-07,8
842aa91ffffffff-2017-08,5
842aa91ffffffff-2017-09,7
842aa91ffffffff-2017-10,3
842aa91ffffffff-2017-11,1
842aa91ffffffff-2018-01,4
842aa91ffffffff-2018-02,2
842aa91ffffffff-2018-03,11
842aa91ffffffff-2018-04,22
842aa91ffffffff-2018-05,21
842aa91ffffffff-2018-07,5
842aa91ffffffff-2018-08,7
842aa91ffffffff-2018-09,5
842aa91ffffffff-2018-11,7
842aa91ffffffff-2018-12,7
842aa91ffffffff-2019-01,1
842aa91ffffffff-2019-02,2
842aa91ffffffff-2019-03,22
842aa91ffffffff-2019-04,13
842aa91ffffffff-2019-05,8
842aa91ffffffff-2019-07,3
842aa91ffffffff-2019-08,5
842aa91ffffffff-2019-09,3
842aa91ffffffff-2019-10,3
842aa91ffffffff-2019-11,6
842aa91ffffffff-2020-01,1
842aa91ffffffff-2020-02,4
842aa91ffffffff-2020-03,24
842aa91ffffffff-2020-04,56
842aa91ffffffff-2020-05,15
842aa91ffffffff-2020-07,26
842aa91ffffffff-2020-08,28
842aa91ffffffff-2020-09,34
842aa91ffffffff-2020-10,14
842aa91ffffffff-2020-11,11
842aa91ffffffff-2020-12,1
842aa91ffffffff-2021-01,3
842aa91ffffffff-2021-02,3
842aa91ffffffff-2021-03,13
842aa91ffffffff-2021-04,44
842aa91ffffffff-2021-05,55
842aa91ffffffff-2021-07,24
842aa91ffffffff-2021-08,22
842aa91ffffffff-2021-09,10
842aa91ffffffff-2021-10,1
842aa91ffffffff-2021-11,8
842aa91ffffffff-2021-12,6
842aa91ffffffff-2022-02,8
842aa91ffffffff-2022-03,12
842aa91ffffffff-2022-04,43
842aa91ffffffff-2022-05,9
842aa91ffffffff-2022-06,1
842aa91ffffffff-2022-07,2
842aa91ffffffff-2022-08,21
842aa91ffffffff-2022-09,13
842aa91ffffffff-2022-11,2
842aa91ffffffff-2022-12,3
842aa91ffffffff-2023-01,2
842aa91ffffffff-2023-02,1
842aa91ffffffff-2023-03,11
842aa91ffffffff-2023-04,18
842aa91ffffffff-2023-05,10
842aa91ffffffff-2023-06,1
842aa91ffffffff-2023-07,5
842aa91ffffffff-2023-08,4
842aa91ffffffff-2023-09,8
842aa91ffffffff-2023-10,3
842aa91ffffffff-2023-11,7
842aa93ffffffff-2012-07,1
842aa93ffffffff-2012-08,2
842aa93ffffffff-2012-09,1
842aa93ffffffff-2012-10,3
842aa93ffffffff-2013-03,4
842aa93ffffffff-2013-05,1
842aa93ffffffff-2013-06,1
842aa93ffffffff-2013-07,1
842aa93ffffffff-2013-09,2
842aa93ffffffff-2013-10,2
842aa93ffffffff-2014-02,1
842aa93ffffffff-2014-04,2
842aa93ffffffff-2014-05,2
842aa93ffffffff-2014-09,3
842aa93ffffffff-2015-03,1
842aa93ffffffff-2015-04,2
842aa93ffffffff-2015-05,2
842aa93ffffffff-2015-07,1
842aa93ffffffff-2015-09,3
842aa93ffffffff-2015-11,1
842aa93ffffffff-2016-03,1
842aa93ffffffff-2016-05,2
842aa93ffffffff-2016-08,3
842aa93ffffffff-2016-09,1
842aa93ffffffff-2017-02,1
842aa93ffffffff-2017-04,1
842aa93ffffffff-2017-05,2
842aa93ffffffff-2017-09,2
842aa93ffffffff-2017-10,1
842aa93ffffffff-2017-11,1
842aa93ffffffff-2018-02,1
842aa93ffffffff-2018-04,5
842aa93ffffffff-2018-05,2
842aa93ffffffff-2018-08,3
842aa93ffffffff-2018-09,6
842aa93ffffffff-2018-11,1
842aa93ffffffff-2019-04,3
842aa93ffffffff-2019-05,2
842aa93ffffffff-2019-07,1
842aa93ffffffff-2019-08,2
842aa93ffffffff-2020-02,1
842aa93ffffffff-2020-03,1
842aa93ffffffff-2020-05,4
842aa93ffffffff-2020-07,1
842aa93ffffffff-2020-09,1
842aa93ffffffff-2020-10,3
842aa93ffffffff-2020-11,4
842aa93ffffffff-2020-12,2
842aa93ffffffff-2021-01,2
842aa93ffffffff-2021-03,1
842aa93ffffffff-2021-04,2
842aa93ffffffff-2021-05,7
842aa93ffffffff-2021-07,3
842aa93ffffffff-2021-08,6
842aa93ffffffff-2021-09,11
842aa93ffffffff-2021-12,3
842aa93ffffffff-2022-02,6
842aa93ffffffff-2022-03,2
842aa93ffffffff-2022-04,3
842aa93ffffffff-2022-05,17
842aa93ffffffff-2022-07,3
842aa93ffffffff-2022-08,9
842aa93ffffffff-2022-09,4
842aa93ffffffff-2022-10,19
842aa93ffffffff-2022-12,2
842aa93ffffffff-2023-03,1
842aa93ffffffff-2023-04,6
842aa93ffffffff-2023-05,3
842aa93ffffffff-2023-07,1
842aa93ffffffff-2023-09,1
842aa93ffffffff-2023-10,7
842aa95ffffffff-2012-04,3
842aa95ffffffff-2012-05,1
842aa95ffffffff-2012-07,6
842aa95ffffffff-2012-08,4
842aa95ffffffff-2012-09,1
842aa95ffffffff-2013-03,4
842aa95ffffffff-2013-04,4
842aa95ffffffff-2013-08,2
842aa95ffffffff-2013-10,1
842aa95ffffffff-2014-04,4
842aa95ffffffff-2014-05,4
842aa95ffffffff-2014-07,1
842aa95ffffffff-2014-09,1
842aa95ffffffff-2014-10,2
842aa95ffffffff-2015-04,1
842aa95ffffffff-2015-05,1
842aa95ffffffff-2015-09,2
842aa95ffffffff-2016-04,6
842aa95ffffffff-2016-05,7
842aa95ffffffff-2017-04,1
842aa95ffffffff-2017-05,4
842aa95ffffffff-2017-08,3
842aa95ffffffff-2017-09,1
842aa95ffffffff-2017-12,1
842aa95ffffffff-2018-03,1
842aa95ffffffff-2018-04,1
842aa95ffffffff-2018-05,5
842aa95ffffffff-2018-09,3
842aa95ffffffff-2018-10,2
842aa95ffffffff-2019-05,3
842aa95ffffffff-2019-09,6
842aa95ffffffff-2020-04,1
842aa95ffffffff-2020-05,2
842aa95ffffffff-2020-07,1
842aa95ffffffff-2020-08,1
842aa95ffffffff-2020-09,1
842aa95ffffffff-2020-10,2
842aa95ffffffff-2021-05,7
842aa95ffffffff-2021-07,5
842aa95ffffffff-2021-08,3
842aa95ffffffff-2021-10,1
842aa95ffffffff-2022-03,1
842aa95ffffffff-2022-04,7
842aa95ffffffff-2022-05,8
842aa95ffffffff-2022-08,1
842aa95ffffffff-2022-09,1
842aa95ffffffff-2022-12,3
842aa95ffffffff-2023-01,5
842aa95ffffffff-2023-03,4
842aa95ffffffff-2023-04,4
842aa95ffffffff-2023-05,15
842aa95ffffffff-2023-06,1
842aa95ffffffff-2023-08,3
842aa95ffffffff-2023-09,4
842aa95ffffffff-2023-10,1
842aa97ffffffff-2012-04,2
842aa97ffffffff-2012-08,1
842aa97ffffffff-2013-04,3
842aa97ffffffff-2014-12,1
842aa97ffffffff-2015-04,2
842aa97ffffffff-2015-08,3
842aa97ffffffff-2016-04,2
842aa97ffffffff-2016-07,2
842aa97ffffffff-2017-04,3
842aa97ffffffff-2018-04,4
842aa97ffffffff-2018-08,1
842aa97ffffffff-2019-09,1
842aa97ffffffff-2020-04,4
842aa97ffffffff-2020-08,3
842aa97ffffffff-2021-09,1
842aa97ffffffff-2022-03,1
842aa97ffffffff-2022-04,22
842aa97ffffffff-2022-10,1
842aa97ffffffff-2023-04,1
842aa97ffffffff-2023-06,1
842aa97ffffffff-2023-08,2
842aa99ffffffff-2012-04,4
842aa99ffffffff-2012-05,1
842aa99ffffffff-2012-08,29
842aa99ffffffff-2012-09,6
842aa99ffffffff-2013-03,4
842aa99ffffffff-2013-04,15
842aa99ffffffff-2013-05,3
842aa99ffffffff-2013-08,3
842aa99ffffffff-2013-09,2
842aa99ffffffff-2013-12,3
842aa99ffffffff-2014-03,9
842aa99ffffffff-2014-04,16
842aa99ffffffff-2014-05,17
842aa99ffffffff-2014-08,7
842aa99ffffffff-2014-09,4
842aa99ffffffff-2014-12,1
842aa99ffffffff-2015-04,5
842aa99ffffffff-2015-05,1
842aa99ffffffff-2015-07,1
842aa99ffffffff-2016-04,1
842aa99ffffffff-2016-05,5
842aa99ffffffff-2016-08,5
842aa99ffffffff-2016-09,1
842aa99ffffffff-2017-04,1
842aa99ffffffff-2017-05,5
842aa99ffffffff-2017-08,39
842aa99ffffffff-2017-09,14
842aa99ffffffff-2017-10,1
842aa99ffffffff-2017-11,1
842aa99ffffffff-2018-05,2
842aa99ffffffff-2018-07,1
842aa99ffffffff-2018-08,6
842aa99ffffffff-2018-09,5
842aa99ffffffff-2018-10,1
842aa99ffffffff-2018-11,3
842aa99ffffffff-2018-12,2
842aa99ffffffff-2019-04,3
842aa99ffffffff-2019-05,3
842aa99ffffffff-2019-08,2
842aa99ffffffff-2019-09,2
842aa99ffffffff-2020-04,6
842aa99ffffffff-2020-05,12
842aa99ffffffff-2020-06,1
842aa99ffffffff-2020-07,3
842aa99ffffffff-2020-08,48
842aa99ffffffff-2020-09,1
842aa99ffffffff-2020-10,1
842aa99ffffffff-2020-11,2
842aa99ffffffff-2021-04,1
842aa99ffffffff-2021-05,9
842aa99ffffffff-2021-08,30
842aa99ffffffff-2021-09,12
842aa99ffffffff-2021-10,5
842aa99ffffffff-2021-11,1
842aa99ffffffff-2022-03,1
842aa99ffffffff-2022-04,1
842aa99ffffffff-2022-05,4
842aa99ffffffff-2022-08,13
842aa99ffffffff-2022-09,15
842aa99ffffffff-2022-10,3
842aa99ffffffff-2022-12,1
842aa99ffffffff-2023-04,10
842aa99ffffffff-2023-05,3
842aa99ffffffff-2023-08,13
842aa99ffffffff-2023-09,15
842aa99ffffffff-2023-10,19
842aa9bffffffff-2012-01,17
842aa9bffffffff-2012-02,19
842aa9bffffffff-2012-03,20
842aa9bffffffff-2012-04,87
842aa9bffffffff-2012-05,77
842aa9bffffffff-2012-06,4
842aa9bffffffff-2012-07,45
842aa9bffffffff-2012-08,75
842aa9bffffffff-2012-09,72
842aa9bffffffff-2012-10,72
842aa9bffffffff-2012-11,10
842aa9bffffffff-2012-12,21
842aa9bffffffff-2013-01,4
842aa9bffffffff-2013-02,5
842aa9bffffffff-2013-03,48
842aa9bffffffff-2013-04,127
842aa9bffffffff-2013-05,75
842aa9bffffffff-2013-06,8
842aa9bffffffff-2013-07,53
842aa9bffffffff-2013-08,271
842aa9bffffffff-2013-09,110
842aa9bffffffff-2013-10,14
842aa9bffffffff-2013-11,40
842aa9bffffffff-2013-12,12
842aa9bffffffff-2014-01,21
842aa9bffffffff-2014-02,2
842aa9bffffffff-2014-03,23
842aa9bffffffff-2014-04,90
842aa9bffffffff-2014-05,166
842aa9bffffffff-2014-06,6
842aa9bffffffff-2014-07,65
842aa9bffffffff-2014-08,109
842aa9bffffffff-2014-09,57
842aa9bffffffff-2014-10,27
842aa9bffffffff-2014-11,35
842aa9bffffffff-2014-12,9
842aa9bffffffff-2015-01,5
842aa9bffffffff-2015-02,8
842aa9bffffffff-2015-03,21
842aa9bffffffff-2015-04,29
842aa9bffffffff-2015-05,139
842aa9bffffffff-2015-06,6
842aa9bffffffff-2015-07,90
842aa9bffffffff-2015-08,110
842aa9bffffffff-2015-09,83
842aa9bffffffff-2015-10,28
842aa9bffffffff-2015-11,25
842aa9bffffffff-2015-12,8
842aa9bffffffff-2016-01,9
842aa9bffffffff-2016-02,20
842aa9bffffffff-2016-03,61
842aa9bffffffff-2016-04,53
842aa9bffffffff-2016-05,66
842aa9bffffffff-2016-07,21
842aa9bffffffff-2016-08,97
842aa9bffffffff-2016-09,80
842aa9bffffffff-2016-10,19
842aa9bffffffff-2016-11,18
842aa9bffffffff-2016-12,14
842aa9bffffffff-2017-01,11
842aa9bffffffff-2017-02,35
842aa9bffffffff-2017-03,19
842aa9bffffffff-2017-04,74
842aa9bffffffff-2017-05,67
842aa9bffffffff-2017-07,39
842aa9bffffffff-2017-08,64
842aa9bffffffff-2017-09,35
842aa9bffffffff-2017-10,12
842aa9bffffffff-2017-11,33
842aa9bffffffff-2017-12,10
842aa9bffffffff-2018-01,1
842aa9bffffffff-2018-02,14
842aa9bffffffff-2018-03,19
842aa9bffffffff-2018-04,55
842aa9bffffffff-2018-05,71
842aa9bffffffff-2018-07,87
842aa9bffffffff-2018-08,104
842aa9bffffffff-2018-09,45
842aa9bffffffff-2018-10,26
842aa9bffffffff-2018-11,37
842aa9bffffffff-2018-12,9
842aa9bffffffff-2019-01,5
842aa9bffffffff-2019-02,4
842aa9bffffffff-2019-03,23
842aa9bffffffff-2019-04,55
842aa9bffffffff-2019-05,71
842aa9bffffffff-2019-06,3
842aa9bffffffff-2019-07,102
842aa9bffffffff-2019-08,99
842aa9bffffffff-2019-09,69
842aa9bffffffff-2019-10,59
842aa9bffffffff-2019-11,23
842aa9bffffffff-2019-12,9
842aa9bffffffff-2020-01,12
842aa9bffffffff-2020-02,1
842aa9bffffffff-2020-03,5
842aa9bffffffff-2020-04,7
842aa9bffffffff-2020-05,103
842aa9bffffffff-2020-06,2
842aa9bffffffff-2020-07,62
842aa9bffffffff-2020-08,84
842aa9bffffffff-2020-09,19
842aa9bffffffff-2020-10,15
842aa9bffffffff-2020-11,45
842aa9bffffffff-2020-12,11
842aa9bffffffff-2021-01,8
842aa9bffffffff-2021-02,6
842aa9bffffffff-2021-03,29
842aa9bffffffff-2021-04,64
842aa9bffffffff-2021-05,158
842aa9bffffffff-2021-06,6
842aa9bffffffff-2021-07,36
842aa9bffffffff-2021-08,123
842aa9bffffffff-2021-09,165
842aa9bffffffff-2021-10,96
842aa9bffffffff-2021-11,64
842aa9bffffffff-2021-12,24
842aa9bffffffff-2022-01,8
842aa9bffffffff-2022-02,8
842aa9bffffffff-2022-03,14
842aa9bffffffff-2022-04,101
842aa9bffffffff-2022-05,159
842aa9bffffffff-2022-06,2
842aa9bffffffff-2022-07,42
842aa9bffffffff-2022-08,59
842aa9bffffffff-2022-09,65
842aa9bffffffff-2022-10,35
842aa9bffffffff-2022-11,41
842aa9bffffffff-2022-12,17
842aa9bffffffff-2023-01,6
842aa9bffffffff-2023-02,6
842aa9bffffffff-2023-03,9
842aa9bffffffff-2023-04,93
842aa9bffffffff-2023-05,173
842aa9bffffffff-2023-06,9
842aa9bffffffff-2023-07,55
842aa9bffffffff-2023-08,155
842aa9bffffffff-2023-09,75
842aa9bffffffff-2023-10,46
842aa9bffffffff-2023-11,47
842aa9dffffffff-2012-01,10
842aa9dffffffff-2012-02,1
842aa9dffffffff-2012-03,11
842aa9dffffffff-2012-04,19
842aa9dffffffff-2012-05,7
842aa9dffffffff-2012-06,1
842aa9dffffffff-2012-07,15
842aa9dffffffff-2012-08,31
842aa9dffffffff-2012-09,5
842aa9dffffffff-2012-10,3
842aa9dffffffff-2012-11,1
842aa9dffffffff-2012-12,8
842aa9dffffffff-2013-01,6
842aa9dffffffff-2013-03,20
842aa9dffffffff-2013-04,16
842aa9dffffffff-2013-05,5
842aa9dffffffff-2013-06,1
842aa9dffffffff-2013-07,3
842aa9dffffffff-2013-08,25
842aa9dffffffff-2013-09,12
842aa9dffffffff-2013-10,1
842aa9dffffffff-2013-11,2
842aa9dffffffff-2013-12,3
842aa9dffffffff-2014-01,24
842aa9dffffffff-2014-03,20
842aa9dffffffff-2014-04,50
842aa9dffffffff-2014-05,20
842aa9dffffffff-2014-06,1
842aa9dffffffff-2014-07,4
842aa9dffffffff-2014-08,22
842aa9dffffffff-2014-09,16
842aa9dffffffff-2014-10,5
842aa9dffffffff-2014-11,5
842aa9dffffffff-2014-12,1
842aa9dffffffff-2015-01,4
842aa9dffffffff-2015-03,23
842aa9dffffffff-2015-04,61
842aa9dffffffff-2015-05,14
842aa9dffffffff-2015-07,18
842aa9dffffffff-2015-08,16
842aa9dffffffff-2015-09,8
842aa9dffffffff-2015-10,4
842aa9dffffffff-2015-11,1
842aa9dffffffff-2016-02,2
842aa9dffffffff-2016-03,35
842aa9dffffffff-2016-04,47
842aa9dffffffff-2016-05,8
842aa9dffffffff-2016-07,7
842aa9dffffffff-2016-08,9
842aa9dffffffff-2016-09,8
842aa9dffffffff-2016-10,4
842aa9dffffffff-2016-11,2
842aa9dffffffff-2016-12,1
842aa9dffffffff-2017-01,9
842aa9dffffffff-2017-02,7
842aa9dffffffff-2017-03,36
842aa9dffffffff-2017-04,37
842aa9dffffffff-2017-05,13
842aa9dffffffff-2017-07,7
842aa9dffffffff-2017-08,36
842aa9dffffffff-2017-09,23
842aa9dffffffff-2017-10,10
842aa9dffffffff-2017-11,3
842aa9dffffffff-2017-12,2
842aa9dffffffff-2018-02,7
842aa9dffffffff-2018-03,31
842aa9dffffffff-2018-04,62
842aa9dffffffff-2018-05,19
842aa9dffffffff-2018-06,1
842aa9dffffffff-2018-07,9
842aa9dffffffff-2018-08,59
842aa9dffffffff-2018-09,43
842aa9dffffffff-2018-10,8
842aa9dffffffff-2018-11,1
842aa9dffffffff-2018-12,1
842aa9dffffffff-2019-01,1
842aa9dffffffff-2019-02,5
842aa9dffffffff-2019-03,25
842aa9dffffffff-2019-04,41
842aa9dffffffff-2019-05,8
842aa9dffffffff-2019-06,1
842aa9dffffffff-2019-07,4
842aa9dffffffff-2019-08,39
842aa9dffffffff-2019-09,22
842aa9dffffffff-2019-10,12
842aa9dffffffff-2019-11,3
842aa9dffffffff-2020-01,4
842aa9dffffffff-2020-02,9
842aa9dffffffff-2020-03,35
842aa9dffffffff-2020-04,24
842aa9dffffffff-2020-05,22
842aa9dffffffff-2020-06,1
842aa9dffffffff-2020-07,19
842aa9dffffffff-2020-08,25
842aa9dffffffff-2020-09,46
842aa9dffffffff-2020-10,15
842aa9dffffffff-2020-11,8
842aa9dffffffff-2021-01,1
842aa9dffffffff-2021-02,9
842aa9dffffffff-2021-03,113
842aa9dffffffff-2021-04,90
842aa9dffffffff-2021-05,54
842aa9dffffffff-2021-06,1
842aa9dffffffff-2021-07,2
842aa9dffffffff-2021-08,25
842aa9dffffffff-2021-09,13
842aa9dffffffff-2021-10,18
842aa9dffffffff-2021-11,11
842aa9dffffffff-2022-01,7
842aa9dffffffff-2022-02,5
842aa9dffffffff-2022-03,29
842aa9dffffffff-2022-04,99
842aa9dffffffff-2022-05,46
842aa9dffffffff-2022-07,8
842aa9dffffffff-2022-08,36
842aa9dffffffff-2022-09,40
842aa9dffffffff-2022-10,21
842aa9dffffffff-2022-11,10
842aa9dffffffff-2023-01,2
842aa9dffffffff-2023-02,17
842aa9dffffffff-2023-03,92
842aa9dffffffff-2023-04,66
842aa9dffffffff-2023-05,18
842aa9dffffffff-2023-06,3
842aa9dffffffff-2023-07,23
842aa9dffffffff-2023-08,58
842aa9dffffffff-2023-09,61
842aa9dffffffff-2023-10,26
842aa9dffffffff-2023-11,2
842aaa1ffffffff-2012-10,2
842aaa1ffffffff-2013-04,1
842aaa1ffffffff-2015-04,1
842aaa1ffffffff-2015-05,12
842aaa1ffffffff-2016-03,9
842aaa1ffffffff-2016-04,5
842aaa1ffffffff-2016-05,5
842aaa1ffffffff-2016-08,1
842aaa1ffffffff-2017-08,1
842aaa1ffffffff-2017-09,2
842aaa1ffffffff-2018-05,2
842aaa1ffffffff-2018-09,3
842aaa1ffffffff-2019-04,1
842aaa1ffffffff-2019-05,6
842aaa1ffffffff-2019-09,1
842aaa1ffffffff-2020-04,7
842aaa1ffffffff-2020-05,3
842aaa1ffffffff-2020-10,2
842aaa1ffffffff-2021-04,2
842aaa1ffffffff-2021-05,3
842aaa1ffffffff-2022-05,2
842aaa1ffffffff-2023-04,1
842aaa1ffffffff-2023-05,4
842aaa1ffffffff-2023-08,2
842aaa1ffffffff-2023-09,1
842aaa3ffffffff-2012-04,4
842aaa3ffffffff-2012-08,1
842aaa3ffffffff-2012-09,1
842aaa3ffffffff-2013-04,2
842aaa3ffffffff-2013-05,1
842aaa3ffffffff-2013-08,2
842aaa3ffffffff-2013-09,1
842aaa3ffffffff-2013-10,2
842aaa3ffffffff-2014-05,3
842aaa3ffffffff-2014-08,4
842aaa3ffffffff-2014-09,2
842aaa3ffffffff-2015-05,1
842aaa3ffffffff-2016-08,2
842aaa3ffffffff-2016-09,1
842aaa3ffffffff-2017-04,2
842aaa3ffffffff-2017-08,1
842aaa3ffffffff-2017-09,4
842aaa3ffffffff-2017-11,2
842aaa3ffffffff-2017-12,1
842aaa3ffffffff-2018-04,1
842aaa3ffffffff-2018-05,1
842aaa3ffffffff-2018-07,2
842aaa3ffffffff-2018-08,5
842aaa3ffffffff-2018-09,33
842aaa3ffffffff-2019-05,10
842aaa3ffffffff-2020-05,9
842aaa3ffffffff-2020-08,49
842aaa3ffffffff-2020-09,6
842aaa3ffffffff-2021-04,6
842aaa3ffffffff-2021-05,10
842aaa3ffffffff-2021-08,1
842aaa3ffffffff-2021-09,1
842aaa3ffffffff-2022-05,1
842aaa3ffffffff-2022-10,1
842aaa3ffffffff-2023-10,3
842aaa3ffffffff-2023-11,1
842aaa5ffffffff-2013-04,3
842aaa5ffffffff-2013-05,2
842aaa5ffffffff-2014-03,1
842aaa5ffffffff-2014-04,3
842aaa5ffffffff-2014-05,1
842aaa5ffffffff-2015-04,3
842aaa5ffffffff-2015-05,3
842aaa5ffffffff-2017-04,2
842aaa5ffffffff-2017-05,4
842aaa5ffffffff-2018-05,1
842aaa5ffffffff-2018-09,1
842aaa5ffffffff-2019-05,1
842aaa5ffffffff-2019-09,1
842aaa5ffffffff-2020-05,1
842aaa5ffffffff-2021-09,4
842aaa5ffffffff-2022-05,3
842aaa5ffffffff-2022-08,2
842aaa7ffffffff-2017-08,4
842aaa7ffffffff-2017-09,3
842aaa7ffffffff-2017-10,1
842aaa7ffffffff-2019-08,2
842aaa7ffffffff-2019-09,1
842aaa7ffffffff-2020-04,4
842aaa7ffffffff-2020-05,5
842aaa7ffffffff-2020-08,4
842aaa7ffffffff-2021-05,1
842aaa7ffffffff-2021-08,5
842aaa7ffffffff-2021-09,5
842aaa7ffffffff-2021-10,4
842aaa7ffffffff-2022-05,3
842aaa7ffffffff-2022-08,3
842aaa7ffffffff-2022-09,8
842aaa7ffffffff-2022-10,2
842aaa7ffffffff-2023-04,2
842aaa7ffffffff-2023-05,3
842aaa7ffffffff-2023-08,14
842aaa9ffffffff-2012-04,11
842aaa9ffffffff-2012-05,11
842aaa9ffffffff-2012-10,1
842aaa9ffffffff-2013-04,11
842aaa9ffffffff-2013-05,22
842aaa9ffffffff-2013-07,1
842aaa9ffffffff-2013-08,4
842aaa9ffffffff-2013-09,7
842aaa9ffffffff-2013-10,7
842aaa9ffffffff-2014-04,14
842aaa9ffffffff-2014-05,11
842aaa9ffffffff-2014-08,16
842aaa9ffffffff-2014-09,10
842aaa9ffffffff-2014-10,4
842aaa9ffffffff-2015-04,10
842aaa9ffffffff-2015-05,8
842aaa9ffffffff-2015-08,2
842aaa9ffffffff-2015-09,13
842aaa9ffffffff-2015-10,1
842aaa9ffffffff-2016-04,14
842aaa9ffffffff-2016-05,14
842aaa9ffffffff-2016-07,3
842aaa9ffffffff-2016-09,3
842aaa9ffffffff-2017-04,15
842aaa9ffffffff-2017-05,7
842aaa9ffffffff-2017-07,1
842aaa9ffffffff-2017-08,4
842aaa9ffffffff-2017-09,2
842aaa9ffffffff-2017-10,1
842aaa9ffffffff-2018-04,6
842aaa9ffffffff-2018-05,2
842aaa9ffffffff-2018-07,3
842aaa9ffffffff-2018-08,6
842aaa9ffffffff-2018-09,67
842aaa9ffffffff-2018-10,20
842aaa9ffffffff-2019-04,2
842aaa9ffffffff-2019-05,49
842aaa9ffffffff-2019-09,1
842aaa9ffffffff-2019-10,6
842aaa9ffffffff-2019-11,1
842aaa9ffffffff-2020-04,33
842aaa9ffffffff-2020-05,57
842aaa9ffffffff-2020-08,15
842aaa9ffffffff-2020-09,2
842aaa9ffffffff-2020-10,18
842aaa9ffffffff-2021-04,1
842aaa9ffffffff-2021-05,31
842aaa9ffffffff-2021-07,9
842aaa9ffffffff-2021-08,42
842aaa9ffffffff-2021-09,7
842aaa9ffffffff-2021-10,1
842aaa9ffffffff-2022-04,3
842aaa9ffffffff-2022-05,41
842aaa9ffffffff-2022-07,7
842aaa9ffffffff-2022-08,95
842aaa9ffffffff-2022-09,19
842aaa9ffffffff-2022-10,2
842aaa9ffffffff-2022-11,1
842aaa9ffffffff-2023-04,20
842aaa9ffffffff-2023-05,25
842aaa9ffffffff-2023-06,2
842aaa9ffffffff-2023-07,2
842aaa9ffffffff-2023-08,103
842aaa9ffffffff-2023-09,85
842aaa9ffffffff-2023-10,12
842aaabffffffff-2012-03,2
842aaabffffffff-2012-04,10
842aaabffffffff-2012-08,3
842aaabffffffff-2012-09,6
842aaabffffffff-2012-10,2
842aaabffffffff-2013-03,4
842aaabffffffff-2013-04,9
842aaabffffffff-2013-05,1
842aaabffffffff-2013-08,1
842aaabffffffff-2014-03,3
842aaabffffffff-2014-04,1
842aaabffffffff-2014-10,5
842aaabffffffff-2015-03,2
842aaabffffffff-2015-04,11
842aaabffffffff-2015-05,1
842aaabffffffff-2015-09,5
842aaabffffffff-2015-11,1
842aaabffffffff-2016-04,3
842aaabffffffff-2016-05,19
842aaabffffffff-2016-08,4
842aaabffffffff-2016-09,17
842aaabffffffff-2016-10,1
842aaabffffffff-2017-04,13
842aaabffffffff-2017-05,4
842aaabffffffff-2017-09,3
842aaabffffffff-2017-10,8
842aaabffffffff-2018-03,3
842aaabffffffff-2018-04,18
842aaabffffffff-2018-05,6
842aaabffffffff-2018-07,6
842aaabffffffff-2018-09,2
842aaabffffffff-2018-10,2
842aaabffffffff-2019-03,4
842aaabffffffff-2019-04,4
842aaabffffffff-2019-05,2
842aaabffffffff-2019-07,5
842aaabffffffff-2019-08,26
842aaabffffffff-2019-09,17
842aaabffffffff-2019-10,1
842aaabffffffff-2020-03,1
842aaabffffffff-2020-04,10
842aaabffffffff-2020-05,11
842aaabffffffff-2020-07,4
842aaabffffffff-2020-08,5
842aaabffffffff-2020-09,4
842aaabffffffff-2020-10,17
842aaabffffffff-2021-04,12
842aaabffffffff-2021-05,50
842aaabffffffff-2021-08,6
842aaabffffffff-2021-09,9
842aaabffffffff-2021-10,4
842aaabffffffff-2021-11,1
842aaabffffffff-2022-03,2
842aaabffffffff-2022-04,31
842aaabffffffff-2022-05,13
842aaabffffffff-2022-07,2
842aaabffffffff-2022-08,8
842aaabffffffff-2022-09,28
842aaabffffffff-2022-10,8
842aaabffffffff-2022-11,3
842aaabffffffff-2023-03,1
842aaabffffffff-2023-04,52
842aaabffffffff-2023-05,45
842aaabffffffff-2023-08,8
842aaabffffffff-2023-09,1
842aaabffffffff-2023-10,1
842aaabffffffff-2023-11,1
842aaadffffffff-2012-04,1
842aaadffffffff-2012-05,3
842aaadffffffff-2012-07,6
842aaadffffffff-2012-10,1
842aaadffffffff-2013-04,5
842aaadffffffff-2013-05,2
842aaadffffffff-2013-08,1
842aaadffffffff-2013-09,2
842aaadffffffff-2014-04,6
842aaadffffffff-2014-05,8
842aaadffffffff-2015-04,1
842aaadffffffff-2015-05,1
842aaadffffffff-2016-03,3
842aaadffffffff-2016-04,6
842aaadffffffff-2016-05,4
842aaadffffffff-2016-08,1
842aaadffffffff-2017-04,1
842aaadffffffff-2017-07,1
842aaadffffffff-2017-08,5
842aaadffffffff-2017-09,1
842aaadffffffff-2018-04,4
842aaadffffffff-2018-05,2
842aaadffffffff-2018-07,9
842aaadffffffff-2018-08,5
842aaadffffffff-2018-09,7
842aaadffffffff-2019-05,6
842aaadffffffff-2019-08,13
842aaadffffffff-2019-09,1
842aaadffffffff-2020-04,5
842aaadffffffff-2020-05,4
842aaadffffffff-2020-08,4
842aaadffffffff-2020-09,6
842aaadffffffff-2021-04,3
842aaadffffffff-2021-05,15
842aaadffffffff-2021-08,6
842aaadffffffff-2022-04,2
842aaadffffffff-2022-05,14
842aaadffffffff-2022-07,2
842aaadffffffff-2023-04,2
842aaadffffffff-2023-05,4
842aaadffffffff-2023-09,6
842aab1ffffffff-2012-04,2
842aab1ffffffff-2012-05,2
842aab1ffffffff-2012-11,1
842aab1ffffffff-2013-04,3
842aab1ffffffff-2013-05,1
842aab1ffffffff-2014-04,2
842aab1ffffffff-2014-05,4
842aab1ffffffff-2014-08,1
842aab1ffffffff-2014-09,1
842aab1ffffffff-2014-10,2
842aab1ffffffff-2015-07,1
842aab1ffffffff-2016-04,1
842aab1ffffffff-2016-07,1
842aab1ffffffff-2016-08,1
842aab1ffffffff-2016-09,1
842aab1ffffffff-2017-04,2
842aab1ffffffff-2017-05,2
842aab1ffffffff-2017-08,1
842aab1ffffffff-2018-03,1
842aab1ffffffff-2018-04,3
842aab1ffffffff-2018-09,1
842aab1ffffffff-2018-10,1
842aab1ffffffff-2019-05,1
842aab1ffffffff-2019-08,3
842aab1ffffffff-2019-09,1
842aab1ffffffff-2020-03,1
842aab1ffffffff-2020-04,4
842aab1ffffffff-2020-08,2
842aab1ffffffff-2020-09,2
842aab1ffffffff-2020-10,1
842aab1ffffffff-2021-04,2
842aab1ffffffff-2021-05,2
842aab1ffffffff-2021-08,1
842aab1ffffffff-2021-10,4
842aab1ffffffff-2022-03,1
842aab1ffffffff-2022-05,2
842aab1ffffffff-2022-08,1
842aab1ffffffff-2022-10,3
842aab1ffffffff-2023-04,2
842aab1ffffffff-2023-05,1
842aab1ffffffff-2023-09,1
842aab3ffffffff-2012-04,3
842aab3ffffffff-2012-05,1
842aab3ffffffff-2012-08,1
842aab3ffffffff-2013-03,7
842aab3ffffffff-2013-04,1
842aab3ffffffff-2013-05,1
842aab3ffffffff-2014-01,1
842aab3ffffffff-2014-02,2
842aab3ffffffff-2014-04,4
842aab3ffffffff-2014-08,1
842aab3ffffffff-2014-11,1
842aab3ffffffff-2015-03,4
842aab3ffffffff-2016-04,1
842aab3ffffffff-2016-07,2
842aab3ffffffff-2016-08,2
842aab3ffffffff-2017-01,1
842aab3ffffffff-2017-03,2
842aab3ffffffff-2017-08,1
842aab3ffffffff-2017-12,3
842aab3ffffffff-2018-03,4
842aab3ffffffff-2018-04,3
842aab3ffffffff-2018-08,6
842aab3ffffffff-2018-09,2
842aab3ffffffff-2018-11,1
842aab3ffffffff-2019-04,1
842aab3ffffffff-2019-09,1
842aab3ffffffff-2020-02,4
842aab3ffffffff-2020-03,1
842aab3ffffffff-2020-04,1
842aab3ffffffff-2020-05,1
842aab3ffffffff-2020-08,7
842aab3ffffffff-2020-09,4
842aab3ffffffff-2021-02,1
842aab3ffffffff-2021-03,1
842aab3ffffffff-2021-04,1
842aab3ffffffff-2021-08,3
842aab3ffffffff-2022-03,1
842aab3ffffffff-2022-05,1
842aab3ffffffff-2023-04,3
842aab3ffffffff-2023-08,1
842aab5ffffffff-2015-08,1
842aab5ffffffff-2016-04,1
842aab5ffffffff-2017-08,1
842aab5ffffffff-2019-05,2
842aab5ffffffff-2019-07,9
842aab5ffffffff-2019-08,8
842aab5ffffffff-2019-09,1
842aab5ffffffff-2019-10,1
842aab5ffffffff-2020-04,7
842aab5ffffffff-2020-05,7
842aab5ffffffff-2020-08,2
842aab5ffffffff-2020-10,1
842aab5ffffffff-2021-08,18
842aab5ffffffff-2021-09,2
842aab5ffffffff-2022-04,1
842aab5ffffffff-2022-05,2
842aab5ffffffff-2022-08,2
842aab5ffffffff-2023-03,1
842aab5ffffffff-2023-04,2
842aab5ffffffff-2023-05,4
842aab5ffffffff-2023-08,2
842aab5ffffffff-2023-09,1
842aab5ffffffff-2023-10,6
842aab7ffffffff-2014-08,1
842aab7ffffffff-2014-09,1
842aab7ffffffff-2015-03,1
842aab7ffffffff-2019-04,1
842aab7ffffffff-2019-08,1
842aab7ffffffff-2021-04,2
842aab7ffffffff-2021-05,2
842aab7ffffffff-2021-08,1
842aab7ffffffff-2022-04,5
842aab7ffffffff-2022-05,3
842aab7ffffffff-2022-09,1
842aab7ffffffff-2023-04,2
842aab7ffffffff-2023-09,4
842aab9ffffffff-2012-02,1
842aab9ffffffff-2012-04,10
842aab9ffffffff-2012-05,2
842aab9ffffffff-2012-10,1
842aab9ffffffff-2013-04,3
842aab9ffffffff-2013-05,2
842aab9ffffffff-2015-05,1
842aab9ffffffff-2016-05,1
842aab9ffffffff-2017-04,3
842aab9ffffffff-2017-05,4
842aab9ffffffff-2017-08,2
842aab9ffffffff-2018-04,2
842aab9ffffffff-2018-08,1
842aab9ffffffff-2019-05,6
842aab9ffffffff-2019-08,1
842aab9ffffffff-2020-05,3
842aab9ffffffff-2021-04,1
842aab9ffffffff-2021-05,9
842aab9ffffffff-2021-08,1
842aab9ffffffff-2021-09,4
842aab9ffffffff-2022-05,1
842aab9ffffffff-2023-04,2
842aab9ffffffff-2023-05,6
842aabbffffffff-2016-03,2
842aabbffffffff-2016-09,1
842aabbffffffff-2017-03,1
842aabbffffffff-2018-04,1
842aabbffffffff-2018-08,2
842aabbffffffff-2018-09,2
842aabbffffffff-2019-03,1
842aabbffffffff-2019-04,1
842aabbffffffff-2019-05,1
842aabbffffffff-2020-05,2
842aabbffffffff-2021-04,1
842aabbffffffff-2021-05,1
842aabbffffffff-2022-07,1
842aabbffffffff-2023-03,1
842aabbffffffff-2023-04,1
842aabbffffffff-2023-05,5
842aabdffffffff-2012-03,3
842aabdffffffff-2012-04,7
842aabdffffffff-2012-05,1
842aabdffffffff-2012-08,2
842aabdffffffff-2012-09,2
842aabdffffffff-2012-10,2
842aabdffffffff-2013-03,2
842aabdffffffff-2013-04,8
842aabdffffffff-2013-05,5
842aabdffffffff-2013-09,5
842aabdffffffff-2013-10,5
842aabdffffffff-2014-04,15
842aabdffffffff-2014-05,12
842aabdffffffff-2014-08,1
842aabdffffffff-2014-09,2
842aabdffffffff-2014-10,4
842aabdffffffff-2015-04,12
842aabdffffffff-2015-05,3
842aabdffffffff-2015-06,1
842aabdffffffff-2015-07,1
842aabdffffffff-2015-08,4
842aabdffffffff-2015-09,3
842aabdffffffff-2015-10,3
842aabdffffffff-2015-11,21
842aabdffffffff-2015-12,1
842aabdffffffff-2016-04,10
842aabdffffffff-2016-08,2
842aabdffffffff-2016-09,2
842aabdffffffff-2016-10,1
842aabdffffffff-2017-04,3
842aabdffffffff-2017-05,1
842aabdffffffff-2017-08,3
842aabdffffffff-2017-09,2
842aabdffffffff-2017-10,2
842aabdffffffff-2017-11,1
842aabdffffffff-2018-03,1
842aabdffffffff-2018-04,3
842aabdffffffff-2018-08,1
842aabdffffffff-2018-09,2
842aabdffffffff-2018-10,2
842aabdffffffff-2019-04,3
842aabdffffffff-2019-05,4
842aabdffffffff-2019-07,6
842aabdffffffff-2019-08,18
842aabdffffffff-2019-09,15
842aabdffffffff-2019-10,1
842aabdffffffff-2020-04,8
842aabdffffffff-2020-05,9
842aabdffffffff-2020-07,1
842aabdffffffff-2020-08,3
842aabdffffffff-2021-04,3
842aabdffffffff-2021-05,4
842aabdffffffff-2021-09,1
842aabdffffffff-2021-10,1
842aabdffffffff-2021-11,1
842aabdffffffff-2022-04,3
842aabdffffffff-2022-05,5
842aabdffffffff-2022-08,1
842aabdffffffff-2022-09,5
842aabdffffffff-2022-10,6
842aabdffffffff-2023-03,2
842aabdffffffff-2023-04,12
842aabdffffffff-2023-05,14
842aabdffffffff-2023-07,2
842aabdffffffff-2023-08,8
842aabdffffffff-2023-09,6
842aabdffffffff-2023-10,2
842aabdffffffff-2023-11,1
842aac1ffffffff-2012-04,8
842aac1ffffffff-2012-05,7
842aac1ffffffff-2012-08,2
842aac1ffffffff-2012-09,36
842aac1ffffffff-2012-10,14
842aac1ffffffff-2013-04,6
842aac1ffffffff-2013-05,6
842aac1ffffffff-2013-08,6
842aac1ffffffff-2013-09,5
842aac1ffffffff-2013-10,20
842aac1ffffffff-2013-11,8
842aac1ffffffff-2014-04,3
842aac1ffffffff-2014-05,18
842aac1ffffffff-2014-07,2
842aac1ffffffff-2014-08,4
842aac1ffffffff-2014-09,3
842aac1ffffffff-2014-10,3
842aac1ffffffff-2015-04,11
842aac1ffffffff-2015-05,5
842aac1ffffffff-2015-08,1
842aac1ffffffff-2015-09,47
842aac1ffffffff-2015-10,61
842aac1ffffffff-2016-04,4
842aac1ffffffff-2016-05,6
842aac1ffffffff-2016-08,25
842aac1ffffffff-2016-09,56
842aac1ffffffff-2016-10,8
842aac1ffffffff-2017-04,3
842aac1ffffffff-2017-05,5
842aac1ffffffff-2017-08,18
842aac1ffffffff-2017-09,14
842aac1ffffffff-2017-10,1
842aac1ffffffff-2017-11,1
842aac1ffffffff-2018-03,2
842aac1ffffffff-2018-04,9
842aac1ffffffff-2018-05,12
842aac1ffffffff-2018-08,4
842aac1ffffffff-2018-09,2
842aac1ffffffff-2018-10,1
842aac1ffffffff-2018-11,9
842aac1ffffffff-2019-04,5
842aac1ffffffff-2019-05,46
842aac1ffffffff-2019-07,25
842aac1ffffffff-2019-08,53
842aac1ffffffff-2019-09,37
842aac1ffffffff-2019-10,12
842aac1ffffffff-2020-03,1
842aac1ffffffff-2020-04,51
842aac1ffffffff-2020-05,52
842aac1ffffffff-2020-07,11
842aac1ffffffff-2020-08,26
842aac1ffffffff-2020-09,7
842aac1ffffffff-2020-10,64
842aac1ffffffff-2020-11,1
842aac1ffffffff-2021-04,4
842aac1ffffffff-2021-05,42
842aac1ffffffff-2021-07,12
842aac1ffffffff-2021-08,65
842aac1ffffffff-2021-09,93
842aac1ffffffff-2021-10,47
842aac1ffffffff-2021-11,1
842aac1ffffffff-2022-04,37
842aac1ffffffff-2022-05,50
842aac1ffffffff-2022-07,116
842aac1ffffffff-2022-08,98
842aac1ffffffff-2022-09,101
842aac1ffffffff-2022-10,17
842aac1ffffffff-2023-03,1
842aac1ffffffff-2023-04,17
842aac1ffffffff-2023-05,69
842aac1ffffffff-2023-07,20
842aac1ffffffff-2023-08,157
842aac1ffffffff-2023-09,110
842aac1ffffffff-2023-10,54
842aac1ffffffff-2023-11,15
842aac3ffffffff-2012-01,1
842aac3ffffffff-2012-04,4
842aac3ffffffff-2012-05,9
842aac3ffffffff-2012-07,1
842aac3ffffffff-2012-08,10
842aac3ffffffff-2012-09,7
842aac3ffffffff-2012-10,3
842aac3ffffffff-2013-04,8
842aac3ffffffff-2013-05,5
842aac3ffffffff-2013-07,1
842aac3ffffffff-2013-08,11
842aac3ffffffff-2013-09,11
842aac3ffffffff-2013-10,3
842aac3ffffffff-2013-11,1
842aac3ffffffff-2013-12,2
842aac3ffffffff-2014-03,6
842aac3ffffffff-2014-04,2
842aac3ffffffff-2014-05,19
842aac3ffffffff-2014-07,5
842aac3ffffffff-2014-08,6
842aac3ffffffff-2014-09,3
842aac3ffffffff-2014-11,1
842aac3ffffffff-2015-03,1
842aac3ffffffff-2015-04,20
842aac3ffffffff-2015-05,9
842aac3ffffffff-2015-07,12
842aac3ffffffff-2015-08,21
842aac3ffffffff-2015-09,12
842aac3ffffffff-2015-10,7
842aac3ffffffff-2016-03,12
842aac3ffffffff-2016-04,35
842aac3ffffffff-2016-05,41
842aac3ffffffff-2016-07,16
842aac3ffffffff-2016-08,6
842aac3ffffffff-2016-09,3
842aac3ffffffff-2016-10,2
842aac3ffffffff-2017-02,4
842aac3ffffffff-2017-03,15
842aac3ffffffff-2017-04,187
842aac3ffffffff-2017-05,108
842aac3ffffffff-2017-07,1
842aac3ffffffff-2017-08,14
842aac3ffffffff-2017-09,9
842aac3ffffffff-2017-10,14
842aac3ffffffff-2017-11,10
842aac3ffffffff-2018-03,4
842aac3ffffffff-2018-04,35
842aac3ffffffff-2018-05,22
842aac3ffffffff-2018-07,14
842aac3ffffffff-2018-08,4
842aac3ffffffff-2018-09,13
842aac3ffffffff-2018-10,15
842aac3ffffffff-2018-11,10
842aac3ffffffff-2019-03,8
842aac3ffffffff-2019-04,84
842aac3ffffffff-2019-05,51
842aac3ffffffff-2019-07,15
842aac3ffffffff-2019-08,13
842aac3ffffffff-2019-09,12
842aac3ffffffff-2019-10,1
842aac3ffffffff-2019-11,2
842aac3ffffffff-2020-04,26
842aac3ffffffff-2020-05,32
842aac3ffffffff-2020-08,3
842aac3ffffffff-2020-09,18
842aac3ffffffff-2020-10,1
842aac3ffffffff-2020-11,4
842aac3ffffffff-2020-12,1
842aac3ffffffff-2021-01,1
842aac3ffffffff-2021-04,18
842aac3ffffffff-2021-05,147
842aac3ffffffff-2021-07,3
842aac3ffffffff-2021-08,35
842aac3ffffffff-2021-09,13
842aac3ffffffff-2021-10,5
842aac3ffffffff-2022-04,25
842aac3ffffffff-2022-05,73
842aac3ffffffff-2022-06,1
842aac3ffffffff-2022-07,2
842aac3ffffffff-2022-08,46
842aac3ffffffff-2022-09,61
842aac3ffffffff-2022-10,7
842aac3ffffffff-2023-03,9
842aac3ffffffff-2023-04,23
842aac3ffffffff-2023-05,82
842aac3ffffffff-2023-06,2
842aac3ffffffff-2023-07,10
842aac3ffffffff-2023-08,55
842aac3ffffffff-2023-09,63
842aac3ffffffff-2023-10,9
842aac5ffffffff-2012-04,1
842aac5ffffffff-2012-05,3
842aac5ffffffff-2012-07,7
842aac5ffffffff-2012-08,25
842aac5ffffffff-2012-09,20
842aac5ffffffff-2012-10,3
842aac5ffffffff-2012-11,1
842aac5ffffffff-2013-04,1
842aac5ffffffff-2013-05,7
842aac5ffffffff-2013-07,4
842aac5ffffffff-2013-08,3
842aac5ffffffff-2013-09,4
842aac5ffffffff-2013-10,5
842aac5ffffffff-2014-04,1
842aac5ffffffff-2014-05,7
842aac5ffffffff-2014-08,23
842aac5ffffffff-2014-09,21
842aac5ffffffff-2014-10,10
842aac5ffffffff-2014-11,2
842aac5ffffffff-2015-04,1
842aac5ffffffff-2015-05,3
842aac5ffffffff-2015-07,2
842aac5ffffffff-2015-08,61
842aac5ffffffff-2015-09,30
842aac5ffffffff-2015-10,14
842aac5ffffffff-2016-04,8
842aac5ffffffff-2016-05,11
842aac5ffffffff-2016-07,6
842aac5ffffffff-2016-08,79
842aac5ffffffff-2016-09,61
842aac5ffffffff-2016-10,71
842aac5ffffffff-2017-04,15
842aac5ffffffff-2017-05,25
842aac5ffffffff-2017-07,12
842aac5ffffffff-2017-08,76
842aac5ffffffff-2017-09,56
842aac5ffffffff-2017-10,33
842aac5ffffffff-2018-04,23
842aac5ffffffff-2018-05,14
842aac5ffffffff-2018-07,15
842aac5ffffffff-2018-08,21
842aac5ffffffff-2018-09,26
842aac5ffffffff-2018-10,8
842aac5ffffffff-2018-11,2
842aac5ffffffff-2019-04,7
842aac5ffffffff-2019-05,29
842aac5ffffffff-2019-07,7
842aac5ffffffff-2019-08,41
842aac5ffffffff-2019-09,46
842aac5ffffffff-2019-10,24
842aac5ffffffff-2020-04,4
842aac5ffffffff-2020-05,50
842aac5ffffffff-2020-07,4
842aac5ffffffff-2020-08,32
842aac5ffffffff-2020-09,30
842aac5ffffffff-2020-10,11
842aac5ffffffff-2020-11,2
842aac5ffffffff-2021-04,2
842aac5ffffffff-2021-05,40
842aac5ffffffff-2021-07,5
842aac5ffffffff-2021-08,13
842aac5ffffffff-2021-09,9
842aac5ffffffff-2021-10,3
842aac5ffffffff-2022-04,14
842aac5ffffffff-2022-05,19
842aac5ffffffff-2022-06,1
842aac5ffffffff-2022-07,13
842aac5ffffffff-2022-08,27
842aac5ffffffff-2022-09,75
842aac5ffffffff-2022-10,14
842aac5ffffffff-2023-04,8
842aac5ffffffff-2023-05,30
842aac5ffffffff-2023-06,1
842aac5ffffffff-2023-07,1
842aac5ffffffff-2023-08,24
842aac5ffffffff-2023-09,50
842aac5ffffffff-2023-10,20
842aac5ffffffff-2023-11,4
842aac7ffffffff-2012-03,1
842aac7ffffffff-2012-04,8
842aac7ffffffff-2012-05,6
842aac7ffffffff-2012-07,5
842aac7ffffffff-2012-08,25
842aac7ffffffff-2012-09,1
842aac7ffffffff-2012-10,1
842aac7ffffffff-2013-03,1
842aac7ffffffff-2013-04,16
842aac7ffffffff-2013-05,49
842aac7ffffffff-2013-07,1
842aac7ffffffff-2013-08,2
842aac7ffffffff-2013-09,7
842aac7ffffffff-2013-10,1
842aac7ffffffff-2014-04,14
842aac7ffffffff-2014-05,94
842aac7ffffffff-2014-08,11
842aac7ffffffff-2014-09,32
842aac7ffffffff-2014-10,13
842aac7ffffffff-2014-11,3
842aac7ffffffff-2014-12,3
842aac7ffffffff-2015-04,51
842aac7ffffffff-2015-05,33
842aac7ffffffff-2015-07,6
842aac7ffffffff-2015-08,3
842aac7ffffffff-2015-09,1
842aac7ffffffff-2015-10,5
842aac7ffffffff-2016-03,2
842aac7ffffffff-2016-04,18
842aac7ffffffff-2016-05,45
842aac7ffffffff-2016-07,35
842aac7ffffffff-2016-08,46
842aac7ffffffff-2016-09,24
842aac7ffffffff-2016-10,8
842aac7ffffffff-2016-11,4
842aac7ffffffff-2016-12,1
842aac7ffffffff-2017-02,4
842aac7ffffffff-2017-04,28
842aac7ffffffff-2017-05,47
842aac7ffffffff-2017-07,9
842aac7ffffffff-2017-08,25
842aac7ffffffff-2017-09,4
842aac7ffffffff-2017-10,6
842aac7ffffffff-2017-11,3
842aac7ffffffff-2018-03,6
842aac7ffffffff-2018-04,37
842aac7ffffffff-2018-05,23
842aac7ffffffff-2018-08,3
842aac7ffffffff-2018-09,27
842aac7ffffffff-2018-10,16
842aac7ffffffff-2018-11,1
842aac7ffffffff-2019-04,27
842aac7ffffffff-2019-05,21
842aac7ffffffff-2019-08,12
842aac7ffffffff-2019-09,63
842aac7ffffffff-2019-10,16
842aac7ffffffff-2019-11,2
842aac7ffffffff-2020-03,3
842aac7ffffffff-2020-04,16
842aac7ffffffff-2020-05,56
842aac7ffffffff-2020-07,10
842aac7ffffffff-2020-08,34
842aac7ffffffff-2020-09,22
842aac7ffffffff-2020-10,185
842aac7ffffffff-2020-11,6
842aac7ffffffff-2021-04,17
842aac7ffffffff-2021-05,14
842aac7ffffffff-2021-07,4
842aac7ffffffff-2021-08,129
842aac7ffffffff-2021-09,30
842aac7ffffffff-2021-10,23
842aac7ffffffff-2022-04,5
842aac7ffffffff-2022-05,27
842aac7ffffffff-2022-08,29
842aac7ffffffff-2022-09,45
842aac7ffffffff-2022-10,17
842aac7ffffffff-2023-04,7
842aac7ffffffff-2023-05,24
842aac7ffffffff-2023-06,1
842aac7ffffffff-2023-08,12
842aac7ffffffff-2023-09,17
842aac7ffffffff-2023-10,14
842aac7ffffffff-2023-11,4
842aac9ffffffff-2012-04,5
842aac9ffffffff-2012-05,8
842aac9ffffffff-2012-10,4
842aac9ffffffff-2012-11,4
842aac9ffffffff-2013-04,6
842aac9ffffffff-2013-08,12
842aac9ffffffff-2013-09,4
842aac9ffffffff-2014-05,1
842aac9ffffffff-2014-08,6
842aac9ffffffff-2014-09,11
842aac9ffffffff-2015-04,1
842aac9ffffffff-2015-05,15
842aac9ffffffff-2015-08,2
842aac9ffffffff-2015-09,5
842aac9ffffffff-2015-10,16
842aac9ffffffff-2016-05,6
842aac9ffffffff-2016-08,19
842aac9ffffffff-2016-09,17
842aac9ffffffff-2016-10,13
842aac9ffffffff-2017-03,3
842aac9ffffffff-2017-04,2
842aac9ffffffff-2017-08,14
842aac9ffffffff-2017-09,5
842aac9ffffffff-2017-10,26
842aac9ffffffff-2017-11,1
842aac9ffffffff-2018-04,2
842aac9ffffffff-2018-05,4
842aac9ffffffff-2018-08,6
842aac9ffffffff-2018-09,2
842aac9ffffffff-2019-04,4
842aac9ffffffff-2019-05,18
842aac9ffffffff-2019-07,1
842aac9ffffffff-2019-08,81
842aac9ffffffff-2019-09,74
842aac9ffffffff-2019-10,1
842aac9ffffffff-2020-04,6
842aac9ffffffff-2020-05,15
842aac9ffffffff-2020-07,2
842aac9ffffffff-2020-08,4
842aac9ffffffff-2020-09,19
842aac9ffffffff-2020-10,10
842aac9ffffffff-2021-04,6
842aac9ffffffff-2021-05,46
842aac9ffffffff-2021-07,3
842aac9ffffffff-2021-08,55
842aac9ffffffff-2021-09,14
842aac9ffffffff-2021-10,33
842aac9ffffffff-2022-04,1
842aac9ffffffff-2022-05,34
842aac9ffffffff-2022-07,2
842aac9ffffffff-2022-08,20
842aac9ffffffff-2022-09,26
842aac9ffffffff-2022-10,15
842aac9ffffffff-2022-11,14
842aac9ffffffff-2023-03,3
842aac9ffffffff-2023-04,38
842aac9ffffffff-2023-05,55
842aac9ffffffff-2023-07,6
842aac9ffffffff-2023-08,31
842aac9ffffffff-2023-09,17
842aac9ffffffff-2023-10,10
842aacbffffffff-2012-04,19
842aacbffffffff-2012-05,16
842aacbffffffff-2012-07,38
842aacbffffffff-2012-08,117
842aacbffffffff-2012-09,18
842aacbffffffff-2012-10,6
842aacbffffffff-2013-03,5
842aacbffffffff-2013-04,38
842aacbffffffff-2013-05,43
842aacbffffffff-2013-07,1
842aacbffffffff-2013-08,24
842aacbffffffff-2013-09,87
842aacbffffffff-2013-10,33
842aacbffffffff-2013-11,13
842aacbffffffff-2014-02,1
842aacbffffffff-2014-03,1
842aacbffffffff-2014-04,29
842aacbffffffff-2014-05,9
842aacbffffffff-2014-07,9
842aacbffffffff-2014-08,15
842aacbffffffff-2014-09,107
842aacbffffffff-2014-10,105
842aacbffffffff-2014-11,63
842aacbffffffff-2015-03,3
842aacbffffffff-2015-04,23
842aacbffffffff-2015-05,42
842aacbffffffff-2015-07,11
842aacbffffffff-2015-08,108
842aacbffffffff-2015-09,134
842aacbffffffff-2015-10,101
842aacbffffffff-2015-11,12
842aacbffffffff-2016-03,4
842aacbffffffff-2016-04,21
842aacbffffffff-2016-05,45
842aacbffffffff-2016-07,47
842aacbffffffff-2016-08,138
842aacbffffffff-2016-09,192
842aacbffffffff-2016-10,95
842aacbffffffff-2017-03,6
842aacbffffffff-2017-04,41
842aacbffffffff-2017-05,36
842aacbffffffff-2017-07,20
842aacbffffffff-2017-08,36
842aacbffffffff-2017-09,135
842aacbffffffff-2017-10,16
842aacbffffffff-2017-11,2
842aacbffffffff-2018-04,136
842aacbffffffff-2018-05,31
842aacbffffffff-2018-07,34
842aacbffffffff-2018-08,70
842aacbffffffff-2018-09,89
842aacbffffffff-2018-10,12
842aacbffffffff-2018-11,2
842aacbffffffff-2019-03,3
842aacbffffffff-2019-04,25
842aacbffffffff-2019-05,62
842aacbffffffff-2019-07,2
842aacbffffffff-2019-08,20
842aacbffffffff-2019-09,69
842aacbffffffff-2019-10,22
842aacbffffffff-2020-03,20
842aacbffffffff-2020-04,68
842aacbffffffff-2020-05,171
842aacbffffffff-2020-07,10
842aacbffffffff-2020-08,45
842aacbffffffff-2020-09,19
842aacbffffffff-2020-10,13
842aacbffffffff-2020-11,4
842aacbffffffff-2021-03,3
842aacbffffffff-2021-04,91
842aacbffffffff-2021-05,242
842aacbffffffff-2021-06,2
842aacbffffffff-2021-07,21
842aacbffffffff-2021-08,87
842aacbffffffff-2021-09,31
842aacbffffffff-2021-10,19
842aacbffffffff-2021-11,1
842aacbffffffff-2022-04,63
842aacbffffffff-2022-05,86
842aacbffffffff-2022-07,45
842aacbffffffff-2022-08,187
842aacbffffffff-2022-09,191
842aacbffffffff-2022-10,92
842aacbffffffff-2023-02,1
842aacbffffffff-2023-03,6
842aacbffffffff-2023-04,132
842aacbffffffff-2023-05,291
842aacbffffffff-2023-07,20
842aacbffffffff-2023-08,85
842aacbffffffff-2023-09,48
842aacbffffffff-2023-10,15
842aacdffffffff-2012-03,2
842aacdffffffff-2012-04,9
842aacdffffffff-2012-05,11
842aacdffffffff-2012-07,9
842aacdffffffff-2012-08,4
842aacdffffffff-2013-04,3
842aacdffffffff-2013-05,1
842aacdffffffff-2013-08,1
842aacdffffffff-2013-09,1
842aacdffffffff-2014-04,1
842aacdffffffff-2014-05,4
842aacdffffffff-2014-08,3
842aacdffffffff-2014-09,5
842aacdffffffff-2014-10,5
842aacdffffffff-2015-04,4
842aacdffffffff-2015-05,4
842aacdffffffff-2015-06,4
842aacdffffffff-2015-07,1
842aacdffffffff-2015-08,2
842aacdffffffff-2015-09,1
842aacdffffffff-2015-10,3
842aacdffffffff-2016-04,28
842aacdffffffff-2016-05,17
842aacdffffffff-2016-07,4
842aacdffffffff-2016-08,12
842aacdffffffff-2016-09,11
842aacdffffffff-2016-10,3
842aacdffffffff-2017-04,16
842aacdffffffff-2017-05,21
842aacdffffffff-2017-06,1
842aacdffffffff-2017-07,1
842aacdffffffff-2017-08,13
842aacdffffffff-2017-09,10
842aacdffffffff-2017-10,3
842aacdffffffff-2018-04,8
842aacdffffffff-2018-05,11
842aacdffffffff-2018-06,1
842aacdffffffff-2018-07,7
842aacdffffffff-2018-08,2
842aacdffffffff-2018-09,26
842aacdffffffff-2018-10,6
842aacdffffffff-2019-04,2
842aacdffffffff-2019-05,14
842aacdffffffff-2019-07,4
842aacdffffffff-2019-08,3
842aacdffffffff-2019-09,10
842aacdffffffff-2020-04,14
842aacdffffffff-2020-05,20
842aacdffffffff-2020-07,17
842aacdffffffff-2020-08,24
842aacdffffffff-2020-09,25
842aacdffffffff-2020-10,2
842aacdffffffff-2021-04,4
842aacdffffffff-2021-05,50
842aacdffffffff-2021-07,1
842aacdffffffff-2021-08,133
842aacdffffffff-2021-09,15
842aacdffffffff-2021-10,28
842aacdffffffff-2021-11,1
842aacdffffffff-2022-04,7
842aacdffffffff-2022-05,24
842aacdffffffff-2022-07,17
842aacdffffffff-2022-08,188
842aacdffffffff-2022-09,137
842aacdffffffff-2022-10,31
842aacdffffffff-2022-11,7
842aacdffffffff-2023-04,14
842aacdffffffff-2023-05,70
842aacdffffffff-2023-07,160
842aacdffffffff-2023-08,202
842aacdffffffff-2023-09,125
842aacdffffffff-2023-10,108
842aacdffffffff-2023-11,4
842aad1ffffffff-2012-01,6
842aad1ffffffff-2012-02,3
842aad1ffffffff-2012-03,18
842aad1ffffffff-2012-04,77
842aad1ffffffff-2012-05,84
842aad1ffffffff-2012-06,16
842aad1ffffffff-2012-07,207
842aad1ffffffff-2012-08,212
842aad1ffffffff-2012-09,94
842aad1ffffffff-2012-10,128
842aad1ffffffff-2012-11,20
842aad1ffffffff-2013-01,9
842aad1ffffffff-2013-02,3
842aad1ffffffff-2013-03,22
842aad1ffffffff-2013-04,51
842aad1ffffffff-2013-05,68
842aad1ffffffff-2013-06,1
842aad1ffffffff-2013-07,147
842aad1ffffffff-2013-08,326
842aad1ffffffff-2013-09,333
842aad1ffffffff-2013-10,157
842aad1ffffffff-2013-11,13
842aad1ffffffff-2013-12,3
842aad1ffffffff-2014-01,8
842aad1ffffffff-2014-02,6
842aad1ffffffff-2014-03,43
842aad1ffffffff-2014-04,83
842aad1ffffffff-2014-05,254
842aad1ffffffff-2014-06,17
842aad1ffffffff-2014-07,273
842aad1ffffffff-2014-08,353
842aad1ffffffff-2014-09,503
842aad1ffffffff-2014-10,172
842aad1ffffffff-2014-11,41
842aad1ffffffff-2015-01,7
842aad1ffffffff-2015-02,6
842aad1ffffffff-2015-03,29
842aad1ffffffff-2015-04,132
842aad1ffffffff-2015-05,207
842aad1ffffffff-2015-06,57
842aad1ffffffff-2015-07,196
842aad1ffffffff-2015-08,356
842aad1ffffffff-2015-09,349
842aad1ffffffff-2015-10,143
842aad1ffffffff-2015-11,15
842aad1ffffffff-2015-12,5
842aad1ffffffff-2016-01,10
842aad1ffffffff-2016-02,12
842aad1ffffffff-2016-03,15
842aad1ffffffff-2016-04,105
842aad1ffffffff-2016-05,377
842aad1ffffffff-2016-06,6
842aad1ffffffff-2016-07,200
842aad1ffffffff-2016-08,315
842aad1ffffffff-2016-09,260
842aad1ffffffff-2016-10,93
842aad1ffffffff-2016-11,21
842aad1ffffffff-2016-12,2
842aad1ffffffff-2017-01,13
842aad1ffffffff-2017-02,8
842aad1ffffffff-2017-03,56
842aad1ffffffff-2017-04,226
842aad1ffffffff-2017-05,329
842aad1ffffffff-2017-06,6
842aad1ffffffff-2017-07,221
842aad1ffffffff-2017-08,216
842aad1ffffffff-2017-09,220
842aad1ffffffff-2017-10,94
842aad1ffffffff-2017-11,30
842aad1ffffffff-2017-12,18
842aad1ffffffff-2018-01,2
842aad1ffffffff-2018-02,8
842aad1ffffffff-2018-03,25
842aad1ffffffff-2018-04,178
842aad1ffffffff-2018-05,254
842aad1ffffffff-2018-06,8
842aad1ffffffff-2018-07,331
842aad1ffffffff-2018-08,385
842aad1ffffffff-2018-09,335
842aad1ffffffff-2018-10,232
842aad1ffffffff-2018-11,15
842aad1ffffffff-2018-12,8
842aad1ffffffff-2019-01,4
842aad1ffffffff-2019-02,3
842aad1ffffffff-2019-03,27
842aad1ffffffff-2019-04,135
842aad1ffffffff-2019-05,513
842aad1ffffffff-2019-06,9
842aad1ffffffff-2019-07,280
842aad1ffffffff-2019-08,421
842aad1ffffffff-2019-09,344
842aad1ffffffff-2019-10,541
842aad1ffffffff-2019-11,66
842aad1ffffffff-2019-12,2
842aad1ffffffff-2020-01,7
842aad1ffffffff-2020-02,36
842aad1ffffffff-2020-03,61
842aad1ffffffff-2020-04,134
842aad1ffffffff-2020-05,310
842aad1ffffffff-2020-06,5
842aad1ffffffff-2020-07,192
842aad1ffffffff-2020-08,386
842aad1ffffffff-2020-09,218
842aad1ffffffff-2020-10,162
842aad1ffffffff-2020-11,29
842aad1ffffffff-2020-12,24
842aad1ffffffff-2021-01,10
842aad1ffffffff-2021-02,12
842aad1ffffffff-2021-03,95
842aad1ffffffff-2021-04,243
842aad1ffffffff-2021-05,642
842aad1ffffffff-2021-06,29
842aad1ffffffff-2021-07,284
842aad1ffffffff-2021-08,322
842aad1ffffffff-2021-09,642
842aad1ffffffff-2021-10,967
842aad1ffffffff-2021-11,76
842aad1ffffffff-2021-12,4
842aad1ffffffff-2022-01,3
842aad1ffffffff-2022-02,20
842aad1ffffffff-2022-03,78
842aad1ffffffff-2022-04,250
842aad1ffffffff-2022-05,453
842aad1ffffffff-2022-06,33
842aad1ffffffff-2022-07,505
842aad1ffffffff-2022-08,670
842aad1ffffffff-2022-09,741
842aad1ffffffff-2022-10,237
842aad1ffffffff-2022-11,27
842aad1ffffffff-2022-12,4
842aad1ffffffff-2023-01,17
842aad1ffffffff-2023-02,22
842aad1ffffffff-2023-03,96
842aad1ffffffff-2023-04,366
842aad1ffffffff-2023-05,528
842aad1ffffffff-2023-06,18
842aad1ffffffff-2023-07,238
842aad1ffffffff-2023-08,538
842aad1ffffffff-2023-09,506
842aad1ffffffff-2023-10,425
842aad1ffffffff-2023-11,16
842aad3ffffffff-2012-04,7
842aad3ffffffff-2012-05,6
842aad3ffffffff-2012-07,3
842aad3ffffffff-2012-08,3
842aad3ffffffff-2012-09,1
842aad3ffffffff-2012-10,6
842aad3ffffffff-2013-01,2
842aad3ffffffff-2013-03,4
842aad3ffffffff-2013-04,9
842aad3ffffffff-2013-05,8
842aad3ffffffff-2013-07,6
842aad3ffffffff-2013-08,12
842aad3ffffffff-2013-09,6
842aad3ffffffff-2013-10,3
842aad3ffffffff-2013-12,2
842aad3ffffffff-2014-01,4
842aad3ffffffff-2014-03,4
842aad3ffffffff-2014-04,12
842aad3ffffffff-2014-05,9
842aad3ffffffff-2014-07,20
842aad3ffffffff-2014-08,38
842aad3ffffffff-2014-09,9
842aad3ffffffff-2014-10,2
842aad3ffffffff-2014-11,2
842aad3ffffffff-2015-03,1
842aad3ffffffff-2015-04,12
842aad3ffffffff-2015-05,5
842aad3ffffffff-2015-06,1
842aad3ffffffff-2015-07,16
842aad3ffffffff-2015-08,22
842aad3ffffffff-2015-09,22
842aad3ffffffff-2015-10,1
842aad3ffffffff-2015-11,3
842aad3ffffffff-2016-01,3
842aad3ffffffff-2016-02,1
842aad3ffffffff-2016-03,4
842aad3ffffffff-2016-04,15
842aad3ffffffff-2016-05,22
842aad3ffffffff-2016-06,3
842aad3ffffffff-2016-07,22
842aad3ffffffff-2016-08,26
842aad3ffffffff-2016-09,19
842aad3ffffffff-2016-10,5
842aad3ffffffff-2016-11,1
842aad3ffffffff-2017-01,1
842aad3ffffffff-2017-02,3
842aad3ffffffff-2017-03,9
842aad3ffffffff-2017-04,28
842aad3ffffffff-2017-05,23
842aad3ffffffff-2017-06,4
842aad3ffffffff-2017-07,12
842aad3ffffffff-2017-08,22
842aad3ffffffff-2017-09,7
842aad3ffffffff-2017-10,11
842aad3ffffffff-2017-11,11
842aad3ffffffff-2017-12,4
842aad3ffffffff-2018-02,2
842aad3ffffffff-2018-03,17
842aad3ffffffff-2018-04,41
842aad3ffffffff-2018-05,28
842aad3ffffffff-2018-06,1
842aad3ffffffff-2018-07,13
842aad3ffffffff-2018-08,60
842aad3ffffffff-2018-09,22
842aad3ffffffff-2018-10,35
842aad3ffffffff-2018-11,3
842aad3ffffffff-2018-12,2
842aad3ffffffff-2019-01,10
842aad3ffffffff-2019-03,9
842aad3ffffffff-2019-04,31
842aad3ffffffff-2019-05,37
842aad3ffffffff-2019-06,4
842aad3ffffffff-2019-07,20
842aad3ffffffff-2019-08,38
842aad3ffffffff-2019-09,21
842aad3ffffffff-2019-10,5
842aad3ffffffff-2019-12,6
842aad3ffffffff-2020-01,2
842aad3ffffffff-2020-02,1
842aad3ffffffff-2020-03,10
842aad3ffffffff-2020-04,108
842aad3ffffffff-2020-05,58
842aad3ffffffff-2020-06,3
842aad3ffffffff-2020-07,23
842aad3ffffffff-2020-08,41
842aad3ffffffff-2020-09,45
842aad3ffffffff-2020-10,34
842aad3ffffffff-2020-11,4
842aad3ffffffff-2020-12,2
842aad3ffffffff-2021-01,3
842aad3ffffffff-2021-02,3
842aad3ffffffff-2021-03,31
842aad3ffffffff-2021-04,91
842aad3ffffffff-2021-05,69
842aad3ffffffff-2021-06,4
842aad3ffffffff-2021-07,35
842aad3ffffffff-2021-08,44
842aad3ffffffff-2021-09,39
842aad3ffffffff-2021-10,38
842aad3ffffffff-2021-11,5
842aad3ffffffff-2021-12,3
842aad3ffffffff-2022-01,13
842aad3ffffffff-2022-02,5
842aad3ffffffff-2022-03,32
842aad3ffffffff-2022-04,170
842aad3ffffffff-2022-05,87
842aad3ffffffff-2022-06,5
842aad3ffffffff-2022-07,38
842aad3ffffffff-2022-08,88
842aad3ffffffff-2022-09,52
842aad3ffffffff-2022-10,16
842aad3ffffffff-2022-11,5
842aad3ffffffff-2022-12,2
842aad3ffffffff-2023-01,4
842aad3ffffffff-2023-02,11
842aad3ffffffff-2023-03,49
842aad3ffffffff-2023-04,99
842aad3ffffffff-2023-05,101
842aad3ffffffff-2023-06,7
842aad3ffffffff-2023-07,50
842aad3ffffffff-2023-08,61
842aad3ffffffff-2023-09,30
842aad3ffffffff-2023-10,19
842aad3ffffffff-2023-11,15
842aad5ffffffff-2012-01,2
842aad5ffffffff-2012-02,15
842aad5ffffffff-2012-03,20
842aad5ffffffff-2012-04,64
842aad5ffffffff-2012-05,36
842aad5ffffffff-2012-06,9
842aad5ffffffff-2012-07,86
842aad5ffffffff-2012-08,102
842aad5ffffffff-2012-09,39
842aad5ffffffff-2012-10,29
842aad5ffffffff-2012-11,7
842aad5ffffffff-2012-12,8
842aad5ffffffff-2013-01,1
842aad5ffffffff-2013-02,11
842aad5ffffffff-2013-03,53
842aad5ffffffff-2013-04,76
842aad5ffffffff-2013-05,49
842aad5ffffffff-2013-06,17
842aad5ffffffff-2013-07,78
842aad5ffffffff-2013-08,216
842aad5ffffffff-2013-09,81
842aad5ffffffff-2013-10,17
842aad5ffffffff-2013-11,17
842aad5ffffffff-2013-12,4
842aad5ffffffff-2014-02,1
842aad5ffffffff-2014-03,13
842aad5ffffffff-2014-04,64
842aad5ffffffff-2014-05,105
842aad5ffffffff-2014-06,37
842aad5ffffffff-2014-07,94
842aad5ffffffff-2014-08,209
842aad5ffffffff-2014-09,105
842aad5ffffffff-2014-10,41
842aad5ffffffff-2014-11,32
842aad5ffffffff-2014-12,7
842aad5ffffffff-2015-03,17
842aad5ffffffff-2015-04,87
842aad5ffffffff-2015-05,53
842aad5ffffffff-2015-06,4
842aad5ffffffff-2015-07,149
842aad5ffffffff-2015-08,165
842aad5ffffffff-2015-09,68
842aad5ffffffff-2015-10,56
842aad5ffffffff-2015-11,47
842aad5ffffffff-2015-12,23
842aad5ffffffff-2016-02,2
842aad5ffffffff-2016-03,47
842aad5ffffffff-2016-04,114
842aad5ffffffff-2016-05,94
842aad5ffffffff-2016-06,41
842aad5ffffffff-2016-07,116
842aad5ffffffff-2016-08,200
842aad5ffffffff-2016-09,111
842aad5ffffffff-2016-10,71
842aad5ffffffff-2016-11,40
842aad5ffffffff-2016-12,20
842aad5ffffffff-2017-01,6
842aad5ffffffff-2017-02,1
842aad5ffffffff-2017-03,10
842aad5ffffffff-2017-04,108
842aad5ffffffff-2017-05,85
842aad5ffffffff-2017-06,99
842aad5ffffffff-2017-07,243
842aad5ffffffff-2017-08,191
842aad5ffffffff-2017-09,113
842aad5ffffffff-2017-10,77
842aad5ffffffff-2017-11,37
842aad5ffffffff-2017-12,10
842aad5ffffffff-2018-03,15
842aad5ffffffff-2018-04,124
842aad5ffffffff-2018-05,118
842aad5ffffffff-2018-06,33
842aad5ffffffff-2018-07,208
842aad5ffffffff-2018-08,192
842aad5ffffffff-2018-09,92
842aad5ffffffff-2018-10,73
842aad5ffffffff-2018-11,35
842aad5ffffffff-2018-12,11
842aad5ffffffff-2019-02,2
842aad5ffffffff-2019-03,62
842aad5ffffffff-2019-04,118
842aad5ffffffff-2019-05,139
842aad5ffffffff-2019-06,52
842aad5ffffffff-2019-07,189
842aad5ffffffff-2019-08,252
842aad5ffffffff-2019-09,74
842aad5ffffffff-2019-10,93
842aad5ffffffff-2019-11,46
842aad5ffffffff-2019-12,32
842aad5ffffffff-2020-01,18
842aad5ffffffff-2020-02,3
842aad5ffffffff-2020-03,36
842aad5ffffffff-2020-04,40
842aad5ffffffff-2020-05,107
842aad5ffffffff-2020-06,30
842aad5ffffffff-2020-07,185
842aad5ffffffff-2020-08,168
842aad5ffffffff-2020-09,61
842aad5ffffffff-2020-10,105
842aad5ffffffff-2020-11,103
842aad5ffffffff-2020-12,22
842aad5ffffffff-2021-01,20
842aad5ffffffff-2021-02,11
842aad5ffffffff-2021-03,62
842aad5ffffffff-2021-04,220
842aad5ffffffff-2021-05,254
842aad5ffffffff-2021-06,43
842aad5ffffffff-2021-07,293
842aad5ffffffff-2021-08,539
842aad5ffffffff-2021-09,287
842aad5ffffffff-2021-10,227
842aad5ffffffff-2021-11,39
842aad5ffffffff-2021-12,37
842aad5ffffffff-2022-01,5
842aad5ffffffff-2022-02,14
842aad5ffffffff-2022-03,50
842aad5ffffffff-2022-04,196
842aad5ffffffff-2022-05,191
842aad5ffffffff-2022-06,63
842aad5ffffffff-2022-07,301
842aad5ffffffff-2022-08,368
842aad5ffffffff-2022-09,163
842aad5ffffffff-2022-10,156
842aad5ffffffff-2022-11,133
842aad5ffffffff-2022-12,15
842aad5ffffffff-2023-01,5
842aad5ffffffff-2023-02,16
842aad5ffffffff-2023-03,103
842aad5ffffffff-2023-04,269
842aad5ffffffff-2023-05,279
842aad5ffffffff-2023-06,123
842aad5ffffffff-2023-07,516
842aad5ffffffff-2023-08,455
842aad5ffffffff-2023-09,159
842aad5ffffffff-2023-10,231
842aad5ffffffff-2023-11,157
842aad7ffffffff-2012-03,1
842aad7ffffffff-2013-03,1
842aad7ffffffff-2013-04,7
842aad7ffffffff-2013-05,4
842aad7ffffffff-2013-07,1
842aad7ffffffff-2013-08,22
842aad7ffffffff-2013-09,15
842aad7ffffffff-2013-10,1
842aad7ffffffff-2014-01,1
842aad7ffffffff-2014-03,4
842aad7ffffffff-2014-04,8
842aad7ffffffff-2014-05,4
842aad7ffffffff-2014-07,2
842aad7ffffffff-2014-08,4
842aad7ffffffff-2014-09,1
842aad7ffffffff-2015-04,5
842aad7ffffffff-2015-05,8
842aad7ffffffff-2015-07,2
842aad7ffffffff-2015-08,14
842aad7ffffffff-2015-09,2
842aad7ffffffff-2015-11,2
842aad7ffffffff-2016-01,2
842aad7ffffffff-2016-03,1
842aad7ffffffff-2016-04,7
842aad7ffffffff-2016-05,27
842aad7ffffffff-2016-06,3
842aad7ffffffff-2016-07,8
842aad7ffffffff-2016-08,7
842aad7ffffffff-2016-09,4
842aad7ffffffff-2016-10,1
842aad7ffffffff-2016-12,1
842aad7ffffffff-2017-03,5
842aad7ffffffff-2017-05,9
842aad7ffffffff-2017-07,2
842aad7ffffffff-2017-08,3
842aad7ffffffff-2018-02,3
842aad7ffffffff-2018-04,14
842aad7ffffffff-2018-05,9
842aad7ffffffff-2018-08,4
842aad7ffffffff-2018-09,5
842aad7ffffffff-2018-10,2
842aad7ffffffff-2018-11,2
842aad7ffffffff-2019-03,1
842aad7ffffffff-2019-05,8
842aad7ffffffff-2019-06,1
842aad7ffffffff-2019-08,1
842aad7ffffffff-2019-09,3
842aad7ffffffff-2019-10,2
842aad7ffffffff-2020-02,5
842aad7ffffffff-2020-03,8
842aad7ffffffff-2020-04,25
842aad7ffffffff-2020-05,9
842aad7ffffffff-2020-07,3
842aad7ffffffff-2020-08,5
842aad7ffffffff-2020-09,1
842aad7ffffffff-2020-10,3
842aad7ffffffff-2020-12,2
842aad7ffffffff-2021-01,3
842aad7ffffffff-2021-02,3
842aad7ffffffff-2021-03,17
842aad7ffffffff-2021-04,1
842aad7ffffffff-2021-05,11
842aad7ffffffff-2021-07,10
842aad7ffffffff-2021-08,7
842aad7ffffffff-2021-09,26
842aad7ffffffff-2022-04,4
842aad7ffffffff-2022-05,4
842aad7ffffffff-2022-08,2
842aad7ffffffff-2022-09,3
842aad7ffffffff-2022-10,3
842aad7ffffffff-2022-11,1
842aad7ffffffff-2023-02,1
842aad7ffffffff-2023-03,6
842aad7ffffffff-2023-04,7
842aad7ffffffff-2023-05,12
842aad7ffffffff-2023-07,2
842aad7ffffffff-2023-08,39
842aad7ffffffff-2023-09,32
842aad7ffffffff-2023-10,4
842aad9ffffffff-2012-01,2
842aad9ffffffff-2012-03,7
842aad9ffffffff-2012-04,47
842aad9ffffffff-2012-05,83
842aad9ffffffff-2012-06,1
842aad9ffffffff-2012-07,8
842aad9ffffffff-2012-08,4
842aad9ffffffff-2012-09,2
842aad9ffffffff-2012-10,2
842aad9ffffffff-2012-11,6
842aad9ffffffff-2012-12,3
842aad9ffffffff-2013-01,6
842aad9ffffffff-2013-02,8
842aad9ffffffff-2013-03,27
842aad9ffffffff-2013-04,166
842aad9ffffffff-2013-05,80
842aad9ffffffff-2013-07,4
842aad9ffffffff-2013-08,11
842aad9ffffffff-2013-09,9
842aad9ffffffff-2013-10,8
842aad9ffffffff-2013-11,4
842aad9ffffffff-2014-01,6
842aad9ffffffff-2014-03,33
842aad9ffffffff-2014-04,68
842aad9ffffffff-2014-05,174
842aad9ffffffff-2014-06,5
842aad9ffffffff-2014-07,6
842aad9ffffffff-2014-08,9
842aad9ffffffff-2014-09,8
842aad9ffffffff-2014-10,8
842aad9ffffffff-2014-11,3
842aad9ffffffff-2014-12,3
842aad9ffffffff-2015-02,1
842aad9ffffffff-2015-03,17
842aad9ffffffff-2015-04,67
842aad9ffffffff-2015-05,76
842aad9ffffffff-2015-07,3
842aad9ffffffff-2015-08,4
842aad9ffffffff-2015-09,5
842aad9ffffffff-2015-10,20
842aad9ffffffff-2015-11,3
842aad9ffffffff-2016-01,15
842aad9ffffffff-2016-02,6
842aad9ffffffff-2016-03,28
842aad9ffffffff-2016-04,110
842aad9ffffffff-2016-05,97
842aad9ffffffff-2016-06,2
842aad9ffffffff-2016-07,3
842aad9ffffffff-2016-08,5
842aad9ffffffff-2016-09,7
842aad9ffffffff-2016-10,3
842aad9ffffffff-2016-11,1
842aad9ffffffff-2016-12,1
842aad9ffffffff-2017-02,1
842aad9ffffffff-2017-03,5
842aad9ffffffff-2017-04,112
842aad9ffffffff-2017-05,169
842aad9ffffffff-2017-08,5
842aad9ffffffff-2017-09,36
842aad9ffffffff-2017-10,8
842aad9ffffffff-2017-11,1
842aad9ffffffff-2017-12,1
842aad9ffffffff-2018-03,14
842aad9ffffffff-2018-04,256
842aad9ffffffff-2018-05,149
842aad9ffffffff-2018-07,2
842aad9ffffffff-2018-08,7
842aad9ffffffff-2018-09,49
842aad9ffffffff-2018-10,9
842aad9ffffffff-2018-11,1
842aad9ffffffff-2019-02,1
842aad9ffffffff-2019-03,8
842aad9ffffffff-2019-04,86
842aad9ffffffff-2019-05,119
842aad9ffffffff-2019-07,8
842aad9ffffffff-2019-08,14
842aad9ffffffff-2019-09,5
842aad9ffffffff-2019-10,5
842aad9ffffffff-2019-11,4
842aad9ffffffff-2020-02,2
842aad9ffffffff-2020-03,18
842aad9ffffffff-2020-04,43
842aad9ffffffff-2020-05,45
842aad9ffffffff-2020-07,3
842aad9ffffffff-2020-08,46
842aad9ffffffff-2020-09,9
842aad9ffffffff-2020-10,1
842aad9ffffffff-2020-11,5
842aad9ffffffff-2021-01,8
842aad9ffffffff-2021-02,4
842aad9ffffffff-2021-03,4
842aad9ffffffff-2021-04,27
842aad9ffffffff-2021-05,100
842aad9ffffffff-2021-06,15
842aad9ffffffff-2021-07,8
842aad9ffffffff-2021-08,39
842aad9ffffffff-2021-09,21
842aad9ffffffff-2021-10,17
842aad9ffffffff-2021-11,4
842aad9ffffffff-2021-12,4
842aad9ffffffff-2022-01,1
842aad9ffffffff-2022-02,2
842aad9ffffffff-2022-03,11
842aad9ffffffff-2022-04,43
842aad9ffffffff-2022-05,90
842aad9ffffffff-2022-06,3
842aad9ffffffff-2022-07,19
842aad9ffffffff-2022-08,41
842aad9ffffffff-2022-09,65
842aad9ffffffff-2022-10,13
842aad9ffffffff-2022-11,3
842aad9ffffffff-2022-12,4
842aad9ffffffff-2023-02,2
842aad9ffffffff-2023-03,9
842aad9ffffffff-2023-04,62
842aad9ffffffff-2023-05,109
842aad9ffffffff-2023-07,11
842aad9ffffffff-2023-08,54
842aad9ffffffff-2023-09,38
842aad9ffffffff-2023-10,19
842aad9ffffffff-2023-11,4
842aadbffffffff-2012-01,2
842aadbffffffff-2012-02,2
842aadbffffffff-2012-04,11
842aadbffffffff-2012-05,14
842aadbffffffff-2012-07,2
842aadbffffffff-2012-08,4
842aadbffffffff-2012-09,10
842aadbffffffff-2012-10,21
842aadbffffffff-2012-11,3
842aadbffffffff-2013-03,2
842aadbffffffff-2013-04,11
842aadbffffffff-2013-05,26
842aadbffffffff-2013-07,6
842aadbffffffff-2013-08,7
842aadbffffffff-2013-09,12
842aadbffffffff-2013-10,14
842aadbffffffff-2013-11,1
842aadbffffffff-2014-01,1
842aadbffffffff-2014-03,1
842aadbffffffff-2014-04,2
842aadbffffffff-2014-05,22
842aadbffffffff-2014-07,6
842aadbffffffff-2014-08,22
842aadbffffffff-2014-09,33
842aadbffffffff-2014-10,34
842aadbffffffff-2015-04,17
842aadbffffffff-2015-05,16
842aadbffffffff-2015-07,10
842aadbffffffff-2015-08,9
842aadbffffffff-2015-09,21
842aadbffffffff-2015-10,37
842aadbffffffff-2015-11,2
842aadbffffffff-2016-03,1
842aadbffffffff-2016-04,16
842aadbffffffff-2016-05,69
842aadbffffffff-2016-07,29
842aadbffffffff-2016-08,14
842aadbffffffff-2016-09,21
842aadbffffffff-2016-10,54
842aadbffffffff-2016-11,3
842aadbffffffff-2016-12,1
842aadbffffffff-2017-03,1
842aadbffffffff-2017-04,11
842aadbffffffff-2017-05,61
842aadbffffffff-2017-07,11
842aadbffffffff-2017-08,16
842aadbffffffff-2017-09,18
842aadbffffffff-2017-10,16
842aadbffffffff-2017-11,3
842aadbffffffff-2018-04,17
842aadbffffffff-2018-05,44
842aadbffffffff-2018-07,11
842aadbffffffff-2018-08,9
842aadbffffffff-2018-09,28
842aadbffffffff-2018-10,33
842aadbffffffff-2018-11,2
842aadbffffffff-2019-04,14
842aadbffffffff-2019-05,136
842aadbffffffff-2019-07,11
842aadbffffffff-2019-08,14
842aadbffffffff-2019-09,14
842aadbffffffff-2019-10,55
842aadbffffffff-2019-11,8
842aadbffffffff-2019-12,2
842aadbffffffff-2020-01,7
842aadbffffffff-2020-03,2
842aadbffffffff-2020-04,13
842aadbffffffff-2020-05,43
842aadbffffffff-2020-07,7
842aadbffffffff-2020-08,28
842aadbffffffff-2020-09,34
842aadbffffffff-2020-10,43
842aadbffffffff-2020-11,1
842aadbffffffff-2021-01,1
842aadbffffffff-2021-02,2
842aadbffffffff-2021-03,4
842aadbffffffff-2021-04,22
842aadbffffffff-2021-05,107
842aadbffffffff-2021-07,10
842aadbffffffff-2021-08,73
842aadbffffffff-2021-09,53
842aadbffffffff-2021-10,143
842aadbffffffff-2021-11,7
842aadbffffffff-2021-12,5
842aadbffffffff-2022-01,24
842aadbffffffff-2022-04,26
842aadbffffffff-2022-05,65
842aadbffffffff-2022-06,5
842aadbffffffff-2022-07,23
842aadbffffffff-2022-08,48
842aadbffffffff-2022-09,36
842aadbffffffff-2022-10,75
842aadbffffffff-2022-11,10
842aadbffffffff-2023-01,1
842aadbffffffff-2023-03,2
842aadbffffffff-2023-04,45
842aadbffffffff-2023-05,79
842aadbffffffff-2023-07,22
842aadbffffffff-2023-08,49
842aadbffffffff-2023-09,35
842aadbffffffff-2023-10,134
842aadbffffffff-2023-11,7
842aaddffffffff-2012-01,1
842aaddffffffff-2012-02,2
842aaddffffffff-2012-03,4
842aaddffffffff-2012-04,12
842aaddffffffff-2012-05,14
842aaddffffffff-2012-07,25
842aaddffffffff-2012-08,16
842aaddffffffff-2012-09,4
842aaddffffffff-2012-10,8
842aaddffffffff-2012-12,3
842aaddffffffff-2013-01,1
842aaddffffffff-2013-03,11
842aaddffffffff-2013-04,7
842aaddffffffff-2013-05,12
842aaddffffffff-2013-07,15
842aaddffffffff-2013-08,17
842aaddffffffff-2013-09,5
842aaddffffffff-2013-10,4
842aaddffffffff-2014-02,2
842aaddffffffff-2014-03,8
842aaddffffffff-2014-04,21
842aaddffffffff-2014-05,16
842aaddffffffff-2014-07,13
842aaddffffffff-2014-08,15
842aaddffffffff-2014-09,4
842aaddffffffff-2014-10,2
842aaddffffffff-2014-11,2
842aaddffffffff-2014-12,2
842aaddffffffff-2015-03,5
842aaddffffffff-2015-04,18
842aaddffffffff-2015-05,12
842aaddffffffff-2015-06,1
842aaddffffffff-2015-07,22
842aaddffffffff-2015-08,19
842aaddffffffff-2015-09,3
842aaddffffffff-2015-10,5
842aaddffffffff-2015-11,10
842aaddffffffff-2015-12,1
842aaddffffffff-2016-03,11
842aaddffffffff-2016-04,9
842aaddffffffff-2016-05,9
842aaddffffffff-2016-06,1
842aaddffffffff-2016-07,35
842aaddffffffff-2016-08,36
842aaddffffffff-2016-09,25
842aaddffffffff-2016-10,8
842aaddffffffff-2016-11,1
842aaddffffffff-2016-12,2
842aaddffffffff-2017-02,7
842aaddffffffff-2017-03,14
842aaddffffffff-2017-04,16
842aaddffffffff-2017-05,23
842aaddffffffff-2017-06,1
842aaddffffffff-2017-07,6
842aaddffffffff-2017-08,18
842aaddffffffff-2017-09,20
842aaddffffffff-2017-10,22
842aaddffffffff-2017-11,9
842aaddffffffff-2018-03,13
842aaddffffffff-2018-04,30
842aaddffffffff-2018-05,26
842aaddffffffff-2018-06,3
842aaddffffffff-2018-07,13
842aaddffffffff-2018-08,17
842aaddffffffff-2018-09,2
842aaddffffffff-2018-10,2
842aaddffffffff-2018-11,7
842aaddffffffff-2019-01,2
842aaddffffffff-2019-03,2
842aaddffffffff-2019-04,15
842aaddffffffff-2019-05,18
842aaddffffffff-2019-07,6
842aaddffffffff-2019-08,15
842aaddffffffff-2019-09,6
842aaddffffffff-2019-10,2
842aaddffffffff-2019-11,15
842aaddffffffff-2020-01,1
842aaddffffffff-2020-02,2
842aaddffffffff-2020-03,3
842aaddffffffff-2020-04,13
842aaddffffffff-2020-05,20
842aaddffffffff-2020-07,15
842aaddffffffff-2020-08,27
842aaddffffffff-2020-09,14
842aaddffffffff-2020-10,25
842aaddffffffff-2021-01,4
842aaddffffffff-2021-03,6
842aaddffffffff-2021-04,36
842aaddffffffff-2021-05,24
842aaddffffffff-2021-07,14
842aaddffffffff-2021-08,46
842aaddffffffff-2021-09,20
842aaddffffffff-2021-10,35
842aaddffffffff-2021-12,5
842aaddffffffff-2022-02,1
842aaddffffffff-2022-03,17
842aaddffffffff-2022-04,24
842aaddffffffff-2022-05,7
842aaddffffffff-2022-06,3
842aaddffffffff-2022-07,13
842aaddffffffff-2022-08,37
842aaddffffffff-2022-09,6
842aaddffffffff-2022-10,16
842aaddffffffff-2022-11,17
842aaddffffffff-2022-12,4
842aaddffffffff-2023-01,2
842aaddffffffff-2023-02,3
842aaddffffffff-2023-03,18
842aaddffffffff-2023-04,48
842aaddffffffff-2023-05,19
842aaddffffffff-2023-06,2
842aaddffffffff-2023-07,18
842aaddffffffff-2023-08,36
842aaddffffffff-2023-09,4
842aaddffffffff-2023-10,10
842aaddffffffff-2023-11,3
842aae1ffffffff-2012-03,2
842aae1ffffffff-2012-04,11
842aae1ffffffff-2012-05,11
842aae1ffffffff-2012-09,2
842aae1ffffffff-2013-05,2
842aae1ffffffff-2013-09,4
842aae1ffffffff-2014-04,1
842aae1ffffffff-2014-05,5
842aae1ffffffff-2014-07,1
842aae1ffffffff-2015-04,1
842aae1ffffffff-2015-05,2
842aae1ffffffff-2016-04,1
842aae1ffffffff-2016-05,4
842aae1ffffffff-2016-08,4
842aae1ffffffff-2017-09,5
842aae1ffffffff-2018-05,6
842aae1ffffffff-2018-07,1
842aae1ffffffff-2018-09,12
842aae1ffffffff-2018-11,1
842aae1ffffffff-2019-09,1
842aae1ffffffff-2019-10,4
842aae1ffffffff-2020-04,3
842aae1ffffffff-2020-05,14
842aae1ffffffff-2020-08,2
842aae1ffffffff-2020-09,1
842aae1ffffffff-2020-10,1
842aae1ffffffff-2021-05,8
842aae1ffffffff-2021-08,1
842aae1ffffffff-2021-09,8
842aae1ffffffff-2021-10,22
842aae1ffffffff-2022-05,6
842aae1ffffffff-2022-07,1
842aae1ffffffff-2022-08,6
842aae1ffffffff-2022-09,14
842aae1ffffffff-2022-10,13
842aae1ffffffff-2022-11,3
842aae1ffffffff-2023-04,2
842aae1ffffffff-2023-05,9
842aae1ffffffff-2023-08,11
842aae1ffffffff-2023-09,43
842aae1ffffffff-2023-10,8
842aae1ffffffff-2023-11,5
842aae3ffffffff-2012-04,5
842aae3ffffffff-2012-05,1
842aae3ffffffff-2013-05,4
842aae3ffffffff-2013-08,1
842aae3ffffffff-2013-09,2
842aae3ffffffff-2014-04,1
842aae3ffffffff-2014-05,13
842aae3ffffffff-2014-08,2
842aae3ffffffff-2014-10,9
842aae3ffffffff-2015-04,7
842aae3ffffffff-2015-05,8
842aae3ffffffff-2015-10,1
842aae3ffffffff-2016-04,2
842aae3ffffffff-2016-05,7
842aae3ffffffff-2016-08,1
842aae3ffffffff-2016-09,1
842aae3ffffffff-2016-10,1
842aae3ffffffff-2017-04,2
842aae3ffffffff-2017-08,1
842aae3ffffffff-2018-04,1
842aae3ffffffff-2018-05,1
842aae3ffffffff-2018-08,19
842aae3ffffffff-2018-09,8
842aae3ffffffff-2018-10,2
842aae3ffffffff-2019-08,1
842aae3ffffffff-2019-09,5
842aae3ffffffff-2020-04,3
842aae3ffffffff-2020-05,11
842aae3ffffffff-2020-08,8
842aae3ffffffff-2020-09,8
842aae3ffffffff-2021-04,36
842aae3ffffffff-2021-05,50
842aae3ffffffff-2021-08,11
842aae3ffffffff-2021-09,12
842aae3ffffffff-2021-10,1
842aae3ffffffff-2022-05,26
842aae3ffffffff-2022-07,5
842aae3ffffffff-2022-08,38
842aae3ffffffff-2022-09,19
842aae3ffffffff-2022-10,3
842aae3ffffffff-2023-04,2
842aae3ffffffff-2023-05,20
842aae3ffffffff-2023-07,13
842aae3ffffffff-2023-08,2
842aae3ffffffff-2023-09,14
842aae5ffffffff-2012-03,1
842aae5ffffffff-2012-04,5
842aae5ffffffff-2012-05,2
842aae5ffffffff-2012-10,2
842aae5ffffffff-2013-04,2
842aae5ffffffff-2013-05,6
842aae5ffffffff-2013-08,4
842aae5ffffffff-2013-09,3
842aae5ffffffff-2014-04,1
842aae5ffffffff-2014-10,1
842aae5ffffffff-2015-03,1
842aae5ffffffff-2015-05,2
842aae5ffffffff-2015-07,1
842aae5ffffffff-2015-09,19
842aae5ffffffff-2015-10,2
842aae5ffffffff-2016-04,2
842aae5ffffffff-2016-05,7
842aae5ffffffff-2016-08,1
842aae5ffffffff-2017-04,1
842aae5ffffffff-2017-05,4
842aae5ffffffff-2017-08,29
842aae5ffffffff-2017-09,10
842aae5ffffffff-2018-05,1
842aae5ffffffff-2018-08,7
842aae5ffffffff-2018-09,11
842aae5ffffffff-2018-10,1
842aae5ffffffff-2019-04,3
842aae5ffffffff-2019-05,6
842aae5ffffffff-2019-08,9
842aae5ffffffff-2019-09,11
842aae5ffffffff-2019-10,2
842aae5ffffffff-2020-04,19
842aae5ffffffff-2020-05,13
842aae5ffffffff-2020-07,16
842aae5ffffffff-2020-08,17
842aae5ffffffff-2020-09,43
842aae5ffffffff-2020-10,12
842aae5ffffffff-2021-04,15
842aae5ffffffff-2021-05,75
842aae5ffffffff-2021-07,3
842aae5ffffffff-2021-08,9
842aae5ffffffff-2021-09,35
842aae5ffffffff-2021-10,17
842aae5ffffffff-2022-04,21
842aae5ffffffff-2022-05,30
842aae5ffffffff-2022-07,6
842aae5ffffffff-2022-08,47
842aae5ffffffff-2022-09,23
842aae5ffffffff-2022-10,58
842aae5ffffffff-2023-03,3
842aae5ffffffff-2023-04,62
842aae5ffffffff-2023-05,98
842aae5ffffffff-2023-07,8
842aae5ffffffff-2023-08,76
842aae5ffffffff-2023-09,93
842aae5ffffffff-2023-10,39
842aae7ffffffff-2012-05,5
842aae7ffffffff-2012-08,1
842aae7ffffffff-2012-09,2
842aae7ffffffff-2013-04,2
842aae7ffffffff-2013-05,8
842aae7ffffffff-2013-08,6
842aae7ffffffff-2013-09,2
842aae7ffffffff-2014-04,1
842aae7ffffffff-2014-10,1
842aae7ffffffff-2015-05,9
842aae7ffffffff-2016-05,4
842aae7ffffffff-2016-08,1
842aae7ffffffff-2017-04,3
842aae7ffffffff-2017-08,1
842aae7ffffffff-2018-04,5
842aae7ffffffff-2018-05,3
842aae7ffffffff-2020-04,12
842aae7ffffffff-2020-05,12
842aae7ffffffff-2020-09,2
842aae7ffffffff-2020-10,1
842aae7ffffffff-2021-05,2
842aae7ffffffff-2021-07,1
842aae7ffffffff-2021-08,4
842aae7ffffffff-2022-05,4
842aae7ffffffff-2022-08,1
842aae7ffffffff-2023-04,1
842aae7ffffffff-2023-05,1
842aae7ffffffff-2023-07,21
842aae9ffffffff-2012-04,2
842aae9ffffffff-2012-05,3
842aae9ffffffff-2012-07,1
842aae9ffffffff-2012-08,2
842aae9ffffffff-2012-09,3
842aae9ffffffff-2013-05,2
842aae9ffffffff-2014-04,5
842aae9ffffffff-2014-05,19
842aae9ffffffff-2014-08,1
842aae9ffffffff-2014-10,1
842aae9ffffffff-2015-05,1
842aae9ffffffff-2015-09,3
842aae9ffffffff-2015-10,3
842aae9ffffffff-2016-04,3
842aae9ffffffff-2016-05,4
842aae9ffffffff-2016-07,1
842aae9ffffffff-2016-08,6
842aae9ffffffff-2016-09,17
842aae9ffffffff-2016-10,3
842aae9ffffffff-2017-04,1
842aae9ffffffff-2017-05,3
842aae9ffffffff-2017-07,1
842aae9ffffffff-2017-08,13
842aae9ffffffff-2017-09,3
842aae9ffffffff-2017-10,10
842aae9ffffffff-2018-04,5
842aae9ffffffff-2018-05,7
842aae9ffffffff-2018-08,7
842aae9ffffffff-2018-09,2
842aae9ffffffff-2019-04,2
842aae9ffffffff-2019-05,2
842aae9ffffffff-2019-10,1
842aae9ffffffff-2020-04,2
842aae9ffffffff-2020-05,9
842aae9ffffffff-2020-08,11
842aae9ffffffff-2020-09,14
842aae9ffffffff-2020-10,6
842aae9ffffffff-2021-04,9
842aae9ffffffff-2021-05,21
842aae9ffffffff-2022-04,3
842aae9ffffffff-2022-05,18
842aae9ffffffff-2022-08,15
842aae9ffffffff-2022-09,36
842aae9ffffffff-2022-10,66
842aae9ffffffff-2023-03,2
842aae9ffffffff-2023-04,10
842aae9ffffffff-2023-05,34
842aae9ffffffff-2023-07,10
842aae9ffffffff-2023-08,5
842aae9ffffffff-2023-10,3
842aaebffffffff-2012-04,4
842aaebffffffff-2012-05,7
842aaebffffffff-2012-08,1
842aaebffffffff-2012-10,1
842aaebffffffff-2013-04,2
842aaebffffffff-2013-08,4
842aaebffffffff-2013-09,5
842aaebffffffff-2013-10,1
842aaebffffffff-2014-05,2
842aaebffffffff-2014-08,5
842aaebffffffff-2014-09,39
842aaebffffffff-2014-10,7
842aaebffffffff-2014-11,2
842aaebffffffff-2015-05,8
842aaebffffffff-2015-07,1
842aaebffffffff-2015-09,2
842aaebffffffff-2015-10,2
842aaebffffffff-2015-11,3
842aaebffffffff-2016-04,8
842aaebffffffff-2016-05,3
842aaebffffffff-2016-08,5
842aaebffffffff-2016-09,8
842aaebffffffff-2016-10,8
842aaebffffffff-2016-11,7
842aaebffffffff-2017-04,10
842aaebffffffff-2017-05,8
842aaebffffffff-2017-07,2
842aaebffffffff-2017-08,13
842aaebffffffff-2017-09,23
842aaebffffffff-2017-10,8
842aaebffffffff-2017-11,2
842aaebffffffff-2017-12,3
842aaebffffffff-2018-04,2
842aaebffffffff-2018-05,2
842aaebffffffff-2018-07,1
842aaebffffffff-2018-08,9
842aaebffffffff-2018-09,7
842aaebffffffff-2018-10,9
842aaebffffffff-2018-11,2
842aaebffffffff-2019-04,5
842aaebffffffff-2019-05,12
842aaebffffffff-2019-08,17
842aaebffffffff-2019-09,2
842aaebffffffff-2019-10,4
842aaebffffffff-2020-04,5
842aaebffffffff-2020-05,27
842aaebffffffff-2020-07,1
842aaebffffffff-2020-08,14
842aaebffffffff-2020-09,49
842aaebffffffff-2020-10,107
842aaebffffffff-2020-11,26
842aaebffffffff-2021-04,3
842aaebffffffff-2021-05,10
842aaebffffffff-2021-07,1
842aaebffffffff-2021-08,62
842aaebffffffff-2021-09,13
842aaebffffffff-2021-10,29
842aaebffffffff-2022-03,2
842aaebffffffff-2022-04,3
842aaebffffffff-2022-05,42
842aaebffffffff-2022-08,25
842aaebffffffff-2022-09,37
842aaebffffffff-2022-10,44
842aaebffffffff-2022-11,5
842aaebffffffff-2023-04,11
842aaebffffffff-2023-05,6
842aaebffffffff-2023-07,5
842aaebffffffff-2023-08,51
842aaebffffffff-2023-09,58
842aaebffffffff-2023-10,44
842aaebffffffff-2023-11,10
842aaedffffffff-2012-04,4
842aaedffffffff-2012-05,4
842aaedffffffff-2012-09,16
842aaedffffffff-2012-10,2
842aaedffffffff-2013-04,3
842aaedffffffff-2013-05,5
842aaedffffffff-2013-08,4
842aaedffffffff-2013-09,1
842aaedffffffff-2014-04,4
842aaedffffffff-2014-05,10
842aaedffffffff-2014-07,1
842aaedffffffff-2014-08,2
842aaedffffffff-2014-09,7
842aaedffffffff-2015-05,9
842aaedffffffff-2015-08,4
842aaedffffffff-2015-09,8
842aaedffffffff-2015-10,2
842aaedffffffff-2016-04,6
842aaedffffffff-2016-05,8
842aaedffffffff-2016-07,2
842aaedffffffff-2016-08,27
842aaedffffffff-2016-09,8
842aaedffffffff-2016-10,4
842aaedffffffff-2017-04,13
842aaedffffffff-2017-05,2
842aaedffffffff-2017-08,28
842aaedffffffff-2017-09,35
842aaedffffffff-2017-10,3
842aaedffffffff-2018-04,15
842aaedffffffff-2018-05,11
842aaedffffffff-2018-07,10
842aaedffffffff-2018-08,20
842aaedffffffff-2018-09,45
842aaedffffffff-2018-10,29
842aaedffffffff-2018-11,3
842aaedffffffff-2019-03,8
842aaedffffffff-2019-04,27
842aaedffffffff-2019-05,90
842aaedffffffff-2019-07,10
842aaedffffffff-2019-08,4
842aaedffffffff-2019-09,2
842aaedffffffff-2020-04,30
842aaedffffffff-2020-05,38
842aaedffffffff-2020-08,6
842aaedffffffff-2020-09,5
842aaedffffffff-2020-10,1
842aaedffffffff-2021-04,8
842aaedffffffff-2021-05,25
842aaedffffffff-2021-08,25
842aaedffffffff-2021-09,60
842aaedffffffff-2021-10,53
842aaedffffffff-2021-11,6
842aaedffffffff-2022-04,10
842aaedffffffff-2022-05,28
842aaedffffffff-2022-09,3
842aaedffffffff-2022-10,3
842aaedffffffff-2023-04,14
842aaedffffffff-2023-05,29
842aaedffffffff-2023-08,46
842aaedffffffff-2023-09,81
842aaedffffffff-2023-10,8
842ab01ffffffff-2013-05,1
842ab03ffffffff-2012-04,3
842ab03ffffffff-2012-09,2
842ab03ffffffff-2013-04,2
842ab03ffffffff-2013-05,2
842ab03ffffffff-2013-08,3
842ab03ffffffff-2014-04,8
842ab03ffffffff-2014-05,10
842ab03ffffffff-2014-09,1
842ab03ffffffff-2015-04,2
842ab03ffffffff-2015-05,10
842ab03ffffffff-2016-04,15
842ab03ffffffff-2016-05,29
842ab03ffffffff-2016-09,1
842ab03ffffffff-2017-03,1
842ab03ffffffff-2017-04,16
842ab03ffffffff-2017-05,64
842ab03ffffffff-2017-09,2
842ab03ffffffff-2017-10,8
842ab03ffffffff-2018-04,70
842ab03ffffffff-2018-05,80
842ab03ffffffff-2018-07,18
842ab03ffffffff-2018-08,81
842ab03ffffffff-2018-09,68
842ab03ffffffff-2018-10,24
842ab03ffffffff-2019-03,2
842ab03ffffffff-2019-04,21
842ab03ffffffff-2019-05,27
842ab03ffffffff-2019-07,15
842ab03ffffffff-2019-08,53
842ab03ffffffff-2019-09,45
842ab03ffffffff-2019-10,1
842ab03ffffffff-2020-04,60
842ab03ffffffff-2020-05,131
842ab03ffffffff-2020-07,19
842ab03ffffffff-2020-08,67
842ab03ffffffff-2020-09,45
842ab03ffffffff-2020-10,15
842ab03ffffffff-2021-04,56
842ab03ffffffff-2021-05,95
842ab03ffffffff-2021-07,2
842ab03ffffffff-2021-08,33
842ab03ffffffff-2021-09,31
842ab03ffffffff-2021-10,17
842ab03ffffffff-2021-11,1
842ab03ffffffff-2022-03,2
842ab03ffffffff-2022-04,163
842ab03ffffffff-2022-05,28
842ab03ffffffff-2022-07,50
842ab03ffffffff-2022-08,119
842ab03ffffffff-2022-09,80
842ab03ffffffff-2023-02,2
842ab03ffffffff-2023-03,26
842ab03ffffffff-2023-04,102
842ab03ffffffff-2023-05,47
842ab03ffffffff-2023-07,42
842ab03ffffffff-2023-08,37
842ab03ffffffff-2023-09,86
842ab03ffffffff-2023-10,57
842ab03ffffffff-2023-11,1
842ab05ffffffff-2012-03,1
842ab05ffffffff-2012-04,11
842ab05ffffffff-2012-05,49
842ab05ffffffff-2012-07,5
842ab05ffffffff-2012-08,8
842ab05ffffffff-2012-09,10
842ab05ffffffff-2012-10,2
842ab05ffffffff-2013-04,1
842ab05ffffffff-2013-05,46
842ab05ffffffff-2013-07,8
842ab05ffffffff-2013-08,21
842ab05ffffffff-2013-09,29
842ab05ffffffff-2013-10,16
842ab05ffffffff-2014-03,1
842ab05ffffffff-2014-04,14
842ab05ffffffff-2014-05,56
842ab05ffffffff-2014-06,1
842ab05ffffffff-2014-07,1
842ab05ffffffff-2014-08,9
842ab05ffffffff-2014-09,5
842ab05ffffffff-2014-10,10
842ab05ffffffff-2015-04,2
842ab05ffffffff-2015-05,98
842ab05ffffffff-2015-07,6
842ab05ffffffff-2015-08,16
842ab05ffffffff-2015-09,43
842ab05ffffffff-2015-10,38
842ab05ffffffff-2016-04,18
842ab05ffffffff-2016-05,25
842ab05ffffffff-2016-07,20
842ab05ffffffff-2016-08,21
842ab05ffffffff-2016-09,13
842ab05ffffffff-2016-10,35
842ab05ffffffff-2016-11,3
842ab05ffffffff-2017-02,1
842ab05ffffffff-2017-04,6
842ab05ffffffff-2017-05,29
842ab05ffffffff-2017-07,12
842ab05ffffffff-2017-08,36
842ab05ffffffff-2017-09,19
842ab05ffffffff-2017-10,9
842ab05ffffffff-2018-04,20
842ab05ffffffff-2018-05,174
842ab05ffffffff-2018-07,9
842ab05ffffffff-2018-08,54
842ab05ffffffff-2018-09,90
842ab05ffffffff-2018-10,46
842ab05ffffffff-2018-11,4
842ab05ffffffff-2019-04,20
842ab05ffffffff-2019-05,218
842ab05ffffffff-2019-06,4
842ab05ffffffff-2019-07,15
842ab05ffffffff-2019-08,37
842ab05ffffffff-2019-09,61
842ab05ffffffff-2019-10,51
842ab05ffffffff-2019-11,16
842ab05ffffffff-2020-04,1
842ab05ffffffff-2020-05,36
842ab05ffffffff-2020-06,1
842ab05ffffffff-2020-07,33
842ab05ffffffff-2020-08,162
842ab05ffffffff-2020-09,121
842ab05ffffffff-2020-10,27
842ab05ffffffff-2020-11,4
842ab05ffffffff-2021-03,2
842ab05ffffffff-2021-04,36
842ab05ffffffff-2021-05,155
842ab05ffffffff-2021-07,23
842ab05ffffffff-2021-08,49
842ab05ffffffff-2021-09,35
842ab05ffffffff-2021-10,32
842ab05ffffffff-2022-03,2
842ab05ffffffff-2022-04,36
842ab05ffffffff-2022-05,322
842ab05ffffffff-2022-06,3
842ab05ffffffff-2022-07,42
842ab05ffffffff-2022-08,100
842ab05ffffffff-2022-09,199
842ab05ffffffff-2022-10,115
842ab05ffffffff-2022-11,11
842ab05ffffffff-2023-02,2
842ab05ffffffff-2023-03,8
842ab05ffffffff-2023-04,21
842ab05ffffffff-2023-05,343
842ab05ffffffff-2023-06,2
842ab05ffffffff-2023-07,12
842ab05ffffffff-2023-08,88
842ab05ffffffff-2023-09,49
842ab05ffffffff-2023-10,51
842ab05ffffffff-2023-11,3
842ab09ffffffff-2012-05,1
842ab09ffffffff-2012-07,4
842ab09ffffffff-2012-08,6
842ab09ffffffff-2012-09,4
842ab09ffffffff-2012-10,1
842ab09ffffffff-2012-11,1
842ab09ffffffff-2013-05,8
842ab09ffffffff-2013-07,1
842ab09ffffffff-2013-08,7
842ab09ffffffff-2013-09,13
842ab09ffffffff-2013-10,3
842ab09ffffffff-2014-04,1
842ab09ffffffff-2014-05,2
842ab09ffffffff-2014-07,1
842ab09ffffffff-2014-08,3
842ab09ffffffff-2014-09,15
842ab09ffffffff-2014-10,5
842ab09ffffffff-2015-04,1
842ab09ffffffff-2015-05,9
842ab09ffffffff-2015-07,1
842ab09ffffffff-2015-08,1
842ab09ffffffff-2015-09,2
842ab09ffffffff-2015-10,5
842ab09ffffffff-2016-04,1
842ab09ffffffff-2016-05,6
842ab09ffffffff-2016-07,1
842ab09ffffffff-2016-08,2
842ab09ffffffff-2016-09,4
842ab09ffffffff-2016-10,1
842ab09ffffffff-2017-04,4
842ab09ffffffff-2017-05,1
842ab09ffffffff-2017-07,1
842ab09ffffffff-2017-08,6
842ab09ffffffff-2017-09,28
842ab09ffffffff-2017-10,5
842ab09ffffffff-2018-04,3
842ab09ffffffff-2018-05,3
842ab09ffffffff-2018-07,5
842ab09ffffffff-2018-08,12
842ab09ffffffff-2018-09,15
842ab09ffffffff-2018-10,5
842ab09ffffffff-2019-04,2
842ab09ffffffff-2019-05,8
842ab09ffffffff-2019-07,1
842ab09ffffffff-2019-08,7
842ab09ffffffff-2019-09,17
842ab09ffffffff-2019-10,8
842ab09ffffffff-2019-11,1
842ab09ffffffff-2020-04,4
842ab09ffffffff-2020-05,31
842ab09ffffffff-2020-06,5
842ab09ffffffff-2020-07,3
842ab09ffffffff-2020-08,5
842ab09ffffffff-2020-09,9
842ab09ffffffff-2020-10,2
842ab09ffffffff-2021-05,9
842ab09ffffffff-2021-08,5
842ab09ffffffff-2021-09,2
842ab09ffffffff-2022-04,1
842ab09ffffffff-2022-05,8
842ab09ffffffff-2022-07,3
842ab09ffffffff-2022-08,4
842ab09ffffffff-2022-09,6
842ab09ffffffff-2022-10,1
842ab09ffffffff-2023-05,8
842ab09ffffffff-2023-08,1
842ab09ffffffff-2023-09,6
842ab09ffffffff-2023-10,2
842ab0dffffffff-2012-04,3
842ab0dffffffff-2012-05,2
842ab0dffffffff-2013-10,1
842ab0dffffffff-2014-04,2
842ab0dffffffff-2014-05,6
842ab0dffffffff-2014-09,3
842ab0dffffffff-2015-04,8
842ab0dffffffff-2015-05,3
842ab0dffffffff-2015-09,1
842ab0dffffffff-2016-04,2
842ab0dffffffff-2016-05,3
842ab0dffffffff-2016-07,1
842ab0dffffffff-2016-09,1
842ab0dffffffff-2017-04,5
842ab0dffffffff-2017-05,8
842ab0dffffffff-2017-07,1
842ab0dffffffff-2017-08,3
842ab0dffffffff-2018-04,8
842ab0dffffffff-2018-05,3
842ab0dffffffff-2018-08,12
842ab0dffffffff-2018-09,15
842ab0dffffffff-2018-10,2
842ab0dffffffff-2019-04,8
842ab0dffffffff-2019-05,7
842ab0dffffffff-2019-07,1
842ab0dffffffff-2019-10,2
842ab0dffffffff-2019-11,1
842ab0dffffffff-2020-04,9
842ab0dffffffff-2020-05,8
842ab0dffffffff-2020-07,1
842ab0dffffffff-2020-08,6
842ab0dffffffff-2020-09,1
842ab0dffffffff-2020-10,1
842ab0dffffffff-2021-04,3
842ab0dffffffff-2021-05,4
842ab0dffffffff-2021-07,9
842ab0dffffffff-2021-08,10
842ab0dffffffff-2021-09,43
842ab0dffffffff-2021-10,2
842ab0dffffffff-2022-04,5
842ab0dffffffff-2022-05,9
842ab0dffffffff-2022-07,1
842ab0dffffffff-2022-08,3
842ab0dffffffff-2022-09,5
842ab0dffffffff-2023-04,8
842ab0dffffffff-2023-05,14
842ab0dffffffff-2023-07,6
842ab0dffffffff-2023-08,7
842ab11ffffffff-2012-03,3
842ab11ffffffff-2012-04,13
842ab11ffffffff-2012-05,15
842ab11ffffffff-2012-07,8
842ab11ffffffff-2012-08,40
842ab11ffffffff-2012-09,19
842ab11ffffffff-2012-10,1
842ab11ffffffff-2013-03,1
842ab11ffffffff-2013-04,18
842ab11ffffffff-2013-05,9
842ab11ffffffff-2013-07,1
842ab11ffffffff-2013-08,7
842ab11ffffffff-2013-09,1
842ab11ffffffff-2014-03,1
842ab11ffffffff-2014-04,20
842ab11ffffffff-2014-05,6
842ab11ffffffff-2014-07,5
842ab11ffffffff-2014-08,12
842ab11ffffffff-2014-09,20
842ab11ffffffff-2014-10,4
842ab11ffffffff-2015-04,31
842ab11ffffffff-2015-05,11
842ab11ffffffff-2015-07,7
842ab11ffffffff-2015-08,25
842ab11ffffffff-2015-09,6
842ab11ffffffff-2015-10,35
842ab11ffffffff-2015-11,2
842ab11ffffffff-2016-03,24
842ab11ffffffff-2016-04,37
842ab11ffffffff-2016-05,14
842ab11ffffffff-2016-07,21
842ab11ffffffff-2016-08,79
842ab11ffffffff-2016-09,54
842ab11ffffffff-2016-10,35
842ab11ffffffff-2016-11,3
842ab11ffffffff-2017-03,9
842ab11ffffffff-2017-04,49
842ab11ffffffff-2017-05,12
842ab11ffffffff-2017-07,3
842ab11ffffffff-2017-08,28
842ab11ffffffff-2017-09,8
842ab11ffffffff-2017-10,15
842ab11ffffffff-2017-11,3
842ab11ffffffff-2018-04,14
842ab11ffffffff-2018-05,15
842ab11ffffffff-2018-07,18
842ab11ffffffff-2018-08,30
842ab11ffffffff-2018-09,21
842ab11ffffffff-2018-10,3
842ab11ffffffff-2019-03,7
842ab11ffffffff-2019-04,38
842ab11ffffffff-2019-05,13
842ab11ffffffff-2019-07,3
842ab11ffffffff-2019-08,9
842ab11ffffffff-2019-09,14
842ab11ffffffff-2019-10,20
842ab11ffffffff-2020-03,6
842ab11ffffffff-2020-04,40
842ab11ffffffff-2020-05,37
842ab11ffffffff-2020-07,9
842ab11ffffffff-2020-08,60
842ab11ffffffff-2020-09,3
842ab11ffffffff-2020-10,29
842ab11ffffffff-2020-11,2
842ab11ffffffff-2021-03,10
842ab11ffffffff-2021-04,49
842ab11ffffffff-2021-05,71
842ab11ffffffff-2021-07,10
842ab11ffffffff-2021-08,63
842ab11ffffffff-2021-09,51
842ab11ffffffff-2021-10,16
842ab11ffffffff-2022-03,1
842ab11ffffffff-2022-04,75
842ab11ffffffff-2022-05,16
842ab11ffffffff-2022-07,13
842ab11ffffffff-2022-08,59
842ab11ffffffff-2022-09,63
842ab11ffffffff-2022-10,8
842ab11ffffffff-2023-03,2
842ab11ffffffff-2023-04,17
842ab11ffffffff-2023-05,51
842ab11ffffffff-2023-06,1
842ab11ffffffff-2023-07,14
842ab11ffffffff-2023-08,50
842ab11ffffffff-2023-09,7
842ab11ffffffff-2023-10,8
842ab11ffffffff-2023-11,4
842ab13ffffffff-2012-04,5
842ab13ffffffff-2012-05,4
842ab13ffffffff-2012-07,4
842ab13ffffffff-2012-08,8
842ab13ffffffff-2012-09,5
842ab13ffffffff-2012-10,2
842ab13ffffffff-2013-08,6
842ab13ffffffff-2013-09,4
842ab13ffffffff-2013-10,4
842ab13ffffffff-2014-04,2
842ab13ffffffff-2014-08,1
842ab13ffffffff-2014-09,2
842ab13ffffffff-2014-10,13
842ab13ffffffff-2015-04,1
842ab13ffffffff-2015-05,2
842ab13ffffffff-2015-08,2
842ab13ffffffff-2015-09,6
842ab13ffffffff-2016-04,3
842ab13ffffffff-2016-05,11
842ab13ffffffff-2016-09,1
842ab13ffffffff-2017-04,2
842ab13ffffffff-2017-05,2
842ab13ffffffff-2017-07,1
842ab13ffffffff-2017-08,1
842ab13ffffffff-2018-04,3
842ab13ffffffff-2018-05,13
842ab13ffffffff-2018-07,6
842ab13ffffffff-2018-08,1
842ab13ffffffff-2018-09,5
842ab13ffffffff-2019-05,16
842ab13ffffffff-2019-08,3
842ab13ffffffff-2019-09,3
842ab13ffffffff-2019-10,3
842ab13ffffffff-2020-04,25
842ab13ffffffff-2020-05,14
842ab13ffffffff-2020-07,11
842ab13ffffffff-2020-08,19
842ab13ffffffff-2020-09,7
842ab13ffffffff-2020-10,4
842ab13ffffffff-2021-04,22
842ab13ffffffff-2021-05,36
842ab13ffffffff-2021-07,2
842ab13ffffffff-2021-08,31
842ab13ffffffff-2021-09,11
842ab13ffffffff-2021-10,17
842ab13ffffffff-2022-04,7
842ab13ffffffff-2022-05,13
842ab13ffffffff-2022-07,12
842ab13ffffffff-2022-08,9
842ab13ffffffff-2022-09,6
842ab13ffffffff-2022-10,3
842ab13ffffffff-2023-04,4
842ab13ffffffff-2023-05,6
842ab13ffffffff-2023-09,1
842ab13ffffffff-2023-10,11
842ab13ffffffff-2023-11,1
842ab15ffffffff-2012-03,2
842ab15ffffffff-2012-04,19
842ab15ffffffff-2012-05,15
842ab15ffffffff-2012-07,1
842ab15ffffffff-2012-08,6
842ab15ffffffff-2012-10,1
842ab15ffffffff-2013-04,15
842ab15ffffffff-2013-05,8
842ab15ffffffff-2013-07,1
842ab15ffffffff-2013-08,2
842ab15ffffffff-2013-09,9
842ab15ffffffff-2013-10,20
842ab15ffffffff-2013-11,3
842ab15ffffffff-2014-04,77
842ab15ffffffff-2014-05,23
842ab15ffffffff-2014-07,23
842ab15ffffffff-2014-08,24
842ab15ffffffff-2014-09,5
842ab15ffffffff-2014-10,13
842ab15ffffffff-2014-11,1
842ab15ffffffff-2015-03,1
842ab15ffffffff-2015-04,30
842ab15ffffffff-2015-05,17
842ab15ffffffff-2015-07,12
842ab15ffffffff-2015-08,44
842ab15ffffffff-2015-09,6
842ab15ffffffff-2015-10,19
842ab15ffffffff-2016-04,13
842ab15ffffffff-2016-05,8
842ab15ffffffff-2016-06,1
842ab15ffffffff-2016-07,12
842ab15ffffffff-2016-08,16
842ab15ffffffff-2016-09,69
842ab15ffffffff-2016-10,5
842ab15ffffffff-2017-04,13
842ab15ffffffff-2017-05,7
842ab15ffffffff-2017-07,1
842ab15ffffffff-2017-08,40
842ab15ffffffff-2017-09,15
842ab15ffffffff-2017-10,19
842ab15ffffffff-2017-11,3
842ab15ffffffff-2018-04,26
842ab15ffffffff-2018-05,10
842ab15ffffffff-2018-07,9
842ab15ffffffff-2018-08,28
842ab15ffffffff-2018-09,28
842ab15ffffffff-2018-10,60
842ab15ffffffff-2019-04,27
842ab15ffffffff-2019-05,9
842ab15ffffffff-2019-08,23
842ab15ffffffff-2019-09,25
842ab15ffffffff-2019-10,9
842ab15ffffffff-2019-11,2
842ab15ffffffff-2020-04,9
842ab15ffffffff-2020-05,21
842ab15ffffffff-2020-07,1
842ab15ffffffff-2020-08,35
842ab15ffffffff-2020-09,8
842ab15ffffffff-2020-10,19
842ab15ffffffff-2020-11,1
842ab15ffffffff-2021-04,21
842ab15ffffffff-2021-05,14
842ab15ffffffff-2021-07,7
842ab15ffffffff-2021-09,47
842ab15ffffffff-2021-10,8
842ab15ffffffff-2022-03,1
842ab15ffffffff-2022-04,30
842ab15ffffffff-2022-05,3
842ab15ffffffff-2022-07,14
842ab15ffffffff-2022-08,36
842ab15ffffffff-2022-09,19
842ab15ffffffff-2022-10,15
842ab15ffffffff-2022-11,1
842ab15ffffffff-2023-04,35
842ab15ffffffff-2023-05,12
842ab15ffffffff-2023-07,4
842ab15ffffffff-2023-08,2
842ab15ffffffff-2023-09,11
842ab15ffffffff-2023-10,13
842ab17ffffffff-2012-04,1
842ab17ffffffff-2012-05,1
842ab17ffffffff-2012-07,3
842ab17ffffffff-2012-08,7
842ab17ffffffff-2012-09,4
842ab17ffffffff-2012-10,1
842ab17ffffffff-2013-04,2
842ab17ffffffff-2013-08,17
842ab17ffffffff-2013-09,12
842ab17ffffffff-2013-10,7
842ab17ffffffff-2014-04,5
842ab17ffffffff-2014-05,7
842ab17ffffffff-2014-07,2
842ab17ffffffff-2014-08,9
842ab17ffffffff-2014-09,7
842ab17ffffffff-2014-10,11
842ab17ffffffff-2014-11,1
842ab17ffffffff-2015-04,6
842ab17ffffffff-2015-05,1
842ab17ffffffff-2015-07,5
842ab17ffffffff-2015-08,26
842ab17ffffffff-2015-09,11
842ab17ffffffff-2015-10,7
842ab17ffffffff-2016-04,1
842ab17ffffffff-2016-05,8
842ab17ffffffff-2016-07,4
842ab17ffffffff-2016-08,29
842ab17ffffffff-2016-09,7
842ab17ffffffff-2016-10,7
842ab17ffffffff-2017-04,2
842ab17ffffffff-2017-05,8
842ab17ffffffff-2017-07,2
842ab17ffffffff-2017-08,59
842ab17ffffffff-2017-09,31
842ab17ffffffff-2017-10,5
842ab17ffffffff-2017-11,1
842ab17ffffffff-2018-04,2
842ab17ffffffff-2018-05,4
842ab17ffffffff-2018-07,3
842ab17ffffffff-2018-08,55
842ab17ffffffff-2018-09,45
842ab17ffffffff-2018-10,35
842ab17ffffffff-2018-11,1
842ab17ffffffff-2019-04,12
842ab17ffffffff-2019-05,4
842ab17ffffffff-2019-07,4
842ab17ffffffff-2019-08,26
842ab17ffffffff-2019-09,49
842ab17ffffffff-2019-10,13
842ab17ffffffff-2019-11,2
842ab17ffffffff-2020-04,42
842ab17ffffffff-2020-05,36
842ab17ffffffff-2020-07,23
842ab17ffffffff-2020-08,22
842ab17ffffffff-2020-09,32
842ab17ffffffff-2020-10,30
842ab17ffffffff-2021-04,21
842ab17ffffffff-2021-05,37
842ab17ffffffff-2021-07,9
842ab17ffffffff-2021-08,11
842ab17ffffffff-2021-09,30
842ab17ffffffff-2021-10,1
842ab17ffffffff-2022-04,23
842ab17ffffffff-2022-05,7
842ab17ffffffff-2022-07,17
842ab17ffffffff-2022-08,19
842ab17ffffffff-2022-09,10
842ab17ffffffff-2023-04,7
842ab17ffffffff-2023-05,8
842ab17ffffffff-2023-07,27
842ab17ffffffff-2023-08,20
842ab17ffffffff-2023-09,27
842ab17ffffffff-2023-10,33
842ab17ffffffff-2023-11,3
842ab19ffffffff-2012-08,9
842ab19ffffffff-2012-10,1
842ab19ffffffff-2013-04,3
842ab19ffffffff-2013-05,2
842ab19ffffffff-2013-06,1
842ab19ffffffff-2013-07,4
842ab19ffffffff-2013-08,21
842ab19ffffffff-2013-09,3
842ab19ffffffff-2013-10,10
842ab19ffffffff-2014-04,11
842ab19ffffffff-2014-05,10
842ab19ffffffff-2014-08,4
842ab19ffffffff-2014-09,27
842ab19ffffffff-2014-10,1
842ab19ffffffff-2015-04,5
842ab19ffffffff-2015-05,3
842ab19ffffffff-2015-07,2
842ab19ffffffff-2015-08,10
842ab19ffffffff-2015-09,9
842ab19ffffffff-2015-10,2
842ab19ffffffff-2016-03,2
842ab19ffffffff-2016-04,9
842ab19ffffffff-2016-05,6
842ab19ffffffff-2016-07,1
842ab19ffffffff-2016-08,4
842ab19ffffffff-2016-09,4
842ab19ffffffff-2017-04,3
842ab19ffffffff-2017-08,22
842ab19ffffffff-2017-09,37
842ab19ffffffff-2017-10,12
842ab19ffffffff-2018-04,2
842ab19ffffffff-2018-05,2
842ab19ffffffff-2018-07,7
842ab19ffffffff-2018-08,7
842ab19ffffffff-2018-09,18
842ab19ffffffff-2018-10,1
842ab19ffffffff-2019-04,6
842ab19ffffffff-2019-05,1
842ab19ffffffff-2019-07,1
842ab19ffffffff-2019-08,3
842ab19ffffffff-2019-09,1
842ab19ffffffff-2019-10,1
842ab19ffffffff-2020-04,4
842ab19ffffffff-2020-05,29
842ab19ffffffff-2020-08,7
842ab19ffffffff-2020-09,37
842ab19ffffffff-2020-10,12
842ab19ffffffff-2021-03,1
842ab19ffffffff-2021-04,23
842ab19ffffffff-2021-05,19
842ab19ffffffff-2021-07,1
842ab19ffffffff-2021-08,3
842ab19ffffffff-2021-09,1
842ab19ffffffff-2021-10,2
842ab19ffffffff-2022-04,6
842ab19ffffffff-2022-07,4
842ab19ffffffff-2022-08,12
842ab19ffffffff-2022-09,19
842ab19ffffffff-2023-03,1
842ab19ffffffff-2023-04,2
842ab19ffffffff-2023-05,11
842ab19ffffffff-2023-07,2
842ab19ffffffff-2023-08,5
842ab19ffffffff-2023-09,2
842ab1bffffffff-2012-08,2
842ab1bffffffff-2012-09,1
842ab1bffffffff-2012-10,1
842ab1bffffffff-2013-05,1
842ab1bffffffff-2014-04,1
842ab1bffffffff-2015-08,1
842ab1bffffffff-2015-09,1
842ab1bffffffff-2016-07,1
842ab1bffffffff-2017-03,1
842ab1bffffffff-2017-05,1
842ab1bffffffff-2018-04,2
842ab1bffffffff-2018-05,1
842ab1bffffffff-2019-09,6
842ab1bffffffff-2019-10,3
842ab1bffffffff-2020-04,13
842ab1bffffffff-2020-05,6
842ab1bffffffff-2021-07,1
842ab1bffffffff-2021-08,1
842ab1bffffffff-2021-09,8
842ab1bffffffff-2022-09,1
842ab1dffffffff-2012-05,1
842ab1dffffffff-2012-07,1
842ab1dffffffff-2012-08,4
842ab1dffffffff-2012-09,1
842ab1dffffffff-2013-04,1
842ab1dffffffff-2013-07,3
842ab1dffffffff-2013-08,2
842ab1dffffffff-2013-09,1
842ab1dffffffff-2014-04,2
842ab1dffffffff-2014-05,3
842ab1dffffffff-2014-07,1
842ab1dffffffff-2014-08,4
842ab1dffffffff-2014-10,1
842ab1dffffffff-2015-04,1
842ab1dffffffff-2015-05,7
842ab1dffffffff-2015-07,1
842ab1dffffffff-2015-08,2
842ab1dffffffff-2015-09,1
842ab1dffffffff-2016-04,2
842ab1dffffffff-2016-07,2
842ab1dffffffff-2016-09,1
842ab1dffffffff-2017-04,1
842ab1dffffffff-2017-05,1
842ab1dffffffff-2017-07,2
842ab1dffffffff-2017-09,2
842ab1dffffffff-2017-10,5
842ab1dffffffff-2017-11,1
842ab1dffffffff-2018-05,2
842ab1dffffffff-2018-07,6
842ab1dffffffff-2018-08,10
842ab1dffffffff-2018-09,3
842ab1dffffffff-2019-04,3
842ab1dffffffff-2019-05,4
842ab1dffffffff-2019-08,1
842ab1dffffffff-2019-10,2
842ab1dffffffff-2020-05,7
842ab1dffffffff-2020-08,5
842ab1dffffffff-2020-09,4
842ab1dffffffff-2020-10,1
842ab1dffffffff-2021-04,3
842ab1dffffffff-2021-05,6
842ab1dffffffff-2021-07,1
842ab1dffffffff-2021-08,19
842ab1dffffffff-2021-09,9
842ab1dffffffff-2021-10,4
842ab1dffffffff-2022-03,1
842ab1dffffffff-2022-04,4
842ab1dffffffff-2022-05,2
842ab1dffffffff-2022-07,2
842ab1dffffffff-2022-08,9
842ab1dffffffff-2022-09,29
842ab1dffffffff-2022-10,22
842ab1dffffffff-2022-11,1
842ab1dffffffff-2023-04,6
842ab1dffffffff-2023-06,1
842ab1dffffffff-2023-07,14
842ab1dffffffff-2023-08,29
842ab1dffffffff-2023-09,12
842ab1dffffffff-2023-10,6
842ab21ffffffff-2012-03,8
842ab21ffffffff-2012-04,11
842ab21ffffffff-2012-05,16
842ab21ffffffff-2012-06,1
842ab21ffffffff-2012-07,59
842ab21ffffffff-2012-08,61
842ab21ffffffff-2012-09,26
842ab21ffffffff-2013-04,10
842ab21ffffffff-2013-05,22
842ab21ffffffff-2013-06,1
842ab21ffffffff-2013-07,26
842ab21ffffffff-2013-08,107
842ab21ffffffff-2013-09,6
842ab21ffffffff-2013-10,2
842ab21ffffffff-2013-11,1
842ab21ffffffff-2014-04,17
842ab21ffffffff-2014-05,40
842ab21ffffffff-2014-06,12
842ab21ffffffff-2014-07,68
842ab21ffffffff-2014-08,154
842ab21ffffffff-2014-09,8
842ab21ffffffff-2015-03,1
842ab21ffffffff-2015-04,21
842ab21ffffffff-2015-05,131
842ab21ffffffff-2015-06,1
842ab21ffffffff-2015-07,32
842ab21ffffffff-2015-08,128
842ab21ffffffff-2015-09,13
842ab21ffffffff-2015-10,11
842ab21ffffffff-2016-04,17
842ab21ffffffff-2016-05,48
842ab21ffffffff-2016-06,20
842ab21ffffffff-2016-07,82
842ab21ffffffff-2016-08,108
842ab21ffffffff-2016-09,38
842ab21ffffffff-2016-10,16
842ab21ffffffff-2017-03,3
842ab21ffffffff-2017-04,50
842ab21ffffffff-2017-05,33
842ab21ffffffff-2017-06,3
842ab21ffffffff-2017-07,74
842ab21ffffffff-2017-08,239
842ab21ffffffff-2017-09,53
842ab21ffffffff-2017-10,41
842ab21ffffffff-2017-11,1
842ab21ffffffff-2018-02,3
842ab21ffffffff-2018-04,54
842ab21ffffffff-2018-05,96
842ab21ffffffff-2018-06,2
842ab21ffffffff-2018-07,79
842ab21ffffffff-2018-08,188
842ab21ffffffff-2018-09,61
842ab21ffffffff-2018-10,9
842ab21ffffffff-2019-04,24
842ab21ffffffff-2019-05,57
842ab21ffffffff-2019-07,23
842ab21ffffffff-2019-08,119
842ab21ffffffff-2019-09,28
842ab21ffffffff-2019-10,8
842ab21ffffffff-2019-11,3
842ab21ffffffff-2020-03,2
842ab21ffffffff-2020-04,42
842ab21ffffffff-2020-05,124
842ab21ffffffff-2020-06,7
842ab21ffffffff-2020-07,56
842ab21ffffffff-2020-08,183
842ab21ffffffff-2020-09,39
842ab21ffffffff-2020-10,35
842ab21ffffffff-2020-11,3
842ab21ffffffff-2021-03,37
842ab21ffffffff-2021-04,162
842ab21ffffffff-2021-05,109
842ab21ffffffff-2021-06,24
842ab21ffffffff-2021-07,49
842ab21ffffffff-2021-08,158
842ab21ffffffff-2021-09,84
842ab21ffffffff-2021-10,41
842ab21ffffffff-2021-11,1
842ab21ffffffff-2022-03,15
842ab21ffffffff-2022-04,106
842ab21ffffffff-2022-05,74
842ab21ffffffff-2022-06,24
842ab21ffffffff-2022-07,298
842ab21ffffffff-2022-08,232
842ab21ffffffff-2022-09,208
842ab21ffffffff-2022-10,131
842ab21ffffffff-2022-11,7
842ab21ffffffff-2023-03,4
842ab21ffffffff-2023-04,75
842ab21ffffffff-2023-05,160
842ab21ffffffff-2023-06,26
842ab21ffffffff-2023-07,180
842ab21ffffffff-2023-08,108
842ab21ffffffff-2023-09,19
842ab21ffffffff-2023-10,49
842ab21ffffffff-2023-11,11
842ab23ffffffff-2012-08,1
842ab23ffffffff-2012-09,8
842ab23ffffffff-2012-10,1
842ab23ffffffff-2013-05,12
842ab23ffffffff-2013-07,4
842ab23ffffffff-2013-08,92
842ab23ffffffff-2013-09,47
842ab23ffffffff-2013-10,4
842ab23ffffffff-2014-04,1
842ab23ffffffff-2014-05,26
842ab23ffffffff-2014-07,40
842ab23ffffffff-2014-08,20
842ab23ffffffff-2014-09,11
842ab23ffffffff-2015-05,16
842ab23ffffffff-2015-08,1
842ab23ffffffff-2015-10,2
842ab23ffffffff-2016-05,30
842ab23ffffffff-2016-07,2
842ab23ffffffff-2016-08,3
842ab23ffffffff-2016-10,4
842ab23ffffffff-2017-05,16
842ab23ffffffff-2018-04,11
842ab23ffffffff-2018-05,14
842ab23ffffffff-2018-09,1
842ab23ffffffff-2019-03,1
842ab23ffffffff-2019-05,19
842ab23ffffffff-2019-07,1
842ab23ffffffff-2019-09,2
842ab23ffffffff-2020-05,4
842ab23ffffffff-2020-08,2
842ab23ffffffff-2021-03,2
842ab23ffffffff-2021-04,5
842ab23ffffffff-2021-05,58
842ab23ffffffff-2021-09,2
842ab23ffffffff-2022-04,25
842ab23ffffffff-2022-05,69
842ab23ffffffff-2022-07,2
842ab23ffffffff-2022-08,5
842ab23ffffffff-2022-09,6
842ab23ffffffff-2022-10,1
842ab23ffffffff-2022-11,1
842ab23ffffffff-2023-05,23
842ab23ffffffff-2023-07,12
842ab23ffffffff-2023-08,14
842ab23ffffffff-2023-09,5
842ab23ffffffff-2023-10,1
842ab25ffffffff-2012-04,19
842ab25ffffffff-2012-05,6
842ab25ffffffff-2012-07,9
842ab25ffffffff-2012-08,22
842ab25ffffffff-2012-09,1
842ab25ffffffff-2012-10,3
842ab25ffffffff-2013-04,14
842ab25ffffffff-2013-05,15
842ab25ffffffff-2013-08,36
842ab25ffffffff-2013-09,10
842ab25ffffffff-2013-10,5
842ab25ffffffff-2014-04,7
842ab25ffffffff-2014-05,13
842ab25ffffffff-2014-07,4
842ab25ffffffff-2014-08,31
842ab25ffffffff-2014-09,23
842ab25ffffffff-2014-10,5
842ab25ffffffff-2015-04,2
842ab25ffffffff-2015-05,19
842ab25ffffffff-2015-07,4
842ab25ffffffff-2015-08,16
842ab25ffffffff-2015-09,11
842ab25ffffffff-2015-10,4
842ab25ffffffff-2016-03,4
842ab25ffffffff-2016-04,12
842ab25ffffffff-2016-05,8
842ab25ffffffff-2016-07,69
842ab25ffffffff-2016-08,27
842ab25ffffffff-2016-09,5
842ab25ffffffff-2016-10,7
842ab25ffffffff-2016-11,2
842ab25ffffffff-2017-04,44
842ab25ffffffff-2017-05,46
842ab25ffffffff-2017-07,9
842ab25ffffffff-2017-08,123
842ab25ffffffff-2017-09,71
842ab25ffffffff-2017-10,17
842ab25ffffffff-2017-11,3
842ab25ffffffff-2018-04,7
842ab25ffffffff-2018-05,18
842ab25ffffffff-2018-07,56
842ab25ffffffff-2018-08,48
842ab25ffffffff-2018-09,24
842ab25ffffffff-2018-10,3
842ab25ffffffff-2019-04,11
842ab25ffffffff-2019-05,27
842ab25ffffffff-2019-07,16
842ab25ffffffff-2019-08,123
842ab25ffffffff-2019-09,13
842ab25ffffffff-2019-10,4
842ab25ffffffff-2020-04,48
842ab25ffffffff-2020-05,148
842ab25ffffffff-2020-07,18
842ab25ffffffff-2020-08,65
842ab25ffffffff-2020-09,55
842ab25ffffffff-2020-10,15
842ab25ffffffff-2021-04,35
842ab25ffffffff-2021-05,145
842ab25ffffffff-2021-07,51
842ab25ffffffff-2021-08,104
842ab25ffffffff-2021-09,35
842ab25ffffffff-2021-10,2
842ab25ffffffff-2022-04,20
842ab25ffffffff-2022-05,44
842ab25ffffffff-2022-07,38
842ab25ffffffff-2022-08,104
842ab25ffffffff-2022-09,37
842ab25ffffffff-2022-10,18
842ab25ffffffff-2022-11,6
842ab25ffffffff-2023-04,53
842ab25ffffffff-2023-05,169
842ab25ffffffff-2023-06,1
842ab25ffffffff-2023-07,15
842ab25ffffffff-2023-08,33
842ab25ffffffff-2023-09,40
842ab25ffffffff-2023-10,9
842ab27ffffffff-2012-03,10
842ab27ffffffff-2012-04,72
842ab27ffffffff-2012-05,324
842ab27ffffffff-2012-06,2
842ab27ffffffff-2012-07,29
842ab27ffffffff-2012-08,59
842ab27ffffffff-2012-09,52
842ab27ffffffff-2012-10,15
842ab27ffffffff-2012-11,1
842ab27ffffffff-2013-03,1
842ab27ffffffff-2013-04,56
842ab27ffffffff-2013-05,227
842ab27ffffffff-2013-07,5
842ab27ffffffff-2013-08,22
842ab27ffffffff-2013-09,53
842ab27ffffffff-2013-10,17
842ab27ffffffff-2013-11,1
842ab27ffffffff-2014-03,4
842ab27ffffffff-2014-04,61
842ab27ffffffff-2014-05,594
842ab27ffffffff-2014-07,11
842ab27ffffffff-2014-08,34
842ab27ffffffff-2014-09,55
842ab27ffffffff-2014-10,12
842ab27ffffffff-2014-11,2
842ab27ffffffff-2015-03,1
842ab27ffffffff-2015-04,63
842ab27ffffffff-2015-05,572
842ab27ffffffff-2015-07,4
842ab27ffffffff-2015-08,42
842ab27ffffffff-2015-09,62
842ab27ffffffff-2015-10,10
842ab27ffffffff-2015-11,4
842ab27ffffffff-2016-03,3
842ab27ffffffff-2016-04,83
842ab27ffffffff-2016-05,508
842ab27ffffffff-2016-06,1
842ab27ffffffff-2016-07,27
842ab27ffffffff-2016-08,62
842ab27ffffffff-2016-09,13
842ab27ffffffff-2016-10,16
842ab27ffffffff-2016-11,1
842ab27ffffffff-2017-03,2
842ab27ffffffff-2017-04,122
842ab27ffffffff-2017-05,886
842ab27ffffffff-2017-07,34
842ab27ffffffff-2017-08,77
842ab27ffffffff-2017-09,42
842ab27ffffffff-2017-10,16
842ab27ffffffff-2017-11,1
842ab27ffffffff-2017-12,1
842ab27ffffffff-2018-03,4
842ab27ffffffff-2018-04,79
842ab27ffffffff-2018-05,1167
842ab27ffffffff-2018-06,26
842ab27ffffffff-2018-07,150
842ab27ffffffff-2018-08,186
842ab27ffffffff-2018-09,164
842ab27ffffffff-2018-10,20
842ab27ffffffff-2018-11,2
842ab27ffffffff-2019-03,29
842ab27ffffffff-2019-04,194
842ab27ffffffff-2019-05,1519
842ab27ffffffff-2019-06,11
842ab27ffffffff-2019-07,240
842ab27ffffffff-2019-08,322
842ab27ffffffff-2019-09,155
842ab27ffffffff-2019-10,29
842ab27ffffffff-2019-11,7
842ab27ffffffff-2020-03,1
842ab27ffffffff-2020-04,95
842ab27ffffffff-2020-05,402
842ab27ffffffff-2020-06,15
842ab27ffffffff-2020-07,45
842ab27ffffffff-2020-08,342
842ab27ffffffff-2020-09,134
842ab27ffffffff-2020-10,44
842ab27ffffffff-2020-11,11
842ab27ffffffff-2021-03,5
842ab27ffffffff-2021-04,370
842ab27ffffffff-2021-05,1721
842ab27ffffffff-2021-06,7
842ab27ffffffff-2021-07,99
842ab27ffffffff-2021-08,372
842ab27ffffffff-2021-09,331
842ab27ffffffff-2021-10,78
842ab27ffffffff-2022-03,13
842ab27ffffffff-2022-04,375
842ab27ffffffff-2022-05,932
842ab27ffffffff-2022-06,9
842ab27ffffffff-2022-07,138
842ab27ffffffff-2022-08,473
842ab27ffffffff-2022-09,222
842ab27ffffffff-2022-10,107
842ab27ffffffff-2022-11,8
842ab27ffffffff-2023-03,64
842ab27ffffffff-2023-04,596
842ab27ffffffff-2023-05,2731
842ab27ffffffff-2023-06,37
842ab27ffffffff-2023-07,235
842ab27ffffffff-2023-08,503
842ab27ffffffff-2023-09,313
842ab27ffffffff-2023-10,37
842ab27ffffffff-2023-11,21
842ab29ffffffff-2012-05,1
842ab29ffffffff-2012-08,2
842ab29ffffffff-2012-11,1
842ab29ffffffff-2013-05,5
842ab29ffffffff-2013-08,2
842ab29ffffffff-2013-09,27
842ab29ffffffff-2013-10,4
842ab29ffffffff-2014-04,3
842ab29ffffffff-2014-05,2
842ab29ffffffff-2014-07,7
842ab29ffffffff-2014-08,5
842ab29ffffffff-2014-09,4
842ab29ffffffff-2014-10,17
842ab29ffffffff-2015-04,3
842ab29ffffffff-2015-05,5
842ab29ffffffff-2015-07,1
842ab29ffffffff-2015-08,11
842ab29ffffffff-2015-09,3
842ab29ffffffff-2015-10,3
842ab29ffffffff-2016-04,5
842ab29ffffffff-2016-05,2
842ab29ffffffff-2016-07,3
842ab29ffffffff-2016-08,2
842ab29ffffffff-2016-09,1
842ab29ffffffff-2016-10,5
842ab29ffffffff-2016-11,1
842ab29ffffffff-2017-03,1
842ab29ffffffff-2017-04,16
842ab29ffffffff-2017-05,35
842ab29ffffffff-2017-07,13
842ab29ffffffff-2017-08,8
842ab29ffffffff-2017-09,1
842ab29ffffffff-2018-04,12
842ab29ffffffff-2018-05,25
842ab29ffffffff-2018-07,2
842ab29ffffffff-2018-08,2
842ab29ffffffff-2018-09,19
842ab29ffffffff-2018-10,8
842ab29ffffffff-2019-04,5
842ab29ffffffff-2019-05,11
842ab29ffffffff-2019-07,3
842ab29ffffffff-2019-08,4
842ab29ffffffff-2019-09,9
842ab29ffffffff-2019-10,18
842ab29ffffffff-2020-04,4
842ab29ffffffff-2020-05,31
842ab29ffffffff-2020-07,3
842ab29ffffffff-2020-08,2
842ab29ffffffff-2020-09,13
842ab29ffffffff-2020-10,2
842ab29ffffffff-2021-04,3
842ab29ffffffff-2021-05,10
842ab29ffffffff-2021-07,1
842ab29ffffffff-2021-08,4
842ab29ffffffff-2022-04,3
842ab29ffffffff-2022-05,12
842ab29ffffffff-2022-07,15
842ab29ffffffff-2022-08,6
842ab29ffffffff-2022-09,18
842ab29ffffffff-2022-10,7
842ab29ffffffff-2023-04,2
842ab29ffffffff-2023-05,5
842ab29ffffffff-2023-08,5
842ab29ffffffff-2023-10,1
842ab2bffffffff-2012-03,2
842ab2bffffffff-2012-04,36
842ab2bffffffff-2012-05,139
842ab2bffffffff-2012-08,11
842ab2bffffffff-2012-09,29
842ab2bffffffff-2012-10,13
842ab2bffffffff-2012-11,1
842ab2bffffffff-2013-03,5
842ab2bffffffff-2013-04,76
842ab2bffffffff-2013-05,167
842ab2bffffffff-2013-08,14
842ab2bffffffff-2013-09,18
842ab2bffffffff-2013-10,3
842ab2bffffffff-2014-04,55
842ab2bffffffff-2014-05,155
842ab2bffffffff-2014-06,3
842ab2bffffffff-2014-08,4
842ab2bffffffff-2014-09,3
842ab2bffffffff-2014-10,2
842ab2bffffffff-2015-04,22
842ab2bffffffff-2015-05,359
842ab2bffffffff-2015-07,3
842ab2bffffffff-2015-09,1
842ab2bffffffff-2015-10,48
842ab2bffffffff-2016-04,38
842ab2bffffffff-2016-05,378
842ab2bffffffff-2016-08,22
842ab2bffffffff-2016-09,3
842ab2bffffffff-2016-10,33
842ab2bffffffff-2016-11,5
842ab2bffffffff-2017-02,1
842ab2bffffffff-2017-03,2
842ab2bffffffff-2017-04,84
842ab2bffffffff-2017-05,474
842ab2bffffffff-2017-06,2
842ab2bffffffff-2017-07,14
842ab2bffffffff-2017-08,8
842ab2bffffffff-2017-10,4
842ab2bffffffff-2018-03,3
842ab2bffffffff-2018-04,73
842ab2bffffffff-2018-05,656
842ab2bffffffff-2018-07,10
842ab2bffffffff-2018-08,9
842ab2bffffffff-2018-09,13
842ab2bffffffff-2018-10,10
842ab2bffffffff-2019-04,114
842ab2bffffffff-2019-05,746
842ab2bffffffff-2019-06,1
842ab2bffffffff-2019-07,31
842ab2bffffffff-2019-08,55
842ab2bffffffff-2019-09,12
842ab2bffffffff-2019-10,2
842ab2bffffffff-2019-11,2
842ab2bffffffff-2020-04,46
842ab2bffffffff-2020-05,34
842ab2bffffffff-2020-06,1
842ab2bffffffff-2020-07,3
842ab2bffffffff-2020-08,14
842ab2bffffffff-2020-09,30
842ab2bffffffff-2020-10,7
842ab2bffffffff-2021-04,83
842ab2bffffffff-2021-05,308
842ab2bffffffff-2021-07,1
842ab2bffffffff-2021-08,13
842ab2bffffffff-2021-09,37
842ab2bffffffff-2021-10,23
842ab2bffffffff-2022-04,120
842ab2bffffffff-2022-05,699
842ab2bffffffff-2022-06,33
842ab2bffffffff-2022-07,12
842ab2bffffffff-2022-08,28
842ab2bffffffff-2022-09,17
842ab2bffffffff-2022-10,10
842ab2bffffffff-2022-11,3
842ab2bffffffff-2023-04,86
842ab2bffffffff-2023-05,893
842ab2bffffffff-2023-07,7
842ab2bffffffff-2023-08,39
842ab2bffffffff-2023-09,9
842ab2bffffffff-2023-10,11
842ab2dffffffff-2012-04,1
842ab2dffffffff-2012-05,7
842ab2dffffffff-2012-07,2
842ab2dffffffff-2012-10,1
842ab2dffffffff-2013-08,22
842ab2dffffffff-2014-05,2
842ab2dffffffff-2014-07,9
842ab2dffffffff-2014-08,6
842ab2dffffffff-2014-09,14
842ab2dffffffff-2015-05,7
842ab2dffffffff-2015-07,13
842ab2dffffffff-2015-08,11
842ab2dffffffff-2015-09,6
842ab2dffffffff-2015-10,1
842ab2dffffffff-2016-05,3
842ab2dffffffff-2016-07,27
842ab2dffffffff-2016-08,26
842ab2dffffffff-2016-09,4
842ab2dffffffff-2017-04,12
842ab2dffffffff-2017-07,3
842ab2dffffffff-2017-08,21
842ab2dffffffff-2017-09,25
842ab2dffffffff-2018-05,6
842ab2dffffffff-2018-07,6
842ab2dffffffff-2018-08,12
842ab2dffffffff-2018-09,9
842ab2dffffffff-2019-07,9
842ab2dffffffff-2019-08,12
842ab2dffffffff-2019-09,11
842ab2dffffffff-2020-05,5
842ab2dffffffff-2020-07,3
842ab2dffffffff-2020-08,25
842ab2dffffffff-2020-09,2
842ab2dffffffff-2021-04,1
842ab2dffffffff-2021-05,11
842ab2dffffffff-2021-07,2
842ab2dffffffff-2021-08,28
842ab2dffffffff-2021-09,3
842ab2dffffffff-2022-05,1
842ab2dffffffff-2022-07,53
842ab2dffffffff-2022-08,8
842ab2dffffffff-2022-09,1
842ab2dffffffff-2023-04,4
842ab2dffffffff-2023-05,5
842ab2dffffffff-2023-08,2
842ab31ffffffff-2012-03,2
842ab31ffffffff-2012-04,14
842ab31ffffffff-2012-05,19
842ab31ffffffff-2012-06,2
842ab31ffffffff-2012-07,12
842ab31ffffffff-2012-08,16
842ab31ffffffff-2012-09,10
842ab31ffffffff-2013-04,4
842ab31ffffffff-2013-05,4
842ab31ffffffff-2013-08,1
842ab31ffffffff-2013-09,4
842ab31ffffffff-2013-10,7
842ab31ffffffff-2014-04,51
842ab31ffffffff-2014-05,27
842ab31ffffffff-2014-07,13
842ab31ffffffff-2014-08,6
842ab31ffffffff-2014-09,7
842ab31ffffffff-2015-04,20
842ab31ffffffff-2015-05,35
842ab31ffffffff-2015-07,2
842ab31ffffffff-2015-08,35
842ab31ffffffff-2015-09,36
842ab31ffffffff-2015-10,30
842ab31ffffffff-2015-11,1
842ab31ffffffff-2016-04,24
842ab31ffffffff-2016-05,18
842ab31ffffffff-2016-06,1
842ab31ffffffff-2016-07,42
842ab31ffffffff-2016-08,43
842ab31ffffffff-2016-09,23
842ab31ffffffff-2016-10,7
842ab31ffffffff-2017-04,25
842ab31ffffffff-2017-05,24
842ab31ffffffff-2017-07,2
842ab31ffffffff-2017-08,65
842ab31ffffffff-2017-09,97
842ab31ffffffff-2017-10,35
842ab31ffffffff-2018-04,31
842ab31ffffffff-2018-05,42
842ab31ffffffff-2018-07,17
842ab31ffffffff-2018-08,11
842ab31ffffffff-2018-09,52
842ab31ffffffff-2018-10,30
842ab31ffffffff-2018-11,1
842ab31ffffffff-2019-04,25
842ab31ffffffff-2019-05,89
842ab31ffffffff-2019-06,1
842ab31ffffffff-2019-07,28
842ab31ffffffff-2019-08,58
842ab31ffffffff-2019-09,82
842ab31ffffffff-2019-10,88
842ab31ffffffff-2019-11,16
842ab31ffffffff-2020-04,29
842ab31ffffffff-2020-05,102
842ab31ffffffff-2020-07,93
842ab31ffffffff-2020-08,103
842ab31ffffffff-2020-09,36
842ab31ffffffff-2020-10,2
842ab31ffffffff-2021-03,1
842ab31ffffffff-2021-04,104
842ab31ffffffff-2021-05,67
842ab31ffffffff-2021-08,50
842ab31ffffffff-2021-09,100
842ab31ffffffff-2021-10,26
842ab31ffffffff-2022-03,1
842ab31ffffffff-2022-04,40
842ab31ffffffff-2022-05,66
842ab31ffffffff-2022-06,2
842ab31ffffffff-2022-07,30
842ab31ffffffff-2022-08,39
842ab31ffffffff-2022-09,16
842ab31ffffffff-2022-10,19
842ab31ffffffff-2023-03,1
842ab31ffffffff-2023-04,60
842ab31ffffffff-2023-05,34
842ab31ffffffff-2023-06,1
842ab31ffffffff-2023-07,46
842ab31ffffffff-2023-08,61
842ab31ffffffff-2023-09,5
842ab31ffffffff-2023-10,7
842ab33ffffffff-2012-03,1
842ab33ffffffff-2012-04,3
842ab33ffffffff-2012-05,3
842ab33ffffffff-2013-04,1
842ab33ffffffff-2014-04,1
842ab33ffffffff-2014-05,2
842ab33ffffffff-2014-09,2
842ab33ffffffff-2015-04,6
842ab33ffffffff-2015-05,1
842ab33ffffffff-2016-04,5
842ab33ffffffff-2016-05,1
842ab33ffffffff-2016-07,4
842ab33ffffffff-2016-08,2
842ab33ffffffff-2016-10,2
842ab33ffffffff-2016-11,2
842ab33ffffffff-2017-04,17
842ab33ffffffff-2017-05,6
842ab33ffffffff-2017-09,7
842ab33ffffffff-2017-10,10
842ab33ffffffff-2017-11,2
842ab33ffffffff-2018-04,23
842ab33ffffffff-2018-05,5
842ab33ffffffff-2018-08,1
842ab33ffffffff-2018-10,3
842ab33ffffffff-2019-03,1
842ab33ffffffff-2019-04,4
842ab33ffffffff-2019-05,4
842ab33ffffffff-2019-07,5
842ab33ffffffff-2019-08,6
842ab33ffffffff-2019-09,1
842ab33ffffffff-2019-10,14
842ab33ffffffff-2019-11,4
842ab33ffffffff-2020-03,3
842ab33ffffffff-2020-04,21
842ab33ffffffff-2020-05,10
842ab33ffffffff-2020-07,3
842ab33ffffffff-2020-08,11
842ab33ffffffff-2020-09,20
842ab33ffffffff-2020-10,20
842ab33ffffffff-2020-12,1
842ab33ffffffff-2021-03,4
842ab33ffffffff-2021-04,16
842ab33ffffffff-2021-05,26
842ab33ffffffff-2021-07,6
842ab33ffffffff-2021-08,17
842ab33ffffffff-2021-09,9
842ab33ffffffff-2021-10,2
842ab33ffffffff-2021-11,1
842ab33ffffffff-2022-04,19
842ab33ffffffff-2022-05,19
842ab33ffffffff-2022-07,4
842ab33ffffffff-2022-08,7
842ab33ffffffff-2022-09,10
842ab33ffffffff-2022-10,17
842ab33ffffffff-2022-11,7
842ab33ffffffff-2023-02,4
842ab33ffffffff-2023-04,31
842ab33ffffffff-2023-05,19
842ab33ffffffff-2023-07,11
842ab33ffffffff-2023-08,20
842ab33ffffffff-2023-09,6
842ab33ffffffff-2023-10,4
842ab33ffffffff-2023-11,3
842ab35ffffffff-2012-07,16
842ab35ffffffff-2012-08,57
842ab35ffffffff-2012-09,11
842ab35ffffffff-2013-01,1
842ab35ffffffff-2013-04,4
842ab35ffffffff-2013-05,8
842ab35ffffffff-2013-09,9
842ab35ffffffff-2013-10,1
842ab35ffffffff-2014-03,1
842ab35ffffffff-2014-04,13
842ab35ffffffff-2014-05,45
842ab35ffffffff-2014-07,1
842ab35ffffffff-2014-08,57
842ab35ffffffff-2014-09,7
842ab35ffffffff-2014-10,1
842ab35ffffffff-2015-05,11
842ab35ffffffff-2015-07,2
842ab35ffffffff-2015-08,3
842ab35ffffffff-2015-09,1
842ab35ffffffff-2015-10,2
842ab35ffffffff-2016-03,5
842ab35ffffffff-2016-04,33
842ab35ffffffff-2016-05,37
842ab35ffffffff-2016-07,5
842ab35ffffffff-2016-08,28
842ab35ffffffff-2016-09,19
842ab35ffffffff-2016-10,2
842ab35ffffffff-2017-03,1
842ab35ffffffff-2017-04,6
842ab35ffffffff-2017-05,3
842ab35ffffffff-2017-07,1
842ab35ffffffff-2017-08,14
842ab35ffffffff-2017-09,1
842ab35ffffffff-2017-10,3
842ab35ffffffff-2018-04,4
842ab35ffffffff-2018-05,12
842ab35ffffffff-2018-08,5
842ab35ffffffff-2019-05,18
842ab35ffffffff-2019-09,2
842ab35ffffffff-2019-10,2
842ab35ffffffff-2020-04,17
842ab35ffffffff-2020-05,54
842ab35ffffffff-2020-07,2
842ab35ffffffff-2020-08,17
842ab35ffffffff-2020-09,1
842ab35ffffffff-2020-10,3
842ab35ffffffff-2021-04,25
842ab35ffffffff-2021-05,52
842ab35ffffffff-2021-07,2
842ab35ffffffff-2021-08,17
842ab35ffffffff-2021-09,35
842ab35ffffffff-2021-10,1
842ab35ffffffff-2022-04,34
842ab35ffffffff-2022-05,68
842ab35ffffffff-2022-06,3
842ab35ffffffff-2022-07,57
842ab35ffffffff-2022-08,21
842ab35ffffffff-2022-09,17
842ab35ffffffff-2022-10,1
842ab35ffffffff-2023-04,28
842ab35ffffffff-2023-05,442
842ab35ffffffff-2023-07,1
842ab35ffffffff-2023-08,14
842ab35ffffffff-2023-09,14
842ab35ffffffff-2023-10,3
842ab37ffffffff-2012-04,7
842ab37ffffffff-2012-07,5
842ab37ffffffff-2012-08,3
842ab37ffffffff-2012-10,1
842ab37ffffffff-2013-04,1
842ab37ffffffff-2014-09,2
842ab37ffffffff-2014-10,4
842ab37ffffffff-2015-05,2
842ab37ffffffff-2015-08,5
842ab37ffffffff-2015-10,1
842ab37ffffffff-2016-10,2
842ab37ffffffff-2017-04,1
842ab37ffffffff-2017-08,3
842ab37ffffffff-2017-09,7
842ab37ffffffff-2017-10,4
842ab37ffffffff-2018-04,3
842ab37ffffffff-2018-05,3
842ab37ffffffff-2018-07,4
842ab37ffffffff-2019-04,1
842ab37ffffffff-2019-05,1
842ab37ffffffff-2020-04,6
842ab37ffffffff-2020-05,10
842ab37ffffffff-2020-07,15
842ab37ffffffff-2020-08,8
842ab37ffffffff-2020-09,2
842ab37ffffffff-2021-04,6
842ab37ffffffff-2021-05,2
842ab37ffffffff-2021-07,1
842ab37ffffffff-2021-08,5
842ab37ffffffff-2021-09,3
842ab37ffffffff-2022-04,8
842ab37ffffffff-2022-05,16
842ab37ffffffff-2022-07,5
842ab37ffffffff-2022-08,21
842ab37ffffffff-2022-09,8
842ab37ffffffff-2023-04,7
842ab37ffffffff-2023-05,9
842ab37ffffffff-2023-07,1
842ab37ffffffff-2023-09,17
842ab37ffffffff-2023-10,1
842ab39ffffffff-2012-04,3
842ab39ffffffff-2012-05,4
842ab39ffffffff-2012-07,2
842ab39ffffffff-2012-08,14
842ab39ffffffff-2013-03,1
842ab39ffffffff-2013-04,12
842ab39ffffffff-2013-05,12
842ab39ffffffff-2013-07,8
842ab39ffffffff-2013-08,6
842ab39ffffffff-2014-04,3
842ab39ffffffff-2014-05,1
842ab39ffffffff-2014-07,1
842ab39ffffffff-2014-08,2
842ab39ffffffff-2014-11,1
842ab39ffffffff-2015-04,1
842ab39ffffffff-2015-05,24
842ab39ffffffff-2015-07,2
842ab39ffffffff-2015-08,14
842ab39ffffffff-2015-09,1
842ab39ffffffff-2015-10,1
842ab39ffffffff-2016-04,5
842ab39ffffffff-2016-05,10
842ab39ffffffff-2016-07,1
842ab39ffffffff-2016-10,4
842ab39ffffffff-2017-04,17
842ab39ffffffff-2017-05,22
842ab39ffffffff-2017-07,2
842ab39ffffffff-2017-08,26
842ab39ffffffff-2017-09,13
842ab39ffffffff-2017-11,1
842ab39ffffffff-2018-04,2
842ab39ffffffff-2018-05,11
842ab39ffffffff-2018-07,38
842ab39ffffffff-2018-08,52
842ab39ffffffff-2018-09,5
842ab39ffffffff-2018-10,2
842ab39ffffffff-2019-04,3
842ab39ffffffff-2019-05,15
842ab39ffffffff-2019-07,6
842ab39ffffffff-2019-08,2
842ab39ffffffff-2019-09,6
842ab39ffffffff-2020-04,43
842ab39ffffffff-2020-05,54
842ab39ffffffff-2020-07,30
842ab39ffffffff-2020-08,51
842ab39ffffffff-2020-09,4
842ab39ffffffff-2020-10,1
842ab39ffffffff-2021-04,10
842ab39ffffffff-2021-05,42
842ab39ffffffff-2021-07,1
842ab39ffffffff-2021-08,17
842ab39ffffffff-2021-09,11
842ab39ffffffff-2022-04,26
842ab39ffffffff-2022-05,33
842ab39ffffffff-2022-08,29
842ab39ffffffff-2023-04,57
842ab39ffffffff-2023-05,44
842ab39ffffffff-2023-07,8
842ab39ffffffff-2023-08,24
842ab39ffffffff-2023-09,33
842ab3bffffffff-2012-04,2
842ab3bffffffff-2012-05,1
842ab3bffffffff-2012-09,1
842ab3bffffffff-2014-04,6
842ab3bffffffff-2014-05,3
842ab3bffffffff-2014-09,3
842ab3bffffffff-2014-10,3
842ab3bffffffff-2015-04,1
842ab3bffffffff-2015-05,6
842ab3bffffffff-2015-09,11
842ab3bffffffff-2016-04,2
842ab3bffffffff-2016-05,3
842ab3bffffffff-2016-07,3
842ab3bffffffff-2016-08,3
842ab3bffffffff-2016-09,2
842ab3bffffffff-2017-04,8
842ab3bffffffff-2017-05,6
842ab3bffffffff-2017-07,1
842ab3bffffffff-2017-08,7
842ab3bffffffff-2017-09,1
842ab3bffffffff-2017-10,1
842ab3bffffffff-2017-11,1
842ab3bffffffff-2018-04,5
842ab3bffffffff-2018-05,13
842ab3bffffffff-2018-09,1
842ab3bffffffff-2018-11,1
842ab3bffffffff-2019-04,3
842ab3bffffffff-2019-05,3
842ab3bffffffff-2019-09,2
842ab3bffffffff-2019-10,3
842ab3bffffffff-2020-04,1
842ab3bffffffff-2020-05,3
842ab3bffffffff-2020-08,33
842ab3bffffffff-2020-09,21
842ab3bffffffff-2020-10,15
842ab3bffffffff-2021-04,13
842ab3bffffffff-2021-05,4
842ab3bffffffff-2021-08,5
842ab3bffffffff-2021-09,7
842ab3bffffffff-2021-10,5
842ab3bffffffff-2022-04,11
842ab3bffffffff-2022-05,11
842ab3bffffffff-2022-08,19
842ab3bffffffff-2022-09,21
842ab3bffffffff-2022-10,5
842ab3bffffffff-2023-04,133
842ab3bffffffff-2023-05,30
842ab3bffffffff-2023-07,9
842ab3bffffffff-2023-08,54
842ab3bffffffff-2023-09,24
842ab3bffffffff-2023-10,3
842ab3dffffffff-2012-04,3
842ab3dffffffff-2013-04,2
842ab3dffffffff-2013-07,1
842ab3dffffffff-2013-08,9
842ab3dffffffff-2013-09,14
842ab3dffffffff-2013-10,16
842ab3dffffffff-2014-05,2
842ab3dffffffff-2014-06,1
842ab3dffffffff-2014-07,3
842ab3dffffffff-2014-08,17
842ab3dffffffff-2014-09,8
842ab3dffffffff-2014-10,3
842ab3dffffffff-2015-04,2
842ab3dffffffff-2015-05,1
842ab3dffffffff-2015-09,1
842ab3dffffffff-2015-10,2
842ab3dffffffff-2016-04,1
842ab3dffffffff-2016-05,5
842ab3dffffffff-2016-08,12
842ab3dffffffff-2016-09,4
842ab3dffffffff-2016-10,1
842ab3dffffffff-2016-11,3
842ab3dffffffff-2017-03,2
842ab3dffffffff-2017-04,1
842ab3dffffffff-2017-05,1
842ab3dffffffff-2017-08,2
842ab3dffffffff-2017-09,3
842ab3dffffffff-2017-10,13
842ab3dffffffff-2018-04,4
842ab3dffffffff-2018-05,25
842ab3dffffffff-2018-07,2
842ab3dffffffff-2018-08,8
842ab3dffffffff-2018-09,2
842ab3dffffffff-2018-10,3
842ab3dffffffff-2019-04,3
842ab3dffffffff-2019-05,14
842ab3dffffffff-2019-07,3
842ab3dffffffff-2019-08,12
842ab3dffffffff-2019-09,3
842ab3dffffffff-2019-10,2
842ab3dffffffff-2020-04,34
842ab3dffffffff-2020-05,32
842ab3dffffffff-2020-07,7
842ab3dffffffff-2020-08,8
842ab3dffffffff-2020-09,12
842ab3dffffffff-2021-04,10
842ab3dffffffff-2021-05,105
842ab3dffffffff-2021-08,1
842ab3dffffffff-2021-09,7
842ab3dffffffff-2021-10,1
842ab3dffffffff-2022-04,38
842ab3dffffffff-2022-05,39
842ab3dffffffff-2022-06,13
842ab3dffffffff-2022-07,172
842ab3dffffffff-2022-08,181
842ab3dffffffff-2022-09,55
842ab3dffffffff-2022-10,2
842ab3dffffffff-2023-03,1
842ab3dffffffff-2023-04,135
842ab3dffffffff-2023-05,88
842ab3dffffffff-2023-06,3
842ab3dffffffff-2023-07,22
842ab3dffffffff-2023-08,11
842ab3dffffffff-2023-09,1
842ab3dffffffff-2023-10,4
842ab41ffffffff-2012-03,1
842ab41ffffffff-2012-04,1
842ab41ffffffff-2012-05,4
842ab41ffffffff-2012-07,6
842ab41ffffffff-2012-08,11
842ab41ffffffff-2012-09,12
842ab41ffffffff-2013-04,1
842ab41ffffffff-2013-05,3
842ab41ffffffff-2013-07,2
842ab41ffffffff-2013-08,5
842ab41ffffffff-2013-09,3
842ab41ffffffff-2014-04,3
842ab41ffffffff-2014-05,2
842ab41ffffffff-2014-08,4
842ab41ffffffff-2014-09,6
842ab41ffffffff-2014-10,7
842ab41ffffffff-2015-04,1
842ab41ffffffff-2015-05,6
842ab41ffffffff-2015-08,19
842ab41ffffffff-2015-09,30
842ab41ffffffff-2015-10,9
842ab41ffffffff-2016-04,2
842ab41ffffffff-2016-05,3
842ab41ffffffff-2016-07,4
842ab41ffffffff-2016-08,9
842ab41ffffffff-2016-09,6
842ab41ffffffff-2016-10,7
842ab41ffffffff-2017-04,9
842ab41ffffffff-2017-05,5
842ab41ffffffff-2017-07,9
842ab41ffffffff-2017-08,32
842ab41ffffffff-2017-09,12
842ab41ffffffff-2017-10,18
842ab41ffffffff-2018-04,1
842ab41ffffffff-2018-05,10
842ab41ffffffff-2018-07,11
842ab41ffffffff-2018-08,141
842ab41ffffffff-2018-09,36
842ab41ffffffff-2018-10,8
842ab41ffffffff-2019-04,2
842ab41ffffffff-2019-05,3
842ab41ffffffff-2019-07,2
842ab41ffffffff-2019-08,37
842ab41ffffffff-2019-09,12
842ab41ffffffff-2019-10,6
842ab41ffffffff-2020-04,1
842ab41ffffffff-2020-05,21
842ab41ffffffff-2020-07,3
842ab41ffffffff-2020-08,20
842ab41ffffffff-2020-09,18
842ab41ffffffff-2020-10,12
842ab41ffffffff-2021-04,1
842ab41ffffffff-2021-05,5
842ab41ffffffff-2021-06,2
842ab41ffffffff-2021-07,14
842ab41ffffffff-2021-08,85
842ab41ffffffff-2021-09,18
842ab41ffffffff-2021-10,7
842ab41ffffffff-2022-04,2
842ab41ffffffff-2022-05,6
842ab41ffffffff-2022-07,10
842ab41ffffffff-2022-08,56
842ab41ffffffff-2022-09,38
842ab41ffffffff-2022-10,11
842ab41ffffffff-2022-11,2
842ab41ffffffff-2023-04,4
842ab41ffffffff-2023-05,18
842ab41ffffffff-2023-07,3
842ab41ffffffff-2023-08,5
842ab41ffffffff-2023-09,26
842ab41ffffffff-2023-10,8
842ab41ffffffff-2023-11,2
842ab43ffffffff-2012-05,3
842ab43ffffffff-2012-08,1
842ab43ffffffff-2013-04,14
842ab43ffffffff-2013-05,2
842ab43ffffffff-2013-07,2
842ab43ffffffff-2013-08,1
842ab43ffffffff-2014-04,3
842ab43ffffffff-2014-05,2
842ab43ffffffff-2014-07,2
842ab43ffffffff-2014-08,2
842ab43ffffffff-2014-09,2
842ab43ffffffff-2014-10,3
842ab43ffffffff-2015-04,6
842ab43ffffffff-2015-05,3
842ab43ffffffff-2015-07,2
842ab43ffffffff-2016-04,6
842ab43ffffffff-2016-05,12
842ab43ffffffff-2017-04,9
842ab43ffffffff-2017-05,7
842ab43ffffffff-2017-08,3
842ab43ffffffff-2017-10,1
842ab43ffffffff-2018-04,23
842ab43ffffffff-2018-05,9
842ab43ffffffff-2018-07,2
842ab43ffffffff-2018-08,17
842ab43ffffffff-2018-09,8
842ab43ffffffff-2018-10,18
842ab43ffffffff-2019-04,10
842ab43ffffffff-2019-05,10
842ab43ffffffff-2019-07,1
842ab43ffffffff-2019-08,1
842ab43ffffffff-2019-09,1
842ab43ffffffff-2020-05,6
842ab43ffffffff-2020-07,4
842ab43ffffffff-2020-08,2
842ab43ffffffff-2020-10,4
842ab43ffffffff-2021-04,9
842ab43ffffffff-2021-05,5
842ab43ffffffff-2021-07,10
842ab43ffffffff-2021-08,9
842ab43ffffffff-2021-09,10
842ab43ffffffff-2021-10,7
842ab43ffffffff-2022-04,5
842ab43ffffffff-2022-05,7
842ab43ffffffff-2022-06,2
842ab43ffffffff-2022-07,2
842ab43ffffffff-2022-08,5
842ab43ffffffff-2022-09,7
842ab43ffffffff-2023-04,9
842ab43ffffffff-2023-05,15
842ab43ffffffff-2023-07,4
842ab43ffffffff-2023-08,4
842ab43ffffffff-2023-09,7
842ab43ffffffff-2023-10,8
842ab45ffffffff-2012-07,1
842ab45ffffffff-2012-08,3
842ab45ffffffff-2012-09,1
842ab45ffffffff-2013-08,2
842ab45ffffffff-2013-09,9
842ab45ffffffff-2013-10,1
842ab45ffffffff-2014-07,3
842ab45ffffffff-2014-08,5
842ab45ffffffff-2014-09,6
842ab45ffffffff-2014-10,2
842ab45ffffffff-2015-07,1
842ab45ffffffff-2015-08,7
842ab45ffffffff-2015-09,13
842ab45ffffffff-2015-10,3
842ab45ffffffff-2016-04,1
842ab45ffffffff-2016-05,1
842ab45ffffffff-2016-08,7
842ab45ffffffff-2016-09,1
842ab45ffffffff-2017-05,1
842ab45ffffffff-2017-07,4
842ab45ffffffff-2017-08,8
842ab45ffffffff-2017-09,18
842ab45ffffffff-2017-10,6
842ab45ffffffff-2018-04,1
842ab45ffffffff-2018-05,1
842ab45ffffffff-2018-07,11
842ab45ffffffff-2018-08,34
842ab45ffffffff-2018-09,32
842ab45ffffffff-2018-10,4
842ab45ffffffff-2019-05,2
842ab45ffffffff-2019-07,6
842ab45ffffffff-2019-08,31
842ab45ffffffff-2019-09,2
842ab45ffffffff-2019-10,3
842ab45ffffffff-2020-04,2
842ab45ffffffff-2020-05,11
842ab45ffffffff-2020-07,10
842ab45ffffffff-2020-08,30
842ab45ffffffff-2020-09,23
842ab45ffffffff-2020-10,8
842ab45ffffffff-2021-04,2
842ab45ffffffff-2021-05,10
842ab45ffffffff-2021-07,18
842ab45ffffffff-2021-08,32
842ab45ffffffff-2021-09,11
842ab45ffffffff-2021-10,5
842ab45ffffffff-2022-04,2
842ab45ffffffff-2022-05,10
842ab45ffffffff-2022-06,1
842ab45ffffffff-2022-07,17
842ab45ffffffff-2022-08,32
842ab45ffffffff-2022-09,6
842ab45ffffffff-2023-04,4
842ab45ffffffff-2023-05,10
842ab45ffffffff-2023-07,5
842ab45ffffffff-2023-08,28
842ab45ffffffff-2023-09,17
842ab45ffffffff-2023-10,13
842ab47ffffffff-2012-03,5
842ab47ffffffff-2012-04,5
842ab47ffffffff-2012-05,4
842ab47ffffffff-2012-07,2
842ab47ffffffff-2012-08,2
842ab47ffffffff-2013-05,5
842ab47ffffffff-2013-07,1
842ab47ffffffff-2013-08,5
842ab47ffffffff-2013-09,2
842ab47ffffffff-2014-04,1
842ab47ffffffff-2014-05,5
842ab47ffffffff-2014-07,1
842ab47ffffffff-2014-08,1
842ab47ffffffff-2014-09,2
842ab47ffffffff-2015-04,2
842ab47ffffffff-2015-07,8
842ab47ffffffff-2015-08,13
842ab47ffffffff-2015-09,4
842ab47ffffffff-2016-04,4
842ab47ffffffff-2016-05,13
842ab47ffffffff-2016-07,1
842ab47ffffffff-2016-08,2
842ab47ffffffff-2016-09,1
842ab47ffffffff-2017-05,6
842ab47ffffffff-2017-07,14
842ab47ffffffff-2017-08,11
842ab47ffffffff-2017-09,7
842ab47ffffffff-2017-10,1
842ab47ffffffff-2018-04,4
842ab47ffffffff-2018-05,7
842ab47ffffffff-2018-07,25
842ab47ffffffff-2018-08,20
842ab47ffffffff-2018-09,17
842ab47ffffffff-2018-10,9
842ab47ffffffff-2019-04,3
842ab47ffffffff-2019-05,6
842ab47ffffffff-2019-07,33
842ab47ffffffff-2019-08,21
842ab47ffffffff-2019-09,35
842ab47ffffffff-2019-10,13
842ab47ffffffff-2020-04,6
842ab47ffffffff-2020-05,44
842ab47ffffffff-2020-07,42
842ab47ffffffff-2020-08,39
842ab47ffffffff-2020-09,34
842ab47ffffffff-2020-10,49
842ab47ffffffff-2021-04,4
842ab47ffffffff-2021-05,82
842ab47ffffffff-2021-07,18
842ab47ffffffff-2021-08,35
842ab47ffffffff-2021-09,120
842ab47ffffffff-2021-10,9
842ab47ffffffff-2021-11,1
842ab47ffffffff-2022-04,7
842ab47ffffffff-2022-05,5
842ab47ffffffff-2022-06,3
842ab47ffffffff-2022-07,78
842ab47ffffffff-2022-08,59
842ab47ffffffff-2022-09,35
842ab47ffffffff-2022-10,31
842ab47ffffffff-2022-11,1
842ab47ffffffff-2023-04,9
842ab47ffffffff-2023-05,35
842ab47ffffffff-2023-06,2
842ab47ffffffff-2023-07,29
842ab47ffffffff-2023-08,52
842ab47ffffffff-2023-09,74
842ab47ffffffff-2023-10,36
842ab47ffffffff-2023-11,2
842ab49ffffffff-2012-04,3
842ab49ffffffff-2012-05,12
842ab49ffffffff-2012-06,5
842ab49ffffffff-2012-07,29
842ab49ffffffff-2012-08,24
842ab49ffffffff-2012-09,24
842ab49ffffffff-2012-10,15
842ab49ffffffff-2013-04,4
842ab49ffffffff-2013-05,8
842ab49ffffffff-2013-06,1
842ab49ffffffff-2013-07,18
842ab49ffffffff-2013-08,69
842ab49ffffffff-2013-09,27
842ab49ffffffff-2013-10,1
842ab49ffffffff-2014-04,2
842ab49ffffffff-2014-05,2
842ab49ffffffff-2014-06,1
842ab49ffffffff-2014-07,28
842ab49ffffffff-2014-08,52
842ab49ffffffff-2014-09,44
842ab49ffffffff-2014-10,9
842ab49ffffffff-2015-04,27
842ab49ffffffff-2015-05,39
842ab49ffffffff-2015-07,12
842ab49ffffffff-2015-08,12
842ab49ffffffff-2015-09,50
842ab49ffffffff-2015-10,44
842ab49ffffffff-2015-11,2
842ab49ffffffff-2016-04,9
842ab49ffffffff-2016-05,24
842ab49ffffffff-2016-07,23
842ab49ffffffff-2016-08,24
842ab49ffffffff-2016-09,16
842ab49ffffffff-2016-10,13
842ab49ffffffff-2017-04,16
842ab49ffffffff-2017-05,6
842ab49ffffffff-2017-07,78
842ab49ffffffff-2017-08,87
842ab49ffffffff-2017-09,67
842ab49ffffffff-2017-10,65
842ab49ffffffff-2017-11,2
842ab49ffffffff-2018-04,30
842ab49ffffffff-2018-05,45
842ab49ffffffff-2018-06,2
842ab49ffffffff-2018-07,76
842ab49ffffffff-2018-08,61
842ab49ffffffff-2018-09,95
842ab49ffffffff-2018-10,45
842ab49ffffffff-2019-04,8
842ab49ffffffff-2019-05,11
842ab49ffffffff-2019-07,81
842ab49ffffffff-2019-08,197
842ab49ffffffff-2019-09,125
842ab49ffffffff-2019-10,26
842ab49ffffffff-2020-04,20
842ab49ffffffff-2020-05,109
842ab49ffffffff-2020-07,51
842ab49ffffffff-2020-08,87
842ab49ffffffff-2020-09,98
842ab49ffffffff-2020-10,48
842ab49ffffffff-2020-11,1
842ab49ffffffff-2021-04,8
842ab49ffffffff-2021-05,133
842ab49ffffffff-2021-07,54
842ab49ffffffff-2021-08,226
842ab49ffffffff-2021-09,214
842ab49ffffffff-2021-10,41
842ab49ffffffff-2022-04,9
842ab49ffffffff-2022-05,30
842ab49ffffffff-2022-06,3
842ab49ffffffff-2022-07,85
842ab49ffffffff-2022-08,186
842ab49ffffffff-2022-09,189
842ab49ffffffff-2022-10,60
842ab49ffffffff-2022-11,12
842ab49ffffffff-2023-04,19
842ab49ffffffff-2023-05,44
842ab49ffffffff-2023-06,2
842ab49ffffffff-2023-07,76
842ab49ffffffff-2023-08,66
842ab49ffffffff-2023-09,117
842ab49ffffffff-2023-10,74
842ab4bffffffff-2012-04,2
842ab4bffffffff-2012-05,2
842ab4bffffffff-2012-09,3
842ab4bffffffff-2012-10,1
842ab4bffffffff-2013-05,2
842ab4bffffffff-2013-07,1
842ab4bffffffff-2013-08,2
842ab4bffffffff-2014-08,2
842ab4bffffffff-2014-09,1
842ab4bffffffff-2015-04,2
842ab4bffffffff-2015-07,3
842ab4bffffffff-2015-08,4
842ab4bffffffff-2015-09,9
842ab4bffffffff-2015-10,1
842ab4bffffffff-2015-11,1
842ab4bffffffff-2016-05,2
842ab4bffffffff-2016-07,3
842ab4bffffffff-2016-08,9
842ab4bffffffff-2016-09,6
842ab4bffffffff-2016-10,4
842ab4bffffffff-2017-05,1
842ab4bffffffff-2017-07,1
842ab4bffffffff-2017-08,3
842ab4bffffffff-2017-09,6
842ab4bffffffff-2017-10,1
842ab4bffffffff-2018-04,3
842ab4bffffffff-2018-05,1
842ab4bffffffff-2018-07,2
842ab4bffffffff-2018-08,5
842ab4bffffffff-2018-09,7
842ab4bffffffff-2018-10,13
842ab4bffffffff-2019-05,4
842ab4bffffffff-2019-07,7
842ab4bffffffff-2019-08,42
842ab4bffffffff-2019-09,1
842ab4bffffffff-2019-10,2
842ab4bffffffff-2020-03,1
842ab4bffffffff-2020-04,6
842ab4bffffffff-2020-05,43
842ab4bffffffff-2020-07,21
842ab4bffffffff-2020-08,57
842ab4bffffffff-2020-09,29
842ab4bffffffff-2020-10,36
842ab4bffffffff-2021-04,19
842ab4bffffffff-2021-05,74
842ab4bffffffff-2021-07,11
842ab4bffffffff-2021-08,39
842ab4bffffffff-2021-09,67
842ab4bffffffff-2021-10,8
842ab4bffffffff-2022-04,5
842ab4bffffffff-2022-05,24
842ab4bffffffff-2022-06,3
842ab4bffffffff-2022-07,28
842ab4bffffffff-2022-08,86
842ab4bffffffff-2022-09,44
842ab4bffffffff-2022-10,6
842ab4bffffffff-2023-04,13
842ab4bffffffff-2023-05,7
842ab4bffffffff-2023-07,8
842ab4bffffffff-2023-08,23
842ab4bffffffff-2023-09,17
842ab4bffffffff-2023-10,36
842ab4dffffffff-2012-04,2
842ab4dffffffff-2012-05,4
842ab4dffffffff-2012-06,2
842ab4dffffffff-2012-07,9
842ab4dffffffff-2012-08,14
842ab4dffffffff-2012-09,24
842ab4dffffffff-2012-10,1
842ab4dffffffff-2013-04,3
842ab4dffffffff-2013-05,7
842ab4dffffffff-2013-07,16
842ab4dffffffff-2013-08,29
842ab4dffffffff-2013-09,15
842ab4dffffffff-2013-10,9
842ab4dffffffff-2014-07,12
842ab4dffffffff-2014-08,36
842ab4dffffffff-2014-09,7
842ab4dffffffff-2014-10,6
842ab4dffffffff-2015-04,2
842ab4dffffffff-2015-05,8
842ab4dffffffff-2015-06,2
842ab4dffffffff-2015-07,18
842ab4dffffffff-2015-08,52
842ab4dffffffff-2015-09,26
842ab4dffffffff-2015-10,20
842ab4dffffffff-2016-04,1
842ab4dffffffff-2016-05,14
842ab4dffffffff-2016-06,2
842ab4dffffffff-2016-07,32
842ab4dffffffff-2016-08,44
842ab4dffffffff-2016-09,21
842ab4dffffffff-2016-10,6
842ab4dffffffff-2017-04,6
842ab4dffffffff-2017-05,4
842ab4dffffffff-2017-07,22
842ab4dffffffff-2017-08,95
842ab4dffffffff-2017-09,36
842ab4dffffffff-2017-10,13
842ab4dffffffff-2017-11,1
842ab4dffffffff-2018-05,6
842ab4dffffffff-2018-07,33
842ab4dffffffff-2018-08,62
842ab4dffffffff-2018-09,29
842ab4dffffffff-2018-10,17
842ab4dffffffff-2019-05,3
842ab4dffffffff-2019-06,2
842ab4dffffffff-2019-07,29
842ab4dffffffff-2019-08,81
842ab4dffffffff-2019-09,48
842ab4dffffffff-2019-10,65
842ab4dffffffff-2019-11,1
842ab4dffffffff-2020-04,5
842ab4dffffffff-2020-05,43
842ab4dffffffff-2020-06,1
842ab4dffffffff-2020-07,40
842ab4dffffffff-2020-08,117
842ab4dffffffff-2020-09,92
842ab4dffffffff-2020-10,51
842ab4dffffffff-2021-04,2
842ab4dffffffff-2021-05,60
842ab4dffffffff-2021-07,48
842ab4dffffffff-2021-08,69
842ab4dffffffff-2021-09,40
842ab4dffffffff-2021-10,20
842ab4dffffffff-2022-04,3
842ab4dffffffff-2022-05,9
842ab4dffffffff-2022-06,3
842ab4dffffffff-2022-07,49
842ab4dffffffff-2022-08,69
842ab4dffffffff-2022-09,37
842ab4dffffffff-2022-10,45
842ab4dffffffff-2022-11,2
842ab4dffffffff-2023-04,3
842ab4dffffffff-2023-05,10
842ab4dffffffff-2023-07,27
842ab4dffffffff-2023-08,70
842ab4dffffffff-2023-09,59
842ab4dffffffff-2023-10,35
842ab51ffffffff-2012-05,3
842ab51ffffffff-2012-08,1
842ab51ffffffff-2012-09,1
842ab51ffffffff-2013-04,2
842ab51ffffffff-2013-05,2
842ab51ffffffff-2013-08,1
842ab51ffffffff-2014-08,2
842ab51ffffffff-2015-08,4
842ab51ffffffff-2015-10,4
842ab51ffffffff-2016-05,2
842ab51ffffffff-2016-08,8
842ab51ffffffff-2016-10,2
842ab51ffffffff-2017-04,2
842ab51ffffffff-2017-05,2
842ab51ffffffff-2017-07,1
842ab51ffffffff-2017-10,1
842ab51ffffffff-2018-04,2
842ab51ffffffff-2018-05,6
842ab51ffffffff-2018-08,9
842ab51ffffffff-2018-09,2
842ab51ffffffff-2019-05,2
842ab51ffffffff-2019-08,2
842ab51ffffffff-2019-09,4
842ab51ffffffff-2020-05,2
842ab51ffffffff-2020-08,5
842ab51ffffffff-2020-09,2
842ab51ffffffff-2020-10,3
842ab51ffffffff-2021-04,1
842ab51ffffffff-2021-05,3
842ab51ffffffff-2021-08,1
842ab51ffffffff-2021-09,1
842ab51ffffffff-2022-04,1
842ab51ffffffff-2022-05,2
842ab51ffffffff-2022-08,14
842ab51ffffffff-2022-09,5
842ab51ffffffff-2023-05,20
842ab51ffffffff-2023-08,29
842ab51ffffffff-2023-09,14
842ab51ffffffff-2023-10,4
842ab53ffffffff-2012-05,1
842ab53ffffffff-2015-04,1
842ab53ffffffff-2015-05,2
842ab53ffffffff-2015-08,1
842ab53ffffffff-2016-05,1
842ab53ffffffff-2017-05,1
842ab53ffffffff-2018-04,2
842ab53ffffffff-2018-05,2
842ab53ffffffff-2019-04,1
842ab53ffffffff-2019-05,1
842ab53ffffffff-2019-07,1
842ab53ffffffff-2019-09,1
842ab53ffffffff-2020-03,1
842ab53ffffffff-2020-04,12
842ab53ffffffff-2020-05,5
842ab53ffffffff-2020-08,8
842ab53ffffffff-2021-05,3
842ab53ffffffff-2021-08,2
842ab53ffffffff-2022-04,1
842ab53ffffffff-2022-05,1
842ab53ffffffff-2022-07,1
842ab53ffffffff-2022-09,1
842ab53ffffffff-2023-04,1
842ab53ffffffff-2023-05,4
842ab55ffffffff-2012-04,10
842ab55ffffffff-2012-05,8
842ab55ffffffff-2012-07,5
842ab55ffffffff-2012-08,19
842ab55ffffffff-2012-09,17
842ab55ffffffff-2012-10,27
842ab55ffffffff-2013-04,4
842ab55ffffffff-2013-05,5
842ab55ffffffff-2013-07,5
842ab55ffffffff-2013-08,51
842ab55ffffffff-2013-09,22
842ab55ffffffff-2013-10,6
842ab55ffffffff-2014-05,4
842ab55ffffffff-2014-08,1
842ab55ffffffff-2014-09,4
842ab55ffffffff-2014-10,2
842ab55ffffffff-2015-04,2
842ab55ffffffff-2015-05,14
842ab55ffffffff-2015-08,17
842ab55ffffffff-2015-09,9
842ab55ffffffff-2015-10,20
842ab55ffffffff-2015-11,1
842ab55ffffffff-2016-05,11
842ab55ffffffff-2016-07,1
842ab55ffffffff-2016-08,14
842ab55ffffffff-2016-09,11
842ab55ffffffff-2016-10,5
842ab55ffffffff-2017-04,4
842ab55ffffffff-2017-05,19
842ab55ffffffff-2017-08,6
842ab55ffffffff-2017-09,6
842ab55ffffffff-2017-11,1
842ab55ffffffff-2018-04,6
842ab55ffffffff-2018-05,19
842ab55ffffffff-2018-08,9
842ab55ffffffff-2018-09,6
842ab55ffffffff-2018-10,4
842ab55ffffffff-2019-04,7
842ab55ffffffff-2019-05,18
842ab55ffffffff-2019-07,1
842ab55ffffffff-2019-08,22
842ab55ffffffff-2019-09,7
842ab55ffffffff-2020-04,14
842ab55ffffffff-2020-05,44
842ab55ffffffff-2020-08,46
842ab55ffffffff-2020-09,37
842ab55ffffffff-2020-10,21
842ab55ffffffff-2020-11,1
842ab55ffffffff-2021-04,50
842ab55ffffffff-2021-05,191
842ab55ffffffff-2021-07,10
842ab55ffffffff-2021-08,14
842ab55ffffffff-2021-09,23
842ab55ffffffff-2021-10,11
842ab55ffffffff-2022-04,130
842ab55ffffffff-2022-05,96
842ab55ffffffff-2022-07,27
842ab55ffffffff-2022-08,192
842ab55ffffffff-2022-09,118
842ab55ffffffff-2022-10,73
842ab55ffffffff-2022-11,2
842ab55ffffffff-2023-03,2
842ab55ffffffff-2023-04,91
842ab55ffffffff-2023-05,82
842ab55ffffffff-2023-06,1
842ab55ffffffff-2023-07,42
842ab55ffffffff-2023-08,248
842ab55ffffffff-2023-09,62
842ab55ffffffff-2023-10,83
842ab55ffffffff-2023-11,15
842ab57ffffffff-2012-05,2
842ab57ffffffff-2012-06,1
842ab57ffffffff-2012-07,10
842ab57ffffffff-2012-08,12
842ab57ffffffff-2012-09,5
842ab57ffffffff-2012-10,1
842ab57ffffffff-2013-04,5
842ab57ffffffff-2013-05,7
842ab57ffffffff-2013-07,12
842ab57ffffffff-2013-08,41
842ab57ffffffff-2013-09,12
842ab57ffffffff-2013-10,2
842ab57ffffffff-2014-04,6
842ab57ffffffff-2014-05,15
842ab57ffffffff-2014-07,55
842ab57ffffffff-2014-08,56
842ab57ffffffff-2014-09,23
842ab57ffffffff-2014-10,3
842ab57ffffffff-2015-04,3
842ab57ffffffff-2015-05,13
842ab57ffffffff-2015-07,12
842ab57ffffffff-2015-08,41
842ab57ffffffff-2015-09,14
842ab57ffffffff-2016-04,1
842ab57ffffffff-2016-05,11
842ab57ffffffff-2016-07,18
842ab57ffffffff-2016-08,42
842ab57ffffffff-2016-09,18
842ab57ffffffff-2016-10,1
842ab57ffffffff-2017-04,2
842ab57ffffffff-2017-05,10
842ab57ffffffff-2017-07,4
842ab57ffffffff-2017-08,58
842ab57ffffffff-2017-09,17
842ab57ffffffff-2017-10,1
842ab57ffffffff-2018-04,3
842ab57ffffffff-2018-05,1
842ab57ffffffff-2018-07,37
842ab57ffffffff-2018-08,39
842ab57ffffffff-2018-09,6
842ab57ffffffff-2018-10,4
842ab57ffffffff-2019-04,2
842ab57ffffffff-2019-05,9
842ab57ffffffff-2019-07,11
842ab57ffffffff-2019-08,70
842ab57ffffffff-2019-09,30
842ab57ffffffff-2019-10,2
842ab57ffffffff-2020-04,2
842ab57ffffffff-2020-05,10
842ab57ffffffff-2020-07,19
842ab57ffffffff-2020-08,63
842ab57ffffffff-2020-09,58
842ab57ffffffff-2021-04,17
842ab57ffffffff-2021-05,45
842ab57ffffffff-2021-06,3
842ab57ffffffff-2021-07,21
842ab57ffffffff-2021-08,81
842ab57ffffffff-2021-09,53
842ab57ffffffff-2022-04,30
842ab57ffffffff-2022-05,36
842ab57ffffffff-2022-06,4
842ab57ffffffff-2022-07,24
842ab57ffffffff-2022-08,77
842ab57ffffffff-2022-09,37
842ab57ffffffff-2022-10,4
842ab57ffffffff-2023-03,1
842ab57ffffffff-2023-04,11
842ab57ffffffff-2023-05,38
842ab57ffffffff-2023-06,6
842ab57ffffffff-2023-07,62
842ab57ffffffff-2023-08,75
842ab57ffffffff-2023-09,31
842ab57ffffffff-2023-10,16
842ab59ffffffff-2012-07,8
842ab59ffffffff-2012-08,11
842ab59ffffffff-2012-09,3
842ab59ffffffff-2013-07,4
842ab59ffffffff-2013-08,20
842ab59ffffffff-2013-09,2
842ab59ffffffff-2014-07,4
842ab59ffffffff-2014-08,14
842ab59ffffffff-2014-09,5
842ab59ffffffff-2016-04,1
842ab59ffffffff-2016-05,1
842ab59ffffffff-2016-08,14
842ab59ffffffff-2016-09,2
842ab59ffffffff-2016-10,20
842ab59ffffffff-2017-09,24
842ab59ffffffff-2018-05,1
842ab59ffffffff-2020-08,2
842ab59ffffffff-2021-04,1
842ab59ffffffff-2021-05,8
842ab59ffffffff-2022-09,1
842ab5bffffffff-2012-07,2
842ab5bffffffff-2012-08,1
842ab5bffffffff-2013-08,3
842ab5bffffffff-2013-10,1
842ab5bffffffff-2014-05,17
842ab5bffffffff-2014-07,2
842ab5bffffffff-2014-09,2
842ab5bffffffff-2014-10,1
842ab5bffffffff-2015-04,3
842ab5bffffffff-2015-05,1
842ab5bffffffff-2015-08,2
842ab5bffffffff-2015-09,3
842ab5bffffffff-2015-10,2
842ab5bffffffff-2016-04,5
842ab5bffffffff-2016-05,6
842ab5bffffffff-2016-08,7
842ab5bffffffff-2016-09,3
842ab5bffffffff-2017-04,3
842ab5bffffffff-2017-05,1
842ab5bffffffff-2017-07,1
842ab5bffffffff-2017-08,1
842ab5bffffffff-2017-09,1
842ab5bffffffff-2018-04,3
842ab5bffffffff-2018-05,1
842ab5bffffffff-2018-07,1
842ab5bffffffff-2018-08,4
842ab5bffffffff-2019-08,2
842ab5bffffffff-2020-04,2
842ab5bffffffff-2020-05,6
842ab5bffffffff-2020-08,1
842ab5bffffffff-2020-09,2
842ab5bffffffff-2021-04,12
842ab5bffffffff-2021-05,14
842ab5bffffffff-2021-08,13
842ab5bffffffff-2021-09,4
842ab5bffffffff-2022-04,4
842ab5bffffffff-2022-05,9
842ab5bffffffff-2022-07,1
842ab5bffffffff-2022-08,5
842ab5bffffffff-2022-09,1
842ab5bffffffff-2023-04,17
842ab5bffffffff-2023-05,13
842ab5bffffffff-2023-07,1
842ab5bffffffff-2023-08,11
842ab5dffffffff-2012-04,5
842ab5dffffffff-2012-05,5
842ab5dffffffff-2012-07,7
842ab5dffffffff-2012-08,11
842ab5dffffffff-2012-09,2
842ab5dffffffff-2012-10,4
842ab5dffffffff-2013-04,1
842ab5dffffffff-2013-05,2
842ab5dffffffff-2013-07,6
842ab5dffffffff-2013-08,19
842ab5dffffffff-2013-09,9
842ab5dffffffff-2013-10,4
842ab5dffffffff-2014-05,5
842ab5dffffffff-2014-07,7
842ab5dffffffff-2014-08,11
842ab5dffffffff-2014-09,1
842ab5dffffffff-2014-10,6
842ab5dffffffff-2015-04,1
842ab5dffffffff-2015-05,6
842ab5dffffffff-2015-07,7
842ab5dffffffff-2015-08,17
842ab5dffffffff-2015-09,3
842ab5dffffffff-2015-10,5
842ab5dffffffff-2016-04,5
842ab5dffffffff-2016-05,17
842ab5dffffffff-2016-07,13
842ab5dffffffff-2016-08,36
842ab5dffffffff-2016-09,8
842ab5dffffffff-2016-10,2
842ab5dffffffff-2017-05,12
842ab5dffffffff-2017-07,12
842ab5dffffffff-2017-08,35
842ab5dffffffff-2017-09,73
842ab5dffffffff-2017-10,7
842ab5dffffffff-2018-04,5
842ab5dffffffff-2018-05,12
842ab5dffffffff-2018-07,13
842ab5dffffffff-2018-08,18
842ab5dffffffff-2018-09,10
842ab5dffffffff-2018-10,2
842ab5dffffffff-2019-04,3
842ab5dffffffff-2019-05,11
842ab5dffffffff-2019-07,1
842ab5dffffffff-2019-08,18
842ab5dffffffff-2019-09,15
842ab5dffffffff-2019-10,38
842ab5dffffffff-2019-11,9
842ab5dffffffff-2020-04,1
842ab5dffffffff-2020-05,11
842ab5dffffffff-2020-07,35
842ab5dffffffff-2020-08,90
842ab5dffffffff-2020-09,55
842ab5dffffffff-2020-10,91
842ab5dffffffff-2021-04,16
842ab5dffffffff-2021-05,32
842ab5dffffffff-2021-07,2
842ab5dffffffff-2021-08,13
842ab5dffffffff-2021-09,7
842ab5dffffffff-2021-10,20
842ab5dffffffff-2022-04,4
842ab5dffffffff-2022-05,23
842ab5dffffffff-2022-07,37
842ab5dffffffff-2022-08,45
842ab5dffffffff-2022-09,8
842ab5dffffffff-2022-10,1
842ab5dffffffff-2023-04,2
842ab5dffffffff-2023-05,20
842ab5dffffffff-2023-07,10
842ab5dffffffff-2023-08,19
842ab5dffffffff-2023-09,8
842ab5dffffffff-2023-10,8
842ab61ffffffff-2012-04,1
842ab61ffffffff-2012-07,3
842ab61ffffffff-2012-08,5
842ab61ffffffff-2012-09,2
842ab61ffffffff-2012-10,1
842ab61ffffffff-2013-04,3
842ab61ffffffff-2013-05,5
842ab61ffffffff-2013-08,15
842ab61ffffffff-2013-09,3
842ab61ffffffff-2013-10,1
842ab61ffffffff-2014-04,2
842ab61ffffffff-2014-07,3
842ab61ffffffff-2014-08,8
842ab61ffffffff-2014-09,8
842ab61ffffffff-2014-10,1
842ab61ffffffff-2015-04,1
842ab61ffffffff-2015-05,5
842ab61ffffffff-2015-07,3
842ab61ffffffff-2015-08,4
842ab61ffffffff-2015-09,12
842ab61ffffffff-2015-10,7
842ab61ffffffff-2016-05,2
842ab61ffffffff-2016-07,2
842ab61ffffffff-2016-08,18
842ab61ffffffff-2016-09,2
842ab61ffffffff-2016-10,9
842ab61ffffffff-2017-04,3
842ab61ffffffff-2017-05,4
842ab61ffffffff-2017-07,3
842ab61ffffffff-2017-08,9
842ab61ffffffff-2017-09,24
842ab61ffffffff-2017-10,5
842ab61ffffffff-2018-04,16
842ab61ffffffff-2018-05,3
842ab61ffffffff-2018-07,15
842ab61ffffffff-2018-08,10
842ab61ffffffff-2018-09,14
842ab61ffffffff-2018-10,32
842ab61ffffffff-2019-04,4
842ab61ffffffff-2019-05,31
842ab61ffffffff-2019-07,11
842ab61ffffffff-2019-08,14
842ab61ffffffff-2019-09,16
842ab61ffffffff-2019-10,3
842ab61ffffffff-2020-04,9
842ab61ffffffff-2020-05,49
842ab61ffffffff-2020-07,19
842ab61ffffffff-2020-08,12
842ab61ffffffff-2020-09,32
842ab61ffffffff-2020-10,16
842ab61ffffffff-2021-04,6
842ab61ffffffff-2021-05,24
842ab61ffffffff-2021-07,2
842ab61ffffffff-2021-08,41
842ab61ffffffff-2021-09,40
842ab61ffffffff-2021-10,9
842ab61ffffffff-2022-03,2
842ab61ffffffff-2022-04,4
842ab61ffffffff-2022-05,13
842ab61ffffffff-2022-07,7
842ab61ffffffff-2022-08,52
842ab61ffffffff-2022-09,18
842ab61ffffffff-2022-10,1
842ab61ffffffff-2023-04,4
842ab61ffffffff-2023-05,28
842ab61ffffffff-2023-07,3
842ab61ffffffff-2023-08,24
842ab61ffffffff-2023-09,5
842ab61ffffffff-2023-10,5
842ab63ffffffff-2012-09,1
842ab63ffffffff-2013-09,1
842ab63ffffffff-2015-04,1
842ab63ffffffff-2015-08,1
842ab63ffffffff-2016-04,3
842ab63ffffffff-2016-07,1
842ab63ffffffff-2016-09,1
842ab63ffffffff-2017-04,2
842ab63ffffffff-2017-05,16
842ab63ffffffff-2017-08,3
842ab63ffffffff-2018-05,2
842ab63ffffffff-2018-08,1
842ab63ffffffff-2018-09,5
842ab63ffffffff-2018-10,2
842ab63ffffffff-2019-04,17
842ab63ffffffff-2019-05,5
842ab63ffffffff-2019-07,2
842ab63ffffffff-2019-09,1
842ab63ffffffff-2019-10,6
842ab63ffffffff-2020-04,9
842ab63ffffffff-2020-05,44
842ab63ffffffff-2020-07,5
842ab63ffffffff-2020-08,19
842ab63ffffffff-2020-09,6
842ab63ffffffff-2020-10,4
842ab63ffffffff-2021-04,6
842ab63ffffffff-2021-05,25
842ab63ffffffff-2021-07,1
842ab63ffffffff-2022-04,7
842ab63ffffffff-2022-05,3
842ab63ffffffff-2022-07,4
842ab63ffffffff-2022-08,2
842ab63ffffffff-2022-09,2
842ab63ffffffff-2023-04,2
842ab63ffffffff-2023-05,11
842ab63ffffffff-2023-06,1
842ab63ffffffff-2023-07,2
842ab63ffffffff-2023-08,1
842ab65ffffffff-2012-03,2
842ab65ffffffff-2013-05,1
842ab65ffffffff-2013-08,3
842ab65ffffffff-2014-05,1
842ab65ffffffff-2014-09,2
842ab65ffffffff-2016-07,1
842ab65ffffffff-2017-04,3
842ab65ffffffff-2017-05,7
842ab65ffffffff-2017-08,2
842ab65ffffffff-2017-09,7
842ab65ffffffff-2017-10,1
842ab65ffffffff-2018-04,5
842ab65ffffffff-2018-05,11
842ab65ffffffff-2018-06,1
842ab65ffffffff-2018-07,2
842ab65ffffffff-2018-08,1
842ab65ffffffff-2018-09,6
842ab65ffffffff-2018-10,2
842ab65ffffffff-2019-04,4
842ab65ffffffff-2019-05,6
842ab65ffffffff-2019-07,12
842ab65ffffffff-2019-08,28
842ab65ffffffff-2019-09,2
842ab65ffffffff-2020-04,14
842ab65ffffffff-2020-05,32
842ab65ffffffff-2020-07,3
842ab65ffffffff-2020-08,18
842ab65ffffffff-2020-09,1
842ab65ffffffff-2020-10,1
842ab65ffffffff-2021-04,1
842ab65ffffffff-2021-05,11
842ab65ffffffff-2021-08,14
842ab65ffffffff-2021-10,2
842ab65ffffffff-2022-04,11
842ab65ffffffff-2022-05,23
842ab65ffffffff-2022-07,14
842ab65ffffffff-2022-08,5
842ab65ffffffff-2022-09,4
842ab65ffffffff-2023-04,5
842ab65ffffffff-2023-05,15
842ab65ffffffff-2023-07,7
842ab65ffffffff-2023-08,141
842ab65ffffffff-2023-09,60
842ab65ffffffff-2023-10,14
842ab65ffffffff-2023-11,1
842ab67ffffffff-2012-03,1
842ab67ffffffff-2012-04,12
842ab67ffffffff-2012-05,9
842ab67ffffffff-2012-07,2
842ab67ffffffff-2012-08,20
842ab67ffffffff-2012-09,14
842ab67ffffffff-2012-10,4
842ab67ffffffff-2013-04,1
842ab67ffffffff-2013-05,2
842ab67ffffffff-2013-07,4
842ab67ffffffff-2013-08,8
842ab67ffffffff-2013-09,4
842ab67ffffffff-2013-10,4
842ab67ffffffff-2014-04,25
842ab67ffffffff-2014-05,65
842ab67ffffffff-2014-07,1
842ab67ffffffff-2014-08,23
842ab67ffffffff-2014-09,6
842ab67ffffffff-2014-10,4
842ab67ffffffff-2015-03,2
842ab67ffffffff-2015-04,9
842ab67ffffffff-2015-05,19
842ab67ffffffff-2015-07,1
842ab67ffffffff-2015-08,8
842ab67ffffffff-2015-09,4
842ab67ffffffff-2015-10,2
842ab67ffffffff-2016-03,11
842ab67ffffffff-2016-04,14
842ab67ffffffff-2016-05,10
842ab67ffffffff-2016-07,1
842ab67ffffffff-2016-08,23
842ab67ffffffff-2016-09,6
842ab67ffffffff-2017-04,21
842ab67ffffffff-2017-05,17
842ab67ffffffff-2017-07,6
842ab67ffffffff-2017-08,28
842ab67ffffffff-2017-09,23
842ab67ffffffff-2018-04,10
842ab67ffffffff-2018-05,39
842ab67ffffffff-2018-07,19
842ab67ffffffff-2018-08,29
842ab67ffffffff-2018-09,4
842ab67ffffffff-2019-04,26
842ab67ffffffff-2019-05,25
842ab67ffffffff-2019-07,2
842ab67ffffffff-2019-08,43
842ab67ffffffff-2019-09,1
842ab67ffffffff-2020-04,14
842ab67ffffffff-2020-05,51
842ab67ffffffff-2020-07,8
842ab67ffffffff-2020-08,108
842ab67ffffffff-2020-09,29
842ab67ffffffff-2020-10,3
842ab67ffffffff-2021-04,4
842ab67ffffffff-2021-05,78
842ab67ffffffff-2021-06,2
842ab67ffffffff-2021-07,1
842ab67ffffffff-2021-08,31
842ab67ffffffff-2021-09,17
842ab67ffffffff-2022-04,12
842ab67ffffffff-2022-05,33
842ab67ffffffff-2022-06,1
842ab67ffffffff-2022-07,15
842ab67ffffffff-2022-08,17
842ab67ffffffff-2023-03,2
842ab67ffffffff-2023-04,32
842ab67ffffffff-2023-05,56
842ab67ffffffff-2023-07,5
842ab67ffffffff-2023-08,22
842ab67ffffffff-2023-09,14
842ab67ffffffff-2023-10,18
842ab69ffffffff-2012-07,4
842ab69ffffffff-2012-08,2
842ab69ffffffff-2012-09,1
842ab69ffffffff-2013-07,2
842ab69ffffffff-2013-08,2
842ab69ffffffff-2013-09,1
842ab69ffffffff-2014-05,2
842ab69ffffffff-2014-07,5
842ab69ffffffff-2014-08,3
842ab69ffffffff-2015-04,1
842ab69ffffffff-2015-05,2
842ab69ffffffff-2015-07,3
842ab69ffffffff-2015-08,2
842ab69ffffffff-2015-09,2
842ab69ffffffff-2016-04,1
842ab69ffffffff-2016-07,2
842ab69ffffffff-2016-08,2
842ab69ffffffff-2017-04,4
842ab69ffffffff-2017-07,3
842ab69ffffffff-2017-08,5
842ab69ffffffff-2018-04,1
842ab69ffffffff-2018-05,1
842ab69ffffffff-2018-08,1
842ab69ffffffff-2018-09,5
842ab69ffffffff-2019-05,1
842ab69ffffffff-2019-09,1
842ab69ffffffff-2020-03,1
842ab69ffffffff-2020-04,14
842ab69ffffffff-2020-05,4
842ab69ffffffff-2020-07,2
842ab69ffffffff-2020-09,2
842ab69ffffffff-2020-10,2
842ab69ffffffff-2021-04,8
842ab69ffffffff-2021-05,14
842ab69ffffffff-2021-07,1
842ab69ffffffff-2021-08,1
842ab69ffffffff-2021-09,6
842ab69ffffffff-2021-10,1
842ab69ffffffff-2022-04,1
842ab69ffffffff-2022-05,9
842ab69ffffffff-2022-07,1
842ab69ffffffff-2022-08,3
842ab69ffffffff-2022-09,1
842ab69ffffffff-2022-10,5
842ab69ffffffff-2023-04,16
842ab69ffffffff-2023-05,19
842ab69ffffffff-2023-06,1
842ab69ffffffff-2023-07,2
842ab69ffffffff-2023-08,3
842ab69ffffffff-2023-09,8
842ab69ffffffff-2023-10,5
842ab6bffffffff-2012-05,2
842ab6bffffffff-2012-07,3
842ab6bffffffff-2012-08,6
842ab6bffffffff-2012-09,1
842ab6bffffffff-2012-10,1
842ab6bffffffff-2013-08,2
842ab6bffffffff-2013-09,1
842ab6bffffffff-2014-08,6
842ab6bffffffff-2014-09,6
842ab6bffffffff-2015-05,8
842ab6bffffffff-2015-07,2
842ab6bffffffff-2015-08,3
842ab6bffffffff-2015-09,2
842ab6bffffffff-2015-10,7
842ab6bffffffff-2016-04,1
842ab6bffffffff-2016-05,7
842ab6bffffffff-2016-07,8
842ab6bffffffff-2016-08,21
842ab6bffffffff-2016-09,8
842ab6bffffffff-2016-10,3
842ab6bffffffff-2017-04,2
842ab6bffffffff-2017-05,3
842ab6bffffffff-2017-07,7
842ab6bffffffff-2017-08,13
842ab6bffffffff-2017-09,10
842ab6bffffffff-2017-10,7
842ab6bffffffff-2018-04,3
842ab6bffffffff-2018-05,7
842ab6bffffffff-2018-07,14
842ab6bffffffff-2018-08,34
842ab6bffffffff-2018-09,33
842ab6bffffffff-2018-10,12
842ab6bffffffff-2019-04,7
842ab6bffffffff-2019-05,14
842ab6bffffffff-2019-07,23
842ab6bffffffff-2019-08,66
842ab6bffffffff-2019-09,61
842ab6bffffffff-2019-10,31
842ab6bffffffff-2019-11,1
842ab6bffffffff-2020-04,10
842ab6bffffffff-2020-05,96
842ab6bffffffff-2020-07,89
842ab6bffffffff-2020-08,56
842ab6bffffffff-2020-09,72
842ab6bffffffff-2020-10,77
842ab6bffffffff-2021-04,30
842ab6bffffffff-2021-05,166
842ab6bffffffff-2021-06,1
842ab6bffffffff-2021-07,32
842ab6bffffffff-2021-08,108
842ab6bffffffff-2021-09,106
842ab6bffffffff-2021-10,89
842ab6bffffffff-2022-04,24
842ab6bffffffff-2022-05,507
842ab6bffffffff-2022-06,8
842ab6bffffffff-2022-07,148
842ab6bffffffff-2022-08,107
842ab6bffffffff-2022-09,51
842ab6bffffffff-2022-10,45
842ab6bffffffff-2022-11,4
842ab6bffffffff-2023-04,20
842ab6bffffffff-2023-05,85
842ab6bffffffff-2023-06,15
842ab6bffffffff-2023-07,63
842ab6bffffffff-2023-08,23
842ab6bffffffff-2023-09,23
842ab6bffffffff-2023-10,14
842ab6dffffffff-2012-05,2
842ab6dffffffff-2012-08,3
842ab6dffffffff-2012-09,1
842ab6dffffffff-2013-09,1
842ab6dffffffff-2015-04,2
842ab6dffffffff-2015-05,3
842ab6dffffffff-2016-05,2
842ab6dffffffff-2017-04,1
842ab6dffffffff-2018-09,1
842ab6dffffffff-2018-10,1
842ab6dffffffff-2019-04,1
842ab6dffffffff-2019-05,1
842ab6dffffffff-2019-07,2
842ab6dffffffff-2019-08,4
842ab6dffffffff-2019-09,7
842ab6dffffffff-2019-10,1
842ab6dffffffff-2020-08,1
842ab6dffffffff-2021-05,1
842ab6dffffffff-2022-07,1
842ab6dffffffff-2022-08,1
842ab6dffffffff-2022-09,2
842ab6dffffffff-2023-06,1
842ab6dffffffff-2023-08,2
842ab6dffffffff-2023-09,8
842ab6dffffffff-2023-10,3
842ac6dffffffff-2012-05,1
842ac6dffffffff-2012-08,1
842ac6dffffffff-2012-09,1
842ac6dffffffff-2012-10,1
842ac6dffffffff-2013-05,1
842ac6dffffffff-2013-06,1
842ac6dffffffff-2013-07,2
842ac6dffffffff-2013-08,15
842ac6dffffffff-2013-09,1
842ac6dffffffff-2013-10,5
842ac6dffffffff-2014-03,3
842ac6dffffffff-2014-04,7
842ac6dffffffff-2014-05,7
842ac6dffffffff-2014-07,1
842ac6dffffffff-2014-08,12
842ac6dffffffff-2015-01,1
842ac6dffffffff-2015-03,3
842ac6dffffffff-2015-05,2
842ac6dffffffff-2015-06,5
842ac6dffffffff-2015-07,1
842ac6dffffffff-2015-09,10
842ac6dffffffff-2015-11,1
842ac6dffffffff-2016-01,1
842ac6dffffffff-2016-04,1
842ac6dffffffff-2016-05,2
842ac6dffffffff-2016-07,1
842ac6dffffffff-2016-08,8
842ac6dffffffff-2016-09,4
842ac6dffffffff-2016-11,1
842ac6dffffffff-2017-04,2
842ac6dffffffff-2017-05,1
842ac6dffffffff-2017-06,2
842ac6dffffffff-2017-07,3
842ac6dffffffff-2017-08,11
842ac6dffffffff-2017-09,12
842ac6dffffffff-2017-10,1
842ac6dffffffff-2017-11,1
842ac6dffffffff-2018-01,4
842ac6dffffffff-2018-03,1
842ac6dffffffff-2018-05,15
842ac6dffffffff-2018-06,3
842ac6dffffffff-2018-07,7
842ac6dffffffff-2018-08,23
842ac6dffffffff-2018-09,6
842ac6dffffffff-2018-10,5
842ac6dffffffff-2018-12,2
842ac6dffffffff-2019-04,2
842ac6dffffffff-2019-05,2
842ac6dffffffff-2019-06,2
842ac6dffffffff-2019-07,6
842ac6dffffffff-2019-08,66
842ac6dffffffff-2019-09,4
842ac6dffffffff-2019-10,3
842ac6dffffffff-2020-05,20
842ac6dffffffff-2020-07,16
842ac6dffffffff-2020-08,67
842ac6dffffffff-2020-09,9
842ac6dffffffff-2020-10,3
842ac6dffffffff-2021-03,2
842ac6dffffffff-2021-04,14
842ac6dffffffff-2021-05,36
842ac6dffffffff-2021-06,1
842ac6dffffffff-2021-07,41
842ac6dffffffff-2021-08,29
842ac6dffffffff-2021-09,7
842ac6dffffffff-2021-10,2
842ac6dffffffff-2022-02,1
842ac6dffffffff-2022-03,6
842ac6dffffffff-2022-04,36
842ac6dffffffff-2022-05,30
842ac6dffffffff-2022-07,39
842ac6dffffffff-2022-08,80
842ac6dffffffff-2022-09,38
842ac6dffffffff-2022-10,5
842ac6dffffffff-2022-11,3
842ac6dffffffff-2022-12,2
842ac6dffffffff-2023-01,5
842ac6dffffffff-2023-03,4
842ac6dffffffff-2023-04,1
842ac6dffffffff-2023-05,16
842ac6dffffffff-2023-07,14
842ac6dffffffff-2023-08,33
842ac6dffffffff-2023-09,34
842ac6dffffffff-2023-10,38
842ac6dffffffff-2023-11,2
842ad01ffffffff-2019-04,1
842ad03ffffffff-2012-01,2
842ad03ffffffff-2012-04,3
842ad03ffffffff-2012-09,1
842ad03ffffffff-2012-12,2
842ad03ffffffff-2013-01,6
842ad03ffffffff-2013-04,3
842ad03ffffffff-2013-05,2
842ad03ffffffff-2013-07,1
842ad03ffffffff-2013-10,2
842ad03ffffffff-2013-12,1
842ad03ffffffff-2014-01,2
842ad03ffffffff-2014-04,3
842ad03ffffffff-2014-05,3
842ad03ffffffff-2014-08,1
842ad03ffffffff-2014-10,1
842ad03ffffffff-2014-11,3
842ad03ffffffff-2015-01,2
842ad03ffffffff-2015-03,5
842ad03ffffffff-2015-04,3
842ad03ffffffff-2015-05,9
842ad03ffffffff-2015-06,3
842ad03ffffffff-2015-08,4
842ad03ffffffff-2015-09,1
842ad03ffffffff-2015-10,2
842ad03ffffffff-2016-01,7
842ad03ffffffff-2016-04,2
842ad03ffffffff-2016-05,1
842ad03ffffffff-2016-07,4
842ad03ffffffff-2016-08,1
842ad03ffffffff-2016-09,6
842ad03ffffffff-2016-10,1
842ad03ffffffff-2017-01,2
842ad03ffffffff-2017-03,1
842ad03ffffffff-2017-04,4
842ad03ffffffff-2017-05,4
842ad03ffffffff-2017-07,3
842ad03ffffffff-2017-08,9
842ad03ffffffff-2017-09,5
842ad03ffffffff-2017-10,1
842ad03ffffffff-2017-11,1
842ad03ffffffff-2017-12,3
842ad03ffffffff-2018-01,2
842ad03ffffffff-2018-02,2
842ad03ffffffff-2018-03,1
842ad03ffffffff-2018-04,4
842ad03ffffffff-2018-05,3
842ad03ffffffff-2018-07,4
842ad03ffffffff-2018-08,1
842ad03ffffffff-2018-09,4
842ad03ffffffff-2018-11,1
842ad03ffffffff-2018-12,10
842ad03ffffffff-2019-04,8
842ad03ffffffff-2019-05,2
842ad03ffffffff-2019-08,1
842ad03ffffffff-2019-09,2
842ad03ffffffff-2019-10,1
842ad03ffffffff-2020-01,3
842ad03ffffffff-2020-02,5
842ad03ffffffff-2020-05,3
842ad03ffffffff-2020-08,1
842ad03ffffffff-2020-09,4
842ad03ffffffff-2020-10,1
842ad03ffffffff-2020-12,1
842ad03ffffffff-2021-01,1
842ad03ffffffff-2021-02,1
842ad03ffffffff-2021-03,1
842ad03ffffffff-2021-04,3
842ad03ffffffff-2021-05,4
842ad03ffffffff-2021-07,2
842ad03ffffffff-2021-08,5
842ad03ffffffff-2021-09,1
842ad03ffffffff-2021-11,1
842ad03ffffffff-2021-12,1
842ad03ffffffff-2022-01,4
842ad03ffffffff-2022-03,4
842ad03ffffffff-2022-04,4
842ad03ffffffff-2022-07,3
842ad03ffffffff-2022-08,3
842ad03ffffffff-2022-09,1
842ad03ffffffff-2022-10,2
842ad03ffffffff-2022-12,2
842ad03ffffffff-2023-01,2
842ad03ffffffff-2023-02,3
842ad03ffffffff-2023-03,1
842ad03ffffffff-2023-05,2
842ad03ffffffff-2023-06,1
842ad03ffffffff-2023-08,2
842ad03ffffffff-2023-09,11
842ad03ffffffff-2023-10,6
842ad07ffffffff-2012-05,1
842ad07ffffffff-2012-08,3
842ad07ffffffff-2014-09,1
842ad07ffffffff-2015-10,1
842ad07ffffffff-2020-08,5
842ad07ffffffff-2023-01,2
842ad07ffffffff-2023-08,2
842ad09ffffffff-2019-10,2
842ad0bffffffff-2014-07,1
842ad0bffffffff-2015-04,3
842ad0bffffffff-2016-04,4
842ad0bffffffff-2016-08,1
842ad0bffffffff-2017-09,2
842ad0bffffffff-2018-04,1
842ad0bffffffff-2018-08,1
842ad0bffffffff-2018-09,1
842ad0bffffffff-2019-03,1
842ad0bffffffff-2020-05,1
842ad0bffffffff-2020-07,1
842ad0bffffffff-2021-03,1
842ad0bffffffff-2021-06,1
842ad0bffffffff-2021-10,2
842ad0bffffffff-2022-04,2
842ad0bffffffff-2023-04,1
842ad0bffffffff-2023-05,1
842ad15ffffffff-2012-03,1
842ad15ffffffff-2012-04,1
842ad15ffffffff-2012-05,1
842ad15ffffffff-2012-07,1
842ad15ffffffff-2013-01,1
842ad15ffffffff-2013-02,2
842ad15ffffffff-2013-03,1
842ad15ffffffff-2013-05,3
842ad15ffffffff-2013-08,2
842ad15ffffffff-2013-11,1
842ad15ffffffff-2014-01,4
842ad15ffffffff-2014-03,1
842ad15ffffffff-2014-08,3
842ad15ffffffff-2014-10,1
842ad15ffffffff-2015-01,1
842ad15ffffffff-2015-02,1
842ad15ffffffff-2015-03,1
842ad15ffffffff-2015-04,1
842ad15ffffffff-2015-05,5
842ad15ffffffff-2015-07,3
842ad15ffffffff-2015-08,6
842ad15ffffffff-2015-09,2
842ad15ffffffff-2015-10,2
842ad15ffffffff-2015-11,1
842ad15ffffffff-2016-01,1
842ad15ffffffff-2016-02,4
842ad15ffffffff-2016-04,2
842ad15ffffffff-2016-05,2
842ad15ffffffff-2016-08,1
842ad15ffffffff-2016-09,8
842ad15ffffffff-2016-10,1
842ad15ffffffff-2017-01,1
842ad15ffffffff-2017-03,2
842ad15ffffffff-2017-04,4
842ad15ffffffff-2017-05,3
842ad15ffffffff-2017-09,2
842ad15ffffffff-2017-11,1
842ad15ffffffff-2018-01,7
842ad15ffffffff-2018-02,1
842ad15ffffffff-2018-03,7
842ad15ffffffff-2018-04,5
842ad15ffffffff-2018-07,2
842ad15ffffffff-2018-09,4
842ad15ffffffff-2018-12,2
842ad15ffffffff-2019-02,1
842ad15ffffffff-2019-03,1
842ad15ffffffff-2019-04,2
842ad15ffffffff-2019-05,2
842ad15ffffffff-2019-08,3
842ad15ffffffff-2019-09,3
842ad15ffffffff-2020-01,4
842ad15ffffffff-2020-02,3
842ad15ffffffff-2020-03,1
842ad15ffffffff-2020-05,2
842ad15ffffffff-2020-08,9
842ad15ffffffff-2020-09,1
842ad15ffffffff-2020-10,1
842ad15ffffffff-2020-12,1
842ad15ffffffff-2021-04,18
842ad15ffffffff-2021-05,6
842ad15ffffffff-2021-07,1
842ad15ffffffff-2021-08,3
842ad15ffffffff-2021-09,7
842ad15ffffffff-2021-10,1
842ad15ffffffff-2021-12,1
842ad15ffffffff-2022-02,3
842ad15ffffffff-2022-03,1
842ad15ffffffff-2022-04,3
842ad15ffffffff-2022-05,10
842ad15ffffffff-2022-07,1
842ad15ffffffff-2022-08,2
842ad15ffffffff-2022-09,2
842ad15ffffffff-2022-10,20
842ad15ffffffff-2023-01,2
842ad15ffffffff-2023-03,3
842ad15ffffffff-2023-04,19
842ad15ffffffff-2023-05,19
842ad15ffffffff-2023-06,2
842ad15ffffffff-2023-08,3
842ad15ffffffff-2023-09,8
842ad15ffffffff-2023-10,1
842ad21ffffffff-2022-05,1
842ad25ffffffff-2017-04,2
842ad27ffffffff-2021-12,2
842ad2dffffffff-2018-04,1
842ad2dffffffff-2020-08,1
842ad2dffffffff-2021-10,2
842ad31ffffffff-2012-08,1
842ad31ffffffff-2013-02,5
842ad31ffffffff-2013-05,1
842ad31ffffffff-2014-02,2
842ad31ffffffff-2014-07,1
842ad31ffffffff-2014-12,2
842ad31ffffffff-2015-01,3
842ad31ffffffff-2015-04,1
842ad31ffffffff-2015-05,1
842ad31ffffffff-2015-09,2
842ad31ffffffff-2015-11,1
842ad31ffffffff-2016-02,2
842ad31ffffffff-2016-04,1
842ad31ffffffff-2016-12,1
842ad31ffffffff-2017-02,1
842ad31ffffffff-2017-03,5
842ad31ffffffff-2017-05,2
842ad31ffffffff-2017-09,2
842ad31ffffffff-2017-10,5
842ad31ffffffff-2018-03,1
842ad31ffffffff-2018-04,4
842ad31ffffffff-2018-05,2
842ad31ffffffff-2018-10,1
842ad31ffffffff-2018-11,2
842ad31ffffffff-2019-01,5
842ad31ffffffff-2019-02,2
842ad31ffffffff-2019-03,7
842ad31ffffffff-2019-04,3
842ad31ffffffff-2019-06,1
842ad31ffffffff-2019-11,2
842ad31ffffffff-2019-12,2
842ad31ffffffff-2020-01,2
842ad31ffffffff-2020-03,14
842ad31ffffffff-2020-04,1
842ad31ffffffff-2020-09,2
842ad31ffffffff-2021-01,1
842ad31ffffffff-2021-02,1
842ad31ffffffff-2021-03,6
842ad31ffffffff-2021-04,9
842ad31ffffffff-2021-05,1
842ad31ffffffff-2021-06,2
842ad31ffffffff-2021-08,5
842ad31ffffffff-2021-09,1
842ad31ffffffff-2021-10,2
842ad31ffffffff-2021-12,2
842ad31ffffffff-2022-01,3
842ad31ffffffff-2022-02,1
842ad31ffffffff-2022-03,7
842ad31ffffffff-2022-04,1
842ad31ffffffff-2022-06,2
842ad31ffffffff-2022-07,1
842ad31ffffffff-2022-08,1
842ad31ffffffff-2022-10,3
842ad31ffffffff-2023-01,2
842ad31ffffffff-2023-02,5
842ad31ffffffff-2023-03,9
842ad31ffffffff-2023-04,7
842ad31ffffffff-2023-05,2
842ad31ffffffff-2023-06,1
842ad31ffffffff-2023-07,1
842ad31ffffffff-2023-08,2
842ad31ffffffff-2023-09,1
842ad35ffffffff-2015-01,1
842ad35ffffffff-2015-04,2
842ad35ffffffff-2015-08,1
842ad35ffffffff-2017-10,1
842ad35ffffffff-2018-01,1
842ad35ffffffff-2018-02,2
842ad35ffffffff-2018-03,2
842ad35ffffffff-2018-04,1
842ad35ffffffff-2018-05,1
842ad35ffffffff-2018-12,1
842ad35ffffffff-2019-02,4
842ad35ffffffff-2019-04,2
842ad35ffffffff-2019-05,3
842ad35ffffffff-2019-08,2
842ad35ffffffff-2019-09,1
842ad35ffffffff-2020-04,2
842ad35ffffffff-2021-04,2
842ad35ffffffff-2021-05,2
842ad35ffffffff-2021-08,1
842ad35ffffffff-2021-09,1
842ad35ffffffff-2021-10,1
842ad35ffffffff-2022-01,1
842ad35ffffffff-2022-05,3
842ad35ffffffff-2022-09,1
842ad35ffffffff-2022-10,1
842ad35ffffffff-2022-11,1
842ad35ffffffff-2023-04,4
842ad35ffffffff-2023-05,4
842ad37ffffffff-2012-01,2
842ad37ffffffff-2012-02,6
842ad37ffffffff-2012-03,4
842ad37ffffffff-2012-04,13
842ad37ffffffff-2012-05,8
842ad37ffffffff-2012-07,5
842ad37ffffffff-2012-09,1
842ad37ffffffff-2012-10,5
842ad37ffffffff-2012-11,1
842ad37ffffffff-2012-12,1
842ad37ffffffff-2013-01,4
842ad37ffffffff-2013-02,5
842ad37ffffffff-2013-03,11
842ad37ffffffff-2013-04,7
842ad37ffffffff-2013-05,2
842ad37ffffffff-2013-08,2
842ad37ffffffff-2013-09,8
842ad37ffffffff-2013-10,6
842ad37ffffffff-2013-11,3
842ad37ffffffff-2013-12,7
842ad37ffffffff-2014-01,16
842ad37ffffffff-2014-02,6
842ad37ffffffff-2014-03,14
842ad37ffffffff-2014-04,23
842ad37ffffffff-2014-05,11
842ad37ffffffff-2014-07,10
842ad37ffffffff-2014-08,5
842ad37ffffffff-2014-09,3
842ad37ffffffff-2014-10,14
842ad37ffffffff-2014-11,3
842ad37ffffffff-2014-12,12
842ad37ffffffff-2015-01,27
842ad37ffffffff-2015-02,13
842ad37ffffffff-2015-03,31
842ad37ffffffff-2015-04,52
842ad37ffffffff-2015-05,14
842ad37ffffffff-2015-06,4
842ad37ffffffff-2015-07,4
842ad37ffffffff-2015-08,7
842ad37ffffffff-2015-09,3
842ad37ffffffff-2015-10,2
842ad37ffffffff-2015-11,5
842ad37ffffffff-2015-12,15
842ad37ffffffff-2016-01,29
842ad37ffffffff-2016-02,18
842ad37ffffffff-2016-03,21
842ad37ffffffff-2016-04,29
842ad37ffffffff-2016-05,12
842ad37ffffffff-2016-07,3
842ad37ffffffff-2016-08,3
842ad37ffffffff-2016-11,3
842ad37ffffffff-2016-12,6
842ad37ffffffff-2017-01,36
842ad37ffffffff-2017-02,19
842ad37ffffffff-2017-03,33
842ad37ffffffff-2017-04,57
842ad37ffffffff-2017-05,44
842ad37ffffffff-2017-07,15
842ad37ffffffff-2017-08,17
842ad37ffffffff-2017-09,15
842ad37ffffffff-2017-10,7
842ad37ffffffff-2017-11,18
842ad37ffffffff-2017-12,13
842ad37ffffffff-2018-01,26
842ad37ffffffff-2018-02,22
842ad37ffffffff-2018-03,58
842ad37ffffffff-2018-04,101
842ad37ffffffff-2018-05,35
842ad37ffffffff-2018-06,1
842ad37ffffffff-2018-07,1
842ad37ffffffff-2018-08,2
842ad37ffffffff-2018-09,2
842ad37ffffffff-2018-10,9
842ad37ffffffff-2018-11,17
842ad37ffffffff-2018-12,17
842ad37ffffffff-2019-01,31
842ad37ffffffff-2019-02,60
842ad37ffffffff-2019-03,72
842ad37ffffffff-2019-04,78
842ad37ffffffff-2019-05,27
842ad37ffffffff-2019-07,8
842ad37ffffffff-2019-08,8
842ad37ffffffff-2019-10,12
842ad37ffffffff-2019-11,4
842ad37ffffffff-2019-12,19
842ad37ffffffff-2020-01,38
842ad37ffffffff-2020-02,23
842ad37ffffffff-2020-03,13
842ad37ffffffff-2020-04,2
842ad37ffffffff-2020-05,50
842ad37ffffffff-2020-06,3
842ad37ffffffff-2020-07,3
842ad37ffffffff-2020-08,5
842ad37ffffffff-2020-09,1
842ad37ffffffff-2020-10,4
842ad37ffffffff-2020-11,7
842ad37ffffffff-2020-12,18
842ad37ffffffff-2021-01,11
842ad37ffffffff-2021-02,18
842ad37ffffffff-2021-03,36
842ad37ffffffff-2021-04,128
842ad37ffffffff-2021-05,107
842ad37ffffffff-2021-06,2
842ad37ffffffff-2021-07,1
842ad37ffffffff-2021-08,10
842ad37ffffffff-2021-09,11
842ad37ffffffff-2021-10,9
842ad37ffffffff-2021-11,10
842ad37ffffffff-2021-12,22
842ad37ffffffff-2022-01,37
842ad37ffffffff-2022-02,28
842ad37ffffffff-2022-03,32
842ad37ffffffff-2022-04,157
842ad37ffffffff-2022-05,109
842ad37ffffffff-2022-06,60
842ad37ffffffff-2022-07,18
842ad37ffffffff-2022-08,12
842ad37ffffffff-2022-09,18
842ad37ffffffff-2022-10,13
842ad37ffffffff-2022-11,6
842ad37ffffffff-2022-12,36
842ad37ffffffff-2023-01,40
842ad37ffffffff-2023-02,23
842ad37ffffffff-2023-03,69
842ad37ffffffff-2023-04,144
842ad37ffffffff-2023-05,61
842ad37ffffffff-2023-06,36
842ad37ffffffff-2023-07,56
842ad37ffffffff-2023-08,14
842ad37ffffffff-2023-09,6
842ad37ffffffff-2023-10,7
842ad37ffffffff-2023-11,9
842ad39ffffffff-2012-01,6
842ad39ffffffff-2012-05,1
842ad39ffffffff-2012-07,1
842ad39ffffffff-2012-09,2
842ad39ffffffff-2013-01,1
842ad39ffffffff-2013-02,1
842ad39ffffffff-2013-04,4
842ad39ffffffff-2013-07,1
842ad39ffffffff-2013-09,4
842ad39ffffffff-2014-02,2
842ad39ffffffff-2014-04,3
842ad39ffffffff-2014-07,3
842ad39ffffffff-2014-08,2
842ad39ffffffff-2014-12,1
842ad39ffffffff-2015-02,1
842ad39ffffffff-2015-04,20
842ad39ffffffff-2015-05,3
842ad39ffffffff-2015-07,1
842ad39ffffffff-2015-08,3
842ad39ffffffff-2015-10,1
842ad39ffffffff-2016-02,1
842ad39ffffffff-2016-05,1
842ad39ffffffff-2016-07,1
842ad39ffffffff-2016-08,3
842ad39ffffffff-2017-01,1
842ad39ffffffff-2017-02,1
842ad39ffffffff-2017-03,2
842ad39ffffffff-2017-04,8
842ad39ffffffff-2017-06,1
842ad39ffffffff-2017-08,4
842ad39ffffffff-2017-09,7
842ad39ffffffff-2018-02,2
842ad39ffffffff-2018-04,3
842ad39ffffffff-2019-01,2
842ad39ffffffff-2019-03,3
842ad39ffffffff-2019-04,12
842ad39ffffffff-2019-05,2
842ad39ffffffff-2019-07,4
842ad39ffffffff-2019-08,1
842ad39ffffffff-2019-11,1
842ad39ffffffff-2019-12,1
842ad39ffffffff-2020-01,1
842ad39ffffffff-2020-03,2
842ad39ffffffff-2020-04,5
842ad39ffffffff-2020-05,2
842ad39ffffffff-2020-06,1
842ad39ffffffff-2020-07,6
842ad39ffffffff-2020-08,2
842ad39ffffffff-2020-09,6
842ad39ffffffff-2020-10,1
842ad39ffffffff-2020-12,3
842ad39ffffffff-2021-01,3
842ad39ffffffff-2021-03,3
842ad39ffffffff-2021-04,19
842ad39ffffffff-2021-05,2
842ad39ffffffff-2021-07,1
842ad39ffffffff-2021-08,2
842ad39ffffffff-2021-09,1
842ad39ffffffff-2021-10,2
842ad39ffffffff-2021-11,2
842ad39ffffffff-2022-03,2
842ad39ffffffff-2022-04,4
842ad39ffffffff-2022-05,1
842ad39ffffffff-2022-08,1
842ad39ffffffff-2022-09,4
842ad39ffffffff-2022-10,1
842ad39ffffffff-2022-12,2
842ad39ffffffff-2023-01,1
842ad39ffffffff-2023-03,13
842ad39ffffffff-2023-04,5
842ad39ffffffff-2023-05,1
842ad39ffffffff-2023-08,3
842ad39ffffffff-2023-09,2
842ad39ffffffff-2023-10,4
842ad39ffffffff-2023-11,1
842ad41ffffffff-2015-12,1
842ad41ffffffff-2017-04,3
842ad41ffffffff-2018-08,2
842ad41ffffffff-2021-08,13
842ad41ffffffff-2021-09,1
842ad41ffffffff-2022-02,1
842ad41ffffffff-2022-03,1
842ad41ffffffff-2023-04,2
842ad43ffffffff-2021-10,1
842ad43ffffffff-2021-11,1
842ad45ffffffff-2014-03,1
842ad45ffffffff-2016-11,2
842ad45ffffffff-2017-05,1
842ad45ffffffff-2017-11,2
842ad45ffffffff-2019-08,1
842ad45ffffffff-2019-09,1
842ad45ffffffff-2019-11,1
842ad45ffffffff-2022-11,1
842ad45ffffffff-2023-08,4
842ad45ffffffff-2023-09,1
842ad47ffffffff-2015-10,3
842ad47ffffffff-2016-01,1
842ad47ffffffff-2017-01,3
842ad47ffffffff-2017-04,3
842ad47ffffffff-2017-07,1
842ad47ffffffff-2017-08,1
842ad47ffffffff-2017-11,1
842ad47ffffffff-2017-12,3
842ad47ffffffff-2018-08,2
842ad47ffffffff-2018-12,1
842ad47ffffffff-2019-01,2
842ad47ffffffff-2019-03,1
842ad47ffffffff-2019-04,2
842ad47ffffffff-2019-11,1
842ad47ffffffff-2019-12,1
842ad47ffffffff-2020-01,1
842ad47ffffffff-2020-11,1
842ad47ffffffff-2020-12,2
842ad47ffffffff-2021-01,1
842ad47ffffffff-2021-05,1
842ad47ffffffff-2021-08,2
842ad47ffffffff-2021-11,7
842ad47ffffffff-2021-12,1
842ad47ffffffff-2022-01,1
842ad47ffffffff-2022-02,1
842ad47ffffffff-2022-03,1
842ad47ffffffff-2022-04,2
842ad47ffffffff-2022-08,1
842ad47ffffffff-2022-09,2
842ad47ffffffff-2022-10,1
842ad47ffffffff-2022-12,5
842ad47ffffffff-2023-02,1
842ad47ffffffff-2023-03,3
842ad47ffffffff-2023-04,1
842ad47ffffffff-2023-09,2
842ad49ffffffff-2014-04,1
842ad49ffffffff-2015-02,1
842ad49ffffffff-2015-05,2
842ad49ffffffff-2016-04,1
842ad49ffffffff-2017-05,1
842ad49ffffffff-2018-04,2
842ad49ffffffff-2018-05,1
842ad49ffffffff-2018-09,3
842ad49ffffffff-2019-09,2
842ad49ffffffff-2021-04,1
842ad49ffffffff-2021-05,2
842ad49ffffffff-2021-08,10
842ad49ffffffff-2021-09,3
842ad49ffffffff-2022-04,5
842ad49ffffffff-2022-08,1
842ad49ffffffff-2023-03,3
842ad49ffffffff-2023-04,4
842ad49ffffffff-2023-08,1
842ad49ffffffff-2023-09,1
842ad49ffffffff-2023-11,1
842ad4bffffffff-2017-08,1
842ad4bffffffff-2018-01,2
842ad4bffffffff-2018-03,1
842ad4bffffffff-2019-01,1
842ad4bffffffff-2019-03,2
842ad4bffffffff-2019-04,1
842ad4bffffffff-2020-01,1
842ad4bffffffff-2020-05,1
842ad4bffffffff-2021-05,2
842ad4bffffffff-2021-07,1
842ad4bffffffff-2021-08,1
842ad4bffffffff-2021-09,1
842ad4bffffffff-2021-11,1
842ad4bffffffff-2022-04,3
842ad4bffffffff-2022-08,1
842ad4bffffffff-2022-10,1
842ad4bffffffff-2023-04,1
842ad4bffffffff-2023-05,1
842ad4bffffffff-2023-06,1
842ad4bffffffff-2023-07,1
842ad4bffffffff-2023-08,2
842ad4dffffffff-2014-04,1
842ad4dffffffff-2015-08,5
842ad4dffffffff-2017-04,1
842ad4dffffffff-2021-04,1
842ad4dffffffff-2021-09,8
842ad4dffffffff-2021-10,1
842ad4dffffffff-2022-04,2
842ad4dffffffff-2022-05,2
842ad4dffffffff-2022-07,3
842ad4dffffffff-2022-09,1
842ad4dffffffff-2022-10,1
842ad4dffffffff-2022-11,2
842ad4dffffffff-2023-09,3
842ad51ffffffff-2012-04,3
842ad51ffffffff-2012-06,1
842ad51ffffffff-2014-05,1
842ad51ffffffff-2014-11,1
842ad51ffffffff-2015-02,2
842ad51ffffffff-2015-04,1
842ad51ffffffff-2015-12,1
842ad51ffffffff-2016-03,3
842ad51ffffffff-2016-04,2
842ad51ffffffff-2016-11,2
842ad51ffffffff-2016-12,1
842ad51ffffffff-2017-04,1
842ad51ffffffff-2017-06,1
842ad51ffffffff-2017-07,2
842ad51ffffffff-2017-08,2
842ad51ffffffff-2017-09,2
842ad51ffffffff-2017-10,1
842ad51ffffffff-2017-11,1
842ad51ffffffff-2017-12,1
842ad51ffffffff-2018-10,1
842ad51ffffffff-2019-03,1
842ad51ffffffff-2019-09,1
842ad51ffffffff-2020-08,1
842ad51ffffffff-2020-11,1
842ad51ffffffff-2021-04,1
842ad51ffffffff-2021-09,1
842ad51ffffffff-2021-12,2
842ad51ffffffff-2022-04,1
842ad51ffffffff-2022-05,6
842ad51ffffffff-2022-07,4
842ad51ffffffff-2022-08,1
842ad51ffffffff-2022-12,2
842ad51ffffffff-2023-02,3
842ad51ffffffff-2023-03,6
842ad51ffffffff-2023-04,7
842ad51ffffffff-2023-07,2
842ad51ffffffff-2023-09,1
842ad51ffffffff-2023-10,3
842ad55ffffffff-2012-04,2
842ad55ffffffff-2013-04,1
842ad55ffffffff-2013-11,1
842ad55ffffffff-2014-04,1
842ad55ffffffff-2014-05,1
842ad55ffffffff-2014-12,2
842ad55ffffffff-2015-01,1
842ad55ffffffff-2016-02,1
842ad55ffffffff-2016-04,1
842ad55ffffffff-2016-07,2
842ad55ffffffff-2016-08,1
842ad55ffffffff-2016-11,1
842ad55ffffffff-2017-04,2
842ad55ffffffff-2017-08,1
842ad55ffffffff-2017-10,1
842ad55ffffffff-2018-02,1
842ad55ffffffff-2018-07,3
842ad55ffffffff-2018-10,1
842ad55ffffffff-2018-11,1
842ad55ffffffff-2019-04,1
842ad55ffffffff-2019-07,2
842ad55ffffffff-2021-05,2
842ad55ffffffff-2021-07,2
842ad55ffffffff-2021-08,1
842ad55ffffffff-2021-09,6
842ad55ffffffff-2021-11,1
842ad55ffffffff-2021-12,2
842ad55ffffffff-2022-01,1
842ad55ffffffff-2022-04,1
842ad55ffffffff-2022-05,4
842ad55ffffffff-2022-09,2
842ad55ffffffff-2022-10,1
842ad55ffffffff-2023-04,15
842ad55ffffffff-2023-05,2
842ad55ffffffff-2023-10,2
842ad55ffffffff-2023-11,4
842ad57ffffffff-2012-04,2
842ad57ffffffff-2012-07,2
842ad57ffffffff-2012-08,3
842ad57ffffffff-2012-10,1
842ad57ffffffff-2013-04,7
842ad57ffffffff-2013-07,5
842ad57ffffffff-2013-08,9
842ad57ffffffff-2013-12,1
842ad57ffffffff-2014-03,2
842ad57ffffffff-2014-04,3
842ad57ffffffff-2014-08,13
842ad57ffffffff-2014-09,4
842ad57ffffffff-2014-10,1
842ad57ffffffff-2015-03,2
842ad57ffffffff-2015-04,5
842ad57ffffffff-2015-07,3
842ad57ffffffff-2015-08,5
842ad57ffffffff-2015-09,4
842ad57ffffffff-2015-10,2
842ad57ffffffff-2015-11,1
842ad57ffffffff-2016-04,9
842ad57ffffffff-2016-05,2
842ad57ffffffff-2016-08,2
842ad57ffffffff-2016-11,1
842ad57ffffffff-2016-12,2
842ad57ffffffff-2017-02,2
842ad57ffffffff-2017-03,2
842ad57ffffffff-2017-04,8
842ad57ffffffff-2017-05,4
842ad57ffffffff-2017-06,2
842ad57ffffffff-2017-07,4
842ad57ffffffff-2017-08,2
842ad57ffffffff-2017-09,6
842ad57ffffffff-2017-10,4
842ad57ffffffff-2017-11,6
842ad57ffffffff-2018-05,1
842ad57ffffffff-2018-06,1
842ad57ffffffff-2018-07,2
842ad57ffffffff-2019-01,1
842ad57ffffffff-2019-02,1
842ad57ffffffff-2019-04,1
842ad57ffffffff-2019-05,1
842ad57ffffffff-2019-09,1
842ad57ffffffff-2019-12,1
842ad57ffffffff-2020-05,1
842ad57ffffffff-2020-06,1
842ad57ffffffff-2020-10,2
842ad57ffffffff-2020-11,1
842ad57ffffffff-2021-01,1
842ad57ffffffff-2021-03,2
842ad57ffffffff-2021-04,10
842ad57ffffffff-2021-05,10
842ad57ffffffff-2021-06,1
842ad57ffffffff-2021-07,1
842ad57ffffffff-2021-08,7
842ad57ffffffff-2021-09,4
842ad57ffffffff-2021-10,1
842ad57ffffffff-2022-06,1
842ad57ffffffff-2022-08,1
842ad57ffffffff-2022-09,6
842ad57ffffffff-2022-10,1
842ad57ffffffff-2023-03,1
842ad57ffffffff-2023-04,1
842ad57ffffffff-2023-05,2
842ad57ffffffff-2023-06,1
842ad57ffffffff-2023-07,1
842ad57ffffffff-2023-08,2
842ad57ffffffff-2023-09,1
842ad57ffffffff-2023-10,7
842ad59ffffffff-2012-04,1
842ad59ffffffff-2012-07,9
842ad59ffffffff-2013-01,3
842ad59ffffffff-2013-04,1
842ad59ffffffff-2013-09,1
842ad59ffffffff-2014-03,2
842ad59ffffffff-2014-04,5
842ad59ffffffff-2014-07,1
842ad59ffffffff-2014-08,6
842ad59ffffffff-2014-09,7
842ad59ffffffff-2014-11,4
842ad59ffffffff-2015-01,2
842ad59ffffffff-2015-03,3
842ad59ffffffff-2015-04,3
842ad59ffffffff-2015-05,7
842ad59ffffffff-2015-07,10
842ad59ffffffff-2015-08,14
842ad59ffffffff-2015-09,5
842ad59ffffffff-2015-10,2
842ad59ffffffff-2015-11,2
842ad59ffffffff-2015-12,1
842ad59ffffffff-2016-02,1
842ad59ffffffff-2016-03,3
842ad59ffffffff-2016-04,5
842ad59ffffffff-2016-05,7
842ad59ffffffff-2016-06,4
842ad59ffffffff-2016-07,6
842ad59ffffffff-2016-08,17
842ad59ffffffff-2016-09,1
842ad59ffffffff-2016-10,9
842ad59ffffffff-2016-11,15
842ad59ffffffff-2017-01,2
842ad59ffffffff-2017-03,4
842ad59ffffffff-2017-04,14
842ad59ffffffff-2017-05,12
842ad59ffffffff-2017-06,2
842ad59ffffffff-2017-07,22
842ad59ffffffff-2017-08,21
842ad59ffffffff-2017-09,6
842ad59ffffffff-2017-10,15
842ad59ffffffff-2017-11,2
842ad59ffffffff-2017-12,2
842ad59ffffffff-2018-01,7
842ad59ffffffff-2018-02,1
842ad59ffffffff-2018-03,4
842ad59ffffffff-2018-04,24
842ad59ffffffff-2018-06,1
842ad59ffffffff-2018-07,2
842ad59ffffffff-2018-08,2
842ad59ffffffff-2018-09,17
842ad59ffffffff-2018-10,4
842ad59ffffffff-2018-11,7
842ad59ffffffff-2019-01,1
842ad59ffffffff-2019-02,3
842ad59ffffffff-2019-04,2
842ad59ffffffff-2019-05,4
842ad59ffffffff-2019-08,8
842ad59ffffffff-2019-09,1
842ad59ffffffff-2019-10,1
842ad59ffffffff-2019-11,3
842ad59ffffffff-2019-12,3
842ad59ffffffff-2020-01,2
842ad59ffffffff-2020-03,1
842ad59ffffffff-2020-04,2
842ad59ffffffff-2020-05,7
842ad59ffffffff-2020-07,5
842ad59ffffffff-2020-08,4
842ad59ffffffff-2020-09,25
842ad59ffffffff-2020-10,6
842ad59ffffffff-2020-12,1
842ad59ffffffff-2021-01,5
842ad59ffffffff-2021-02,1
842ad59ffffffff-2021-03,9
842ad59ffffffff-2021-04,18
842ad59ffffffff-2021-05,19
842ad59ffffffff-2021-06,3
842ad59ffffffff-2021-07,5
842ad59ffffffff-2021-08,12
842ad59ffffffff-2021-09,6
842ad59ffffffff-2021-10,15
842ad59ffffffff-2021-12,5
842ad59ffffffff-2022-02,2
842ad59ffffffff-2022-03,2
842ad59ffffffff-2022-04,2
842ad59ffffffff-2022-05,15
842ad59ffffffff-2022-06,2
842ad59ffffffff-2022-07,10
842ad59ffffffff-2022-08,3
842ad59ffffffff-2022-09,5
842ad59ffffffff-2022-10,2
842ad59ffffffff-2022-11,3
842ad59ffffffff-2022-12,1
842ad59ffffffff-2023-01,4
842ad59ffffffff-2023-02,3
842ad59ffffffff-2023-03,1
842ad59ffffffff-2023-04,14
842ad59ffffffff-2023-05,7
842ad59ffffffff-2023-07,23
842ad59ffffffff-2023-08,30
842ad59ffffffff-2023-09,14
842ad59ffffffff-2023-10,20
842ad5bffffffff-2014-03,1
842ad5bffffffff-2016-08,2
842ad5bffffffff-2016-10,20
842ad5bffffffff-2016-11,3
842ad5bffffffff-2017-08,1
842ad5bffffffff-2017-09,1
842ad5bffffffff-2017-10,2
842ad5bffffffff-2018-11,1
842ad5bffffffff-2019-03,1
842ad5bffffffff-2019-07,2
842ad5bffffffff-2019-08,14
842ad5bffffffff-2020-01,2
842ad5bffffffff-2021-02,4
842ad5bffffffff-2021-04,1
842ad5bffffffff-2021-09,1
842ad5bffffffff-2021-11,1
842ad5bffffffff-2022-10,2
842ad5bffffffff-2023-09,1
842ad5dffffffff-2013-07,1
842ad5dffffffff-2016-05,1
842ad5dffffffff-2016-07,1
842ad5dffffffff-2016-08,1
842ad5dffffffff-2019-03,2
842ad5dffffffff-2019-09,3
842ad5dffffffff-2019-12,1
842ad5dffffffff-2020-01,1
842ad5dffffffff-2020-08,3
842ad5dffffffff-2022-01,1
842ad5dffffffff-2022-02,1
842ad5dffffffff-2022-04,1
842ad5dffffffff-2022-05,2
842ad5dffffffff-2022-09,1
842ad5dffffffff-2022-10,2
842ad5dffffffff-2022-11,1
842ad5dffffffff-2023-02,3
842ad5dffffffff-2023-03,5
842ad5dffffffff-2023-07,1
842ad5dffffffff-2023-08,1
842ad61ffffffff-2017-05,1
842ad61ffffffff-2018-04,1
842ad61ffffffff-2023-07,3
842ad61ffffffff-2023-08,3
842ad63ffffffff-2013-07,1
842ad63ffffffff-2017-03,2
842ad63ffffffff-2017-04,3
842ad63ffffffff-2017-08,1
842ad63ffffffff-2023-05,1
842ad67ffffffff-2015-10,6
842ad67ffffffff-2016-04,4
842ad67ffffffff-2016-05,1
842ad67ffffffff-2017-05,2
842ad67ffffffff-2017-08,9
842ad67ffffffff-2017-09,3
842ad67ffffffff-2017-12,1
842ad67ffffffff-2018-05,2
842ad67ffffffff-2018-12,1
842ad67ffffffff-2021-05,4
842ad67ffffffff-2021-09,1
842ad67ffffffff-2021-10,2
842ad67ffffffff-2022-08,2
842ad67ffffffff-2023-04,1
842ad67ffffffff-2023-11,4
842ad69ffffffff-2012-05,1
842ad69ffffffff-2012-08,4
842ad69ffffffff-2012-09,1
842ad69ffffffff-2012-11,1
842ad69ffffffff-2013-05,5
842ad69ffffffff-2014-04,2
842ad69ffffffff-2014-05,3
842ad69ffffffff-2015-04,7
842ad69ffffffff-2015-08,1
842ad69ffffffff-2016-05,3
842ad69ffffffff-2017-04,7
842ad69ffffffff-2017-05,2
842ad69ffffffff-2017-07,1
842ad69ffffffff-2017-08,43
842ad69ffffffff-2017-09,30
842ad69ffffffff-2017-10,1
842ad69ffffffff-2018-04,1
842ad69ffffffff-2019-04,1
842ad69ffffffff-2019-05,5
842ad69ffffffff-2019-10,2
842ad69ffffffff-2020-04,5
842ad69ffffffff-2020-05,3
842ad69ffffffff-2021-04,10
842ad69ffffffff-2021-05,1
842ad69ffffffff-2021-09,10
842ad69ffffffff-2021-10,4
842ad69ffffffff-2022-04,10
842ad69ffffffff-2022-05,16
842ad69ffffffff-2022-08,61
842ad69ffffffff-2022-09,61
842ad69ffffffff-2022-10,2
842ad69ffffffff-2023-04,2
842ad69ffffffff-2023-05,1
842ad69ffffffff-2023-08,4
842ad69ffffffff-2023-09,3
842ad6bffffffff-2019-04,1
842ad6dffffffff-2012-05,2
842ad6dffffffff-2012-12,1
842ad6dffffffff-2013-02,1
842ad6dffffffff-2013-04,3
842ad6dffffffff-2014-01,1
842ad6dffffffff-2014-04,5
842ad6dffffffff-2014-05,2
842ad6dffffffff-2015-05,1
842ad6dffffffff-2015-08,18
842ad6dffffffff-2015-09,35
842ad6dffffffff-2016-08,1
842ad6dffffffff-2016-09,19
842ad6dffffffff-2017-08,33
842ad6dffffffff-2017-09,55
842ad6dffffffff-2017-10,4
842ad6dffffffff-2018-04,1
842ad6dffffffff-2018-07,3
842ad6dffffffff-2019-04,7
842ad6dffffffff-2019-07,2
842ad6dffffffff-2019-09,7
842ad6dffffffff-2019-10,7
842ad6dffffffff-2020-04,1
842ad6dffffffff-2020-05,3
842ad6dffffffff-2021-04,1
842ad6dffffffff-2021-05,2
842ad6dffffffff-2021-09,8
842ad6dffffffff-2022-04,2
842ad6dffffffff-2022-05,5
842ad6dffffffff-2022-09,22
842ad6dffffffff-2022-10,9
842ad6dffffffff-2022-11,1
842ad6dffffffff-2023-04,2
842ad6dffffffff-2023-05,1
842ad6dffffffff-2023-08,236
842ad6dffffffff-2023-09,171
842ad6dffffffff-2023-10,55
842ad6dffffffff-2023-11,9
842af01ffffffff-2012-04,1
842af01ffffffff-2013-03,3
842af01ffffffff-2013-04,1
842af01ffffffff-2013-08,1
842af01ffffffff-2015-01,1
842af01ffffffff-2015-03,3
842af01ffffffff-2015-09,1
842af01ffffffff-2015-10,2
842af01ffffffff-2016-03,1
842af01ffffffff-2016-04,1
842af01ffffffff-2017-10,1
842af01ffffffff-2018-10,1
842af01ffffffff-2019-08,2
842af01ffffffff-2019-12,2
842af01ffffffff-2020-09,6
842af01ffffffff-2021-04,1
842af01ffffffff-2021-05,8
842af01ffffffff-2021-09,2
842af01ffffffff-2021-11,1
842af01ffffffff-2022-04,6
842af01ffffffff-2022-05,4
842af01ffffffff-2022-08,2
842af01ffffffff-2022-09,1
842af01ffffffff-2023-05,1
842af01ffffffff-2023-07,8
842af01ffffffff-2023-08,8
842af01ffffffff-2023-09,3
842af01ffffffff-2023-10,2
842af03ffffffff-2012-07,1
842af03ffffffff-2012-10,1
842af03ffffffff-2013-01,1
842af03ffffffff-2013-03,1
842af03ffffffff-2013-04,2
842af03ffffffff-2013-06,1
842af03ffffffff-2013-09,1
842af03ffffffff-2013-11,2
842af03ffffffff-2014-07,2
842af03ffffffff-2014-10,1
842af03ffffffff-2014-12,4
842af03ffffffff-2015-01,2
842af03ffffffff-2015-04,1
842af03ffffffff-2015-06,1
842af03ffffffff-2015-08,3
842af03ffffffff-2015-09,2
842af03ffffffff-2016-03,1
842af03ffffffff-2016-04,1
842af03ffffffff-2016-05,2
842af03ffffffff-2016-09,1
842af03ffffffff-2017-02,1
842af03ffffffff-2017-03,1
842af03ffffffff-2017-04,1
842af03ffffffff-2017-05,3
842af03ffffffff-2017-08,4
842af03ffffffff-2017-09,4
842af03ffffffff-2018-02,10
842af03ffffffff-2018-03,1
842af03ffffffff-2018-07,19
842af03ffffffff-2018-08,5
842af03ffffffff-2019-03,1
842af03ffffffff-2019-04,1
842af03ffffffff-2019-08,1
842af03ffffffff-2019-09,4
842af03ffffffff-2020-04,2
842af03ffffffff-2020-09,1
842af03ffffffff-2021-05,1
842af03ffffffff-2021-08,4
842af03ffffffff-2021-09,2
842af03ffffffff-2021-10,1
842af03ffffffff-2021-11,2
842af03ffffffff-2022-01,2
842af03ffffffff-2022-02,1
842af03ffffffff-2022-03,1
842af03ffffffff-2022-04,4
842af03ffffffff-2022-05,1
842af03ffffffff-2022-06,1
842af03ffffffff-2022-07,1
842af03ffffffff-2022-08,1
842af03ffffffff-2022-10,1
842af03ffffffff-2022-11,4
842af03ffffffff-2022-12,1
842af03ffffffff-2023-04,1
842af03ffffffff-2023-05,6
842af03ffffffff-2023-08,4
842af03ffffffff-2023-09,2
842af03ffffffff-2023-10,1
842af05ffffffff-2012-03,3
842af05ffffffff-2012-04,1
842af05ffffffff-2012-08,2
842af05ffffffff-2013-04,8
842af05ffffffff-2013-05,5
842af05ffffffff-2013-08,2
842af05ffffffff-2013-09,1
842af05ffffffff-2014-01,3
842af05ffffffff-2014-04,7
842af05ffffffff-2014-05,6
842af05ffffffff-2014-08,9
842af05ffffffff-2014-09,2
842af05ffffffff-2014-10,3
842af05ffffffff-2015-03,3
842af05ffffffff-2015-04,6
842af05ffffffff-2015-05,5
842af05ffffffff-2016-04,6
842af05ffffffff-2016-05,31
842af05ffffffff-2016-07,1
842af05ffffffff-2016-08,1
842af05ffffffff-2017-04,2
842af05ffffffff-2017-05,3
842af05ffffffff-2017-07,3
842af05ffffffff-2017-08,2
842af05ffffffff-2017-09,2
842af05ffffffff-2017-10,2
842af05ffffffff-2018-01,1
842af05ffffffff-2018-02,1
842af05ffffffff-2018-03,9
842af05ffffffff-2018-04,19
842af05ffffffff-2018-05,8
842af05ffffffff-2018-07,7
842af05ffffffff-2018-08,13
842af05ffffffff-2018-09,4
842af05ffffffff-2019-03,2
842af05ffffffff-2019-04,13
842af05ffffffff-2019-05,21
842af05ffffffff-2019-06,4
842af05ffffffff-2019-07,6
842af05ffffffff-2019-08,10
842af05ffffffff-2019-09,7
842af05ffffffff-2019-10,20
842af05ffffffff-2019-11,2
842af05ffffffff-2020-03,6
842af05ffffffff-2020-04,67
842af05ffffffff-2020-05,14
842af05ffffffff-2020-07,1
842af05ffffffff-2020-08,6
842af05ffffffff-2020-09,6
842af05ffffffff-2020-10,8
842af05ffffffff-2020-11,2
842af05ffffffff-2021-03,1
842af05ffffffff-2021-04,53
842af05ffffffff-2021-05,25
842af05ffffffff-2021-07,1
842af05ffffffff-2021-09,11
842af05ffffffff-2021-10,11
842af05ffffffff-2022-01,4
842af05ffffffff-2022-02,1
842af05ffffffff-2022-03,1
842af05ffffffff-2022-04,17
842af05ffffffff-2022-05,7
842af05ffffffff-2022-06,3
842af05ffffffff-2022-09,2
842af05ffffffff-2022-10,5
842af05ffffffff-2022-11,3
842af05ffffffff-2023-02,1
842af05ffffffff-2023-03,1
842af05ffffffff-2023-04,8
842af05ffffffff-2023-05,4
842af05ffffffff-2023-06,2
842af05ffffffff-2023-07,8
842af05ffffffff-2023-08,3
842af05ffffffff-2023-09,3
842af07ffffffff-2014-04,2
842af07ffffffff-2014-09,1
842af07ffffffff-2015-04,1
842af07ffffffff-2016-04,1
842af07ffffffff-2020-09,4
842af07ffffffff-2021-09,4
842af07ffffffff-2022-03,1
842af07ffffffff-2022-04,4
842af07ffffffff-2022-05,1
842af07ffffffff-2023-04,5
842af07ffffffff-2023-05,3
842af07ffffffff-2023-08,1
842af07ffffffff-2023-09,1
842af0dffffffff-2012-02,1
842af0dffffffff-2012-03,3
842af0dffffffff-2012-04,5
842af0dffffffff-2012-05,1
842af0dffffffff-2012-08,2
842af0dffffffff-2012-09,1
842af0dffffffff-2013-03,2
842af0dffffffff-2013-04,4
842af0dffffffff-2013-05,1
842af0dffffffff-2014-03,2
842af0dffffffff-2014-04,8
842af0dffffffff-2014-05,4
842af0dffffffff-2014-08,2
842af0dffffffff-2014-09,1
842af0dffffffff-2015-04,10
842af0dffffffff-2015-05,5
842af0dffffffff-2015-08,11
842af0dffffffff-2015-09,2
842af0dffffffff-2015-10,2
842af0dffffffff-2015-11,1
842af0dffffffff-2016-03,1
842af0dffffffff-2016-04,13
842af0dffffffff-2016-05,3
842af0dffffffff-2016-07,1
842af0dffffffff-2016-08,2
842af0dffffffff-2016-09,3
842af0dffffffff-2017-04,25
842af0dffffffff-2017-05,41
842af0dffffffff-2017-06,1
842af0dffffffff-2017-07,7
842af0dffffffff-2017-08,15
842af0dffffffff-2017-09,23
842af0dffffffff-2017-10,3
842af0dffffffff-2018-03,2
842af0dffffffff-2018-04,31
842af0dffffffff-2018-05,25
842af0dffffffff-2018-07,20
842af0dffffffff-2018-08,10
842af0dffffffff-2018-09,8
842af0dffffffff-2018-10,2
842af0dffffffff-2019-03,5
842af0dffffffff-2019-04,47
842af0dffffffff-2019-05,6
842af0dffffffff-2019-07,2
842af0dffffffff-2019-08,15
842af0dffffffff-2019-09,16
842af0dffffffff-2019-10,15
842af0dffffffff-2019-11,1
842af0dffffffff-2020-03,1
842af0dffffffff-2020-04,16
842af0dffffffff-2020-05,20
842af0dffffffff-2020-07,5
842af0dffffffff-2020-08,6
842af0dffffffff-2020-09,25
842af0dffffffff-2020-10,11
842af0dffffffff-2021-01,2
842af0dffffffff-2021-03,3
842af0dffffffff-2021-04,32
842af0dffffffff-2021-05,27
842af0dffffffff-2021-07,9
842af0dffffffff-2021-08,35
842af0dffffffff-2021-09,68
842af0dffffffff-2021-10,34
842af0dffffffff-2021-11,3
842af0dffffffff-2022-03,4
842af0dffffffff-2022-04,67
842af0dffffffff-2022-05,60
842af0dffffffff-2022-07,13
842af0dffffffff-2022-08,38
842af0dffffffff-2022-09,30
842af0dffffffff-2022-10,20
842af0dffffffff-2023-01,5
842af0dffffffff-2023-02,3
842af0dffffffff-2023-03,7
842af0dffffffff-2023-04,58
842af0dffffffff-2023-05,62
842af0dffffffff-2023-07,9
842af0dffffffff-2023-08,14
842af0dffffffff-2023-09,18
842af0dffffffff-2023-10,16
842af0dffffffff-2023-11,1
842af15ffffffff-2012-01,2
842af15ffffffff-2012-02,10
842af15ffffffff-2012-03,14
842af15ffffffff-2012-04,10
842af15ffffffff-2012-05,9
842af15ffffffff-2012-06,3
842af15ffffffff-2012-07,10
842af15ffffffff-2012-08,42
842af15ffffffff-2012-09,17
842af15ffffffff-2012-10,32
842af15ffffffff-2012-11,1
842af15ffffffff-2012-12,6
842af15ffffffff-2013-01,10
842af15ffffffff-2013-02,5
842af15ffffffff-2013-03,4
842af15ffffffff-2013-04,19
842af15ffffffff-2013-05,11
842af15ffffffff-2013-06,2
842af15ffffffff-2013-07,28
842af15ffffffff-2013-08,68
842af15ffffffff-2013-09,15
842af15ffffffff-2013-10,26
842af15ffffffff-2013-11,7
842af15ffffffff-2013-12,3
842af15ffffffff-2014-01,9
842af15ffffffff-2014-02,1
842af15ffffffff-2014-03,2
842af15ffffffff-2014-04,5
842af15ffffffff-2014-05,11
842af15ffffffff-2014-06,11
842af15ffffffff-2014-07,50
842af15ffffffff-2014-08,34
842af15ffffffff-2014-09,9
842af15ffffffff-2014-10,31
842af15ffffffff-2014-11,9
842af15ffffffff-2014-12,1
842af15ffffffff-2015-01,6
842af15ffffffff-2015-02,2
842af15ffffffff-2015-03,3
842af15ffffffff-2015-04,17
842af15ffffffff-2015-05,13
842af15ffffffff-2015-06,11
842af15ffffffff-2015-07,44
842af15ffffffff-2015-08,75
842af15ffffffff-2015-09,34
842af15ffffffff-2015-10,35
842af15ffffffff-2015-11,7
842af15ffffffff-2015-12,11
842af15ffffffff-2016-01,8
842af15ffffffff-2016-02,2
842af15ffffffff-2016-03,6
842af15ffffffff-2016-04,6
842af15ffffffff-2016-05,35
842af15ffffffff-2016-06,2
842af15ffffffff-2016-07,20
842af15ffffffff-2016-08,25
842af15ffffffff-2016-09,23
842af15ffffffff-2016-10,28
842af15ffffffff-2016-11,2
842af15ffffffff-2016-12,9
842af15ffffffff-2017-01,4
842af15ffffffff-2017-02,4
842af15ffffffff-2017-03,11
842af15ffffffff-2017-04,22
842af15ffffffff-2017-05,36
842af15ffffffff-2017-06,7
842af15ffffffff-2017-07,19
842af15ffffffff-2017-08,52
842af15ffffffff-2017-09,43
842af15ffffffff-2017-10,71
842af15ffffffff-2017-11,21
842af15ffffffff-2017-12,9
842af15ffffffff-2018-01,12
842af15ffffffff-2018-02,11
842af15ffffffff-2018-03,15
842af15ffffffff-2018-04,21
842af15ffffffff-2018-05,29
842af15ffffffff-2018-06,10
842af15ffffffff-2018-07,165
842af15ffffffff-2018-08,77
842af15ffffffff-2018-09,32
842af15ffffffff-2018-10,139
842af15ffffffff-2018-11,8
842af15ffffffff-2018-12,9
842af15ffffffff-2019-01,12
842af15ffffffff-2019-02,8
842af15ffffffff-2019-03,16
842af15ffffffff-2019-04,30
842af15ffffffff-2019-05,18
842af15ffffffff-2019-06,19
842af15ffffffff-2019-07,84
842af15ffffffff-2019-08,140
842af15ffffffff-2019-09,22
842af15ffffffff-2019-10,31
842af15ffffffff-2019-11,4
842af15ffffffff-2019-12,4
842af15ffffffff-2020-01,4
842af15ffffffff-2020-02,3
842af15ffffffff-2020-03,5
842af15ffffffff-2020-04,9
842af15ffffffff-2020-05,11
842af15ffffffff-2020-06,4
842af15ffffffff-2020-07,49
842af15ffffffff-2020-08,82
842af15ffffffff-2020-09,37
842af15ffffffff-2020-10,82
842af15ffffffff-2020-11,12
842af15ffffffff-2020-12,3
842af15ffffffff-2021-01,15
842af15ffffffff-2021-02,4
842af15ffffffff-2021-03,16
842af15ffffffff-2021-04,43
842af15ffffffff-2021-05,94
842af15ffffffff-2021-06,7
842af15ffffffff-2021-07,69
842af15ffffffff-2021-08,125
842af15ffffffff-2021-09,56
842af15ffffffff-2021-10,135
842af15ffffffff-2021-11,27
842af15ffffffff-2021-12,34
842af15ffffffff-2022-01,17
842af15ffffffff-2022-02,11
842af15ffffffff-2022-03,16
842af15ffffffff-2022-04,68
842af15ffffffff-2022-05,78
842af15ffffffff-2022-06,18
842af15ffffffff-2022-07,44
842af15ffffffff-2022-08,74
842af15ffffffff-2022-09,60
842af15ffffffff-2022-10,42
842af15ffffffff-2022-11,30
842af15ffffffff-2022-12,23
842af15ffffffff-2023-01,13
842af15ffffffff-2023-02,23
842af15ffffffff-2023-03,18
842af15ffffffff-2023-04,64
842af15ffffffff-2023-05,40
842af15ffffffff-2023-06,19
842af15ffffffff-2023-07,67
842af15ffffffff-2023-08,135
842af15ffffffff-2023-09,135
842af15ffffffff-2023-10,42
842af15ffffffff-2023-11,17
842af17ffffffff-2012-05,1
842af17ffffffff-2012-08,1
842af17ffffffff-2013-04,1
842af17ffffffff-2013-08,11
842af17ffffffff-2014-05,1
842af17ffffffff-2014-06,1
842af17ffffffff-2014-10,1
842af17ffffffff-2015-02,1
842af17ffffffff-2015-05,1
842af17ffffffff-2015-10,4
842af17ffffffff-2016-01,2
842af17ffffffff-2016-05,1
842af17ffffffff-2016-08,1
842af17ffffffff-2016-09,6
842af17ffffffff-2016-10,1
842af17ffffffff-2017-07,5
842af17ffffffff-2017-08,10
842af17ffffffff-2018-05,3
842af17ffffffff-2018-07,2
842af17ffffffff-2018-08,22
842af17ffffffff-2018-09,5
842af17ffffffff-2018-10,10
842af17ffffffff-2019-07,3
842af17ffffffff-2019-08,5
842af17ffffffff-2019-09,2
842af17ffffffff-2019-10,4
842af17ffffffff-2020-05,2
842af17ffffffff-2020-07,7
842af17ffffffff-2020-08,18
842af17ffffffff-2020-09,7
842af17ffffffff-2020-11,2
842af17ffffffff-2021-04,4
842af17ffffffff-2021-05,10
842af17ffffffff-2021-06,1
842af17ffffffff-2021-07,9
842af17ffffffff-2021-08,12
842af17ffffffff-2021-09,3
842af17ffffffff-2021-10,4
842af17ffffffff-2022-03,1
842af17ffffffff-2022-04,4
842af17ffffffff-2022-05,11
842af17ffffffff-2022-07,2
842af17ffffffff-2022-08,8
842af17ffffffff-2022-09,2
842af17ffffffff-2022-12,3
842af17ffffffff-2023-01,2
842af17ffffffff-2023-05,6
842af17ffffffff-2023-07,1
842af17ffffffff-2023-08,9
842af17ffffffff-2023-09,6
842af21ffffffff-2016-09,1
842af21ffffffff-2017-08,1
842af21ffffffff-2023-08,1
842af23ffffffff-2014-03,2
842af23ffffffff-2014-04,3
842af23ffffffff-2016-04,1
842af23ffffffff-2016-09,3
842af23ffffffff-2019-02,1
842af23ffffffff-2020-05,1
842af23ffffffff-2023-11,4
842af25ffffffff-2020-01,1
842af29ffffffff-2012-04,1
842af29ffffffff-2012-05,1
842af29ffffffff-2012-07,1
842af29ffffffff-2013-04,1
842af29ffffffff-2014-04,3
842af29ffffffff-2015-04,1
842af29ffffffff-2016-03,1
842af29ffffffff-2017-04,4
842af29ffffffff-2020-04,1
842af29ffffffff-2020-09,1
842af2bffffffff-2023-09,1
842af2dffffffff-2017-08,3
842af2dffffffff-2017-09,1
842af2dffffffff-2017-10,1
842af2dffffffff-2018-04,2
842af2dffffffff-2020-08,1
842af31ffffffff-2012-04,1
842af31ffffffff-2012-12,5
842af31ffffffff-2013-03,12
842af31ffffffff-2013-04,3
842af31ffffffff-2013-06,2
842af31ffffffff-2013-07,2
842af31ffffffff-2013-08,2
842af31ffffffff-2013-09,5
842af31ffffffff-2013-10,6
842af31ffffffff-2013-12,3
842af31ffffffff-2014-01,2
842af31ffffffff-2014-03,6
842af31ffffffff-2014-04,6
842af31ffffffff-2014-08,2
842af31ffffffff-2014-10,1
842af31ffffffff-2014-12,2
842af31ffffffff-2015-01,2
842af31ffffffff-2015-03,2
842af31ffffffff-2015-04,2
842af31ffffffff-2015-08,4
842af31ffffffff-2015-12,8
842af31ffffffff-2016-01,4
842af31ffffffff-2016-02,7
842af31ffffffff-2016-03,1
842af31ffffffff-2016-04,21
842af31ffffffff-2016-05,60
842af31ffffffff-2016-07,1
842af31ffffffff-2016-08,20
842af31ffffffff-2016-09,7
842af31ffffffff-2016-10,1
842af31ffffffff-2016-12,3
842af31ffffffff-2017-01,8
842af31ffffffff-2017-04,2
842af31ffffffff-2017-05,8
842af31ffffffff-2017-07,2
842af31ffffffff-2017-08,3
842af31ffffffff-2017-10,5
842af31ffffffff-2017-11,1
842af31ffffffff-2018-03,1
842af31ffffffff-2018-04,1
842af31ffffffff-2018-05,2
842af31ffffffff-2018-12,5
842af31ffffffff-2019-01,7
842af31ffffffff-2019-02,2
842af31ffffffff-2019-05,6
842af31ffffffff-2019-07,27
842af31ffffffff-2019-08,1
842af31ffffffff-2019-09,1
842af31ffffffff-2019-11,4
842af31ffffffff-2019-12,6
842af31ffffffff-2020-01,3
842af31ffffffff-2020-05,5
842af31ffffffff-2020-06,2
842af31ffffffff-2020-07,4
842af31ffffffff-2020-08,13
842af31ffffffff-2020-09,14
842af31ffffffff-2020-10,1
842af31ffffffff-2020-11,4
842af31ffffffff-2020-12,3
842af31ffffffff-2021-01,5
842af31ffffffff-2021-02,4
842af31ffffffff-2021-04,4
842af31ffffffff-2021-05,12
842af31ffffffff-2021-07,12
842af31ffffffff-2021-08,10
842af31ffffffff-2021-09,2
842af31ffffffff-2021-10,5
842af31ffffffff-2021-12,1
842af31ffffffff-2022-01,2
842af31ffffffff-2022-02,4
842af31ffffffff-2022-03,4
842af31ffffffff-2022-04,13
842af31ffffffff-2022-05,4
842af31ffffffff-2022-06,1
842af31ffffffff-2022-07,2
842af31ffffffff-2022-09,1
842af31ffffffff-2022-10,8
842af31ffffffff-2022-11,2
842af31ffffffff-2022-12,2
842af31ffffffff-2023-02,1
842af31ffffffff-2023-03,2
842af31ffffffff-2023-04,7
842af31ffffffff-2023-08,4
842af31ffffffff-2023-09,3
842af31ffffffff-2023-10,7
842af31ffffffff-2023-11,2
842af33ffffffff-2012-09,1
842af33ffffffff-2013-10,2
842af33ffffffff-2014-09,1
842af33ffffffff-2014-10,2
842af33ffffffff-2015-04,1
842af33ffffffff-2016-04,2
842af33ffffffff-2016-05,3
842af33ffffffff-2017-09,3
842af33ffffffff-2017-10,3
842af33ffffffff-2018-09,4
842af33ffffffff-2019-08,1
842af33ffffffff-2020-07,6
842af33ffffffff-2020-09,1
842af33ffffffff-2021-02,1
842af33ffffffff-2021-05,2
842af33ffffffff-2021-07,5
842af33ffffffff-2021-08,2
842af33ffffffff-2021-09,1
842af33ffffffff-2021-10,1
842af33ffffffff-2022-02,1
842af33ffffffff-2022-04,5
842af33ffffffff-2022-07,3
842af33ffffffff-2022-08,6
842af33ffffffff-2023-05,1
842af33ffffffff-2023-08,3
842af33ffffffff-2023-09,3
842af35ffffffff-2012-01,1
842af35ffffffff-2014-11,5
842af35ffffffff-2015-01,1
842af35ffffffff-2016-05,1
842af35ffffffff-2017-01,1
842af35ffffffff-2017-02,1
842af35ffffffff-2017-11,4
842af35ffffffff-2017-12,1
842af35ffffffff-2019-12,1
842af35ffffffff-2020-01,16
842af35ffffffff-2021-03,2
842af35ffffffff-2021-11,1
842af35ffffffff-2022-02,4
842af35ffffffff-2022-04,2
842af35ffffffff-2022-05,1
842af35ffffffff-2022-12,1
842af35ffffffff-2023-05,1
842af35ffffffff-2023-08,1
842af37ffffffff-2012-04,1
842af37ffffffff-2012-07,1
842af37ffffffff-2014-04,6
842af37ffffffff-2014-11,8
842af37ffffffff-2014-12,3
842af37ffffffff-2015-03,1
842af37ffffffff-2016-12,1
842af37ffffffff-2017-04,5
842af37ffffffff-2017-11,1
842af37ffffffff-2017-12,2
842af37ffffffff-2018-01,1
842af37ffffffff-2018-03,2
842af37ffffffff-2018-04,3
842af37ffffffff-2018-09,1
842af37ffffffff-2018-12,3
842af37ffffffff-2019-01,1
842af37ffffffff-2019-02,3
842af37ffffffff-2019-08,2
842af37ffffffff-2019-09,3
842af37ffffffff-2019-10,1
842af37ffffffff-2019-12,9
842af37ffffffff-2020-01,2
842af37ffffffff-2020-02,1
842af37ffffffff-2020-03,9
842af37ffffffff-2020-04,26
842af37ffffffff-2020-05,11
842af37ffffffff-2020-07,4
842af37ffffffff-2020-08,3
842af37ffffffff-2020-11,2
842af37ffffffff-2020-12,2
842af37ffffffff-2021-02,4
842af37ffffffff-2021-03,8
842af37ffffffff-2021-04,15
842af37ffffffff-2021-05,2
842af37ffffffff-2021-07,4
842af37ffffffff-2021-08,4
842af37ffffffff-2021-09,4
842af37ffffffff-2021-10,6
842af37ffffffff-2021-11,3
842af37ffffffff-2022-01,2
842af37ffffffff-2022-03,21
842af37ffffffff-2022-04,29
842af37ffffffff-2022-05,6
842af37ffffffff-2022-07,3
842af37ffffffff-2022-08,10
842af37ffffffff-2022-09,4
842af37ffffffff-2022-10,1
842af37ffffffff-2022-12,3
842af37ffffffff-2023-03,10
842af37ffffffff-2023-04,14
842af37ffffffff-2023-05,6
842af37ffffffff-2023-07,6
842af37ffffffff-2023-08,8
842af37ffffffff-2023-09,3
842af37ffffffff-2023-11,1
842af39ffffffff-2012-01,1
842af39ffffffff-2012-02,5
842af39ffffffff-2012-03,2
842af39ffffffff-2012-11,13
842af39ffffffff-2012-12,5
842af39ffffffff-2013-01,6
842af39ffffffff-2013-02,1
842af39ffffffff-2013-10,15
842af39ffffffff-2013-11,1
842af39ffffffff-2013-12,9
842af39ffffffff-2014-01,16
842af39ffffffff-2014-02,2
842af39ffffffff-2014-05,1
842af39ffffffff-2014-10,5
842af39ffffffff-2014-11,2
842af39ffffffff-2014-12,3
842af39ffffffff-2015-01,9
842af39ffffffff-2015-02,6
842af39ffffffff-2015-10,4
842af39ffffffff-2015-11,5
842af39ffffffff-2015-12,50
842af39ffffffff-2016-01,42
842af39ffffffff-2016-02,9
842af39ffffffff-2016-03,1
842af39ffffffff-2016-04,1
842af39ffffffff-2016-05,3
842af39ffffffff-2016-10,6
842af39ffffffff-2016-12,11
842af39ffffffff-2017-01,33
842af39ffffffff-2017-02,3
842af39ffffffff-2017-04,1
842af39ffffffff-2017-10,6
842af39ffffffff-2017-11,5
842af39ffffffff-2017-12,1
842af39ffffffff-2018-02,29
842af39ffffffff-2018-03,1
842af39ffffffff-2018-04,2
842af39ffffffff-2018-07,3
842af39ffffffff-2018-10,3
842af39ffffffff-2018-11,13
842af39ffffffff-2018-12,6
842af39ffffffff-2019-01,38
842af39ffffffff-2019-02,8
842af39ffffffff-2019-04,2
842af39ffffffff-2019-10,8
842af39ffffffff-2019-11,7
842af39ffffffff-2019-12,23
842af39ffffffff-2020-01,3
842af39ffffffff-2020-02,9
842af39ffffffff-2020-05,2
842af39ffffffff-2020-08,2
842af39ffffffff-2020-09,1
842af39ffffffff-2020-10,1
842af39ffffffff-2020-12,12
842af39ffffffff-2021-01,11
842af39ffffffff-2021-02,8
842af39ffffffff-2021-03,3
842af39ffffffff-2021-04,2
842af39ffffffff-2021-08,1
842af39ffffffff-2021-09,13
842af39ffffffff-2021-10,12
842af39ffffffff-2021-12,3
842af39ffffffff-2022-01,33
842af39ffffffff-2022-02,19
842af39ffffffff-2022-03,6
842af39ffffffff-2022-04,5
842af39ffffffff-2022-07,2
842af39ffffffff-2022-09,1
842af39ffffffff-2022-10,1
842af39ffffffff-2022-11,2
842af39ffffffff-2022-12,21
842af39ffffffff-2023-01,30
842af39ffffffff-2023-02,12
842af39ffffffff-2023-03,1
842af39ffffffff-2023-04,1
842af39ffffffff-2023-05,3
842af39ffffffff-2023-08,1
842af39ffffffff-2023-10,2
842af39ffffffff-2023-11,1
842af3bffffffff-2015-03,2
842af3bffffffff-2017-01,1
842af3bffffffff-2019-01,1
842af3bffffffff-2022-05,2
842af3dffffffff-2013-08,7
842af3dffffffff-2014-03,1
842af3dffffffff-2014-08,11
842af3dffffffff-2014-10,1
842af3dffffffff-2015-03,5
842af3dffffffff-2015-09,1
842af3dffffffff-2015-10,1
842af3dffffffff-2016-01,2
842af3dffffffff-2016-02,4
842af3dffffffff-2016-09,4
842af3dffffffff-2016-11,2
842af3dffffffff-2017-01,6
842af3dffffffff-2017-02,3
842af3dffffffff-2017-03,5
842af3dffffffff-2017-04,6
842af3dffffffff-2017-05,1
842af3dffffffff-2017-11,3
842af3dffffffff-2018-01,1
842af3dffffffff-2018-02,4
842af3dffffffff-2018-03,4
842af3dffffffff-2018-04,2
842af3dffffffff-2018-11,1
842af3dffffffff-2019-03,6
842af3dffffffff-2019-04,1
842af3dffffffff-2019-05,1
842af3dffffffff-2019-09,2
842af3dffffffff-2020-02,1
842af3dffffffff-2020-03,1
842af3dffffffff-2020-08,1
842af3dffffffff-2020-11,3
842af3dffffffff-2021-04,26
842af3dffffffff-2021-05,2
842af3dffffffff-2021-07,2
842af3dffffffff-2021-08,10
842af3dffffffff-2021-10,6
842af3dffffffff-2021-11,5
842af3dffffffff-2022-01,3
842af3dffffffff-2022-02,4
842af3dffffffff-2022-03,5
842af3dffffffff-2022-04,4
842af3dffffffff-2022-05,2
842af3dffffffff-2022-07,2
842af3dffffffff-2022-08,1
842af3dffffffff-2022-10,3
842af3dffffffff-2022-11,1
842af3dffffffff-2022-12,2
842af3dffffffff-2023-01,6
842af3dffffffff-2023-02,2
842af3dffffffff-2023-03,8
842af3dffffffff-2023-04,1
842af3dffffffff-2023-05,2
842af3dffffffff-2023-11,1
842af45ffffffff-2016-05,1
842af45ffffffff-2022-04,5
842af45ffffffff-2022-06,1
842af45ffffffff-2022-08,2
842af45ffffffff-2022-09,2
842af45ffffffff-2023-08,4
842af61ffffffff-2012-01,1
842af61ffffffff-2012-04,3
842af61ffffffff-2012-05,4
842af61ffffffff-2012-08,1
842af61ffffffff-2012-09,1
842af61ffffffff-2012-10,1
842af61ffffffff-2012-11,1
842af61ffffffff-2013-04,10
842af61ffffffff-2013-05,6
842af61ffffffff-2013-07,2
842af61ffffffff-2013-10,1
842af61ffffffff-2013-11,1
842af61ffffffff-2013-12,1
842af61ffffffff-2014-01,1
842af61ffffffff-2014-02,1
842af61ffffffff-2014-04,4
842af61ffffffff-2014-05,2
842af61ffffffff-2014-10,1
842af61ffffffff-2015-02,3
842af61ffffffff-2015-03,2
842af61ffffffff-2015-04,16
842af61ffffffff-2015-05,14
842af61ffffffff-2015-08,5
842af61ffffffff-2015-09,6
842af61ffffffff-2016-01,1
842af61ffffffff-2016-02,1
842af61ffffffff-2016-03,1
842af61ffffffff-2016-04,8
842af61ffffffff-2016-05,5
842af61ffffffff-2016-07,2
842af61ffffffff-2016-08,4
842af61ffffffff-2016-09,16
842af61ffffffff-2016-10,1
842af61ffffffff-2016-12,2
842af61ffffffff-2017-01,10
842af61ffffffff-2017-02,2
842af61ffffffff-2017-03,3
842af61ffffffff-2017-04,23
842af61ffffffff-2017-05,13
842af61ffffffff-2017-09,5
842af61ffffffff-2017-10,2
842af61ffffffff-2017-11,1
842af61ffffffff-2018-02,5
842af61ffffffff-2018-03,13
842af61ffffffff-2018-04,36
842af61ffffffff-2018-05,20
842af61ffffffff-2018-07,2
842af61ffffffff-2018-08,5
842af61ffffffff-2018-09,4
842af61ffffffff-2018-10,3
842af61ffffffff-2019-03,2
842af61ffffffff-2019-04,13
842af61ffffffff-2019-08,1
842af61ffffffff-2020-03,5
842af61ffffffff-2020-04,37
842af61ffffffff-2020-05,49
842af61ffffffff-2020-08,4
842af61ffffffff-2020-09,1
842af61ffffffff-2020-10,2
842af61ffffffff-2021-02,1
842af61ffffffff-2021-04,32
842af61ffffffff-2021-05,19
842af61ffffffff-2021-07,1
842af61ffffffff-2021-08,3
842af61ffffffff-2021-09,1
842af61ffffffff-2021-10,2
842af61ffffffff-2021-11,2
842af61ffffffff-2022-03,6
842af61ffffffff-2022-04,20
842af61ffffffff-2022-05,11
842af61ffffffff-2022-07,4
842af61ffffffff-2022-08,8
842af61ffffffff-2022-09,3
842af61ffffffff-2022-10,2
842af61ffffffff-2023-03,21
842af61ffffffff-2023-04,81
842af61ffffffff-2023-05,13
842af61ffffffff-2023-07,2
842af61ffffffff-2023-08,8
842af61ffffffff-2023-09,10
842af61ffffffff-2023-10,1
842af61ffffffff-2023-11,2
842af63ffffffff-2012-03,1
842af63ffffffff-2012-04,1
842af63ffffffff-2012-05,4
842af63ffffffff-2012-07,4
842af63ffffffff-2012-08,34
842af63ffffffff-2012-09,5
842af63ffffffff-2012-10,1
842af63ffffffff-2013-03,2
842af63ffffffff-2013-04,6
842af63ffffffff-2013-05,8
842af63ffffffff-2013-07,5
842af63ffffffff-2013-08,10
842af63ffffffff-2013-09,5
842af63ffffffff-2013-10,7
842af63ffffffff-2014-04,10
842af63ffffffff-2014-05,12
842af63ffffffff-2014-06,3
842af63ffffffff-2014-07,5
842af63ffffffff-2014-08,29
842af63ffffffff-2014-09,30
842af63ffffffff-2014-10,7
842af63ffffffff-2015-03,11
842af63ffffffff-2015-04,26
842af63ffffffff-2015-05,27
842af63ffffffff-2015-06,1
842af63ffffffff-2015-07,5
842af63ffffffff-2015-08,23
842af63ffffffff-2015-09,3
842af63ffffffff-2015-10,6
842af63ffffffff-2015-11,1
842af63ffffffff-2016-01,2
842af63ffffffff-2016-03,6
842af63ffffffff-2016-04,13
842af63ffffffff-2016-05,7
842af63ffffffff-2016-06,2
842af63ffffffff-2016-07,4
842af63ffffffff-2016-08,24
842af63ffffffff-2016-09,25
842af63ffffffff-2016-10,1
842af63ffffffff-2017-02,2
842af63ffffffff-2017-03,5
842af63ffffffff-2017-04,41
842af63ffffffff-2017-05,4
842af63ffffffff-2017-06,3
842af63ffffffff-2017-07,5
842af63ffffffff-2017-08,57
842af63ffffffff-2017-09,11
842af63ffffffff-2017-10,4
842af63ffffffff-2017-11,7
842af63ffffffff-2017-12,2
842af63ffffffff-2018-03,1
842af63ffffffff-2018-04,7
842af63ffffffff-2018-05,12
842af63ffffffff-2018-06,9
842af63ffffffff-2018-07,11
842af63ffffffff-2018-08,41
842af63ffffffff-2018-09,30
842af63ffffffff-2018-10,7
842af63ffffffff-2018-11,3
842af63ffffffff-2018-12,1
842af63ffffffff-2019-02,6
842af63ffffffff-2019-03,6
842af63ffffffff-2019-04,29
842af63ffffffff-2019-05,13
842af63ffffffff-2019-06,1
842af63ffffffff-2019-07,3
842af63ffffffff-2019-08,48
842af63ffffffff-2019-09,21
842af63ffffffff-2019-10,9
842af63ffffffff-2019-11,2
842af63ffffffff-2019-12,2
842af63ffffffff-2020-01,10
842af63ffffffff-2020-02,1
842af63ffffffff-2020-03,1
842af63ffffffff-2020-04,14
842af63ffffffff-2020-05,11
842af63ffffffff-2020-07,5
842af63ffffffff-2020-08,5
842af63ffffffff-2020-09,5
842af63ffffffff-2020-10,13
842af63ffffffff-2020-11,7
842af63ffffffff-2021-02,3
842af63ffffffff-2021-03,6
842af63ffffffff-2021-04,18
842af63ffffffff-2021-05,13
842af63ffffffff-2021-06,8
842af63ffffffff-2021-07,14
842af63ffffffff-2021-08,13
842af63ffffffff-2021-09,15
842af63ffffffff-2021-10,13
842af63ffffffff-2021-11,4
842af63ffffffff-2022-01,3
842af63ffffffff-2022-02,9
842af63ffffffff-2022-03,6
842af63ffffffff-2022-04,22
842af63ffffffff-2022-05,21
842af63ffffffff-2022-06,11
842af63ffffffff-2022-07,13
842af63ffffffff-2022-08,10
842af63ffffffff-2022-09,10
842af63ffffffff-2022-10,7
842af63ffffffff-2023-03,6
842af63ffffffff-2023-04,20
842af63ffffffff-2023-05,22
842af63ffffffff-2023-06,6
842af63ffffffff-2023-07,19
842af63ffffffff-2023-08,17
842af63ffffffff-2023-09,17
842af63ffffffff-2023-10,18
842af63ffffffff-2023-11,5
842af65ffffffff-2012-03,1
842af65ffffffff-2012-04,9
842af65ffffffff-2012-05,7
842af65ffffffff-2012-07,1
842af65ffffffff-2012-08,6
842af65ffffffff-2013-04,8
842af65ffffffff-2013-05,6
842af65ffffffff-2013-07,5
842af65ffffffff-2013-08,7
842af65ffffffff-2013-09,1
842af65ffffffff-2014-03,8
842af65ffffffff-2014-04,29
842af65ffffffff-2014-05,16
842af65ffffffff-2014-08,8
842af65ffffffff-2014-09,1
842af65ffffffff-2015-03,2
842af65ffffffff-2015-04,9
842af65ffffffff-2015-05,8
842af65ffffffff-2015-07,1
842af65ffffffff-2015-08,10
842af65ffffffff-2015-09,4
842af65ffffffff-2016-03,1
842af65ffffffff-2016-04,20
842af65ffffffff-2016-05,14
842af65ffffffff-2016-07,7
842af65ffffffff-2016-08,2
842af65ffffffff-2016-09,15
842af65ffffffff-2017-03,3
842af65ffffffff-2017-04,3
842af65ffffffff-2017-05,12
842af65ffffffff-2017-07,12
842af65ffffffff-2017-08,17
842af65ffffffff-2017-09,4
842af65ffffffff-2018-03,3
842af65ffffffff-2018-04,5
842af65ffffffff-2018-05,3
842af65ffffffff-2018-07,63
842af65ffffffff-2018-08,4
842af65ffffffff-2018-09,27
842af65ffffffff-2018-10,5
842af65ffffffff-2019-03,1
842af65ffffffff-2019-04,8
842af65ffffffff-2019-05,18
842af65ffffffff-2019-07,13
842af65ffffffff-2019-08,49
842af65ffffffff-2019-09,23
842af65ffffffff-2019-10,3
842af65ffffffff-2019-11,2
842af65ffffffff-2019-12,4
842af65ffffffff-2020-02,1
842af65ffffffff-2020-04,13
842af65ffffffff-2020-05,19
842af65ffffffff-2020-07,22
842af65ffffffff-2020-08,7
842af65ffffffff-2020-09,9
842af65ffffffff-2020-10,3
842af65ffffffff-2021-03,3
842af65ffffffff-2021-04,14
842af65ffffffff-2021-05,25
842af65ffffffff-2021-07,5
842af65ffffffff-2021-08,7
842af65ffffffff-2021-09,7
842af65ffffffff-2022-02,2
842af65ffffffff-2022-03,1
842af65ffffffff-2022-04,9
842af65ffffffff-2022-05,18
842af65ffffffff-2022-07,17
842af65ffffffff-2022-08,56
842af65ffffffff-2022-09,41
842af65ffffffff-2023-03,5
842af65ffffffff-2023-04,20
842af65ffffffff-2023-05,32
842af65ffffffff-2023-07,20
842af65ffffffff-2023-08,37
842af65ffffffff-2023-09,10
842af65ffffffff-2023-10,1
842af67ffffffff-2013-08,5
842af67ffffffff-2013-09,1
842af67ffffffff-2014-03,3
842af67ffffffff-2014-04,11
842af67ffffffff-2014-05,4
842af67ffffffff-2015-03,1
842af67ffffffff-2015-04,2
842af67ffffffff-2016-01,1
842af67ffffffff-2016-04,1
842af67ffffffff-2016-05,1
842af67ffffffff-2018-07,1
842af67ffffffff-2019-03,1
842af67ffffffff-2019-04,1
842af67ffffffff-2019-08,2
842af67ffffffff-2019-11,2
842af67ffffffff-2020-03,2
842af67ffffffff-2020-04,5
842af67ffffffff-2020-05,1
842af67ffffffff-2020-08,1
842af67ffffffff-2021-01,3
842af67ffffffff-2021-03,1
842af67ffffffff-2021-04,1
842af67ffffffff-2021-08,2
842af67ffffffff-2021-09,3
842af67ffffffff-2021-11,2
842af67ffffffff-2022-05,1
842af67ffffffff-2022-09,1
842af67ffffffff-2022-11,1
842af67ffffffff-2023-04,2
842af67ffffffff-2023-05,2
842af67ffffffff-2023-07,6
842af67ffffffff-2023-09,1
842af69ffffffff-2012-03,3
842af69ffffffff-2012-04,2
842af69ffffffff-2012-09,2
842af69ffffffff-2012-10,4
842af69ffffffff-2012-11,1
842af69ffffffff-2012-12,1
842af69ffffffff-2013-04,2
842af69ffffffff-2013-09,1
842af69ffffffff-2013-11,6
842af69ffffffff-2014-04,1
842af69ffffffff-2014-08,2
842af69ffffffff-2014-10,1
842af69ffffffff-2015-03,1
842af69ffffffff-2015-04,7
842af69ffffffff-2015-05,2
842af69ffffffff-2015-07,2
842af69ffffffff-2015-10,3
842af69ffffffff-2015-12,1
842af69ffffffff-2016-01,1
842af69ffffffff-2016-03,4
842af69ffffffff-2016-04,2
842af69ffffffff-2016-09,4
842af69ffffffff-2016-11,1
842af69ffffffff-2017-04,2
842af69ffffffff-2017-08,4
842af69ffffffff-2017-09,5
842af69ffffffff-2017-10,4
842af69ffffffff-2017-11,7
842af69ffffffff-2017-12,2
842af69ffffffff-2018-04,1
842af69ffffffff-2018-05,2
842af69ffffffff-2018-08,3
842af69ffffffff-2018-09,2
842af69ffffffff-2018-10,1
842af69ffffffff-2018-12,1
842af69ffffffff-2019-02,1
842af69ffffffff-2019-04,8
842af69ffffffff-2019-05,4
842af69ffffffff-2019-07,1
842af69ffffffff-2019-08,4
842af69ffffffff-2019-09,4
842af69ffffffff-2019-11,1
842af69ffffffff-2020-04,6
842af69ffffffff-2020-05,4
842af69ffffffff-2020-07,1
842af69ffffffff-2020-08,7
842af69ffffffff-2020-10,2
842af69ffffffff-2020-11,14
842af69ffffffff-2020-12,2
842af69ffffffff-2021-01,2
842af69ffffffff-2021-02,2
842af69ffffffff-2021-04,2
842af69ffffffff-2021-05,11
842af69ffffffff-2021-08,4
842af69ffffffff-2021-10,1
842af69ffffffff-2021-11,7
842af69ffffffff-2022-01,1
842af69ffffffff-2022-02,1
842af69ffffffff-2022-03,2
842af69ffffffff-2022-04,5
842af69ffffffff-2022-05,8
842af69ffffffff-2022-06,1
842af69ffffffff-2022-07,1
842af69ffffffff-2022-08,6
842af69ffffffff-2022-09,7
842af69ffffffff-2022-10,5
842af69ffffffff-2022-11,1
842af69ffffffff-2023-01,2
842af69ffffffff-2023-02,1
842af69ffffffff-2023-03,3
842af69ffffffff-2023-04,4
842af69ffffffff-2023-05,1
842af69ffffffff-2023-07,4
842af69ffffffff-2023-08,9
842af69ffffffff-2023-09,2
842af69ffffffff-2023-10,2
842af69ffffffff-2023-11,5
842af6bffffffff-2012-01,1
842af6bffffffff-2012-04,9
842af6bffffffff-2012-05,1
842af6bffffffff-2012-08,1
842af6bffffffff-2012-09,5
842af6bffffffff-2012-10,8
842af6bffffffff-2012-12,1
842af6bffffffff-2013-01,1
842af6bffffffff-2013-04,1
842af6bffffffff-2013-07,6
842af6bffffffff-2013-08,13
842af6bffffffff-2013-09,1
842af6bffffffff-2013-10,6
842af6bffffffff-2013-11,5
842af6bffffffff-2013-12,1
842af6bffffffff-2014-01,3
842af6bffffffff-2014-02,1
842af6bffffffff-2014-03,1
842af6bffffffff-2014-04,2
842af6bffffffff-2014-05,1
842af6bffffffff-2014-09,3
842af6bffffffff-2014-10,14
842af6bffffffff-2014-11,1
842af6bffffffff-2015-03,3
842af6bffffffff-2015-04,3
842af6bffffffff-2015-05,2
842af6bffffffff-2015-09,1
842af6bffffffff-2015-10,5
842af6bffffffff-2015-11,1
842af6bffffffff-2015-12,4
842af6bffffffff-2016-01,3
842af6bffffffff-2016-03,1
842af6bffffffff-2016-04,2
842af6bffffffff-2016-05,6
842af6bffffffff-2016-09,8
842af6bffffffff-2016-10,11
842af6bffffffff-2016-11,1
842af6bffffffff-2017-01,1
842af6bffffffff-2017-02,7
842af6bffffffff-2017-03,1
842af6bffffffff-2017-04,3
842af6bffffffff-2017-05,7
842af6bffffffff-2017-07,2
842af6bffffffff-2017-08,2
842af6bffffffff-2017-09,4
842af6bffffffff-2017-10,2
842af6bffffffff-2017-11,2
842af6bffffffff-2018-02,2
842af6bffffffff-2018-04,3
842af6bffffffff-2018-05,1
842af6bffffffff-2018-07,1
842af6bffffffff-2018-08,1
842af6bffffffff-2018-09,2
842af6bffffffff-2018-10,2
842af6bffffffff-2018-11,1
842af6bffffffff-2018-12,7
842af6bffffffff-2019-01,24
842af6bffffffff-2019-04,1
842af6bffffffff-2019-05,2
842af6bffffffff-2019-07,3
842af6bffffffff-2019-08,10
842af6bffffffff-2019-09,34
842af6bffffffff-2019-10,4
842af6bffffffff-2019-11,10
842af6bffffffff-2020-01,6
842af6bffffffff-2020-03,3
842af6bffffffff-2020-04,33
842af6bffffffff-2020-05,24
842af6bffffffff-2020-07,2
842af6bffffffff-2020-08,4
842af6bffffffff-2020-09,6
842af6bffffffff-2020-10,4
842af6bffffffff-2020-11,15
842af6bffffffff-2020-12,3
842af6bffffffff-2021-01,3
842af6bffffffff-2021-03,1
842af6bffffffff-2021-04,4
842af6bffffffff-2021-05,14
842af6bffffffff-2021-07,1
842af6bffffffff-2021-09,18
842af6bffffffff-2021-10,3
842af6bffffffff-2021-12,4
842af6bffffffff-2022-01,1
842af6bffffffff-2022-04,21
842af6bffffffff-2022-05,4
842af6bffffffff-2022-08,6
842af6bffffffff-2022-09,8
842af6bffffffff-2022-10,9
842af6bffffffff-2022-11,7
842af6bffffffff-2022-12,5
842af6bffffffff-2023-01,4
842af6bffffffff-2023-02,4
842af6bffffffff-2023-03,2
842af6bffffffff-2023-04,14
842af6bffffffff-2023-05,6
842af6bffffffff-2023-08,8
842af6bffffffff-2023-09,5
842af6bffffffff-2023-10,8
842af6bffffffff-2023-11,6
842af6dffffffff-2014-04,1
842af6dffffffff-2016-05,25
842af6dffffffff-2017-08,1
842af6dffffffff-2020-08,7
842b001ffffffff-2012-07,8
842b001ffffffff-2012-08,6
842b001ffffffff-2012-09,2
842b001ffffffff-2013-07,3
842b001ffffffff-2013-08,2
842b001ffffffff-2013-09,4
842b001ffffffff-2013-10,2
842b001ffffffff-2014-08,4
842b001ffffffff-2015-05,1
842b001ffffffff-2015-08,1
842b001ffffffff-2015-09,1
842b001ffffffff-2016-06,2
842b001ffffffff-2016-07,2
842b001ffffffff-2016-08,5
842b001ffffffff-2016-09,6
842b001ffffffff-2017-07,1
842b001ffffffff-2017-08,4
842b001ffffffff-2017-09,3
842b001ffffffff-2018-04,1
842b001ffffffff-2018-05,3
842b001ffffffff-2018-07,2
842b001ffffffff-2018-08,7
842b001ffffffff-2018-09,17
842b001ffffffff-2018-10,1
842b001ffffffff-2019-05,4
842b001ffffffff-2019-07,3
842b001ffffffff-2019-08,11
842b001ffffffff-2019-09,8
842b001ffffffff-2020-07,8
842b001ffffffff-2020-08,27
842b001ffffffff-2020-09,32
842b001ffffffff-2020-10,6
842b001ffffffff-2021-07,7
842b001ffffffff-2021-08,20
842b001ffffffff-2021-09,6
842b001ffffffff-2021-10,2
842b001ffffffff-2022-07,5
842b001ffffffff-2022-08,13
842b001ffffffff-2022-09,11
842b001ffffffff-2022-10,1
842b001ffffffff-2023-07,4
842b001ffffffff-2023-08,12
842b001ffffffff-2023-09,17
842b001ffffffff-2023-10,4
842b003ffffffff-2012-08,7
842b003ffffffff-2012-09,1
842b003ffffffff-2012-10,1
842b003ffffffff-2013-07,2
842b003ffffffff-2013-08,13
842b003ffffffff-2013-09,8
842b003ffffffff-2013-10,2
842b003ffffffff-2014-05,3
842b003ffffffff-2014-07,8
842b003ffffffff-2014-08,17
842b003ffffffff-2014-09,4
842b003ffffffff-2014-10,4
842b003ffffffff-2015-06,2
842b003ffffffff-2015-07,33
842b003ffffffff-2015-08,26
842b003ffffffff-2015-09,13
842b003ffffffff-2015-10,6
842b003ffffffff-2016-05,15
842b003ffffffff-2016-06,5
842b003ffffffff-2016-07,49
842b003ffffffff-2016-08,32
842b003ffffffff-2016-09,20
842b003ffffffff-2016-10,11
842b003ffffffff-2017-05,1
842b003ffffffff-2017-06,2
842b003ffffffff-2017-07,17
842b003ffffffff-2017-08,24
842b003ffffffff-2017-09,9
842b003ffffffff-2017-10,3
842b003ffffffff-2018-04,2
842b003ffffffff-2018-05,4
842b003ffffffff-2018-06,1
842b003ffffffff-2018-07,8
842b003ffffffff-2018-08,35
842b003ffffffff-2018-09,35
842b003ffffffff-2018-10,13
842b003ffffffff-2018-11,1
842b003ffffffff-2019-05,10
842b003ffffffff-2019-07,26
842b003ffffffff-2019-08,35
842b003ffffffff-2019-09,17
842b003ffffffff-2019-10,3
842b003ffffffff-2020-05,1
842b003ffffffff-2020-07,5
842b003ffffffff-2020-08,36
842b003ffffffff-2020-09,23
842b003ffffffff-2020-10,15
842b003ffffffff-2020-11,2
842b003ffffffff-2021-07,12
842b003ffffffff-2021-08,66
842b003ffffffff-2021-09,44
842b003ffffffff-2021-10,63
842b003ffffffff-2022-05,3
842b003ffffffff-2022-07,42
842b003ffffffff-2022-08,84
842b003ffffffff-2022-09,51
842b003ffffffff-2022-10,60
842b003ffffffff-2023-05,5
842b003ffffffff-2023-07,17
842b003ffffffff-2023-08,56
842b003ffffffff-2023-09,43
842b003ffffffff-2023-10,35
842b003ffffffff-2023-11,2
842b005ffffffff-2012-07,2
842b005ffffffff-2013-07,1
842b005ffffffff-2013-08,11
842b005ffffffff-2013-10,22
842b005ffffffff-2013-11,1
842b005ffffffff-2014-05,3
842b005ffffffff-2014-06,1
842b005ffffffff-2014-07,1
842b005ffffffff-2014-08,1
842b005ffffffff-2015-05,3
842b005ffffffff-2015-07,2
842b005ffffffff-2015-08,2
842b005ffffffff-2016-05,2
842b005ffffffff-2016-06,2
842b005ffffffff-2016-07,7
842b005ffffffff-2016-08,12
842b005ffffffff-2016-09,13
842b005ffffffff-2016-10,12
842b005ffffffff-2017-07,3
842b005ffffffff-2017-08,5
842b005ffffffff-2017-09,9
842b005ffffffff-2017-10,1
842b005ffffffff-2017-11,2
842b005ffffffff-2017-12,1
842b005ffffffff-2018-05,3
842b005ffffffff-2018-07,8
842b005ffffffff-2018-08,24
842b005ffffffff-2018-09,24
842b005ffffffff-2018-10,18
842b005ffffffff-2019-05,5
842b005ffffffff-2019-07,8
842b005ffffffff-2019-08,12
842b005ffffffff-2019-09,13
842b005ffffffff-2019-10,1
842b005ffffffff-2020-05,3
842b005ffffffff-2020-07,2
842b005ffffffff-2020-08,10
842b005ffffffff-2020-09,5
842b005ffffffff-2020-10,3
842b005ffffffff-2020-11,1
842b005ffffffff-2021-05,2
842b005ffffffff-2021-07,5
842b005ffffffff-2021-08,21
842b005ffffffff-2021-09,6
842b005ffffffff-2021-10,3
842b005ffffffff-2022-05,1
842b005ffffffff-2022-07,7
842b005ffffffff-2022-08,15
842b005ffffffff-2022-09,1
842b005ffffffff-2023-07,12
842b005ffffffff-2023-08,43
842b005ffffffff-2023-09,23
842b005ffffffff-2023-10,5
842b007ffffffff-2012-08,1
842b007ffffffff-2012-09,1
842b007ffffffff-2012-10,1
842b007ffffffff-2013-05,1
842b007ffffffff-2013-09,5
842b007ffffffff-2013-10,1
842b007ffffffff-2014-10,1
842b007ffffffff-2015-06,1
842b007ffffffff-2015-07,1
842b007ffffffff-2015-08,4
842b007ffffffff-2015-09,1
842b007ffffffff-2016-07,4
842b007ffffffff-2016-08,4
842b007ffffffff-2016-09,1
842b007ffffffff-2016-10,2
842b007ffffffff-2017-07,11
842b007ffffffff-2017-08,8
842b007ffffffff-2017-09,9
842b007ffffffff-2017-10,1
842b007ffffffff-2018-05,3
842b007ffffffff-2018-07,2
842b007ffffffff-2018-08,14
842b007ffffffff-2018-09,12
842b007ffffffff-2018-10,7
842b007ffffffff-2018-11,1
842b007ffffffff-2019-05,6
842b007ffffffff-2019-07,1
842b007ffffffff-2019-08,36
842b007ffffffff-2019-09,14
842b007ffffffff-2019-10,4
842b007ffffffff-2019-11,1
842b007ffffffff-2020-07,8
842b007ffffffff-2020-08,20
842b007ffffffff-2020-09,18
842b007ffffffff-2020-10,27
842b007ffffffff-2021-05,2
842b007ffffffff-2021-06,1
842b007ffffffff-2021-07,3
842b007ffffffff-2021-08,29
842b007ffffffff-2021-09,10
842b007ffffffff-2021-10,4
842b007ffffffff-2022-05,11
842b007ffffffff-2022-07,13
842b007ffffffff-2022-08,39
842b007ffffffff-2022-09,21
842b007ffffffff-2022-10,6
842b007ffffffff-2023-05,6
842b007ffffffff-2023-07,26
842b007ffffffff-2023-08,40
842b007ffffffff-2023-09,21
842b007ffffffff-2023-10,16
842b007ffffffff-2023-11,1
842b009ffffffff-2014-08,3
842b009ffffffff-2015-08,4
842b009ffffffff-2016-07,1
842b009ffffffff-2016-08,4
842b009ffffffff-2016-09,3
842b009ffffffff-2016-10,2
842b009ffffffff-2017-07,4
842b009ffffffff-2017-08,3
842b009ffffffff-2017-09,3
842b009ffffffff-2018-05,2
842b009ffffffff-2018-06,1
842b009ffffffff-2018-07,6
842b009ffffffff-2018-08,14
842b009ffffffff-2018-09,2
842b009ffffffff-2018-10,5
842b009ffffffff-2019-07,6
842b009ffffffff-2019-08,8
842b009ffffffff-2019-09,2
842b009ffffffff-2019-10,2
842b009ffffffff-2020-08,2
842b009ffffffff-2021-07,3
842b009ffffffff-2021-08,8
842b009ffffffff-2021-09,10
842b009ffffffff-2022-04,2
842b009ffffffff-2022-05,1
842b009ffffffff-2022-07,20
842b009ffffffff-2022-08,10
842b009ffffffff-2022-09,6
842b009ffffffff-2022-10,1
842b009ffffffff-2023-07,1
842b009ffffffff-2023-08,13
842b009ffffffff-2023-09,7
842b009ffffffff-2023-10,1
842b00bffffffff-2012-07,4
842b00bffffffff-2012-08,4
842b00bffffffff-2012-09,2
842b00bffffffff-2013-07,5
842b00bffffffff-2013-08,2
842b00bffffffff-2013-09,2
842b00bffffffff-2014-05,1
842b00bffffffff-2014-07,4
842b00bffffffff-2014-08,2
842b00bffffffff-2015-07,1
842b00bffffffff-2015-08,8
842b00bffffffff-2015-09,3
842b00bffffffff-2016-07,1
842b00bffffffff-2016-08,7
842b00bffffffff-2016-09,1
842b00bffffffff-2016-10,2
842b00bffffffff-2017-05,2
842b00bffffffff-2017-07,1
842b00bffffffff-2017-08,16
842b00bffffffff-2017-09,1
842b00bffffffff-2018-05,4
842b00bffffffff-2018-07,6
842b00bffffffff-2018-08,9
842b00bffffffff-2018-09,15
842b00bffffffff-2019-05,7
842b00bffffffff-2019-07,14
842b00bffffffff-2019-08,20
842b00bffffffff-2019-09,7
842b00bffffffff-2020-05,6
842b00bffffffff-2020-07,5
842b00bffffffff-2020-08,22
842b00bffffffff-2020-09,16
842b00bffffffff-2020-10,3
842b00bffffffff-2021-05,2
842b00bffffffff-2021-07,7
842b00bffffffff-2021-08,9
842b00bffffffff-2021-09,3
842b00bffffffff-2021-10,5
842b00bffffffff-2022-04,1
842b00bffffffff-2022-07,7
842b00bffffffff-2022-08,13
842b00bffffffff-2022-09,10
842b00bffffffff-2022-10,4
842b00bffffffff-2023-05,3
842b00bffffffff-2023-07,10
842b00bffffffff-2023-08,10
842b00bffffffff-2023-09,10
842b00bffffffff-2023-10,2
842b00dffffffff-2012-08,1
842b00dffffffff-2012-09,1
842b00dffffffff-2015-08,3
842b00dffffffff-2016-09,1
842b00dffffffff-2017-07,2
842b00dffffffff-2018-08,1
842b00dffffffff-2019-07,4
842b00dffffffff-2019-08,5
842b00dffffffff-2019-09,1
842b00dffffffff-2020-07,1
842b00dffffffff-2020-08,2
842b00dffffffff-2020-09,8
842b00dffffffff-2021-07,1
842b00dffffffff-2021-08,2
842b00dffffffff-2022-07,3
842b00dffffffff-2022-08,1
842b00dffffffff-2022-10,2
842b00dffffffff-2023-07,1
842b011ffffffff-2014-05,1
842b011ffffffff-2014-08,2
842b011ffffffff-2015-08,2
842b011ffffffff-2016-05,1
842b011ffffffff-2018-09,2
842b011ffffffff-2019-05,3
842b011ffffffff-2019-08,1
842b011ffffffff-2019-09,1
842b011ffffffff-2019-10,2
842b011ffffffff-2020-08,3
842b011ffffffff-2020-09,2
842b011ffffffff-2021-05,1
842b011ffffffff-2021-08,3
842b011ffffffff-2021-09,3
842b011ffffffff-2022-05,1
842b011ffffffff-2022-08,6
842b011ffffffff-2022-09,19
842b011ffffffff-2022-10,2
842b011ffffffff-2023-08,3
842b011ffffffff-2023-09,22
842b011ffffffff-2023-10,19
842b013ffffffff-2012-08,3
842b013ffffffff-2012-09,1
842b013ffffffff-2012-10,1
842b013ffffffff-2013-07,2
842b013ffffffff-2013-08,3
842b013ffffffff-2013-09,2
842b013ffffffff-2014-07,3
842b013ffffffff-2014-08,19
842b013ffffffff-2014-09,1
842b013ffffffff-2014-10,4
842b013ffffffff-2015-05,1
842b013ffffffff-2015-07,10
842b013ffffffff-2015-08,13
842b013ffffffff-2015-09,4
842b013ffffffff-2015-10,6
842b013ffffffff-2015-11,1
842b013ffffffff-2016-05,2
842b013ffffffff-2016-07,5
842b013ffffffff-2016-08,7
842b013ffffffff-2016-09,7
842b013ffffffff-2016-10,2
842b013ffffffff-2017-05,1
842b013ffffffff-2017-07,14
842b013ffffffff-2017-08,19
842b013ffffffff-2017-09,3
842b013ffffffff-2017-10,7
842b013ffffffff-2018-07,9
842b013ffffffff-2018-08,17
842b013ffffffff-2018-09,7
842b013ffffffff-2018-10,8
842b013ffffffff-2019-04,1
842b013ffffffff-2019-05,3
842b013ffffffff-2019-06,1
842b013ffffffff-2019-07,13
842b013ffffffff-2019-08,27
842b013ffffffff-2019-09,74
842b013ffffffff-2019-10,3
842b013ffffffff-2020-07,15
842b013ffffffff-2020-08,25
842b013ffffffff-2020-09,12
842b013ffffffff-2020-10,5
842b013ffffffff-2021-05,2
842b013ffffffff-2021-07,11
842b013ffffffff-2021-08,28
842b013ffffffff-2021-09,11
842b013ffffffff-2021-10,5
842b013ffffffff-2022-07,22
842b013ffffffff-2022-08,11
842b013ffffffff-2022-09,3
842b013ffffffff-2022-10,2
842b013ffffffff-2022-11,1
842b013ffffffff-2023-07,27
842b013ffffffff-2023-08,26
842b013ffffffff-2023-09,5
842b013ffffffff-2023-10,1
842b015ffffffff-2020-08,2
842b017ffffffff-2012-07,1
842b017ffffffff-2012-08,1
842b017ffffffff-2013-08,1
842b017ffffffff-2013-09,2
842b017ffffffff-2014-08,7
842b017ffffffff-2014-09,8
842b017ffffffff-2014-10,4
842b017ffffffff-2015-07,2
842b017ffffffff-2015-08,6
842b017ffffffff-2015-09,4
842b017ffffffff-2015-10,1
842b017ffffffff-2016-08,4
842b017ffffffff-2016-09,1
842b017ffffffff-2017-07,1
842b017ffffffff-2017-08,5
842b017ffffffff-2017-09,6
842b017ffffffff-2017-10,2
842b017ffffffff-2018-07,5
842b017ffffffff-2018-08,9
842b017ffffffff-2018-09,7
842b017ffffffff-2018-10,6
842b017ffffffff-2019-07,7
842b017ffffffff-2019-08,15
842b017ffffffff-2019-09,10
842b017ffffffff-2019-10,2
842b017ffffffff-2020-07,2
842b017ffffffff-2020-08,6
842b017ffffffff-2020-09,4
842b017ffffffff-2020-10,2
842b017ffffffff-2021-07,2
842b017ffffffff-2021-08,2
842b017ffffffff-2021-09,2
842b017ffffffff-2021-10,1
842b017ffffffff-2022-07,1
842b017ffffffff-2022-08,17
842b017ffffffff-2023-07,1
842b017ffffffff-2023-08,5
842b017ffffffff-2023-09,3
842b019ffffffff-2012-08,2
842b019ffffffff-2013-08,5
842b019ffffffff-2014-08,4
842b019ffffffff-2014-09,3
842b019ffffffff-2015-07,1
842b019ffffffff-2015-08,2
842b019ffffffff-2016-05,1
842b019ffffffff-2016-07,7
842b019ffffffff-2016-08,5
842b019ffffffff-2016-09,2
842b019ffffffff-2017-07,5
842b019ffffffff-2017-08,13
842b019ffffffff-2017-09,1
842b019ffffffff-2018-07,3
842b019ffffffff-2018-08,2
842b019ffffffff-2018-09,2
842b019ffffffff-2018-10,1
842b019ffffffff-2019-05,5
842b019ffffffff-2019-07,1
842b019ffffffff-2019-08,2
842b019ffffffff-2019-09,3
842b019ffffffff-2020-08,4
842b019ffffffff-2020-09,1
842b019ffffffff-2021-07,7
842b019ffffffff-2021-08,5
842b019ffffffff-2021-09,2
842b019ffffffff-2022-07,1
842b019ffffffff-2022-08,3
842b019ffffffff-2022-09,1
842b019ffffffff-2023-07,1
842b019ffffffff-2023-08,10
842b01dffffffff-2014-07,4
842b01dffffffff-2014-08,3
842b01dffffffff-2015-07,1
842b01dffffffff-2015-08,1
842b01dffffffff-2016-07,4
842b01dffffffff-2016-08,1
842b01dffffffff-2016-09,1
842b01dffffffff-2017-07,3
842b01dffffffff-2017-08,14
842b01dffffffff-2017-09,2
842b01dffffffff-2018-07,2
842b01dffffffff-2018-08,2
842b01dffffffff-2018-09,2
842b01dffffffff-2019-07,11
842b01dffffffff-2019-08,6
842b01dffffffff-2019-09,5
842b01dffffffff-2019-10,2
842b01dffffffff-2020-04,1
842b01dffffffff-2020-05,1
842b01dffffffff-2020-07,11
842b01dffffffff-2020-08,14
842b01dffffffff-2020-09,5
842b01dffffffff-2020-10,2
842b01dffffffff-2021-06,1
842b01dffffffff-2021-07,4
842b01dffffffff-2021-08,10
842b01dffffffff-2021-09,10
842b01dffffffff-2022-07,7
842b01dffffffff-2022-08,9
842b01dffffffff-2022-09,12
842b01dffffffff-2023-05,2
842b01dffffffff-2023-06,2
842b01dffffffff-2023-07,4
842b01dffffffff-2023-08,8
842b01dffffffff-2023-09,2
842b01dffffffff-2023-10,1
842b027ffffffff-2018-10,1
842b029ffffffff-2013-07,1
842b029ffffffff-2014-07,2
842b029ffffffff-2018-10,1
842b029ffffffff-2023-07,1
842b02bffffffff-2013-09,6
842b02bffffffff-2013-10,5
842b02bffffffff-2014-05,9
842b02bffffffff-2014-07,2
842b02bffffffff-2014-08,4
842b02bffffffff-2014-09,3
842b02bffffffff-2014-10,4
842b02bffffffff-2015-05,4
842b02bffffffff-2015-09,2
842b02bffffffff-2015-10,1
842b02bffffffff-2016-05,1
842b02bffffffff-2016-08,1
842b02bffffffff-2016-09,5
842b02bffffffff-2017-07,2
842b02bffffffff-2017-08,5
842b02bffffffff-2017-09,7
842b02bffffffff-2018-05,2
842b02bffffffff-2018-07,4
842b02bffffffff-2018-08,4
842b02bffffffff-2018-09,1
842b02bffffffff-2018-10,8
842b02bffffffff-2020-07,2
842b02bffffffff-2020-08,3
842b02bffffffff-2020-09,12
842b02bffffffff-2020-10,11
842b02bffffffff-2021-07,2
842b02bffffffff-2021-08,6
842b02bffffffff-2021-09,4
842b02bffffffff-2022-07,7
842b02bffffffff-2022-08,3
842b02bffffffff-2022-09,2
842b02bffffffff-2022-10,2
842b02bffffffff-2023-07,4
842b02bffffffff-2023-08,4
842b02bffffffff-2023-10,1
842b02dffffffff-2016-08,1
842b031ffffffff-2017-09,1
842b031ffffffff-2018-08,2
842b031ffffffff-2023-09,1
842b033ffffffff-2013-04,1
842b033ffffffff-2018-10,1
842b033ffffffff-2019-09,13
842b033ffffffff-2019-10,2
842b033ffffffff-2020-07,1
842b033ffffffff-2020-08,29
842b033ffffffff-2020-09,7
842b033ffffffff-2020-10,1
842b033ffffffff-2021-05,1
842b033ffffffff-2021-08,23
842b033ffffffff-2021-09,14
842b033ffffffff-2021-10,1
842b033ffffffff-2022-07,5
842b033ffffffff-2022-08,8
842b033ffffffff-2022-09,9
842b033ffffffff-2023-08,8
842b033ffffffff-2023-09,10
842b035ffffffff-2013-08,1
842b035ffffffff-2014-05,1
842b035ffffffff-2015-09,2
842b035ffffffff-2017-08,3
842b035ffffffff-2017-09,2
842b035ffffffff-2017-10,1
842b035ffffffff-2018-08,1
842b035ffffffff-2018-09,2
842b035ffffffff-2018-10,3
842b035ffffffff-2019-05,1
842b035ffffffff-2020-10,1
842b035ffffffff-2021-07,1
842b035ffffffff-2021-08,3
842b035ffffffff-2022-08,1
842b035ffffffff-2022-09,2
842b035ffffffff-2022-10,1
842b035ffffffff-2023-05,1
842b035ffffffff-2023-07,1
842b035ffffffff-2023-08,1
842b037ffffffff-2015-09,1
842b037ffffffff-2019-05,1
842b037ffffffff-2022-08,3
842b039ffffffff-2013-07,1
842b039ffffffff-2013-09,3
842b039ffffffff-2014-08,1
842b039ffffffff-2015-09,1
842b039ffffffff-2016-05,2
842b039ffffffff-2016-07,2
842b039ffffffff-2016-08,3
842b039ffffffff-2016-09,2
842b039ffffffff-2017-07,1
842b039ffffffff-2017-09,1
842b039ffffffff-2017-10,2
842b039ffffffff-2018-05,1
842b039ffffffff-2018-07,4
842b039ffffffff-2018-09,2
842b039ffffffff-2018-10,3
842b039ffffffff-2018-11,1
842b039ffffffff-2019-05,3
842b039ffffffff-2019-08,1
842b039ffffffff-2019-09,1
842b039ffffffff-2019-10,1
842b039ffffffff-2020-08,3
842b039ffffffff-2020-09,1
842b039ffffffff-2020-10,5
842b039ffffffff-2021-08,7
842b039ffffffff-2021-09,2
842b039ffffffff-2022-07,1
842b039ffffffff-2022-08,15
842b039ffffffff-2022-09,4
842b039ffffffff-2023-05,3
842b039ffffffff-2023-08,19
842b039ffffffff-2023-09,8
842b03bffffffff-2012-07,4
842b03bffffffff-2012-08,1
842b03bffffffff-2012-09,2
842b03bffffffff-2012-10,2
842b03bffffffff-2012-11,1
842b03bffffffff-2013-08,1
842b03bffffffff-2013-10,1
842b03bffffffff-2014-05,1
842b03bffffffff-2014-07,1
842b03bffffffff-2014-08,2
842b03bffffffff-2014-09,4
842b03bffffffff-2015-05,1
842b03bffffffff-2015-07,4
842b03bffffffff-2015-08,3
842b03bffffffff-2015-09,33
842b03bffffffff-2015-10,33
842b03bffffffff-2015-11,3
842b03bffffffff-2016-04,1
842b03bffffffff-2016-07,2
842b03bffffffff-2016-08,30
842b03bffffffff-2016-09,51
842b03bffffffff-2016-10,18
842b03bffffffff-2017-05,5
842b03bffffffff-2017-07,6
842b03bffffffff-2017-08,24
842b03bffffffff-2017-09,51
842b03bffffffff-2017-10,47
842b03bffffffff-2017-11,1
842b03bffffffff-2018-04,1
842b03bffffffff-2018-05,3
842b03bffffffff-2018-07,3
842b03bffffffff-2018-08,6
842b03bffffffff-2018-09,47
842b03bffffffff-2018-10,10
842b03bffffffff-2019-05,2
842b03bffffffff-2019-07,6
842b03bffffffff-2019-08,16
842b03bffffffff-2019-09,16
842b03bffffffff-2019-10,3
842b03bffffffff-2019-11,3
842b03bffffffff-2020-05,10
842b03bffffffff-2020-07,19
842b03bffffffff-2020-08,99
842b03bffffffff-2020-09,43
842b03bffffffff-2020-10,57
842b03bffffffff-2020-11,1
842b03bffffffff-2021-07,53
842b03bffffffff-2021-08,80
842b03bffffffff-2021-09,83
842b03bffffffff-2021-10,44
842b03bffffffff-2021-11,2
842b03bffffffff-2022-07,42
842b03bffffffff-2022-08,77
842b03bffffffff-2022-09,68
842b03bffffffff-2022-10,43
842b03bffffffff-2022-11,2
842b03bffffffff-2023-05,2
842b03bffffffff-2023-07,40
842b03bffffffff-2023-08,97
842b03bffffffff-2023-09,56
842b03bffffffff-2023-10,17
842b03dffffffff-2018-05,4
842b03dffffffff-2019-05,7
842b03dffffffff-2019-09,1
842b03dffffffff-2020-05,7
842b03dffffffff-2022-08,1
842b03dffffffff-2023-08,2
842b051ffffffff-2012-08,1
842b051ffffffff-2013-08,1
842b051ffffffff-2015-07,1
842b051ffffffff-2015-08,1
842b051ffffffff-2016-08,5
842b051ffffffff-2017-07,1
842b051ffffffff-2017-08,2
842b051ffffffff-2017-09,1
842b051ffffffff-2018-05,1
842b051ffffffff-2018-07,1
842b051ffffffff-2018-08,5
842b051ffffffff-2018-09,3
842b051ffffffff-2018-10,2
842b051ffffffff-2019-07,6
842b051ffffffff-2019-08,10
842b051ffffffff-2019-09,4
842b051ffffffff-2020-05,1
842b051ffffffff-2020-07,2
842b051ffffffff-2020-08,1
842b051ffffffff-2020-09,4
842b051ffffffff-2021-05,1
842b051ffffffff-2021-08,1
842b051ffffffff-2021-09,2
842b051ffffffff-2021-10,1
842b051ffffffff-2022-08,8
842b051ffffffff-2022-09,4
842b051ffffffff-2023-08,17
842b051ffffffff-2023-09,4
842b053ffffffff-2012-07,5
842b053ffffffff-2012-08,4
842b053ffffffff-2012-09,3
842b053ffffffff-2013-07,10
842b053ffffffff-2013-08,10
842b053ffffffff-2013-09,5
842b053ffffffff-2013-10,1
842b053ffffffff-2014-07,8
842b053ffffffff-2014-08,10
842b053ffffffff-2014-09,11
842b053ffffffff-2014-10,1
842b053ffffffff-2015-05,3
842b053ffffffff-2015-07,30
842b053ffffffff-2015-08,37
842b053ffffffff-2015-09,10
842b053ffffffff-2016-05,2
842b053ffffffff-2016-07,48
842b053ffffffff-2016-08,38
842b053ffffffff-2016-09,38
842b053ffffffff-2017-05,5
842b053ffffffff-2017-06,1
842b053ffffffff-2017-07,89
842b053ffffffff-2017-08,97
842b053ffffffff-2017-09,20
842b053ffffffff-2017-10,1
842b053ffffffff-2018-04,1
842b053ffffffff-2018-05,7
842b053ffffffff-2018-07,58
842b053ffffffff-2018-08,56
842b053ffffffff-2018-09,46
842b053ffffffff-2018-10,1
842b053ffffffff-2019-04,1
842b053ffffffff-2019-05,2
842b053ffffffff-2019-07,46
842b053ffffffff-2019-08,59
842b053ffffffff-2019-09,36
842b053ffffffff-2019-10,1
842b053ffffffff-2019-11,1
842b053ffffffff-2020-05,2
842b053ffffffff-2020-07,34
842b053ffffffff-2020-08,50
842b053ffffffff-2020-09,48
842b053ffffffff-2020-10,1
842b053ffffffff-2020-11,1
842b053ffffffff-2021-04,1
842b053ffffffff-2021-05,1
842b053ffffffff-2021-07,30
842b053ffffffff-2021-08,78
842b053ffffffff-2021-09,32
842b053ffffffff-2021-10,4
842b053ffffffff-2022-05,2
842b053ffffffff-2022-07,42
842b053ffffffff-2022-08,43
842b053ffffffff-2022-09,22
842b053ffffffff-2022-10,1
842b053ffffffff-2023-05,1
842b053ffffffff-2023-07,24
842b053ffffffff-2023-08,43
842b053ffffffff-2023-09,20
842b053ffffffff-2023-10,7
842b055ffffffff-2012-07,1
842b055ffffffff-2012-08,1
842b055ffffffff-2013-07,2
842b055ffffffff-2014-05,3
842b055ffffffff-2014-07,7
842b055ffffffff-2014-08,11
842b055ffffffff-2014-09,6
842b055ffffffff-2015-05,2
842b055ffffffff-2015-07,7
842b055ffffffff-2015-08,2
842b055ffffffff-2015-09,2
842b055ffffffff-2016-05,1
842b055ffffffff-2016-07,4
842b055ffffffff-2016-08,7
842b055ffffffff-2016-09,2
842b055ffffffff-2017-04,2
842b055ffffffff-2017-05,3
842b055ffffffff-2017-07,10
842b055ffffffff-2017-08,20
842b055ffffffff-2017-09,7
842b055ffffffff-2017-10,1
842b055ffffffff-2018-05,3
842b055ffffffff-2018-07,11
842b055ffffffff-2018-08,17
842b055ffffffff-2018-09,11
842b055ffffffff-2019-05,6
842b055ffffffff-2019-07,25
842b055ffffffff-2019-08,47
842b055ffffffff-2019-09,20
842b055ffffffff-2019-10,1
842b055ffffffff-2020-05,4
842b055ffffffff-2020-07,8
842b055ffffffff-2020-08,13
842b055ffffffff-2020-09,9
842b055ffffffff-2021-05,10
842b055ffffffff-2021-06,1
842b055ffffffff-2021-07,9
842b055ffffffff-2021-08,39
842b055ffffffff-2021-09,13
842b055ffffffff-2021-10,3
842b055ffffffff-2022-05,3
842b055ffffffff-2022-06,1
842b055ffffffff-2022-07,22
842b055ffffffff-2022-08,77
842b055ffffffff-2022-09,19
842b055ffffffff-2022-10,5
842b055ffffffff-2023-07,9
842b055ffffffff-2023-08,19
842b055ffffffff-2023-09,23
842b055ffffffff-2023-10,5
842b057ffffffff-2013-07,1
842b057ffffffff-2014-08,1
842b057ffffffff-2015-07,1
842b057ffffffff-2016-07,2
842b057ffffffff-2017-07,4
842b057ffffffff-2017-08,8
842b057ffffffff-2017-09,1
842b057ffffffff-2018-05,2
842b057ffffffff-2018-07,1
842b057ffffffff-2018-08,4
842b057ffffffff-2018-09,4
842b057ffffffff-2019-07,3
842b057ffffffff-2019-08,11
842b057ffffffff-2019-09,3
842b057ffffffff-2020-07,1
842b057ffffffff-2020-08,1
842b057ffffffff-2020-09,3
842b057ffffffff-2021-05,1
842b057ffffffff-2021-07,7
842b057ffffffff-2021-08,31
842b057ffffffff-2021-09,11
842b057ffffffff-2021-10,1
842b057ffffffff-2022-05,1
842b057ffffffff-2022-07,11
842b057ffffffff-2022-08,18
842b057ffffffff-2022-09,4
842b057ffffffff-2023-07,7
842b057ffffffff-2023-08,3
842b057ffffffff-2023-09,10
842b057ffffffff-2023-11,1
842b059ffffffff-2014-05,1
842b059ffffffff-2014-07,2
842b059ffffffff-2014-09,1
842b059ffffffff-2015-08,1
842b059ffffffff-2016-07,2
842b059ffffffff-2016-08,5
842b059ffffffff-2016-10,1
842b059ffffffff-2017-07,4
842b059ffffffff-2017-08,1
842b059ffffffff-2017-09,1
842b059ffffffff-2018-09,13
842b059ffffffff-2019-07,8
842b059ffffffff-2019-08,8
842b059ffffffff-2019-09,2
842b059ffffffff-2020-07,5
842b059ffffffff-2020-08,4
842b059ffffffff-2020-09,3
842b059ffffffff-2021-07,8
842b059ffffffff-2021-08,3
842b059ffffffff-2021-09,4
842b059ffffffff-2021-10,1
842b059ffffffff-2022-06,1
842b059ffffffff-2022-07,4
842b059ffffffff-2022-08,6
842b059ffffffff-2022-09,1
842b059ffffffff-2022-10,3
842b059ffffffff-2023-07,7
842b059ffffffff-2023-08,8
842b059ffffffff-2023-09,9
842b059ffffffff-2023-10,2
842b05dffffffff-2013-09,1
842b05dffffffff-2014-07,2
842b05dffffffff-2015-09,1
842b05dffffffff-2016-08,3
842b05dffffffff-2016-10,1
842b05dffffffff-2018-07,1
842b05dffffffff-2018-08,3
842b05dffffffff-2018-09,2
842b05dffffffff-2018-11,1
842b05dffffffff-2019-08,4
842b05dffffffff-2019-09,1
842b05dffffffff-2020-09,2
842b05dffffffff-2020-11,1
842b05dffffffff-2021-09,6
842b05dffffffff-2022-07,3
842b05dffffffff-2022-08,1
842b05dffffffff-2022-09,1
842b05dffffffff-2022-10,1
842b05dffffffff-2023-08,9
842b05dffffffff-2023-09,4
842b061ffffffff-2012-09,1
842b061ffffffff-2012-10,1
842b061ffffffff-2013-05,1
842b061ffffffff-2013-08,2
842b061ffffffff-2013-10,2
842b061ffffffff-2014-05,1
842b061ffffffff-2014-06,1
842b061ffffffff-2014-07,2
842b061ffffffff-2014-08,5
842b061ffffffff-2014-10,2
842b061ffffffff-2015-07,3
842b061ffffffff-2015-08,5
842b061ffffffff-2015-09,2
842b061ffffffff-2015-10,1
842b061ffffffff-2016-07,7
842b061ffffffff-2016-08,6
842b061ffffffff-2016-09,1
842b061ffffffff-2016-10,2
842b061ffffffff-2017-05,2
842b061ffffffff-2017-07,3
842b061ffffffff-2017-08,10
842b061ffffffff-2017-09,9
842b061ffffffff-2017-10,14
842b061ffffffff-2018-05,3
842b061ffffffff-2018-07,12
842b061ffffffff-2018-08,12
842b061ffffffff-2018-09,18
842b061ffffffff-2018-10,11
842b061ffffffff-2019-07,20
842b061ffffffff-2019-08,20
842b061ffffffff-2019-09,17
842b061ffffffff-2019-10,2
842b061ffffffff-2020-07,5
842b061ffffffff-2020-08,13
842b061ffffffff-2020-09,12
842b061ffffffff-2020-10,5
842b061ffffffff-2021-05,5
842b061ffffffff-2021-06,2
842b061ffffffff-2021-07,10
842b061ffffffff-2021-08,17
842b061ffffffff-2021-09,13
842b061ffffffff-2021-10,4
842b061ffffffff-2022-05,3
842b061ffffffff-2022-07,12
842b061ffffffff-2022-08,15
842b061ffffffff-2022-09,8
842b061ffffffff-2022-10,2
842b061ffffffff-2023-07,8
842b061ffffffff-2023-08,15
842b061ffffffff-2023-09,11
842b061ffffffff-2023-10,2
842b063ffffffff-2012-07,1
842b063ffffffff-2013-07,2
842b063ffffffff-2013-08,6
842b063ffffffff-2014-08,12
842b063ffffffff-2015-07,7
842b063ffffffff-2015-08,9
842b063ffffffff-2015-09,1
842b063ffffffff-2016-07,23
842b063ffffffff-2016-08,7
842b063ffffffff-2017-06,1
842b063ffffffff-2017-07,19
842b063ffffffff-2017-08,15
842b063ffffffff-2017-09,1
842b063ffffffff-2018-05,1
842b063ffffffff-2018-07,6
842b063ffffffff-2018-08,16
842b063ffffffff-2018-09,9
842b063ffffffff-2019-05,1
842b063ffffffff-2019-07,26
842b063ffffffff-2019-08,16
842b063ffffffff-2019-09,4
842b063ffffffff-2020-07,6
842b063ffffffff-2020-08,4
842b063ffffffff-2020-09,1
842b063ffffffff-2021-05,1
842b063ffffffff-2021-07,6
842b063ffffffff-2021-08,18
842b063ffffffff-2021-09,1
842b063ffffffff-2022-07,14
842b063ffffffff-2022-08,26
842b063ffffffff-2022-10,1
842b063ffffffff-2023-07,23
842b063ffffffff-2023-08,61
842b063ffffffff-2023-09,2
842b063ffffffff-2023-10,2
842b067ffffffff-2015-07,2
842b067ffffffff-2015-08,1
842b067ffffffff-2015-09,1
842b067ffffffff-2016-06,1
842b067ffffffff-2016-07,2
842b067ffffffff-2016-08,1
842b067ffffffff-2017-08,3
842b067ffffffff-2017-09,3
842b067ffffffff-2017-10,3
842b067ffffffff-2018-05,1
842b067ffffffff-2018-07,6
842b067ffffffff-2018-08,8
842b067ffffffff-2018-09,10
842b067ffffffff-2018-10,4
842b067ffffffff-2019-05,2
842b067ffffffff-2019-07,10
842b067ffffffff-2019-08,9
842b067ffffffff-2019-09,6
842b067ffffffff-2020-07,1
842b067ffffffff-2020-08,12
842b067ffffffff-2020-09,21
842b067ffffffff-2020-10,10
842b067ffffffff-2021-05,1
842b067ffffffff-2021-07,1
842b067ffffffff-2021-08,9
842b067ffffffff-2021-09,11
842b067ffffffff-2022-07,3
842b067ffffffff-2022-08,3
842b067ffffffff-2022-09,6
842b067ffffffff-2022-10,3
842b067ffffffff-2023-05,2
842b067ffffffff-2023-07,7
842b067ffffffff-2023-08,5
842b067ffffffff-2023-09,4
842b067ffffffff-2023-10,1
842b06bffffffff-2015-06,1
842b06bffffffff-2016-09,1
842b06bffffffff-2017-08,1
842b06bffffffff-2018-08,2
842b06bffffffff-2018-09,1
842b06bffffffff-2019-08,1
842b06bffffffff-2020-05,1
842b06bffffffff-2020-08,4
842b06bffffffff-2020-09,2
842b06bffffffff-2021-05,1
842b06bffffffff-2021-07,2
842b06bffffffff-2021-08,1
842b06bffffffff-2022-10,1
842b06bffffffff-2023-07,5
842b06bffffffff-2023-08,1
842b06dffffffff-2013-08,2
842b06dffffffff-2014-07,3
842b06dffffffff-2014-08,5
842b06dffffffff-2014-09,1
842b06dffffffff-2015-08,4
842b06dffffffff-2015-09,2
842b06dffffffff-2015-10,1
842b06dffffffff-2016-07,3
842b06dffffffff-2016-08,10
842b06dffffffff-2016-09,4
842b06dffffffff-2016-10,1
842b06dffffffff-2017-05,1
842b06dffffffff-2017-07,6
842b06dffffffff-2017-08,17
842b06dffffffff-2017-09,3
842b06dffffffff-2018-07,4
842b06dffffffff-2018-08,9
842b06dffffffff-2018-09,2
842b06dffffffff-2018-10,2
842b06dffffffff-2019-05,3
842b06dffffffff-2019-07,4
842b06dffffffff-2019-08,4
842b06dffffffff-2019-09,8
842b06dffffffff-2020-05,1
842b06dffffffff-2020-07,2
842b06dffffffff-2020-08,18
842b06dffffffff-2020-09,18
842b06dffffffff-2020-10,3
842b06dffffffff-2021-05,2
842b06dffffffff-2021-06,3
842b06dffffffff-2021-07,9
842b06dffffffff-2021-08,14
842b06dffffffff-2021-09,7
842b06dffffffff-2021-10,1
842b06dffffffff-2022-05,1
842b06dffffffff-2022-07,4
842b06dffffffff-2022-08,9
842b06dffffffff-2022-09,5
842b06dffffffff-2022-10,1
842b06dffffffff-2023-05,1
842b06dffffffff-2023-06,1
842b06dffffffff-2023-07,7
842b06dffffffff-2023-08,15
842b06dffffffff-2023-09,3
842b0a1ffffffff-2012-08,5
842b0a1ffffffff-2013-07,2
842b0a1ffffffff-2013-08,3
842b0a1ffffffff-2013-09,1
842b0a1ffffffff-2014-08,15
842b0a1ffffffff-2014-09,12
842b0a1ffffffff-2014-10,5
842b0a1ffffffff-2015-07,23
842b0a1ffffffff-2015-08,38
842b0a1ffffffff-2015-09,38
842b0a1ffffffff-2015-10,12
842b0a1ffffffff-2016-04,1
842b0a1ffffffff-2016-05,15
842b0a1ffffffff-2016-07,35
842b0a1ffffffff-2016-08,56
842b0a1ffffffff-2016-09,24
842b0a1ffffffff-2016-10,13
842b0a1ffffffff-2016-11,2
842b0a1ffffffff-2017-05,3
842b0a1ffffffff-2017-06,1
842b0a1ffffffff-2017-07,25
842b0a1ffffffff-2017-08,54
842b0a1ffffffff-2017-09,56
842b0a1ffffffff-2017-10,8
842b0a1ffffffff-2017-11,1
842b0a1ffffffff-2018-05,9
842b0a1ffffffff-2018-06,2
842b0a1ffffffff-2018-07,22
842b0a1ffffffff-2018-08,67
842b0a1ffffffff-2018-09,3
842b0a1ffffffff-2018-10,11
842b0a1ffffffff-2019-05,1
842b0a1ffffffff-2019-07,37
842b0a1ffffffff-2019-08,75
842b0a1ffffffff-2019-09,45
842b0a1ffffffff-2019-10,4
842b0a1ffffffff-2020-05,7
842b0a1ffffffff-2020-07,42
842b0a1ffffffff-2020-08,57
842b0a1ffffffff-2020-09,58
842b0a1ffffffff-2020-10,21
842b0a1ffffffff-2021-06,2
842b0a1ffffffff-2021-07,57
842b0a1ffffffff-2021-08,98
842b0a1ffffffff-2021-09,49
842b0a1ffffffff-2021-10,7
842b0a1ffffffff-2022-04,10
842b0a1ffffffff-2022-05,2
842b0a1ffffffff-2022-06,1
842b0a1ffffffff-2022-07,75
842b0a1ffffffff-2022-08,67
842b0a1ffffffff-2022-09,53
842b0a1ffffffff-2022-10,16
842b0a1ffffffff-2022-11,1
842b0a1ffffffff-2023-05,1
842b0a1ffffffff-2023-06,2
842b0a1ffffffff-2023-07,62
842b0a1ffffffff-2023-08,147
842b0a1ffffffff-2023-09,71
842b0a1ffffffff-2023-10,34
842b0a1ffffffff-2023-11,3
842b0a5ffffffff-2014-07,10
842b0a5ffffffff-2014-08,13
842b0a5ffffffff-2014-09,1
842b0a5ffffffff-2014-10,2
842b0a5ffffffff-2015-07,21
842b0a5ffffffff-2015-08,2
842b0a5ffffffff-2015-09,8
842b0a5ffffffff-2016-05,1
842b0a5ffffffff-2016-07,18
842b0a5ffffffff-2016-08,24
842b0a5ffffffff-2016-09,10
842b0a5ffffffff-2016-10,4
842b0a5ffffffff-2017-06,1
842b0a5ffffffff-2017-07,9
842b0a5ffffffff-2017-08,20
842b0a5ffffffff-2017-09,10
842b0a5ffffffff-2017-10,1
842b0a5ffffffff-2018-07,13
842b0a5ffffffff-2018-08,37
842b0a5ffffffff-2018-09,9
842b0a5ffffffff-2019-05,2
842b0a5ffffffff-2019-07,26
842b0a5ffffffff-2019-08,39
842b0a5ffffffff-2019-09,12
842b0a5ffffffff-2019-10,2
842b0a5ffffffff-2019-11,5
842b0a5ffffffff-2020-05,1
842b0a5ffffffff-2020-07,64
842b0a5ffffffff-2020-08,70
842b0a5ffffffff-2020-09,23
842b0a5ffffffff-2020-10,13
842b0a5ffffffff-2021-05,6
842b0a5ffffffff-2021-06,1
842b0a5ffffffff-2021-07,42
842b0a5ffffffff-2021-08,60
842b0a5ffffffff-2021-09,21
842b0a5ffffffff-2021-10,1
842b0a5ffffffff-2022-05,1
842b0a5ffffffff-2022-06,3
842b0a5ffffffff-2022-07,63
842b0a5ffffffff-2022-08,49
842b0a5ffffffff-2022-09,14
842b0a5ffffffff-2022-10,8
842b0a5ffffffff-2023-01,4
842b0a5ffffffff-2023-02,1
842b0a5ffffffff-2023-07,47
842b0a5ffffffff-2023-08,36
842b0a5ffffffff-2023-09,26
842b0a5ffffffff-2023-10,12
842b0a5ffffffff-2023-11,1
842b0a7ffffffff-2013-08,25
842b0a7ffffffff-2013-09,22
842b0a7ffffffff-2013-10,15
842b0a7ffffffff-2013-11,1
842b0a7ffffffff-2014-06,2
842b0a7ffffffff-2014-07,3
842b0a7ffffffff-2014-08,69
842b0a7ffffffff-2014-09,17
842b0a7ffffffff-2014-10,6
842b0a7ffffffff-2014-11,3
842b0a7ffffffff-2015-07,3
842b0a7ffffffff-2015-08,46
842b0a7ffffffff-2015-09,27
842b0a7ffffffff-2015-10,10
842b0a7ffffffff-2016-05,4
842b0a7ffffffff-2016-07,8
842b0a7ffffffff-2016-08,118
842b0a7ffffffff-2016-09,29
842b0a7ffffffff-2016-10,4
842b0a7ffffffff-2017-05,3
842b0a7ffffffff-2017-06,2
842b0a7ffffffff-2017-07,5
842b0a7ffffffff-2017-08,145
842b0a7ffffffff-2017-09,59
842b0a7ffffffff-2017-10,13
842b0a7ffffffff-2018-08,19
842b0a7ffffffff-2018-09,3
842b0a7ffffffff-2019-07,2
842b0a7ffffffff-2019-08,14
842b0a7ffffffff-2019-09,2
842b0a7ffffffff-2020-07,4
842b0a7ffffffff-2020-08,14
842b0a7ffffffff-2020-09,4
842b0a7ffffffff-2020-10,6
842b0a7ffffffff-2021-07,2
842b0a7ffffffff-2021-08,8
842b0a7ffffffff-2022-07,10
842b0a7ffffffff-2022-08,12
842b0a7ffffffff-2022-09,36
842b0a7ffffffff-2022-10,4
842b0a7ffffffff-2023-07,6
842b0a7ffffffff-2023-08,4
842b0a7ffffffff-2023-09,6
842b0a7ffffffff-2023-10,2
842b0a9ffffffff-2012-07,1
842b0a9ffffffff-2012-08,4
842b0a9ffffffff-2013-07,2
842b0a9ffffffff-2013-08,3
842b0a9ffffffff-2013-09,2
842b0a9ffffffff-2013-10,1
842b0a9ffffffff-2014-07,3
842b0a9ffffffff-2014-08,8
842b0a9ffffffff-2014-09,3
842b0a9ffffffff-2015-08,8
842b0a9ffffffff-2015-09,3
842b0a9ffffffff-2015-10,1
842b0a9ffffffff-2016-05,5
842b0a9ffffffff-2016-07,7
842b0a9ffffffff-2016-08,3
842b0a9ffffffff-2016-09,3
842b0a9ffffffff-2017-07,6
842b0a9ffffffff-2017-08,9
842b0a9ffffffff-2018-05,5
842b0a9ffffffff-2018-07,3
842b0a9ffffffff-2018-08,7
842b0a9ffffffff-2019-07,2
842b0a9ffffffff-2019-08,4
842b0a9ffffffff-2019-09,1
842b0a9ffffffff-2020-07,4
842b0a9ffffffff-2020-08,5
842b0a9ffffffff-2020-10,6
842b0a9ffffffff-2021-07,3
842b0a9ffffffff-2021-08,8
842b0a9ffffffff-2021-09,3
842b0a9ffffffff-2022-07,5
842b0a9ffffffff-2022-08,2
842b0a9ffffffff-2022-09,3
842b0a9ffffffff-2023-07,2
842b0a9ffffffff-2023-08,10
842b0a9ffffffff-2023-09,1
842b0a9ffffffff-2023-10,3
842b0c5ffffffff-2012-05,1
842b0c5ffffffff-2012-07,6
842b0c5ffffffff-2012-08,12
842b0c5ffffffff-2012-10,2
842b0c5ffffffff-2012-11,1
842b0c5ffffffff-2013-05,1
842b0c5ffffffff-2013-07,9
842b0c5ffffffff-2013-08,19
842b0c5ffffffff-2013-09,18
842b0c5ffffffff-2013-10,3
842b0c5ffffffff-2014-05,4
842b0c5ffffffff-2014-07,34
842b0c5ffffffff-2014-08,74
842b0c5ffffffff-2014-09,37
842b0c5ffffffff-2014-10,21
842b0c5ffffffff-2015-04,5
842b0c5ffffffff-2015-05,1
842b0c5ffffffff-2015-06,2
842b0c5ffffffff-2015-07,52
842b0c5ffffffff-2015-08,84
842b0c5ffffffff-2015-09,50
842b0c5ffffffff-2015-10,6
842b0c5ffffffff-2016-05,4
842b0c5ffffffff-2016-06,2
842b0c5ffffffff-2016-07,57
842b0c5ffffffff-2016-08,47
842b0c5ffffffff-2016-09,37
842b0c5ffffffff-2016-10,5
842b0c5ffffffff-2016-11,1
842b0c5ffffffff-2017-05,8
842b0c5ffffffff-2017-07,43
842b0c5ffffffff-2017-08,50
842b0c5ffffffff-2017-09,36
842b0c5ffffffff-2017-10,21
842b0c5ffffffff-2017-11,1
842b0c5ffffffff-2018-04,2
842b0c5ffffffff-2018-05,3
842b0c5ffffffff-2018-06,6
842b0c5ffffffff-2018-07,36
842b0c5ffffffff-2018-08,80
842b0c5ffffffff-2018-09,58
842b0c5ffffffff-2018-10,10
842b0c5ffffffff-2018-11,1
842b0c5ffffffff-2019-05,10
842b0c5ffffffff-2019-06,2
842b0c5ffffffff-2019-07,78
842b0c5ffffffff-2019-08,90
842b0c5ffffffff-2019-09,109
842b0c5ffffffff-2019-10,10
842b0c5ffffffff-2019-11,1
842b0c5ffffffff-2020-05,4
842b0c5ffffffff-2020-07,37
842b0c5ffffffff-2020-08,85
842b0c5ffffffff-2020-09,77
842b0c5ffffffff-2020-10,16
842b0c5ffffffff-2020-11,3
842b0c5ffffffff-2021-01,1
842b0c5ffffffff-2021-05,5
842b0c5ffffffff-2021-07,51
842b0c5ffffffff-2021-08,119
842b0c5ffffffff-2021-09,30
842b0c5ffffffff-2021-10,10
842b0c5ffffffff-2021-11,1
842b0c5ffffffff-2022-05,2
842b0c5ffffffff-2022-07,87
842b0c5ffffffff-2022-08,174
842b0c5ffffffff-2022-09,120
842b0c5ffffffff-2022-10,26
842b0c5ffffffff-2022-12,6
842b0c5ffffffff-2023-01,32
842b0c5ffffffff-2023-05,2
842b0c5ffffffff-2023-07,68
842b0c5ffffffff-2023-08,128
842b0c5ffffffff-2023-09,76
842b0c5ffffffff-2023-10,14
842b0cdffffffff-2012-07,1
842b0cdffffffff-2012-08,1
842b0cdffffffff-2013-07,1
842b0cdffffffff-2013-09,2
842b0cdffffffff-2014-07,10
842b0cdffffffff-2014-08,13
842b0cdffffffff-2014-09,5
842b0cdffffffff-2014-10,3
842b0cdffffffff-2014-11,2
842b0cdffffffff-2015-04,2
842b0cdffffffff-2015-07,1
842b0cdffffffff-2015-08,3
842b0cdffffffff-2015-09,3
842b0cdffffffff-2015-10,5
842b0cdffffffff-2016-04,1
842b0cdffffffff-2016-05,1
842b0cdffffffff-2016-07,4
842b0cdffffffff-2016-08,1
842b0cdffffffff-2016-09,1
842b0cdffffffff-2016-10,1
842b0cdffffffff-2017-05,1
842b0cdffffffff-2017-07,9
842b0cdffffffff-2017-08,9
842b0cdffffffff-2017-09,1
842b0cdffffffff-2018-07,3
842b0cdffffffff-2018-08,8
842b0cdffffffff-2018-09,1
842b0cdffffffff-2018-10,7
842b0cdffffffff-2019-07,5
842b0cdffffffff-2019-08,8
842b0cdffffffff-2019-09,51
842b0cdffffffff-2019-10,1
842b0cdffffffff-2020-08,21
842b0cdffffffff-2020-09,5
842b0cdffffffff-2020-10,1
842b0cdffffffff-2020-11,3
842b0cdffffffff-2021-07,5
842b0cdffffffff-2021-08,10
842b0cdffffffff-2021-09,6
842b0cdffffffff-2021-11,2
842b0cdffffffff-2022-07,5
842b0cdffffffff-2022-08,11
842b0cdffffffff-2022-10,1
842b0cdffffffff-2023-07,8
842b0cdffffffff-2023-08,14
842b0cdffffffff-2023-09,10
842b0cdffffffff-2023-10,2
842b0cdffffffff-2023-11,1
842b0e1ffffffff-2012-07,7
842b0e1ffffffff-2012-08,4
842b0e1ffffffff-2012-09,2
842b0e1ffffffff-2013-05,1
842b0e1ffffffff-2013-07,4
842b0e1ffffffff-2013-08,10
842b0e1ffffffff-2013-09,4
842b0e1ffffffff-2013-10,2
842b0e1ffffffff-2014-05,3
842b0e1ffffffff-2014-07,11
842b0e1ffffffff-2014-08,10
842b0e1ffffffff-2014-09,10
842b0e1ffffffff-2015-07,9
842b0e1ffffffff-2015-08,9
842b0e1ffffffff-2015-09,5
842b0e1ffffffff-2016-05,2
842b0e1ffffffff-2016-07,13
842b0e1ffffffff-2016-08,18
842b0e1ffffffff-2016-09,16
842b0e1ffffffff-2016-10,2
842b0e1ffffffff-2017-07,15
842b0e1ffffffff-2017-08,18
842b0e1ffffffff-2017-09,4
842b0e1ffffffff-2017-10,1
842b0e1ffffffff-2017-11,2
842b0e1ffffffff-2018-05,1
842b0e1ffffffff-2018-07,19
842b0e1ffffffff-2018-08,21
842b0e1ffffffff-2018-09,8
842b0e1ffffffff-2019-05,2
842b0e1ffffffff-2019-07,9
842b0e1ffffffff-2019-08,19
842b0e1ffffffff-2019-09,6
842b0e1ffffffff-2020-05,2
842b0e1ffffffff-2020-07,6
842b0e1ffffffff-2020-08,36
842b0e1ffffffff-2020-09,24
842b0e1ffffffff-2020-10,7
842b0e1ffffffff-2021-04,1
842b0e1ffffffff-2021-05,12
842b0e1ffffffff-2021-07,29
842b0e1ffffffff-2021-08,32
842b0e1ffffffff-2021-09,11
842b0e1ffffffff-2021-10,4
842b0e1ffffffff-2022-07,28
842b0e1ffffffff-2022-08,26
842b0e1ffffffff-2022-09,9
842b0e1ffffffff-2023-07,14
842b0e1ffffffff-2023-08,32
842b0e1ffffffff-2023-09,24
842b0e1ffffffff-2023-10,6
842b0e3ffffffff-2012-08,2
842b0e3ffffffff-2012-09,1
842b0e3ffffffff-2013-08,1
842b0e3ffffffff-2013-10,1
842b0e3ffffffff-2014-07,3
842b0e3ffffffff-2014-08,2
842b0e3ffffffff-2014-09,3
842b0e3ffffffff-2015-08,1
842b0e3ffffffff-2016-07,5
842b0e3ffffffff-2016-08,3
842b0e3ffffffff-2016-09,4
842b0e3ffffffff-2016-10,1
842b0e3ffffffff-2017-06,1
842b0e3ffffffff-2017-07,9
842b0e3ffffffff-2017-08,1
842b0e3ffffffff-2018-07,1
842b0e3ffffffff-2018-08,3
842b0e3ffffffff-2018-09,2
842b0e3ffffffff-2018-10,1
842b0e3ffffffff-2019-07,2
842b0e3ffffffff-2019-08,7
842b0e3ffffffff-2019-09,5
842b0e3ffffffff-2019-10,2
842b0e3ffffffff-2020-07,10
842b0e3ffffffff-2020-08,20
842b0e3ffffffff-2020-09,4
842b0e3ffffffff-2021-06,1
842b0e3ffffffff-2021-07,4
842b0e3ffffffff-2021-08,12
842b0e3ffffffff-2021-09,4
842b0e3ffffffff-2022-01,1
842b0e3ffffffff-2022-06,2
842b0e3ffffffff-2022-07,9
842b0e3ffffffff-2022-08,11
842b0e3ffffffff-2022-09,1
842b0e3ffffffff-2023-05,2
842b0e3ffffffff-2023-07,7
842b0e3ffffffff-2023-08,8
842b0e3ffffffff-2023-09,6
842b0e7ffffffff-2017-07,1
842b0e7ffffffff-2019-09,1
842b0e9ffffffff-2017-07,1
842b0e9ffffffff-2018-09,6
842b0e9ffffffff-2019-08,4
842b0e9ffffffff-2019-09,1
842b0e9ffffffff-2020-05,3
842b0e9ffffffff-2020-07,1
842b0e9ffffffff-2020-08,14
842b0e9ffffffff-2020-09,17
842b0e9ffffffff-2021-07,4
842b0e9ffffffff-2021-08,9
842b0e9ffffffff-2021-09,2
842b0e9ffffffff-2022-08,4
842b0e9ffffffff-2022-09,4
842b0e9ffffffff-2023-07,4
842b0e9ffffffff-2023-08,6
842b0e9ffffffff-2023-09,1
842b0e9ffffffff-2023-10,2
842b0ebffffffff-2021-08,18
842b0edffffffff-2019-08,2
842b0edffffffff-2022-08,1
842b101ffffffff-2012-09,1
842b101ffffffff-2012-10,1
842b101ffffffff-2014-08,1
842b101ffffffff-2016-05,1
842b101ffffffff-2017-09,1
842b101ffffffff-2018-05,1
842b101ffffffff-2018-07,1
842b101ffffffff-2018-09,3
842b101ffffffff-2019-08,2
842b101ffffffff-2020-07,1
842b101ffffffff-2020-08,5
842b101ffffffff-2020-09,5
842b101ffffffff-2021-08,4
842b101ffffffff-2021-09,1
842b101ffffffff-2021-10,1
842b101ffffffff-2022-07,1
842b101ffffffff-2022-08,2
842b101ffffffff-2022-09,3
842b101ffffffff-2022-10,1
842b101ffffffff-2023-07,3
842b101ffffffff-2023-08,4
842b103ffffffff-2012-07,2
842b103ffffffff-2012-08,1
842b103ffffffff-2012-10,1
842b103ffffffff-2013-05,1
842b103ffffffff-2013-09,2
842b103ffffffff-2013-10,1
842b103ffffffff-2014-05,1
842b103ffffffff-2014-08,1
842b103ffffffff-2014-09,2
842b103ffffffff-2015-05,2
842b103ffffffff-2015-08,2
842b103ffffffff-2015-09,6
842b103ffffffff-2015-10,8
842b103ffffffff-2016-05,2
842b103ffffffff-2016-07,1
842b103ffffffff-2016-09,2
842b103ffffffff-2016-10,15
842b103ffffffff-2017-09,1
842b103ffffffff-2017-10,1
842b103ffffffff-2018-05,1
842b103ffffffff-2018-08,1
842b103ffffffff-2019-05,3
842b103ffffffff-2020-09,2
842b103ffffffff-2021-05,3
842b103ffffffff-2021-07,2
842b103ffffffff-2021-08,2
842b103ffffffff-2022-07,1
842b103ffffffff-2022-08,2
842b103ffffffff-2022-09,1
842b105ffffffff-2014-05,3
842b105ffffffff-2015-08,3
842b105ffffffff-2015-09,8
842b105ffffffff-2016-08,1
842b105ffffffff-2017-05,16
842b105ffffffff-2017-08,1
842b105ffffffff-2018-05,37
842b105ffffffff-2018-09,1
842b105ffffffff-2019-05,4
842b105ffffffff-2019-08,1
842b105ffffffff-2019-09,1
842b105ffffffff-2020-05,13
842b105ffffffff-2020-09,3
842b105ffffffff-2021-05,7
842b105ffffffff-2022-08,2
842b105ffffffff-2022-09,3
842b105ffffffff-2023-05,2
842b105ffffffff-2023-07,1
842b107ffffffff-2017-11,1
842b107ffffffff-2018-05,3
842b107ffffffff-2019-08,1
842b107ffffffff-2019-09,1
842b107ffffffff-2020-10,1
842b107ffffffff-2021-07,1
842b107ffffffff-2021-08,5
842b107ffffffff-2021-09,5
842b107ffffffff-2022-08,1
842b107ffffffff-2022-09,1
842b107ffffffff-2022-10,1
842b107ffffffff-2023-07,2
842b107ffffffff-2023-08,1
842b111ffffffff-2016-07,1
842b111ffffffff-2021-08,2
842b111ffffffff-2022-08,6
842b113ffffffff-2018-09,1
842b115ffffffff-2012-05,1
842b115ffffffff-2012-07,1
842b115ffffffff-2012-08,1
842b115ffffffff-2012-09,3
842b115ffffffff-2013-07,5
842b115ffffffff-2013-08,1
842b115ffffffff-2013-09,2
842b115ffffffff-2014-05,1
842b115ffffffff-2014-08,6
842b115ffffffff-2014-09,3
842b115ffffffff-2014-10,2
842b115ffffffff-2015-08,5
842b115ffffffff-2015-09,4
842b115ffffffff-2015-10,1
842b115ffffffff-2016-05,2
842b115ffffffff-2016-07,1
842b115ffffffff-2016-08,5
842b115ffffffff-2016-09,1
842b115ffffffff-2016-10,15
842b115ffffffff-2017-09,3
842b115ffffffff-2017-10,12
842b115ffffffff-2018-05,1
842b115ffffffff-2018-07,1
842b115ffffffff-2018-08,1
842b115ffffffff-2018-09,1
842b115ffffffff-2018-10,4
842b115ffffffff-2019-08,2
842b115ffffffff-2019-09,6
842b115ffffffff-2019-10,1
842b115ffffffff-2020-05,1
842b115ffffffff-2020-07,2
842b115ffffffff-2020-08,2
842b115ffffffff-2020-09,5
842b115ffffffff-2020-10,3
842b115ffffffff-2021-07,5
842b115ffffffff-2021-08,2
842b115ffffffff-2021-09,1
842b115ffffffff-2022-07,3
842b115ffffffff-2022-08,11
842b115ffffffff-2022-09,6
842b115ffffffff-2022-10,9
842b115ffffffff-2023-05,1
842b115ffffffff-2023-07,3
842b115ffffffff-2023-08,3
842b115ffffffff-2023-09,6
842b115ffffffff-2023-10,10
842b117ffffffff-2013-09,1
842b117ffffffff-2014-09,2
842b117ffffffff-2015-09,1
842b117ffffffff-2017-08,2
842b117ffffffff-2017-10,1
842b117ffffffff-2018-05,1
842b117ffffffff-2018-10,1
842b117ffffffff-2020-05,2
842b117ffffffff-2023-10,1
842b121ffffffff-2012-08,2
842b121ffffffff-2012-09,1
842b121ffffffff-2012-10,2
842b121ffffffff-2013-08,6
842b121ffffffff-2013-09,14
842b121ffffffff-2013-10,1
842b121ffffffff-2014-05,17
842b121ffffffff-2014-07,6
842b121ffffffff-2014-08,45
842b121ffffffff-2014-09,10
842b121ffffffff-2015-05,11
842b121ffffffff-2015-07,11
842b121ffffffff-2015-08,52
842b121ffffffff-2015-09,27
842b121ffffffff-2015-10,1
842b121ffffffff-2016-05,6
842b121ffffffff-2016-07,3
842b121ffffffff-2016-08,54
842b121ffffffff-2016-09,43
842b121ffffffff-2016-10,2
842b121ffffffff-2017-04,2
842b121ffffffff-2017-05,11
842b121ffffffff-2017-07,3
842b121ffffffff-2017-08,53
842b121ffffffff-2017-09,40
842b121ffffffff-2017-10,3
842b121ffffffff-2018-05,31
842b121ffffffff-2018-07,5
842b121ffffffff-2018-08,52
842b121ffffffff-2018-09,27
842b121ffffffff-2018-10,3
842b121ffffffff-2019-04,2
842b121ffffffff-2019-05,29
842b121ffffffff-2019-07,7
842b121ffffffff-2019-08,83
842b121ffffffff-2019-09,41
842b121ffffffff-2019-10,20
842b121ffffffff-2019-11,3
842b121ffffffff-2020-05,28
842b121ffffffff-2020-06,1
842b121ffffffff-2020-07,10
842b121ffffffff-2020-08,91
842b121ffffffff-2020-09,142
842b121ffffffff-2020-10,18
842b121ffffffff-2021-05,30
842b121ffffffff-2021-07,11
842b121ffffffff-2021-08,77
842b121ffffffff-2021-09,105
842b121ffffffff-2021-10,10
842b121ffffffff-2022-05,21
842b121ffffffff-2022-07,8
842b121ffffffff-2022-08,75
842b121ffffffff-2022-09,139
842b121ffffffff-2022-10,39
842b121ffffffff-2022-11,2
842b121ffffffff-2023-05,10
842b121ffffffff-2023-07,7
842b121ffffffff-2023-08,118
842b121ffffffff-2023-09,178
842b121ffffffff-2023-10,33
842b121ffffffff-2023-11,2
842b123ffffffff-2023-05,1
842b125ffffffff-2013-08,1
842b125ffffffff-2014-08,5
842b125ffffffff-2014-09,2
842b125ffffffff-2015-08,5
842b125ffffffff-2015-10,1
842b125ffffffff-2016-08,10
842b125ffffffff-2016-09,5
842b125ffffffff-2017-05,1
842b125ffffffff-2017-08,2
842b125ffffffff-2018-05,4
842b125ffffffff-2018-07,2
842b125ffffffff-2018-08,2
842b125ffffffff-2018-09,7
842b125ffffffff-2018-10,1
842b125ffffffff-2019-05,4
842b125ffffffff-2019-06,1
842b125ffffffff-2019-08,4
842b125ffffffff-2019-09,3
842b125ffffffff-2020-05,3
842b125ffffffff-2020-08,13
842b125ffffffff-2020-09,27
842b125ffffffff-2021-05,6
842b125ffffffff-2021-06,1
842b125ffffffff-2021-07,1
842b125ffffffff-2021-08,11
842b125ffffffff-2021-09,4
842b125ffffffff-2021-10,2
842b125ffffffff-2022-05,6
842b125ffffffff-2022-07,5
842b125ffffffff-2022-08,21
842b125ffffffff-2022-09,7
842b125ffffffff-2022-10,1
842b125ffffffff-2023-05,2
842b125ffffffff-2023-07,2
842b125ffffffff-2023-08,22
842b125ffffffff-2023-09,9
842b125ffffffff-2023-10,9
842b127ffffffff-2012-05,1
842b127ffffffff-2012-08,3
842b127ffffffff-2013-05,4
842b127ffffffff-2013-08,3
842b127ffffffff-2013-09,2
842b127ffffffff-2014-05,2
842b127ffffffff-2014-07,1
842b127ffffffff-2014-08,6
842b127ffffffff-2015-05,2
842b127ffffffff-2015-07,4
842b127ffffffff-2015-08,7
842b127ffffffff-2016-05,2
842b127ffffffff-2016-07,1
842b127ffffffff-2016-08,26
842b127ffffffff-2016-09,1
842b127ffffffff-2016-10,1
842b127ffffffff-2017-05,2
842b127ffffffff-2017-07,7
842b127ffffffff-2017-08,9
842b127ffffffff-2017-09,1
842b127ffffffff-2018-05,19
842b127ffffffff-2018-07,4
842b127ffffffff-2018-08,4
842b127ffffffff-2018-09,5
842b127ffffffff-2018-10,2
842b127ffffffff-2019-05,2
842b127ffffffff-2019-08,6
842b127ffffffff-2019-09,5
842b127ffffffff-2020-05,1
842b127ffffffff-2020-07,2
842b127ffffffff-2020-08,13
842b127ffffffff-2020-09,12
842b127ffffffff-2021-04,1
842b127ffffffff-2021-05,14
842b127ffffffff-2021-07,5
842b127ffffffff-2021-08,21
842b127ffffffff-2021-09,10
842b127ffffffff-2021-10,1
842b127ffffffff-2022-05,12
842b127ffffffff-2022-07,2
842b127ffffffff-2022-08,17
842b127ffffffff-2022-09,11
842b127ffffffff-2023-05,3
842b127ffffffff-2023-07,3
842b127ffffffff-2023-08,30
842b127ffffffff-2023-09,51
842b127ffffffff-2023-10,19
842b129ffffffff-2013-07,1
842b129ffffffff-2013-09,1
842b129ffffffff-2014-05,2
842b129ffffffff-2015-05,6
842b129ffffffff-2015-08,2
842b129ffffffff-2015-09,1
842b129ffffffff-2016-05,1
842b129ffffffff-2016-09,4
842b129ffffffff-2016-10,1
842b129ffffffff-2017-05,6
842b129ffffffff-2018-05,16
842b129ffffffff-2018-07,1
842b129ffffffff-2018-08,1
842b129ffffffff-2018-09,2
842b129ffffffff-2019-05,12
842b129ffffffff-2019-07,4
842b129ffffffff-2019-08,5
842b129ffffffff-2020-05,5
842b129ffffffff-2020-08,2
842b129ffffffff-2020-09,2
842b129ffffffff-2021-05,4
842b129ffffffff-2021-08,2
842b129ffffffff-2021-09,1
842b129ffffffff-2022-05,2
842b129ffffffff-2022-08,4
842b129ffffffff-2022-10,2
842b129ffffffff-2023-08,22
842b129ffffffff-2023-09,1
842b12bffffffff-2017-05,2
842b12bffffffff-2018-05,1
842b12bffffffff-2021-05,1
842b12dffffffff-2014-05,2
842b12dffffffff-2016-08,1
842b12dffffffff-2017-07,1
842b12dffffffff-2017-09,2
842b12dffffffff-2018-05,1
842b12dffffffff-2018-08,3
842b12dffffffff-2019-07,1
842b12dffffffff-2020-08,1
842b12dffffffff-2020-09,3
842b12dffffffff-2021-05,1
842b12dffffffff-2021-07,1
842b12dffffffff-2021-08,2
842b12dffffffff-2022-08,3
842b12dffffffff-2022-09,5
842b12dffffffff-2023-08,11
842b12dffffffff-2023-09,6
842b12dffffffff-2023-10,1
842b133ffffffff-2021-08,1
842b133ffffffff-2022-06,1
842b137ffffffff-2015-09,2
842b137ffffffff-2018-05,1
842b137ffffffff-2022-05,1
842b139ffffffff-2018-07,1
842b139ffffffff-2020-05,1
842b143ffffffff-2015-05,1
842b143ffffffff-2017-09,2
842b143ffffffff-2018-07,1
842b143ffffffff-2018-08,1
842b143ffffffff-2018-09,1
842b143ffffffff-2019-08,1
842b143ffffffff-2019-09,1
842b143ffffffff-2020-05,1
842b143ffffffff-2020-09,1
842b143ffffffff-2021-05,1
842b143ffffffff-2021-09,1
842b143ffffffff-2022-07,1
842b143ffffffff-2023-05,1
842b143ffffffff-2023-08,2
842b145ffffffff-2013-05,1
842b145ffffffff-2015-09,2
842b145ffffffff-2016-07,1
842b145ffffffff-2016-08,2
842b145ffffffff-2017-05,1
842b145ffffffff-2018-05,1
842b145ffffffff-2018-07,1
842b145ffffffff-2018-10,2
842b145ffffffff-2019-05,1
842b145ffffffff-2019-07,1
842b145ffffffff-2020-08,1
842b145ffffffff-2020-09,2
842b145ffffffff-2021-05,1
842b145ffffffff-2021-07,3
842b145ffffffff-2021-08,2
842b145ffffffff-2021-09,2
842b145ffffffff-2022-08,2
842b145ffffffff-2022-09,1
842b145ffffffff-2023-05,3
842b145ffffffff-2023-07,2
842b145ffffffff-2023-08,1
842b145ffffffff-2023-09,6
842b14bffffffff-2014-08,2
842b14bffffffff-2015-07,2
842b14bffffffff-2015-08,2
842b14bffffffff-2016-09,1
842b14bffffffff-2017-07,1
842b14bffffffff-2017-08,2
842b14bffffffff-2017-09,1
842b14bffffffff-2017-10,2
842b14bffffffff-2018-05,1
842b14bffffffff-2018-08,2
842b14bffffffff-2018-09,1
842b14bffffffff-2019-07,1
842b14bffffffff-2019-08,2
842b14bffffffff-2020-07,1
842b14bffffffff-2021-07,1
842b14bffffffff-2021-08,1
842b14bffffffff-2021-10,1
842b14bffffffff-2022-05,1
842b14bffffffff-2022-07,1
842b14bffffffff-2022-08,2
842b14bffffffff-2022-09,1
842b14bffffffff-2023-05,1
842b14bffffffff-2023-08,7
842b14bffffffff-2023-09,6
842b14bffffffff-2023-10,1
842b14dffffffff-2014-05,1
842b14dffffffff-2014-08,2
842b14dffffffff-2014-09,1
842b14dffffffff-2015-05,5
842b14dffffffff-2015-07,1
842b14dffffffff-2015-08,4
842b14dffffffff-2016-05,3
842b14dffffffff-2017-05,1
842b14dffffffff-2017-09,1
842b14dffffffff-2018-08,3
842b14dffffffff-2020-05,1
842b14dffffffff-2020-07,2
842b14dffffffff-2020-08,2
842b14dffffffff-2020-09,5
842b14dffffffff-2021-08,8
842b14dffffffff-2021-09,21
842b14dffffffff-2021-10,3
842b14dffffffff-2022-05,5
842b14dffffffff-2022-07,9
842b14dffffffff-2022-08,17
842b14dffffffff-2022-09,18
842b14dffffffff-2022-10,15
842b14dffffffff-2023-05,19
842b14dffffffff-2023-07,9
842b14dffffffff-2023-08,38
842b14dffffffff-2023-09,22
842b14dffffffff-2023-10,5
842b159ffffffff-2012-07,1
842b159ffffffff-2016-05,1
842b159ffffffff-2016-07,1
842b159ffffffff-2016-08,7
842b159ffffffff-2017-07,3
842b159ffffffff-2017-08,2
842b159ffffffff-2017-09,1
842b159ffffffff-2018-05,1
842b159ffffffff-2018-06,1
842b159ffffffff-2018-07,5
842b159ffffffff-2018-08,3
842b159ffffffff-2018-10,1
842b159ffffffff-2019-05,1
842b159ffffffff-2019-06,3
842b159ffffffff-2019-08,6
842b159ffffffff-2019-09,2
842b159ffffffff-2019-10,2
842b159ffffffff-2020-05,1
842b159ffffffff-2020-07,7
842b159ffffffff-2020-08,3
842b159ffffffff-2021-05,2
842b159ffffffff-2021-07,1
842b159ffffffff-2021-08,10
842b159ffffffff-2021-09,3
842b159ffffffff-2021-10,2
842b159ffffffff-2022-07,9
842b159ffffffff-2022-08,10
842b159ffffffff-2023-07,12
842b159ffffffff-2023-08,12
842b159ffffffff-2023-09,2
842b15dffffffff-2023-07,1
842b15dffffffff-2023-09,1
842b161ffffffff-2012-05,5
842b161ffffffff-2012-08,5
842b161ffffffff-2012-09,2
842b161ffffffff-2013-05,6
842b161ffffffff-2013-07,3
842b161ffffffff-2013-08,7
842b161ffffffff-2013-09,3
842b161ffffffff-2013-10,1
842b161ffffffff-2014-05,26
842b161ffffffff-2014-07,3
842b161ffffffff-2014-08,16
842b161ffffffff-2014-09,16
842b161ffffffff-2014-10,11
842b161ffffffff-2015-05,26
842b161ffffffff-2015-07,16
842b161ffffffff-2015-08,71
842b161ffffffff-2015-09,22
842b161ffffffff-2015-10,9
842b161ffffffff-2016-05,25
842b161ffffffff-2016-07,5
842b161ffffffff-2016-08,57
842b161ffffffff-2016-09,17
842b161ffffffff-2016-10,1
842b161ffffffff-2017-04,14
842b161ffffffff-2017-05,26
842b161ffffffff-2017-06,1
842b161ffffffff-2017-07,1
842b161ffffffff-2017-08,27
842b161ffffffff-2017-09,12
842b161ffffffff-2017-10,1
842b161ffffffff-2018-05,92
842b161ffffffff-2018-06,2
842b161ffffffff-2018-07,2
842b161ffffffff-2018-08,22
842b161ffffffff-2018-09,47
842b161ffffffff-2018-10,35
842b161ffffffff-2019-05,29
842b161ffffffff-2019-07,5
842b161ffffffff-2019-08,71
842b161ffffffff-2019-09,43
842b161ffffffff-2019-10,14
842b161ffffffff-2020-05,57
842b161ffffffff-2020-07,9
842b161ffffffff-2020-08,92
842b161ffffffff-2020-09,65
842b161ffffffff-2020-10,9
842b161ffffffff-2021-05,34
842b161ffffffff-2021-07,5
842b161ffffffff-2021-08,76
842b161ffffffff-2021-09,73
842b161ffffffff-2021-10,5
842b161ffffffff-2022-05,42
842b161ffffffff-2022-06,2
842b161ffffffff-2022-07,11
842b161ffffffff-2022-08,41
842b161ffffffff-2022-09,27
842b161ffffffff-2022-10,13
842b161ffffffff-2023-05,50
842b161ffffffff-2023-06,1
842b161ffffffff-2023-07,7
842b161ffffffff-2023-08,84
842b161ffffffff-2023-09,39
842b161ffffffff-2023-10,17
842b163ffffffff-2014-05,1
842b163ffffffff-2017-05,3
842b163ffffffff-2018-05,1
842b163ffffffff-2019-05,2
842b163ffffffff-2020-05,4
842b163ffffffff-2022-05,2
842b163ffffffff-2023-05,1
842b165ffffffff-2012-09,1
842b165ffffffff-2013-05,2
842b165ffffffff-2013-08,5
842b165ffffffff-2013-09,2
842b165ffffffff-2014-05,5
842b165ffffffff-2014-07,1
842b165ffffffff-2014-08,5
842b165ffffffff-2014-09,1
842b165ffffffff-2015-05,8
842b165ffffffff-2015-08,4
842b165ffffffff-2015-09,4
842b165ffffffff-2016-05,19
842b165ffffffff-2016-08,21
842b165ffffffff-2016-09,29
842b165ffffffff-2016-10,1
842b165ffffffff-2017-05,6
842b165ffffffff-2017-08,36
842b165ffffffff-2017-09,1
842b165ffffffff-2018-05,35
842b165ffffffff-2018-06,6
842b165ffffffff-2018-08,12
842b165ffffffff-2018-09,55
842b165ffffffff-2019-05,17
842b165ffffffff-2019-08,18
842b165ffffffff-2019-09,28
842b165ffffffff-2020-05,13
842b165ffffffff-2020-07,6
842b165ffffffff-2020-08,47
842b165ffffffff-2020-09,83
842b165ffffffff-2020-10,6
842b165ffffffff-2021-05,25
842b165ffffffff-2021-07,2
842b165ffffffff-2021-08,44
842b165ffffffff-2021-09,37
842b165ffffffff-2022-05,32
842b165ffffffff-2022-07,2
842b165ffffffff-2022-08,64
842b165ffffffff-2022-09,46
842b165ffffffff-2022-10,9
842b165ffffffff-2023-05,50
842b165ffffffff-2023-07,2
842b165ffffffff-2023-08,49
842b165ffffffff-2023-09,57
842b165ffffffff-2023-10,2
842b167ffffffff-2012-05,1
842b167ffffffff-2012-09,7
842b167ffffffff-2013-05,11
842b167ffffffff-2013-08,20
842b167ffffffff-2013-09,4
842b167ffffffff-2013-10,2
842b167ffffffff-2014-05,13
842b167ffffffff-2014-07,11
842b167ffffffff-2014-08,65
842b167ffffffff-2014-09,7
842b167ffffffff-2014-10,5
842b167ffffffff-2015-05,28
842b167ffffffff-2015-06,2
842b167ffffffff-2015-07,14
842b167ffffffff-2015-08,96
842b167ffffffff-2015-09,40
842b167ffffffff-2015-10,8
842b167ffffffff-2016-04,1
842b167ffffffff-2016-05,18
842b167ffffffff-2016-07,54
842b167ffffffff-2016-08,264
842b167ffffffff-2016-09,74
842b167ffffffff-2016-10,18
842b167ffffffff-2016-11,1
842b167ffffffff-2017-05,42
842b167ffffffff-2017-06,1
842b167ffffffff-2017-07,50
842b167ffffffff-2017-08,119
842b167ffffffff-2017-09,25
842b167ffffffff-2017-10,15
842b167ffffffff-2018-05,189
842b167ffffffff-2018-06,6
842b167ffffffff-2018-07,16
842b167ffffffff-2018-08,145
842b167ffffffff-2018-09,103
842b167ffffffff-2018-10,26
842b167ffffffff-2018-11,1
842b167ffffffff-2019-05,84
842b167ffffffff-2019-06,4
842b167ffffffff-2019-07,43
842b167ffffffff-2019-08,229
842b167ffffffff-2019-09,66
842b167ffffffff-2019-10,67
842b167ffffffff-2020-04,1
842b167ffffffff-2020-05,150
842b167ffffffff-2020-06,2
842b167ffffffff-2020-07,24
842b167ffffffff-2020-08,185
842b167ffffffff-2020-09,165
842b167ffffffff-2020-10,26
842b167ffffffff-2021-04,1
842b167ffffffff-2021-05,83
842b167ffffffff-2021-06,3
842b167ffffffff-2021-07,24
842b167ffffffff-2021-08,225
842b167ffffffff-2021-09,170
842b167ffffffff-2021-10,21
842b167ffffffff-2022-05,124
842b167ffffffff-2022-06,5
842b167ffffffff-2022-07,71
842b167ffffffff-2022-08,255
842b167ffffffff-2022-09,180
842b167ffffffff-2022-10,35
842b167ffffffff-2023-04,1
842b167ffffffff-2023-05,137
842b167ffffffff-2023-06,4
842b167ffffffff-2023-07,101
842b167ffffffff-2023-08,456
842b167ffffffff-2023-09,384
842b167ffffffff-2023-10,96
842b169ffffffff-2012-05,1
842b169ffffffff-2012-07,2
842b169ffffffff-2012-08,2
842b169ffffffff-2012-10,3
842b169ffffffff-2013-05,3
842b169ffffffff-2013-08,8
842b169ffffffff-2014-05,47
842b169ffffffff-2014-07,5
842b169ffffffff-2014-08,25
842b169ffffffff-2014-09,10
842b169ffffffff-2014-10,2
842b169ffffffff-2015-05,59
842b169ffffffff-2015-06,1
842b169ffffffff-2015-07,11
842b169ffffffff-2015-08,98
842b169ffffffff-2015-09,30
842b169ffffffff-2015-10,8
842b169ffffffff-2016-04,1
842b169ffffffff-2016-05,61
842b169ffffffff-2016-07,31
842b169ffffffff-2016-08,49
842b169ffffffff-2016-09,35
842b169ffffffff-2016-10,14
842b169ffffffff-2017-05,44
842b169ffffffff-2017-07,38
842b169ffffffff-2017-08,29
842b169ffffffff-2017-09,20
842b169ffffffff-2018-05,112
842b169ffffffff-2018-06,2
842b169ffffffff-2018-07,22
842b169ffffffff-2018-08,92
842b169ffffffff-2018-09,31
842b169ffffffff-2018-10,8
842b169ffffffff-2019-04,9
842b169ffffffff-2019-05,103
842b169ffffffff-2019-06,6
842b169ffffffff-2019-07,29
842b169ffffffff-2019-08,53
842b169ffffffff-2019-09,16
842b169ffffffff-2020-05,116
842b169ffffffff-2020-06,2
842b169ffffffff-2020-07,14
842b169ffffffff-2020-08,101
842b169ffffffff-2020-09,198
842b169ffffffff-2020-10,4
842b169ffffffff-2021-05,67
842b169ffffffff-2021-06,4
842b169ffffffff-2021-07,6
842b169ffffffff-2021-08,86
842b169ffffffff-2021-09,82
842b169ffffffff-2021-10,18
842b169ffffffff-2022-05,95
842b169ffffffff-2022-06,2
842b169ffffffff-2022-07,17
842b169ffffffff-2022-08,142
842b169ffffffff-2022-09,57
842b169ffffffff-2022-10,13
842b169ffffffff-2023-04,8
842b169ffffffff-2023-05,136
842b169ffffffff-2023-06,1
842b169ffffffff-2023-07,84
842b169ffffffff-2023-08,323
842b169ffffffff-2023-09,237
842b169ffffffff-2023-10,67
842b16bffffffff-2016-05,2
842b16bffffffff-2017-05,4
842b16bffffffff-2017-09,2
842b16bffffffff-2018-05,7
842b16bffffffff-2018-08,1
842b16bffffffff-2019-05,1
842b16bffffffff-2020-05,3
842b16bffffffff-2020-08,7
842b16bffffffff-2020-09,6
842b16bffffffff-2020-10,1
842b16bffffffff-2021-05,3
842b16bffffffff-2021-08,8
842b16bffffffff-2021-09,27
842b16bffffffff-2022-05,5
842b16bffffffff-2022-08,1
842b16bffffffff-2023-05,1
842b16dffffffff-2012-09,1
842b16dffffffff-2013-08,2
842b16dffffffff-2013-09,2
842b16dffffffff-2014-07,2
842b16dffffffff-2014-08,9
842b16dffffffff-2014-10,1
842b16dffffffff-2015-05,3
842b16dffffffff-2015-08,8
842b16dffffffff-2015-09,5
842b16dffffffff-2016-05,1
842b16dffffffff-2016-07,2
842b16dffffffff-2016-08,19
842b16dffffffff-2016-09,9
842b16dffffffff-2017-08,13
842b16dffffffff-2017-09,17
842b16dffffffff-2018-05,6
842b16dffffffff-2018-08,7
842b16dffffffff-2018-09,23
842b16dffffffff-2018-10,1
842b16dffffffff-2019-05,4
842b16dffffffff-2019-08,2
842b16dffffffff-2019-09,9
842b16dffffffff-2020-05,1
842b16dffffffff-2020-07,2
842b16dffffffff-2020-08,6
842b16dffffffff-2020-09,15
842b16dffffffff-2021-08,5
842b16dffffffff-2021-09,6
842b16dffffffff-2021-10,1
842b16dffffffff-2022-05,7
842b16dffffffff-2022-07,1
842b16dffffffff-2022-08,16
842b16dffffffff-2022-09,9
842b16dffffffff-2023-05,4
842b16dffffffff-2023-07,3
842b16dffffffff-2023-08,22
842b16dffffffff-2023-09,5
842b181ffffffff-2012-06,1
842b181ffffffff-2012-07,1
842b181ffffffff-2012-08,4
842b181ffffffff-2013-08,12
842b181ffffffff-2013-09,2
842b181ffffffff-2013-10,1
842b181ffffffff-2014-05,1
842b181ffffffff-2014-07,5
842b181ffffffff-2014-08,8
842b181ffffffff-2014-09,3
842b181ffffffff-2015-07,4
842b181ffffffff-2015-08,9
842b181ffffffff-2015-09,1
842b181ffffffff-2016-05,2
842b181ffffffff-2016-07,6
842b181ffffffff-2016-08,10
842b181ffffffff-2016-09,2
842b181ffffffff-2016-10,3
842b181ffffffff-2017-05,1
842b181ffffffff-2017-07,5
842b181ffffffff-2017-08,14
842b181ffffffff-2017-09,7
842b181ffffffff-2018-05,3
842b181ffffffff-2018-07,4
842b181ffffffff-2018-08,42
842b181ffffffff-2018-09,9
842b181ffffffff-2018-10,3
842b181ffffffff-2019-05,4
842b181ffffffff-2019-08,22
842b181ffffffff-2019-09,2
842b181ffffffff-2019-10,2
842b181ffffffff-2020-07,5
842b181ffffffff-2020-08,36
842b181ffffffff-2020-09,10
842b181ffffffff-2021-07,3
842b181ffffffff-2021-08,29
842b181ffffffff-2021-09,10
842b181ffffffff-2022-07,43
842b181ffffffff-2022-08,35
842b181ffffffff-2022-09,2
842b181ffffffff-2022-10,1
842b181ffffffff-2023-05,1
842b181ffffffff-2023-07,2
842b181ffffffff-2023-08,20
842b181ffffffff-2023-09,5
842b185ffffffff-2012-08,1
842b185ffffffff-2013-08,2
842b185ffffffff-2015-08,1
842b185ffffffff-2015-09,1
842b185ffffffff-2017-07,3
842b185ffffffff-2017-08,3
842b185ffffffff-2017-09,3
842b185ffffffff-2018-07,1
842b185ffffffff-2018-08,6
842b185ffffffff-2018-09,2
842b185ffffffff-2019-08,3
842b185ffffffff-2020-05,4
842b185ffffffff-2021-07,1
842b185ffffffff-2021-08,4
842b185ffffffff-2022-07,1
842b185ffffffff-2022-08,1
842b185ffffffff-2023-05,2
842b185ffffffff-2023-09,1
842b187ffffffff-2012-06,1
842b187ffffffff-2012-08,3
842b187ffffffff-2012-10,1
842b187ffffffff-2013-04,1
842b187ffffffff-2013-07,2
842b187ffffffff-2013-08,10
842b187ffffffff-2013-09,4
842b187ffffffff-2013-10,1
842b187ffffffff-2014-07,1
842b187ffffffff-2014-08,14
842b187ffffffff-2014-09,9
842b187ffffffff-2015-05,2
842b187ffffffff-2015-07,3
842b187ffffffff-2015-08,7
842b187ffffffff-2015-09,2
842b187ffffffff-2016-06,1
842b187ffffffff-2016-07,4
842b187ffffffff-2016-08,10
842b187ffffffff-2016-09,4
842b187ffffffff-2016-10,2
842b187ffffffff-2017-05,4
842b187ffffffff-2017-07,7
842b187ffffffff-2017-08,13
842b187ffffffff-2017-09,3
842b187ffffffff-2018-05,1
842b187ffffffff-2018-07,5
842b187ffffffff-2018-08,16
842b187ffffffff-2018-09,11
842b187ffffffff-2018-10,5
842b187ffffffff-2019-05,6
842b187ffffffff-2019-07,6
842b187ffffffff-2019-08,23
842b187ffffffff-2019-09,9
842b187ffffffff-2020-05,5
842b187ffffffff-2020-07,4
842b187ffffffff-2020-08,8
842b187ffffffff-2020-09,21
842b187ffffffff-2020-10,3
842b187ffffffff-2021-05,2
842b187ffffffff-2021-07,17
842b187ffffffff-2021-08,20
842b187ffffffff-2021-09,9
842b187ffffffff-2021-10,2
842b187ffffffff-2022-04,1
842b187ffffffff-2022-05,1
842b187ffffffff-2022-06,1
842b187ffffffff-2022-07,11
842b187ffffffff-2022-08,57
842b187ffffffff-2022-09,14
842b187ffffffff-2022-10,4
842b187ffffffff-2023-05,1
842b187ffffffff-2023-06,1
842b187ffffffff-2023-07,41
842b187ffffffff-2023-08,25
842b187ffffffff-2023-09,10
842b187ffffffff-2023-10,4
842b189ffffffff-2012-08,2
842b189ffffffff-2012-09,1
842b189ffffffff-2013-07,3
842b189ffffffff-2013-08,26
842b189ffffffff-2013-09,3
842b189ffffffff-2013-10,2
842b189ffffffff-2014-04,2
842b189ffffffff-2014-05,7
842b189ffffffff-2014-07,1
842b189ffffffff-2014-08,4
842b189ffffffff-2014-09,5
842b189ffffffff-2015-04,3
842b189ffffffff-2015-05,4
842b189ffffffff-2015-08,5
842b189ffffffff-2015-09,2
842b189ffffffff-2016-05,2
842b189ffffffff-2016-07,3
842b189ffffffff-2016-08,12
842b189ffffffff-2016-09,9
842b189ffffffff-2017-05,1
842b189ffffffff-2017-07,1
842b189ffffffff-2017-08,13
842b189ffffffff-2017-10,2
842b189ffffffff-2017-11,1
842b189ffffffff-2018-05,5
842b189ffffffff-2018-07,2
842b189ffffffff-2018-08,18
842b189ffffffff-2018-09,1
842b189ffffffff-2018-10,1
842b189ffffffff-2019-05,2
842b189ffffffff-2019-07,2
842b189ffffffff-2019-08,51
842b189ffffffff-2019-09,5
842b189ffffffff-2020-08,10
842b189ffffffff-2020-09,4
842b189ffffffff-2020-10,2
842b189ffffffff-2021-07,1
842b189ffffffff-2021-08,25
842b189ffffffff-2021-09,12
842b189ffffffff-2021-10,8
842b189ffffffff-2022-05,1
842b189ffffffff-2022-07,2
842b189ffffffff-2022-08,37
842b189ffffffff-2022-09,3
842b189ffffffff-2023-05,3
842b189ffffffff-2023-07,3
842b189ffffffff-2023-08,31
842b189ffffffff-2023-09,7
842b189ffffffff-2023-10,2
842b18bffffffff-2012-07,1
842b18bffffffff-2016-07,1
842b18bffffffff-2016-08,4
842b18bffffffff-2017-07,1
842b18bffffffff-2018-07,11
842b18bffffffff-2019-07,1
842b18bffffffff-2022-09,1
842b18bffffffff-2023-08,16
842b18dffffffff-2014-05,1
842b18dffffffff-2015-05,1
842b18dffffffff-2016-05,2
842b18dffffffff-2017-06,1
842b199ffffffff-2013-08,1
842b199ffffffff-2014-07,1
842b199ffffffff-2014-09,1
842b199ffffffff-2015-06,2
842b199ffffffff-2015-08,1
842b199ffffffff-2015-09,1
842b199ffffffff-2016-07,1
842b199ffffffff-2016-08,3
842b199ffffffff-2016-09,3
842b199ffffffff-2017-07,1
842b199ffffffff-2017-08,6
842b199ffffffff-2017-09,1
842b199ffffffff-2018-07,2
842b199ffffffff-2018-08,24
842b199ffffffff-2018-09,3
842b199ffffffff-2018-10,4
842b199ffffffff-2019-07,2
842b199ffffffff-2019-08,1
842b199ffffffff-2019-09,7
842b199ffffffff-2019-10,1
842b199ffffffff-2019-11,1
842b199ffffffff-2020-05,2
842b199ffffffff-2020-07,5
842b199ffffffff-2020-08,38
842b199ffffffff-2020-09,18
842b199ffffffff-2020-10,3
842b199ffffffff-2020-11,2
842b199ffffffff-2021-05,5
842b199ffffffff-2021-07,1
842b199ffffffff-2021-08,13
842b199ffffffff-2021-09,2
842b199ffffffff-2021-10,2
842b199ffffffff-2022-04,1
842b199ffffffff-2022-07,6
842b199ffffffff-2022-08,18
842b199ffffffff-2022-09,5
842b199ffffffff-2022-10,11
842b199ffffffff-2023-05,1
842b199ffffffff-2023-07,7
842b199ffffffff-2023-08,12
842b199ffffffff-2023-09,9
842b199ffffffff-2023-10,1
842b1a1ffffffff-2012-05,4
842b1a1ffffffff-2012-09,1
842b1a1ffffffff-2013-10,1
842b1a1ffffffff-2014-05,2
842b1a1ffffffff-2015-05,4
842b1a1ffffffff-2015-08,1
842b1a1ffffffff-2015-09,1
842b1a1ffffffff-2015-10,2
842b1a1ffffffff-2016-07,2
842b1a1ffffffff-2016-09,1
842b1a1ffffffff-2017-05,2
842b1a1ffffffff-2017-07,1
842b1a1ffffffff-2017-08,11
842b1a1ffffffff-2017-09,3
842b1a1ffffffff-2017-10,7
842b1a1ffffffff-2018-05,1
842b1a1ffffffff-2018-07,4
842b1a1ffffffff-2018-08,4
842b1a1ffffffff-2018-09,3
842b1a1ffffffff-2019-05,5
842b1a1ffffffff-2019-08,6
842b1a1ffffffff-2020-06,1
842b1a1ffffffff-2020-07,1
842b1a1ffffffff-2020-08,2
842b1a1ffffffff-2020-09,4
842b1a1ffffffff-2021-05,2
842b1a1ffffffff-2021-07,4
842b1a1ffffffff-2021-08,3
842b1a1ffffffff-2021-09,3
842b1a1ffffffff-2022-07,2
842b1a1ffffffff-2022-08,10
842b1a1ffffffff-2022-09,12
842b1a1ffffffff-2022-10,7
842b1a1ffffffff-2023-05,2
842b1a1ffffffff-2023-07,8
842b1a1ffffffff-2023-08,11
842b1a1ffffffff-2023-09,1
842b1a1ffffffff-2023-10,5
842b1a1ffffffff-2023-11,1
842b1a3ffffffff-2012-04,2
842b1a3ffffffff-2012-05,1
842b1a3ffffffff-2012-06,6
842b1a3ffffffff-2012-07,4
842b1a3ffffffff-2012-08,3
842b1a3ffffffff-2012-09,27
842b1a3ffffffff-2013-05,1
842b1a3ffffffff-2013-07,10
842b1a3ffffffff-2013-08,17
842b1a3ffffffff-2013-09,9
842b1a3ffffffff-2013-10,11
842b1a3ffffffff-2014-05,2
842b1a3ffffffff-2014-07,11
842b1a3ffffffff-2014-08,6
842b1a3ffffffff-2014-09,14
842b1a3ffffffff-2014-10,6
842b1a3ffffffff-2015-05,4
842b1a3ffffffff-2015-07,2
842b1a3ffffffff-2015-08,11
842b1a3ffffffff-2015-09,9
842b1a3ffffffff-2015-10,3
842b1a3ffffffff-2016-05,20
842b1a3ffffffff-2016-07,6
842b1a3ffffffff-2016-08,14
842b1a3ffffffff-2016-09,15
842b1a3ffffffff-2016-10,2
842b1a3ffffffff-2017-04,1
842b1a3ffffffff-2017-05,4
842b1a3ffffffff-2017-07,9
842b1a3ffffffff-2017-08,59
842b1a3ffffffff-2017-09,10
842b1a3ffffffff-2018-05,24
842b1a3ffffffff-2018-07,17
842b1a3ffffffff-2018-08,34
842b1a3ffffffff-2018-09,25
842b1a3ffffffff-2018-10,5
842b1a3ffffffff-2019-05,8
842b1a3ffffffff-2019-07,24
842b1a3ffffffff-2019-08,36
842b1a3ffffffff-2019-09,28
842b1a3ffffffff-2019-10,11
842b1a3ffffffff-2019-11,1
842b1a3ffffffff-2020-04,1
842b1a3ffffffff-2020-05,12
842b1a3ffffffff-2020-07,22
842b1a3ffffffff-2020-08,77
842b1a3ffffffff-2020-09,70
842b1a3ffffffff-2020-10,16
842b1a3ffffffff-2021-04,20
842b1a3ffffffff-2021-05,76
842b1a3ffffffff-2021-06,7
842b1a3ffffffff-2021-07,47
842b1a3ffffffff-2021-08,154
842b1a3ffffffff-2021-09,67
842b1a3ffffffff-2021-10,18
842b1a3ffffffff-2022-04,5
842b1a3ffffffff-2022-05,41
842b1a3ffffffff-2022-06,20
842b1a3ffffffff-2022-07,75
842b1a3ffffffff-2022-08,170
842b1a3ffffffff-2022-09,60
842b1a3ffffffff-2022-10,11
842b1a3ffffffff-2023-04,2
842b1a3ffffffff-2023-05,27
842b1a3ffffffff-2023-06,2
842b1a3ffffffff-2023-07,30
842b1a3ffffffff-2023-08,115
842b1a3ffffffff-2023-09,59
842b1a3ffffffff-2023-10,11
842b1a5ffffffff-2012-05,14
842b1a5ffffffff-2012-08,7
842b1a5ffffffff-2012-09,28
842b1a5ffffffff-2012-10,3
842b1a5ffffffff-2013-05,16
842b1a5ffffffff-2013-07,2
842b1a5ffffffff-2013-08,13
842b1a5ffffffff-2013-09,16
842b1a5ffffffff-2013-10,6
842b1a5ffffffff-2014-05,2
842b1a5ffffffff-2014-07,1
842b1a5ffffffff-2014-08,19
842b1a5ffffffff-2014-09,3
842b1a5ffffffff-2014-10,3
842b1a5ffffffff-2015-05,5
842b1a5ffffffff-2015-07,3
842b1a5ffffffff-2015-08,14
842b1a5ffffffff-2015-09,17
842b1a5ffffffff-2015-10,11
842b1a5ffffffff-2016-05,5
842b1a5ffffffff-2016-07,4
842b1a5ffffffff-2016-08,22
842b1a5ffffffff-2016-09,12
842b1a5ffffffff-2017-05,12
842b1a5ffffffff-2017-07,17
842b1a5ffffffff-2017-08,26
842b1a5ffffffff-2017-09,30
842b1a5ffffffff-2017-10,14
842b1a5ffffffff-2017-11,1
842b1a5ffffffff-2018-05,1
842b1a5ffffffff-2018-07,11
842b1a5ffffffff-2018-08,11
842b1a5ffffffff-2018-09,25
842b1a5ffffffff-2018-10,8
842b1a5ffffffff-2019-05,7
842b1a5ffffffff-2019-09,2
842b1a5ffffffff-2019-10,8
842b1a5ffffffff-2020-07,2
842b1a5ffffffff-2020-08,16
842b1a5ffffffff-2020-09,32
842b1a5ffffffff-2020-10,15
842b1a5ffffffff-2021-05,23
842b1a5ffffffff-2021-08,12
842b1a5ffffffff-2021-09,26
842b1a5ffffffff-2022-05,8
842b1a5ffffffff-2022-07,3
842b1a5ffffffff-2022-08,21
842b1a5ffffffff-2022-09,14
842b1a5ffffffff-2022-10,3
842b1a5ffffffff-2023-05,3
842b1a5ffffffff-2023-07,3
842b1a5ffffffff-2023-08,3
842b1a5ffffffff-2023-09,5
842b1a5ffffffff-2023-10,2
842b1a7ffffffff-2013-08,3
842b1a7ffffffff-2015-05,2
842b1a7ffffffff-2016-07,1
842b1a7ffffffff-2016-08,3
842b1a7ffffffff-2017-08,1
842b1a7ffffffff-2018-08,2
842b1a7ffffffff-2018-10,2
842b1a7ffffffff-2019-08,3
842b1a7ffffffff-2020-05,1
842b1a7ffffffff-2020-07,1
842b1a7ffffffff-2021-05,1
842b1a7ffffffff-2022-05,1
842b1a7ffffffff-2022-09,2
842b1a7ffffffff-2023-04,1
842b1a7ffffffff-2023-05,9
842b1a9ffffffff-2012-05,1
842b1a9ffffffff-2014-04,1
842b1a9ffffffff-2014-05,2
842b1a9ffffffff-2015-05,11
842b1a9ffffffff-2015-07,3
842b1a9ffffffff-2015-08,11
842b1a9ffffffff-2015-09,4
842b1a9ffffffff-2016-05,1
842b1a9ffffffff-2016-07,1
842b1a9ffffffff-2016-08,52
842b1a9ffffffff-2016-09,5
842b1a9ffffffff-2017-05,3
842b1a9ffffffff-2017-07,2
842b1a9ffffffff-2017-08,62
842b1a9ffffffff-2017-09,30
842b1a9ffffffff-2017-10,2
842b1a9ffffffff-2018-05,3
842b1a9ffffffff-2018-07,2
842b1a9ffffffff-2018-08,39
842b1a9ffffffff-2018-09,17
842b1a9ffffffff-2018-10,1
842b1a9ffffffff-2019-05,3
842b1a9ffffffff-2019-07,25
842b1a9ffffffff-2019-08,49
842b1a9ffffffff-2019-09,42
842b1a9ffffffff-2019-10,15
842b1a9ffffffff-2020-05,22
842b1a9ffffffff-2020-07,8
842b1a9ffffffff-2020-08,43
842b1a9ffffffff-2020-09,41
842b1a9ffffffff-2020-10,5
842b1a9ffffffff-2021-05,4
842b1a9ffffffff-2021-07,1
842b1a9ffffffff-2021-08,7
842b1a9ffffffff-2021-09,1
842b1a9ffffffff-2022-05,2
842b1a9ffffffff-2022-07,1
842b1a9ffffffff-2022-08,30
842b1a9ffffffff-2022-09,9
842b1a9ffffffff-2023-05,4
842b1a9ffffffff-2023-07,2
842b1a9ffffffff-2023-08,6
842b1a9ffffffff-2023-09,2
842b1abffffffff-2012-07,1
842b1abffffffff-2012-08,3
842b1abffffffff-2012-09,4
842b1abffffffff-2012-10,1
842b1abffffffff-2013-04,1
842b1abffffffff-2013-07,3
842b1abffffffff-2013-08,11
842b1abffffffff-2013-09,5
842b1abffffffff-2013-10,1
842b1abffffffff-2014-05,1
842b1abffffffff-2014-07,3
842b1abffffffff-2015-05,1
842b1abffffffff-2015-07,4
842b1abffffffff-2015-08,10
842b1abffffffff-2015-09,4
842b1abffffffff-2016-04,1
842b1abffffffff-2016-05,1
842b1abffffffff-2016-07,1
842b1abffffffff-2016-08,23
842b1abffffffff-2016-09,4
842b1abffffffff-2016-10,5
842b1abffffffff-2017-04,1
842b1abffffffff-2017-05,6
842b1abffffffff-2017-07,2
842b1abffffffff-2017-08,10
842b1abffffffff-2017-09,15
842b1abffffffff-2018-05,16
842b1abffffffff-2018-06,1
842b1abffffffff-2018-07,3
842b1abffffffff-2018-08,13
842b1abffffffff-2018-09,3
842b1abffffffff-2018-10,2
842b1abffffffff-2019-05,1
842b1abffffffff-2019-07,4
842b1abffffffff-2019-08,12
842b1abffffffff-2019-09,8
842b1abffffffff-2020-05,7
842b1abffffffff-2020-07,1
842b1abffffffff-2020-08,15
842b1abffffffff-2020-09,15
842b1abffffffff-2020-10,3
842b1abffffffff-2021-04,1
842b1abffffffff-2021-05,2
842b1abffffffff-2021-07,2
842b1abffffffff-2021-08,28
842b1abffffffff-2021-09,19
842b1abffffffff-2021-10,3
842b1abffffffff-2022-05,5
842b1abffffffff-2022-07,3
842b1abffffffff-2022-08,19
842b1abffffffff-2022-09,5
842b1abffffffff-2022-10,4
842b1abffffffff-2023-05,5
842b1abffffffff-2023-07,6
842b1abffffffff-2023-08,41
842b1abffffffff-2023-09,9
842b1abffffffff-2023-10,4
842b1adffffffff-2014-10,3
842b1adffffffff-2016-08,2
842b1adffffffff-2016-09,4
842b1adffffffff-2017-05,1
842b1adffffffff-2017-11,1
842b1adffffffff-2018-08,33
842b1adffffffff-2018-09,31
842b1adffffffff-2018-10,21
842b1adffffffff-2019-05,1
842b1adffffffff-2019-08,1
842b1adffffffff-2020-09,7
842b1adffffffff-2020-10,19
842b1adffffffff-2021-09,2
842b1adffffffff-2021-10,1
842b1adffffffff-2022-09,6
842b1adffffffff-2022-10,42
842b1adffffffff-2023-05,4
842b1adffffffff-2023-10,1
842b1b5ffffffff-2013-05,1
842b1b5ffffffff-2013-07,1
842b1b5ffffffff-2014-07,3
842b1b5ffffffff-2014-08,2
842b1b5ffffffff-2015-07,3
842b1b5ffffffff-2015-09,14
842b1b5ffffffff-2016-05,12
842b1b5ffffffff-2016-06,2
842b1b5ffffffff-2016-07,26
842b1b5ffffffff-2016-08,15
842b1b5ffffffff-2017-05,1
842b1b5ffffffff-2017-06,8
842b1b5ffffffff-2017-07,58
842b1b5ffffffff-2017-08,36
842b1b5ffffffff-2017-09,1
842b1b5ffffffff-2018-05,5
842b1b5ffffffff-2018-06,7
842b1b5ffffffff-2018-07,53
842b1b5ffffffff-2018-08,16
842b1b5ffffffff-2018-09,4
842b1b5ffffffff-2019-05,4
842b1b5ffffffff-2019-07,27
842b1b5ffffffff-2019-08,7
842b1b5ffffffff-2019-09,3
842b1b5ffffffff-2020-07,49
842b1b5ffffffff-2020-08,51
842b1b5ffffffff-2020-09,5
842b1b5ffffffff-2021-05,8
842b1b5ffffffff-2021-06,13
842b1b5ffffffff-2021-07,59
842b1b5ffffffff-2021-08,47
842b1b5ffffffff-2021-09,6
842b1b5ffffffff-2022-05,7
842b1b5ffffffff-2022-06,13
842b1b5ffffffff-2022-07,38
842b1b5ffffffff-2022-08,23
842b1b5ffffffff-2022-09,6
842b1b5ffffffff-2023-06,5
842b1b5ffffffff-2023-07,38
842b1b5ffffffff-2023-08,31
842b1b5ffffffff-2023-09,7
842b1b9ffffffff-2014-09,1
842b1b9ffffffff-2018-07,6
842b1b9ffffffff-2018-08,9
842b1b9ffffffff-2019-07,8
842b1b9ffffffff-2019-08,9
842b1b9ffffffff-2021-07,6
842b1b9ffffffff-2021-08,31
842b1b9ffffffff-2021-09,6
842b1b9ffffffff-2022-08,2
842b1b9ffffffff-2022-09,8
842b1b9ffffffff-2023-08,2
842b1bdffffffff-2012-05,2
842b1bdffffffff-2012-07,1
842b1bdffffffff-2012-08,1
842b1bdffffffff-2012-09,1
842b1bdffffffff-2013-07,1
842b1bdffffffff-2013-08,11
842b1bdffffffff-2014-08,8
842b1bdffffffff-2015-07,2
842b1bdffffffff-2015-08,9
842b1bdffffffff-2016-07,3
842b1bdffffffff-2016-08,6
842b1bdffffffff-2016-09,1
842b1bdffffffff-2017-07,1
842b1bdffffffff-2017-08,22
842b1bdffffffff-2017-09,3
842b1bdffffffff-2018-08,8
842b1bdffffffff-2019-07,3
842b1bdffffffff-2019-08,6
842b1bdffffffff-2020-05,3
842b1bdffffffff-2020-07,9
842b1bdffffffff-2020-08,5
842b1bdffffffff-2020-09,3
842b1bdffffffff-2021-05,1
842b1bdffffffff-2021-08,12
842b1bdffffffff-2021-09,6
842b1bdffffffff-2021-10,1
842b1bdffffffff-2022-05,8
842b1bdffffffff-2022-07,7
842b1bdffffffff-2022-08,11
842b1bdffffffff-2022-09,2
842b1bdffffffff-2022-10,1
842b1bdffffffff-2023-05,2
842b1bdffffffff-2023-07,3
842b1bdffffffff-2023-08,5
842b1bdffffffff-2023-09,4
842b1c3ffffffff-2013-09,1
842b1c3ffffffff-2015-07,1
842b1c3ffffffff-2015-10,1
842b1c3ffffffff-2016-10,1
842b1c3ffffffff-2017-09,2
842b1c3ffffffff-2018-10,2
842b1c3ffffffff-2019-08,3
842b1c3ffffffff-2020-09,1
842b1c3ffffffff-2022-08,1
842b1c3ffffffff-2022-09,1
842b1c7ffffffff-2012-09,5
842b1c7ffffffff-2013-08,1
842b1c7ffffffff-2014-08,2
842b1c7ffffffff-2014-09,4
842b1c7ffffffff-2014-10,1
842b1c7ffffffff-2016-10,1
842b1c7ffffffff-2017-05,1
842b1c7ffffffff-2017-09,1
842b1c7ffffffff-2018-09,1
842b1c7ffffffff-2019-08,3
842b1c7ffffffff-2019-09,4
842b1c7ffffffff-2020-09,1
842b1c7ffffffff-2021-08,3
842b1c7ffffffff-2021-09,1
842b1c7ffffffff-2022-08,3
842b1c7ffffffff-2022-09,3
842b1c7ffffffff-2023-05,1
842b1c7ffffffff-2023-08,8
842b1c7ffffffff-2023-09,1
842b1c9ffffffff-2013-05,1
842b1c9ffffffff-2014-05,2
842b1c9ffffffff-2015-05,4
842b1c9ffffffff-2015-09,1
842b1c9ffffffff-2016-05,1
842b1c9ffffffff-2017-05,3
842b1c9ffffffff-2017-07,1
842b1c9ffffffff-2017-09,2
842b1c9ffffffff-2018-05,5
842b1c9ffffffff-2018-09,1
842b1c9ffffffff-2019-05,4
842b1c9ffffffff-2020-05,2
842b1c9ffffffff-2021-05,1
842b1cbffffffff-2012-07,2
842b1cbffffffff-2012-08,5
842b1cbffffffff-2012-09,3
842b1cbffffffff-2012-10,2
842b1cbffffffff-2012-11,1
842b1cbffffffff-2013-07,5
842b1cbffffffff-2013-08,17
842b1cbffffffff-2013-09,3
842b1cbffffffff-2013-10,2
842b1cbffffffff-2014-05,1
842b1cbffffffff-2014-08,2
842b1cbffffffff-2015-05,1
842b1cbffffffff-2015-07,2
842b1cbffffffff-2015-09,2
842b1cbffffffff-2015-10,1
842b1cbffffffff-2017-08,22
842b1cbffffffff-2017-09,4
842b1cbffffffff-2017-10,1
842b1cbffffffff-2018-05,4
842b1cbffffffff-2018-07,7
842b1cbffffffff-2018-08,3
842b1cbffffffff-2018-09,11
842b1cbffffffff-2018-10,2
842b1cbffffffff-2018-11,1
842b1cbffffffff-2019-05,1
842b1cbffffffff-2019-07,4
842b1cbffffffff-2019-08,17
842b1cbffffffff-2019-09,5
842b1cbffffffff-2019-10,7
842b1cbffffffff-2020-05,4
842b1cbffffffff-2020-07,2
842b1cbffffffff-2020-08,6
842b1cbffffffff-2020-10,1
842b1cbffffffff-2021-05,3
842b1cbffffffff-2021-07,2
842b1cbffffffff-2021-08,13
842b1cbffffffff-2021-09,10
842b1cbffffffff-2021-10,4
842b1cbffffffff-2022-08,27
842b1cbffffffff-2022-09,9
842b1cbffffffff-2022-10,5
842b1cbffffffff-2023-05,3
842b1cbffffffff-2023-07,3
842b1cbffffffff-2023-08,28
842b1cbffffffff-2023-09,23
842b1cbffffffff-2023-10,1
842b1cdffffffff-2013-08,1
842b1cdffffffff-2014-05,3
842b1cdffffffff-2015-08,3
842b1cdffffffff-2016-05,2
842b1cdffffffff-2016-09,1
842b1cdffffffff-2017-05,2
842b1cdffffffff-2018-05,3
842b1cdffffffff-2020-10,1
842b1cdffffffff-2022-05,1
842b1cdffffffff-2023-05,1
842b1cdffffffff-2023-08,5
842b1cdffffffff-2023-09,2
842b1d1ffffffff-2015-09,1
842b1d1ffffffff-2016-08,1
842b1d1ffffffff-2016-09,1
842b1d1ffffffff-2016-10,1
842b1d1ffffffff-2017-08,1
842b1d1ffffffff-2018-07,1
842b1d1ffffffff-2018-09,1
842b1d1ffffffff-2019-09,1
842b1d1ffffffff-2020-08,3
842b1d1ffffffff-2020-09,1
842b1d1ffffffff-2020-10,2
842b1d1ffffffff-2021-08,2
842b1d1ffffffff-2021-09,2
842b1d1ffffffff-2022-08,3
842b1d1ffffffff-2023-08,1
842b1d1ffffffff-2023-09,6
842b1d3ffffffff-2015-09,1
842b1d3ffffffff-2018-08,1
842b1d3ffffffff-2019-07,1
842b1d3ffffffff-2020-05,1
842b1d3ffffffff-2020-09,2
842b1d3ffffffff-2020-10,2
842b1d3ffffffff-2021-08,1
842b1d3ffffffff-2021-09,2
842b1d3ffffffff-2022-08,8
842b1d3ffffffff-2022-09,2
842b1d3ffffffff-2022-10,2
842b1d3ffffffff-2023-07,1
842b1d3ffffffff-2023-08,3
842b1d3ffffffff-2023-09,7
842b1d3ffffffff-2023-10,1
842b1d5ffffffff-2012-05,2
842b1d5ffffffff-2012-08,5
842b1d5ffffffff-2012-09,16
842b1d5ffffffff-2012-10,1
842b1d5ffffffff-2013-05,3
842b1d5ffffffff-2013-06,1
842b1d5ffffffff-2013-07,14
842b1d5ffffffff-2013-08,31
842b1d5ffffffff-2013-09,20
842b1d5ffffffff-2014-05,11
842b1d5ffffffff-2014-06,1
842b1d5ffffffff-2014-08,12
842b1d5ffffffff-2014-09,9
842b1d5ffffffff-2015-04,1
842b1d5ffffffff-2015-05,2
842b1d5ffffffff-2015-07,5
842b1d5ffffffff-2015-08,11
842b1d5ffffffff-2015-09,9
842b1d5ffffffff-2015-10,4
842b1d5ffffffff-2016-05,4
842b1d5ffffffff-2016-06,1
842b1d5ffffffff-2016-07,4
842b1d5ffffffff-2016-08,18
842b1d5ffffffff-2016-09,25
842b1d5ffffffff-2017-05,3
842b1d5ffffffff-2017-07,8
842b1d5ffffffff-2017-08,43
842b1d5ffffffff-2017-09,20
842b1d5ffffffff-2017-10,4
842b1d5ffffffff-2018-05,8
842b1d5ffffffff-2018-07,9
842b1d5ffffffff-2018-08,22
842b1d5ffffffff-2018-09,18
842b1d5ffffffff-2018-10,2
842b1d5ffffffff-2019-04,1
842b1d5ffffffff-2019-05,6
842b1d5ffffffff-2019-07,5
842b1d5ffffffff-2019-08,24
842b1d5ffffffff-2019-09,13
842b1d5ffffffff-2020-05,9
842b1d5ffffffff-2020-07,3
842b1d5ffffffff-2020-08,10
842b1d5ffffffff-2020-09,3
842b1d5ffffffff-2021-05,7
842b1d5ffffffff-2021-07,5
842b1d5ffffffff-2021-08,23
842b1d5ffffffff-2021-09,11
842b1d5ffffffff-2022-04,1
842b1d5ffffffff-2022-05,4
842b1d5ffffffff-2022-06,1
842b1d5ffffffff-2022-07,2
842b1d5ffffffff-2022-08,50
842b1d5ffffffff-2022-09,62
842b1d5ffffffff-2022-10,2
842b1d5ffffffff-2023-05,6
842b1d5ffffffff-2023-06,2
842b1d5ffffffff-2023-07,6
842b1d5ffffffff-2023-08,101
842b1d5ffffffff-2023-09,37
842b1d5ffffffff-2023-10,2
842b1d7ffffffff-2013-09,4
842b1d7ffffffff-2014-07,2
842b1d7ffffffff-2014-08,3
842b1d7ffffffff-2015-05,1
842b1d7ffffffff-2015-07,4
842b1d7ffffffff-2015-08,5
842b1d7ffffffff-2016-07,2
842b1d7ffffffff-2016-08,7
842b1d7ffffffff-2016-09,3
842b1d7ffffffff-2017-08,6
842b1d7ffffffff-2017-09,11
842b1d7ffffffff-2018-08,5
842b1d7ffffffff-2018-09,4
842b1d7ffffffff-2019-05,1
842b1d7ffffffff-2019-08,7
842b1d7ffffffff-2019-09,6
842b1d7ffffffff-2020-05,1
842b1d7ffffffff-2020-07,2
842b1d7ffffffff-2020-08,11
842b1d7ffffffff-2020-09,8
842b1d7ffffffff-2020-10,1
842b1d7ffffffff-2021-08,9
842b1d7ffffffff-2021-09,4
842b1d7ffffffff-2022-08,4
842b1d7ffffffff-2022-09,2
842b1d7ffffffff-2023-08,19
842b1d7ffffffff-2023-09,14
842b1d9ffffffff-2013-09,1
842b1d9ffffffff-2014-07,1
842b1d9ffffffff-2014-08,2
842b1d9ffffffff-2015-05,1
842b1d9ffffffff-2015-08,8
842b1d9ffffffff-2015-09,3
842b1d9ffffffff-2016-07,2
842b1d9ffffffff-2016-08,1
842b1d9ffffffff-2016-09,4
842b1d9ffffffff-2017-05,1
842b1d9ffffffff-2017-07,4
842b1d9ffffffff-2017-08,2
842b1d9ffffffff-2018-08,5
842b1d9ffffffff-2018-09,2
842b1d9ffffffff-2018-10,2
842b1d9ffffffff-2019-05,2
842b1d9ffffffff-2019-07,1
842b1d9ffffffff-2019-08,1
842b1d9ffffffff-2019-09,6
842b1d9ffffffff-2020-06,1
842b1d9ffffffff-2020-08,2
842b1d9ffffffff-2020-10,1
842b1d9ffffffff-2021-09,2
842b1d9ffffffff-2022-05,4
842b1d9ffffffff-2022-07,3
842b1d9ffffffff-2022-09,2
842b1d9ffffffff-2023-08,5
842b1d9ffffffff-2023-09,1
842b1dbffffffff-2020-09,1
842b1e5ffffffff-2017-06,1
842b1e5ffffffff-2018-05,2
842b215ffffffff-2015-08,3
842b215ffffffff-2016-08,12
842b215ffffffff-2017-08,1
842b215ffffffff-2022-07,1
842b215ffffffff-2022-09,1
842b215ffffffff-2023-09,1
842b215ffffffff-2023-10,1
842b217ffffffff-2013-09,1
842b217ffffffff-2015-08,1
842b217ffffffff-2016-05,2
842b217ffffffff-2016-08,4
842b217ffffffff-2016-09,1
842b217ffffffff-2017-08,1
842b217ffffffff-2018-08,1
842b217ffffffff-2018-10,1
842b217ffffffff-2021-08,1
842b217ffffffff-2022-08,2
842b217ffffffff-2022-09,2
842b217ffffffff-2022-10,2
842b217ffffffff-2023-08,6
842b217ffffffff-2023-09,6
842b223ffffffff-2018-10,1
842b235ffffffff-2012-08,10
842b235ffffffff-2013-08,2
842b235ffffffff-2014-05,3
842b235ffffffff-2014-07,25
842b235ffffffff-2014-08,36
842b235ffffffff-2014-09,13
842b235ffffffff-2015-05,2
842b235ffffffff-2015-07,11
842b235ffffffff-2015-08,22
842b235ffffffff-2015-09,18
842b235ffffffff-2015-10,3
842b235ffffffff-2016-05,1
842b235ffffffff-2016-07,12
842b235ffffffff-2016-08,28
842b235ffffffff-2016-09,22
842b235ffffffff-2016-10,1
842b235ffffffff-2017-05,1
842b235ffffffff-2017-06,1
842b235ffffffff-2017-07,19
842b235ffffffff-2017-08,33
842b235ffffffff-2017-09,34
842b235ffffffff-2017-10,5
842b235ffffffff-2018-05,20
842b235ffffffff-2018-07,11
842b235ffffffff-2018-08,45
842b235ffffffff-2018-09,12
842b235ffffffff-2018-10,4
842b235ffffffff-2019-06,3
842b235ffffffff-2019-07,54
842b235ffffffff-2019-08,52
842b235ffffffff-2019-09,17
842b235ffffffff-2019-11,4
842b235ffffffff-2020-05,2
842b235ffffffff-2020-07,16
842b235ffffffff-2020-08,38
842b235ffffffff-2020-09,21
842b235ffffffff-2020-10,1
842b235ffffffff-2021-05,9
842b235ffffffff-2021-07,50
842b235ffffffff-2021-08,71
842b235ffffffff-2021-09,12
842b235ffffffff-2021-10,1
842b235ffffffff-2022-06,2
842b235ffffffff-2022-07,40
842b235ffffffff-2022-08,56
842b235ffffffff-2022-09,29
842b235ffffffff-2022-10,5
842b235ffffffff-2023-06,3
842b235ffffffff-2023-07,12
842b235ffffffff-2023-08,70
842b235ffffffff-2023-09,26
842b235ffffffff-2023-10,5
842b23bffffffff-2022-08,1
842b23bffffffff-2022-09,2
842b23bffffffff-2023-08,3
842b23bffffffff-2023-09,1
842b23dffffffff-2012-08,10
842b23dffffffff-2012-09,4
842b23dffffffff-2013-08,1
842b23dffffffff-2014-07,9
842b23dffffffff-2014-08,7
842b23dffffffff-2014-09,3
842b23dffffffff-2014-10,3
842b23dffffffff-2015-07,9
842b23dffffffff-2015-08,16
842b23dffffffff-2015-09,18
842b23dffffffff-2016-05,4
842b23dffffffff-2016-07,9
842b23dffffffff-2016-08,14
842b23dffffffff-2016-09,10
842b23dffffffff-2017-05,4
842b23dffffffff-2017-07,6
842b23dffffffff-2017-08,17
842b23dffffffff-2017-09,37
842b23dffffffff-2017-10,3
842b23dffffffff-2018-05,18
842b23dffffffff-2018-07,2
842b23dffffffff-2018-08,21
842b23dffffffff-2018-09,9
842b23dffffffff-2018-10,13
842b23dffffffff-2019-07,27
842b23dffffffff-2019-08,46
842b23dffffffff-2019-09,13
842b23dffffffff-2019-10,2
842b23dffffffff-2020-05,3
842b23dffffffff-2020-07,9
842b23dffffffff-2020-08,20
842b23dffffffff-2020-09,29
842b23dffffffff-2020-10,4
842b23dffffffff-2021-07,14
842b23dffffffff-2021-08,78
842b23dffffffff-2021-09,13
842b23dffffffff-2021-10,7
842b23dffffffff-2022-07,37
842b23dffffffff-2022-08,69
842b23dffffffff-2022-09,34
842b23dffffffff-2022-10,1
842b23dffffffff-2023-05,2
842b23dffffffff-2023-06,1
842b23dffffffff-2023-07,18
842b23dffffffff-2023-08,57
842b23dffffffff-2023-09,13
842b23dffffffff-2023-10,7
842b249ffffffff-2021-08,1
842b24bffffffff-2016-08,3
842b24bffffffff-2016-09,3
842b24bffffffff-2017-07,12
842b24bffffffff-2017-08,25
842b24bffffffff-2017-09,1
842b24bffffffff-2018-05,1
842b24bffffffff-2018-07,1
842b24bffffffff-2018-08,7
842b24bffffffff-2018-09,6
842b24bffffffff-2018-10,5
842b24bffffffff-2019-07,2
842b24bffffffff-2019-08,2
842b24bffffffff-2019-09,8
842b24bffffffff-2020-07,6
842b24bffffffff-2020-08,5
842b24bffffffff-2020-09,2
842b24bffffffff-2021-07,14
842b24bffffffff-2021-08,3
842b24bffffffff-2021-09,3
842b24bffffffff-2022-07,15
842b24bffffffff-2022-08,27
842b24bffffffff-2022-09,16
842b24bffffffff-2023-06,2
842b24bffffffff-2023-07,23
842b24bffffffff-2023-08,26
842b24bffffffff-2023-09,12
842b255ffffffff-2016-08,2
842b255ffffffff-2017-08,3
842b255ffffffff-2017-09,2
842b255ffffffff-2018-08,4
842b255ffffffff-2018-09,2
842b255ffffffff-2019-09,1
842b255ffffffff-2019-10,3
842b255ffffffff-2020-09,1
842b255ffffffff-2021-08,4
842b255ffffffff-2022-07,2
842b255ffffffff-2022-08,2
842b255ffffffff-2023-06,1
842b255ffffffff-2023-07,1
842b255ffffffff-2023-08,3
842b255ffffffff-2023-09,2
842b257ffffffff-2013-08,1
842b257ffffffff-2013-10,1
842b257ffffffff-2016-08,2
842b257ffffffff-2017-08,2
842b257ffffffff-2017-09,1
842b257ffffffff-2018-08,1
842b257ffffffff-2018-09,3
842b257ffffffff-2019-07,1
842b257ffffffff-2019-08,1
842b257ffffffff-2019-09,6
842b257ffffffff-2021-08,3
842b257ffffffff-2021-09,2
842b257ffffffff-2022-07,2
842b257ffffffff-2022-08,1
842b257ffffffff-2023-07,2
842b257ffffffff-2023-08,6
842b25dffffffff-2023-08,1
842b265ffffffff-2016-07,2
842b265ffffffff-2022-08,3
842b285ffffffff-2019-08,2
842b285ffffffff-2019-09,1
842b285ffffffff-2020-08,1
842b285ffffffff-2020-09,3
842b285ffffffff-2021-10,1
842b285ffffffff-2023-07,1
842b285ffffffff-2023-10,1
842b291ffffffff-2015-09,11
842b291ffffffff-2016-09,1
842b291ffffffff-2017-05,1
842b291ffffffff-2017-09,52
842b291ffffffff-2018-05,9
842b291ffffffff-2018-07,1
842b291ffffffff-2018-09,39
842b291ffffffff-2019-08,7
842b291ffffffff-2020-04,1
842b291ffffffff-2020-05,7
842b291ffffffff-2020-07,2
842b291ffffffff-2020-08,11
842b291ffffffff-2020-09,1
842b291ffffffff-2020-10,1
842b291ffffffff-2021-09,8
842b291ffffffff-2022-07,2
842b291ffffffff-2022-08,5
842b291ffffffff-2022-09,2
842b2a1ffffffff-2018-07,7
842b2a1ffffffff-2019-07,2
842b2a1ffffffff-2019-08,1
842b2a1ffffffff-2020-08,1
842b2a1ffffffff-2020-09,1
842b2a1ffffffff-2021-07,2
842b2a1ffffffff-2021-08,2
842b2a1ffffffff-2022-07,3
842b2a1ffffffff-2022-08,10
842b2a1ffffffff-2022-09,1
842b2a1ffffffff-2023-07,10
842b2a1ffffffff-2023-08,6
842b2a1ffffffff-2023-09,3
842b2a7ffffffff-2013-07,1
842b2a7ffffffff-2014-07,3
842b2a7ffffffff-2014-08,1
842b2a7ffffffff-2014-09,1
842b2a7ffffffff-2015-08,1
842b2a7ffffffff-2015-10,2
842b2a7ffffffff-2016-05,1
842b2a7ffffffff-2016-07,2
842b2a7ffffffff-2016-08,1
842b2a7ffffffff-2016-09,2
842b2a7ffffffff-2016-10,2
842b2a7ffffffff-2017-07,3
842b2a7ffffffff-2017-08,3
842b2a7ffffffff-2017-09,1
842b2a7ffffffff-2018-07,1
842b2a7ffffffff-2018-08,4
842b2a7ffffffff-2018-09,2
842b2a7ffffffff-2018-10,1
842b2a7ffffffff-2019-07,4
842b2a7ffffffff-2019-08,4
842b2a7ffffffff-2019-09,1
842b2a7ffffffff-2020-07,2
842b2a7ffffffff-2020-08,3
842b2a7ffffffff-2020-09,4
842b2a7ffffffff-2020-10,1
842b2a7ffffffff-2021-07,2
842b2a7ffffffff-2022-07,2
842b2a7ffffffff-2022-08,1
842b2a7ffffffff-2023-07,2
842b2a7ffffffff-2023-08,1
842b2a7ffffffff-2023-09,1
842b2a9ffffffff-2017-07,2
842b2a9ffffffff-2018-10,1
842b2a9ffffffff-2019-07,2
842b2a9ffffffff-2019-08,4
842b2a9ffffffff-2020-07,2
842b2a9ffffffff-2021-07,2
842b2a9ffffffff-2021-08,1
842b2a9ffffffff-2022-08,1
842b2abffffffff-2015-07,1
842b2abffffffff-2016-07,1
842b2abffffffff-2017-07,3
842b2abffffffff-2017-08,2
842b2abffffffff-2018-07,7
842b2abffffffff-2018-08,1
842b2abffffffff-2019-07,2
842b2abffffffff-2019-08,3
842b2abffffffff-2019-09,3
842b2abffffffff-2020-08,3
842b2abffffffff-2020-09,4
842b2abffffffff-2020-10,1
842b2abffffffff-2022-06,9
842b2abffffffff-2022-07,6
842b2abffffffff-2022-08,2
842b2abffffffff-2023-07,9
842b2abffffffff-2023-08,6
842b2abffffffff-2023-09,2
842b2abffffffff-2023-10,1
842b2adffffffff-2013-09,1
842b2adffffffff-2013-10,1
842b2adffffffff-2015-08,3
842b2adffffffff-2015-09,1
842b2adffffffff-2016-05,1
842b2adffffffff-2016-07,1
842b2adffffffff-2016-08,12
842b2adffffffff-2017-07,1
842b2adffffffff-2017-08,4
842b2adffffffff-2018-07,6
842b2adffffffff-2018-08,4
842b2adffffffff-2018-09,5
842b2adffffffff-2018-10,4
842b2adffffffff-2019-07,4
842b2adffffffff-2019-08,1
842b2adffffffff-2019-09,4
842b2adffffffff-2019-10,1
842b2adffffffff-2020-05,2
842b2adffffffff-2020-07,1
842b2adffffffff-2020-08,9
842b2adffffffff-2020-09,4
842b2adffffffff-2021-05,1
842b2adffffffff-2021-08,6
842b2adffffffff-2021-09,5
842b2adffffffff-2021-10,5
842b2adffffffff-2022-08,3
842b2adffffffff-2022-09,1
842b2adffffffff-2023-05,1
842b2adffffffff-2023-07,3
842b2adffffffff-2023-08,20
842b2adffffffff-2023-09,4
842b2c5ffffffff-2012-07,1
842b2c5ffffffff-2012-09,1
842b2c5ffffffff-2013-07,2
842b2c5ffffffff-2013-08,1
842b2c5ffffffff-2014-08,5
842b2c5ffffffff-2014-09,4
842b2c5ffffffff-2015-07,3
842b2c5ffffffff-2015-08,2
842b2c5ffffffff-2015-09,8
842b2c5ffffffff-2016-07,1
842b2c5ffffffff-2016-08,12
842b2c5ffffffff-2016-09,5
842b2c5ffffffff-2017-07,9
842b2c5ffffffff-2017-08,8
842b2c5ffffffff-2017-09,9
842b2c5ffffffff-2018-05,2
842b2c5ffffffff-2018-07,3
842b2c5ffffffff-2018-08,16
842b2c5ffffffff-2018-09,10
842b2c5ffffffff-2018-10,1
842b2c5ffffffff-2019-05,3
842b2c5ffffffff-2019-07,23
842b2c5ffffffff-2019-08,23
842b2c5ffffffff-2019-09,12
842b2c5ffffffff-2020-07,5
842b2c5ffffffff-2020-08,9
842b2c5ffffffff-2020-09,9
842b2c5ffffffff-2021-07,4
842b2c5ffffffff-2021-08,1
842b2c5ffffffff-2021-09,2
842b2c5ffffffff-2021-10,5
842b2c5ffffffff-2022-07,12
842b2c5ffffffff-2022-08,15
842b2c5ffffffff-2022-09,13
842b2c5ffffffff-2022-10,3
842b2c5ffffffff-2023-05,5
842b2c5ffffffff-2023-07,1
842b2c5ffffffff-2023-08,13
842b2c5ffffffff-2023-09,15
842b2c5ffffffff-2023-10,1
842b2e1ffffffff-2014-08,1
842b2e1ffffffff-2015-07,1
842b2e1ffffffff-2015-08,1
842b2e1ffffffff-2016-08,1
842b2e1ffffffff-2018-05,1
842b2e1ffffffff-2018-07,2
842b2e1ffffffff-2018-08,4
842b2e1ffffffff-2019-07,3
842b2e1ffffffff-2019-08,5
842b2e1ffffffff-2021-08,1
842b2e1ffffffff-2022-09,4
842b2e3ffffffff-2014-05,2
842b2e3ffffffff-2014-08,3
842b2e3ffffffff-2015-09,1
842b2e3ffffffff-2016-08,4
842b2e3ffffffff-2016-10,1
842b2e3ffffffff-2017-08,6
842b2e3ffffffff-2017-09,2
842b2e3ffffffff-2018-08,8
842b2e3ffffffff-2018-09,1
842b2e3ffffffff-2019-07,6
842b2e3ffffffff-2019-08,3
842b2e3ffffffff-2020-05,1
842b2e3ffffffff-2020-07,1
842b2e3ffffffff-2020-08,12
842b2e3ffffffff-2020-10,1
842b2e3ffffffff-2021-08,4
842b2e3ffffffff-2021-09,1
842b2e3ffffffff-2021-10,2
842b2e3ffffffff-2022-05,1
842b2e3ffffffff-2022-07,6
842b2e3ffffffff-2022-08,10
842b2e3ffffffff-2022-09,1
842b2e3ffffffff-2023-07,6
842b2e5ffffffff-2019-08,1
842b2e5ffffffff-2021-10,1
842b2e5ffffffff-2022-08,1
842b2e5ffffffff-2023-10,1
842b2e7ffffffff-2017-08,1
842b2e7ffffffff-2018-09,1
842b2e7ffffffff-2020-08,2
842b2e7ffffffff-2020-09,1
842b2e7ffffffff-2021-09,1
842b2e7ffffffff-2023-08,3
842b2e9ffffffff-2013-07,1
842b2e9ffffffff-2014-05,2
842b2e9ffffffff-2014-07,1
842b2e9ffffffff-2014-08,2
842b2e9ffffffff-2014-10,1
842b2e9ffffffff-2015-08,11
842b2e9ffffffff-2015-09,6
842b2e9ffffffff-2016-08,5
842b2e9ffffffff-2016-09,2
842b2e9ffffffff-2016-10,1
842b2e9ffffffff-2017-08,1
842b2e9ffffffff-2017-09,2
842b2e9ffffffff-2018-08,1
842b2e9ffffffff-2018-09,3
842b2e9ffffffff-2019-07,10
842b2e9ffffffff-2019-08,9
842b2e9ffffffff-2019-09,3
842b2e9ffffffff-2020-07,6
842b2e9ffffffff-2020-08,18
842b2e9ffffffff-2020-09,15
842b2e9ffffffff-2020-10,5
842b2e9ffffffff-2021-05,1
842b2e9ffffffff-2021-07,2
842b2e9ffffffff-2021-08,16
842b2e9ffffffff-2021-09,5
842b2e9ffffffff-2021-10,3
842b2e9ffffffff-2022-07,1
842b2e9ffffffff-2022-08,10
842b2e9ffffffff-2022-09,2
842b2e9ffffffff-2022-10,2
842b2e9ffffffff-2023-05,4
842b2e9ffffffff-2023-07,4
842b2e9ffffffff-2023-08,11
842b2e9ffffffff-2023-09,14
842b2e9ffffffff-2023-10,1
842b2ebffffffff-2015-05,1
842b2ebffffffff-2016-09,2
842b2ebffffffff-2016-10,1
842b2ebffffffff-2017-07,1
842b2ebffffffff-2017-09,8
842b2ebffffffff-2018-08,1
842b2ebffffffff-2019-08,5
842b2ebffffffff-2020-09,2
842b2ebffffffff-2021-05,1
842b2ebffffffff-2021-08,1
842b2ebffffffff-2021-09,1
842b2ebffffffff-2022-08,1
842b2ebffffffff-2022-09,1
842b2ebffffffff-2022-10,1
842b2edffffffff-2016-08,4
842b2edffffffff-2017-09,1
842b2edffffffff-2018-05,2
842b2edffffffff-2021-08,1
842b2edffffffff-2021-09,1
842b2edffffffff-2021-10,1
842b2edffffffff-2022-09,1
842b2edffffffff-2023-08,2
842b301ffffffff-2016-08,1
842b301ffffffff-2016-09,2
842b301ffffffff-2019-08,1
842b301ffffffff-2021-07,1
842b301ffffffff-2021-08,3
842b301ffffffff-2021-09,1
842b301ffffffff-2022-05,3
842b301ffffffff-2022-07,1
842b301ffffffff-2022-08,9
842b301ffffffff-2022-09,13
842b301ffffffff-2023-07,4
842b301ffffffff-2023-08,17
842b303ffffffff-2012-07,1
842b303ffffffff-2012-09,2
842b303ffffffff-2014-05,1
842b303ffffffff-2014-07,2
842b303ffffffff-2014-08,20
842b303ffffffff-2015-05,8
842b303ffffffff-2015-07,8
842b303ffffffff-2015-08,18
842b303ffffffff-2015-09,11
842b303ffffffff-2016-05,8
842b303ffffffff-2016-07,1
842b303ffffffff-2016-08,42
842b303ffffffff-2016-09,13
842b303ffffffff-2016-10,3
842b303ffffffff-2017-05,3
842b303ffffffff-2017-06,1
842b303ffffffff-2017-07,22
842b303ffffffff-2017-08,43
842b303ffffffff-2017-09,12
842b303ffffffff-2018-05,12
842b303ffffffff-2018-06,8
842b303ffffffff-2018-07,1
842b303ffffffff-2018-08,43
842b303ffffffff-2018-09,15
842b303ffffffff-2018-10,2
842b303ffffffff-2019-05,3
842b303ffffffff-2019-06,13
842b303ffffffff-2019-07,3
842b303ffffffff-2019-08,27
842b303ffffffff-2019-09,24
842b303ffffffff-2020-05,7
842b303ffffffff-2020-07,3
842b303ffffffff-2020-08,19
842b303ffffffff-2020-09,26
842b303ffffffff-2020-10,2
842b303ffffffff-2021-05,6
842b303ffffffff-2021-07,42
842b303ffffffff-2021-08,67
842b303ffffffff-2021-09,23
842b303ffffffff-2022-05,7
842b303ffffffff-2022-06,1
842b303ffffffff-2022-07,9
842b303ffffffff-2022-08,58
842b303ffffffff-2022-09,58
842b303ffffffff-2022-10,2
842b303ffffffff-2023-05,8
842b303ffffffff-2023-06,4
842b303ffffffff-2023-07,62
842b303ffffffff-2023-08,64
842b303ffffffff-2023-09,22
842b303ffffffff-2023-10,3
842b305ffffffff-2015-08,2
842b305ffffffff-2020-08,1
842b305ffffffff-2021-06,1
842b307ffffffff-2015-08,1
842b307ffffffff-2016-09,1
842b307ffffffff-2017-08,2
842b307ffffffff-2017-09,2
842b307ffffffff-2019-10,1
842b307ffffffff-2020-09,3
842b307ffffffff-2021-09,5
842b307ffffffff-2021-10,1
842b307ffffffff-2022-05,2
842b307ffffffff-2022-07,2
842b307ffffffff-2023-08,2
842b307ffffffff-2023-09,5
842b309ffffffff-2016-07,2
842b309ffffffff-2021-07,2
842b30dffffffff-2016-07,5
842b30dffffffff-2016-08,8
842b30dffffffff-2017-07,2
842b30dffffffff-2017-08,1
842b30dffffffff-2020-07,1
842b30dffffffff-2021-07,13
842b30dffffffff-2021-10,1
842b30dffffffff-2022-07,3
842b30dffffffff-2022-08,2
842b30dffffffff-2022-09,6
842b30dffffffff-2023-07,28
842b30dffffffff-2023-08,14
842b315ffffffff-2014-05,1
842b315ffffffff-2014-07,5
842b315ffffffff-2014-08,7
842b315ffffffff-2014-09,3
842b315ffffffff-2015-05,1
842b315ffffffff-2015-07,2
842b315ffffffff-2015-08,7
842b315ffffffff-2015-09,2
842b315ffffffff-2015-10,2
842b315ffffffff-2016-05,15
842b315ffffffff-2016-07,2
842b315ffffffff-2016-08,3
842b315ffffffff-2016-09,1
842b315ffffffff-2017-05,3
842b315ffffffff-2017-07,5
842b315ffffffff-2017-08,9
842b315ffffffff-2017-09,5
842b315ffffffff-2018-05,7
842b315ffffffff-2018-06,1
842b315ffffffff-2018-07,1
842b315ffffffff-2018-08,3
842b315ffffffff-2018-09,5
842b315ffffffff-2018-10,4
842b315ffffffff-2019-08,14
842b315ffffffff-2019-09,3
842b315ffffffff-2020-07,1
842b315ffffffff-2020-08,7
842b315ffffffff-2020-09,9
842b315ffffffff-2021-05,2
842b315ffffffff-2021-08,15
842b315ffffffff-2021-10,4
842b315ffffffff-2022-07,4
842b315ffffffff-2022-08,13
842b315ffffffff-2022-09,9
842b315ffffffff-2022-10,1
842b315ffffffff-2023-05,1
842b315ffffffff-2023-07,3
842b315ffffffff-2023-08,17
842b315ffffffff-2023-09,4
842b317ffffffff-2012-07,1
842b317ffffffff-2012-08,1
842b317ffffffff-2014-08,2
842b317ffffffff-2015-07,1
842b317ffffffff-2015-08,2
842b317ffffffff-2016-05,2
842b317ffffffff-2016-07,3
842b317ffffffff-2016-08,2
842b317ffffffff-2017-07,1
842b317ffffffff-2017-08,1
842b317ffffffff-2017-10,5
842b317ffffffff-2018-05,1
842b317ffffffff-2018-07,2
842b317ffffffff-2018-08,2
842b317ffffffff-2018-09,4
842b317ffffffff-2018-10,2
842b317ffffffff-2019-07,3
842b317ffffffff-2019-08,3
842b317ffffffff-2020-08,10
842b317ffffffff-2020-09,3
842b317ffffffff-2020-10,2
842b317ffffffff-2021-06,1
842b317ffffffff-2021-07,1
842b317ffffffff-2021-08,7
842b317ffffffff-2022-07,4
842b317ffffffff-2022-08,13
842b317ffffffff-2022-09,5
842b317ffffffff-2022-10,1
842b317ffffffff-2023-05,2
842b317ffffffff-2023-07,6
842b317ffffffff-2023-08,2
842b317ffffffff-2023-09,2
842b317ffffffff-2023-10,2
842b321ffffffff-2018-08,2
842b321ffffffff-2020-08,2
842b327ffffffff-2012-09,1
842b327ffffffff-2014-05,1
842b327ffffffff-2014-07,2
842b327ffffffff-2016-08,2
842b327ffffffff-2016-09,2
842b327ffffffff-2017-05,1
842b327ffffffff-2017-07,1
842b327ffffffff-2017-08,1
842b327ffffffff-2018-05,3
842b327ffffffff-2018-08,19
842b327ffffffff-2018-09,3
842b327ffffffff-2019-08,3
842b327ffffffff-2020-05,2
842b327ffffffff-2020-06,1
842b327ffffffff-2020-07,2
842b327ffffffff-2020-08,3
842b327ffffffff-2020-09,8
842b327ffffffff-2021-05,2
842b327ffffffff-2021-08,4
842b327ffffffff-2021-09,4
842b327ffffffff-2021-10,2
842b327ffffffff-2022-05,5
842b327ffffffff-2022-07,1
842b327ffffffff-2022-08,5
842b327ffffffff-2022-09,4
842b327ffffffff-2022-10,2
842b327ffffffff-2023-05,6
842b327ffffffff-2023-07,5
842b327ffffffff-2023-08,9
842b327ffffffff-2023-09,1
842b327ffffffff-2023-10,3
842b32bffffffff-2014-08,2
842b32bffffffff-2014-09,4
842b32bffffffff-2015-05,2
842b32bffffffff-2015-08,4
842b32bffffffff-2015-09,4
842b32bffffffff-2015-10,1
842b32bffffffff-2016-05,1
842b32bffffffff-2016-07,1
842b32bffffffff-2016-08,6
842b32bffffffff-2016-09,5
842b32bffffffff-2017-05,1
842b32bffffffff-2017-06,1
842b32bffffffff-2017-07,2
842b32bffffffff-2017-09,1
842b32bffffffff-2018-05,3
842b32bffffffff-2018-07,1
842b32bffffffff-2018-08,2
842b32bffffffff-2018-09,5
842b32bffffffff-2019-05,1
842b32bffffffff-2019-08,3
842b32bffffffff-2019-10,1
842b32bffffffff-2020-05,12
842b32bffffffff-2020-07,6
842b32bffffffff-2020-08,5
842b32bffffffff-2020-09,2
842b32bffffffff-2021-05,1
842b32bffffffff-2021-06,1
842b32bffffffff-2021-07,3
842b32bffffffff-2021-08,10
842b32bffffffff-2021-09,6
842b32bffffffff-2022-05,3
842b32bffffffff-2022-08,6
842b32bffffffff-2023-05,4
842b32bffffffff-2023-07,2
842b32bffffffff-2023-08,4
842b32bffffffff-2023-09,1
842b331ffffffff-2012-08,2
842b331ffffffff-2013-07,6
842b331ffffffff-2014-08,2
842b331ffffffff-2015-08,2
842b331ffffffff-2015-09,1
842b331ffffffff-2016-07,2
842b331ffffffff-2016-08,1
842b331ffffffff-2018-05,3
842b331ffffffff-2018-09,1
842b331ffffffff-2019-10,1
842b331ffffffff-2020-05,1
842b331ffffffff-2020-09,2
842b331ffffffff-2021-08,1
842b331ffffffff-2023-05,1
842b333ffffffff-2013-07,5
842b333ffffffff-2014-07,6
842b333ffffffff-2014-08,4
842b333ffffffff-2014-09,3
842b333ffffffff-2015-05,6
842b333ffffffff-2015-08,4
842b333ffffffff-2015-09,19
842b333ffffffff-2015-11,1
842b333ffffffff-2016-05,2
842b333ffffffff-2016-07,3
842b333ffffffff-2016-08,6
842b333ffffffff-2016-09,4
842b333ffffffff-2017-07,3
842b333ffffffff-2017-08,1
842b333ffffffff-2017-09,1
842b333ffffffff-2018-05,2
842b333ffffffff-2018-08,9
842b333ffffffff-2018-09,11
842b333ffffffff-2019-05,15
842b333ffffffff-2019-06,1
842b333ffffffff-2019-07,9
842b333ffffffff-2019-08,15
842b333ffffffff-2019-09,6
842b333ffffffff-2020-07,1
842b333ffffffff-2020-08,29
842b333ffffffff-2020-09,30
842b333ffffffff-2020-10,2
842b333ffffffff-2021-05,1
842b333ffffffff-2021-07,2
842b333ffffffff-2021-08,11
842b333ffffffff-2021-09,41
842b333ffffffff-2021-10,1
842b333ffffffff-2022-05,4
842b333ffffffff-2022-07,4
842b333ffffffff-2022-08,5
842b333ffffffff-2022-09,11
842b333ffffffff-2022-10,3
842b333ffffffff-2023-05,5
842b333ffffffff-2023-07,3
842b333ffffffff-2023-08,9
842b333ffffffff-2023-09,17
842b337ffffffff-2012-07,1
842b337ffffffff-2012-08,2
842b337ffffffff-2013-07,5
842b337ffffffff-2014-07,4
842b337ffffffff-2014-08,8
842b337ffffffff-2015-05,1
842b337ffffffff-2015-07,4
842b337ffffffff-2015-08,3
842b337ffffffff-2015-09,3
842b337ffffffff-2016-05,3
842b337ffffffff-2016-07,1
842b337ffffffff-2016-08,3
842b337ffffffff-2016-09,3
842b337ffffffff-2017-05,2
842b337ffffffff-2017-07,7
842b337ffffffff-2017-08,7
842b337ffffffff-2017-09,1
842b337ffffffff-2017-10,1
842b337ffffffff-2018-05,2
842b337ffffffff-2018-08,6
842b337ffffffff-2018-09,2
842b337ffffffff-2019-05,1
842b337ffffffff-2019-07,8
842b337ffffffff-2019-08,29
842b337ffffffff-2019-09,4
842b337ffffffff-2019-10,2
842b337ffffffff-2020-05,5
842b337ffffffff-2020-07,2
842b337ffffffff-2020-08,4
842b337ffffffff-2020-09,7
842b337ffffffff-2020-10,1
842b337ffffffff-2021-07,3
842b337ffffffff-2021-08,5
842b337ffffffff-2021-09,1
842b337ffffffff-2021-10,1
842b337ffffffff-2022-04,2
842b337ffffffff-2022-05,2
842b337ffffffff-2022-07,4
842b337ffffffff-2022-08,8
842b337ffffffff-2022-09,6
842b337ffffffff-2022-10,1
842b337ffffffff-2023-05,13
842b337ffffffff-2023-07,4
842b337ffffffff-2023-08,13
842b337ffffffff-2023-09,9
842b339ffffffff-2017-08,1
842b339ffffffff-2018-08,2
842b339ffffffff-2018-09,2
842b339ffffffff-2019-08,1
842b339ffffffff-2020-05,4
842b339ffffffff-2020-06,2
842b339ffffffff-2020-07,2
842b339ffffffff-2020-08,9
842b339ffffffff-2020-09,7
842b339ffffffff-2021-06,1
842b339ffffffff-2021-07,1
842b339ffffffff-2021-08,3
842b339ffffffff-2022-05,4
842b339ffffffff-2023-05,3
842b33bffffffff-2014-05,2
842b33bffffffff-2014-07,2
842b33bffffffff-2014-08,6
842b33bffffffff-2014-09,2
842b33bffffffff-2015-05,3
842b33bffffffff-2015-09,1
842b33bffffffff-2016-05,1
842b33bffffffff-2016-07,3
842b33bffffffff-2016-08,3
842b33bffffffff-2016-09,4
842b33bffffffff-2017-05,3
842b33bffffffff-2017-07,1
842b33bffffffff-2017-08,4
842b33bffffffff-2017-09,4
842b33bffffffff-2018-05,3
842b33bffffffff-2018-09,6
842b33bffffffff-2019-08,5
842b33bffffffff-2019-09,5
842b33bffffffff-2020-05,2
842b33bffffffff-2020-07,1
842b33bffffffff-2020-08,6
842b33bffffffff-2020-09,6
842b33bffffffff-2021-07,4
842b33bffffffff-2021-08,21
842b33bffffffff-2021-09,4
842b33bffffffff-2022-07,4
842b33bffffffff-2022-08,15
842b33bffffffff-2022-09,17
842b33bffffffff-2022-10,1
842b33bffffffff-2023-05,1
842b33bffffffff-2023-07,4
842b33bffffffff-2023-08,13
842b33bffffffff-2023-09,11
842b33bffffffff-2023-10,2
842b341ffffffff-2016-07,2
842b341ffffffff-2016-08,5
842b341ffffffff-2018-09,2
842b341ffffffff-2019-08,2
842b341ffffffff-2020-08,2
842b341ffffffff-2020-09,5
842b341ffffffff-2022-07,1
842b341ffffffff-2022-08,1
842b341ffffffff-2022-09,1
842b341ffffffff-2023-07,1
842b341ffffffff-2023-08,8
842b341ffffffff-2023-09,1
842b343ffffffff-2016-08,11
842b343ffffffff-2022-08,2
842b343ffffffff-2023-07,4
842b343ffffffff-2023-08,9
842b345ffffffff-2014-08,9
842b345ffffffff-2015-07,18
842b345ffffffff-2015-08,38
842b345ffffffff-2015-09,17
842b345ffffffff-2016-07,37
842b345ffffffff-2016-08,88
842b345ffffffff-2016-09,20
842b345ffffffff-2016-10,13
842b345ffffffff-2016-11,1
842b345ffffffff-2017-07,36
842b345ffffffff-2017-08,49
842b345ffffffff-2017-09,27
842b345ffffffff-2017-10,5
842b345ffffffff-2018-05,1
842b345ffffffff-2018-07,26
842b345ffffffff-2018-08,31
842b345ffffffff-2018-09,17
842b345ffffffff-2018-10,6
842b345ffffffff-2019-07,3
842b345ffffffff-2019-08,10
842b345ffffffff-2019-09,13
842b345ffffffff-2019-10,4
842b345ffffffff-2020-07,19
842b345ffffffff-2020-08,40
842b345ffffffff-2020-09,33
842b345ffffffff-2020-10,3
842b345ffffffff-2021-05,2
842b345ffffffff-2021-07,18
842b345ffffffff-2021-08,59
842b345ffffffff-2021-09,32
842b345ffffffff-2021-10,8
842b345ffffffff-2022-05,2
842b345ffffffff-2022-06,6
842b345ffffffff-2022-07,2
842b345ffffffff-2022-08,7
842b345ffffffff-2022-09,2
842b345ffffffff-2023-07,32
842b345ffffffff-2023-08,49
842b345ffffffff-2023-09,18
842b345ffffffff-2023-10,4
842b347ffffffff-2021-07,1
842b347ffffffff-2023-07,8
842b347ffffffff-2023-08,8
842b349ffffffff-2016-05,1
842b349ffffffff-2019-08,2
842b349ffffffff-2020-09,6
842b349ffffffff-2021-05,1
842b34dffffffff-2018-09,1
842b355ffffffff-2022-08,2
842b355ffffffff-2023-08,8
842b359ffffffff-2022-08,3
842b35bffffffff-2021-08,3
842b35bffffffff-2022-09,6
842b35bffffffff-2023-08,4
842b35dffffffff-2016-08,4
842b35dffffffff-2022-07,1
842b35dffffffff-2022-08,4
842b35dffffffff-2023-07,2
842b361ffffffff-2016-08,2
842b361ffffffff-2017-05,3
842b361ffffffff-2017-08,1
842b361ffffffff-2018-05,4
842b361ffffffff-2019-08,1
842b361ffffffff-2020-05,2
842b361ffffffff-2020-08,4
842b361ffffffff-2022-06,2
842b361ffffffff-2022-09,1
842b361ffffffff-2023-07,2
842b361ffffffff-2023-08,2
842b365ffffffff-2016-08,1
842b365ffffffff-2018-08,3
842b365ffffffff-2019-08,1
842b365ffffffff-2020-08,3
842b365ffffffff-2020-09,2
842b365ffffffff-2022-08,3
842b369ffffffff-2016-08,4
842b369ffffffff-2020-05,14
842b369ffffffff-2020-07,3
842b369ffffffff-2020-08,2
842b369ffffffff-2022-05,2
842b36bffffffff-2020-07,1
842b36bffffffff-2021-07,2
842b36bffffffff-2022-06,1
842b36bffffffff-2023-07,23
842b36bffffffff-2023-08,14
842b801ffffffff-2012-04,1
842b801ffffffff-2013-04,1
842b801ffffffff-2014-05,1
842b801ffffffff-2015-04,1
842b801ffffffff-2015-08,2
842b801ffffffff-2015-09,2
842b801ffffffff-2015-10,1
842b801ffffffff-2016-05,17
842b801ffffffff-2016-08,1
842b801ffffffff-2016-09,10
842b801ffffffff-2017-04,7
842b801ffffffff-2017-05,31
842b801ffffffff-2017-09,8
842b801ffffffff-2018-05,42
842b801ffffffff-2018-08,1
842b801ffffffff-2018-09,3
842b801ffffffff-2018-10,2
842b801ffffffff-2019-04,1
842b801ffffffff-2019-05,32
842b801ffffffff-2019-09,1
842b801ffffffff-2020-04,1
842b801ffffffff-2020-05,5
842b801ffffffff-2020-08,1
842b801ffffffff-2020-09,5
842b801ffffffff-2021-05,1
842b801ffffffff-2021-08,2
842b801ffffffff-2022-04,2
842b801ffffffff-2022-05,8
842b801ffffffff-2023-04,3
842b801ffffffff-2023-05,2
842b805ffffffff-2019-05,1
842b807ffffffff-2012-09,1
842b807ffffffff-2018-08,3
842b807ffffffff-2019-05,2
842b807ffffffff-2019-08,1
842b807ffffffff-2022-04,1
842b809ffffffff-2014-08,1
842b809ffffffff-2016-05,2
842b809ffffffff-2017-08,2
842b809ffffffff-2018-05,7
842b809ffffffff-2018-08,1
842b809ffffffff-2019-05,1
842b809ffffffff-2019-08,1
842b809ffffffff-2019-09,1
842b809ffffffff-2020-05,1
842b809ffffffff-2021-05,1
842b809ffffffff-2021-08,1
842b809ffffffff-2022-05,1
842b809ffffffff-2023-09,1
842b80dffffffff-2012-09,1
842b80dffffffff-2014-09,4
842b80dffffffff-2016-08,1
842b80dffffffff-2016-09,4
842b80dffffffff-2018-09,7
842b80dffffffff-2018-10,2
842b80dffffffff-2019-08,4
842b80dffffffff-2020-05,1
842b80dffffffff-2020-07,1
842b80dffffffff-2020-08,5
842b80dffffffff-2020-09,7
842b80dffffffff-2021-05,1
842b80dffffffff-2021-09,1
842b80dffffffff-2022-09,4
842b80dffffffff-2023-05,1
842b80dffffffff-2023-09,3
842b811ffffffff-2012-05,4
842b811ffffffff-2012-07,3
842b811ffffffff-2012-08,3
842b811ffffffff-2013-05,1
842b811ffffffff-2013-07,2
842b811ffffffff-2013-08,8
842b811ffffffff-2013-09,1
842b811ffffffff-2014-07,1
842b811ffffffff-2014-08,7
842b811ffffffff-2015-05,9
842b811ffffffff-2015-07,3
842b811ffffffff-2015-08,28
842b811ffffffff-2015-09,9
842b811ffffffff-2016-05,4
842b811ffffffff-2016-07,16
842b811ffffffff-2016-08,9
842b811ffffffff-2017-04,2
842b811ffffffff-2017-05,2
842b811ffffffff-2017-07,2
842b811ffffffff-2017-08,44
842b811ffffffff-2017-09,7
842b811ffffffff-2017-10,4
842b811ffffffff-2018-05,30
842b811ffffffff-2018-07,15
842b811ffffffff-2018-08,26
842b811ffffffff-2018-09,19
842b811ffffffff-2018-10,4
842b811ffffffff-2019-04,2
842b811ffffffff-2019-05,4
842b811ffffffff-2019-06,1
842b811ffffffff-2019-07,3
842b811ffffffff-2019-08,7
842b811ffffffff-2019-09,5
842b811ffffffff-2019-10,2
842b811ffffffff-2020-05,2
842b811ffffffff-2020-07,5
842b811ffffffff-2020-08,15
842b811ffffffff-2020-09,8
842b811ffffffff-2020-10,2
842b811ffffffff-2021-05,15
842b811ffffffff-2021-08,17
842b811ffffffff-2021-09,3
842b811ffffffff-2022-05,9
842b811ffffffff-2022-06,12
842b811ffffffff-2022-07,2
842b811ffffffff-2022-08,8
842b811ffffffff-2022-09,12
842b811ffffffff-2023-04,3
842b811ffffffff-2023-05,12
842b811ffffffff-2023-07,1
842b811ffffffff-2023-08,8
842b811ffffffff-2023-09,2
842b811ffffffff-2023-10,6
842b813ffffffff-2012-05,1
842b813ffffffff-2012-08,4
842b813ffffffff-2012-09,10
842b813ffffffff-2012-10,2
842b813ffffffff-2013-04,5
842b813ffffffff-2013-05,6
842b813ffffffff-2013-07,1
842b813ffffffff-2013-09,6
842b813ffffffff-2014-05,4
842b813ffffffff-2014-07,3
842b813ffffffff-2014-08,1
842b813ffffffff-2014-09,6
842b813ffffffff-2014-10,1
842b813ffffffff-2015-05,1
842b813ffffffff-2015-08,5
842b813ffffffff-2015-09,6
842b813ffffffff-2015-10,7
842b813ffffffff-2016-05,1
842b813ffffffff-2016-07,3
842b813ffffffff-2016-08,5
842b813ffffffff-2017-05,5
842b813ffffffff-2017-07,2
842b813ffffffff-2017-08,4
842b813ffffffff-2017-09,10
842b813ffffffff-2017-10,3
842b813ffffffff-2018-04,1
842b813ffffffff-2018-05,5
842b813ffffffff-2018-07,6
842b813ffffffff-2018-08,11
842b813ffffffff-2018-09,29
842b813ffffffff-2018-10,14
842b813ffffffff-2019-04,1
842b813ffffffff-2019-05,2
842b813ffffffff-2019-07,6
842b813ffffffff-2019-08,5
842b813ffffffff-2019-09,16
842b813ffffffff-2019-10,10
842b813ffffffff-2020-04,1
842b813ffffffff-2020-05,10
842b813ffffffff-2020-07,6
842b813ffffffff-2020-08,33
842b813ffffffff-2020-09,13
842b813ffffffff-2020-10,21
842b813ffffffff-2021-07,7
842b813ffffffff-2021-08,15
842b813ffffffff-2021-09,17
842b813ffffffff-2021-10,1
842b813ffffffff-2022-04,5
842b813ffffffff-2022-05,11
842b813ffffffff-2022-07,13
842b813ffffffff-2022-08,23
842b813ffffffff-2022-09,10
842b813ffffffff-2023-04,3
842b813ffffffff-2023-05,24
842b813ffffffff-2023-07,4
842b813ffffffff-2023-08,2
842b813ffffffff-2023-09,2
842b813ffffffff-2023-10,3
842b815ffffffff-2012-05,1
842b815ffffffff-2012-07,1
842b815ffffffff-2012-08,4
842b815ffffffff-2012-09,1
842b815ffffffff-2012-10,1
842b815ffffffff-2013-04,4
842b815ffffffff-2013-05,4
842b815ffffffff-2013-08,4
842b815ffffffff-2013-09,3
842b815ffffffff-2013-10,2
842b815ffffffff-2014-05,5
842b815ffffffff-2014-07,5
842b815ffffffff-2014-08,2
842b815ffffffff-2014-09,34
842b815ffffffff-2014-10,26
842b815ffffffff-2015-04,10
842b815ffffffff-2015-05,30
842b815ffffffff-2015-07,4
842b815ffffffff-2015-08,16
842b815ffffffff-2015-09,33
842b815ffffffff-2015-10,1
842b815ffffffff-2016-04,5
842b815ffffffff-2016-05,23
842b815ffffffff-2016-06,1
842b815ffffffff-2016-07,4
842b815ffffffff-2016-08,16
842b815ffffffff-2016-09,8
842b815ffffffff-2016-10,8
842b815ffffffff-2017-04,6
842b815ffffffff-2017-05,8
842b815ffffffff-2017-07,1
842b815ffffffff-2017-08,3
842b815ffffffff-2017-10,13
842b815ffffffff-2018-04,1
842b815ffffffff-2018-05,29
842b815ffffffff-2018-07,2
842b815ffffffff-2018-08,22
842b815ffffffff-2018-09,36
842b815ffffffff-2018-10,5
842b815ffffffff-2019-05,47
842b815ffffffff-2019-07,4
842b815ffffffff-2019-08,32
842b815ffffffff-2019-09,5
842b815ffffffff-2019-10,2
842b815ffffffff-2020-04,1
842b815ffffffff-2020-05,51
842b815ffffffff-2020-07,3
842b815ffffffff-2020-08,22
842b815ffffffff-2020-09,55
842b815ffffffff-2020-10,5
842b815ffffffff-2021-04,1
842b815ffffffff-2021-05,111
842b815ffffffff-2021-07,1
842b815ffffffff-2021-08,23
842b815ffffffff-2021-09,13
842b815ffffffff-2021-10,8
842b815ffffffff-2022-04,2
842b815ffffffff-2022-05,80
842b815ffffffff-2022-07,2
842b815ffffffff-2022-08,40
842b815ffffffff-2022-09,25
842b815ffffffff-2022-10,16
842b815ffffffff-2023-04,9
842b815ffffffff-2023-05,85
842b815ffffffff-2023-06,1
842b815ffffffff-2023-07,1
842b815ffffffff-2023-08,7
842b815ffffffff-2023-09,40
842b815ffffffff-2023-10,8
842b817ffffffff-2012-04,2
842b817ffffffff-2012-05,15
842b817ffffffff-2012-06,2
842b817ffffffff-2012-07,19
842b817ffffffff-2012-08,29
842b817ffffffff-2012-09,10
842b817ffffffff-2012-10,7
842b817ffffffff-2013-04,7
842b817ffffffff-2013-05,19
842b817ffffffff-2013-07,23
842b817ffffffff-2013-08,35
842b817ffffffff-2013-09,19
842b817ffffffff-2013-10,1
842b817ffffffff-2014-05,3
842b817ffffffff-2014-06,6
842b817ffffffff-2014-07,33
842b817ffffffff-2014-08,58
842b817ffffffff-2014-09,28
842b817ffffffff-2014-10,3
842b817ffffffff-2015-04,1
842b817ffffffff-2015-05,14
842b817ffffffff-2015-07,19
842b817ffffffff-2015-08,27
842b817ffffffff-2015-09,8
842b817ffffffff-2015-10,1
842b817ffffffff-2016-05,12
842b817ffffffff-2016-07,41
842b817ffffffff-2016-08,30
842b817ffffffff-2016-09,21
842b817ffffffff-2016-10,1
842b817ffffffff-2017-04,1
842b817ffffffff-2017-05,8
842b817ffffffff-2017-07,9
842b817ffffffff-2017-08,38
842b817ffffffff-2017-09,18
842b817ffffffff-2018-05,70
842b817ffffffff-2018-06,1
842b817ffffffff-2018-07,16
842b817ffffffff-2018-08,40
842b817ffffffff-2018-09,29
842b817ffffffff-2018-10,5
842b817ffffffff-2019-04,4
842b817ffffffff-2019-05,11
842b817ffffffff-2019-07,19
842b817ffffffff-2019-08,9
842b817ffffffff-2019-09,3
842b817ffffffff-2019-10,1
842b817ffffffff-2020-04,7
842b817ffffffff-2020-05,9
842b817ffffffff-2020-07,24
842b817ffffffff-2020-08,24
842b817ffffffff-2020-09,12
842b817ffffffff-2020-10,6
842b817ffffffff-2021-05,8
842b817ffffffff-2021-07,7
842b817ffffffff-2021-08,75
842b817ffffffff-2021-09,16
842b817ffffffff-2021-10,11
842b817ffffffff-2022-05,6
842b817ffffffff-2022-07,23
842b817ffffffff-2022-08,62
842b817ffffffff-2022-09,24
842b817ffffffff-2022-10,2
842b817ffffffff-2023-04,1
842b817ffffffff-2023-05,10
842b817ffffffff-2023-07,29
842b817ffffffff-2023-08,72
842b817ffffffff-2023-09,102
842b817ffffffff-2023-10,14
842b819ffffffff-2015-08,4
842b819ffffffff-2016-05,5
842b819ffffffff-2017-04,3
842b819ffffffff-2017-05,6
842b819ffffffff-2018-04,1
842b819ffffffff-2018-05,10
842b819ffffffff-2019-05,12
842b819ffffffff-2019-08,1
842b819ffffffff-2019-09,4
842b819ffffffff-2020-04,2
842b819ffffffff-2020-05,39
842b819ffffffff-2020-07,2
842b819ffffffff-2020-08,2
842b819ffffffff-2020-09,1
842b819ffffffff-2021-05,1
842b819ffffffff-2021-08,2
842b819ffffffff-2022-10,1
842b819ffffffff-2023-05,12
842b819ffffffff-2023-08,1
842b819ffffffff-2023-09,3
842b81bffffffff-2012-04,1
842b81bffffffff-2012-05,3
842b81bffffffff-2012-06,1
842b81bffffffff-2012-07,13
842b81bffffffff-2012-08,45
842b81bffffffff-2012-09,36
842b81bffffffff-2012-10,2
842b81bffffffff-2013-04,1
842b81bffffffff-2013-05,6
842b81bffffffff-2013-07,7
842b81bffffffff-2013-08,46
842b81bffffffff-2013-09,35
842b81bffffffff-2013-10,9
842b81bffffffff-2014-04,1
842b81bffffffff-2014-05,3
842b81bffffffff-2014-07,7
842b81bffffffff-2014-08,37
842b81bffffffff-2014-09,50
842b81bffffffff-2014-10,5
842b81bffffffff-2015-05,29
842b81bffffffff-2015-07,12
842b81bffffffff-2015-08,70
842b81bffffffff-2015-09,72
842b81bffffffff-2015-10,21
842b81bffffffff-2015-11,2
842b81bffffffff-2016-04,3
842b81bffffffff-2016-05,21
842b81bffffffff-2016-07,12
842b81bffffffff-2016-08,46
842b81bffffffff-2016-09,24
842b81bffffffff-2016-10,6
842b81bffffffff-2017-04,2
842b81bffffffff-2017-05,23
842b81bffffffff-2017-07,2
842b81bffffffff-2017-08,12
842b81bffffffff-2017-09,9
842b81bffffffff-2017-10,3
842b81bffffffff-2018-04,1
842b81bffffffff-2018-05,29
842b81bffffffff-2018-07,12
842b81bffffffff-2018-08,28
842b81bffffffff-2018-09,54
842b81bffffffff-2018-10,33
842b81bffffffff-2019-04,1
842b81bffffffff-2019-05,33
842b81bffffffff-2019-07,14
842b81bffffffff-2019-08,68
842b81bffffffff-2019-09,45
842b81bffffffff-2019-10,5
842b81bffffffff-2020-04,1
842b81bffffffff-2020-05,13
842b81bffffffff-2020-07,11
842b81bffffffff-2020-08,35
842b81bffffffff-2020-09,33
842b81bffffffff-2020-10,3
842b81bffffffff-2021-05,18
842b81bffffffff-2021-06,2
842b81bffffffff-2021-07,29
842b81bffffffff-2021-08,144
842b81bffffffff-2021-09,116
842b81bffffffff-2022-05,6
842b81bffffffff-2022-07,4
842b81bffffffff-2022-08,34
842b81bffffffff-2022-09,35
842b81bffffffff-2023-05,40
842b81bffffffff-2023-07,3
842b81bffffffff-2023-08,6
842b81bffffffff-2023-09,1
842b81dffffffff-2013-09,1
842b81dffffffff-2018-05,3
842b81dffffffff-2022-08,1
842b823ffffffff-2013-08,3
842b823ffffffff-2014-09,1
842b823ffffffff-2015-07,1
842b823ffffffff-2015-08,2
842b823ffffffff-2015-09,4
842b823ffffffff-2016-07,1
842b823ffffffff-2016-08,8
842b823ffffffff-2016-09,2
842b823ffffffff-2017-05,2
842b823ffffffff-2017-08,1
842b823ffffffff-2018-07,4
842b823ffffffff-2018-08,14
842b823ffffffff-2018-09,3
842b823ffffffff-2019-04,1
842b823ffffffff-2019-05,2
842b823ffffffff-2019-08,12
842b823ffffffff-2019-09,6
842b823ffffffff-2020-08,9
842b823ffffffff-2020-09,2
842b823ffffffff-2020-10,1
842b823ffffffff-2021-05,3
842b823ffffffff-2021-08,11
842b823ffffffff-2021-09,9
842b823ffffffff-2022-05,4
842b823ffffffff-2022-08,1
842b823ffffffff-2022-09,1
842b823ffffffff-2023-05,3
842b823ffffffff-2023-07,3
842b823ffffffff-2023-08,10
842b823ffffffff-2023-09,6
842b825ffffffff-2016-07,1
842b827ffffffff-2013-08,3
842b827ffffffff-2018-07,2
842b827ffffffff-2019-08,2
842b827ffffffff-2019-09,2
842b827ffffffff-2021-09,5
842b827ffffffff-2022-05,2
842b827ffffffff-2022-08,12
842b827ffffffff-2022-09,4
842b827ffffffff-2023-05,2
842b831ffffffff-2012-09,5
842b831ffffffff-2013-04,2
842b831ffffffff-2013-08,2
842b831ffffffff-2014-04,1
842b831ffffffff-2015-05,1
842b831ffffffff-2015-08,2
842b831ffffffff-2015-09,1
842b831ffffffff-2015-10,7
842b831ffffffff-2016-05,4
842b831ffffffff-2016-07,1
842b831ffffffff-2016-10,6
842b831ffffffff-2016-11,4
842b831ffffffff-2017-04,19
842b831ffffffff-2017-05,5
842b831ffffffff-2017-07,25
842b831ffffffff-2017-08,1
842b831ffffffff-2017-11,6
842b831ffffffff-2018-04,27
842b831ffffffff-2018-05,20
842b831ffffffff-2018-08,3
842b831ffffffff-2018-09,4
842b831ffffffff-2018-10,1
842b831ffffffff-2019-04,10
842b831ffffffff-2019-05,56
842b831ffffffff-2019-08,5
842b831ffffffff-2019-09,37
842b831ffffffff-2019-10,22
842b831ffffffff-2020-04,7
842b831ffffffff-2020-05,21
842b831ffffffff-2020-08,1
842b831ffffffff-2020-10,2
842b831ffffffff-2021-04,1
842b831ffffffff-2021-05,23
842b831ffffffff-2021-08,5
842b831ffffffff-2021-09,24
842b831ffffffff-2021-10,4
842b831ffffffff-2022-04,12
842b831ffffffff-2022-05,12
842b831ffffffff-2022-07,2
842b831ffffffff-2022-08,4
842b831ffffffff-2022-09,4
842b831ffffffff-2023-04,3
842b831ffffffff-2023-05,53
842b831ffffffff-2023-08,9
842b831ffffffff-2023-09,5
842b833ffffffff-2012-07,1
842b833ffffffff-2013-05,2
842b833ffffffff-2013-07,6
842b833ffffffff-2013-08,7
842b833ffffffff-2013-09,16
842b833ffffffff-2013-10,7
842b833ffffffff-2014-08,2
842b833ffffffff-2014-09,1
842b833ffffffff-2014-10,2
842b833ffffffff-2015-04,1
842b833ffffffff-2015-05,1
842b833ffffffff-2015-07,6
842b833ffffffff-2015-08,21
842b833ffffffff-2015-09,3
842b833ffffffff-2015-10,12
842b833ffffffff-2016-04,1
842b833ffffffff-2016-05,1
842b833ffffffff-2016-07,30
842b833ffffffff-2016-08,41
842b833ffffffff-2016-09,36
842b833ffffffff-2016-10,23
842b833ffffffff-2017-05,6
842b833ffffffff-2017-07,1
842b833ffffffff-2017-08,3
842b833ffffffff-2017-09,2
842b833ffffffff-2018-04,3
842b833ffffffff-2018-05,2
842b833ffffffff-2018-07,9
842b833ffffffff-2018-08,4
842b833ffffffff-2018-09,25
842b833ffffffff-2018-10,2
842b833ffffffff-2019-04,1
842b833ffffffff-2019-05,9
842b833ffffffff-2019-07,8
842b833ffffffff-2019-08,42
842b833ffffffff-2019-09,44
842b833ffffffff-2019-10,7
842b833ffffffff-2020-04,3
842b833ffffffff-2020-05,14
842b833ffffffff-2020-07,4
842b833ffffffff-2020-08,24
842b833ffffffff-2020-09,8
842b833ffffffff-2020-10,4
842b833ffffffff-2020-11,1
842b833ffffffff-2021-05,11
842b833ffffffff-2021-07,6
842b833ffffffff-2021-08,82
842b833ffffffff-2021-09,10
842b833ffffffff-2021-10,3
842b833ffffffff-2022-04,3
842b833ffffffff-2022-05,19
842b833ffffffff-2022-07,21
842b833ffffffff-2022-08,33
842b833ffffffff-2022-09,22
842b833ffffffff-2022-10,8
842b833ffffffff-2023-04,12
842b833ffffffff-2023-05,8
842b833ffffffff-2023-07,3
842b833ffffffff-2023-08,16
842b833ffffffff-2023-09,10
842b833ffffffff-2023-10,77
842b833ffffffff-2023-11,4
842b835ffffffff-2015-05,1
842b835ffffffff-2015-07,1
842b835ffffffff-2015-08,2
842b835ffffffff-2016-05,1
842b835ffffffff-2017-05,5
842b835ffffffff-2017-07,1
842b835ffffffff-2018-05,1
842b835ffffffff-2019-05,3
842b835ffffffff-2019-08,5
842b835ffffffff-2020-05,3
842b835ffffffff-2020-07,1
842b835ffffffff-2020-08,7
842b835ffffffff-2020-09,2
842b835ffffffff-2021-05,10
842b835ffffffff-2021-09,9
842b835ffffffff-2022-04,6
842b835ffffffff-2022-05,4
842b835ffffffff-2022-07,2
842b835ffffffff-2022-08,1
842b835ffffffff-2023-04,1
842b837ffffffff-2017-05,1
842b837ffffffff-2022-08,2
842b839ffffffff-2016-05,1
842b839ffffffff-2020-08,1
842b839ffffffff-2022-05,1
842b839ffffffff-2022-08,1
842b83bffffffff-2012-04,5
842b83bffffffff-2012-05,3
842b83bffffffff-2012-06,1
842b83bffffffff-2012-07,30
842b83bffffffff-2012-08,67
842b83bffffffff-2012-09,44
842b83bffffffff-2012-10,19
842b83bffffffff-2013-04,3
842b83bffffffff-2013-05,12
842b83bffffffff-2013-07,19
842b83bffffffff-2013-08,79
842b83bffffffff-2013-09,72
842b83bffffffff-2013-10,5
842b83bffffffff-2014-04,1
842b83bffffffff-2014-05,6
842b83bffffffff-2014-06,7
842b83bffffffff-2014-07,7
842b83bffffffff-2014-08,89
842b83bffffffff-2014-09,17
842b83bffffffff-2014-10,8
842b83bffffffff-2015-04,1
842b83bffffffff-2015-05,21
842b83bffffffff-2015-07,65
842b83bffffffff-2015-08,161
842b83bffffffff-2015-09,142
842b83bffffffff-2015-10,88
842b83bffffffff-2016-04,3
842b83bffffffff-2016-05,29
842b83bffffffff-2016-07,113
842b83bffffffff-2016-08,185
842b83bffffffff-2016-09,184
842b83bffffffff-2016-10,43
842b83bffffffff-2016-11,1
842b83bffffffff-2017-04,22
842b83bffffffff-2017-05,82
842b83bffffffff-2017-07,18
842b83bffffffff-2017-08,128
842b83bffffffff-2017-09,177
842b83bffffffff-2017-10,65
842b83bffffffff-2018-04,5
842b83bffffffff-2018-05,41
842b83bffffffff-2018-07,124
842b83bffffffff-2018-08,158
842b83bffffffff-2018-09,58
842b83bffffffff-2018-10,13
842b83bffffffff-2019-04,12
842b83bffffffff-2019-05,69
842b83bffffffff-2019-07,77
842b83bffffffff-2019-08,329
842b83bffffffff-2019-09,480
842b83bffffffff-2019-10,87
842b83bffffffff-2020-04,8
842b83bffffffff-2020-05,329
842b83bffffffff-2020-07,43
842b83bffffffff-2020-08,233
842b83bffffffff-2020-09,166
842b83bffffffff-2020-10,47
842b83bffffffff-2020-11,5
842b83bffffffff-2021-04,28
842b83bffffffff-2021-05,422
842b83bffffffff-2021-06,5
842b83bffffffff-2021-07,20
842b83bffffffff-2021-08,247
842b83bffffffff-2021-09,311
842b83bffffffff-2021-10,70
842b83bffffffff-2022-04,19
842b83bffffffff-2022-05,140
842b83bffffffff-2022-06,1
842b83bffffffff-2022-07,18
842b83bffffffff-2022-08,219
842b83bffffffff-2022-09,178
842b83bffffffff-2022-10,158
842b83bffffffff-2022-11,2
842b83bffffffff-2023-04,43
842b83bffffffff-2023-05,88
842b83bffffffff-2023-07,11
842b83bffffffff-2023-08,63
842b83bffffffff-2023-09,367
842b83bffffffff-2023-10,14
842b83dffffffff-2017-05,3
842b83dffffffff-2018-05,7
842b83dffffffff-2019-04,1
842b83dffffffff-2019-05,8
842b83dffffffff-2020-05,1
842b83dffffffff-2021-09,2
842b83dffffffff-2022-05,2
842b83dffffffff-2023-05,2
842b847ffffffff-2017-05,1
842b847ffffffff-2020-05,2
842b847ffffffff-2022-04,1
842b851ffffffff-2016-04,2
842b851ffffffff-2018-10,1
842b853ffffffff-2019-05,1
842b853ffffffff-2023-05,1
842b855ffffffff-2018-09,1
842b855ffffffff-2019-10,1
842b857ffffffff-2014-05,1
842b857ffffffff-2014-09,4
842b857ffffffff-2016-05,1
842b857ffffffff-2017-04,1
842b857ffffffff-2017-05,4
842b857ffffffff-2017-07,1
842b857ffffffff-2017-08,1
842b857ffffffff-2018-05,4
842b857ffffffff-2019-05,5
842b857ffffffff-2019-08,1
842b857ffffffff-2019-09,4
842b857ffffffff-2020-05,13
842b857ffffffff-2020-08,1
842b857ffffffff-2020-10,3
842b857ffffffff-2021-09,2
842b857ffffffff-2022-05,1
842b85bffffffff-2018-04,1
842b85bffffffff-2018-05,15
842b85bffffffff-2020-05,11
842b85bffffffff-2020-07,1
842b85bffffffff-2021-05,1
842b85bffffffff-2022-04,2
842b85bffffffff-2022-05,1
842b85bffffffff-2023-05,1
842b85dffffffff-2021-08,1
842b881ffffffff-2023-08,3
842b883ffffffff-2014-09,1
842b883ffffffff-2015-05,1
842b883ffffffff-2020-04,1
842b885ffffffff-2015-05,1
842b885ffffffff-2016-08,1
842b885ffffffff-2020-08,1
842b885ffffffff-2020-09,3
842b885ffffffff-2020-10,2
842b885ffffffff-2021-07,1
842b885ffffffff-2023-05,1
842b885ffffffff-2023-08,2
842b887ffffffff-2012-07,1
842b887ffffffff-2012-08,11
842b887ffffffff-2012-09,12
842b887ffffffff-2013-05,2
842b887ffffffff-2015-04,1
842b887ffffffff-2015-08,9
842b887ffffffff-2015-09,5
842b887ffffffff-2016-05,3
842b887ffffffff-2016-07,6
842b887ffffffff-2016-08,22
842b887ffffffff-2016-09,1
842b887ffffffff-2017-10,4
842b887ffffffff-2018-05,2
842b887ffffffff-2018-07,8
842b887ffffffff-2018-08,1
842b887ffffffff-2020-05,1
842b887ffffffff-2020-08,37
842b887ffffffff-2020-09,16
842b887ffffffff-2023-08,7
842b889ffffffff-2020-05,1
842b889ffffffff-2020-09,2
842b889ffffffff-2023-07,1
842b889ffffffff-2023-08,3
842b88dffffffff-2016-09,1
842b88dffffffff-2020-09,1
842b88dffffffff-2022-09,2
842b88dffffffff-2023-07,1
842b88dffffffff-2023-10,1
842b891ffffffff-2012-04,1
842b891ffffffff-2012-05,1
842b891ffffffff-2012-08,8
842b891ffffffff-2012-09,3
842b891ffffffff-2013-07,10
842b891ffffffff-2013-08,46
842b891ffffffff-2013-09,5
842b891ffffffff-2013-10,2
842b891ffffffff-2014-04,2
842b891ffffffff-2014-05,2
842b891ffffffff-2014-07,17
842b891ffffffff-2014-08,20
842b891ffffffff-2014-09,13
842b891ffffffff-2014-10,3
842b891ffffffff-2015-04,1
842b891ffffffff-2015-05,4
842b891ffffffff-2015-07,20
842b891ffffffff-2015-08,34
842b891ffffffff-2015-09,11
842b891ffffffff-2016-04,8
842b891ffffffff-2016-05,9
842b891ffffffff-2016-07,7
842b891ffffffff-2016-08,25
842b891ffffffff-2016-09,13
842b891ffffffff-2016-10,2
842b891ffffffff-2017-04,4
842b891ffffffff-2017-05,11
842b891ffffffff-2017-07,2
842b891ffffffff-2017-08,86
842b891ffffffff-2017-09,3
842b891ffffffff-2017-10,9
842b891ffffffff-2018-05,3
842b891ffffffff-2018-07,3
842b891ffffffff-2018-08,23
842b891ffffffff-2018-09,10
842b891ffffffff-2019-04,4
842b891ffffffff-2019-05,48
842b891ffffffff-2019-07,7
842b891ffffffff-2019-08,20
842b891ffffffff-2019-09,9
842b891ffffffff-2019-10,1
842b891ffffffff-2020-05,4
842b891ffffffff-2020-07,1
842b891ffffffff-2020-08,42
842b891ffffffff-2020-09,27
842b891ffffffff-2020-10,3
842b891ffffffff-2021-04,1
842b891ffffffff-2021-05,22
842b891ffffffff-2021-08,20
842b891ffffffff-2021-09,4
842b891ffffffff-2021-10,1
842b891ffffffff-2022-04,1
842b891ffffffff-2022-05,36
842b891ffffffff-2022-07,9
842b891ffffffff-2022-08,140
842b891ffffffff-2022-09,13
842b891ffffffff-2022-10,4
842b891ffffffff-2023-04,1
842b891ffffffff-2023-05,41
842b891ffffffff-2023-07,25
842b891ffffffff-2023-08,26
842b891ffffffff-2023-09,1
842b891ffffffff-2023-10,2
842b893ffffffff-2012-08,1
842b893ffffffff-2012-09,8
842b893ffffffff-2013-05,2
842b893ffffffff-2013-07,1
842b893ffffffff-2013-08,2
842b893ffffffff-2013-09,4
842b893ffffffff-2014-08,3
842b893ffffffff-2014-09,2
842b893ffffffff-2014-10,2
842b893ffffffff-2015-08,1
842b893ffffffff-2016-05,3
842b893ffffffff-2016-08,1
842b893ffffffff-2017-09,3
842b893ffffffff-2019-05,1
842b893ffffffff-2019-08,3
842b893ffffffff-2020-05,4
842b893ffffffff-2020-07,1
842b893ffffffff-2020-09,3
842b893ffffffff-2020-10,4
842b893ffffffff-2021-05,8
842b893ffffffff-2021-08,3
842b893ffffffff-2022-08,4
842b893ffffffff-2023-05,3
842b895ffffffff-2016-04,2
842b895ffffffff-2017-08,1
842b895ffffffff-2017-11,1
842b895ffffffff-2018-05,2
842b895ffffffff-2018-07,3
842b895ffffffff-2018-08,1
842b895ffffffff-2019-04,1
842b895ffffffff-2019-05,2
842b895ffffffff-2020-05,9
842b895ffffffff-2020-09,1
842b895ffffffff-2020-11,1
842b895ffffffff-2021-05,1
842b895ffffffff-2023-05,2
842b897ffffffff-2012-08,1
842b897ffffffff-2012-09,4
842b897ffffffff-2013-08,1
842b897ffffffff-2014-09,2
842b897ffffffff-2015-10,1
842b897ffffffff-2016-08,3
842b897ffffffff-2016-10,1
842b897ffffffff-2017-08,1
842b897ffffffff-2017-09,8
842b897ffffffff-2017-10,1
842b897ffffffff-2018-09,2
842b897ffffffff-2019-05,1
842b897ffffffff-2019-08,5
842b897ffffffff-2019-09,1
842b897ffffffff-2020-08,1
842b897ffffffff-2022-08,1
842b899ffffffff-2012-05,2
842b899ffffffff-2012-08,1
842b899ffffffff-2012-10,3
842b899ffffffff-2013-04,1
842b899ffffffff-2013-05,2
842b899ffffffff-2013-08,2
842b899ffffffff-2014-04,4
842b899ffffffff-2014-05,12
842b899ffffffff-2014-06,1
842b899ffffffff-2014-09,1
842b899ffffffff-2015-04,3
842b899ffffffff-2015-05,3
842b899ffffffff-2015-08,4
842b899ffffffff-2015-09,2
842b899ffffffff-2016-04,1
842b899ffffffff-2016-05,17
842b899ffffffff-2016-07,5
842b899ffffffff-2016-08,3
842b899ffffffff-2017-04,16
842b899ffffffff-2017-05,55
842b899ffffffff-2017-08,10
842b899ffffffff-2017-09,4
842b899ffffffff-2017-10,7
842b899ffffffff-2018-04,10
842b899ffffffff-2018-05,49
842b899ffffffff-2018-07,3
842b899ffffffff-2018-08,17
842b899ffffffff-2018-09,2
842b899ffffffff-2019-04,3
842b899ffffffff-2019-05,57
842b899ffffffff-2019-07,7
842b899ffffffff-2019-08,3
842b899ffffffff-2019-09,1
842b899ffffffff-2019-10,6
842b899ffffffff-2020-05,9
842b899ffffffff-2020-08,12
842b899ffffffff-2020-09,19
842b899ffffffff-2020-10,1
842b899ffffffff-2020-11,3
842b899ffffffff-2021-04,16
842b899ffffffff-2021-05,22
842b899ffffffff-2021-08,30
842b899ffffffff-2021-09,2
842b899ffffffff-2022-04,3
842b899ffffffff-2022-05,38
842b899ffffffff-2022-08,4
842b899ffffffff-2022-09,2
842b899ffffffff-2023-03,5
842b899ffffffff-2023-04,24
842b899ffffffff-2023-05,24
842b899ffffffff-2023-08,14
842b899ffffffff-2023-09,3
842b899ffffffff-2023-10,2
842b89bffffffff-2013-09,1
842b89bffffffff-2014-05,1
842b89bffffffff-2014-08,9
842b89bffffffff-2015-05,3
842b89bffffffff-2015-07,9
842b89bffffffff-2015-08,8
842b89bffffffff-2015-09,3
842b89bffffffff-2016-05,4
842b89bffffffff-2016-07,2
842b89bffffffff-2016-08,1
842b89bffffffff-2016-09,6
842b89bffffffff-2017-05,2
842b89bffffffff-2017-07,1
842b89bffffffff-2018-05,1
842b89bffffffff-2019-04,4
842b89bffffffff-2019-05,2
842b89bffffffff-2020-05,3
842b89bffffffff-2020-09,1
842b89bffffffff-2020-10,2
842b89bffffffff-2021-05,2
842b89bffffffff-2021-08,4
842b89bffffffff-2022-05,1
842b89bffffffff-2022-09,14
842b89bffffffff-2023-05,1
842b89bffffffff-2023-07,2
842b89dffffffff-2012-09,1
842b89dffffffff-2014-10,2
842b89dffffffff-2015-08,2
842b89dffffffff-2016-04,1
842b89dffffffff-2016-05,2
842b89dffffffff-2016-07,2
842b89dffffffff-2016-09,3
842b89dffffffff-2019-05,3
842b89dffffffff-2019-09,1
842b89dffffffff-2019-10,6
842b89dffffffff-2020-05,6
842b89dffffffff-2020-09,5
842b89dffffffff-2021-05,6
842b89dffffffff-2021-08,3
842b89dffffffff-2021-09,1
842b89dffffffff-2022-05,1
842b89dffffffff-2022-08,4
842b89dffffffff-2022-09,2
842b89dffffffff-2022-10,2
842b89dffffffff-2023-03,1
842b89dffffffff-2023-09,1
842b8a1ffffffff-2012-05,1
842b8a1ffffffff-2012-07,9
842b8a1ffffffff-2012-08,18
842b8a1ffffffff-2012-11,1
842b8a1ffffffff-2013-05,1
842b8a1ffffffff-2013-08,1
842b8a1ffffffff-2013-10,1
842b8a1ffffffff-2014-05,4
842b8a1ffffffff-2014-08,3
842b8a1ffffffff-2015-06,1
842b8a1ffffffff-2015-07,3
842b8a1ffffffff-2015-08,2
842b8a1ffffffff-2015-10,1
842b8a1ffffffff-2016-08,5
842b8a1ffffffff-2016-09,1
842b8a1ffffffff-2017-04,1
842b8a1ffffffff-2017-05,2
842b8a1ffffffff-2017-07,1
842b8a1ffffffff-2017-08,1
842b8a1ffffffff-2017-09,4
842b8a1ffffffff-2018-04,1
842b8a1ffffffff-2018-05,2
842b8a1ffffffff-2018-07,3
842b8a1ffffffff-2018-08,5
842b8a1ffffffff-2018-09,16
842b8a1ffffffff-2018-10,1
842b8a1ffffffff-2018-11,1
842b8a1ffffffff-2019-04,7
842b8a1ffffffff-2019-05,3
842b8a1ffffffff-2019-07,2
842b8a1ffffffff-2019-08,2
842b8a1ffffffff-2020-04,3
842b8a1ffffffff-2020-05,3
842b8a1ffffffff-2020-07,3
842b8a1ffffffff-2020-08,6
842b8a1ffffffff-2020-09,16
842b8a1ffffffff-2020-10,2
842b8a1ffffffff-2021-04,2
842b8a1ffffffff-2021-05,22
842b8a1ffffffff-2021-06,1
842b8a1ffffffff-2021-07,10
842b8a1ffffffff-2021-08,45
842b8a1ffffffff-2021-09,43
842b8a1ffffffff-2021-10,10
842b8a1ffffffff-2022-05,13
842b8a1ffffffff-2022-07,5
842b8a1ffffffff-2022-08,24
842b8a1ffffffff-2022-09,15
842b8a1ffffffff-2022-10,25
842b8a1ffffffff-2022-11,2
842b8a1ffffffff-2023-04,1
842b8a1ffffffff-2023-05,2
842b8a1ffffffff-2023-07,2
842b8a1ffffffff-2023-08,7
842b8a1ffffffff-2023-09,12
842b8a1ffffffff-2023-10,2
842b8a3ffffffff-2012-04,1
842b8a3ffffffff-2012-05,3
842b8a3ffffffff-2012-07,2
842b8a3ffffffff-2012-08,2
842b8a3ffffffff-2012-09,5
842b8a3ffffffff-2012-10,1
842b8a3ffffffff-2013-04,5
842b8a3ffffffff-2013-05,4
842b8a3ffffffff-2013-07,2
842b8a3ffffffff-2013-08,11
842b8a3ffffffff-2013-09,9
842b8a3ffffffff-2013-10,1
842b8a3ffffffff-2014-04,3
842b8a3ffffffff-2014-05,11
842b8a3ffffffff-2014-07,4
842b8a3ffffffff-2014-08,29
842b8a3ffffffff-2014-09,3
842b8a3ffffffff-2014-10,1
842b8a3ffffffff-2015-04,4
842b8a3ffffffff-2015-05,2
842b8a3ffffffff-2015-07,8
842b8a3ffffffff-2015-08,4
842b8a3ffffffff-2015-09,7
842b8a3ffffffff-2016-04,4
842b8a3ffffffff-2016-05,5
842b8a3ffffffff-2016-07,3
842b8a3ffffffff-2016-08,30
842b8a3ffffffff-2016-09,24
842b8a3ffffffff-2016-10,1
842b8a3ffffffff-2016-11,3
842b8a3ffffffff-2017-04,7
842b8a3ffffffff-2017-05,28
842b8a3ffffffff-2017-07,10
842b8a3ffffffff-2017-08,9
842b8a3ffffffff-2017-09,13
842b8a3ffffffff-2018-04,8
842b8a3ffffffff-2018-05,7
842b8a3ffffffff-2018-07,16
842b8a3ffffffff-2018-08,6
842b8a3ffffffff-2018-09,23
842b8a3ffffffff-2018-10,2
842b8a3ffffffff-2019-04,13
842b8a3ffffffff-2019-05,49
842b8a3ffffffff-2019-07,5
842b8a3ffffffff-2019-08,13
842b8a3ffffffff-2019-09,19
842b8a3ffffffff-2019-10,2
842b8a3ffffffff-2020-03,1
842b8a3ffffffff-2020-04,4
842b8a3ffffffff-2020-05,45
842b8a3ffffffff-2020-07,10
842b8a3ffffffff-2020-08,20
842b8a3ffffffff-2020-09,22
842b8a3ffffffff-2020-10,3
842b8a3ffffffff-2021-04,8
842b8a3ffffffff-2021-05,42
842b8a3ffffffff-2021-07,1
842b8a3ffffffff-2021-08,91
842b8a3ffffffff-2021-09,195
842b8a3ffffffff-2021-10,6
842b8a3ffffffff-2022-04,11
842b8a3ffffffff-2022-05,23
842b8a3ffffffff-2022-07,11
842b8a3ffffffff-2022-08,9
842b8a3ffffffff-2022-09,10
842b8a3ffffffff-2022-10,1
842b8a3ffffffff-2023-04,29
842b8a3ffffffff-2023-05,35
842b8a3ffffffff-2023-07,45
842b8a3ffffffff-2023-08,70
842b8a3ffffffff-2023-09,42
842b8a3ffffffff-2023-10,16
842b8a7ffffffff-2012-03,3
842b8a7ffffffff-2012-04,12
842b8a7ffffffff-2012-05,13
842b8a7ffffffff-2012-07,9
842b8a7ffffffff-2012-08,11
842b8a7ffffffff-2012-09,10
842b8a7ffffffff-2012-10,4
842b8a7ffffffff-2013-04,30
842b8a7ffffffff-2013-05,57
842b8a7ffffffff-2013-07,11
842b8a7ffffffff-2013-08,37
842b8a7ffffffff-2013-09,18
842b8a7ffffffff-2013-10,23
842b8a7ffffffff-2014-04,53
842b8a7ffffffff-2014-05,36
842b8a7ffffffff-2014-07,16
842b8a7ffffffff-2014-08,18
842b8a7ffffffff-2014-09,25
842b8a7ffffffff-2014-10,5
842b8a7ffffffff-2015-04,18
842b8a7ffffffff-2015-05,14
842b8a7ffffffff-2015-08,18
842b8a7ffffffff-2015-09,20
842b8a7ffffffff-2015-10,5
842b8a7ffffffff-2016-04,22
842b8a7ffffffff-2016-05,19
842b8a7ffffffff-2016-07,11
842b8a7ffffffff-2016-08,73
842b8a7ffffffff-2016-09,96
842b8a7ffffffff-2016-10,3
842b8a7ffffffff-2017-03,2
842b8a7ffffffff-2017-04,28
842b8a7ffffffff-2017-05,44
842b8a7ffffffff-2017-07,1
842b8a7ffffffff-2017-08,12
842b8a7ffffffff-2017-09,90
842b8a7ffffffff-2017-10,11
842b8a7ffffffff-2018-04,57
842b8a7ffffffff-2018-05,25
842b8a7ffffffff-2018-07,24
842b8a7ffffffff-2018-08,12
842b8a7ffffffff-2018-09,42
842b8a7ffffffff-2018-10,2
842b8a7ffffffff-2019-04,85
842b8a7ffffffff-2019-05,65
842b8a7ffffffff-2019-07,52
842b8a7ffffffff-2019-08,59
842b8a7ffffffff-2019-09,19
842b8a7ffffffff-2019-10,7
842b8a7ffffffff-2019-11,6
842b8a7ffffffff-2020-04,60
842b8a7ffffffff-2020-05,55
842b8a7ffffffff-2020-07,40
842b8a7ffffffff-2020-08,96
842b8a7ffffffff-2020-09,24
842b8a7ffffffff-2020-10,17
842b8a7ffffffff-2021-03,1
842b8a7ffffffff-2021-04,27
842b8a7ffffffff-2021-05,52
842b8a7ffffffff-2021-07,8
842b8a7ffffffff-2021-08,9
842b8a7ffffffff-2021-09,10
842b8a7ffffffff-2021-10,3
842b8a7ffffffff-2022-03,6
842b8a7ffffffff-2022-04,80
842b8a7ffffffff-2022-05,46
842b8a7ffffffff-2022-07,6
842b8a7ffffffff-2022-08,14
842b8a7ffffffff-2022-09,9
842b8a7ffffffff-2022-10,10
842b8a7ffffffff-2023-03,1
842b8a7ffffffff-2023-04,29
842b8a7ffffffff-2023-05,61
842b8a7ffffffff-2023-06,1
842b8a7ffffffff-2023-07,4
842b8a7ffffffff-2023-08,21
842b8a7ffffffff-2023-09,41
842b8a7ffffffff-2023-10,9
842b8a7ffffffff-2023-11,1
842b8a9ffffffff-2014-05,2
842b8a9ffffffff-2014-10,1
842b8a9ffffffff-2015-05,2
842b8a9ffffffff-2015-08,1
842b8a9ffffffff-2017-09,1
842b8a9ffffffff-2019-04,1
842b8a9ffffffff-2019-05,3
842b8a9ffffffff-2019-07,1
842b8a9ffffffff-2020-04,1
842b8a9ffffffff-2020-09,1
842b8a9ffffffff-2021-10,1
842b8a9ffffffff-2022-04,2
842b8a9ffffffff-2022-05,1
842b8a9ffffffff-2023-04,1
842b8a9ffffffff-2023-05,3
842b8abffffffff-2012-09,5
842b8abffffffff-2016-08,1
842b8abffffffff-2017-09,2
842b8abffffffff-2019-05,1
842b8abffffffff-2020-05,1
842b8abffffffff-2020-08,2
842b8abffffffff-2020-09,7
842b8adffffffff-2012-07,5
842b8adffffffff-2012-08,2
842b8adffffffff-2013-07,1
842b8adffffffff-2014-05,1
842b8adffffffff-2014-08,2
842b8adffffffff-2014-09,8
842b8adffffffff-2014-10,4
842b8adffffffff-2015-09,4
842b8adffffffff-2016-08,2
842b8adffffffff-2017-05,3
842b8adffffffff-2017-09,2
842b8adffffffff-2018-04,2
842b8adffffffff-2018-06,1
842b8adffffffff-2018-09,12
842b8adffffffff-2018-10,2
842b8adffffffff-2019-04,1
842b8adffffffff-2019-05,1
842b8adffffffff-2020-07,1
842b8adffffffff-2020-08,3
842b8adffffffff-2020-09,1
842b8adffffffff-2020-10,8
842b8adffffffff-2021-04,1
842b8adffffffff-2021-05,7
842b8adffffffff-2021-08,4
842b8adffffffff-2021-09,3
842b8adffffffff-2021-10,7
842b8adffffffff-2022-08,7
842b8adffffffff-2022-09,2
842b8adffffffff-2022-10,11
842b8adffffffff-2022-11,7
842b8adffffffff-2023-08,1
842b8adffffffff-2023-09,3
842b8adffffffff-2023-10,5
842b8b1ffffffff-2015-08,1
842b8b1ffffffff-2016-08,1
842b8b1ffffffff-2016-09,4
842b8b1ffffffff-2017-05,1
842b8b1ffffffff-2017-07,1
842b8b1ffffffff-2017-08,3
842b8b1ffffffff-2017-09,2
842b8b1ffffffff-2017-10,1
842b8b1ffffffff-2018-07,7
842b8b1ffffffff-2018-08,1
842b8b1ffffffff-2018-09,2
842b8b1ffffffff-2019-04,6
842b8b1ffffffff-2019-07,1
842b8b1ffffffff-2019-08,3
842b8b1ffffffff-2019-09,5
842b8b1ffffffff-2020-05,2
842b8b1ffffffff-2020-07,3
842b8b1ffffffff-2020-08,7
842b8b1ffffffff-2020-09,1
842b8b1ffffffff-2021-05,1
842b8b1ffffffff-2021-09,3
842b8b1ffffffff-2021-10,1
842b8b1ffffffff-2022-05,5
842b8b1ffffffff-2022-07,1
842b8b1ffffffff-2022-08,3
842b8b1ffffffff-2022-09,3
842b8b1ffffffff-2022-10,1
842b8b1ffffffff-2023-05,5
842b8b1ffffffff-2023-07,3
842b8b1ffffffff-2023-08,6
842b8b1ffffffff-2023-09,9
842b8b3ffffffff-2016-08,1
842b8b3ffffffff-2019-05,1
842b8b5ffffffff-2012-08,1
842b8b5ffffffff-2013-04,1
842b8b5ffffffff-2013-08,1
842b8b5ffffffff-2015-05,1
842b8b5ffffffff-2016-05,1
842b8b5ffffffff-2016-07,1
842b8b5ffffffff-2017-04,3
842b8b5ffffffff-2017-05,1
842b8b5ffffffff-2017-07,6
842b8b5ffffffff-2017-08,9
842b8b5ffffffff-2018-05,1
842b8b5ffffffff-2019-04,2
842b8b5ffffffff-2019-05,1
842b8b5ffffffff-2020-04,1
842b8b5ffffffff-2020-08,2
842b8b5ffffffff-2021-05,1
842b8b5ffffffff-2021-08,2
842b8b5ffffffff-2022-08,1
842b8b7ffffffff-2012-05,1
842b8b7ffffffff-2013-07,2
842b8b7ffffffff-2013-08,1
842b8b7ffffffff-2013-09,2
842b8b7ffffffff-2013-10,1
842b8b7ffffffff-2013-11,1
842b8b7ffffffff-2014-04,5
842b8b7ffffffff-2014-05,7
842b8b7ffffffff-2014-08,1
842b8b7ffffffff-2014-09,2
842b8b7ffffffff-2015-04,7
842b8b7ffffffff-2015-05,8
842b8b7ffffffff-2015-09,2
842b8b7ffffffff-2015-10,1
842b8b7ffffffff-2016-04,15
842b8b7ffffffff-2016-05,15
842b8b7ffffffff-2016-07,2
842b8b7ffffffff-2016-08,6
842b8b7ffffffff-2016-09,2
842b8b7ffffffff-2017-04,3
842b8b7ffffffff-2017-05,22
842b8b7ffffffff-2017-08,5
842b8b7ffffffff-2018-04,20
842b8b7ffffffff-2018-05,32
842b8b7ffffffff-2018-07,3
842b8b7ffffffff-2018-08,2
842b8b7ffffffff-2018-09,1
842b8b7ffffffff-2019-04,7
842b8b7ffffffff-2019-05,28
842b8b7ffffffff-2019-08,2
842b8b7ffffffff-2019-09,1
842b8b7ffffffff-2020-04,3
842b8b7ffffffff-2020-05,22
842b8b7ffffffff-2020-08,11
842b8b7ffffffff-2020-09,8
842b8b7ffffffff-2020-10,26
842b8b7ffffffff-2020-11,2
842b8b7ffffffff-2021-04,3
842b8b7ffffffff-2021-05,34
842b8b7ffffffff-2021-08,5
842b8b7ffffffff-2021-09,5
842b8b7ffffffff-2021-10,1
842b8b7ffffffff-2022-04,15
842b8b7ffffffff-2022-05,34
842b8b7ffffffff-2022-07,2
842b8b7ffffffff-2022-08,2
842b8b7ffffffff-2022-10,2
842b8b7ffffffff-2023-04,12
842b8b7ffffffff-2023-05,33
842b8b7ffffffff-2023-07,2
842b8b7ffffffff-2023-08,1
842b8b9ffffffff-2012-07,6
842b8b9ffffffff-2012-08,3
842b8b9ffffffff-2012-10,2
842b8b9ffffffff-2012-11,1
842b8b9ffffffff-2013-05,3
842b8b9ffffffff-2014-04,4
842b8b9ffffffff-2014-05,1
842b8b9ffffffff-2014-08,2
842b8b9ffffffff-2015-05,4
842b8b9ffffffff-2015-07,1
842b8b9ffffffff-2015-08,20
842b8b9ffffffff-2015-09,1
842b8b9ffffffff-2016-04,1
842b8b9ffffffff-2016-07,7
842b8b9ffffffff-2016-10,7
842b8b9ffffffff-2017-04,1
842b8b9ffffffff-2017-05,3
842b8b9ffffffff-2017-07,2
842b8b9ffffffff-2017-08,2
842b8b9ffffffff-2017-09,2
842b8b9ffffffff-2018-04,3
842b8b9ffffffff-2018-05,4
842b8b9ffffffff-2018-09,1
842b8b9ffffffff-2019-04,2
842b8b9ffffffff-2019-05,1
842b8b9ffffffff-2019-07,2
842b8b9ffffffff-2019-08,7
842b8b9ffffffff-2019-09,2
842b8b9ffffffff-2019-10,2
842b8b9ffffffff-2020-04,1
842b8b9ffffffff-2020-10,3
842b8b9ffffffff-2021-05,1
842b8b9ffffffff-2021-08,10
842b8b9ffffffff-2021-09,1
842b8b9ffffffff-2021-10,3
842b8b9ffffffff-2022-08,2
842b8b9ffffffff-2022-09,4
842b8b9ffffffff-2023-08,1
842b8b9ffffffff-2023-09,1
842b8b9ffffffff-2023-10,4
842b8bbffffffff-2014-10,1
842b8bbffffffff-2015-05,1
842b8bbffffffff-2020-05,1
842b8bbffffffff-2022-09,1
842b8bdffffffff-2012-07,1
842b8bdffffffff-2012-08,1
842b8bdffffffff-2012-09,2
842b8bdffffffff-2012-10,1
842b8bdffffffff-2012-11,1
842b8bdffffffff-2013-04,1
842b8bdffffffff-2013-07,11
842b8bdffffffff-2013-08,20
842b8bdffffffff-2013-09,2
842b8bdffffffff-2014-04,2
842b8bdffffffff-2014-05,3
842b8bdffffffff-2014-08,8
842b8bdffffffff-2015-08,2
842b8bdffffffff-2015-09,3
842b8bdffffffff-2016-07,1
842b8bdffffffff-2016-08,6
842b8bdffffffff-2016-09,5
842b8bdffffffff-2016-10,13
842b8bdffffffff-2017-07,1
842b8bdffffffff-2017-08,6
842b8bdffffffff-2017-09,23
842b8bdffffffff-2017-10,7
842b8bdffffffff-2018-05,1
842b8bdffffffff-2018-07,14
842b8bdffffffff-2018-08,24
842b8bdffffffff-2018-09,11
842b8bdffffffff-2018-10,1
842b8bdffffffff-2019-04,5
842b8bdffffffff-2019-05,13
842b8bdffffffff-2019-07,1
842b8bdffffffff-2019-08,8
842b8bdffffffff-2019-09,14
842b8bdffffffff-2019-10,4
842b8bdffffffff-2020-04,1
842b8bdffffffff-2020-05,15
842b8bdffffffff-2020-07,3
842b8bdffffffff-2020-08,4
842b8bdffffffff-2020-09,2
842b8bdffffffff-2020-10,6
842b8bdffffffff-2021-04,1
842b8bdffffffff-2021-05,8
842b8bdffffffff-2021-08,5
842b8bdffffffff-2021-09,1
842b8bdffffffff-2022-05,1
842b8bdffffffff-2022-08,2
842b8bdffffffff-2022-09,1
842b8bdffffffff-2022-10,1
842b8bdffffffff-2023-04,1
842b8bdffffffff-2023-05,2
842b8bdffffffff-2023-08,1
842b8bdffffffff-2023-09,1
842b8bdffffffff-2023-10,1
842b8c1ffffffff-2020-08,1
842b8c1ffffffff-2021-05,1
842b8c1ffffffff-2023-08,1
842b8c1ffffffff-2023-10,1
842b8c1ffffffff-2023-11,1
842b8c3ffffffff-2019-08,3
842b8c3ffffffff-2021-08,2
842b8c5ffffffff-2018-07,1
842b8c5ffffffff-2022-07,1
842b8c7ffffffff-2014-05,1
842b8c7ffffffff-2014-09,1
842b8c7ffffffff-2017-07,3
842b8c7ffffffff-2019-10,1
842b8c7ffffffff-2020-05,3
842b8c7ffffffff-2021-05,2
842b8c7ffffffff-2021-07,4
842b8c7ffffffff-2022-05,1
842b8c7ffffffff-2022-10,1
842b8c7ffffffff-2023-08,3
842b8c9ffffffff-2012-08,2
842b8c9ffffffff-2013-08,7
842b8c9ffffffff-2013-09,4
842b8c9ffffffff-2014-04,1
842b8c9ffffffff-2014-07,1
842b8c9ffffffff-2014-08,2
842b8c9ffffffff-2014-09,1
842b8c9ffffffff-2014-10,5
842b8c9ffffffff-2014-11,1
842b8c9ffffffff-2015-07,8
842b8c9ffffffff-2015-08,6
842b8c9ffffffff-2015-09,4
842b8c9ffffffff-2016-05,5
842b8c9ffffffff-2016-07,2
842b8c9ffffffff-2016-08,7
842b8c9ffffffff-2016-09,3
842b8c9ffffffff-2016-10,5
842b8c9ffffffff-2017-04,2
842b8c9ffffffff-2017-05,3
842b8c9ffffffff-2017-07,1
842b8c9ffffffff-2017-08,10
842b8c9ffffffff-2017-09,2
842b8c9ffffffff-2017-11,1
842b8c9ffffffff-2018-05,8
842b8c9ffffffff-2018-07,1
842b8c9ffffffff-2018-08,5
842b8c9ffffffff-2018-09,17
842b8c9ffffffff-2018-10,7
842b8c9ffffffff-2019-04,2
842b8c9ffffffff-2019-05,6
842b8c9ffffffff-2019-07,6
842b8c9ffffffff-2019-08,6
842b8c9ffffffff-2019-09,1
842b8c9ffffffff-2019-10,1
842b8c9ffffffff-2020-05,2
842b8c9ffffffff-2020-08,6
842b8c9ffffffff-2020-09,7
842b8c9ffffffff-2020-10,4
842b8c9ffffffff-2021-05,4
842b8c9ffffffff-2021-07,1
842b8c9ffffffff-2021-08,5
842b8c9ffffffff-2021-09,19
842b8c9ffffffff-2021-10,3
842b8c9ffffffff-2022-04,7
842b8c9ffffffff-2022-05,6
842b8c9ffffffff-2022-08,6
842b8c9ffffffff-2022-09,5
842b8c9ffffffff-2023-05,4
842b8c9ffffffff-2023-08,5
842b8c9ffffffff-2023-09,2
842b8c9ffffffff-2023-10,1
842b8cbffffffff-2012-05,4
842b8cbffffffff-2012-07,4
842b8cbffffffff-2012-08,63
842b8cbffffffff-2012-09,38
842b8cbffffffff-2012-10,33
842b8cbffffffff-2012-11,2
842b8cbffffffff-2013-05,7
842b8cbffffffff-2013-08,44
842b8cbffffffff-2013-09,7
842b8cbffffffff-2013-10,6
842b8cbffffffff-2013-11,4
842b8cbffffffff-2014-05,10
842b8cbffffffff-2014-06,3
842b8cbffffffff-2014-07,3
842b8cbffffffff-2014-08,14
842b8cbffffffff-2014-09,40
842b8cbffffffff-2014-10,28
842b8cbffffffff-2014-11,1
842b8cbffffffff-2015-04,19
842b8cbffffffff-2015-05,9
842b8cbffffffff-2015-07,2
842b8cbffffffff-2015-08,12
842b8cbffffffff-2015-09,16
842b8cbffffffff-2015-10,3
842b8cbffffffff-2016-04,1
842b8cbffffffff-2016-05,31
842b8cbffffffff-2016-06,1
842b8cbffffffff-2016-07,7
842b8cbffffffff-2016-08,121
842b8cbffffffff-2016-09,128
842b8cbffffffff-2016-10,51
842b8cbffffffff-2016-11,2
842b8cbffffffff-2017-04,10
842b8cbffffffff-2017-05,34
842b8cbffffffff-2017-07,6
842b8cbffffffff-2017-08,20
842b8cbffffffff-2017-09,31
842b8cbffffffff-2017-10,9
842b8cbffffffff-2018-04,2
842b8cbffffffff-2018-05,7
842b8cbffffffff-2018-07,12
842b8cbffffffff-2018-08,152
842b8cbffffffff-2018-09,104
842b8cbffffffff-2018-10,23
842b8cbffffffff-2019-04,8
842b8cbffffffff-2019-05,9
842b8cbffffffff-2019-08,59
842b8cbffffffff-2019-09,45
842b8cbffffffff-2019-10,2
842b8cbffffffff-2020-05,26
842b8cbffffffff-2020-07,30
842b8cbffffffff-2020-08,139
842b8cbffffffff-2020-09,114
842b8cbffffffff-2020-10,21
842b8cbffffffff-2020-11,1
842b8cbffffffff-2021-04,2
842b8cbffffffff-2021-05,22
842b8cbffffffff-2021-07,8
842b8cbffffffff-2021-08,75
842b8cbffffffff-2021-09,123
842b8cbffffffff-2021-10,66
842b8cbffffffff-2022-04,10
842b8cbffffffff-2022-05,23
842b8cbffffffff-2022-07,4
842b8cbffffffff-2022-08,201
842b8cbffffffff-2022-09,106
842b8cbffffffff-2022-10,41
842b8cbffffffff-2023-04,45
842b8cbffffffff-2023-05,30
842b8cbffffffff-2023-07,50
842b8cbffffffff-2023-08,66
842b8cbffffffff-2023-09,18
842b8cbffffffff-2023-10,3
842b8cdffffffff-2013-08,4
842b8cdffffffff-2015-04,1
842b8cdffffffff-2015-09,2
842b8cdffffffff-2016-05,1
842b8cdffffffff-2017-10,2
842b8cdffffffff-2018-05,4
842b8cdffffffff-2019-08,3
842b8cdffffffff-2019-09,5
842b8cdffffffff-2020-08,2
842b8cdffffffff-2021-05,1
842b8d1ffffffff-2012-05,2
842b8d1ffffffff-2012-07,2
842b8d1ffffffff-2012-08,1
842b8d1ffffffff-2012-09,1
842b8d1ffffffff-2012-10,1
842b8d1ffffffff-2013-08,1
842b8d1ffffffff-2014-05,1
842b8d1ffffffff-2014-09,2
842b8d1ffffffff-2015-05,2
842b8d1ffffffff-2015-08,1
842b8d1ffffffff-2015-09,1
842b8d1ffffffff-2016-05,6
842b8d1ffffffff-2016-07,1
842b8d1ffffffff-2017-04,1
842b8d1ffffffff-2017-05,5
842b8d1ffffffff-2017-09,1
842b8d1ffffffff-2017-10,1
842b8d1ffffffff-2018-05,1
842b8d1ffffffff-2018-10,2
842b8d1ffffffff-2019-05,1
842b8d1ffffffff-2020-10,4
842b8d1ffffffff-2021-05,1
842b8d1ffffffff-2022-05,4
842b8d1ffffffff-2023-05,1
842b8d1ffffffff-2023-07,1
842b8d3ffffffff-2015-08,1
842b8d3ffffffff-2015-09,1
842b8d3ffffffff-2016-08,1
842b8d3ffffffff-2019-05,4
842b8d3ffffffff-2021-05,1
842b8d3ffffffff-2021-08,2
842b8d3ffffffff-2022-08,1
842b8d3ffffffff-2022-10,1
842b8d5ffffffff-2013-08,1
842b8d5ffffffff-2014-08,2
842b8d5ffffffff-2015-09,1
842b8d5ffffffff-2016-08,1
842b8d5ffffffff-2017-07,1
842b8d5ffffffff-2017-08,2
842b8d5ffffffff-2018-08,3
842b8d5ffffffff-2018-09,30
842b8d5ffffffff-2018-10,2
842b8d5ffffffff-2019-08,2
842b8d5ffffffff-2019-09,7
842b8d5ffffffff-2019-10,1
842b8d5ffffffff-2020-08,6
842b8d5ffffffff-2020-09,8
842b8d5ffffffff-2020-10,3
842b8d5ffffffff-2021-05,1
842b8d5ffffffff-2021-08,2
842b8d5ffffffff-2021-09,2
842b8d5ffffffff-2021-10,3
842b8d5ffffffff-2022-08,12
842b8d5ffffffff-2022-09,15
842b8d5ffffffff-2023-05,1
842b8d7ffffffff-2012-04,1
842b8d7ffffffff-2012-08,1
842b8d7ffffffff-2014-05,3
842b8d7ffffffff-2014-08,3
842b8d7ffffffff-2016-05,1
842b8d7ffffffff-2016-08,2
842b8d7ffffffff-2016-09,1
842b8d7ffffffff-2017-08,1
842b8d7ffffffff-2017-09,1
842b8d7ffffffff-2017-10,1
842b8d7ffffffff-2018-08,1
842b8d7ffffffff-2018-09,3
842b8d7ffffffff-2019-05,5
842b8d7ffffffff-2019-08,1
842b8d7ffffffff-2020-04,1
842b8d7ffffffff-2020-05,1
842b8d7ffffffff-2021-04,1
842b8d7ffffffff-2021-05,3
842b8d7ffffffff-2021-09,1
842b8d7ffffffff-2022-07,1
842b8d9ffffffff-2012-08,1
842b8d9ffffffff-2014-05,1
842b8d9ffffffff-2014-08,1
842b8d9ffffffff-2014-09,1
842b8d9ffffffff-2017-05,3
842b8d9ffffffff-2017-08,1
842b8d9ffffffff-2018-07,1
842b8d9ffffffff-2019-07,2
842b8d9ffffffff-2020-05,2
842b8d9ffffffff-2020-09,1
842b8dbffffffff-2012-05,4
842b8dbffffffff-2012-07,5
842b8dbffffffff-2013-08,24
842b8dbffffffff-2013-09,3
842b8dbffffffff-2014-04,1
842b8dbffffffff-2014-05,3
842b8dbffffffff-2014-08,6
842b8dbffffffff-2015-05,2
842b8dbffffffff-2015-08,2
842b8dbffffffff-2016-05,1
842b8dbffffffff-2016-09,1
842b8dbffffffff-2017-04,1
842b8dbffffffff-2017-05,4
842b8dbffffffff-2017-08,4
842b8dbffffffff-2019-04,2
842b8dbffffffff-2019-05,7
842b8dbffffffff-2019-08,5
842b8dbffffffff-2020-05,11
842b8dbffffffff-2020-07,6
842b8dbffffffff-2020-08,6
842b8dbffffffff-2020-09,5
842b8dbffffffff-2021-05,1
842b8dbffffffff-2021-08,1
842b8dbffffffff-2022-05,3
842b8dbffffffff-2022-07,3
842b8dbffffffff-2022-08,1
842b8dbffffffff-2022-09,1
842b8dbffffffff-2023-05,2
842b8dbffffffff-2023-08,5
842b8dbffffffff-2023-09,5
842b8dbffffffff-2023-10,2
842b8ddffffffff-2012-05,4
842b8ddffffffff-2012-06,1
842b8ddffffffff-2012-07,11
842b8ddffffffff-2012-08,17
842b8ddffffffff-2012-09,22
842b8ddffffffff-2012-10,4
842b8ddffffffff-2013-04,2
842b8ddffffffff-2013-05,8
842b8ddffffffff-2013-08,35
842b8ddffffffff-2013-09,20
842b8ddffffffff-2013-10,11
842b8ddffffffff-2014-05,27
842b8ddffffffff-2014-07,2
842b8ddffffffff-2014-08,41
842b8ddffffffff-2014-09,63
842b8ddffffffff-2014-10,30
842b8ddffffffff-2014-11,1
842b8ddffffffff-2015-05,17
842b8ddffffffff-2015-08,27
842b8ddffffffff-2015-09,84
842b8ddffffffff-2015-10,36
842b8ddffffffff-2016-03,2
842b8ddffffffff-2016-04,12
842b8ddffffffff-2016-05,4
842b8ddffffffff-2016-07,29
842b8ddffffffff-2016-08,80
842b8ddffffffff-2016-09,95
842b8ddffffffff-2016-10,20
842b8ddffffffff-2017-04,12
842b8ddffffffff-2017-05,4
842b8ddffffffff-2017-07,1
842b8ddffffffff-2017-08,6
842b8ddffffffff-2017-09,24
842b8ddffffffff-2017-10,13
842b8ddffffffff-2018-05,12
842b8ddffffffff-2018-07,3
842b8ddffffffff-2018-08,183
842b8ddffffffff-2018-09,79
842b8ddffffffff-2018-10,13
842b8ddffffffff-2019-04,10
842b8ddffffffff-2019-05,17
842b8ddffffffff-2019-07,1
842b8ddffffffff-2019-08,7
842b8ddffffffff-2019-09,78
842b8ddffffffff-2019-10,13
842b8ddffffffff-2020-05,6
842b8ddffffffff-2020-07,3
842b8ddffffffff-2020-08,71
842b8ddffffffff-2020-09,120
842b8ddffffffff-2020-10,73
842b8ddffffffff-2020-11,2
842b8ddffffffff-2021-04,1
842b8ddffffffff-2021-05,15
842b8ddffffffff-2021-07,2
842b8ddffffffff-2021-08,40
842b8ddffffffff-2021-09,137
842b8ddffffffff-2021-10,15
842b8ddffffffff-2022-03,1
842b8ddffffffff-2022-04,7
842b8ddffffffff-2022-05,2
842b8ddffffffff-2022-06,1
842b8ddffffffff-2022-07,3
842b8ddffffffff-2022-08,108
842b8ddffffffff-2022-09,62
842b8ddffffffff-2022-10,4
842b8ddffffffff-2023-04,9
842b8ddffffffff-2023-05,59
842b8ddffffffff-2023-07,32
842b8ddffffffff-2023-08,116
842b8ddffffffff-2023-09,21
842b8ddffffffff-2023-10,4
842b8e1ffffffff-2012-08,4
842b8e1ffffffff-2012-09,7
842b8e1ffffffff-2013-07,1
842b8e1ffffffff-2014-04,1
842b8e1ffffffff-2014-05,1
842b8e1ffffffff-2014-09,1
842b8e1ffffffff-2016-05,1
842b8e1ffffffff-2016-08,1
842b8e1ffffffff-2017-05,1
842b8e1ffffffff-2017-09,1
842b8e1ffffffff-2018-04,1
842b8e1ffffffff-2018-05,1
842b8e1ffffffff-2019-05,4
842b8e1ffffffff-2020-05,1
842b8e1ffffffff-2020-09,1
842b8e1ffffffff-2020-11,1
842b8e1ffffffff-2022-08,4
842b8e1ffffffff-2022-09,1
842b8e1ffffffff-2023-05,3
842b8e1ffffffff-2023-08,1
842b8e3ffffffff-2014-08,1
842b8e3ffffffff-2015-04,1
842b8e3ffffffff-2016-05,2
842b8e3ffffffff-2018-08,2
842b8e3ffffffff-2018-09,1
842b8e3ffffffff-2023-09,1
842b8e5ffffffff-2012-04,2
842b8e5ffffffff-2016-04,2
842b8e5ffffffff-2016-05,2
842b8e5ffffffff-2016-09,3
842b8e5ffffffff-2017-05,3
842b8e5ffffffff-2017-08,11
842b8e5ffffffff-2018-04,20
842b8e5ffffffff-2018-05,12
842b8e5ffffffff-2018-08,1
842b8e5ffffffff-2019-04,2
842b8e5ffffffff-2019-05,4
842b8e5ffffffff-2020-04,5
842b8e5ffffffff-2020-05,25
842b8e5ffffffff-2020-08,1
842b8e5ffffffff-2020-09,1
842b8e5ffffffff-2020-10,1
842b8e5ffffffff-2021-05,2
842b8e5ffffffff-2021-07,1
842b8e5ffffffff-2021-08,3
842b8e5ffffffff-2021-10,2
842b8e5ffffffff-2022-04,8
842b8e5ffffffff-2022-05,4
842b8e5ffffffff-2023-04,2
842b8e5ffffffff-2023-05,11
842b8e5ffffffff-2023-08,2
842b8e5ffffffff-2023-10,1
842b8e7ffffffff-2013-11,2
842b8e7ffffffff-2014-04,6
842b8e7ffffffff-2014-08,1
842b8e7ffffffff-2015-05,1
842b8e7ffffffff-2015-07,3
842b8e7ffffffff-2015-08,36
842b8e7ffffffff-2015-09,6
842b8e7ffffffff-2016-05,3
842b8e7ffffffff-2016-07,7
842b8e7ffffffff-2016-08,37
842b8e7ffffffff-2016-09,13
842b8e7ffffffff-2016-10,12
842b8e7ffffffff-2017-04,2
842b8e7ffffffff-2017-08,15
842b8e7ffffffff-2017-09,3
842b8e7ffffffff-2017-10,1
842b8e7ffffffff-2018-05,3
842b8e7ffffffff-2018-07,3
842b8e7ffffffff-2018-08,24
842b8e7ffffffff-2018-09,11
842b8e7ffffffff-2019-05,1
842b8e7ffffffff-2019-07,1
842b8e7ffffffff-2019-08,11
842b8e7ffffffff-2019-09,1
842b8e7ffffffff-2020-05,10
842b8e7ffffffff-2020-07,3
842b8e7ffffffff-2020-08,30
842b8e7ffffffff-2020-09,5
842b8e7ffffffff-2020-10,1
842b8e7ffffffff-2020-11,1
842b8e7ffffffff-2021-05,4
842b8e7ffffffff-2021-07,20
842b8e7ffffffff-2021-08,46
842b8e7ffffffff-2021-09,15
842b8e7ffffffff-2021-10,12
842b8e7ffffffff-2022-05,12
842b8e7ffffffff-2022-07,4
842b8e7ffffffff-2022-08,27
842b8e7ffffffff-2022-09,6
842b8e7ffffffff-2022-10,11
842b8e7ffffffff-2023-05,6
842b8e7ffffffff-2023-07,3
842b8e7ffffffff-2023-08,2
842b8e7ffffffff-2023-10,2
842b8e9ffffffff-2012-04,1
842b8e9ffffffff-2012-05,2
842b8e9ffffffff-2012-07,3
842b8e9ffffffff-2012-08,4
842b8e9ffffffff-2012-09,7
842b8e9ffffffff-2012-10,4
842b8e9ffffffff-2013-04,1
842b8e9ffffffff-2013-05,2
842b8e9ffffffff-2013-07,2
842b8e9ffffffff-2013-08,8
842b8e9ffffffff-2013-09,4
842b8e9ffffffff-2013-10,3
842b8e9ffffffff-2014-07,1
842b8e9ffffffff-2014-08,9
842b8e9ffffffff-2014-09,9
842b8e9ffffffff-2014-10,5
842b8e9ffffffff-2015-05,2
842b8e9ffffffff-2015-08,11
842b8e9ffffffff-2015-09,23
842b8e9ffffffff-2015-10,12
842b8e9ffffffff-2016-05,4
842b8e9ffffffff-2016-06,1
842b8e9ffffffff-2016-07,1
842b8e9ffffffff-2016-08,7
842b8e9ffffffff-2016-09,7
842b8e9ffffffff-2016-10,2
842b8e9ffffffff-2017-04,1
842b8e9ffffffff-2017-05,2
842b8e9ffffffff-2017-07,6
842b8e9ffffffff-2017-08,28
842b8e9ffffffff-2017-09,30
842b8e9ffffffff-2017-10,10
842b8e9ffffffff-2018-04,4
842b8e9ffffffff-2018-05,4
842b8e9ffffffff-2018-07,5
842b8e9ffffffff-2018-08,27
842b8e9ffffffff-2018-09,52
842b8e9ffffffff-2018-10,17
842b8e9ffffffff-2019-05,1
842b8e9ffffffff-2019-07,1
842b8e9ffffffff-2019-08,22
842b8e9ffffffff-2019-09,51
842b8e9ffffffff-2019-10,1
842b8e9ffffffff-2020-04,2
842b8e9ffffffff-2020-05,14
842b8e9ffffffff-2020-06,2
842b8e9ffffffff-2020-07,21
842b8e9ffffffff-2020-08,37
842b8e9ffffffff-2020-09,28
842b8e9ffffffff-2020-10,48
842b8e9ffffffff-2021-05,6
842b8e9ffffffff-2021-07,3
842b8e9ffffffff-2021-08,37
842b8e9ffffffff-2021-09,42
842b8e9ffffffff-2021-10,6
842b8e9ffffffff-2022-05,4
842b8e9ffffffff-2022-07,12
842b8e9ffffffff-2022-08,118
842b8e9ffffffff-2022-09,63
842b8e9ffffffff-2022-10,1
842b8e9ffffffff-2023-04,2
842b8e9ffffffff-2023-05,5
842b8e9ffffffff-2023-08,5
842b8e9ffffffff-2023-09,5
842b8e9ffffffff-2023-10,3
842b8ebffffffff-2018-08,1
842b8ebffffffff-2018-09,1
842b8ebffffffff-2018-10,1
842b8edffffffff-2013-08,1
842b8edffffffff-2014-05,1
842b8edffffffff-2014-08,2
842b8edffffffff-2014-09,8
842b8edffffffff-2015-04,1
842b8edffffffff-2015-09,1
842b8edffffffff-2016-04,1
842b8edffffffff-2016-08,2
842b8edffffffff-2017-09,2
842b8edffffffff-2017-10,2
842b8edffffffff-2018-04,1
842b8edffffffff-2018-05,3
842b8edffffffff-2018-10,1
842b8edffffffff-2019-05,1
842b8edffffffff-2020-04,1
842b8edffffffff-2020-05,4
842b8edffffffff-2020-07,1
842b8edffffffff-2020-08,1
842b8edffffffff-2020-09,1
842b8edffffffff-2021-04,1
842b8edffffffff-2021-05,3
842b8edffffffff-2021-08,1
842b8edffffffff-2021-10,1
842b8edffffffff-2022-04,4
842b8edffffffff-2022-05,15
842b8edffffffff-2022-08,1
842b8edffffffff-2022-09,1
842b8edffffffff-2022-10,1
842b8edffffffff-2023-04,5
842b8edffffffff-2023-05,43
842b8edffffffff-2023-07,1
842b8edffffffff-2023-08,2
842b909ffffffff-2012-05,4
842b909ffffffff-2012-09,1
842b909ffffffff-2013-05,5
842b909ffffffff-2014-04,2
842b909ffffffff-2014-05,9
842b909ffffffff-2014-08,6
842b909ffffffff-2014-09,7
842b909ffffffff-2015-05,23
842b909ffffffff-2015-07,1
842b909ffffffff-2015-08,14
842b909ffffffff-2015-09,2
842b909ffffffff-2016-04,1
842b909ffffffff-2016-05,24
842b909ffffffff-2016-07,1
842b909ffffffff-2016-08,18
842b909ffffffff-2016-09,7
842b909ffffffff-2017-05,17
842b909ffffffff-2017-07,12
842b909ffffffff-2017-08,29
842b909ffffffff-2017-09,10
842b909ffffffff-2017-10,2
842b909ffffffff-2018-04,1
842b909ffffffff-2018-05,17
842b909ffffffff-2018-07,5
842b909ffffffff-2018-08,19
842b909ffffffff-2018-09,8
842b909ffffffff-2018-10,1
842b909ffffffff-2018-11,1
842b909ffffffff-2019-04,3
842b909ffffffff-2019-05,34
842b909ffffffff-2019-07,1
842b909ffffffff-2019-08,14
842b909ffffffff-2019-09,5
842b909ffffffff-2020-05,18
842b909ffffffff-2020-06,1
842b909ffffffff-2020-07,1
842b909ffffffff-2020-08,7
842b909ffffffff-2020-09,2
842b909ffffffff-2021-04,2
842b909ffffffff-2021-05,10
842b909ffffffff-2021-07,1
842b909ffffffff-2021-08,6
842b909ffffffff-2021-09,2
842b909ffffffff-2021-10,2
842b909ffffffff-2022-05,16
842b909ffffffff-2022-06,2
842b909ffffffff-2022-07,6
842b909ffffffff-2022-08,13
842b909ffffffff-2022-09,9
842b909ffffffff-2022-10,2
842b909ffffffff-2023-04,5
842b909ffffffff-2023-05,20
842b909ffffffff-2023-06,2
842b909ffffffff-2023-08,9
842b909ffffffff-2023-09,2
842b90bffffffff-2015-09,2
842b90bffffffff-2016-05,7
842b90bffffffff-2016-08,1
842b90bffffffff-2017-08,1
842b90bffffffff-2018-05,1
842b90bffffffff-2018-08,11
842b90bffffffff-2019-05,3
842b90dffffffff-2013-05,1
842b90dffffffff-2014-04,1
842b90dffffffff-2016-05,3
842b90dffffffff-2017-05,2
842b90dffffffff-2020-05,1
842b90dffffffff-2021-05,2
842b90dffffffff-2022-05,1
842b90dffffffff-2022-07,1
842b90dffffffff-2022-09,3
842b90dffffffff-2023-05,5
842b90dffffffff-2023-07,1
842b90dffffffff-2023-09,1
842b90dffffffff-2023-10,2
842b911ffffffff-2018-05,1
842b915ffffffff-2013-05,2
842b915ffffffff-2015-05,9
842b915ffffffff-2015-08,1
842b915ffffffff-2016-05,1
842b915ffffffff-2016-07,4
842b915ffffffff-2016-08,7
842b915ffffffff-2016-09,2
842b915ffffffff-2017-05,3
842b915ffffffff-2017-07,7
842b915ffffffff-2017-08,13
842b915ffffffff-2017-09,3
842b915ffffffff-2018-07,5
842b915ffffffff-2018-08,12
842b915ffffffff-2018-09,3
842b915ffffffff-2018-10,1
842b915ffffffff-2019-05,2
842b915ffffffff-2019-07,4
842b915ffffffff-2019-08,5
842b915ffffffff-2019-09,4
842b915ffffffff-2020-05,1
842b915ffffffff-2020-07,6
842b915ffffffff-2020-08,11
842b915ffffffff-2021-04,1
842b915ffffffff-2021-05,1
842b915ffffffff-2021-07,1
842b915ffffffff-2021-08,3
842b915ffffffff-2021-09,1
842b917ffffffff-2012-05,3
842b917ffffffff-2012-07,5
842b917ffffffff-2012-08,3
842b917ffffffff-2012-09,2
842b917ffffffff-2013-04,1
842b917ffffffff-2013-05,2
842b917ffffffff-2013-08,13
842b917ffffffff-2013-09,1
842b917ffffffff-2014-04,1
842b917ffffffff-2014-08,1
842b917ffffffff-2014-09,2
842b917ffffffff-2015-05,1
842b917ffffffff-2015-08,4
842b917ffffffff-2015-09,2
842b917ffffffff-2017-05,3
842b917ffffffff-2017-07,3
842b917ffffffff-2017-08,3
842b917ffffffff-2018-08,1
842b917ffffffff-2018-09,9
842b917ffffffff-2018-10,4
842b917ffffffff-2019-04,1
842b917ffffffff-2019-05,1
842b917ffffffff-2019-07,3
842b917ffffffff-2019-08,11
842b917ffffffff-2019-09,5
842b917ffffffff-2020-05,8
842b917ffffffff-2020-07,3
842b917ffffffff-2020-08,1
842b917ffffffff-2021-05,6
842b917ffffffff-2021-08,20
842b917ffffffff-2021-09,3
842b917ffffffff-2022-05,5
842b917ffffffff-2022-07,6
842b917ffffffff-2022-08,7
842b917ffffffff-2022-09,1
842b917ffffffff-2023-07,5
842b917ffffffff-2023-08,4
842b917ffffffff-2023-09,1
842b91bffffffff-2012-08,2
842b91bffffffff-2013-08,2
842b91bffffffff-2019-08,4
842b91dffffffff-2020-10,1
842b923ffffffff-2012-07,1
842b923ffffffff-2012-08,6
842b923ffffffff-2013-05,3
842b923ffffffff-2014-04,1
842b923ffffffff-2014-05,2
842b923ffffffff-2015-07,1
842b923ffffffff-2015-08,1
842b923ffffffff-2016-05,7
842b923ffffffff-2017-05,1
842b923ffffffff-2019-05,2
842b923ffffffff-2020-05,1
842b923ffffffff-2021-08,1
842b923ffffffff-2022-05,2
842b923ffffffff-2023-05,2
842b931ffffffff-2013-08,1
842b931ffffffff-2019-08,1
842b933ffffffff-2013-05,1
842b933ffffffff-2019-08,1
842b933ffffffff-2022-07,1
842b935ffffffff-2021-09,1
842b937ffffffff-2022-08,1
842b939ffffffff-2013-08,2
842b939ffffffff-2014-07,4
842b939ffffffff-2014-08,4
842b939ffffffff-2014-09,1
842b939ffffffff-2015-05,1
842b939ffffffff-2015-07,2
842b939ffffffff-2015-08,7
842b939ffffffff-2016-05,4
842b939ffffffff-2016-07,5
842b939ffffffff-2016-08,14
842b939ffffffff-2017-05,1
842b939ffffffff-2017-07,2
842b939ffffffff-2017-08,3
842b939ffffffff-2018-05,1
842b939ffffffff-2018-07,3
842b939ffffffff-2018-08,2
842b939ffffffff-2018-09,4
842b939ffffffff-2019-05,7
842b939ffffffff-2019-07,2
842b939ffffffff-2019-08,8
842b939ffffffff-2019-09,1
842b939ffffffff-2020-05,4
842b939ffffffff-2020-07,3
842b939ffffffff-2020-08,9
842b939ffffffff-2021-05,17
842b939ffffffff-2021-07,3
842b939ffffffff-2021-08,12
842b939ffffffff-2021-09,5
842b939ffffffff-2022-05,11
842b939ffffffff-2022-07,5
842b939ffffffff-2022-08,8
842b939ffffffff-2022-09,4
842b939ffffffff-2023-05,7
842b939ffffffff-2023-06,1
842b939ffffffff-2023-07,3
842b939ffffffff-2023-08,13
842b939ffffffff-2023-09,1
842b93bffffffff-2023-08,1
842b93dffffffff-2012-05,1
842b93dffffffff-2013-08,4
842b93dffffffff-2014-05,1
842b93dffffffff-2014-08,2
842b93dffffffff-2014-09,1
842b93dffffffff-2015-08,2
842b93dffffffff-2016-05,2
842b93dffffffff-2016-07,2
842b93dffffffff-2016-08,8
842b93dffffffff-2017-05,1
842b93dffffffff-2017-07,3
842b93dffffffff-2017-10,1
842b93dffffffff-2018-05,4
842b93dffffffff-2018-08,3
842b93dffffffff-2018-09,2
842b93dffffffff-2019-04,1
842b93dffffffff-2020-04,3
842b93dffffffff-2021-05,2
842b93dffffffff-2021-08,3
842b93dffffffff-2022-05,4
842b93dffffffff-2022-08,5
842b93dffffffff-2023-05,1
842b93dffffffff-2023-07,1
842b93dffffffff-2023-08,4
842b93dffffffff-2023-09,4
842b941ffffffff-2014-05,1
842b941ffffffff-2015-05,2
842b941ffffffff-2018-09,8
842b941ffffffff-2019-05,7
842b941ffffffff-2019-09,1
842b941ffffffff-2020-05,2
842b941ffffffff-2020-09,1
842b941ffffffff-2021-04,1
842b941ffffffff-2021-05,4
842b941ffffffff-2021-08,21
842b941ffffffff-2021-09,14
842b941ffffffff-2022-05,12
842b941ffffffff-2022-07,3
842b941ffffffff-2022-08,20
842b941ffffffff-2022-09,4
842b941ffffffff-2023-05,3
842b941ffffffff-2023-07,2
842b941ffffffff-2023-08,1
842b941ffffffff-2023-09,8
842b941ffffffff-2023-10,2
842b943ffffffff-2017-05,1
842b943ffffffff-2018-05,1
842b943ffffffff-2019-05,3
842b943ffffffff-2020-05,2
842b945ffffffff-2018-05,1
842b945ffffffff-2019-05,4
842b945ffffffff-2020-08,1
842b945ffffffff-2022-06,8
842b945ffffffff-2022-07,1
842b945ffffffff-2023-05,2
842b945ffffffff-2023-07,1
842b945ffffffff-2023-08,1
842b947ffffffff-2012-05,6
842b947ffffffff-2013-05,11
842b947ffffffff-2013-08,6
842b947ffffffff-2013-09,2
842b947ffffffff-2014-04,2
842b947ffffffff-2014-05,6
842b947ffffffff-2014-08,1
842b947ffffffff-2015-05,8
842b947ffffffff-2016-05,2
842b947ffffffff-2017-04,1
842b947ffffffff-2017-05,3
842b947ffffffff-2017-06,3
842b947ffffffff-2017-07,10
842b947ffffffff-2017-08,7
842b947ffffffff-2017-10,3
842b947ffffffff-2018-05,9
842b947ffffffff-2018-08,3
842b947ffffffff-2018-09,2
842b947ffffffff-2019-05,18
842b947ffffffff-2019-07,1
842b947ffffffff-2019-08,15
842b947ffffffff-2019-09,2
842b947ffffffff-2020-05,16
842b947ffffffff-2020-07,5
842b947ffffffff-2020-08,35
842b947ffffffff-2020-09,7
842b947ffffffff-2020-11,2
842b947ffffffff-2021-05,10
842b947ffffffff-2021-06,1
842b947ffffffff-2021-07,1
842b947ffffffff-2021-08,11
842b947ffffffff-2021-09,1
842b947ffffffff-2021-10,1
842b947ffffffff-2022-05,25
842b947ffffffff-2022-07,1
842b947ffffffff-2022-08,12
842b947ffffffff-2022-09,10
842b947ffffffff-2023-04,4
842b947ffffffff-2023-05,58
842b947ffffffff-2023-08,5
842b947ffffffff-2023-10,1
842b949ffffffff-2018-05,3
842b949ffffffff-2020-05,2
842b949ffffffff-2020-09,1
842b949ffffffff-2020-10,1
842b949ffffffff-2021-05,2
842b949ffffffff-2023-05,1
842b94dffffffff-2014-05,1
842b94dffffffff-2015-05,5
842b94dffffffff-2015-08,1
842b94dffffffff-2016-05,1
842b94dffffffff-2017-04,1
842b94dffffffff-2017-05,1
842b94dffffffff-2017-10,1
842b94dffffffff-2018-05,8
842b94dffffffff-2018-09,7
842b94dffffffff-2018-10,3
842b94dffffffff-2019-05,4
842b94dffffffff-2019-08,1
842b94dffffffff-2019-09,3
842b94dffffffff-2019-10,1
842b94dffffffff-2020-05,1
842b94dffffffff-2020-09,1
842b94dffffffff-2021-05,1
842b94dffffffff-2021-08,1
842b94dffffffff-2022-05,7
842b94dffffffff-2022-08,4
842b94dffffffff-2022-09,3
842b94dffffffff-2023-04,1
842b94dffffffff-2023-05,3
842b94dffffffff-2023-08,6
842b955ffffffff-2014-05,3
842b955ffffffff-2021-09,6
842b955ffffffff-2022-05,2
842b969ffffffff-2018-05,1
842b96bffffffff-2017-04,1
842b96bffffffff-2018-05,1
842b96dffffffff-2014-05,5
842b96dffffffff-2016-05,2
842b96dffffffff-2017-05,3
842b96dffffffff-2017-08,1
842b96dffffffff-2018-05,6
842b96dffffffff-2018-09,2
842b96dffffffff-2019-05,6
842b96dffffffff-2019-06,1
842b96dffffffff-2019-08,3
842b96dffffffff-2019-09,20
842b96dffffffff-2019-10,2
842b96dffffffff-2020-05,13
842b96dffffffff-2020-08,13
842b96dffffffff-2020-09,12
842b96dffffffff-2021-08,3
842b96dffffffff-2021-09,1
842b96dffffffff-2022-05,4
842b96dffffffff-2022-08,1
842b96dffffffff-2022-09,1
842b96dffffffff-2023-04,1
842b96dffffffff-2023-05,3
842b96dffffffff-2023-08,2
842b96dffffffff-2023-09,1
842b981ffffffff-2012-03,1
842b981ffffffff-2012-05,1
842b981ffffffff-2012-07,2
842b981ffffffff-2012-09,2
842b981ffffffff-2013-05,4
842b981ffffffff-2013-07,2
842b981ffffffff-2013-08,4
842b981ffffffff-2013-10,3
842b981ffffffff-2014-05,4
842b981ffffffff-2014-07,18
842b981ffffffff-2014-08,18
842b981ffffffff-2014-09,15
842b981ffffffff-2014-10,3
842b981ffffffff-2015-05,15
842b981ffffffff-2015-06,1
842b981ffffffff-2015-07,8
842b981ffffffff-2015-08,16
842b981ffffffff-2015-09,8
842b981ffffffff-2015-10,4
842b981ffffffff-2016-04,5
842b981ffffffff-2016-05,7
842b981ffffffff-2016-07,13
842b981ffffffff-2016-08,6
842b981ffffffff-2016-09,4
842b981ffffffff-2016-10,2
842b981ffffffff-2017-04,6
842b981ffffffff-2017-05,18
842b981ffffffff-2017-06,1
842b981ffffffff-2017-07,9
842b981ffffffff-2017-08,7
842b981ffffffff-2017-09,11
842b981ffffffff-2017-10,2
842b981ffffffff-2017-11,1
842b981ffffffff-2018-04,6
842b981ffffffff-2018-05,5
842b981ffffffff-2018-07,8
842b981ffffffff-2018-08,8
842b981ffffffff-2018-09,7
842b981ffffffff-2018-10,4
842b981ffffffff-2019-04,3
842b981ffffffff-2019-07,8
842b981ffffffff-2019-08,14
842b981ffffffff-2019-09,36
842b981ffffffff-2020-04,2
842b981ffffffff-2020-05,17
842b981ffffffff-2020-07,7
842b981ffffffff-2020-08,17
842b981ffffffff-2020-09,15
842b981ffffffff-2020-10,1
842b981ffffffff-2021-04,6
842b981ffffffff-2021-05,14
842b981ffffffff-2021-07,1
842b981ffffffff-2021-08,7
842b981ffffffff-2021-09,20
842b981ffffffff-2021-10,1
842b981ffffffff-2022-04,11
842b981ffffffff-2022-05,4
842b981ffffffff-2022-08,21
842b981ffffffff-2022-09,4
842b981ffffffff-2022-10,4
842b981ffffffff-2023-04,2
842b981ffffffff-2023-05,25
842b981ffffffff-2023-08,3
842b981ffffffff-2023-09,7
842b981ffffffff-2023-10,15
842b983ffffffff-2012-04,2
842b983ffffffff-2012-05,4
842b983ffffffff-2012-06,2
842b983ffffffff-2012-07,3
842b983ffffffff-2012-08,23
842b983ffffffff-2012-09,12
842b983ffffffff-2012-10,5
842b983ffffffff-2012-11,1
842b983ffffffff-2013-04,2
842b983ffffffff-2013-05,4
842b983ffffffff-2013-08,9
842b983ffffffff-2013-09,2
842b983ffffffff-2014-05,1
842b983ffffffff-2014-08,3
842b983ffffffff-2014-09,12
842b983ffffffff-2014-10,6
842b983ffffffff-2015-04,5
842b983ffffffff-2015-05,24
842b983ffffffff-2015-07,1
842b983ffffffff-2015-09,9
842b983ffffffff-2015-10,33
842b983ffffffff-2016-04,4
842b983ffffffff-2016-05,52
842b983ffffffff-2016-07,24
842b983ffffffff-2016-08,11
842b983ffffffff-2016-09,5
842b983ffffffff-2016-10,1
842b983ffffffff-2017-04,5
842b983ffffffff-2017-05,25
842b983ffffffff-2017-08,28
842b983ffffffff-2017-09,2
842b983ffffffff-2017-10,5
842b983ffffffff-2017-11,2
842b983ffffffff-2018-04,9
842b983ffffffff-2018-05,25
842b983ffffffff-2018-07,3
842b983ffffffff-2018-08,6
842b983ffffffff-2018-09,6
842b983ffffffff-2018-10,11
842b983ffffffff-2018-11,2
842b983ffffffff-2019-04,3
842b983ffffffff-2019-05,17
842b983ffffffff-2019-07,1
842b983ffffffff-2019-08,8
842b983ffffffff-2019-09,22
842b983ffffffff-2019-10,11
842b983ffffffff-2020-04,10
842b983ffffffff-2020-05,45
842b983ffffffff-2020-06,1
842b983ffffffff-2020-07,8
842b983ffffffff-2020-08,20
842b983ffffffff-2020-09,54
842b983ffffffff-2020-10,11
842b983ffffffff-2020-11,2
842b983ffffffff-2021-04,4
842b983ffffffff-2021-05,123
842b983ffffffff-2021-07,6
842b983ffffffff-2021-08,36
842b983ffffffff-2021-09,71
842b983ffffffff-2022-04,7
842b983ffffffff-2022-05,32
842b983ffffffff-2022-07,3
842b983ffffffff-2022-08,23
842b983ffffffff-2022-09,69
842b983ffffffff-2022-10,26
842b983ffffffff-2022-11,2
842b983ffffffff-2023-04,24
842b983ffffffff-2023-05,31
842b983ffffffff-2023-07,2
842b983ffffffff-2023-08,27
842b983ffffffff-2023-09,27
842b983ffffffff-2023-10,9
842b985ffffffff-2013-05,1
842b985ffffffff-2014-05,1
842b985ffffffff-2014-09,1
842b985ffffffff-2015-09,2
842b985ffffffff-2015-10,2
842b985ffffffff-2016-07,1
842b985ffffffff-2017-05,2
842b985ffffffff-2018-04,3
842b985ffffffff-2018-05,4
842b985ffffffff-2018-07,1
842b985ffffffff-2018-09,4
842b985ffffffff-2018-10,1
842b985ffffffff-2019-07,1
842b985ffffffff-2019-08,5
842b985ffffffff-2019-09,35
842b985ffffffff-2019-10,2
842b985ffffffff-2020-04,1
842b985ffffffff-2020-05,1
842b985ffffffff-2020-07,9
842b985ffffffff-2020-08,9
842b985ffffffff-2020-09,5
842b985ffffffff-2020-10,3
842b985ffffffff-2021-05,6
842b985ffffffff-2021-07,1
842b985ffffffff-2021-08,13
842b985ffffffff-2021-09,12
842b985ffffffff-2022-05,3
842b985ffffffff-2022-07,3
842b985ffffffff-2022-08,8
842b985ffffffff-2022-09,10
842b985ffffffff-2023-05,2
842b985ffffffff-2023-07,8
842b985ffffffff-2023-08,12
842b985ffffffff-2023-09,18
842b985ffffffff-2023-10,1
842b987ffffffff-2012-04,9
842b987ffffffff-2012-05,10
842b987ffffffff-2012-06,2
842b987ffffffff-2012-07,18
842b987ffffffff-2012-08,16
842b987ffffffff-2012-09,1
842b987ffffffff-2012-10,2
842b987ffffffff-2013-04,2
842b987ffffffff-2013-05,8
842b987ffffffff-2013-07,8
842b987ffffffff-2013-08,22
842b987ffffffff-2013-09,7
842b987ffffffff-2013-10,6
842b987ffffffff-2013-11,1
842b987ffffffff-2014-04,2
842b987ffffffff-2014-05,4
842b987ffffffff-2014-07,11
842b987ffffffff-2014-08,7
842b987ffffffff-2014-09,8
842b987ffffffff-2014-10,2
842b987ffffffff-2015-05,7
842b987ffffffff-2015-07,10
842b987ffffffff-2015-08,14
842b987ffffffff-2015-09,10
842b987ffffffff-2016-04,2
842b987ffffffff-2016-05,18
842b987ffffffff-2016-07,13
842b987ffffffff-2016-08,46
842b987ffffffff-2016-09,19
842b987ffffffff-2016-10,12
842b987ffffffff-2017-05,11
842b987ffffffff-2017-07,4
842b987ffffffff-2017-08,11
842b987ffffffff-2017-09,2
842b987ffffffff-2018-04,6
842b987ffffffff-2018-05,21
842b987ffffffff-2018-06,3
842b987ffffffff-2018-07,14
842b987ffffffff-2018-08,11
842b987ffffffff-2018-09,16
842b987ffffffff-2019-05,10
842b987ffffffff-2019-06,1
842b987ffffffff-2019-07,6
842b987ffffffff-2019-08,14
842b987ffffffff-2019-09,16
842b987ffffffff-2019-10,2
842b987ffffffff-2020-04,1
842b987ffffffff-2020-05,18
842b987ffffffff-2020-07,34
842b987ffffffff-2020-08,5
842b987ffffffff-2020-09,5
842b987ffffffff-2020-10,3
842b987ffffffff-2021-04,9
842b987ffffffff-2021-05,64
842b987ffffffff-2021-07,1
842b987ffffffff-2021-08,8
842b987ffffffff-2021-09,1
842b987ffffffff-2022-04,4
842b987ffffffff-2022-05,7
842b987ffffffff-2022-07,6
842b987ffffffff-2022-08,20
842b987ffffffff-2022-09,6
842b987ffffffff-2023-04,18
842b987ffffffff-2023-05,27
842b987ffffffff-2023-07,26
842b987ffffffff-2023-08,140
842b987ffffffff-2023-09,242
842b987ffffffff-2023-10,96
842b989ffffffff-2015-05,1
842b989ffffffff-2017-05,1
842b989ffffffff-2018-05,1
842b989ffffffff-2020-05,1
842b989ffffffff-2021-10,1
842b989ffffffff-2022-09,2
842b989ffffffff-2023-04,5
842b989ffffffff-2023-10,1
842b98bffffffff-2012-04,3
842b98bffffffff-2012-05,12
842b98bffffffff-2012-06,1
842b98bffffffff-2012-07,21
842b98bffffffff-2012-08,15
842b98bffffffff-2012-09,12
842b98bffffffff-2012-10,1
842b98bffffffff-2013-03,2
842b98bffffffff-2013-04,12
842b98bffffffff-2013-05,21
842b98bffffffff-2013-07,9
842b98bffffffff-2013-08,23
842b98bffffffff-2013-09,2
842b98bffffffff-2013-10,1
842b98bffffffff-2014-04,8
842b98bffffffff-2014-05,3
842b98bffffffff-2014-07,6
842b98bffffffff-2014-08,6
842b98bffffffff-2014-09,5
842b98bffffffff-2015-04,1
842b98bffffffff-2015-05,14
842b98bffffffff-2015-07,2
842b98bffffffff-2015-08,5
842b98bffffffff-2015-09,4
842b98bffffffff-2016-04,6
842b98bffffffff-2016-05,26
842b98bffffffff-2016-06,1
842b98bffffffff-2016-07,29
842b98bffffffff-2016-08,24
842b98bffffffff-2016-09,19
842b98bffffffff-2016-10,1
842b98bffffffff-2017-04,7
842b98bffffffff-2017-05,3
842b98bffffffff-2017-07,2
842b98bffffffff-2017-08,21
842b98bffffffff-2017-09,13
842b98bffffffff-2018-04,18
842b98bffffffff-2018-05,50
842b98bffffffff-2018-07,2
842b98bffffffff-2018-08,25
842b98bffffffff-2018-09,13
842b98bffffffff-2019-04,7
842b98bffffffff-2019-05,31
842b98bffffffff-2019-07,1
842b98bffffffff-2019-08,14
842b98bffffffff-2019-09,5
842b98bffffffff-2019-10,1
842b98bffffffff-2020-04,22
842b98bffffffff-2020-05,111
842b98bffffffff-2020-07,3
842b98bffffffff-2020-08,44
842b98bffffffff-2020-09,53
842b98bffffffff-2020-10,2
842b98bffffffff-2021-04,7
842b98bffffffff-2021-05,135
842b98bffffffff-2021-07,5
842b98bffffffff-2021-08,29
842b98bffffffff-2021-09,36
842b98bffffffff-2021-10,4
842b98bffffffff-2022-04,33
842b98bffffffff-2022-05,29
842b98bffffffff-2022-07,1
842b98bffffffff-2022-08,16
842b98bffffffff-2022-09,50
842b98bffffffff-2022-10,13
842b98bffffffff-2023-04,56
842b98bffffffff-2023-05,97
842b98bffffffff-2023-07,1
842b98bffffffff-2023-08,7
842b98bffffffff-2023-09,17
842b98bffffffff-2023-10,1
842b98dffffffff-2012-04,1
842b98dffffffff-2012-05,2
842b98dffffffff-2012-08,1
842b98dffffffff-2013-04,1
842b98dffffffff-2013-05,1
842b98dffffffff-2014-04,2
842b98dffffffff-2014-05,1
842b98dffffffff-2015-04,1
842b98dffffffff-2016-04,1
842b98dffffffff-2016-05,4
842b98dffffffff-2017-04,6
842b98dffffffff-2017-05,3
842b98dffffffff-2018-04,1
842b98dffffffff-2018-05,2
842b98dffffffff-2018-07,1
842b98dffffffff-2018-10,1
842b98dffffffff-2019-05,1
842b98dffffffff-2020-04,2
842b98dffffffff-2020-05,3
842b98dffffffff-2021-05,18
842b98dffffffff-2022-04,3
842b98dffffffff-2023-05,4
842b991ffffffff-2012-04,5
842b991ffffffff-2012-05,6
842b991ffffffff-2012-06,1
842b991ffffffff-2012-07,5
842b991ffffffff-2012-08,2
842b991ffffffff-2012-09,8
842b991ffffffff-2012-10,6
842b991ffffffff-2013-04,7
842b991ffffffff-2013-05,4
842b991ffffffff-2013-07,1
842b991ffffffff-2013-08,11
842b991ffffffff-2013-09,5
842b991ffffffff-2013-10,5
842b991ffffffff-2014-04,7
842b991ffffffff-2014-05,2
842b991ffffffff-2014-07,1
842b991ffffffff-2014-08,4
842b991ffffffff-2014-09,46
842b991ffffffff-2014-10,41
842b991ffffffff-2015-04,8
842b991ffffffff-2015-05,21
842b991ffffffff-2015-08,6
842b991ffffffff-2015-09,16
842b991ffffffff-2016-04,14
842b991ffffffff-2016-05,4
842b991ffffffff-2016-07,3
842b991ffffffff-2016-08,18
842b991ffffffff-2016-09,49
842b991ffffffff-2016-10,53
842b991ffffffff-2017-04,3
842b991ffffffff-2017-05,83
842b991ffffffff-2017-06,21
842b991ffffffff-2017-07,21
842b991ffffffff-2017-08,2
842b991ffffffff-2017-09,19
842b991ffffffff-2017-10,1
842b991ffffffff-2018-04,6
842b991ffffffff-2018-05,34
842b991ffffffff-2018-07,24
842b991ffffffff-2018-08,34
842b991ffffffff-2018-09,27
842b991ffffffff-2018-10,26
842b991ffffffff-2018-11,1
842b991ffffffff-2019-04,20
842b991ffffffff-2019-05,29
842b991ffffffff-2019-07,55
842b991ffffffff-2019-08,76
842b991ffffffff-2019-09,90
842b991ffffffff-2019-10,2
842b991ffffffff-2020-04,29
842b991ffffffff-2020-05,82
842b991ffffffff-2020-06,2
842b991ffffffff-2020-07,64
842b991ffffffff-2020-08,105
842b991ffffffff-2020-09,50
842b991ffffffff-2020-10,30
842b991ffffffff-2020-11,2
842b991ffffffff-2021-03,12
842b991ffffffff-2021-04,56
842b991ffffffff-2021-05,314
842b991ffffffff-2021-06,25
842b991ffffffff-2021-07,94
842b991ffffffff-2021-08,244
842b991ffffffff-2021-09,132
842b991ffffffff-2021-10,59
842b991ffffffff-2022-04,16
842b991ffffffff-2022-05,44
842b991ffffffff-2022-07,83
842b991ffffffff-2022-08,330
842b991ffffffff-2022-09,199
842b991ffffffff-2022-10,39
842b991ffffffff-2023-04,15
842b991ffffffff-2023-05,44
842b991ffffffff-2023-07,45
842b991ffffffff-2023-08,15
842b991ffffffff-2023-09,61
842b991ffffffff-2023-10,68
842b993ffffffff-2012-04,5
842b993ffffffff-2012-05,32
842b993ffffffff-2012-07,4
842b993ffffffff-2012-08,21
842b993ffffffff-2012-09,53
842b993ffffffff-2012-10,6
842b993ffffffff-2013-04,2
842b993ffffffff-2013-05,3
842b993ffffffff-2013-08,4
842b993ffffffff-2013-09,4
842b993ffffffff-2013-10,20
842b993ffffffff-2013-11,1
842b993ffffffff-2014-05,7
842b993ffffffff-2014-07,1
842b993ffffffff-2014-08,4
842b993ffffffff-2014-09,25
842b993ffffffff-2014-10,53
842b993ffffffff-2014-11,1
842b993ffffffff-2015-05,7
842b993ffffffff-2015-08,15
842b993ffffffff-2015-09,6
842b993ffffffff-2015-10,18
842b993ffffffff-2016-03,3
842b993ffffffff-2016-04,10
842b993ffffffff-2016-05,23
842b993ffffffff-2016-06,1
842b993ffffffff-2016-07,43
842b993ffffffff-2016-08,86
842b993ffffffff-2016-09,48
842b993ffffffff-2016-10,50
842b993ffffffff-2017-04,9
842b993ffffffff-2017-05,15
842b993ffffffff-2017-07,7
842b993ffffffff-2017-08,44
842b993ffffffff-2017-09,16
842b993ffffffff-2017-10,9
842b993ffffffff-2018-04,2
842b993ffffffff-2018-05,14
842b993ffffffff-2018-07,50
842b993ffffffff-2018-08,16
842b993ffffffff-2018-09,26
842b993ffffffff-2018-10,81
842b993ffffffff-2019-04,5
842b993ffffffff-2019-05,8
842b993ffffffff-2019-07,2
842b993ffffffff-2019-08,31
842b993ffffffff-2019-09,1
842b993ffffffff-2019-11,1
842b993ffffffff-2020-04,25
842b993ffffffff-2020-05,92
842b993ffffffff-2020-07,6
842b993ffffffff-2020-08,5
842b993ffffffff-2020-09,1
842b993ffffffff-2020-10,41
842b993ffffffff-2020-11,11
842b993ffffffff-2021-04,1
842b993ffffffff-2021-05,10
842b993ffffffff-2021-07,1
842b993ffffffff-2021-08,7
842b993ffffffff-2021-09,24
842b993ffffffff-2021-10,12
842b993ffffffff-2022-04,4
842b993ffffffff-2022-05,3
842b993ffffffff-2022-07,6
842b993ffffffff-2022-08,26
842b993ffffffff-2022-09,31
842b993ffffffff-2022-10,42
842b993ffffffff-2022-11,1
842b993ffffffff-2023-04,2
842b993ffffffff-2023-05,5
842b993ffffffff-2023-07,4
842b993ffffffff-2023-08,13
842b993ffffffff-2023-09,4
842b993ffffffff-2023-10,50
842b995ffffffff-2020-08,1
842b995ffffffff-2022-05,1
842b995ffffffff-2023-05,5
842b997ffffffff-2012-03,14
842b997ffffffff-2012-04,16
842b997ffffffff-2012-05,31
842b997ffffffff-2012-06,11
842b997ffffffff-2012-07,21
842b997ffffffff-2012-08,23
842b997ffffffff-2012-09,26
842b997ffffffff-2012-10,17
842b997ffffffff-2013-04,49
842b997ffffffff-2013-05,38
842b997ffffffff-2013-07,34
842b997ffffffff-2013-08,58
842b997ffffffff-2013-09,35
842b997ffffffff-2013-10,10
842b997ffffffff-2014-04,10
842b997ffffffff-2014-05,26
842b997ffffffff-2014-07,57
842b997ffffffff-2014-08,77
842b997ffffffff-2014-09,34
842b997ffffffff-2014-10,10
842b997ffffffff-2015-04,14
842b997ffffffff-2015-05,9
842b997ffffffff-2015-07,41
842b997ffffffff-2015-08,65
842b997ffffffff-2015-09,36
842b997ffffffff-2015-10,3
842b997ffffffff-2016-04,9
842b997ffffffff-2016-05,50
842b997ffffffff-2016-07,39
842b997ffffffff-2016-08,39
842b997ffffffff-2016-09,25
842b997ffffffff-2016-10,10
842b997ffffffff-2016-11,1
842b997ffffffff-2017-04,18
842b997ffffffff-2017-05,42
842b997ffffffff-2017-06,3
842b997ffffffff-2017-07,42
842b997ffffffff-2017-08,47
842b997ffffffff-2017-09,39
842b997ffffffff-2017-10,18
842b997ffffffff-2018-04,9
842b997ffffffff-2018-05,21
842b997ffffffff-2018-07,9
842b997ffffffff-2018-08,13
842b997ffffffff-2018-09,5
842b997ffffffff-2018-10,11
842b997ffffffff-2019-04,8
842b997ffffffff-2019-05,3
842b997ffffffff-2019-07,8
842b997ffffffff-2019-08,56
842b997ffffffff-2019-09,42
842b997ffffffff-2019-10,4
842b997ffffffff-2020-04,29
842b997ffffffff-2020-05,113
842b997ffffffff-2020-06,1
842b997ffffffff-2020-07,2
842b997ffffffff-2020-08,22
842b997ffffffff-2020-09,28
842b997ffffffff-2020-10,11
842b997ffffffff-2021-03,1
842b997ffffffff-2021-04,13
842b997ffffffff-2021-05,103
842b997ffffffff-2021-07,15
842b997ffffffff-2021-08,80
842b997ffffffff-2021-09,17
842b997ffffffff-2021-10,4
842b997ffffffff-2022-04,17
842b997ffffffff-2022-05,61
842b997ffffffff-2022-06,2
842b997ffffffff-2022-07,23
842b997ffffffff-2022-08,54
842b997ffffffff-2022-09,32
842b997ffffffff-2022-10,7
842b997ffffffff-2023-04,17
842b997ffffffff-2023-05,14
842b997ffffffff-2023-07,11
842b997ffffffff-2023-08,81
842b997ffffffff-2023-09,16
842b997ffffffff-2023-10,39
842b999ffffffff-2013-05,1
842b999ffffffff-2014-04,1
842b999ffffffff-2014-05,3
842b999ffffffff-2018-08,1
842b999ffffffff-2018-09,1
842b999ffffffff-2019-05,1
842b999ffffffff-2019-08,2
842b999ffffffff-2020-05,2
842b999ffffffff-2020-08,3
842b999ffffffff-2021-05,4
842b999ffffffff-2021-07,2
842b999ffffffff-2021-09,1
842b999ffffffff-2022-07,1
842b999ffffffff-2023-05,21
842b999ffffffff-2023-06,1
842b999ffffffff-2023-07,11
842b999ffffffff-2023-08,3
842b99bffffffff-2012-07,1
842b99bffffffff-2012-08,2
842b99bffffffff-2014-08,2
842b99bffffffff-2014-09,2
842b99bffffffff-2015-07,1
842b99bffffffff-2015-08,4
842b99bffffffff-2016-04,2
842b99bffffffff-2016-05,7
842b99bffffffff-2016-07,2
842b99bffffffff-2016-08,2
842b99bffffffff-2016-09,1
842b99bffffffff-2016-10,2
842b99bffffffff-2017-04,5
842b99bffffffff-2017-05,6
842b99bffffffff-2017-08,5
842b99bffffffff-2017-09,2
842b99bffffffff-2018-04,1
842b99bffffffff-2018-05,2
842b99bffffffff-2018-07,2
842b99bffffffff-2018-08,23
842b99bffffffff-2018-09,2
842b99bffffffff-2019-04,1
842b99bffffffff-2019-05,3
842b99bffffffff-2019-08,8
842b99bffffffff-2019-09,1
842b99bffffffff-2020-04,2
842b99bffffffff-2020-05,9
842b99bffffffff-2020-08,4
842b99bffffffff-2020-09,1
842b99bffffffff-2021-05,5
842b99bffffffff-2021-08,6
842b99bffffffff-2021-09,4
842b99bffffffff-2022-04,2
842b99bffffffff-2022-05,13
842b99bffffffff-2022-07,2
842b99bffffffff-2022-08,15
842b99bffffffff-2022-09,63
842b99bffffffff-2022-10,2
842b99bffffffff-2022-11,2
842b99bffffffff-2023-03,8
842b99bffffffff-2023-04,7
842b99bffffffff-2023-05,22
842b99bffffffff-2023-07,3
842b99bffffffff-2023-08,10
842b99bffffffff-2023-09,1
842b99bffffffff-2023-10,2
842b99dffffffff-2012-05,1
842b99dffffffff-2012-07,1
842b99dffffffff-2012-08,20
842b99dffffffff-2012-09,2
842b99dffffffff-2012-10,1
842b99dffffffff-2013-05,3
842b99dffffffff-2013-08,4
842b99dffffffff-2013-09,5
842b99dffffffff-2013-10,1
842b99dffffffff-2014-07,1
842b99dffffffff-2014-08,3
842b99dffffffff-2014-09,10
842b99dffffffff-2015-05,1
842b99dffffffff-2015-08,5
842b99dffffffff-2015-09,2
842b99dffffffff-2016-05,4
842b99dffffffff-2016-08,11
842b99dffffffff-2016-09,6
842b99dffffffff-2017-04,1
842b99dffffffff-2017-07,5
842b99dffffffff-2017-08,40
842b99dffffffff-2017-09,54
842b99dffffffff-2017-10,1
842b99dffffffff-2018-05,2
842b99dffffffff-2018-07,3
842b99dffffffff-2018-08,18
842b99dffffffff-2018-09,12
842b99dffffffff-2018-10,4
842b99dffffffff-2019-05,7
842b99dffffffff-2019-07,3
842b99dffffffff-2019-08,26
842b99dffffffff-2019-09,31
842b99dffffffff-2020-05,2
842b99dffffffff-2020-07,1
842b99dffffffff-2020-08,1
842b99dffffffff-2020-09,14
842b99dffffffff-2020-10,1
842b99dffffffff-2021-05,6
842b99dffffffff-2021-07,1
842b99dffffffff-2021-08,19
842b99dffffffff-2021-09,16
842b99dffffffff-2022-04,1
842b99dffffffff-2022-05,7
842b99dffffffff-2022-07,3
842b99dffffffff-2022-08,22
842b99dffffffff-2022-09,32
842b99dffffffff-2022-10,3
842b99dffffffff-2023-04,4
842b99dffffffff-2023-05,12
842b99dffffffff-2023-08,12
842b99dffffffff-2023-09,34
842b99dffffffff-2023-10,5
842b9a1ffffffff-2012-07,1
842b9a1ffffffff-2013-09,1
842b9a1ffffffff-2014-08,4
842b9a1ffffffff-2015-05,1
842b9a1ffffffff-2016-05,1
842b9a1ffffffff-2016-07,1
842b9a1ffffffff-2016-08,3
842b9a1ffffffff-2016-09,1
842b9a1ffffffff-2017-07,2
842b9a1ffffffff-2017-08,3
842b9a1ffffffff-2017-09,2
842b9a1ffffffff-2017-10,1
842b9a1ffffffff-2018-04,1
842b9a1ffffffff-2018-05,5
842b9a1ffffffff-2018-07,3
842b9a1ffffffff-2018-08,1
842b9a1ffffffff-2019-04,1
842b9a1ffffffff-2019-07,1
842b9a1ffffffff-2019-08,8
842b9a1ffffffff-2019-09,2
842b9a1ffffffff-2020-04,2
842b9a1ffffffff-2020-05,2
842b9a1ffffffff-2020-08,3
842b9a1ffffffff-2020-09,1
842b9a1ffffffff-2021-04,2
842b9a1ffffffff-2021-05,7
842b9a1ffffffff-2021-08,4
842b9a1ffffffff-2023-04,1
842b9a1ffffffff-2023-05,1
842b9a1ffffffff-2023-07,2
842b9a1ffffffff-2023-09,1
842b9a3ffffffff-2012-07,1
842b9a3ffffffff-2013-08,1
842b9a3ffffffff-2013-09,1
842b9a3ffffffff-2013-10,1
842b9a3ffffffff-2014-05,1
842b9a3ffffffff-2014-08,6
842b9a3ffffffff-2014-09,2
842b9a3ffffffff-2014-10,2
842b9a3ffffffff-2015-07,6
842b9a3ffffffff-2015-08,15
842b9a3ffffffff-2015-09,4
842b9a3ffffffff-2015-10,5
842b9a3ffffffff-2016-04,1
842b9a3ffffffff-2016-05,11
842b9a3ffffffff-2016-07,1
842b9a3ffffffff-2016-08,2
842b9a3ffffffff-2016-09,1
842b9a3ffffffff-2016-10,2
842b9a3ffffffff-2017-04,4
842b9a3ffffffff-2017-05,3
842b9a3ffffffff-2017-07,2
842b9a3ffffffff-2017-08,12
842b9a3ffffffff-2017-09,21
842b9a3ffffffff-2017-10,2
842b9a3ffffffff-2018-05,3
842b9a3ffffffff-2018-07,4
842b9a3ffffffff-2018-08,4
842b9a3ffffffff-2018-09,4
842b9a3ffffffff-2018-10,4
842b9a3ffffffff-2019-04,1
842b9a3ffffffff-2019-05,2
842b9a3ffffffff-2019-07,3
842b9a3ffffffff-2019-08,26
842b9a3ffffffff-2019-09,80
842b9a3ffffffff-2019-10,1
842b9a3ffffffff-2020-05,6
842b9a3ffffffff-2020-07,8
842b9a3ffffffff-2020-08,8
842b9a3ffffffff-2020-09,37
842b9a3ffffffff-2020-10,25
842b9a3ffffffff-2021-04,1
842b9a3ffffffff-2021-05,2
842b9a3ffffffff-2021-07,4
842b9a3ffffffff-2021-08,40
842b9a3ffffffff-2021-09,43
842b9a3ffffffff-2021-10,4
842b9a3ffffffff-2022-04,1
842b9a3ffffffff-2022-07,5
842b9a3ffffffff-2022-08,51
842b9a3ffffffff-2022-09,38
842b9a3ffffffff-2022-10,4
842b9a3ffffffff-2023-05,2
842b9a3ffffffff-2023-07,20
842b9a3ffffffff-2023-08,12
842b9a3ffffffff-2023-09,59
842b9a3ffffffff-2023-10,37
842b9a3ffffffff-2023-11,1
842b9a5ffffffff-2012-04,2
842b9a5ffffffff-2013-09,1
842b9a5ffffffff-2014-05,3
842b9a5ffffffff-2015-04,5
842b9a5ffffffff-2015-05,1
842b9a5ffffffff-2015-07,2
842b9a5ffffffff-2016-03,2
842b9a5ffffffff-2016-04,3
842b9a5ffffffff-2016-05,1
842b9a5ffffffff-2016-07,2
842b9a5ffffffff-2016-08,3
842b9a5ffffffff-2016-09,1
842b9a5ffffffff-2017-04,31
842b9a5ffffffff-2017-05,6
842b9a5ffffffff-2017-06,1
842b9a5ffffffff-2017-07,3
842b9a5ffffffff-2017-08,1
842b9a5ffffffff-2017-10,1
842b9a5ffffffff-2018-08,7
842b9a5ffffffff-2019-04,3
842b9a5ffffffff-2019-05,9
842b9a5ffffffff-2019-07,2
842b9a5ffffffff-2019-08,2
842b9a5ffffffff-2019-09,1
842b9a5ffffffff-2020-04,1
842b9a5ffffffff-2020-05,8
842b9a5ffffffff-2020-08,5
842b9a5ffffffff-2020-09,1
842b9a5ffffffff-2021-05,20
842b9a5ffffffff-2021-09,2
842b9a5ffffffff-2022-04,8
842b9a5ffffffff-2022-07,1
842b9a5ffffffff-2023-04,9
842b9a5ffffffff-2023-05,8
842b9a5ffffffff-2023-08,1
842b9a5ffffffff-2023-09,3
842b9a7ffffffff-2012-04,1
842b9a7ffffffff-2012-05,1
842b9a7ffffffff-2012-07,3
842b9a7ffffffff-2012-08,1
842b9a7ffffffff-2012-09,5
842b9a7ffffffff-2013-05,2
842b9a7ffffffff-2013-07,1
842b9a7ffffffff-2013-09,4
842b9a7ffffffff-2014-04,1
842b9a7ffffffff-2014-07,7
842b9a7ffffffff-2014-08,4
842b9a7ffffffff-2014-09,6
842b9a7ffffffff-2014-10,2
842b9a7ffffffff-2015-05,9
842b9a7ffffffff-2015-07,2
842b9a7ffffffff-2015-08,3
842b9a7ffffffff-2015-09,3
842b9a7ffffffff-2016-04,3
842b9a7ffffffff-2016-05,2
842b9a7ffffffff-2016-07,14
842b9a7ffffffff-2016-08,3
842b9a7ffffffff-2016-09,7
842b9a7ffffffff-2016-10,3
842b9a7ffffffff-2017-04,4
842b9a7ffffffff-2017-05,4
842b9a7ffffffff-2017-07,4
842b9a7ffffffff-2017-08,4
842b9a7ffffffff-2017-09,3
842b9a7ffffffff-2017-11,1
842b9a7ffffffff-2018-04,3
842b9a7ffffffff-2018-07,4
842b9a7ffffffff-2018-08,10
842b9a7ffffffff-2018-09,1
842b9a7ffffffff-2019-04,5
842b9a7ffffffff-2019-05,5
842b9a7ffffffff-2019-08,12
842b9a7ffffffff-2019-09,4
842b9a7ffffffff-2019-10,1
842b9a7ffffffff-2020-05,13
842b9a7ffffffff-2020-07,4
842b9a7ffffffff-2020-08,21
842b9a7ffffffff-2020-09,38
842b9a7ffffffff-2020-10,3
842b9a7ffffffff-2021-04,6
842b9a7ffffffff-2021-05,27
842b9a7ffffffff-2021-07,3
842b9a7ffffffff-2021-08,31
842b9a7ffffffff-2021-09,10
842b9a7ffffffff-2021-10,10
842b9a7ffffffff-2022-04,7
842b9a7ffffffff-2022-05,37
842b9a7ffffffff-2022-06,2
842b9a7ffffffff-2022-07,14
842b9a7ffffffff-2022-08,24
842b9a7ffffffff-2022-09,6
842b9a7ffffffff-2022-10,4
842b9a7ffffffff-2023-04,19
842b9a7ffffffff-2023-05,55
842b9a7ffffffff-2023-06,3
842b9a7ffffffff-2023-07,11
842b9a7ffffffff-2023-08,27
842b9a7ffffffff-2023-09,9
842b9a7ffffffff-2023-10,6
842b9a9ffffffff-2012-04,11
842b9a9ffffffff-2012-05,4
842b9a9ffffffff-2013-04,8
842b9a9ffffffff-2013-05,10
842b9a9ffffffff-2013-08,1
842b9a9ffffffff-2014-04,13
842b9a9ffffffff-2014-05,14
842b9a9ffffffff-2014-07,1
842b9a9ffffffff-2015-04,5
842b9a9ffffffff-2015-05,31
842b9a9ffffffff-2015-07,1
842b9a9ffffffff-2015-08,3
842b9a9ffffffff-2016-04,20
842b9a9ffffffff-2016-05,18
842b9a9ffffffff-2016-08,4
842b9a9ffffffff-2016-09,3
842b9a9ffffffff-2017-04,41
842b9a9ffffffff-2017-05,36
842b9a9ffffffff-2018-04,23
842b9a9ffffffff-2018-05,136
842b9a9ffffffff-2018-07,1
842b9a9ffffffff-2018-08,1
842b9a9ffffffff-2019-04,53
842b9a9ffffffff-2019-05,71
842b9a9ffffffff-2019-06,2
842b9a9ffffffff-2019-07,2
842b9a9ffffffff-2019-08,4
842b9a9ffffffff-2019-09,30
842b9a9ffffffff-2020-04,46
842b9a9ffffffff-2020-05,108
842b9a9ffffffff-2020-06,4
842b9a9ffffffff-2020-07,6
842b9a9ffffffff-2020-08,1
842b9a9ffffffff-2020-09,14
842b9a9ffffffff-2020-10,2
842b9a9ffffffff-2021-04,47
842b9a9ffffffff-2021-05,95
842b9a9ffffffff-2021-08,7
842b9a9ffffffff-2021-09,5
842b9a9ffffffff-2021-10,1
842b9a9ffffffff-2022-04,18
842b9a9ffffffff-2022-05,41
842b9a9ffffffff-2022-06,1
842b9a9ffffffff-2022-08,10
842b9a9ffffffff-2022-09,2
842b9a9ffffffff-2023-04,339
842b9a9ffffffff-2023-05,195
842b9a9ffffffff-2023-06,2
842b9a9ffffffff-2023-07,10
842b9a9ffffffff-2023-08,19
842b9a9ffffffff-2023-09,3
842b9a9ffffffff-2023-11,3
842b9abffffffff-2012-04,7
842b9abffffffff-2012-05,2
842b9abffffffff-2012-07,3
842b9abffffffff-2012-08,9
842b9abffffffff-2013-04,1
842b9abffffffff-2013-05,3
842b9abffffffff-2013-07,7
842b9abffffffff-2013-08,19
842b9abffffffff-2013-09,12
842b9abffffffff-2014-04,1
842b9abffffffff-2014-05,2
842b9abffffffff-2014-07,5
842b9abffffffff-2014-08,18
842b9abffffffff-2014-09,7
842b9abffffffff-2014-10,4
842b9abffffffff-2015-04,2
842b9abffffffff-2015-05,12
842b9abffffffff-2015-07,9
842b9abffffffff-2015-08,33
842b9abffffffff-2015-09,31
842b9abffffffff-2015-10,13
842b9abffffffff-2016-04,1
842b9abffffffff-2016-05,19
842b9abffffffff-2016-07,8
842b9abffffffff-2016-08,22
842b9abffffffff-2016-09,26
842b9abffffffff-2016-10,16
842b9abffffffff-2016-11,1
842b9abffffffff-2017-04,16
842b9abffffffff-2017-05,13
842b9abffffffff-2017-07,16
842b9abffffffff-2017-08,63
842b9abffffffff-2017-09,45
842b9abffffffff-2017-10,16
842b9abffffffff-2018-04,2
842b9abffffffff-2018-05,4
842b9abffffffff-2018-07,27
842b9abffffffff-2018-08,65
842b9abffffffff-2018-09,27
842b9abffffffff-2018-10,16
842b9abffffffff-2019-04,7
842b9abffffffff-2019-05,11
842b9abffffffff-2019-06,1
842b9abffffffff-2019-07,28
842b9abffffffff-2019-08,78
842b9abffffffff-2019-09,43
842b9abffffffff-2019-10,21
842b9abffffffff-2020-04,2
842b9abffffffff-2020-05,34
842b9abffffffff-2020-07,16
842b9abffffffff-2020-08,57
842b9abffffffff-2020-09,30
842b9abffffffff-2020-10,10
842b9abffffffff-2021-04,10
842b9abffffffff-2021-05,80
842b9abffffffff-2021-06,1
842b9abffffffff-2021-07,29
842b9abffffffff-2021-08,99
842b9abffffffff-2021-09,99
842b9abffffffff-2021-10,9
842b9abffffffff-2022-04,6
842b9abffffffff-2022-05,16
842b9abffffffff-2022-06,2
842b9abffffffff-2022-07,63
842b9abffffffff-2022-08,52
842b9abffffffff-2022-09,66
842b9abffffffff-2022-10,8
842b9abffffffff-2023-04,7
842b9abffffffff-2023-05,10
842b9abffffffff-2023-07,35
842b9abffffffff-2023-08,32
842b9abffffffff-2023-09,14
842b9adffffffff-2014-09,1
842b9adffffffff-2015-09,2
842b9adffffffff-2017-05,1
842b9adffffffff-2017-07,1
842b9adffffffff-2017-09,2
842b9adffffffff-2018-04,1
842b9adffffffff-2018-05,1
842b9adffffffff-2018-08,2
842b9adffffffff-2020-05,2
842b9adffffffff-2020-09,3
842b9adffffffff-2021-05,11
842b9adffffffff-2021-09,3
842b9adffffffff-2022-05,1
842b9adffffffff-2022-08,8
842b9adffffffff-2022-09,2
842b9adffffffff-2023-05,5
842b9adffffffff-2023-07,3
842b9adffffffff-2023-08,8
842b9adffffffff-2023-09,40
842b9adffffffff-2023-10,37
842b9b1ffffffff-2012-08,2
842b9b1ffffffff-2012-09,3
842b9b1ffffffff-2013-10,1
842b9b1ffffffff-2014-05,1
842b9b1ffffffff-2014-10,2
842b9b1ffffffff-2015-10,1
842b9b1ffffffff-2016-07,6
842b9b1ffffffff-2016-08,18
842b9b1ffffffff-2016-09,6
842b9b1ffffffff-2017-05,1
842b9b1ffffffff-2017-07,14
842b9b1ffffffff-2017-08,5
842b9b1ffffffff-2017-09,3
842b9b1ffffffff-2017-10,8
842b9b1ffffffff-2018-07,3
842b9b1ffffffff-2018-08,50
842b9b1ffffffff-2018-09,33
842b9b1ffffffff-2018-10,2
842b9b1ffffffff-2019-04,1
842b9b1ffffffff-2019-07,3
842b9b1ffffffff-2019-10,1
842b9b1ffffffff-2020-05,1
842b9b1ffffffff-2020-08,1
842b9b1ffffffff-2020-09,11
842b9b1ffffffff-2020-10,18
842b9b1ffffffff-2021-05,43
842b9b1ffffffff-2021-07,1
842b9b1ffffffff-2021-08,45
842b9b1ffffffff-2021-09,5
842b9b1ffffffff-2022-04,1
842b9b1ffffffff-2022-05,1
842b9b1ffffffff-2022-07,4
842b9b1ffffffff-2022-08,30
842b9b1ffffffff-2022-09,60
842b9b1ffffffff-2022-10,2
842b9b1ffffffff-2023-09,1
842b9b1ffffffff-2023-10,2
842b9b3ffffffff-2012-07,12
842b9b3ffffffff-2012-08,5
842b9b3ffffffff-2013-08,2
842b9b3ffffffff-2013-09,3
842b9b3ffffffff-2013-10,8
842b9b3ffffffff-2014-05,3
842b9b3ffffffff-2014-07,2
842b9b3ffffffff-2014-08,7
842b9b3ffffffff-2014-09,1
842b9b3ffffffff-2014-10,1
842b9b3ffffffff-2015-09,10
842b9b3ffffffff-2015-10,3
842b9b3ffffffff-2016-05,4
842b9b3ffffffff-2016-07,23
842b9b3ffffffff-2016-08,26
842b9b3ffffffff-2016-09,3
842b9b3ffffffff-2017-04,9
842b9b3ffffffff-2017-05,33
842b9b3ffffffff-2017-07,3
842b9b3ffffffff-2017-08,34
842b9b3ffffffff-2017-09,24
842b9b3ffffffff-2017-10,14
842b9b3ffffffff-2017-11,1
842b9b3ffffffff-2018-04,8
842b9b3ffffffff-2018-05,4
842b9b3ffffffff-2018-07,47
842b9b3ffffffff-2018-08,41
842b9b3ffffffff-2018-09,25
842b9b3ffffffff-2018-10,18
842b9b3ffffffff-2019-04,13
842b9b3ffffffff-2019-05,17
842b9b3ffffffff-2019-07,17
842b9b3ffffffff-2019-08,9
842b9b3ffffffff-2019-09,62
842b9b3ffffffff-2019-10,3
842b9b3ffffffff-2020-04,13
842b9b3ffffffff-2020-05,19
842b9b3ffffffff-2020-07,34
842b9b3ffffffff-2020-08,41
842b9b3ffffffff-2020-09,25
842b9b3ffffffff-2020-10,21
842b9b3ffffffff-2021-04,7
842b9b3ffffffff-2021-05,67
842b9b3ffffffff-2021-07,8
842b9b3ffffffff-2021-08,26
842b9b3ffffffff-2021-09,33
842b9b3ffffffff-2021-10,5
842b9b3ffffffff-2022-04,41
842b9b3ffffffff-2022-05,29
842b9b3ffffffff-2022-07,15
842b9b3ffffffff-2022-08,30
842b9b3ffffffff-2022-09,21
842b9b3ffffffff-2022-10,4
842b9b3ffffffff-2023-03,3
842b9b3ffffffff-2023-04,23
842b9b3ffffffff-2023-05,42
842b9b3ffffffff-2023-07,1
842b9b3ffffffff-2023-08,38
842b9b3ffffffff-2023-09,33
842b9b3ffffffff-2023-10,37
842b9b5ffffffff-2012-04,7
842b9b5ffffffff-2012-05,11
842b9b5ffffffff-2012-06,1
842b9b5ffffffff-2012-07,36
842b9b5ffffffff-2012-08,40
842b9b5ffffffff-2012-09,76
842b9b5ffffffff-2012-10,28
842b9b5ffffffff-2013-04,13
842b9b5ffffffff-2013-05,34
842b9b5ffffffff-2013-07,23
842b9b5ffffffff-2013-08,55
842b9b5ffffffff-2013-09,49
842b9b5ffffffff-2013-10,13
842b9b5ffffffff-2014-04,14
842b9b5ffffffff-2014-05,41
842b9b5ffffffff-2014-07,31
842b9b5ffffffff-2014-08,39
842b9b5ffffffff-2014-09,50
842b9b5ffffffff-2014-10,120
842b9b5ffffffff-2014-11,13
842b9b5ffffffff-2015-04,22
842b9b5ffffffff-2015-05,73
842b9b5ffffffff-2015-06,2
842b9b5ffffffff-2015-07,59
842b9b5ffffffff-2015-08,112
842b9b5ffffffff-2015-09,131
842b9b5ffffffff-2015-10,56
842b9b5ffffffff-2016-03,1
842b9b5ffffffff-2016-04,45
842b9b5ffffffff-2016-05,75
842b9b5ffffffff-2016-06,4
842b9b5ffffffff-2016-07,72
842b9b5ffffffff-2016-08,149
842b9b5ffffffff-2016-09,132
842b9b5ffffffff-2016-10,22
842b9b5ffffffff-2017-04,22
842b9b5ffffffff-2017-05,10
842b9b5ffffffff-2017-06,2
842b9b5ffffffff-2017-07,33
842b9b5ffffffff-2017-08,125
842b9b5ffffffff-2017-09,126
842b9b5ffffffff-2017-10,47
842b9b5ffffffff-2017-11,1
842b9b5ffffffff-2018-04,16
842b9b5ffffffff-2018-05,24
842b9b5ffffffff-2018-07,84
842b9b5ffffffff-2018-08,116
842b9b5ffffffff-2018-09,106
842b9b5ffffffff-2018-10,34
842b9b5ffffffff-2018-11,2
842b9b5ffffffff-2019-04,12
842b9b5ffffffff-2019-05,4
842b9b5ffffffff-2019-07,27
842b9b5ffffffff-2019-08,79
842b9b5ffffffff-2019-09,207
842b9b5ffffffff-2019-10,12
842b9b5ffffffff-2020-04,5
842b9b5ffffffff-2020-05,40
842b9b5ffffffff-2020-06,2
842b9b5ffffffff-2020-07,89
842b9b5ffffffff-2020-08,204
842b9b5ffffffff-2020-09,179
842b9b5ffffffff-2020-10,45
842b9b5ffffffff-2020-11,8
842b9b5ffffffff-2021-04,26
842b9b5ffffffff-2021-05,153
842b9b5ffffffff-2021-06,3
842b9b5ffffffff-2021-07,34
842b9b5ffffffff-2021-08,311
842b9b5ffffffff-2021-09,109
842b9b5ffffffff-2021-10,14
842b9b5ffffffff-2021-11,2
842b9b5ffffffff-2022-04,23
842b9b5ffffffff-2022-05,37
842b9b5ffffffff-2022-06,3
842b9b5ffffffff-2022-07,218
842b9b5ffffffff-2022-08,310
842b9b5ffffffff-2022-09,357
842b9b5ffffffff-2022-10,53
842b9b5ffffffff-2022-11,6
842b9b5ffffffff-2023-04,23
842b9b5ffffffff-2023-05,18
842b9b5ffffffff-2023-06,3
842b9b5ffffffff-2023-07,44
842b9b5ffffffff-2023-08,126
842b9b5ffffffff-2023-09,89
842b9b5ffffffff-2023-10,69
842b9b5ffffffff-2023-11,2
842b9b7ffffffff-2012-04,5
842b9b7ffffffff-2012-05,1
842b9b7ffffffff-2012-06,1
842b9b7ffffffff-2012-07,13
842b9b7ffffffff-2012-08,4
842b9b7ffffffff-2012-09,3
842b9b7ffffffff-2012-10,18
842b9b7ffffffff-2013-04,7
842b9b7ffffffff-2013-05,6
842b9b7ffffffff-2013-07,1
842b9b7ffffffff-2013-08,6
842b9b7ffffffff-2013-09,17
842b9b7ffffffff-2013-10,9
842b9b7ffffffff-2014-04,21
842b9b7ffffffff-2014-05,17
842b9b7ffffffff-2014-07,1
842b9b7ffffffff-2014-08,4
842b9b7ffffffff-2014-09,13
842b9b7ffffffff-2014-10,11
842b9b7ffffffff-2015-04,7
842b9b7ffffffff-2015-05,14
842b9b7ffffffff-2015-07,4
842b9b7ffffffff-2015-08,1
842b9b7ffffffff-2015-09,20
842b9b7ffffffff-2015-10,31
842b9b7ffffffff-2016-04,26
842b9b7ffffffff-2016-05,18
842b9b7ffffffff-2016-07,25
842b9b7ffffffff-2016-08,33
842b9b7ffffffff-2016-09,27
842b9b7ffffffff-2016-10,16
842b9b7ffffffff-2016-11,33
842b9b7ffffffff-2016-12,15
842b9b7ffffffff-2017-03,7
842b9b7ffffffff-2017-04,46
842b9b7ffffffff-2017-05,45
842b9b7ffffffff-2017-08,6
842b9b7ffffffff-2017-09,2
842b9b7ffffffff-2017-10,34
842b9b7ffffffff-2018-04,36
842b9b7ffffffff-2018-05,19
842b9b7ffffffff-2018-06,1
842b9b7ffffffff-2018-07,5
842b9b7ffffffff-2018-08,23
842b9b7ffffffff-2018-09,25
842b9b7ffffffff-2018-10,26
842b9b7ffffffff-2019-04,41
842b9b7ffffffff-2019-05,9
842b9b7ffffffff-2019-07,2
842b9b7ffffffff-2019-08,3
842b9b7ffffffff-2019-09,5
842b9b7ffffffff-2019-10,2
842b9b7ffffffff-2020-04,11
842b9b7ffffffff-2020-05,19
842b9b7ffffffff-2020-07,54
842b9b7ffffffff-2020-08,84
842b9b7ffffffff-2020-09,48
842b9b7ffffffff-2020-10,38
842b9b7ffffffff-2020-11,1
842b9b7ffffffff-2021-04,20
842b9b7ffffffff-2021-05,31
842b9b7ffffffff-2021-07,50
842b9b7ffffffff-2021-08,144
842b9b7ffffffff-2021-09,125
842b9b7ffffffff-2021-10,14
842b9b7ffffffff-2022-04,26
842b9b7ffffffff-2022-05,47
842b9b7ffffffff-2022-07,6
842b9b7ffffffff-2022-08,37
842b9b7ffffffff-2022-09,33
842b9b7ffffffff-2022-10,25
842b9b7ffffffff-2023-03,2
842b9b7ffffffff-2023-04,90
842b9b7ffffffff-2023-05,73
842b9b7ffffffff-2023-07,13
842b9b7ffffffff-2023-08,116
842b9b7ffffffff-2023-09,3
842b9b7ffffffff-2023-10,1
842b9b9ffffffff-2012-04,2
842b9b9ffffffff-2012-05,22
842b9b9ffffffff-2012-06,2
842b9b9ffffffff-2012-07,32
842b9b9ffffffff-2012-08,29
842b9b9ffffffff-2012-09,24
842b9b9ffffffff-2012-10,3
842b9b9ffffffff-2013-04,1
842b9b9ffffffff-2013-05,7
842b9b9ffffffff-2013-07,4
842b9b9ffffffff-2013-08,25
842b9b9ffffffff-2013-09,61
842b9b9ffffffff-2013-10,20
842b9b9ffffffff-2013-11,4
842b9b9ffffffff-2014-05,2
842b9b9ffffffff-2014-07,5
842b9b9ffffffff-2014-08,14
842b9b9ffffffff-2014-09,43
842b9b9ffffffff-2014-10,13
842b9b9ffffffff-2015-04,4
842b9b9ffffffff-2015-05,3
842b9b9ffffffff-2015-07,6
842b9b9ffffffff-2015-08,37
842b9b9ffffffff-2015-09,27
842b9b9ffffffff-2015-10,47
842b9b9ffffffff-2016-05,1
842b9b9ffffffff-2016-07,22
842b9b9ffffffff-2016-08,34
842b9b9ffffffff-2016-09,52
842b9b9ffffffff-2016-10,4
842b9b9ffffffff-2017-07,1
842b9b9ffffffff-2017-08,51
842b9b9ffffffff-2017-09,54
842b9b9ffffffff-2017-10,13
842b9b9ffffffff-2018-04,42
842b9b9ffffffff-2018-05,60
842b9b9ffffffff-2018-06,31
842b9b9ffffffff-2018-07,6
842b9b9ffffffff-2018-08,39
842b9b9ffffffff-2018-09,28
842b9b9ffffffff-2018-10,36
842b9b9ffffffff-2019-04,1
842b9b9ffffffff-2019-05,8
842b9b9ffffffff-2019-08,34
842b9b9ffffffff-2019-09,13
842b9b9ffffffff-2020-05,2
842b9b9ffffffff-2020-07,48
842b9b9ffffffff-2020-08,164
842b9b9ffffffff-2020-09,154
842b9b9ffffffff-2020-10,117
842b9b9ffffffff-2020-11,13
842b9b9ffffffff-2021-04,4
842b9b9ffffffff-2021-05,35
842b9b9ffffffff-2021-07,5
842b9b9ffffffff-2021-08,84
842b9b9ffffffff-2021-09,59
842b9b9ffffffff-2021-10,15
842b9b9ffffffff-2022-05,5
842b9b9ffffffff-2022-07,89
842b9b9ffffffff-2022-08,228
842b9b9ffffffff-2022-09,204
842b9b9ffffffff-2022-10,98
842b9b9ffffffff-2023-03,10
842b9b9ffffffff-2023-04,1
842b9b9ffffffff-2023-05,13
842b9b9ffffffff-2023-06,1
842b9b9ffffffff-2023-07,6
842b9b9ffffffff-2023-08,13
842b9b9ffffffff-2023-09,126
842b9b9ffffffff-2023-10,58
842b9b9ffffffff-2023-11,4
842b9bbffffffff-2012-04,3
842b9bbffffffff-2012-05,9
842b9bbffffffff-2012-07,14
842b9bbffffffff-2012-08,7
842b9bbffffffff-2012-09,2
842b9bbffffffff-2012-10,3
842b9bbffffffff-2013-04,1
842b9bbffffffff-2013-07,2
842b9bbffffffff-2013-09,1
842b9bbffffffff-2014-05,9
842b9bbffffffff-2015-05,2
842b9bbffffffff-2016-04,1
842b9bbffffffff-2016-07,7
842b9bbffffffff-2016-08,4
842b9bbffffffff-2016-09,23
842b9bbffffffff-2016-10,2
842b9bbffffffff-2017-02,2
842b9bbffffffff-2017-04,9
842b9bbffffffff-2017-05,15
842b9bbffffffff-2017-07,27
842b9bbffffffff-2017-08,140
842b9bbffffffff-2017-09,25
842b9bbffffffff-2017-10,4
842b9bbffffffff-2018-04,4
842b9bbffffffff-2018-05,20
842b9bbffffffff-2018-08,4
842b9bbffffffff-2018-09,2
842b9bbffffffff-2018-10,2
842b9bbffffffff-2019-04,6
842b9bbffffffff-2019-05,14
842b9bbffffffff-2019-07,2
842b9bbffffffff-2019-08,3
842b9bbffffffff-2020-04,4
842b9bbffffffff-2020-05,9
842b9bbffffffff-2020-08,3
842b9bbffffffff-2020-09,1
842b9bbffffffff-2021-04,3
842b9bbffffffff-2021-05,30
842b9bbffffffff-2021-08,2
842b9bbffffffff-2021-09,7
842b9bbffffffff-2022-04,45
842b9bbffffffff-2022-05,98
842b9bbffffffff-2022-07,3
842b9bbffffffff-2022-08,4
842b9bbffffffff-2022-09,2
842b9bbffffffff-2022-10,11
842b9bbffffffff-2023-04,5
842b9bbffffffff-2023-05,38
842b9bbffffffff-2023-07,4
842b9bbffffffff-2023-08,23
842b9bbffffffff-2023-09,3
842b9bbffffffff-2023-10,6
842b9bdffffffff-2012-05,2
842b9bdffffffff-2012-08,17
842b9bdffffffff-2012-09,9
842b9bdffffffff-2012-10,2
842b9bdffffffff-2013-04,4
842b9bdffffffff-2013-05,8
842b9bdffffffff-2013-07,1
842b9bdffffffff-2013-08,20
842b9bdffffffff-2013-09,9
842b9bdffffffff-2013-10,7
842b9bdffffffff-2014-05,2
842b9bdffffffff-2014-07,4
842b9bdffffffff-2014-08,3
842b9bdffffffff-2014-09,6
842b9bdffffffff-2014-10,1
842b9bdffffffff-2015-05,38
842b9bdffffffff-2015-07,19
842b9bdffffffff-2015-08,63
842b9bdffffffff-2015-09,30
842b9bdffffffff-2015-10,8
842b9bdffffffff-2015-11,2
842b9bdffffffff-2016-04,17
842b9bdffffffff-2016-05,25
842b9bdffffffff-2016-06,2
842b9bdffffffff-2016-07,13
842b9bdffffffff-2016-08,78
842b9bdffffffff-2016-09,18
842b9bdffffffff-2016-10,1
842b9bdffffffff-2017-04,20
842b9bdffffffff-2017-05,48
842b9bdffffffff-2017-06,1
842b9bdffffffff-2017-07,71
842b9bdffffffff-2017-08,184
842b9bdffffffff-2017-09,39
842b9bdffffffff-2017-10,7
842b9bdffffffff-2018-04,9
842b9bdffffffff-2018-05,41
842b9bdffffffff-2018-06,4
842b9bdffffffff-2018-07,22
842b9bdffffffff-2018-08,37
842b9bdffffffff-2018-09,26
842b9bdffffffff-2018-10,20
842b9bdffffffff-2019-04,5
842b9bdffffffff-2019-05,25
842b9bdffffffff-2019-07,62
842b9bdffffffff-2019-08,246
842b9bdffffffff-2019-09,69
842b9bdffffffff-2019-10,3
842b9bdffffffff-2020-04,6
842b9bdffffffff-2020-05,122
842b9bdffffffff-2020-06,1
842b9bdffffffff-2020-07,22
842b9bdffffffff-2020-08,188
842b9bdffffffff-2020-09,107
842b9bdffffffff-2020-10,51
842b9bdffffffff-2020-11,3
842b9bdffffffff-2021-04,23
842b9bdffffffff-2021-05,385
842b9bdffffffff-2021-07,34
842b9bdffffffff-2021-08,131
842b9bdffffffff-2021-09,67
842b9bdffffffff-2021-10,9
842b9bdffffffff-2022-04,10
842b9bdffffffff-2022-05,46
842b9bdffffffff-2022-06,2
842b9bdffffffff-2022-07,42
842b9bdffffffff-2022-08,170
842b9bdffffffff-2022-09,98
842b9bdffffffff-2022-10,8
842b9bdffffffff-2023-04,14
842b9bdffffffff-2023-05,67
842b9bdffffffff-2023-06,1
842b9bdffffffff-2023-07,22
842b9bdffffffff-2023-08,109
842b9bdffffffff-2023-09,67
842b9bdffffffff-2023-10,33
842b9c5ffffffff-2012-08,2
842b9c5ffffffff-2014-05,2
842b9c5ffffffff-2015-08,1
842b9c5ffffffff-2017-05,1
842b9c5ffffffff-2018-08,1
842b9c5ffffffff-2019-09,1
842b9c5ffffffff-2020-05,1
842b9c5ffffffff-2022-08,1
842b9c5ffffffff-2023-05,2
842b9c7ffffffff-2015-05,1
842b9c7ffffffff-2016-08,1
842b9c7ffffffff-2017-04,1
842b9c7ffffffff-2017-08,1
842b9c7ffffffff-2018-05,2
842b9c7ffffffff-2018-08,3
842b9c7ffffffff-2019-05,1
842b9c7ffffffff-2019-08,1
842b9c7ffffffff-2019-09,1
842b9c7ffffffff-2020-08,3
842b9c7ffffffff-2020-09,4
842b9c7ffffffff-2020-10,4
842b9c7ffffffff-2021-05,2
842b9c7ffffffff-2021-08,1
842b9c7ffffffff-2021-09,1
842b9c7ffffffff-2022-05,3
842b9c7ffffffff-2022-09,2
842b9c7ffffffff-2023-04,1
842b9c7ffffffff-2023-08,1
842b9c7ffffffff-2023-09,2
842b9c9ffffffff-2020-05,1
842b9c9ffffffff-2023-07,1
842b9cdffffffff-2017-08,3
842b9cdffffffff-2017-09,1
842b9cdffffffff-2021-05,2
842b9cdffffffff-2021-10,2
842b9d1ffffffff-2013-05,2
842b9d1ffffffff-2014-04,1
842b9d1ffffffff-2014-05,15
842b9d1ffffffff-2015-05,2
842b9d1ffffffff-2016-08,3
842b9d1ffffffff-2016-09,10
842b9d1ffffffff-2016-10,1
842b9d1ffffffff-2017-05,3
842b9d1ffffffff-2017-07,9
842b9d1ffffffff-2017-08,11
842b9d1ffffffff-2018-07,1
842b9d1ffffffff-2018-08,2
842b9d1ffffffff-2019-05,10
842b9d1ffffffff-2019-08,4
842b9d1ffffffff-2019-09,1
842b9d1ffffffff-2020-05,14
842b9d1ffffffff-2020-07,8
842b9d1ffffffff-2020-08,11
842b9d1ffffffff-2020-09,4
842b9d1ffffffff-2021-04,5
842b9d1ffffffff-2021-05,16
842b9d1ffffffff-2021-07,2
842b9d1ffffffff-2021-08,5
842b9d1ffffffff-2021-09,2
842b9d1ffffffff-2022-04,9
842b9d1ffffffff-2022-05,13
842b9d1ffffffff-2022-07,1
842b9d1ffffffff-2022-08,1
842b9d1ffffffff-2023-05,8
842b9d1ffffffff-2023-07,3
842b9d1ffffffff-2023-09,1
842b9d3ffffffff-2012-05,1
842b9d3ffffffff-2012-07,2
842b9d3ffffffff-2012-08,2
842b9d3ffffffff-2013-04,5
842b9d3ffffffff-2013-05,19
842b9d3ffffffff-2013-06,1
842b9d3ffffffff-2013-07,20
842b9d3ffffffff-2013-08,14
842b9d3ffffffff-2013-09,2
842b9d3ffffffff-2013-10,6
842b9d3ffffffff-2014-04,2
842b9d3ffffffff-2014-05,21
842b9d3ffffffff-2014-07,35
842b9d3ffffffff-2014-08,33
842b9d3ffffffff-2014-09,28
842b9d3ffffffff-2014-10,1
842b9d3ffffffff-2014-11,4
842b9d3ffffffff-2015-05,48
842b9d3ffffffff-2015-07,17
842b9d3ffffffff-2015-08,45
842b9d3ffffffff-2015-09,18
842b9d3ffffffff-2016-04,7
842b9d3ffffffff-2016-05,38
842b9d3ffffffff-2016-07,19
842b9d3ffffffff-2016-08,7
842b9d3ffffffff-2016-09,18
842b9d3ffffffff-2016-10,3
842b9d3ffffffff-2017-04,12
842b9d3ffffffff-2017-05,39
842b9d3ffffffff-2017-07,5
842b9d3ffffffff-2017-08,32
842b9d3ffffffff-2017-09,61
842b9d3ffffffff-2017-10,12
842b9d3ffffffff-2018-04,2
842b9d3ffffffff-2018-05,68
842b9d3ffffffff-2018-07,21
842b9d3ffffffff-2018-08,11
842b9d3ffffffff-2018-09,18
842b9d3ffffffff-2018-10,9
842b9d3ffffffff-2018-11,1
842b9d3ffffffff-2019-05,5
842b9d3ffffffff-2019-07,17
842b9d3ffffffff-2019-08,17
842b9d3ffffffff-2019-09,9
842b9d3ffffffff-2019-10,1
842b9d3ffffffff-2020-04,3
842b9d3ffffffff-2020-05,28
842b9d3ffffffff-2020-07,21
842b9d3ffffffff-2020-08,36
842b9d3ffffffff-2020-09,38
842b9d3ffffffff-2020-10,11
842b9d3ffffffff-2021-04,1
842b9d3ffffffff-2021-05,62
842b9d3ffffffff-2021-07,12
842b9d3ffffffff-2021-08,34
842b9d3ffffffff-2021-09,23
842b9d3ffffffff-2021-10,3
842b9d3ffffffff-2022-05,21
842b9d3ffffffff-2022-07,31
842b9d3ffffffff-2022-08,67
842b9d3ffffffff-2022-09,58
842b9d3ffffffff-2022-10,13
842b9d3ffffffff-2023-04,10
842b9d3ffffffff-2023-05,56
842b9d3ffffffff-2023-06,1
842b9d3ffffffff-2023-07,14
842b9d3ffffffff-2023-08,32
842b9d3ffffffff-2023-09,13
842b9d3ffffffff-2023-10,8
842b9d5ffffffff-2012-08,5
842b9d5ffffffff-2012-09,6
842b9d5ffffffff-2013-07,1
842b9d5ffffffff-2013-08,7
842b9d5ffffffff-2013-09,15
842b9d5ffffffff-2013-10,2
842b9d5ffffffff-2014-07,1
842b9d5ffffffff-2014-08,3
842b9d5ffffffff-2014-09,4
842b9d5ffffffff-2014-10,2
842b9d5ffffffff-2015-05,1
842b9d5ffffffff-2015-07,1
842b9d5ffffffff-2015-08,16
842b9d5ffffffff-2015-09,7
842b9d5ffffffff-2015-10,13
842b9d5ffffffff-2016-07,2
842b9d5ffffffff-2016-08,7
842b9d5ffffffff-2016-09,9
842b9d5ffffffff-2016-10,3
842b9d5ffffffff-2017-05,1
842b9d5ffffffff-2017-09,1
842b9d5ffffffff-2018-08,1
842b9d5ffffffff-2018-09,1
842b9d5ffffffff-2019-07,2
842b9d5ffffffff-2019-08,5
842b9d5ffffffff-2019-09,3
842b9d5ffffffff-2019-10,4
842b9d5ffffffff-2020-07,5
842b9d5ffffffff-2020-08,13
842b9d5ffffffff-2020-09,8
842b9d5ffffffff-2020-10,7
842b9d5ffffffff-2021-05,2
842b9d5ffffffff-2022-05,3
842b9d7ffffffff-2012-04,1
842b9d7ffffffff-2012-05,4
842b9d7ffffffff-2012-07,2
842b9d7ffffffff-2012-08,51
842b9d7ffffffff-2012-09,21
842b9d7ffffffff-2012-10,35
842b9d7ffffffff-2012-11,1
842b9d7ffffffff-2013-04,4
842b9d7ffffffff-2013-05,1
842b9d7ffffffff-2013-07,3
842b9d7ffffffff-2013-08,12
842b9d7ffffffff-2013-09,10
842b9d7ffffffff-2013-10,1
842b9d7ffffffff-2014-04,6
842b9d7ffffffff-2014-05,10
842b9d7ffffffff-2014-07,10
842b9d7ffffffff-2014-08,30
842b9d7ffffffff-2014-09,36
842b9d7ffffffff-2014-10,12
842b9d7ffffffff-2015-05,41
842b9d7ffffffff-2015-07,23
842b9d7ffffffff-2015-08,45
842b9d7ffffffff-2015-09,14
842b9d7ffffffff-2016-04,13
842b9d7ffffffff-2016-05,86
842b9d7ffffffff-2016-07,9
842b9d7ffffffff-2016-08,16
842b9d7ffffffff-2016-09,21
842b9d7ffffffff-2016-10,3
842b9d7ffffffff-2017-04,8
842b9d7ffffffff-2017-05,21
842b9d7ffffffff-2017-07,51
842b9d7ffffffff-2017-08,59
842b9d7ffffffff-2017-09,49
842b9d7ffffffff-2017-10,3
842b9d7ffffffff-2018-04,3
842b9d7ffffffff-2018-05,40
842b9d7ffffffff-2018-07,15
842b9d7ffffffff-2018-08,46
842b9d7ffffffff-2018-09,27
842b9d7ffffffff-2018-10,9
842b9d7ffffffff-2019-04,2
842b9d7ffffffff-2019-05,16
842b9d7ffffffff-2019-06,2
842b9d7ffffffff-2019-07,15
842b9d7ffffffff-2019-08,70
842b9d7ffffffff-2019-09,29
842b9d7ffffffff-2019-10,3
842b9d7ffffffff-2020-05,39
842b9d7ffffffff-2020-06,2
842b9d7ffffffff-2020-07,13
842b9d7ffffffff-2020-08,46
842b9d7ffffffff-2020-09,66
842b9d7ffffffff-2020-10,58
842b9d7ffffffff-2020-11,15
842b9d7ffffffff-2021-04,2
842b9d7ffffffff-2021-05,58
842b9d7ffffffff-2021-06,1
842b9d7ffffffff-2021-07,10
842b9d7ffffffff-2021-08,64
842b9d7ffffffff-2021-09,45
842b9d7ffffffff-2021-10,13
842b9d7ffffffff-2021-11,2
842b9d7ffffffff-2022-04,1
842b9d7ffffffff-2022-05,20
842b9d7ffffffff-2022-07,7
842b9d7ffffffff-2022-08,51
842b9d7ffffffff-2022-09,54
842b9d7ffffffff-2022-10,6
842b9d7ffffffff-2022-11,2
842b9d7ffffffff-2023-04,7
842b9d7ffffffff-2023-05,44
842b9d7ffffffff-2023-07,6
842b9d7ffffffff-2023-08,13
842b9d7ffffffff-2023-09,28
842b9d7ffffffff-2023-10,13
842b9d7ffffffff-2023-11,1
842b9d9ffffffff-2013-09,2
842b9d9ffffffff-2014-05,1
842b9d9ffffffff-2017-10,2
842b9d9ffffffff-2018-09,3
842b9d9ffffffff-2018-10,2
842b9d9ffffffff-2019-09,1
842b9d9ffffffff-2019-10,1
842b9d9ffffffff-2020-05,1
842b9dbffffffff-2012-04,3
842b9dbffffffff-2012-05,12
842b9dbffffffff-2012-07,25
842b9dbffffffff-2012-08,19
842b9dbffffffff-2012-09,10
842b9dbffffffff-2013-04,2
842b9dbffffffff-2013-05,11
842b9dbffffffff-2013-07,13
842b9dbffffffff-2013-08,37
842b9dbffffffff-2013-09,28
842b9dbffffffff-2013-10,2
842b9dbffffffff-2014-05,14
842b9dbffffffff-2014-07,7
842b9dbffffffff-2014-08,30
842b9dbffffffff-2014-09,35
842b9dbffffffff-2014-10,19
842b9dbffffffff-2015-05,27
842b9dbffffffff-2015-07,29
842b9dbffffffff-2015-08,4
842b9dbffffffff-2015-09,9
842b9dbffffffff-2015-10,4
842b9dbffffffff-2016-05,15
842b9dbffffffff-2016-07,6
842b9dbffffffff-2016-08,20
842b9dbffffffff-2016-09,77
842b9dbffffffff-2016-10,3
842b9dbffffffff-2017-04,8
842b9dbffffffff-2017-05,18
842b9dbffffffff-2017-07,22
842b9dbffffffff-2017-08,21
842b9dbffffffff-2017-09,16
842b9dbffffffff-2017-10,3
842b9dbffffffff-2018-04,2
842b9dbffffffff-2018-05,23
842b9dbffffffff-2018-07,4
842b9dbffffffff-2018-08,14
842b9dbffffffff-2018-09,10
842b9dbffffffff-2018-10,4
842b9dbffffffff-2019-05,6
842b9dbffffffff-2019-07,1
842b9dbffffffff-2019-08,11
842b9dbffffffff-2019-09,7
842b9dbffffffff-2020-05,18
842b9dbffffffff-2020-07,9
842b9dbffffffff-2020-08,86
842b9dbffffffff-2020-09,75
842b9dbffffffff-2020-10,22
842b9dbffffffff-2021-04,4
842b9dbffffffff-2021-05,21
842b9dbffffffff-2021-07,5
842b9dbffffffff-2021-08,61
842b9dbffffffff-2021-09,74
842b9dbffffffff-2021-10,27
842b9dbffffffff-2022-04,3
842b9dbffffffff-2022-05,23
842b9dbffffffff-2022-07,3
842b9dbffffffff-2022-08,57
842b9dbffffffff-2022-09,65
842b9dbffffffff-2022-10,24
842b9dbffffffff-2023-04,8
842b9dbffffffff-2023-05,18
842b9dbffffffff-2023-06,1
842b9dbffffffff-2023-07,25
842b9dbffffffff-2023-08,16
842b9dbffffffff-2023-09,59
842b9dbffffffff-2023-10,32
842b9e1ffffffff-2020-05,6
842b9e1ffffffff-2020-09,1
842b9e3ffffffff-2012-05,2
842b9e3ffffffff-2012-08,1
842b9e3ffffffff-2013-05,5
842b9e3ffffffff-2013-08,1
842b9e3ffffffff-2014-05,2
842b9e3ffffffff-2014-07,3
842b9e3ffffffff-2014-08,3
842b9e3ffffffff-2015-04,1
842b9e3ffffffff-2015-05,9
842b9e3ffffffff-2015-06,1
842b9e3ffffffff-2015-07,5
842b9e3ffffffff-2015-08,12
842b9e3ffffffff-2015-09,3
842b9e3ffffffff-2015-10,2
842b9e3ffffffff-2016-05,22
842b9e3ffffffff-2016-06,1
842b9e3ffffffff-2016-07,5
842b9e3ffffffff-2016-08,12
842b9e3ffffffff-2016-09,2
842b9e3ffffffff-2016-10,1
842b9e3ffffffff-2017-05,11
842b9e3ffffffff-2017-08,1
842b9e3ffffffff-2017-09,2
842b9e3ffffffff-2018-04,2
842b9e3ffffffff-2018-05,18
842b9e3ffffffff-2018-07,3
842b9e3ffffffff-2018-08,3
842b9e3ffffffff-2018-09,6
842b9e3ffffffff-2018-10,11
842b9e3ffffffff-2019-04,4
842b9e3ffffffff-2019-05,17
842b9e3ffffffff-2019-06,3
842b9e3ffffffff-2019-07,7
842b9e3ffffffff-2019-08,13
842b9e3ffffffff-2019-09,1
842b9e3ffffffff-2020-04,7
842b9e3ffffffff-2020-05,86
842b9e3ffffffff-2020-08,59
842b9e3ffffffff-2020-09,42
842b9e3ffffffff-2021-04,58
842b9e3ffffffff-2021-05,198
842b9e3ffffffff-2021-06,25
842b9e3ffffffff-2021-07,2
842b9e3ffffffff-2021-08,27
842b9e3ffffffff-2021-09,35
842b9e3ffffffff-2021-10,35
842b9e3ffffffff-2022-04,25
842b9e3ffffffff-2022-05,101
842b9e3ffffffff-2022-06,5
842b9e3ffffffff-2022-07,19
842b9e3ffffffff-2022-08,111
842b9e3ffffffff-2022-09,42
842b9e3ffffffff-2022-10,1
842b9e3ffffffff-2023-04,14
842b9e3ffffffff-2023-05,46
842b9e3ffffffff-2023-07,2
842b9e3ffffffff-2023-08,8
842b9e3ffffffff-2023-09,2
842b9e5ffffffff-2015-05,1
842b9e5ffffffff-2016-04,1
842b9e5ffffffff-2016-05,1
842b9e5ffffffff-2018-04,2
842b9e5ffffffff-2018-05,2
842b9e5ffffffff-2019-08,2
842b9e5ffffffff-2020-07,1
842b9e5ffffffff-2021-05,2
842b9e5ffffffff-2021-08,1
842b9e5ffffffff-2022-08,1
842b9e7ffffffff-2021-05,1
842b9e7ffffffff-2022-05,2
842b9e7ffffffff-2022-08,2
842b9e7ffffffff-2023-04,1
842b9e7ffffffff-2023-07,1
842b9e7ffffffff-2023-08,5
842b9e9ffffffff-2013-08,1
842b9e9ffffffff-2016-09,2
842b9e9ffffffff-2018-05,1
842b9e9ffffffff-2020-05,3
842b9e9ffffffff-2020-08,2
842b9e9ffffffff-2021-04,1
842b9e9ffffffff-2021-05,1
842b9e9ffffffff-2021-08,4
842b9e9ffffffff-2021-09,1
842b9e9ffffffff-2022-05,1
842b9e9ffffffff-2022-08,1
842b9e9ffffffff-2023-05,1
842b9e9ffffffff-2023-07,1
842b9ebffffffff-2016-10,1
842b9ebffffffff-2021-05,1
842b9edffffffff-2019-04,1
842ba01ffffffff-2013-05,1
842ba01ffffffff-2014-05,2
842ba01ffffffff-2014-09,2
842ba01ffffffff-2015-05,14
842ba01ffffffff-2015-08,8
842ba01ffffffff-2016-05,21
842ba01ffffffff-2016-08,1
842ba01ffffffff-2017-04,1
842ba01ffffffff-2017-05,33
842ba01ffffffff-2017-08,1
842ba01ffffffff-2018-05,7
842ba01ffffffff-2018-08,15
842ba01ffffffff-2018-09,1
842ba01ffffffff-2019-05,6
842ba01ffffffff-2019-08,3
842ba01ffffffff-2020-05,5
842ba01ffffffff-2020-08,1
842ba01ffffffff-2021-05,8
842ba01ffffffff-2021-09,1
842ba01ffffffff-2022-05,20
842ba01ffffffff-2022-08,20
842ba01ffffffff-2022-09,3
842ba01ffffffff-2023-05,2
842ba09ffffffff-2014-05,1
842ba09ffffffff-2017-05,2
842ba09ffffffff-2018-05,2
842ba09ffffffff-2018-08,1
842ba09ffffffff-2019-05,3
842ba09ffffffff-2020-05,10
842ba09ffffffff-2020-08,1
842ba09ffffffff-2021-05,3
842ba09ffffffff-2021-08,1
842ba09ffffffff-2022-05,7
842ba09ffffffff-2022-07,1
842ba09ffffffff-2022-08,2
842ba09ffffffff-2022-09,2
842ba09ffffffff-2023-05,4
842ba09ffffffff-2023-08,1
842ba0bffffffff-2012-05,3
842ba0bffffffff-2012-08,7
842ba0bffffffff-2012-09,4
842ba0bffffffff-2013-05,2
842ba0bffffffff-2013-08,10
842ba0bffffffff-2013-09,8
842ba0bffffffff-2014-04,1
842ba0bffffffff-2014-05,18
842ba0bffffffff-2014-07,1
842ba0bffffffff-2014-08,23
842ba0bffffffff-2014-09,7
842ba0bffffffff-2014-10,3
842ba0bffffffff-2015-05,33
842ba0bffffffff-2015-06,1
842ba0bffffffff-2015-07,9
842ba0bffffffff-2015-08,42
842ba0bffffffff-2015-09,36
842ba0bffffffff-2016-05,76
842ba0bffffffff-2016-07,4
842ba0bffffffff-2016-08,50
842ba0bffffffff-2016-09,2
842ba0bffffffff-2017-04,5
842ba0bffffffff-2017-05,49
842ba0bffffffff-2017-06,1
842ba0bffffffff-2017-07,11
842ba0bffffffff-2017-08,8
842ba0bffffffff-2018-05,77
842ba0bffffffff-2018-06,2
842ba0bffffffff-2018-07,4
842ba0bffffffff-2018-08,32
842ba0bffffffff-2018-09,12
842ba0bffffffff-2019-05,49
842ba0bffffffff-2019-07,1
842ba0bffffffff-2019-08,12
842ba0bffffffff-2019-09,1
842ba0bffffffff-2020-05,40
842ba0bffffffff-2020-07,4
842ba0bffffffff-2020-08,19
842ba0bffffffff-2020-09,14
842ba0bffffffff-2020-10,1
842ba0bffffffff-2021-05,27
842ba0bffffffff-2021-07,2
842ba0bffffffff-2021-08,28
842ba0bffffffff-2021-09,26
842ba0bffffffff-2021-10,2
842ba0bffffffff-2022-05,57
842ba0bffffffff-2022-06,2
842ba0bffffffff-2022-07,9
842ba0bffffffff-2022-08,43
842ba0bffffffff-2022-09,20
842ba0bffffffff-2022-10,6
842ba0bffffffff-2023-05,28
842ba0bffffffff-2023-07,2
842ba0bffffffff-2023-08,26
842ba0bffffffff-2023-09,22
842ba0dffffffff-2014-05,6
842ba0dffffffff-2014-09,3
842ba0dffffffff-2015-05,2
842ba0dffffffff-2015-08,3
842ba0dffffffff-2015-09,4
842ba0dffffffff-2016-08,13
842ba0dffffffff-2016-09,4
842ba0dffffffff-2017-04,1
842ba0dffffffff-2017-05,2
842ba0dffffffff-2017-08,3
842ba0dffffffff-2017-09,2
842ba0dffffffff-2017-10,2
842ba0dffffffff-2018-05,10
842ba0dffffffff-2018-06,2
842ba0dffffffff-2018-08,3
842ba0dffffffff-2019-05,11
842ba0dffffffff-2020-05,27
842ba0dffffffff-2020-08,3
842ba0dffffffff-2020-09,1
842ba0dffffffff-2021-05,4
842ba0dffffffff-2021-08,4
842ba0dffffffff-2021-09,3
842ba0dffffffff-2022-05,30
842ba0dffffffff-2022-08,13
842ba0dffffffff-2022-09,10
842ba0dffffffff-2023-05,18
842ba0dffffffff-2023-06,2
842ba0dffffffff-2023-08,3
842ba0dffffffff-2023-09,4
842ba13ffffffff-2012-04,1
842ba13ffffffff-2014-05,2
842ba13ffffffff-2016-05,3
842ba13ffffffff-2017-05,1
842ba13ffffffff-2018-05,7
842ba13ffffffff-2019-05,4
842ba13ffffffff-2019-08,1
842ba13ffffffff-2020-05,7
842ba13ffffffff-2020-08,1
842ba13ffffffff-2021-05,5
842ba13ffffffff-2021-08,4
842ba13ffffffff-2022-08,3
842ba13ffffffff-2022-09,1
842ba13ffffffff-2023-05,4
842ba19ffffffff-2020-08,1
842ba19ffffffff-2021-08,3
842ba1bffffffff-2013-05,1
842ba3bffffffff-2018-05,4
842ba3bffffffff-2018-08,1
842ba3bffffffff-2021-05,1
842ba3bffffffff-2021-08,1
842ba3bffffffff-2022-05,1
842ba3bffffffff-2022-09,1
842ba3bffffffff-2023-05,2
842ba3bffffffff-2023-08,1
842ba51ffffffff-2012-05,4
842ba51ffffffff-2012-08,1
842ba51ffffffff-2013-05,3
842ba51ffffffff-2014-05,9
842ba51ffffffff-2014-06,2
842ba51ffffffff-2014-07,2
842ba51ffffffff-2015-05,11
842ba51ffffffff-2015-08,3
842ba51ffffffff-2016-05,31
842ba51ffffffff-2016-08,3
842ba51ffffffff-2017-05,8
842ba51ffffffff-2017-07,5
842ba51ffffffff-2017-08,9
842ba51ffffffff-2018-05,70
842ba51ffffffff-2018-07,1
842ba51ffffffff-2018-08,3
842ba51ffffffff-2018-09,2
842ba51ffffffff-2018-10,1
842ba51ffffffff-2019-05,18
842ba51ffffffff-2019-08,5
842ba51ffffffff-2020-05,35
842ba51ffffffff-2020-07,1
842ba51ffffffff-2020-08,2
842ba51ffffffff-2020-09,4
842ba51ffffffff-2021-05,23
842ba51ffffffff-2021-07,2
842ba51ffffffff-2021-08,28
842ba51ffffffff-2021-09,1
842ba51ffffffff-2022-05,31
842ba51ffffffff-2022-07,3
842ba51ffffffff-2022-08,1
842ba51ffffffff-2022-09,2
842ba51ffffffff-2023-05,8
842ba51ffffffff-2023-07,3
842ba51ffffffff-2023-08,25
842ba51ffffffff-2023-09,15
842ba53ffffffff-2023-05,1
842ba55ffffffff-2014-08,2
842ba55ffffffff-2015-05,4
842ba55ffffffff-2016-05,1
842ba55ffffffff-2016-08,3
842ba55ffffffff-2017-05,1
842ba55ffffffff-2017-08,1
842ba55ffffffff-2018-05,7
842ba55ffffffff-2018-06,1
842ba55ffffffff-2019-05,3
842ba55ffffffff-2020-05,5
842ba55ffffffff-2021-05,4
842ba55ffffffff-2021-08,2
842ba55ffffffff-2022-05,2
842ba55ffffffff-2023-05,1
842ba57ffffffff-2014-05,1
842ba57ffffffff-2016-05,6
842ba57ffffffff-2016-08,2
842ba57ffffffff-2017-08,5
842ba57ffffffff-2018-05,11
842ba57ffffffff-2018-09,1
842ba57ffffffff-2019-05,6
842ba57ffffffff-2019-09,1
842ba57ffffffff-2020-05,2
842ba57ffffffff-2021-05,1
842ba57ffffffff-2022-05,2
842ba5bffffffff-2018-05,2
842ba5bffffffff-2019-08,4
842ba5bffffffff-2020-05,6
842ba5bffffffff-2020-08,1
842ba5bffffffff-2020-09,4
842ba5bffffffff-2021-08,4
842ba5bffffffff-2021-09,1
842ba5bffffffff-2022-09,1
842ba5bffffffff-2023-07,3
842ba5bffffffff-2023-08,3
842ba81ffffffff-2015-07,1
842ba81ffffffff-2020-09,1
842ba81ffffffff-2021-08,1
842ba81ffffffff-2021-09,1
842ba81ffffffff-2022-09,1
842ba83ffffffff-2014-05,2
842ba83ffffffff-2015-09,4
842ba83ffffffff-2016-05,3
842ba83ffffffff-2020-08,1
842ba83ffffffff-2021-09,1
842ba85ffffffff-2014-05,2
842ba85ffffffff-2014-08,12
842ba85ffffffff-2015-09,1
842ba85ffffffff-2016-08,2
842ba85ffffffff-2017-04,2
842ba85ffffffff-2017-05,3
842ba85ffffffff-2017-08,2
842ba85ffffffff-2018-05,12
842ba85ffffffff-2018-08,6
842ba85ffffffff-2018-09,12
842ba85ffffffff-2019-05,3
842ba85ffffffff-2019-08,2
842ba85ffffffff-2020-05,10
842ba85ffffffff-2020-07,1
842ba85ffffffff-2020-08,2
842ba85ffffffff-2020-09,2
842ba85ffffffff-2021-05,1
842ba85ffffffff-2021-08,6
842ba85ffffffff-2021-09,13
842ba85ffffffff-2022-07,1
842ba85ffffffff-2023-05,1
842ba85ffffffff-2023-08,9
842ba87ffffffff-2013-05,2
842ba87ffffffff-2014-05,1
842ba87ffffffff-2014-10,3
842ba87ffffffff-2015-05,1
842ba87ffffffff-2015-07,2
842ba87ffffffff-2015-09,2
842ba87ffffffff-2016-05,7
842ba87ffffffff-2016-07,2
842ba87ffffffff-2016-09,3
842ba87ffffffff-2017-08,4
842ba87ffffffff-2017-09,1
842ba87ffffffff-2018-05,7
842ba87ffffffff-2019-05,12
842ba87ffffffff-2019-08,1
842ba87ffffffff-2019-10,1
842ba87ffffffff-2020-05,8
842ba87ffffffff-2020-09,2
842ba87ffffffff-2021-05,2
842ba87ffffffff-2021-08,5
842ba87ffffffff-2021-09,6
842ba87ffffffff-2022-05,9
842ba87ffffffff-2022-08,5
842ba87ffffffff-2022-09,5
842ba87ffffffff-2022-10,3
842ba87ffffffff-2023-04,2
842ba87ffffffff-2023-05,7
842ba87ffffffff-2023-09,14
842ba87ffffffff-2023-10,2
842ba89ffffffff-2016-05,4
842ba89ffffffff-2020-05,1
842ba89ffffffff-2021-08,2
842ba89ffffffff-2021-09,23
842ba89ffffffff-2021-10,45
842ba89ffffffff-2021-11,2
842ba89ffffffff-2023-10,1
842ba8bffffffff-2015-05,2
842ba8bffffffff-2017-10,1
842ba8bffffffff-2019-09,15
842ba8bffffffff-2020-05,1
842ba8bffffffff-2021-09,1
842ba8bffffffff-2022-08,1
842ba8dffffffff-2015-05,1
842ba8dffffffff-2016-05,8
842ba8dffffffff-2016-08,2
842ba8dffffffff-2017-04,7
842ba8dffffffff-2017-05,5
842ba8dffffffff-2017-07,2
842ba8dffffffff-2017-08,6
842ba8dffffffff-2017-09,1
842ba8dffffffff-2018-04,3
842ba8dffffffff-2018-05,8
842ba8dffffffff-2020-05,1
842ba8dffffffff-2020-08,1
842ba8dffffffff-2021-05,4
842ba8dffffffff-2021-08,4
842ba8dffffffff-2021-09,2
842ba8dffffffff-2022-05,2
842ba8dffffffff-2022-09,3
842ba8dffffffff-2023-05,8
842ba91ffffffff-2019-05,1
842ba91ffffffff-2021-08,2
842ba93ffffffff-2012-05,4
842ba93ffffffff-2019-05,1
842ba93ffffffff-2022-09,1
842ba95ffffffff-2018-05,1
842ba95ffffffff-2019-05,1
842ba95ffffffff-2020-08,2
842ba95ffffffff-2020-09,4
842ba95ffffffff-2020-10,1
842ba95ffffffff-2021-08,1
842ba95ffffffff-2021-09,18
842ba95ffffffff-2021-10,8
842ba95ffffffff-2022-05,2
842ba95ffffffff-2023-05,1
842ba95ffffffff-2023-08,1
842ba97ffffffff-2017-05,2
842ba97ffffffff-2020-08,2
842ba99ffffffff-2019-05,1
842ba99ffffffff-2021-05,1
842ba9bffffffff-2019-05,9
842ba9bffffffff-2020-08,1
842ba9bffffffff-2021-08,1
842ba9bffffffff-2022-05,1
842ba9bffffffff-2022-08,1
842ba9dffffffff-2014-10,2
842ba9dffffffff-2015-10,2
842ba9dffffffff-2016-09,1
842baa1ffffffff-2012-08,6
842baa1ffffffff-2012-09,1
842baa1ffffffff-2012-10,3
842baa1ffffffff-2013-05,1
842baa1ffffffff-2013-08,2
842baa1ffffffff-2014-05,1
842baa1ffffffff-2014-07,1
842baa1ffffffff-2014-08,6
842baa1ffffffff-2014-09,6
842baa1ffffffff-2014-10,2
842baa1ffffffff-2015-05,4
842baa1ffffffff-2015-07,4
842baa1ffffffff-2015-08,7
842baa1ffffffff-2015-09,4
842baa1ffffffff-2015-10,2
842baa1ffffffff-2016-05,8
842baa1ffffffff-2016-07,2
842baa1ffffffff-2016-08,24
842baa1ffffffff-2016-09,7
842baa1ffffffff-2016-10,14
842baa1ffffffff-2017-04,10
842baa1ffffffff-2017-05,16
842baa1ffffffff-2017-07,4
842baa1ffffffff-2017-08,2
842baa1ffffffff-2018-04,2
842baa1ffffffff-2018-05,16
842baa1ffffffff-2018-07,12
842baa1ffffffff-2018-08,39
842baa1ffffffff-2018-09,38
842baa1ffffffff-2018-10,29
842baa1ffffffff-2019-05,8
842baa1ffffffff-2019-07,4
842baa1ffffffff-2019-08,43
842baa1ffffffff-2019-09,97
842baa1ffffffff-2019-10,7
842baa1ffffffff-2020-05,21
842baa1ffffffff-2020-07,17
842baa1ffffffff-2020-08,46
842baa1ffffffff-2020-09,74
842baa1ffffffff-2020-10,50
842baa1ffffffff-2021-04,1
842baa1ffffffff-2021-05,13
842baa1ffffffff-2021-07,10
842baa1ffffffff-2021-08,38
842baa1ffffffff-2021-09,31
842baa1ffffffff-2021-10,5
842baa1ffffffff-2022-05,4
842baa1ffffffff-2022-07,3
842baa1ffffffff-2022-08,76
842baa1ffffffff-2022-09,8
842baa1ffffffff-2023-05,16
842baa1ffffffff-2023-06,1
842baa1ffffffff-2023-07,3
842baa1ffffffff-2023-08,1
842baa1ffffffff-2023-09,1
842baa1ffffffff-2023-10,6
842baa1ffffffff-2023-11,1
842baa3ffffffff-2012-04,2
842baa3ffffffff-2012-07,1
842baa3ffffffff-2012-08,10
842baa3ffffffff-2012-09,1
842baa3ffffffff-2013-05,2
842baa3ffffffff-2013-08,12
842baa3ffffffff-2013-09,2
842baa3ffffffff-2013-10,3
842baa3ffffffff-2014-05,28
842baa3ffffffff-2014-08,1
842baa3ffffffff-2014-09,10
842baa3ffffffff-2014-10,27
842baa3ffffffff-2015-04,8
842baa3ffffffff-2015-05,17
842baa3ffffffff-2015-07,2
842baa3ffffffff-2015-09,17
842baa3ffffffff-2015-10,12
842baa3ffffffff-2016-04,19
842baa3ffffffff-2016-05,34
842baa3ffffffff-2016-07,50
842baa3ffffffff-2016-08,155
842baa3ffffffff-2016-09,305
842baa3ffffffff-2016-10,57
842baa3ffffffff-2017-04,22
842baa3ffffffff-2017-05,160
842baa3ffffffff-2017-07,2
842baa3ffffffff-2017-08,17
842baa3ffffffff-2017-09,15
842baa3ffffffff-2017-10,26
842baa3ffffffff-2018-04,33
842baa3ffffffff-2018-05,162
842baa3ffffffff-2018-07,6
842baa3ffffffff-2018-08,101
842baa3ffffffff-2018-09,121
842baa3ffffffff-2018-10,17
842baa3ffffffff-2019-04,11
842baa3ffffffff-2019-05,80
842baa3ffffffff-2019-07,4
842baa3ffffffff-2019-08,65
842baa3ffffffff-2019-09,61
842baa3ffffffff-2019-10,6
842baa3ffffffff-2020-04,11
842baa3ffffffff-2020-05,33
842baa3ffffffff-2020-07,17
842baa3ffffffff-2020-08,208
842baa3ffffffff-2020-09,314
842baa3ffffffff-2020-10,22
842baa3ffffffff-2020-11,2
842baa3ffffffff-2021-04,2
842baa3ffffffff-2021-05,64
842baa3ffffffff-2021-07,5
842baa3ffffffff-2021-08,28
842baa3ffffffff-2021-09,276
842baa3ffffffff-2021-10,65
842baa3ffffffff-2022-04,60
842baa3ffffffff-2022-05,82
842baa3ffffffff-2022-06,3
842baa3ffffffff-2022-07,4
842baa3ffffffff-2022-08,323
842baa3ffffffff-2022-09,141
842baa3ffffffff-2022-10,37
842baa3ffffffff-2023-04,39
842baa3ffffffff-2023-05,139
842baa3ffffffff-2023-06,1
842baa3ffffffff-2023-07,53
842baa3ffffffff-2023-08,260
842baa3ffffffff-2023-09,78
842baa3ffffffff-2023-10,28
842baa5ffffffff-2012-04,1
842baa5ffffffff-2012-07,1
842baa5ffffffff-2012-08,19
842baa5ffffffff-2012-09,39
842baa5ffffffff-2013-04,2
842baa5ffffffff-2013-05,6
842baa5ffffffff-2013-08,13
842baa5ffffffff-2013-09,7
842baa5ffffffff-2013-10,1
842baa5ffffffff-2014-05,11
842baa5ffffffff-2014-07,2
842baa5ffffffff-2014-08,16
842baa5ffffffff-2014-09,8
842baa5ffffffff-2015-04,8
842baa5ffffffff-2015-05,9
842baa5ffffffff-2015-07,2
842baa5ffffffff-2015-08,18
842baa5ffffffff-2015-09,2
842baa5ffffffff-2015-10,3
842baa5ffffffff-2016-04,14
842baa5ffffffff-2016-05,37
842baa5ffffffff-2016-07,53
842baa5ffffffff-2016-08,103
842baa5ffffffff-2016-09,99
842baa5ffffffff-2016-10,32
842baa5ffffffff-2016-11,2
842baa5ffffffff-2017-04,18
842baa5ffffffff-2017-05,30
842baa5ffffffff-2017-06,3
842baa5ffffffff-2017-07,10
842baa5ffffffff-2017-08,32
842baa5ffffffff-2017-09,13
842baa5ffffffff-2017-10,13
842baa5ffffffff-2018-05,44
842baa5ffffffff-2018-07,1
842baa5ffffffff-2018-08,41
842baa5ffffffff-2018-09,18
842baa5ffffffff-2018-10,4
842baa5ffffffff-2019-04,1
842baa5ffffffff-2019-05,47
842baa5ffffffff-2019-06,1
842baa5ffffffff-2019-07,6
842baa5ffffffff-2019-08,54
842baa5ffffffff-2019-09,53
842baa5ffffffff-2019-10,36
842baa5ffffffff-2020-04,2
842baa5ffffffff-2020-05,120
842baa5ffffffff-2020-07,19
842baa5ffffffff-2020-08,36
842baa5ffffffff-2020-09,39
842baa5ffffffff-2020-10,7
842baa5ffffffff-2021-05,165
842baa5ffffffff-2021-06,3
842baa5ffffffff-2021-07,30
842baa5ffffffff-2021-08,279
842baa5ffffffff-2021-09,425
842baa5ffffffff-2021-10,17
842baa5ffffffff-2021-11,1
842baa5ffffffff-2022-05,5
842baa5ffffffff-2022-06,1
842baa5ffffffff-2022-07,22
842baa5ffffffff-2022-08,198
842baa5ffffffff-2022-09,116
842baa5ffffffff-2022-10,25
842baa5ffffffff-2023-04,2
842baa5ffffffff-2023-05,81
842baa5ffffffff-2023-07,10
842baa5ffffffff-2023-08,76
842baa5ffffffff-2023-09,57
842baa5ffffffff-2023-10,28
842baa7ffffffff-2012-07,5
842baa7ffffffff-2012-08,19
842baa7ffffffff-2012-09,3
842baa7ffffffff-2012-10,3
842baa7ffffffff-2013-05,1
842baa7ffffffff-2013-07,2
842baa7ffffffff-2013-08,23
842baa7ffffffff-2013-09,6
842baa7ffffffff-2014-07,5
842baa7ffffffff-2014-08,65
842baa7ffffffff-2014-09,25
842baa7ffffffff-2014-10,2
842baa7ffffffff-2015-05,7
842baa7ffffffff-2015-07,5
842baa7ffffffff-2015-08,91
842baa7ffffffff-2015-09,82
842baa7ffffffff-2015-10,9
842baa7ffffffff-2016-05,13
842baa7ffffffff-2016-07,50
842baa7ffffffff-2016-08,143
842baa7ffffffff-2016-09,23
842baa7ffffffff-2016-10,1
842baa7ffffffff-2017-05,2
842baa7ffffffff-2017-07,11
842baa7ffffffff-2017-08,76
842baa7ffffffff-2017-09,45
842baa7ffffffff-2017-10,4
842baa7ffffffff-2018-04,2
842baa7ffffffff-2018-05,21
842baa7ffffffff-2018-07,9
842baa7ffffffff-2018-08,59
842baa7ffffffff-2018-09,48
842baa7ffffffff-2018-10,14
842baa7ffffffff-2019-05,4
842baa7ffffffff-2019-06,1
842baa7ffffffff-2019-07,14
842baa7ffffffff-2019-08,129
842baa7ffffffff-2019-09,48
842baa7ffffffff-2020-04,3
842baa7ffffffff-2020-05,13
842baa7ffffffff-2020-07,13
842baa7ffffffff-2020-08,69
842baa7ffffffff-2020-09,45
842baa7ffffffff-2020-10,23
842baa7ffffffff-2021-05,40
842baa7ffffffff-2021-06,1
842baa7ffffffff-2021-07,18
842baa7ffffffff-2021-08,70
842baa7ffffffff-2021-09,40
842baa7ffffffff-2021-10,1
842baa7ffffffff-2022-05,15
842baa7ffffffff-2022-07,89
842baa7ffffffff-2022-08,120
842baa7ffffffff-2022-09,10
842baa7ffffffff-2022-10,2
842baa7ffffffff-2023-04,2
842baa7ffffffff-2023-05,14
842baa7ffffffff-2023-07,5
842baa7ffffffff-2023-08,48
842baa7ffffffff-2023-09,13
842baa7ffffffff-2023-10,21
842baa9ffffffff-2012-07,1
842baa9ffffffff-2012-08,1
842baa9ffffffff-2014-08,5
842baa9ffffffff-2015-07,1
842baa9ffffffff-2015-08,3
842baa9ffffffff-2015-10,1
842baa9ffffffff-2016-05,1
842baa9ffffffff-2016-07,2
842baa9ffffffff-2016-08,5
842baa9ffffffff-2017-05,4
842baa9ffffffff-2017-07,5
842baa9ffffffff-2018-05,5
842baa9ffffffff-2018-07,3
842baa9ffffffff-2018-08,26
842baa9ffffffff-2018-09,24
842baa9ffffffff-2018-10,3
842baa9ffffffff-2019-05,22
842baa9ffffffff-2019-07,8
842baa9ffffffff-2019-08,44
842baa9ffffffff-2019-09,14
842baa9ffffffff-2020-05,24
842baa9ffffffff-2020-07,13
842baa9ffffffff-2020-08,65
842baa9ffffffff-2020-09,16
842baa9ffffffff-2020-10,5
842baa9ffffffff-2021-05,24
842baa9ffffffff-2021-06,1
842baa9ffffffff-2021-07,4
842baa9ffffffff-2021-08,14
842baa9ffffffff-2021-09,28
842baa9ffffffff-2021-10,3
842baa9ffffffff-2022-05,13
842baa9ffffffff-2022-07,1
842baa9ffffffff-2022-08,9
842baa9ffffffff-2022-09,23
842baa9ffffffff-2022-10,1
842baa9ffffffff-2023-05,18
842baa9ffffffff-2023-08,2
842baa9ffffffff-2023-09,2
842baa9ffffffff-2023-10,5
842baabffffffff-2012-09,6
842baabffffffff-2012-10,1
842baabffffffff-2014-05,5
842baabffffffff-2014-08,10
842baabffffffff-2014-09,5
842baabffffffff-2014-10,2
842baabffffffff-2015-05,2
842baabffffffff-2015-08,13
842baabffffffff-2015-09,17
842baabffffffff-2015-10,8
842baabffffffff-2016-04,3
842baabffffffff-2016-05,1
842baabffffffff-2016-07,7
842baabffffffff-2016-08,27
842baabffffffff-2016-09,19
842baabffffffff-2017-05,2
842baabffffffff-2017-08,18
842baabffffffff-2017-09,82
842baabffffffff-2017-10,39
842baabffffffff-2018-05,3
842baabffffffff-2018-08,5
842baabffffffff-2018-09,2
842baabffffffff-2019-05,6
842baabffffffff-2019-08,15
842baabffffffff-2019-09,5
842baabffffffff-2020-05,2
842baabffffffff-2020-07,11
842baabffffffff-2020-08,72
842baabffffffff-2020-09,44
842baabffffffff-2020-10,11
842baabffffffff-2021-05,4
842baabffffffff-2021-07,4
842baabffffffff-2021-08,46
842baabffffffff-2021-09,134
842baabffffffff-2021-10,91
842baabffffffff-2022-04,1
842baabffffffff-2022-05,6
842baabffffffff-2022-07,2
842baabffffffff-2022-08,7
842baabffffffff-2022-09,8
842baabffffffff-2022-10,4
842baabffffffff-2023-05,11
842baabffffffff-2023-08,20
842baabffffffff-2023-09,3
842baabffffffff-2023-10,8
842baadffffffff-2012-05,1
842baadffffffff-2012-09,3
842baadffffffff-2013-04,1
842baadffffffff-2013-05,2
842baadffffffff-2014-05,3
842baadffffffff-2014-08,2
842baadffffffff-2014-10,4
842baadffffffff-2015-04,1
842baadffffffff-2015-05,13
842baadffffffff-2015-08,6
842baadffffffff-2015-09,2
842baadffffffff-2015-10,1
842baadffffffff-2016-04,2
842baadffffffff-2016-05,7
842baadffffffff-2016-07,1
842baadffffffff-2016-08,3
842baadffffffff-2017-04,16
842baadffffffff-2017-05,27
842baadffffffff-2017-06,1
842baadffffffff-2017-07,9
842baadffffffff-2017-08,31
842baadffffffff-2017-09,24
842baadffffffff-2017-10,4
842baadffffffff-2018-04,2
842baadffffffff-2018-05,11
842baadffffffff-2018-07,6
842baadffffffff-2018-08,5
842baadffffffff-2018-09,3
842baadffffffff-2018-10,20
842baadffffffff-2019-04,2
842baadffffffff-2019-05,19
842baadffffffff-2019-06,2
842baadffffffff-2019-07,9
842baadffffffff-2019-08,17
842baadffffffff-2019-09,10
842baadffffffff-2020-05,27
842baadffffffff-2020-07,10
842baadffffffff-2020-08,8
842baadffffffff-2020-09,11
842baadffffffff-2020-10,4
842baadffffffff-2021-04,2
842baadffffffff-2021-05,37
842baadffffffff-2021-06,3
842baadffffffff-2021-07,9
842baadffffffff-2021-08,152
842baadffffffff-2021-09,135
842baadffffffff-2021-10,4
842baadffffffff-2022-04,1
842baadffffffff-2022-05,14
842baadffffffff-2022-07,17
842baadffffffff-2022-08,53
842baadffffffff-2022-09,14
842baadffffffff-2022-10,2
842baadffffffff-2022-11,2
842baadffffffff-2023-05,16
842baadffffffff-2023-06,1
842baadffffffff-2023-07,16
842baadffffffff-2023-08,18
842baadffffffff-2023-09,9
842baadffffffff-2023-10,14
842bab1ffffffff-2012-05,2
842bab1ffffffff-2013-08,2
842bab1ffffffff-2014-05,5
842bab1ffffffff-2015-05,2
842bab1ffffffff-2015-07,2
842bab1ffffffff-2015-08,4
842bab1ffffffff-2015-09,1
842bab1ffffffff-2016-08,1
842bab1ffffffff-2016-09,1
842bab1ffffffff-2017-04,3
842bab1ffffffff-2017-09,20
842bab1ffffffff-2017-10,1
842bab1ffffffff-2018-05,4
842bab1ffffffff-2018-07,1
842bab1ffffffff-2018-08,3
842bab1ffffffff-2018-09,4
842bab1ffffffff-2019-04,1
842bab1ffffffff-2019-08,3
842bab1ffffffff-2019-09,1
842bab1ffffffff-2019-10,3
842bab1ffffffff-2020-05,6
842bab1ffffffff-2020-08,3
842bab1ffffffff-2021-05,1
842bab1ffffffff-2022-05,3
842bab1ffffffff-2022-08,4
842bab1ffffffff-2022-09,3
842bab1ffffffff-2023-05,1
842bab1ffffffff-2023-08,3
842bab1ffffffff-2023-09,1
842bab3ffffffff-2013-05,1
842bab3ffffffff-2013-08,2
842bab3ffffffff-2013-09,1
842bab3ffffffff-2015-05,2
842bab3ffffffff-2016-08,6
842bab3ffffffff-2017-04,1
842bab3ffffffff-2018-05,3
842bab3ffffffff-2018-07,1
842bab3ffffffff-2018-08,1
842bab3ffffffff-2019-05,2
842bab3ffffffff-2020-09,1
842bab3ffffffff-2021-05,8
842bab3ffffffff-2022-05,1
842bab3ffffffff-2022-08,1
842bab3ffffffff-2022-09,3
842bab3ffffffff-2023-05,4
842bab3ffffffff-2023-08,2
842bab3ffffffff-2023-09,2
842bab5ffffffff-2012-07,1
842bab5ffffffff-2012-08,1
842bab5ffffffff-2013-09,1
842bab5ffffffff-2014-08,34
842bab5ffffffff-2014-09,31
842bab5ffffffff-2014-10,1
842bab5ffffffff-2015-09,2
842bab5ffffffff-2016-08,6
842bab5ffffffff-2016-09,5
842bab5ffffffff-2016-10,1
842bab5ffffffff-2017-05,1
842bab5ffffffff-2017-07,1
842bab5ffffffff-2018-07,1
842bab5ffffffff-2018-08,2
842bab5ffffffff-2018-09,1
842bab5ffffffff-2019-08,2
842bab5ffffffff-2020-08,21
842bab5ffffffff-2020-09,5
842bab5ffffffff-2021-08,7
842bab5ffffffff-2021-09,2
842bab5ffffffff-2022-05,1
842bab5ffffffff-2022-08,40
842bab5ffffffff-2022-10,1
842bab5ffffffff-2023-08,1
842bab5ffffffff-2023-09,2
842bab7ffffffff-2013-05,3
842bab7ffffffff-2014-05,2
842bab7ffffffff-2014-08,3
842bab7ffffffff-2014-09,2
842bab7ffffffff-2016-05,2
842bab7ffffffff-2017-05,4
842bab7ffffffff-2017-08,3
842bab7ffffffff-2018-05,1
842bab7ffffffff-2018-09,1
842bab7ffffffff-2019-05,7
842bab7ffffffff-2020-05,1
842bab7ffffffff-2021-05,1
842bab7ffffffff-2021-09,1
842bab7ffffffff-2022-05,2
842bab7ffffffff-2023-08,32
842bab7ffffffff-2023-09,4
842bab9ffffffff-2016-05,1
842bab9ffffffff-2020-09,2
842bab9ffffffff-2021-08,3
842babbffffffff-2012-05,2
842babbffffffff-2014-05,3
842babbffffffff-2016-05,1
842babbffffffff-2017-05,5
842babbffffffff-2017-08,12
842babbffffffff-2017-09,7
842babbffffffff-2018-05,3
842babbffffffff-2018-10,1
842babbffffffff-2020-08,3
842babbffffffff-2020-10,1
842babbffffffff-2021-05,4
842babbffffffff-2021-09,5
842babbffffffff-2022-08,7
842babbffffffff-2022-09,2
842babbffffffff-2023-05,10
842babbffffffff-2023-08,2
842babbffffffff-2023-09,6
842babdffffffff-2012-05,1
842babdffffffff-2014-05,2
842babdffffffff-2014-10,1
842babdffffffff-2016-07,1
842babdffffffff-2016-08,3
842babdffffffff-2019-05,2
842babdffffffff-2019-08,1
842babdffffffff-2020-05,1
842babdffffffff-2021-05,1
842bac1ffffffff-2014-05,4
842bac1ffffffff-2014-10,1
842bac1ffffffff-2015-05,5
842bac1ffffffff-2015-09,1
842bac1ffffffff-2017-04,3
842bac1ffffffff-2017-05,7
842bac1ffffffff-2017-08,2
842bac1ffffffff-2017-09,1
842bac1ffffffff-2018-05,9
842bac1ffffffff-2019-05,7
842bac1ffffffff-2020-05,4
842bac1ffffffff-2020-08,1
842bac1ffffffff-2021-05,1
842bac1ffffffff-2022-05,1
842bac1ffffffff-2023-05,1
842bac3ffffffff-2012-08,1
842bac3ffffffff-2014-06,1
842bac3ffffffff-2015-05,1
842bac3ffffffff-2016-05,2
842bac3ffffffff-2016-08,2
842bac3ffffffff-2018-04,1
842bac3ffffffff-2018-05,25
842bac3ffffffff-2018-10,2
842bac3ffffffff-2019-05,10
842bac3ffffffff-2019-08,1
842bac3ffffffff-2019-09,1
842bac3ffffffff-2020-05,28
842bac3ffffffff-2020-09,1
842bac3ffffffff-2021-05,4
842bac3ffffffff-2021-08,2
842bac3ffffffff-2021-09,1
842bac3ffffffff-2022-05,1
842bac3ffffffff-2023-05,1
842bac3ffffffff-2023-09,2
842bac5ffffffff-2012-05,7
842bac5ffffffff-2012-09,1
842bac5ffffffff-2013-05,4
842bac5ffffffff-2013-07,1
842bac5ffffffff-2013-08,3
842bac5ffffffff-2013-09,6
842bac5ffffffff-2014-05,35
842bac5ffffffff-2014-07,1
842bac5ffffffff-2014-08,2
842bac5ffffffff-2014-09,2
842bac5ffffffff-2015-05,26
842bac5ffffffff-2015-07,3
842bac5ffffffff-2015-08,17
842bac5ffffffff-2015-09,13
842bac5ffffffff-2015-10,5
842bac5ffffffff-2016-05,37
842bac5ffffffff-2016-07,10
842bac5ffffffff-2016-08,13
842bac5ffffffff-2016-09,16
842bac5ffffffff-2016-10,7
842bac5ffffffff-2017-05,60
842bac5ffffffff-2017-07,26
842bac5ffffffff-2017-08,57
842bac5ffffffff-2017-09,17
842bac5ffffffff-2017-10,9
842bac5ffffffff-2018-05,129
842bac5ffffffff-2018-06,1
842bac5ffffffff-2018-07,3
842bac5ffffffff-2018-08,35
842bac5ffffffff-2018-09,11
842bac5ffffffff-2018-10,3
842bac5ffffffff-2019-05,64
842bac5ffffffff-2019-06,5
842bac5ffffffff-2019-07,10
842bac5ffffffff-2019-08,28
842bac5ffffffff-2019-09,17
842bac5ffffffff-2019-10,3
842bac5ffffffff-2020-04,4
842bac5ffffffff-2020-05,98
842bac5ffffffff-2020-07,11
842bac5ffffffff-2020-08,43
842bac5ffffffff-2020-09,47
842bac5ffffffff-2020-10,5
842bac5ffffffff-2021-04,1
842bac5ffffffff-2021-05,123
842bac5ffffffff-2021-07,6
842bac5ffffffff-2021-08,157
842bac5ffffffff-2021-09,82
842bac5ffffffff-2021-10,6
842bac5ffffffff-2022-04,1
842bac5ffffffff-2022-05,87
842bac5ffffffff-2022-06,1
842bac5ffffffff-2022-07,22
842bac5ffffffff-2022-08,73
842bac5ffffffff-2022-09,39
842bac5ffffffff-2022-10,9
842bac5ffffffff-2023-04,1
842bac5ffffffff-2023-05,147
842bac5ffffffff-2023-06,2
842bac5ffffffff-2023-07,27
842bac5ffffffff-2023-08,131
842bac5ffffffff-2023-09,61
842bac5ffffffff-2023-10,23
842bac7ffffffff-2013-05,1
842bac7ffffffff-2014-05,3
842bac7ffffffff-2015-08,1
842bac7ffffffff-2016-05,2
842bac7ffffffff-2016-08,3
842bac7ffffffff-2017-05,2
842bac7ffffffff-2017-09,2
842bac7ffffffff-2018-04,1
842bac7ffffffff-2018-05,11
842bac7ffffffff-2018-10,3
842bac7ffffffff-2019-05,3
842bac7ffffffff-2019-08,1
842bac7ffffffff-2019-09,2
842bac7ffffffff-2020-05,7
842bac7ffffffff-2020-08,2
842bac7ffffffff-2021-05,1
842bac7ffffffff-2021-08,3
842bac7ffffffff-2021-09,1
842bac7ffffffff-2022-05,2
842bac7ffffffff-2022-08,5
842bac7ffffffff-2022-09,2
842bac7ffffffff-2023-05,7
842bac7ffffffff-2023-07,26
842bac7ffffffff-2023-08,2
842bac7ffffffff-2023-09,5
842bac9ffffffff-2017-04,1
842bacbffffffff-2017-04,1
842bacbffffffff-2017-05,3
842bacbffffffff-2020-05,3
842bacbffffffff-2022-04,1
842bacbffffffff-2023-04,1
842bacbffffffff-2023-08,1
842bacdffffffff-2012-05,18
842bacdffffffff-2012-07,6
842bacdffffffff-2012-08,35
842bacdffffffff-2012-09,27
842bacdffffffff-2012-10,13
842bacdffffffff-2013-05,22
842bacdffffffff-2013-07,1
842bacdffffffff-2013-08,38
842bacdffffffff-2013-09,13
842bacdffffffff-2013-10,6
842bacdffffffff-2014-05,38
842bacdffffffff-2014-07,9
842bacdffffffff-2014-08,89
842bacdffffffff-2014-09,105
842bacdffffffff-2014-10,12
842bacdffffffff-2015-05,62
842bacdffffffff-2015-06,1
842bacdffffffff-2015-07,13
842bacdffffffff-2015-08,143
842bacdffffffff-2015-09,90
842bacdffffffff-2015-10,8
842bacdffffffff-2016-05,32
842bacdffffffff-2016-07,11
842bacdffffffff-2016-08,227
842bacdffffffff-2016-09,107
842bacdffffffff-2016-10,2
842bacdffffffff-2017-05,86
842bacdffffffff-2017-07,18
842bacdffffffff-2017-08,252
842bacdffffffff-2017-09,176
842bacdffffffff-2017-10,73
842bacdffffffff-2018-05,141
842bacdffffffff-2018-06,1
842bacdffffffff-2018-07,27
842bacdffffffff-2018-08,149
842bacdffffffff-2018-09,252
842bacdffffffff-2018-10,59
842bacdffffffff-2019-05,69
842bacdffffffff-2019-06,4
842bacdffffffff-2019-07,21
842bacdffffffff-2019-08,255
842bacdffffffff-2019-09,311
842bacdffffffff-2019-10,60
842bacdffffffff-2019-11,1
842bacdffffffff-2020-05,49
842bacdffffffff-2020-06,1
842bacdffffffff-2020-07,45
842bacdffffffff-2020-08,383
842bacdffffffff-2020-09,550
842bacdffffffff-2020-10,83
842bacdffffffff-2021-05,83
842bacdffffffff-2021-07,10
842bacdffffffff-2021-08,174
842bacdffffffff-2021-09,319
842bacdffffffff-2021-10,95
842bacdffffffff-2022-05,53
842bacdffffffff-2022-07,14
842bacdffffffff-2022-08,193
842bacdffffffff-2022-09,198
842bacdffffffff-2022-10,66
842bacdffffffff-2023-05,41
842bacdffffffff-2023-06,1
842bacdffffffff-2023-07,9
842bacdffffffff-2023-08,183
842bacdffffffff-2023-09,136
842bacdffffffff-2023-10,96
842bad1ffffffff-2017-07,1
842bad1ffffffff-2022-07,1
842bad1ffffffff-2022-08,2
842bad3ffffffff-2021-07,1
842bad7ffffffff-2014-07,1
842bad7ffffffff-2015-10,1
842bad7ffffffff-2016-09,1
842bad7ffffffff-2017-10,1
842bad7ffffffff-2019-10,1
842bad7ffffffff-2020-09,8
842bad7ffffffff-2020-10,2
842bad7ffffffff-2021-08,5
842bad7ffffffff-2021-09,12
842bad7ffffffff-2023-09,1
842bad9ffffffff-2018-09,2
842bad9ffffffff-2020-09,2
842badbffffffff-2017-09,14
842badbffffffff-2018-05,1
842badbffffffff-2020-09,1
842badbffffffff-2021-05,1
842baddffffffff-2017-09,1
842baddffffffff-2018-09,3
842baddffffffff-2019-08,2
842baddffffffff-2019-09,5
842baddffffffff-2019-10,2
842baddffffffff-2020-05,2
842baddffffffff-2020-09,1
842baddffffffff-2023-09,2
842bae1ffffffff-2014-08,3
842bae1ffffffff-2014-09,1
842bae1ffffffff-2015-06,1
842bae1ffffffff-2015-07,1
842bae1ffffffff-2015-08,1
842bae1ffffffff-2015-09,3
842bae1ffffffff-2016-07,2
842bae1ffffffff-2016-09,1
842bae1ffffffff-2016-10,1
842bae1ffffffff-2017-04,26
842bae1ffffffff-2017-05,78
842bae1ffffffff-2017-07,1
842bae1ffffffff-2017-08,10
842bae1ffffffff-2017-09,2
842bae1ffffffff-2018-05,8
842bae1ffffffff-2018-08,1
842bae1ffffffff-2018-09,6
842bae1ffffffff-2019-05,19
842bae1ffffffff-2019-08,1
842bae1ffffffff-2019-09,5
842bae1ffffffff-2020-05,5
842bae1ffffffff-2020-06,2
842bae1ffffffff-2020-07,1
842bae1ffffffff-2020-08,17
842bae1ffffffff-2020-09,9
842bae1ffffffff-2020-10,6
842bae1ffffffff-2021-05,4
842bae1ffffffff-2021-06,2
842bae1ffffffff-2021-07,2
842bae1ffffffff-2021-08,12
842bae1ffffffff-2021-09,8
842bae1ffffffff-2022-05,1
842bae1ffffffff-2022-07,6
842bae1ffffffff-2022-08,2
842bae1ffffffff-2022-09,6
842bae1ffffffff-2022-10,2
842bae1ffffffff-2023-05,7
842bae1ffffffff-2023-07,2
842bae1ffffffff-2023-08,3
842bae1ffffffff-2023-09,3
842bae1ffffffff-2023-10,1
842bae3ffffffff-2014-08,3
842bae3ffffffff-2015-05,2
842bae3ffffffff-2015-08,5
842bae3ffffffff-2016-04,1
842bae3ffffffff-2016-05,3
842bae3ffffffff-2016-08,6
842bae3ffffffff-2016-09,2
842bae3ffffffff-2017-05,3
842bae3ffffffff-2017-08,41
842bae3ffffffff-2017-09,25
842bae3ffffffff-2017-10,2
842bae3ffffffff-2018-04,1
842bae3ffffffff-2018-05,7
842bae3ffffffff-2018-07,10
842bae3ffffffff-2018-08,14
842bae3ffffffff-2018-09,12
842bae3ffffffff-2018-10,3
842bae3ffffffff-2019-05,1
842bae3ffffffff-2019-07,13
842bae3ffffffff-2019-08,35
842bae3ffffffff-2019-09,42
842bae3ffffffff-2020-05,23
842bae3ffffffff-2020-06,2
842bae3ffffffff-2020-07,12
842bae3ffffffff-2020-08,22
842bae3ffffffff-2020-09,50
842bae3ffffffff-2020-10,3
842bae3ffffffff-2021-05,5
842bae3ffffffff-2021-06,6
842bae3ffffffff-2021-07,18
842bae3ffffffff-2021-08,130
842bae3ffffffff-2021-09,47
842bae3ffffffff-2021-10,64
842bae3ffffffff-2022-05,22
842bae3ffffffff-2022-07,39
842bae3ffffffff-2022-08,34
842bae3ffffffff-2022-09,12
842bae3ffffffff-2023-05,9
842bae3ffffffff-2023-06,1
842bae3ffffffff-2023-07,8
842bae3ffffffff-2023-08,9
842bae3ffffffff-2023-09,73
842bae3ffffffff-2023-10,40
842bae3ffffffff-2023-11,1
842bae5ffffffff-2014-05,1
842bae7ffffffff-2012-04,3
842bae7ffffffff-2012-05,7
842bae7ffffffff-2012-07,3
842bae7ffffffff-2012-08,9
842bae7ffffffff-2012-09,3
842bae7ffffffff-2013-04,8
842bae7ffffffff-2013-05,23
842bae7ffffffff-2013-08,4
842bae7ffffffff-2013-09,55
842bae7ffffffff-2013-10,1
842bae7ffffffff-2014-04,2
842bae7ffffffff-2014-05,25
842bae7ffffffff-2014-06,2
842bae7ffffffff-2014-07,12
842bae7ffffffff-2014-08,66
842bae7ffffffff-2014-09,31
842bae7ffffffff-2014-10,8
842bae7ffffffff-2015-04,31
842bae7ffffffff-2015-05,83
842bae7ffffffff-2015-06,10
842bae7ffffffff-2015-07,16
842bae7ffffffff-2015-08,35
842bae7ffffffff-2015-09,10
842bae7ffffffff-2015-10,2
842bae7ffffffff-2016-04,77
842bae7ffffffff-2016-05,130
842bae7ffffffff-2016-06,3
842bae7ffffffff-2016-07,36
842bae7ffffffff-2016-08,154
842bae7ffffffff-2016-09,30
842bae7ffffffff-2016-10,3
842bae7ffffffff-2017-04,85
842bae7ffffffff-2017-05,212
842bae7ffffffff-2017-06,1
842bae7ffffffff-2017-07,105
842bae7ffffffff-2017-08,73
842bae7ffffffff-2017-09,15
842bae7ffffffff-2017-10,6
842bae7ffffffff-2017-11,1
842bae7ffffffff-2018-04,57
842bae7ffffffff-2018-05,432
842bae7ffffffff-2018-06,7
842bae7ffffffff-2018-07,137
842bae7ffffffff-2018-08,138
842bae7ffffffff-2018-09,91
842bae7ffffffff-2018-10,31
842bae7ffffffff-2019-04,8
842bae7ffffffff-2019-05,413
842bae7ffffffff-2019-06,7
842bae7ffffffff-2019-07,30
842bae7ffffffff-2019-08,90
842bae7ffffffff-2019-09,45
842bae7ffffffff-2019-10,4
842bae7ffffffff-2020-04,7
842bae7ffffffff-2020-05,145
842bae7ffffffff-2020-06,3
842bae7ffffffff-2020-07,32
842bae7ffffffff-2020-08,179
842bae7ffffffff-2020-09,69
842bae7ffffffff-2020-10,16
842bae7ffffffff-2021-04,7
842bae7ffffffff-2021-05,116
842bae7ffffffff-2021-06,1
842bae7ffffffff-2021-07,57
842bae7ffffffff-2021-08,206
842bae7ffffffff-2021-09,65
842bae7ffffffff-2021-10,12
842bae7ffffffff-2022-04,16
842bae7ffffffff-2022-05,143
842bae7ffffffff-2022-06,60
842bae7ffffffff-2022-07,59
842bae7ffffffff-2022-08,65
842bae7ffffffff-2022-09,21
842bae7ffffffff-2022-10,22
842bae7ffffffff-2023-04,53
842bae7ffffffff-2023-05,208
842bae7ffffffff-2023-07,24
842bae7ffffffff-2023-08,167
842bae7ffffffff-2023-09,101
842bae7ffffffff-2023-10,26
842bae9ffffffff-2014-05,2
842bae9ffffffff-2014-08,2
842bae9ffffffff-2015-08,6
842bae9ffffffff-2015-09,4
842bae9ffffffff-2015-10,1
842bae9ffffffff-2016-04,2
842bae9ffffffff-2016-07,4
842bae9ffffffff-2016-08,11
842bae9ffffffff-2016-09,4
842bae9ffffffff-2017-04,2
842bae9ffffffff-2017-08,3
842bae9ffffffff-2017-09,1
842bae9ffffffff-2017-10,3
842bae9ffffffff-2018-08,7
842bae9ffffffff-2018-09,1
842bae9ffffffff-2018-10,3
842bae9ffffffff-2019-05,2
842bae9ffffffff-2019-08,7
842bae9ffffffff-2019-09,4
842bae9ffffffff-2019-10,5
842bae9ffffffff-2020-05,6
842bae9ffffffff-2020-07,4
842bae9ffffffff-2020-08,9
842bae9ffffffff-2020-09,17
842bae9ffffffff-2020-10,11
842bae9ffffffff-2021-08,15
842bae9ffffffff-2021-09,12
842bae9ffffffff-2022-07,1
842bae9ffffffff-2022-08,9
842bae9ffffffff-2022-09,7
842bae9ffffffff-2022-10,4
842bae9ffffffff-2023-05,3
842bae9ffffffff-2023-07,3
842bae9ffffffff-2023-08,6
842bae9ffffffff-2023-09,11
842bae9ffffffff-2023-10,3
842baebffffffff-2015-05,2
842baebffffffff-2017-08,2
842baebffffffff-2018-05,5
842baebffffffff-2019-05,1
842baebffffffff-2020-05,1
842baebffffffff-2020-07,1
842baebffffffff-2021-04,1
842baebffffffff-2021-05,1
842baebffffffff-2023-05,1
842baebffffffff-2023-09,3
842bb25ffffffff-2017-05,1
842bb27ffffffff-2014-05,1
842bb27ffffffff-2016-05,3
842bb27ffffffff-2016-08,9
842bb27ffffffff-2017-05,2
842bb27ffffffff-2018-05,3
842bb27ffffffff-2018-10,3
842bb27ffffffff-2019-05,3
842bb27ffffffff-2020-05,8
842bb27ffffffff-2020-08,4
842bb27ffffffff-2021-05,1
842bb27ffffffff-2021-08,2
842bb27ffffffff-2022-04,2
842bb27ffffffff-2022-05,1
842bb27ffffffff-2022-06,1
842bb27ffffffff-2022-08,1
842bb29ffffffff-2018-08,2
842bb31ffffffff-2013-08,2
842bb31ffffffff-2013-09,2
842bb31ffffffff-2014-05,4
842bb31ffffffff-2014-07,2
842bb31ffffffff-2014-08,2
842bb31ffffffff-2014-09,2
842bb31ffffffff-2015-05,6
842bb31ffffffff-2016-05,2
842bb31ffffffff-2016-08,8
842bb31ffffffff-2016-09,3
842bb31ffffffff-2017-05,8
842bb31ffffffff-2017-07,13
842bb31ffffffff-2017-08,10
842bb31ffffffff-2017-09,11
842bb31ffffffff-2017-10,1
842bb31ffffffff-2018-05,3
842bb31ffffffff-2018-07,1
842bb31ffffffff-2018-08,5
842bb31ffffffff-2018-09,4
842bb31ffffffff-2019-05,19
842bb31ffffffff-2019-07,2
842bb31ffffffff-2019-08,12
842bb31ffffffff-2019-09,3
842bb31ffffffff-2020-05,9
842bb31ffffffff-2020-07,2
842bb31ffffffff-2020-08,8
842bb31ffffffff-2020-09,9
842bb31ffffffff-2021-05,1
842bb31ffffffff-2021-06,1
842bb31ffffffff-2021-07,5
842bb31ffffffff-2021-08,16
842bb31ffffffff-2021-09,15
842bb31ffffffff-2021-10,5
842bb31ffffffff-2022-05,3
842bb31ffffffff-2022-06,2
842bb31ffffffff-2022-07,10
842bb31ffffffff-2022-08,9
842bb31ffffffff-2022-09,19
842bb31ffffffff-2022-10,3
842bb31ffffffff-2023-05,8
842bb31ffffffff-2023-06,3
842bb31ffffffff-2023-07,7
842bb31ffffffff-2023-08,30
842bb31ffffffff-2023-09,13
842bb31ffffffff-2023-10,4
842bb35ffffffff-2014-05,21
842bb35ffffffff-2015-05,5
842bb35ffffffff-2016-05,2
842bb35ffffffff-2017-04,3
842bb35ffffffff-2017-05,4
842bb35ffffffff-2018-05,19
842bb35ffffffff-2018-06,3
842bb35ffffffff-2018-08,1
842bb35ffffffff-2019-05,6
842bb35ffffffff-2020-05,6
842bb35ffffffff-2021-08,4
842bb35ffffffff-2022-05,12
842bb35ffffffff-2022-07,1
842bb35ffffffff-2023-04,1
842bb35ffffffff-2023-05,35
842bb35ffffffff-2023-06,2
842bb37ffffffff-2012-08,2
842bb37ffffffff-2013-05,8
842bb37ffffffff-2013-06,1
842bb37ffffffff-2013-08,2
842bb37ffffffff-2014-05,5
842bb37ffffffff-2014-07,6
842bb37ffffffff-2014-08,18
842bb37ffffffff-2014-09,4
842bb37ffffffff-2014-10,2
842bb37ffffffff-2015-05,10
842bb37ffffffff-2015-06,1
842bb37ffffffff-2015-07,32
842bb37ffffffff-2015-08,35
842bb37ffffffff-2015-09,5
842bb37ffffffff-2016-05,7
842bb37ffffffff-2016-07,16
842bb37ffffffff-2016-08,27
842bb37ffffffff-2016-09,3
842bb37ffffffff-2017-04,2
842bb37ffffffff-2017-05,7
842bb37ffffffff-2017-06,4
842bb37ffffffff-2017-07,18
842bb37ffffffff-2017-08,35
842bb37ffffffff-2017-09,9
842bb37ffffffff-2017-10,7
842bb37ffffffff-2018-05,37
842bb37ffffffff-2018-06,6
842bb37ffffffff-2018-07,21
842bb37ffffffff-2018-08,28
842bb37ffffffff-2018-09,8
842bb37ffffffff-2018-10,5
842bb37ffffffff-2019-05,8
842bb37ffffffff-2019-07,11
842bb37ffffffff-2019-08,24
842bb37ffffffff-2019-09,3
842bb37ffffffff-2019-10,1
842bb37ffffffff-2020-05,16
842bb37ffffffff-2020-07,2
842bb37ffffffff-2020-08,13
842bb37ffffffff-2020-09,2
842bb37ffffffff-2021-05,1
842bb37ffffffff-2021-07,16
842bb37ffffffff-2021-08,25
842bb37ffffffff-2021-09,13
842bb37ffffffff-2021-10,4
842bb37ffffffff-2022-05,13
842bb37ffffffff-2022-07,2
842bb37ffffffff-2022-08,9
842bb37ffffffff-2022-09,8
842bb37ffffffff-2022-10,1
842bb37ffffffff-2023-05,4
842bb37ffffffff-2023-06,2
842bb37ffffffff-2023-07,6
842bb37ffffffff-2023-08,3
842bb3bffffffff-2022-09,1
842bb3dffffffff-2012-06,1
842bb3dffffffff-2022-08,1
842bb5dffffffff-2015-05,1
842bb5dffffffff-2017-05,3
842bb5dffffffff-2019-05,3
842bb5dffffffff-2020-05,4
842bb5dffffffff-2020-06,2
842bb63ffffffff-2019-09,4
842da5dffffffff-2021-03,1
842db0bffffffff-2020-12,3
842db0bffffffff-2021-02,36
842db0bffffffff-2021-03,6
8434229ffffffff-2018-11,3
843422bffffffff-2022-10,2
8434261ffffffff-2015-10,2
8434261ffffffff-2016-09,1
8434261ffffffff-2016-10,2
8434261ffffffff-2018-10,4
8434261ffffffff-2018-12,2
8434261ffffffff-2021-09,8
8434261ffffffff-2021-10,2
8434261ffffffff-2021-11,2
8434261ffffffff-2023-09,1
8434265ffffffff-2018-09,3
8434265ffffffff-2018-10,6
8434265ffffffff-2020-10,2
8434265ffffffff-2020-11,1
8434265ffffffff-2021-10,3
8434265ffffffff-2022-09,2
8434265ffffffff-2022-10,8
8434265ffffffff-2023-09,4
8434265ffffffff-2023-10,2
843434dffffffff-2018-10,3
843434dffffffff-2020-10,3
843434dffffffff-2021-11,1
8434413ffffffff-2023-01,7
8434413ffffffff-2023-02,4
8434413ffffffff-2023-03,10
84344c5ffffffff-2021-09,10
843466bffffffff-2015-05,1
8434697ffffffff-2023-08,5
8434697ffffffff-2023-09,1
8434697ffffffff-2023-11,10
843469dffffffff-2022-09,5
843469dffffffff-2022-10,4
84346b7ffffffff-2019-11,12
84346b7ffffffff-2019-12,1
84346b7ffffffff-2020-01,9
84346b7ffffffff-2020-02,3
84346b7ffffffff-2020-03,2
84351b5ffffffff-2012-09,4
84351b5ffffffff-2012-10,7
84351b5ffffffff-2012-11,4
84351b5ffffffff-2013-03,2
84351b5ffffffff-2013-10,1
84351b5ffffffff-2016-08,29
84351b5ffffffff-2016-09,16
84351b5ffffffff-2016-10,13
84351b5ffffffff-2017-03,1
84351b5ffffffff-2017-04,5
84351b5ffffffff-2017-05,2
84351b5ffffffff-2017-08,1
84351b5ffffffff-2017-09,5
84351b5ffffffff-2017-10,19
84351b5ffffffff-2018-08,1
84351b5ffffffff-2018-09,16
84351b5ffffffff-2018-10,32
84351b5ffffffff-2018-11,7
84351b5ffffffff-2019-09,11
84351b5ffffffff-2019-10,41
84351b5ffffffff-2019-11,7
84351b5ffffffff-2019-12,5
84351b5ffffffff-2020-01,3
84351b5ffffffff-2020-04,11
84351b5ffffffff-2020-05,4
84351b5ffffffff-2020-10,25
84351b5ffffffff-2020-11,19
84351b5ffffffff-2020-12,14
84351b5ffffffff-2021-01,21
84351b5ffffffff-2021-02,10
84351b5ffffffff-2021-03,30
84351b5ffffffff-2021-04,17
84351b5ffffffff-2021-05,7
84351b5ffffffff-2021-09,33
84351b5ffffffff-2021-10,12
84351b5ffffffff-2021-11,22
84351b5ffffffff-2022-04,2
84351b5ffffffff-2022-05,1
84351b5ffffffff-2022-09,38
84351b5ffffffff-2022-10,31
84351b5ffffffff-2022-11,8
84351b5ffffffff-2023-06,7
84351b5ffffffff-2023-09,24
84351b5ffffffff-2023-10,7
84351b5ffffffff-2023-11,3
8435a85ffffffff-2022-10,7
8435a85ffffffff-2023-10,15
8435a8dffffffff-2016-09,3
8435a8dffffffff-2016-10,1
8435a8dffffffff-2017-10,2
8435a8dffffffff-2019-10,5
8435a8dffffffff-2021-09,1
8435a8dffffffff-2022-10,5
8435a8dffffffff-2023-09,1
8435a93ffffffff-2016-09,2
8435a9bffffffff-2015-11,1
8435a9bffffffff-2016-10,2
8435a9bffffffff-2021-10,3
8435ae3ffffffff-2022-10,4
843825bffffffff-2014-07,2
843900bffffffff-2015-01,1
843900bffffffff-2015-02,1
843900bffffffff-2015-03,1
843900bffffffff-2020-11,11
843903dffffffff-2015-03,1
8439101ffffffff-2013-11,1
8439101ffffffff-2019-03,7
8439101ffffffff-2019-04,3
8439101ffffffff-2019-07,1
8439101ffffffff-2019-12,3
8439101ffffffff-2020-01,6
8439101ffffffff-2020-02,2
8439101ffffffff-2021-10,4
8439101ffffffff-2021-11,9
8439101ffffffff-2021-12,1
8439101ffffffff-2022-01,13
8439101ffffffff-2022-03,4
8439101ffffffff-2022-04,4
8439101ffffffff-2022-05,5
8439103ffffffff-2013-10,2
8439103ffffffff-2013-11,1
8439103ffffffff-2014-01,2
8439103ffffffff-2017-10,8
8439103ffffffff-2018-01,8
8439103ffffffff-2018-02,1
8439113ffffffff-2016-04,4
8439115ffffffff-2014-03,2
8439115ffffffff-2017-11,2
8439115ffffffff-2017-12,2
8439115ffffffff-2018-01,3
8439115ffffffff-2020-12,3
8439115ffffffff-2021-01,5
8439115ffffffff-2021-02,3
8439115ffffffff-2021-03,2
8439115ffffffff-2021-04,1
8439115ffffffff-2021-11,2
8439115ffffffff-2022-01,2
8439151ffffffff-2015-04,2
8439155ffffffff-2018-11,2
8439155ffffffff-2020-10,5
8439159ffffffff-2014-03,2
8439159ffffffff-2014-09,1
8439159ffffffff-2015-04,5
8439159ffffffff-2015-09,1
8439159ffffffff-2015-10,5
8439159ffffffff-2015-12,3
8439159ffffffff-2016-01,18
8439159ffffffff-2016-02,2
8439159ffffffff-2021-12,1
8439159ffffffff-2022-02,1
8439159ffffffff-2022-04,1
843918bffffffff-2018-05,1
8439195ffffffff-2020-04,17
84391a9ffffffff-2012-10,1
84391c5ffffffff-2021-03,2
8439205ffffffff-2017-10,1
843920dffffffff-2021-10,3
843920dffffffff-2021-11,3
8439227ffffffff-2016-03,3
8439227ffffffff-2016-09,4
8439227ffffffff-2023-01,4
8439227ffffffff-2023-11,1
8439229ffffffff-2021-09,1
8439241ffffffff-2016-10,1
8439247ffffffff-2023-09,1
8439247ffffffff-2023-10,3
8439255ffffffff-2022-10,3
843925dffffffff-2022-10,18
84392a5ffffffff-2023-10,47
84392d9ffffffff-2021-01,15
84392d9ffffffff-2023-09,1
84392d9ffffffff-2023-10,3
84392dbffffffff-2021-09,30
84392e1ffffffff-2017-05,4
84392e1ffffffff-2023-11,15
84392e7ffffffff-2020-11,16
843931bffffffff-2021-10,11
843931bffffffff-2022-01,10
843931bffffffff-2022-02,1
843931bffffffff-2022-03,4
843931bffffffff-2022-04,1
8439331ffffffff-2020-10,23
8439333ffffffff-2012-03,3
8439333ffffffff-2017-04,1
8439333ffffffff-2017-10,1
8439333ffffffff-2017-11,2
8439333ffffffff-2017-12,4
8439333ffffffff-2018-12,6
8439333ffffffff-2019-02,6
8439333ffffffff-2019-03,3
8439333ffffffff-2021-12,3
8439333ffffffff-2022-01,1
8439333ffffffff-2022-03,2
8439337ffffffff-2012-09,1
8439337ffffffff-2020-10,5
8439337ffffffff-2022-11,16
8439337ffffffff-2023-02,10
8439337ffffffff-2023-11,8
843933bffffffff-2023-09,1
8439451ffffffff-2017-12,1
8439451ffffffff-2018-02,1
8439451ffffffff-2018-03,5
8439451ffffffff-2019-11,1
8439459ffffffff-2023-05,11
843946dffffffff-2018-04,6
843946dffffffff-2021-05,1
843946dffffffff-2021-07,1
843946dffffffff-2022-03,17
843946dffffffff-2022-04,11
8439541ffffffff-2022-03,14
8439541ffffffff-2022-04,2
8439547ffffffff-2022-03,5
8439567ffffffff-2016-09,2
8439567ffffffff-2022-04,10
8439567ffffffff-2023-03,6
8439567ffffffff-2023-04,18
8439567ffffffff-2023-10,6
8439567ffffffff-2023-11,3
84395c9ffffffff-2023-10,2
84395c9ffffffff-2023-11,2
84396c5ffffffff-2021-05,3
84396ebffffffff-2022-01,1
84396ebffffffff-2022-02,4
8439733ffffffff-2017-12,1
8439733ffffffff-2022-02,5
8439733ffffffff-2022-07,4
8439733ffffffff-2022-08,8
8439741ffffffff-2013-10,1
8439aa9ffffffff-2020-10,1
8444121ffffffff-2016-01,1
8444123ffffffff-2012-02,1
8444123ffffffff-2012-03,1
8444123ffffffff-2012-04,1
8444123ffffffff-2012-12,1
8444123ffffffff-2013-03,2
8444123ffffffff-2013-04,3
8444123ffffffff-2013-10,1
8444123ffffffff-2014-03,4
8444123ffffffff-2014-04,3
8444123ffffffff-2015-01,1
8444123ffffffff-2015-02,1
8444123ffffffff-2015-03,2
8444123ffffffff-2015-04,1
8444123ffffffff-2015-05,2
8444123ffffffff-2016-12,4
8444123ffffffff-2017-01,7
8444123ffffffff-2017-02,3
8444123ffffffff-2017-03,1
8444123ffffffff-2017-11,1
8444123ffffffff-2017-12,3
8444123ffffffff-2018-01,7
8444123ffffffff-2018-02,9
8444123ffffffff-2018-03,4
8444123ffffffff-2018-04,14
8444123ffffffff-2018-05,13
8444123ffffffff-2018-10,1
8444123ffffffff-2018-11,2
8444123ffffffff-2018-12,1
8444123ffffffff-2019-01,1
8444123ffffffff-2019-02,1
8444123ffffffff-2019-03,2
8444123ffffffff-2019-04,4
8444123ffffffff-2019-09,2
8444123ffffffff-2019-11,1
8444123ffffffff-2019-12,4
8444123ffffffff-2020-01,4
8444123ffffffff-2020-03,4
8444123ffffffff-2020-04,5
8444123ffffffff-2020-05,7
8444123ffffffff-2020-09,1
8444123ffffffff-2020-11,2
8444123ffffffff-2020-12,1
8444123ffffffff-2021-02,1
8444123ffffffff-2021-03,6
8444123ffffffff-2021-04,1
8444123ffffffff-2021-05,1
8444123ffffffff-2021-07,1
8444123ffffffff-2021-10,1
8444123ffffffff-2021-12,3
8444123ffffffff-2022-03,5
8444123ffffffff-2022-04,1
8444123ffffffff-2022-08,1
8444123ffffffff-2022-09,1
8444123ffffffff-2022-11,1
8444123ffffffff-2022-12,1
8444123ffffffff-2023-01,3
8444123ffffffff-2023-02,3
8444123ffffffff-2023-03,2
8444123ffffffff-2023-04,3
8444125ffffffff-2013-01,1
8444125ffffffff-2013-03,2
8444125ffffffff-2014-01,1
8444125ffffffff-2014-03,3
8444125ffffffff-2014-04,2
8444125ffffffff-2014-05,2
8444125ffffffff-2014-07,1
8444125ffffffff-2014-10,1
8444125ffffffff-2014-12,1
8444125ffffffff-2015-01,6
8444125ffffffff-2015-02,1
8444125ffffffff-2015-03,1
8444125ffffffff-2018-03,1
8444125ffffffff-2018-04,1
8444125ffffffff-2018-12,1
8444125ffffffff-2019-01,2
8444125ffffffff-2019-02,1
8444125ffffffff-2019-03,1
8444125ffffffff-2020-01,3
8444125ffffffff-2020-02,1
8444125ffffffff-2021-03,3
8444125ffffffff-2021-04,1
8444125ffffffff-2021-12,1
8444125ffffffff-2022-01,1
8444125ffffffff-2022-04,1
8444125ffffffff-2022-09,1
8444125ffffffff-2023-02,16
8444125ffffffff-2023-04,1
8444127ffffffff-2012-03,1
8444127ffffffff-2014-01,2
8444127ffffffff-2014-03,1
8444127ffffffff-2018-10,1
8444127ffffffff-2019-11,2
8444127ffffffff-2023-01,1
844412bffffffff-2013-08,1
844412bffffffff-2019-01,1
844412bffffffff-2019-02,1
844412dffffffff-2012-01,5
844412dffffffff-2012-02,10
844412dffffffff-2012-03,39
844412dffffffff-2012-04,10
844412dffffffff-2012-05,1
844412dffffffff-2012-11,7
844412dffffffff-2012-12,4
844412dffffffff-2013-01,5
844412dffffffff-2013-02,48
844412dffffffff-2013-03,57
844412dffffffff-2013-04,31
844412dffffffff-2013-05,1
844412dffffffff-2013-08,2
844412dffffffff-2013-09,4
844412dffffffff-2013-10,4
844412dffffffff-2013-11,13
844412dffffffff-2013-12,6
844412dffffffff-2014-01,21
844412dffffffff-2014-02,33
844412dffffffff-2014-03,51
844412dffffffff-2014-04,25
844412dffffffff-2014-05,2
844412dffffffff-2014-08,4
844412dffffffff-2014-09,2
844412dffffffff-2014-10,9
844412dffffffff-2014-11,16
844412dffffffff-2014-12,25
844412dffffffff-2015-01,13
844412dffffffff-2015-02,24
844412dffffffff-2015-03,33
844412dffffffff-2015-04,6
844412dffffffff-2015-07,1
844412dffffffff-2015-08,2
844412dffffffff-2015-09,4
844412dffffffff-2015-10,4
844412dffffffff-2015-11,1
844412dffffffff-2016-01,9
844412dffffffff-2016-02,16
844412dffffffff-2016-03,5
844412dffffffff-2016-09,1
844412dffffffff-2016-10,1
844412dffffffff-2017-01,29
844412dffffffff-2017-02,23
844412dffffffff-2017-03,8
844412dffffffff-2017-04,11
844412dffffffff-2017-07,1
844412dffffffff-2017-10,1
844412dffffffff-2017-12,3
844412dffffffff-2018-02,2
844412dffffffff-2018-03,1
844412dffffffff-2018-04,1
844412dffffffff-2018-08,3
844412dffffffff-2018-10,2
844412dffffffff-2018-11,8
844412dffffffff-2018-12,7
844412dffffffff-2019-01,3
844412dffffffff-2019-02,4
844412dffffffff-2019-03,14
844412dffffffff-2019-09,2
844412dffffffff-2019-10,11
844412dffffffff-2019-11,18
844412dffffffff-2019-12,6
844412dffffffff-2020-01,10
844412dffffffff-2020-02,3
844412dffffffff-2020-03,11
844412dffffffff-2020-08,4
844412dffffffff-2020-09,14
844412dffffffff-2020-10,10
844412dffffffff-2020-11,2
844412dffffffff-2020-12,2
844412dffffffff-2021-01,5
844412dffffffff-2021-02,1
844412dffffffff-2021-03,4
844412dffffffff-2021-09,3
844412dffffffff-2021-11,19
844412dffffffff-2021-12,1
844412dffffffff-2022-01,4
844412dffffffff-2022-02,1
844412dffffffff-2022-04,14
844412dffffffff-2022-06,1
844412dffffffff-2022-07,1
844412dffffffff-2022-08,4
844412dffffffff-2022-09,5
844412dffffffff-2022-10,17
844412dffffffff-2022-11,17
844412dffffffff-2022-12,13
844412dffffffff-2023-01,2
844412dffffffff-2023-02,1
844412dffffffff-2023-03,4
844412dffffffff-2023-04,1
844412dffffffff-2023-08,3
844412dffffffff-2023-09,3
844412dffffffff-2023-10,10
844412dffffffff-2023-11,34
8444131ffffffff-2012-01,24
8444131ffffffff-2012-02,17
8444131ffffffff-2012-03,11
8444131ffffffff-2012-04,17
8444131ffffffff-2012-05,5
8444131ffffffff-2012-06,3
8444131ffffffff-2012-07,2
8444131ffffffff-2012-08,1
8444131ffffffff-2012-09,2
8444131ffffffff-2012-10,2
8444131ffffffff-2012-11,13
8444131ffffffff-2012-12,14
8444131ffffffff-2013-01,31
8444131ffffffff-2013-02,10
8444131ffffffff-2013-03,20
8444131ffffffff-2013-04,14
8444131ffffffff-2013-05,6
8444131ffffffff-2013-06,1
8444131ffffffff-2013-07,1
8444131ffffffff-2013-08,2
8444131ffffffff-2013-09,2
8444131ffffffff-2013-10,7
8444131ffffffff-2013-11,8
8444131ffffffff-2013-12,15
8444131ffffffff-2014-01,20
8444131ffffffff-2014-02,17
8444131ffffffff-2014-03,30
8444131ffffffff-2014-04,19
8444131ffffffff-2014-05,5
8444131ffffffff-2014-06,1
8444131ffffffff-2014-07,1
8444131ffffffff-2014-08,6
8444131ffffffff-2014-09,9
8444131ffffffff-2014-10,9
8444131ffffffff-2014-11,18
8444131ffffffff-2014-12,45
8444131ffffffff-2015-01,39
8444131ffffffff-2015-02,18
8444131ffffffff-2015-03,29
8444131ffffffff-2015-04,51
8444131ffffffff-2015-05,4
8444131ffffffff-2015-06,1
8444131ffffffff-2015-07,1
8444131ffffffff-2015-08,14
8444131ffffffff-2015-09,2
8444131ffffffff-2015-10,11
8444131ffffffff-2015-11,25
8444131ffffffff-2015-12,30
8444131ffffffff-2016-01,42
8444131ffffffff-2016-02,34
8444131ffffffff-2016-03,39
8444131ffffffff-2016-04,21
8444131ffffffff-2016-05,3
8444131ffffffff-2016-06,1
8444131ffffffff-2016-07,1
8444131ffffffff-2016-08,2
8444131ffffffff-2016-09,4
8444131ffffffff-2016-10,11
8444131ffffffff-2016-11,36
8444131ffffffff-2016-12,55
8444131ffffffff-2017-01,40
8444131ffffffff-2017-02,46
8444131ffffffff-2017-03,37
8444131ffffffff-2017-04,40
8444131ffffffff-2017-05,1
8444131ffffffff-2017-06,2
8444131ffffffff-2017-07,8
8444131ffffffff-2017-08,17
8444131ffffffff-2017-09,17
8444131ffffffff-2017-10,8
8444131ffffffff-2017-11,39
8444131ffffffff-2017-12,28
8444131ffffffff-2018-01,38
8444131ffffffff-2018-02,49
8444131ffffffff-2018-03,34
8444131ffffffff-2018-04,19
8444131ffffffff-2018-05,2
8444131ffffffff-2018-06,3
8444131ffffffff-2018-07,23
8444131ffffffff-2018-08,9
8444131ffffffff-2018-09,4
8444131ffffffff-2018-10,12
8444131ffffffff-2018-11,20
8444131ffffffff-2018-12,41
8444131ffffffff-2019-01,41
8444131ffffffff-2019-02,53
8444131ffffffff-2019-03,26
8444131ffffffff-2019-04,27
8444131ffffffff-2019-05,10
8444131ffffffff-2019-07,1
8444131ffffffff-2019-08,10
8444131ffffffff-2019-09,4
8444131ffffffff-2019-10,6
8444131ffffffff-2019-11,22
8444131ffffffff-2019-12,18
8444131ffffffff-2020-01,56
8444131ffffffff-2020-02,34
8444131ffffffff-2020-03,34
8444131ffffffff-2020-04,15
8444131ffffffff-2020-05,18
8444131ffffffff-2020-06,2
8444131ffffffff-2020-07,2
8444131ffffffff-2020-08,5
8444131ffffffff-2020-09,7
8444131ffffffff-2020-10,16
8444131ffffffff-2020-11,16
8444131ffffffff-2020-12,29
8444131ffffffff-2021-01,32
8444131ffffffff-2021-02,32
8444131ffffffff-2021-03,34
8444131ffffffff-2021-04,8
8444131ffffffff-2021-05,3
8444131ffffffff-2021-06,6
8444131ffffffff-2021-08,10
8444131ffffffff-2021-09,16
8444131ffffffff-2021-10,10
8444131ffffffff-2021-11,24
8444131ffffffff-2021-12,49
8444131ffffffff-2022-01,58
8444131ffffffff-2022-02,27
8444131ffffffff-2022-03,40
8444131ffffffff-2022-04,49
8444131ffffffff-2022-05,1
8444131ffffffff-2022-07,2
8444131ffffffff-2022-08,13
8444131ffffffff-2022-09,6
8444131ffffffff-2022-10,1
8444131ffffffff-2022-11,5
8444131ffffffff-2022-12,6
8444131ffffffff-2023-01,23
8444131ffffffff-2023-02,3
8444131ffffffff-2023-03,15
8444131ffffffff-2023-04,36
8444131ffffffff-2023-05,4
8444131ffffffff-2023-06,6
8444131ffffffff-2023-07,2
8444131ffffffff-2023-08,7
8444131ffffffff-2023-09,23
8444131ffffffff-2023-10,4
8444131ffffffff-2023-11,24
8444133ffffffff-2012-02,1
8444133ffffffff-2012-03,6
8444133ffffffff-2012-04,1
8444133ffffffff-2012-12,1
8444133ffffffff-2013-01,2
8444133ffffffff-2013-02,5
8444133ffffffff-2013-03,1
8444133ffffffff-2013-10,2
8444133ffffffff-2013-11,1
8444133ffffffff-2013-12,11
8444133ffffffff-2014-01,12
8444133ffffffff-2014-02,9
8444133ffffffff-2014-03,22
8444133ffffffff-2014-04,4
8444133ffffffff-2014-05,7
8444133ffffffff-2014-06,2
8444133ffffffff-2014-08,1
8444133ffffffff-2014-10,1
8444133ffffffff-2014-11,17
8444133ffffffff-2014-12,8
8444133ffffffff-2015-01,22
8444133ffffffff-2015-02,10
8444133ffffffff-2015-03,24
8444133ffffffff-2015-04,26
8444133ffffffff-2015-05,5
8444133ffffffff-2015-10,3
8444133ffffffff-2015-11,21
8444133ffffffff-2015-12,15
8444133ffffffff-2016-01,29
8444133ffffffff-2016-02,9
8444133ffffffff-2016-03,5
8444133ffffffff-2016-04,21
8444133ffffffff-2016-06,1
8444133ffffffff-2016-09,1
8444133ffffffff-2016-10,14
8444133ffffffff-2016-11,12
8444133ffffffff-2016-12,37
8444133ffffffff-2017-01,23
8444133ffffffff-2017-02,5
8444133ffffffff-2017-03,2
8444133ffffffff-2017-04,1
8444133ffffffff-2017-05,5
8444133ffffffff-2017-08,1
8444133ffffffff-2017-09,3
8444133ffffffff-2017-10,19
8444133ffffffff-2017-11,20
8444133ffffffff-2017-12,10
8444133ffffffff-2018-01,26
8444133ffffffff-2018-02,16
8444133ffffffff-2018-03,23
8444133ffffffff-2018-04,35
8444133ffffffff-2018-08,4
8444133ffffffff-2018-09,3
8444133ffffffff-2018-10,10
8444133ffffffff-2018-11,6
8444133ffffffff-2018-12,8
8444133ffffffff-2019-01,29
8444133ffffffff-2019-02,18
8444133ffffffff-2019-03,12
8444133ffffffff-2019-04,8
8444133ffffffff-2019-05,1
8444133ffffffff-2019-08,2
8444133ffffffff-2019-09,1
8444133ffffffff-2019-10,3
8444133ffffffff-2019-11,19
8444133ffffffff-2019-12,15
8444133ffffffff-2020-01,30
8444133ffffffff-2020-02,13
8444133ffffffff-2020-03,21
8444133ffffffff-2020-04,17
8444133ffffffff-2020-08,1
8444133ffffffff-2020-10,5
8444133ffffffff-2020-11,25
8444133ffffffff-2020-12,19
8444133ffffffff-2021-01,24
8444133ffffffff-2021-02,3
8444133ffffffff-2021-03,9
8444133ffffffff-2021-04,37
8444133ffffffff-2021-05,5
8444133ffffffff-2021-07,2
8444133ffffffff-2021-08,19
8444133ffffffff-2021-09,4
8444133ffffffff-2021-10,2
8444133ffffffff-2021-11,2
8444133ffffffff-2021-12,17
8444133ffffffff-2022-01,13
8444133ffffffff-2022-02,6
8444133ffffffff-2022-03,21
8444133ffffffff-2022-04,22
8444133ffffffff-2022-05,7
8444133ffffffff-2022-07,9
8444133ffffffff-2022-08,25
8444133ffffffff-2022-09,4
8444133ffffffff-2022-10,1
8444133ffffffff-2022-11,9
8444133ffffffff-2022-12,8
8444133ffffffff-2023-01,21
8444133ffffffff-2023-02,14
8444133ffffffff-2023-03,30
8444133ffffffff-2023-04,33
8444133ffffffff-2023-08,2
8444133ffffffff-2023-09,1
8444133ffffffff-2023-11,2
8444135ffffffff-2012-01,1
8444135ffffffff-2012-04,4
8444135ffffffff-2012-09,1
8444135ffffffff-2013-01,2
8444135ffffffff-2013-02,2
8444135ffffffff-2013-05,1
8444135ffffffff-2013-08,1
8444135ffffffff-2013-11,13
8444135ffffffff-2013-12,8
8444135ffffffff-2014-08,7
8444135ffffffff-2014-09,4
8444135ffffffff-2014-11,15
8444135ffffffff-2014-12,8
8444135ffffffff-2015-02,2
8444135ffffffff-2015-07,3
8444135ffffffff-2015-08,3
8444135ffffffff-2015-09,2
8444135ffffffff-2015-10,2
8444135ffffffff-2015-11,53
8444135ffffffff-2015-12,26
8444135ffffffff-2016-01,4
8444135ffffffff-2016-02,1
8444135ffffffff-2016-03,7
8444135ffffffff-2016-07,2
8444135ffffffff-2016-08,13
8444135ffffffff-2016-09,4
8444135ffffffff-2016-10,6
8444135ffffffff-2016-11,55
8444135ffffffff-2016-12,9
8444135ffffffff-2017-01,1
8444135ffffffff-2017-02,1
8444135ffffffff-2017-03,4
8444135ffffffff-2017-04,2
8444135ffffffff-2017-05,1
8444135ffffffff-2017-06,1
8444135ffffffff-2017-07,15
8444135ffffffff-2017-08,32
8444135ffffffff-2017-09,2
8444135ffffffff-2017-10,6
8444135ffffffff-2017-11,15
8444135ffffffff-2017-12,33
8444135ffffffff-2018-01,14
8444135ffffffff-2018-02,7
8444135ffffffff-2018-03,2
8444135ffffffff-2018-07,4
8444135ffffffff-2018-08,25
8444135ffffffff-2018-09,5
8444135ffffffff-2018-10,11
8444135ffffffff-2018-11,31
8444135ffffffff-2018-12,5
8444135ffffffff-2019-01,7
8444135ffffffff-2019-02,12
8444135ffffffff-2019-03,8
8444135ffffffff-2019-04,7
8444135ffffffff-2019-07,1
8444135ffffffff-2019-08,11
8444135ffffffff-2019-09,9
8444135ffffffff-2019-10,5
8444135ffffffff-2019-11,60
8444135ffffffff-2019-12,24
8444135ffffffff-2020-01,11
8444135ffffffff-2020-02,9
8444135ffffffff-2020-03,5
8444135ffffffff-2020-07,1
8444135ffffffff-2020-08,40
8444135ffffffff-2020-09,5
8444135ffffffff-2020-10,2
8444135ffffffff-2020-11,24
8444135ffffffff-2020-12,9
8444135ffffffff-2021-01,20
8444135ffffffff-2021-02,8
8444135ffffffff-2021-03,12
8444135ffffffff-2021-04,7
8444135ffffffff-2021-05,1
8444135ffffffff-2021-07,4
8444135ffffffff-2021-08,12
8444135ffffffff-2021-09,19
8444135ffffffff-2021-10,15
8444135ffffffff-2021-11,44
8444135ffffffff-2021-12,17
8444135ffffffff-2022-01,31
8444135ffffffff-2022-02,12
8444135ffffffff-2022-03,11
8444135ffffffff-2022-06,1
8444135ffffffff-2022-07,20
8444135ffffffff-2022-08,24
8444135ffffffff-2022-09,22
8444135ffffffff-2022-10,6
8444135ffffffff-2022-11,48
8444135ffffffff-2022-12,52
8444135ffffffff-2023-01,67
8444135ffffffff-2023-02,23
8444135ffffffff-2023-03,12
8444135ffffffff-2023-04,3
8444135ffffffff-2023-05,3
8444135ffffffff-2023-06,11
8444135ffffffff-2023-07,22
8444135ffffffff-2023-08,11
8444135ffffffff-2023-09,4
8444135ffffffff-2023-10,8
8444135ffffffff-2023-11,21
8444137ffffffff-2012-01,13
8444137ffffffff-2012-02,57
8444137ffffffff-2012-03,29
8444137ffffffff-2012-04,36
8444137ffffffff-2012-05,3
8444137ffffffff-2012-06,1
8444137ffffffff-2012-08,5
8444137ffffffff-2012-10,2
8444137ffffffff-2012-11,1
8444137ffffffff-2012-12,4
8444137ffffffff-2013-01,9
8444137ffffffff-2013-02,5
8444137ffffffff-2013-03,3
8444137ffffffff-2013-05,3
8444137ffffffff-2013-08,2
8444137ffffffff-2013-10,1
8444137ffffffff-2013-11,6
8444137ffffffff-2013-12,7
8444137ffffffff-2014-01,2
8444137ffffffff-2014-02,2
8444137ffffffff-2014-03,1
8444137ffffffff-2014-09,1
8444137ffffffff-2014-10,3
8444137ffffffff-2014-11,4
8444137ffffffff-2014-12,10
8444137ffffffff-2015-01,7
8444137ffffffff-2015-02,3
8444137ffffffff-2015-03,2
8444137ffffffff-2015-08,3
8444137ffffffff-2015-09,3
8444137ffffffff-2015-10,3
8444137ffffffff-2015-12,7
8444137ffffffff-2016-01,4
8444137ffffffff-2016-02,3
8444137ffffffff-2016-03,5
8444137ffffffff-2016-04,10
8444137ffffffff-2016-05,2
8444137ffffffff-2016-10,3
8444137ffffffff-2016-11,16
8444137ffffffff-2016-12,22
8444137ffffffff-2017-01,29
8444137ffffffff-2017-02,19
8444137ffffffff-2017-03,56
8444137ffffffff-2017-04,44
8444137ffffffff-2017-05,2
8444137ffffffff-2017-08,3
8444137ffffffff-2017-10,2
8444137ffffffff-2017-11,28
8444137ffffffff-2017-12,17
8444137ffffffff-2018-01,18
8444137ffffffff-2018-02,19
8444137ffffffff-2018-03,7
8444137ffffffff-2018-04,61
8444137ffffffff-2018-05,5
8444137ffffffff-2018-07,4
8444137ffffffff-2018-08,4
8444137ffffffff-2018-09,6
8444137ffffffff-2018-10,11
8444137ffffffff-2018-11,38
8444137ffffffff-2018-12,32
8444137ffffffff-2019-01,23
8444137ffffffff-2019-02,16
8444137ffffffff-2019-03,23
8444137ffffffff-2019-04,4
8444137ffffffff-2019-08,1
8444137ffffffff-2019-09,4
8444137ffffffff-2019-10,6
8444137ffffffff-2019-11,6
8444137ffffffff-2019-12,6
8444137ffffffff-2020-01,18
8444137ffffffff-2020-02,7
8444137ffffffff-2020-03,1
8444137ffffffff-2020-04,6
8444137ffffffff-2020-05,7
8444137ffffffff-2020-06,1
8444137ffffffff-2020-08,7
8444137ffffffff-2020-09,1
8444137ffffffff-2020-10,3
8444137ffffffff-2020-11,2
8444137ffffffff-2020-12,5
8444137ffffffff-2021-01,8
8444137ffffffff-2021-02,13
8444137ffffffff-2021-03,8
8444137ffffffff-2021-04,3
8444137ffffffff-2021-06,1
8444137ffffffff-2021-08,3
8444137ffffffff-2021-10,4
8444137ffffffff-2021-12,16
8444137ffffffff-2022-01,34
8444137ffffffff-2022-02,9
8444137ffffffff-2022-03,6
8444137ffffffff-2022-04,4
8444137ffffffff-2022-08,1
8444137ffffffff-2022-10,1
8444137ffffffff-2022-11,1
8444137ffffffff-2022-12,10
8444137ffffffff-2023-01,49
8444137ffffffff-2023-02,27
8444137ffffffff-2023-03,14
8444137ffffffff-2023-04,5
8444137ffffffff-2023-05,4
8444137ffffffff-2023-08,2
8444137ffffffff-2023-09,1
8444137ffffffff-2023-11,2
844413bffffffff-2012-01,1
844413bffffffff-2013-01,1
844413bffffffff-2013-03,1
844413bffffffff-2013-05,1
844413bffffffff-2014-03,3
844413bffffffff-2014-11,3
844413bffffffff-2014-12,3
844413bffffffff-2015-02,1
844413bffffffff-2016-01,1
844413bffffffff-2016-03,2
844413bffffffff-2016-04,1
844413bffffffff-2016-12,1
844413bffffffff-2017-01,1
844413bffffffff-2017-02,2
844413bffffffff-2017-03,1
844413bffffffff-2017-11,1
844413bffffffff-2017-12,2
844413bffffffff-2018-10,1
844413bffffffff-2018-11,1
844413bffffffff-2018-12,1
844413bffffffff-2019-01,1
844413bffffffff-2019-02,12
844413bffffffff-2019-03,2
844413bffffffff-2019-04,2
844413bffffffff-2019-08,1
844413bffffffff-2019-12,1
844413bffffffff-2020-01,4
844413bffffffff-2020-03,1
844413bffffffff-2020-07,1
844413bffffffff-2020-10,1
844413bffffffff-2020-12,1
844413bffffffff-2021-02,1
844413bffffffff-2021-03,2
844413bffffffff-2021-11,1
844413bffffffff-2021-12,3
844413bffffffff-2022-01,3
844413bffffffff-2022-02,1
844413bffffffff-2022-03,3
844413bffffffff-2022-04,3
844413dffffffff-2012-01,8
844413dffffffff-2012-02,13
844413dffffffff-2012-03,14
844413dffffffff-2012-04,6
844413dffffffff-2012-12,5
844413dffffffff-2013-01,5
844413dffffffff-2013-02,8
844413dffffffff-2013-03,18
844413dffffffff-2013-04,22
844413dffffffff-2013-05,2
844413dffffffff-2013-10,3
844413dffffffff-2013-11,5
844413dffffffff-2013-12,3
844413dffffffff-2014-01,11
844413dffffffff-2014-02,14
844413dffffffff-2014-03,20
844413dffffffff-2014-04,20
844413dffffffff-2014-08,1
844413dffffffff-2014-10,2
844413dffffffff-2014-11,1
844413dffffffff-2014-12,7
844413dffffffff-2015-01,12
844413dffffffff-2015-02,21
844413dffffffff-2015-03,29
844413dffffffff-2015-04,46
844413dffffffff-2015-05,24
844413dffffffff-2015-06,1
844413dffffffff-2015-07,1
844413dffffffff-2015-11,5
844413dffffffff-2015-12,7
844413dffffffff-2016-01,16
844413dffffffff-2016-02,4
844413dffffffff-2016-03,22
844413dffffffff-2016-04,61
844413dffffffff-2016-05,10
844413dffffffff-2016-07,1
844413dffffffff-2016-08,5
844413dffffffff-2016-10,2
844413dffffffff-2016-11,3
844413dffffffff-2016-12,3
844413dffffffff-2017-01,16
844413dffffffff-2017-02,13
844413dffffffff-2017-03,40
844413dffffffff-2017-04,40
844413dffffffff-2017-05,9
844413dffffffff-2017-08,2
844413dffffffff-2017-09,1
844413dffffffff-2017-11,21
844413dffffffff-2017-12,6
844413dffffffff-2018-01,10
844413dffffffff-2018-02,49
844413dffffffff-2018-03,56
844413dffffffff-2018-04,39
844413dffffffff-2018-05,23
844413dffffffff-2018-08,13
844413dffffffff-2018-09,5
844413dffffffff-2018-10,5
844413dffffffff-2018-11,5
844413dffffffff-2018-12,3
844413dffffffff-2019-01,4
844413dffffffff-2019-02,3
844413dffffffff-2019-03,7
844413dffffffff-2019-04,5
844413dffffffff-2019-05,5
844413dffffffff-2019-06,2
844413dffffffff-2019-08,2
844413dffffffff-2019-09,10
844413dffffffff-2019-10,2
844413dffffffff-2019-11,7
844413dffffffff-2019-12,5
844413dffffffff-2020-01,4
844413dffffffff-2020-02,2
844413dffffffff-2020-03,30
844413dffffffff-2020-04,48
844413dffffffff-2020-05,6
844413dffffffff-2020-11,5
844413dffffffff-2021-01,6
844413dffffffff-2021-02,13
844413dffffffff-2021-03,62
844413dffffffff-2021-04,94
844413dffffffff-2021-05,12
844413dffffffff-2021-08,1
844413dffffffff-2021-09,2
844413dffffffff-2021-10,3
844413dffffffff-2021-11,9
844413dffffffff-2021-12,5
844413dffffffff-2022-01,27
844413dffffffff-2022-02,24
844413dffffffff-2022-03,72
844413dffffffff-2022-04,38
844413dffffffff-2022-05,6
844413dffffffff-2022-07,10
844413dffffffff-2022-09,3
844413dffffffff-2022-10,2
844413dffffffff-2022-11,2
844413dffffffff-2022-12,4
844413dffffffff-2023-01,23
844413dffffffff-2023-02,50
844413dffffffff-2023-03,126
844413dffffffff-2023-04,97
844413dffffffff-2023-05,11
844413dffffffff-2023-06,2
844413dffffffff-2023-07,1
844413dffffffff-2023-08,5
844413dffffffff-2023-09,4
844413dffffffff-2023-10,4
844413dffffffff-2023-11,8
8444143ffffffff-2018-05,1
8444143ffffffff-2019-04,7
844415dffffffff-2012-03,1
844415dffffffff-2012-04,24
844415dffffffff-2012-05,2
844415dffffffff-2013-04,1
844415dffffffff-2014-04,4
844415dffffffff-2015-04,5
844415dffffffff-2016-04,1
844415dffffffff-2017-05,2
844415dffffffff-2018-04,36
844415dffffffff-2019-04,7
844415dffffffff-2021-05,1
844415dffffffff-2022-04,30
844415dffffffff-2022-05,39
844415dffffffff-2023-05,11
8444161ffffffff-2012-04,1
8444161ffffffff-2012-06,1
8444161ffffffff-2013-01,1
8444161ffffffff-2013-03,3
8444161ffffffff-2013-09,2
8444161ffffffff-2013-12,3
8444161ffffffff-2014-01,1
8444161ffffffff-2014-03,4
8444161ffffffff-2014-04,3
8444161ffffffff-2014-09,3
8444161ffffffff-2015-01,1
8444161ffffffff-2016-03,4
8444161ffffffff-2016-04,4
8444161ffffffff-2016-08,4
8444161ffffffff-2017-02,2
8444161ffffffff-2017-03,15
8444161ffffffff-2017-04,5
8444161ffffffff-2017-08,2
8444161ffffffff-2018-01,1
8444161ffffffff-2018-02,3
8444161ffffffff-2018-03,3
8444161ffffffff-2018-08,2
8444161ffffffff-2018-09,1
8444161ffffffff-2018-10,1
8444161ffffffff-2018-12,2
8444161ffffffff-2019-01,1
8444161ffffffff-2019-02,3
8444161ffffffff-2019-03,6
8444161ffffffff-2019-04,4
8444161ffffffff-2019-07,1
8444161ffffffff-2019-08,4
8444161ffffffff-2019-11,1
8444161ffffffff-2020-02,2
8444161ffffffff-2020-04,5
8444161ffffffff-2020-05,1
8444161ffffffff-2020-07,2
8444161ffffffff-2020-08,1
8444161ffffffff-2020-10,1
8444161ffffffff-2020-12,1
8444161ffffffff-2021-01,6
8444161ffffffff-2021-03,9
8444161ffffffff-2021-04,5
8444161ffffffff-2021-05,1
8444161ffffffff-2021-07,8
8444161ffffffff-2021-08,14
8444161ffffffff-2021-10,1
8444161ffffffff-2021-11,2
8444161ffffffff-2022-03,3
8444161ffffffff-2022-04,8
8444161ffffffff-2022-07,2
8444161ffffffff-2022-08,5
8444161ffffffff-2022-09,9
8444161ffffffff-2022-10,3
8444161ffffffff-2022-12,4
8444161ffffffff-2023-01,1
8444161ffffffff-2023-02,6
8444161ffffffff-2023-03,7
8444161ffffffff-2023-04,4
8444161ffffffff-2023-05,4
8444161ffffffff-2023-07,3
8444161ffffffff-2023-08,1
8444161ffffffff-2023-10,2
8444163ffffffff-2022-07,1
8444165ffffffff-2012-04,4
8444165ffffffff-2012-05,4
8444165ffffffff-2012-09,3
8444165ffffffff-2013-02,2
8444165ffffffff-2013-03,2
8444165ffffffff-2013-04,4
8444165ffffffff-2013-05,2
8444165ffffffff-2013-07,2
8444165ffffffff-2013-08,1
8444165ffffffff-2013-09,11
8444165ffffffff-2013-11,4
8444165ffffffff-2014-08,2
8444165ffffffff-2014-09,38
8444165ffffffff-2014-10,9
8444165ffffffff-2014-11,4
8444165ffffffff-2015-04,3
8444165ffffffff-2015-05,2
8444165ffffffff-2015-09,10
8444165ffffffff-2015-10,11
8444165ffffffff-2015-12,1
8444165ffffffff-2016-03,3
8444165ffffffff-2016-04,1
8444165ffffffff-2016-08,5
8444165ffffffff-2016-09,16
8444165ffffffff-2016-10,6
8444165ffffffff-2017-04,11
8444165ffffffff-2018-04,3
8444165ffffffff-2018-07,1
8444165ffffffff-2018-08,4
8444165ffffffff-2018-09,9
8444165ffffffff-2018-10,30
8444165ffffffff-2019-02,1
8444165ffffffff-2019-04,2
8444165ffffffff-2019-07,19
8444165ffffffff-2019-08,3
8444165ffffffff-2019-09,11
8444165ffffffff-2019-10,8
8444165ffffffff-2019-11,16
8444165ffffffff-2019-12,14
8444165ffffffff-2020-01,3
8444165ffffffff-2020-02,1
8444165ffffffff-2020-04,1
8444165ffffffff-2020-05,3
8444165ffffffff-2020-07,2
8444165ffffffff-2020-08,3
8444165ffffffff-2020-09,23
8444165ffffffff-2020-10,22
8444165ffffffff-2020-11,8
8444165ffffffff-2020-12,4
8444165ffffffff-2021-03,8
8444165ffffffff-2021-04,16
8444165ffffffff-2021-05,7
8444165ffffffff-2021-06,1
8444165ffffffff-2021-07,4
8444165ffffffff-2021-08,50
8444165ffffffff-2021-09,20
8444165ffffffff-2021-11,27
8444165ffffffff-2022-02,1
8444165ffffffff-2022-03,1
8444165ffffffff-2022-04,1
8444165ffffffff-2022-08,13
8444165ffffffff-2022-09,17
8444165ffffffff-2022-10,29
8444165ffffffff-2022-11,4
8444165ffffffff-2022-12,1
8444165ffffffff-2023-02,1
8444165ffffffff-2023-03,10
8444165ffffffff-2023-04,21
8444165ffffffff-2023-05,1
8444165ffffffff-2023-07,3
8444165ffffffff-2023-08,39
8444165ffffffff-2023-09,30
8444165ffffffff-2023-10,79
844416bffffffff-2012-02,1
844416bffffffff-2012-04,4
844416bffffffff-2012-09,1
844416bffffffff-2013-03,2
844416bffffffff-2013-05,1
844416bffffffff-2014-04,4
844416bffffffff-2014-07,2
844416bffffffff-2014-08,2
844416bffffffff-2014-12,1
844416bffffffff-2015-03,6
844416bffffffff-2015-04,3
844416bffffffff-2015-08,2
844416bffffffff-2015-10,4
844416bffffffff-2016-02,1
844416bffffffff-2016-05,3
844416bffffffff-2016-10,2
844416bffffffff-2017-01,1
844416bffffffff-2018-07,1
844416bffffffff-2018-08,7
844416bffffffff-2019-02,1
844416bffffffff-2019-08,2
844416bffffffff-2019-10,1
844416bffffffff-2019-12,2
844416bffffffff-2020-07,3
844416bffffffff-2020-08,2
844416bffffffff-2020-10,1
844416bffffffff-2021-04,2
844416bffffffff-2021-07,3
844416bffffffff-2021-08,1
844416bffffffff-2021-10,1
844416bffffffff-2021-11,1
844416bffffffff-2022-01,1
844416bffffffff-2022-02,1
844416bffffffff-2022-08,1
844416bffffffff-2022-10,6
844416bffffffff-2023-04,8
844416bffffffff-2023-05,4
844416bffffffff-2023-08,2
844416bffffffff-2023-11,1
84441a1ffffffff-2012-01,1
84441a1ffffffff-2012-03,2
84441a1ffffffff-2012-04,1
84441a1ffffffff-2012-11,1
84441a1ffffffff-2012-12,3
84441a1ffffffff-2013-01,4
84441a1ffffffff-2013-09,1
84441a1ffffffff-2013-11,10
84441a1ffffffff-2013-12,6
84441a1ffffffff-2014-01,8
84441a1ffffffff-2014-02,8
84441a1ffffffff-2014-03,5
84441a1ffffffff-2014-08,3
84441a1ffffffff-2014-09,1
84441a1ffffffff-2014-11,11
84441a1ffffffff-2014-12,4
84441a1ffffffff-2015-01,8
84441a1ffffffff-2015-02,5
84441a1ffffffff-2015-03,1
84441a1ffffffff-2015-04,2
84441a1ffffffff-2015-10,2
84441a1ffffffff-2015-11,6
84441a1ffffffff-2015-12,12
84441a1ffffffff-2016-01,10
84441a1ffffffff-2016-02,6
84441a1ffffffff-2016-03,10
84441a1ffffffff-2016-04,22
84441a1ffffffff-2016-05,2
84441a1ffffffff-2016-10,15
84441a1ffffffff-2016-11,18
84441a1ffffffff-2016-12,17
84441a1ffffffff-2017-01,18
84441a1ffffffff-2017-02,3
84441a1ffffffff-2017-03,15
84441a1ffffffff-2017-04,10
84441a1ffffffff-2017-10,2
84441a1ffffffff-2017-11,6
84441a1ffffffff-2017-12,12
84441a1ffffffff-2018-01,1
84441a1ffffffff-2018-02,1
84441a1ffffffff-2018-03,9
84441a1ffffffff-2018-04,8
84441a1ffffffff-2018-07,2
84441a1ffffffff-2018-10,1
84441a1ffffffff-2018-11,2
84441a1ffffffff-2018-12,2
84441a1ffffffff-2019-01,15
84441a1ffffffff-2019-03,4
84441a1ffffffff-2019-04,2
84441a1ffffffff-2019-11,3
84441a1ffffffff-2019-12,4
84441a1ffffffff-2020-01,11
84441a1ffffffff-2020-02,2
84441a1ffffffff-2020-03,7
84441a1ffffffff-2020-04,23
84441a1ffffffff-2020-05,4
84441a1ffffffff-2020-07,1
84441a1ffffffff-2020-09,2
84441a1ffffffff-2020-10,1
84441a1ffffffff-2020-11,3
84441a1ffffffff-2020-12,13
84441a1ffffffff-2021-01,2
84441a1ffffffff-2021-02,4
84441a1ffffffff-2021-03,5
84441a1ffffffff-2021-04,8
84441a1ffffffff-2021-05,2
84441a1ffffffff-2021-08,5
84441a1ffffffff-2021-09,1
84441a1ffffffff-2021-10,6
84441a1ffffffff-2021-11,3
84441a1ffffffff-2021-12,8
84441a1ffffffff-2022-01,9
84441a1ffffffff-2022-02,8
84441a1ffffffff-2022-03,15
84441a1ffffffff-2022-04,5
84441a1ffffffff-2022-05,4
84441a1ffffffff-2022-08,1
84441a1ffffffff-2022-10,6
84441a1ffffffff-2022-11,7
84441a1ffffffff-2022-12,18
84441a1ffffffff-2023-01,13
84441a1ffffffff-2023-02,6
84441a1ffffffff-2023-03,4
84441a1ffffffff-2023-04,7
84441a1ffffffff-2023-05,9
84441a1ffffffff-2023-08,1
84441a1ffffffff-2023-09,2
84441a1ffffffff-2023-10,3
84441a1ffffffff-2023-11,17
84441a3ffffffff-2012-03,6
84441a3ffffffff-2012-04,2
84441a3ffffffff-2012-05,1
84441a3ffffffff-2012-08,5
84441a3ffffffff-2012-09,1
84441a3ffffffff-2012-10,1
84441a3ffffffff-2012-11,1
84441a3ffffffff-2012-12,2
84441a3ffffffff-2013-01,3
84441a3ffffffff-2013-02,2
84441a3ffffffff-2013-03,5
84441a3ffffffff-2013-04,1
84441a3ffffffff-2013-05,1
84441a3ffffffff-2013-06,2
84441a3ffffffff-2013-07,5
84441a3ffffffff-2013-08,2
84441a3ffffffff-2013-09,12
84441a3ffffffff-2013-10,1
84441a3ffffffff-2013-11,1
84441a3ffffffff-2013-12,1
84441a3ffffffff-2014-01,2
84441a3ffffffff-2014-03,5
84441a3ffffffff-2014-04,10
84441a3ffffffff-2014-05,4
84441a3ffffffff-2014-06,1
84441a3ffffffff-2014-07,6
84441a3ffffffff-2014-08,23
84441a3ffffffff-2014-09,25
84441a3ffffffff-2014-10,14
84441a3ffffffff-2014-11,3
84441a3ffffffff-2014-12,13
84441a3ffffffff-2015-01,14
84441a3ffffffff-2015-02,18
84441a3ffffffff-2015-03,15
84441a3ffffffff-2015-04,10
84441a3ffffffff-2015-05,2
84441a3ffffffff-2015-07,11
84441a3ffffffff-2015-08,3
84441a3ffffffff-2015-09,9
84441a3ffffffff-2015-10,7
84441a3ffffffff-2015-11,14
84441a3ffffffff-2015-12,14
84441a3ffffffff-2016-01,3
84441a3ffffffff-2016-02,17
84441a3ffffffff-2016-03,40
84441a3ffffffff-2016-04,23
84441a3ffffffff-2016-05,13
84441a3ffffffff-2016-07,14
84441a3ffffffff-2016-08,3
84441a3ffffffff-2016-09,2
84441a3ffffffff-2016-10,11
84441a3ffffffff-2016-11,18
84441a3ffffffff-2016-12,21
84441a3ffffffff-2017-01,23
84441a3ffffffff-2017-02,12
84441a3ffffffff-2017-03,16
84441a3ffffffff-2017-04,9
84441a3ffffffff-2017-05,6
84441a3ffffffff-2017-07,3
84441a3ffffffff-2017-08,11
84441a3ffffffff-2017-09,17
84441a3ffffffff-2017-10,4
84441a3ffffffff-2017-11,5
84441a3ffffffff-2017-12,4
84441a3ffffffff-2018-01,6
84441a3ffffffff-2018-02,7
84441a3ffffffff-2018-03,7
84441a3ffffffff-2018-04,6
84441a3ffffffff-2018-05,1
84441a3ffffffff-2018-06,1
84441a3ffffffff-2018-07,7
84441a3ffffffff-2018-08,4
84441a3ffffffff-2018-09,16
84441a3ffffffff-2018-10,8
84441a3ffffffff-2018-11,21
84441a3ffffffff-2018-12,14
84441a3ffffffff-2019-01,19
84441a3ffffffff-2019-02,5
84441a3ffffffff-2019-03,9
84441a3ffffffff-2019-04,11
84441a3ffffffff-2019-05,11
84441a3ffffffff-2019-09,7
84441a3ffffffff-2019-10,8
84441a3ffffffff-2019-11,26
84441a3ffffffff-2019-12,13
84441a3ffffffff-2020-01,121
84441a3ffffffff-2020-02,67
84441a3ffffffff-2020-03,2
84441a3ffffffff-2020-08,1
84441a3ffffffff-2020-09,1
84441a3ffffffff-2020-11,3
84441a3ffffffff-2020-12,4
84441a3ffffffff-2021-01,8
84441a3ffffffff-2021-02,4
84441a3ffffffff-2021-03,8
84441a3ffffffff-2021-04,21
84441a3ffffffff-2021-05,5
84441a3ffffffff-2021-08,1
84441a3ffffffff-2021-09,7
84441a3ffffffff-2021-10,6
84441a3ffffffff-2021-11,2
84441a3ffffffff-2021-12,7
84441a3ffffffff-2022-01,13
84441a3ffffffff-2022-02,8
84441a3ffffffff-2022-03,3
84441a3ffffffff-2022-04,1
84441a3ffffffff-2022-05,2
84441a3ffffffff-2022-08,5
84441a3ffffffff-2022-09,3
84441a3ffffffff-2022-11,12
84441a3ffffffff-2022-12,10
84441a3ffffffff-2023-01,5
84441a3ffffffff-2023-02,4
84441a3ffffffff-2023-03,12
84441a3ffffffff-2023-04,5
84441a3ffffffff-2023-05,1
84441a3ffffffff-2023-08,1
84441a3ffffffff-2023-09,6
84441a3ffffffff-2023-10,1
84441a3ffffffff-2023-11,8
84441a5ffffffff-2012-03,1
84441a5ffffffff-2012-08,6
84441a5ffffffff-2012-09,1
84441a5ffffffff-2012-11,1
84441a5ffffffff-2012-12,3
84441a5ffffffff-2013-02,1
84441a5ffffffff-2013-04,6
84441a5ffffffff-2013-05,1
84441a5ffffffff-2013-09,1
84441a5ffffffff-2013-11,1
84441a5ffffffff-2013-12,2
84441a5ffffffff-2014-02,5
84441a5ffffffff-2014-03,4
84441a5ffffffff-2014-04,1
84441a5ffffffff-2014-11,5
84441a5ffffffff-2014-12,1
84441a5ffffffff-2015-01,4
84441a5ffffffff-2015-02,7
84441a5ffffffff-2015-03,1
84441a5ffffffff-2015-04,1
84441a5ffffffff-2015-08,1
84441a5ffffffff-2015-10,5
84441a5ffffffff-2015-11,3
84441a5ffffffff-2015-12,10
84441a5ffffffff-2016-01,5
84441a5ffffffff-2016-02,2
84441a5ffffffff-2016-03,1
84441a5ffffffff-2016-04,2
84441a5ffffffff-2016-10,1
84441a5ffffffff-2016-11,4
84441a5ffffffff-2016-12,2
84441a5ffffffff-2017-01,2
84441a5ffffffff-2017-02,1
84441a5ffffffff-2017-03,4
84441a5ffffffff-2017-08,1
84441a5ffffffff-2017-10,1
84441a5ffffffff-2017-11,1
84441a5ffffffff-2017-12,3
84441a5ffffffff-2018-01,6
84441a5ffffffff-2018-02,2
84441a5ffffffff-2018-03,3
84441a5ffffffff-2018-10,3
84441a5ffffffff-2018-11,2
84441a5ffffffff-2019-01,7
84441a5ffffffff-2019-02,1
84441a5ffffffff-2019-03,1
84441a5ffffffff-2019-11,5
84441a5ffffffff-2019-12,2
84441a5ffffffff-2020-03,1
84441a5ffffffff-2020-04,2
84441a5ffffffff-2020-05,1
84441a5ffffffff-2020-10,2
84441a5ffffffff-2020-12,1
84441a5ffffffff-2021-01,4
84441a5ffffffff-2021-02,2
84441a5ffffffff-2021-03,3
84441a5ffffffff-2021-04,5
84441a5ffffffff-2021-09,2
84441a5ffffffff-2021-10,1
84441a5ffffffff-2021-11,3
84441a5ffffffff-2021-12,6
84441a5ffffffff-2022-01,6
84441a5ffffffff-2022-02,8
84441a5ffffffff-2022-03,4
84441a5ffffffff-2022-04,1
84441a5ffffffff-2022-05,1
84441a5ffffffff-2022-09,1
84441a5ffffffff-2022-10,1
84441a5ffffffff-2022-12,1
84441a5ffffffff-2023-01,9
84441a5ffffffff-2023-02,8
84441a5ffffffff-2023-03,4
84441a5ffffffff-2023-04,8
84441a5ffffffff-2023-08,8
84441a5ffffffff-2023-10,2
84441a5ffffffff-2023-11,7
84441a7ffffffff-2012-01,2
84441a7ffffffff-2012-11,1
84441a7ffffffff-2012-12,7
84441a7ffffffff-2013-01,1
84441a7ffffffff-2013-02,1
84441a7ffffffff-2013-03,9
84441a7ffffffff-2013-04,4
84441a7ffffffff-2013-05,1
84441a7ffffffff-2013-10,1
84441a7ffffffff-2013-11,1
84441a7ffffffff-2013-12,4
84441a7ffffffff-2014-01,8
84441a7ffffffff-2014-02,1
84441a7ffffffff-2014-03,11
84441a7ffffffff-2014-04,10
84441a7ffffffff-2014-08,4
84441a7ffffffff-2014-09,1
84441a7ffffffff-2014-10,9
84441a7ffffffff-2014-11,16
84441a7ffffffff-2014-12,9
84441a7ffffffff-2015-01,12
84441a7ffffffff-2015-02,2
84441a7ffffffff-2015-03,26
84441a7ffffffff-2015-04,18
84441a7ffffffff-2015-07,2
84441a7ffffffff-2015-10,1
84441a7ffffffff-2015-11,5
84441a7ffffffff-2015-12,3
84441a7ffffffff-2016-01,34
84441a7ffffffff-2016-02,5
84441a7ffffffff-2016-03,10
84441a7ffffffff-2016-04,11
84441a7ffffffff-2016-05,17
84441a7ffffffff-2016-06,2
84441a7ffffffff-2016-08,5
84441a7ffffffff-2016-09,8
84441a7ffffffff-2016-10,2
84441a7ffffffff-2016-11,6
84441a7ffffffff-2016-12,5
84441a7ffffffff-2017-01,17
84441a7ffffffff-2017-02,8
84441a7ffffffff-2017-03,2
84441a7ffffffff-2017-04,13
84441a7ffffffff-2017-05,7
84441a7ffffffff-2017-08,6
84441a7ffffffff-2017-09,3
84441a7ffffffff-2017-12,14
84441a7ffffffff-2018-01,5
84441a7ffffffff-2018-02,2
84441a7ffffffff-2018-03,4
84441a7ffffffff-2018-04,19
84441a7ffffffff-2018-05,6
84441a7ffffffff-2018-11,5
84441a7ffffffff-2018-12,9
84441a7ffffffff-2019-01,9
84441a7ffffffff-2019-02,6
84441a7ffffffff-2019-03,8
84441a7ffffffff-2019-04,10
84441a7ffffffff-2019-05,4
84441a7ffffffff-2019-08,11
84441a7ffffffff-2019-09,12
84441a7ffffffff-2019-10,2
84441a7ffffffff-2019-11,17
84441a7ffffffff-2019-12,13
84441a7ffffffff-2020-01,16
84441a7ffffffff-2020-02,12
84441a7ffffffff-2020-03,39
84441a7ffffffff-2020-04,19
84441a7ffffffff-2020-05,8
84441a7ffffffff-2020-11,6
84441a7ffffffff-2020-12,24
84441a7ffffffff-2021-01,25
84441a7ffffffff-2021-02,12
84441a7ffffffff-2021-03,12
84441a7ffffffff-2021-04,10
84441a7ffffffff-2021-05,10
84441a7ffffffff-2021-09,1
84441a7ffffffff-2021-10,2
84441a7ffffffff-2021-11,9
84441a7ffffffff-2021-12,9
84441a7ffffffff-2022-01,5
84441a7ffffffff-2022-02,20
84441a7ffffffff-2022-03,10
84441a7ffffffff-2022-04,8
84441a7ffffffff-2022-05,4
84441a7ffffffff-2022-08,4
84441a7ffffffff-2022-09,4
84441a7ffffffff-2022-10,12
84441a7ffffffff-2022-11,3
84441a7ffffffff-2022-12,8
84441a7ffffffff-2023-01,5
84441a7ffffffff-2023-02,18
84441a7ffffffff-2023-03,6
84441a7ffffffff-2023-04,14
84441a7ffffffff-2023-05,3
84441a7ffffffff-2023-10,1
84441a7ffffffff-2023-11,1
84441a9ffffffff-2012-01,8
84441a9ffffffff-2012-02,4
84441a9ffffffff-2012-03,5
84441a9ffffffff-2012-04,12
84441a9ffffffff-2012-05,4
84441a9ffffffff-2012-07,1
84441a9ffffffff-2012-08,4
84441a9ffffffff-2012-09,9
84441a9ffffffff-2012-10,4
84441a9ffffffff-2012-11,5
84441a9ffffffff-2012-12,1
84441a9ffffffff-2013-01,5
84441a9ffffffff-2013-02,8
84441a9ffffffff-2013-03,15
84441a9ffffffff-2013-04,11
84441a9ffffffff-2013-05,4
84441a9ffffffff-2013-07,2
84441a9ffffffff-2013-08,2
84441a9ffffffff-2013-09,3
84441a9ffffffff-2013-10,3
84441a9ffffffff-2013-11,3
84441a9ffffffff-2013-12,7
84441a9ffffffff-2014-01,4
84441a9ffffffff-2014-02,3
84441a9ffffffff-2014-03,5
84441a9ffffffff-2014-04,25
84441a9ffffffff-2014-05,1
84441a9ffffffff-2014-09,4
84441a9ffffffff-2014-11,12
84441a9ffffffff-2014-12,2
84441a9ffffffff-2015-01,5
84441a9ffffffff-2015-02,14
84441a9ffffffff-2015-03,4
84441a9ffffffff-2015-04,9
84441a9ffffffff-2015-05,1
84441a9ffffffff-2015-08,1
84441a9ffffffff-2015-09,1
84441a9ffffffff-2015-10,10
84441a9ffffffff-2015-11,4
84441a9ffffffff-2015-12,1
84441a9ffffffff-2016-01,3
84441a9ffffffff-2016-02,4
84441a9ffffffff-2016-03,7
84441a9ffffffff-2016-04,28
84441a9ffffffff-2016-05,7
84441a9ffffffff-2016-08,10
84441a9ffffffff-2016-09,5
84441a9ffffffff-2016-10,3
84441a9ffffffff-2016-11,2
84441a9ffffffff-2016-12,8
84441a9ffffffff-2017-01,6
84441a9ffffffff-2017-02,3
84441a9ffffffff-2017-03,15
84441a9ffffffff-2017-04,9
84441a9ffffffff-2017-05,2
84441a9ffffffff-2017-08,3
84441a9ffffffff-2017-09,2
84441a9ffffffff-2017-10,2
84441a9ffffffff-2017-11,2
84441a9ffffffff-2017-12,12
84441a9ffffffff-2018-01,8
84441a9ffffffff-2018-02,4
84441a9ffffffff-2018-03,23
84441a9ffffffff-2018-04,12
84441a9ffffffff-2018-05,2
84441a9ffffffff-2018-09,1
84441a9ffffffff-2018-10,2
84441a9ffffffff-2018-11,4
84441a9ffffffff-2018-12,4
84441a9ffffffff-2019-01,3
84441a9ffffffff-2019-02,1
84441a9ffffffff-2019-03,3
84441a9ffffffff-2019-04,16
84441a9ffffffff-2019-06,1
84441a9ffffffff-2019-08,1
84441a9ffffffff-2019-10,3
84441a9ffffffff-2019-11,2
84441a9ffffffff-2019-12,4
84441a9ffffffff-2020-01,4
84441a9ffffffff-2020-02,9
84441a9ffffffff-2020-03,12
84441a9ffffffff-2020-04,17
84441a9ffffffff-2020-07,4
84441a9ffffffff-2020-08,1
84441a9ffffffff-2020-09,1
84441a9ffffffff-2020-10,11
84441a9ffffffff-2020-11,4
84441a9ffffffff-2020-12,3
84441a9ffffffff-2021-01,8
84441a9ffffffff-2021-02,21
84441a9ffffffff-2021-03,27
84441a9ffffffff-2021-04,38
84441a9ffffffff-2021-05,41
84441a9ffffffff-2021-06,1
84441a9ffffffff-2021-07,1
84441a9ffffffff-2021-08,2
84441a9ffffffff-2021-09,6
84441a9ffffffff-2021-10,3
84441a9ffffffff-2021-11,1
84441a9ffffffff-2021-12,7
84441a9ffffffff-2022-01,10
84441a9ffffffff-2022-02,21
84441a9ffffffff-2022-03,18
84441a9ffffffff-2022-04,28
84441a9ffffffff-2022-05,9
84441a9ffffffff-2022-08,1
84441a9ffffffff-2022-09,2
84441a9ffffffff-2022-10,1
84441a9ffffffff-2022-11,29
84441a9ffffffff-2022-12,13
84441a9ffffffff-2023-01,26
84441a9ffffffff-2023-02,21
84441a9ffffffff-2023-03,37
84441a9ffffffff-2023-04,39
84441a9ffffffff-2023-05,18
84441a9ffffffff-2023-06,1
84441a9ffffffff-2023-07,10
84441a9ffffffff-2023-08,11
84441a9ffffffff-2023-09,46
84441a9ffffffff-2023-10,64
84441a9ffffffff-2023-11,52
84441abffffffff-2012-01,2
84441abffffffff-2012-02,4
84441abffffffff-2012-03,9
84441abffffffff-2012-04,10
84441abffffffff-2012-09,3
84441abffffffff-2012-10,2
84441abffffffff-2012-11,7
84441abffffffff-2012-12,2
84441abffffffff-2013-01,2
84441abffffffff-2013-02,5
84441abffffffff-2013-03,15
84441abffffffff-2013-04,1
84441abffffffff-2013-09,1
84441abffffffff-2013-10,2
84441abffffffff-2013-12,3
84441abffffffff-2014-01,6
84441abffffffff-2014-02,20
84441abffffffff-2014-03,4
84441abffffffff-2014-04,8
84441abffffffff-2014-05,3
84441abffffffff-2014-08,3
84441abffffffff-2014-09,6
84441abffffffff-2014-10,17
84441abffffffff-2014-11,1
84441abffffffff-2015-01,3
84441abffffffff-2015-02,3
84441abffffffff-2015-03,2
84441abffffffff-2015-04,9
84441abffffffff-2015-05,3
84441abffffffff-2015-08,1
84441abffffffff-2015-09,8
84441abffffffff-2015-10,3
84441abffffffff-2015-11,2
84441abffffffff-2015-12,4
84441abffffffff-2016-01,21
84441abffffffff-2016-02,6
84441abffffffff-2016-03,2
84441abffffffff-2016-04,10
84441abffffffff-2016-05,2
84441abffffffff-2016-08,1
84441abffffffff-2016-10,15
84441abffffffff-2016-11,4
84441abffffffff-2016-12,11
84441abffffffff-2017-01,7
84441abffffffff-2017-02,2
84441abffffffff-2017-03,1
84441abffffffff-2017-04,2
84441abffffffff-2017-08,3
84441abffffffff-2017-10,1
84441abffffffff-2017-11,3
84441abffffffff-2017-12,3
84441abffffffff-2018-01,2
84441abffffffff-2018-03,3
84441abffffffff-2018-08,1
84441abffffffff-2018-10,2
84441abffffffff-2018-11,2
84441abffffffff-2018-12,1
84441abffffffff-2019-02,1
84441abffffffff-2019-03,1
84441abffffffff-2019-04,1
84441abffffffff-2019-07,1
84441abffffffff-2019-08,3
84441abffffffff-2019-10,2
84441abffffffff-2019-12,3
84441abffffffff-2020-01,2
84441abffffffff-2020-02,10
84441abffffffff-2020-03,4
84441abffffffff-2020-09,3
84441abffffffff-2020-10,5
84441abffffffff-2020-11,3
84441abffffffff-2020-12,2
84441abffffffff-2021-01,8
84441abffffffff-2021-02,5
84441abffffffff-2021-03,5
84441abffffffff-2021-04,2
84441abffffffff-2021-05,3
84441abffffffff-2021-08,2
84441abffffffff-2021-09,3
84441abffffffff-2021-10,6
84441abffffffff-2021-11,5
84441abffffffff-2021-12,6
84441abffffffff-2022-01,2
84441abffffffff-2022-02,8
84441abffffffff-2022-03,5
84441abffffffff-2022-04,3
84441abffffffff-2022-05,2
84441abffffffff-2022-08,3
84441abffffffff-2022-09,4
84441abffffffff-2022-11,4
84441abffffffff-2022-12,9
84441abffffffff-2023-01,4
84441abffffffff-2023-02,5
84441abffffffff-2023-03,1
84441abffffffff-2023-04,20
84441abffffffff-2023-05,16
84441abffffffff-2023-08,4
84441abffffffff-2023-09,5
84441abffffffff-2023-10,5
84441abffffffff-2023-11,6
84441adffffffff-2012-01,8
84441adffffffff-2012-02,2
84441adffffffff-2012-03,4
84441adffffffff-2012-04,3
84441adffffffff-2012-05,1
84441adffffffff-2012-06,5
84441adffffffff-2012-08,1
84441adffffffff-2012-11,3
84441adffffffff-2012-12,1
84441adffffffff-2013-01,1
84441adffffffff-2013-02,3
84441adffffffff-2013-03,4
84441adffffffff-2013-04,2
84441adffffffff-2013-07,1
84441adffffffff-2013-11,4
84441adffffffff-2013-12,4
84441adffffffff-2014-01,9
84441adffffffff-2014-02,2
84441adffffffff-2014-03,2
84441adffffffff-2014-04,1
84441adffffffff-2014-09,2
84441adffffffff-2014-10,1
84441adffffffff-2014-11,1
84441adffffffff-2014-12,4
84441adffffffff-2015-01,3
84441adffffffff-2015-02,1
84441adffffffff-2015-03,1
84441adffffffff-2015-05,3
84441adffffffff-2015-08,1
84441adffffffff-2015-09,1
84441adffffffff-2015-12,9
84441adffffffff-2016-01,1
84441adffffffff-2016-02,1
84441adffffffff-2016-03,2
84441adffffffff-2016-06,1
84441adffffffff-2016-10,8
84441adffffffff-2016-11,9
84441adffffffff-2016-12,11
84441adffffffff-2017-03,4
84441adffffffff-2017-04,7
84441adffffffff-2017-05,1
84441adffffffff-2017-08,1
84441adffffffff-2017-09,3
84441adffffffff-2017-10,1
84441adffffffff-2017-11,6
84441adffffffff-2017-12,21
84441adffffffff-2018-01,8
84441adffffffff-2018-02,3
84441adffffffff-2018-03,3
84441adffffffff-2018-04,4
84441adffffffff-2018-07,2
84441adffffffff-2018-08,3
84441adffffffff-2018-09,5
84441adffffffff-2018-10,1
84441adffffffff-2018-11,11
84441adffffffff-2018-12,14
84441adffffffff-2019-01,7
84441adffffffff-2019-02,2
84441adffffffff-2019-03,9
84441adffffffff-2019-04,5
84441adffffffff-2019-08,1
84441adffffffff-2019-11,6
84441adffffffff-2019-12,8
84441adffffffff-2020-01,10
84441adffffffff-2020-02,1
84441adffffffff-2020-03,18
84441adffffffff-2020-04,27
84441adffffffff-2020-05,11
84441adffffffff-2020-08,2
84441adffffffff-2020-09,2
84441adffffffff-2020-10,2
84441adffffffff-2020-11,8
84441adffffffff-2020-12,12
84441adffffffff-2021-01,6
84441adffffffff-2021-02,5
84441adffffffff-2021-03,12
84441adffffffff-2021-04,20
84441adffffffff-2021-05,3
84441adffffffff-2021-08,17
84441adffffffff-2021-09,6
84441adffffffff-2021-10,3
84441adffffffff-2021-11,5
84441adffffffff-2021-12,10
84441adffffffff-2022-01,2
84441adffffffff-2022-02,13
84441adffffffff-2022-03,7
84441adffffffff-2022-04,14
84441adffffffff-2022-05,4
84441adffffffff-2022-07,10
84441adffffffff-2022-08,15
84441adffffffff-2022-09,15
84441adffffffff-2022-10,16
84441adffffffff-2022-11,1
84441adffffffff-2022-12,17
84441adffffffff-2023-01,8
84441adffffffff-2023-03,5
84441adffffffff-2023-04,3
84441adffffffff-2023-05,8
84441adffffffff-2023-06,2
84441adffffffff-2023-07,7
84441adffffffff-2023-08,9
84441adffffffff-2023-09,7
84441adffffffff-2023-10,6
84441adffffffff-2023-11,6
84441b1ffffffff-2017-04,1
84441b3ffffffff-2014-05,1
84441b3ffffffff-2017-01,1
84441b3ffffffff-2017-07,1
84441b3ffffffff-2018-04,2
84441b3ffffffff-2018-12,1
84441b3ffffffff-2020-01,1
84441b3ffffffff-2020-04,1
84441b3ffffffff-2020-09,1
84441b3ffffffff-2020-12,1
84441b3ffffffff-2021-02,1
84441b3ffffffff-2021-04,6
84441b3ffffffff-2021-05,3
84441b3ffffffff-2021-07,16
84441b3ffffffff-2021-08,11
84441b3ffffffff-2022-04,1
84441b3ffffffff-2022-05,3
84441b3ffffffff-2022-12,1
84441b3ffffffff-2023-04,1
84441b3ffffffff-2023-07,2
84441b3ffffffff-2023-10,4
84441b3ffffffff-2023-11,5
84441b5ffffffff-2012-10,1
84441b5ffffffff-2013-01,1
84441b5ffffffff-2013-02,2
84441b5ffffffff-2013-03,5
84441b5ffffffff-2014-01,1
84441b5ffffffff-2014-02,2
84441b5ffffffff-2014-09,1
84441b5ffffffff-2014-10,1
84441b5ffffffff-2014-12,1
84441b5ffffffff-2015-01,1
84441b5ffffffff-2015-02,4
84441b5ffffffff-2015-03,2
84441b5ffffffff-2015-09,1
84441b5ffffffff-2015-10,3
84441b5ffffffff-2015-11,1
84441b5ffffffff-2015-12,1
84441b5ffffffff-2016-01,1
84441b5ffffffff-2016-02,2
84441b5ffffffff-2016-11,1
84441b5ffffffff-2017-01,2
84441b5ffffffff-2017-10,2
84441b5ffffffff-2018-10,1
84441b5ffffffff-2018-12,2
84441b5ffffffff-2019-01,1
84441b5ffffffff-2019-02,1
84441b5ffffffff-2019-03,1
84441b5ffffffff-2019-12,1
84441b5ffffffff-2020-01,1
84441b5ffffffff-2020-02,1
84441b5ffffffff-2020-03,1
84441b5ffffffff-2020-10,1
84441b5ffffffff-2020-12,2
84441b5ffffffff-2021-03,2
84441b5ffffffff-2022-01,6
84441b5ffffffff-2022-02,1
84441b5ffffffff-2022-04,1
84441b5ffffffff-2022-09,1
84441b5ffffffff-2022-11,3
84441b5ffffffff-2022-12,5
84441b5ffffffff-2023-01,3
84441b5ffffffff-2023-02,2
84441b5ffffffff-2023-03,5
84441b5ffffffff-2023-04,4
84441b7ffffffff-2012-01,1
84441b7ffffffff-2012-04,2
84441b7ffffffff-2012-10,1
84441b7ffffffff-2012-11,1
84441b7ffffffff-2012-12,1
84441b7ffffffff-2013-03,2
84441b7ffffffff-2013-04,6
84441b7ffffffff-2013-10,1
84441b7ffffffff-2014-01,2
84441b7ffffffff-2014-02,2
84441b7ffffffff-2014-10,1
84441b7ffffffff-2015-03,1
84441b7ffffffff-2015-05,1
84441b7ffffffff-2016-02,1
84441b7ffffffff-2016-04,2
84441b7ffffffff-2016-10,1
84441b7ffffffff-2017-04,2
84441b7ffffffff-2017-11,3
84441b7ffffffff-2018-02,4
84441b7ffffffff-2018-04,3
84441b7ffffffff-2018-05,1
84441b7ffffffff-2018-12,2
84441b7ffffffff-2019-03,2
84441b7ffffffff-2019-04,3
84441b7ffffffff-2019-10,2
84441b7ffffffff-2020-01,3
84441b7ffffffff-2020-02,2
84441b7ffffffff-2020-03,1
84441b7ffffffff-2020-04,4
84441b7ffffffff-2020-07,2
84441b7ffffffff-2020-09,2
84441b7ffffffff-2020-10,3
84441b7ffffffff-2020-12,2
84441b7ffffffff-2021-03,6
84441b7ffffffff-2021-04,7
84441b7ffffffff-2021-05,2
84441b7ffffffff-2021-07,1
84441b7ffffffff-2021-09,1
84441b7ffffffff-2022-01,4
84441b7ffffffff-2022-02,3
84441b7ffffffff-2022-07,1
84441b7ffffffff-2023-01,1
84441b7ffffffff-2023-02,4
84441b7ffffffff-2023-03,1
84441b7ffffffff-2023-04,1
84441b7ffffffff-2023-09,2
84441b7ffffffff-2023-11,1
84441e1ffffffff-2013-07,1
84441e1ffffffff-2013-09,3
84441e1ffffffff-2013-10,1
84441e1ffffffff-2013-11,1
84441e1ffffffff-2014-06,2
84441e1ffffffff-2014-09,40
84441e1ffffffff-2014-10,2
84441e1ffffffff-2014-11,1
84441e1ffffffff-2014-12,1
84441e1ffffffff-2015-01,2
84441e1ffffffff-2015-05,1
84441e1ffffffff-2015-06,2
84441e1ffffffff-2015-07,1
84441e1ffffffff-2015-08,4
84441e1ffffffff-2015-09,8
84441e1ffffffff-2015-10,8
84441e1ffffffff-2015-11,3
84441e1ffffffff-2015-12,5
84441e1ffffffff-2016-01,4
84441e1ffffffff-2016-03,1
84441e1ffffffff-2016-04,2
84441e1ffffffff-2016-08,7
84441e1ffffffff-2016-09,1
84441e1ffffffff-2016-11,3
84441e1ffffffff-2017-08,14
84441e1ffffffff-2017-09,21
84441e1ffffffff-2017-10,3
84441e1ffffffff-2018-08,2
84441e1ffffffff-2018-09,42
84441e1ffffffff-2018-10,3
84441e1ffffffff-2018-11,2
84441e1ffffffff-2019-02,1
84441e1ffffffff-2019-07,8
84441e1ffffffff-2019-08,5
84441e1ffffffff-2019-09,5
84441e1ffffffff-2020-07,1
84441e1ffffffff-2020-08,1
84441e1ffffffff-2020-09,4
84441e1ffffffff-2020-11,2
84441e1ffffffff-2021-04,1
84441e1ffffffff-2021-08,3
84441e1ffffffff-2021-10,1
84441e1ffffffff-2023-05,1
84441e3ffffffff-2012-01,1
84441e3ffffffff-2012-02,1
84441e3ffffffff-2012-03,3
84441e3ffffffff-2012-04,24
84441e3ffffffff-2012-06,2
84441e3ffffffff-2012-07,4
84441e3ffffffff-2012-08,2
84441e3ffffffff-2012-09,5
84441e3ffffffff-2012-10,1
84441e3ffffffff-2012-12,1
84441e3ffffffff-2013-01,4
84441e3ffffffff-2013-03,1
84441e3ffffffff-2013-04,8
84441e3ffffffff-2013-10,1
84441e3ffffffff-2014-01,1
84441e3ffffffff-2014-02,2
84441e3ffffffff-2014-03,6
84441e3ffffffff-2014-04,5
84441e3ffffffff-2014-05,2
84441e3ffffffff-2014-09,2
84441e3ffffffff-2014-12,1
84441e3ffffffff-2015-01,3
84441e3ffffffff-2015-02,2
84441e3ffffffff-2015-03,2
84441e3ffffffff-2015-04,4
84441e3ffffffff-2015-07,1
84441e3ffffffff-2015-09,3
84441e3ffffffff-2015-10,4
84441e3ffffffff-2015-11,1
84441e3ffffffff-2016-03,2
84441e3ffffffff-2016-04,6
84441e3ffffffff-2016-05,7
84441e3ffffffff-2017-01,1
84441e3ffffffff-2017-02,1
84441e3ffffffff-2017-03,1
84441e3ffffffff-2017-04,4
84441e3ffffffff-2017-07,2
84441e3ffffffff-2017-10,2
84441e3ffffffff-2017-11,1
84441e3ffffffff-2017-12,2
84441e3ffffffff-2018-02,4
84441e3ffffffff-2018-03,10
84441e3ffffffff-2018-04,14
84441e3ffffffff-2018-05,5
84441e3ffffffff-2018-07,1
84441e3ffffffff-2018-08,1
84441e3ffffffff-2018-11,2
84441e3ffffffff-2018-12,1
84441e3ffffffff-2019-01,5
84441e3ffffffff-2019-02,1
84441e3ffffffff-2019-03,1
84441e3ffffffff-2019-04,3
84441e3ffffffff-2019-05,2
84441e3ffffffff-2019-09,2
84441e3ffffffff-2019-10,1
84441e3ffffffff-2019-12,8
84441e3ffffffff-2020-01,10
84441e3ffffffff-2020-03,2
84441e3ffffffff-2020-07,1
84441e3ffffffff-2020-08,2
84441e3ffffffff-2020-09,3
84441e3ffffffff-2020-10,7
84441e3ffffffff-2020-12,4
84441e3ffffffff-2021-01,9
84441e3ffffffff-2021-02,1
84441e3ffffffff-2021-03,4
84441e3ffffffff-2021-04,18
84441e3ffffffff-2021-05,4
84441e3ffffffff-2021-06,2
84441e3ffffffff-2021-07,10
84441e3ffffffff-2021-08,11
84441e3ffffffff-2021-09,9
84441e3ffffffff-2021-10,13
84441e3ffffffff-2021-11,9
84441e3ffffffff-2021-12,6
84441e3ffffffff-2022-01,7
84441e3ffffffff-2022-02,9
84441e3ffffffff-2022-03,7
84441e3ffffffff-2022-04,7
84441e3ffffffff-2022-05,3
84441e3ffffffff-2022-07,2
84441e3ffffffff-2022-08,2
84441e3ffffffff-2022-09,2
84441e3ffffffff-2022-10,22
84441e3ffffffff-2022-11,12
84441e3ffffffff-2022-12,9
84441e3ffffffff-2023-01,4
84441e3ffffffff-2023-02,9
84441e3ffffffff-2023-03,20
84441e3ffffffff-2023-04,15
84441e3ffffffff-2023-05,8
84441e3ffffffff-2023-07,5
84441e3ffffffff-2023-08,11
84441e3ffffffff-2023-09,20
84441e3ffffffff-2023-10,18
84441e3ffffffff-2023-11,9
84441e5ffffffff-2012-01,24
84441e5ffffffff-2012-02,55
84441e5ffffffff-2012-03,19
84441e5ffffffff-2012-04,13
84441e5ffffffff-2012-05,4
84441e5ffffffff-2012-11,28
84441e5ffffffff-2012-12,17
84441e5ffffffff-2013-01,23
84441e5ffffffff-2013-02,34
84441e5ffffffff-2013-03,23
84441e5ffffffff-2013-04,17
84441e5ffffffff-2013-05,5
84441e5ffffffff-2013-10,6
84441e5ffffffff-2013-11,37
84441e5ffffffff-2013-12,16
84441e5ffffffff-2014-01,43
84441e5ffffffff-2014-02,22
84441e5ffffffff-2014-03,16
84441e5ffffffff-2014-04,7
84441e5ffffffff-2014-05,2
84441e5ffffffff-2014-06,1
84441e5ffffffff-2014-08,1
84441e5ffffffff-2014-10,2
84441e5ffffffff-2014-11,12
84441e5ffffffff-2014-12,24
84441e5ffffffff-2015-01,22
84441e5ffffffff-2015-02,11
84441e5ffffffff-2015-03,20
84441e5ffffffff-2015-04,30
84441e5ffffffff-2015-10,10
84441e5ffffffff-2015-11,22
84441e5ffffffff-2015-12,9
84441e5ffffffff-2016-01,9
84441e5ffffffff-2016-02,7
84441e5ffffffff-2016-03,21
84441e5ffffffff-2016-04,21
84441e5ffffffff-2016-08,1
84441e5ffffffff-2016-09,2
84441e5ffffffff-2016-10,7
84441e5ffffffff-2016-11,58
84441e5ffffffff-2016-12,76
84441e5ffffffff-2017-01,72
84441e5ffffffff-2017-02,89
84441e5ffffffff-2017-03,109
84441e5ffffffff-2017-04,110
84441e5ffffffff-2017-05,36
84441e5ffffffff-2017-10,8
84441e5ffffffff-2017-11,46
84441e5ffffffff-2017-12,77
84441e5ffffffff-2018-01,64
84441e5ffffffff-2018-02,45
84441e5ffffffff-2018-03,40
84441e5ffffffff-2018-04,49
84441e5ffffffff-2018-05,9
84441e5ffffffff-2018-09,3
84441e5ffffffff-2018-10,39
84441e5ffffffff-2018-11,108
84441e5ffffffff-2018-12,56
84441e5ffffffff-2019-01,54
84441e5ffffffff-2019-02,61
84441e5ffffffff-2019-03,79
84441e5ffffffff-2019-04,35
84441e5ffffffff-2019-05,7
84441e5ffffffff-2019-06,1
84441e5ffffffff-2019-08,1
84441e5ffffffff-2019-10,19
84441e5ffffffff-2019-11,76
84441e5ffffffff-2019-12,137
84441e5ffffffff-2020-01,155
84441e5ffffffff-2020-02,210
84441e5ffffffff-2020-03,103
84441e5ffffffff-2020-04,118
84441e5ffffffff-2020-05,3
84441e5ffffffff-2020-08,4
84441e5ffffffff-2020-09,4
84441e5ffffffff-2020-10,11
84441e5ffffffff-2020-11,43
84441e5ffffffff-2020-12,56
84441e5ffffffff-2021-01,91
84441e5ffffffff-2021-02,58
84441e5ffffffff-2021-03,91
84441e5ffffffff-2021-04,135
84441e5ffffffff-2021-05,66
84441e5ffffffff-2021-06,1
84441e5ffffffff-2021-07,1
84441e5ffffffff-2021-10,32
84441e5ffffffff-2021-11,124
84441e5ffffffff-2021-12,139
84441e5ffffffff-2022-01,165
84441e5ffffffff-2022-02,143
84441e5ffffffff-2022-03,68
84441e5ffffffff-2022-04,105
84441e5ffffffff-2022-05,21
84441e5ffffffff-2022-06,1
84441e5ffffffff-2022-08,2
84441e5ffffffff-2022-10,1
84441e5ffffffff-2022-11,20
84441e5ffffffff-2022-12,42
84441e5ffffffff-2023-01,76
84441e5ffffffff-2023-02,130
84441e5ffffffff-2023-03,163
84441e5ffffffff-2023-04,91
84441e5ffffffff-2023-05,20
84441e5ffffffff-2023-06,1
84441e5ffffffff-2023-08,1
84441e5ffffffff-2023-09,3
84441e5ffffffff-2023-10,22
84441e5ffffffff-2023-11,52
84441e7ffffffff-2012-01,22
84441e7ffffffff-2012-02,18
84441e7ffffffff-2012-03,20
84441e7ffffffff-2012-04,15
84441e7ffffffff-2012-05,2
84441e7ffffffff-2012-06,1
84441e7ffffffff-2012-07,2
84441e7ffffffff-2012-08,6
84441e7ffffffff-2012-09,3
84441e7ffffffff-2012-10,15
84441e7ffffffff-2012-11,34
84441e7ffffffff-2012-12,17
84441e7ffffffff-2013-01,22
84441e7ffffffff-2013-02,27
84441e7ffffffff-2013-03,36
84441e7ffffffff-2013-04,19
84441e7ffffffff-2013-05,5
84441e7ffffffff-2013-07,1
84441e7ffffffff-2013-08,1
84441e7ffffffff-2013-09,4
84441e7ffffffff-2013-10,3
84441e7ffffffff-2013-11,14
84441e7ffffffff-2013-12,28
84441e7ffffffff-2014-01,23
84441e7ffffffff-2014-02,39
84441e7ffffffff-2014-03,28
84441e7ffffffff-2014-04,19
84441e7ffffffff-2014-05,5
84441e7ffffffff-2014-06,1
84441e7ffffffff-2014-07,1
84441e7ffffffff-2014-08,2
84441e7ffffffff-2014-09,4
84441e7ffffffff-2014-10,5
84441e7ffffffff-2014-11,6
84441e7ffffffff-2014-12,33
84441e7ffffffff-2015-01,62
84441e7ffffffff-2015-02,31
84441e7ffffffff-2015-03,67
84441e7ffffffff-2015-04,89
84441e7ffffffff-2015-05,10
84441e7ffffffff-2015-07,3
84441e7ffffffff-2015-08,3
84441e7ffffffff-2015-09,1
84441e7ffffffff-2015-10,6
84441e7ffffffff-2015-11,19
84441e7ffffffff-2015-12,36
84441e7ffffffff-2016-01,45
84441e7ffffffff-2016-02,46
84441e7ffffffff-2016-03,89
84441e7ffffffff-2016-04,81
84441e7ffffffff-2016-05,13
84441e7ffffffff-2016-06,1
84441e7ffffffff-2016-07,2
84441e7ffffffff-2016-08,1
84441e7ffffffff-2016-09,2
84441e7ffffffff-2016-10,42
84441e7ffffffff-2016-11,80
84441e7ffffffff-2016-12,91
84441e7ffffffff-2017-01,97
84441e7ffffffff-2017-02,32
84441e7ffffffff-2017-03,16
84441e7ffffffff-2017-04,94
84441e7ffffffff-2017-05,9
84441e7ffffffff-2017-07,6
84441e7ffffffff-2017-08,34
84441e7ffffffff-2017-09,13
84441e7ffffffff-2017-10,34
84441e7ffffffff-2017-11,40
84441e7ffffffff-2017-12,36
84441e7ffffffff-2018-01,62
84441e7ffffffff-2018-02,111
84441e7ffffffff-2018-03,138
84441e7ffffffff-2018-04,148
84441e7ffffffff-2018-05,9
84441e7ffffffff-2018-06,1
84441e7ffffffff-2018-07,3
84441e7ffffffff-2018-08,9
84441e7ffffffff-2018-09,17
84441e7ffffffff-2018-10,37
84441e7ffffffff-2018-11,51
84441e7ffffffff-2018-12,37
84441e7ffffffff-2019-01,53
84441e7ffffffff-2019-02,23
84441e7ffffffff-2019-03,80
84441e7ffffffff-2019-04,142
84441e7ffffffff-2019-05,7
84441e7ffffffff-2019-06,1
84441e7ffffffff-2019-07,16
84441e7ffffffff-2019-08,13
84441e7ffffffff-2019-09,6
84441e7ffffffff-2019-10,51
84441e7ffffffff-2019-11,52
84441e7ffffffff-2019-12,48
84441e7ffffffff-2020-01,110
84441e7ffffffff-2020-02,79
84441e7ffffffff-2020-03,78
84441e7ffffffff-2020-04,92
84441e7ffffffff-2020-05,3
84441e7ffffffff-2020-06,4
84441e7ffffffff-2020-07,2
84441e7ffffffff-2020-08,30
84441e7ffffffff-2020-09,11
84441e7ffffffff-2020-10,11
84441e7ffffffff-2020-11,28
84441e7ffffffff-2020-12,39
84441e7ffffffff-2021-01,100
84441e7ffffffff-2021-02,59
84441e7ffffffff-2021-03,60
84441e7ffffffff-2021-04,55
84441e7ffffffff-2021-05,7
84441e7ffffffff-2021-07,6
84441e7ffffffff-2021-08,4
84441e7ffffffff-2021-09,6
84441e7ffffffff-2021-10,12
84441e7ffffffff-2021-11,41
84441e7ffffffff-2021-12,81
84441e7ffffffff-2022-01,122
84441e7ffffffff-2022-02,95
84441e7ffffffff-2022-03,100
84441e7ffffffff-2022-04,68
84441e7ffffffff-2022-05,17
84441e7ffffffff-2022-06,1
84441e7ffffffff-2022-07,3
84441e7ffffffff-2022-08,8
84441e7ffffffff-2022-09,4
84441e7ffffffff-2022-10,7
84441e7ffffffff-2022-11,25
84441e7ffffffff-2022-12,85
84441e7ffffffff-2023-01,136
84441e7ffffffff-2023-02,187
84441e7ffffffff-2023-03,242
84441e7ffffffff-2023-04,191
84441e7ffffffff-2023-05,29
84441e7ffffffff-2023-06,14
84441e7ffffffff-2023-07,7
84441e7ffffffff-2023-08,21
84441e7ffffffff-2023-09,10
84441e7ffffffff-2023-10,53
84441e7ffffffff-2023-11,85
84441edffffffff-2012-12,1
84441edffffffff-2014-03,4
84441edffffffff-2015-11,2
84441edffffffff-2015-12,1
84441edffffffff-2016-04,3
84441edffffffff-2017-11,2
84441edffffffff-2018-03,1
84441edffffffff-2019-03,1
84441edffffffff-2019-06,1
84441edffffffff-2019-07,1
84441edffffffff-2019-08,1
84441edffffffff-2020-08,1
84441edffffffff-2020-10,2
84441edffffffff-2020-11,1
84441edffffffff-2020-12,6
84441edffffffff-2021-02,3
84441edffffffff-2021-03,1
84441edffffffff-2021-04,1
84441edffffffff-2021-07,2
84441edffffffff-2021-11,3
84441edffffffff-2021-12,2
84441edffffffff-2022-02,4
84441edffffffff-2022-04,1
84441edffffffff-2022-09,1
84441edffffffff-2023-01,1
84441edffffffff-2023-02,2
84441edffffffff-2023-04,3
8444249ffffffff-2016-01,2
8444249ffffffff-2016-03,2
8444249ffffffff-2016-09,2
8444249ffffffff-2016-10,1
8444249ffffffff-2016-11,2
8444249ffffffff-2017-02,4
8444249ffffffff-2017-10,4
8444249ffffffff-2017-11,2
8444249ffffffff-2017-12,2
8444249ffffffff-2018-01,10
8444249ffffffff-2018-02,2
8444249ffffffff-2018-03,6
8444249ffffffff-2018-04,7
8444249ffffffff-2018-05,2
8444249ffffffff-2018-06,2
8444249ffffffff-2018-07,1
8444249ffffffff-2018-09,3
8444249ffffffff-2018-10,1
8444249ffffffff-2018-11,1
8444249ffffffff-2019-02,11
8444249ffffffff-2019-03,3
8444249ffffffff-2019-04,2
8444249ffffffff-2019-05,4
8444249ffffffff-2019-12,2
8444249ffffffff-2020-01,3
8444249ffffffff-2020-02,2
8444249ffffffff-2020-03,2
8444249ffffffff-2020-05,1
8444249ffffffff-2020-08,1
8444249ffffffff-2020-09,3
8444249ffffffff-2020-10,2
8444249ffffffff-2021-01,1
8444249ffffffff-2021-02,2
8444249ffffffff-2021-03,4
8444249ffffffff-2021-04,5
8444249ffffffff-2021-07,4
8444249ffffffff-2021-08,4
8444249ffffffff-2021-09,3
8444249ffffffff-2021-10,1
8444249ffffffff-2021-11,3
8444249ffffffff-2022-01,18
8444249ffffffff-2022-02,3
8444249ffffffff-2022-03,1
8444249ffffffff-2022-04,2
8444249ffffffff-2022-09,8
8444249ffffffff-2022-10,2
8444249ffffffff-2022-11,1
8444249ffffffff-2022-12,1
8444249ffffffff-2023-01,3
8444249ffffffff-2023-03,3
8444249ffffffff-2023-04,2
8444249ffffffff-2023-05,3
8444249ffffffff-2023-08,2
8444249ffffffff-2023-09,1
8444249ffffffff-2023-10,9
8444249ffffffff-2023-11,1
844424dffffffff-2017-11,2
844424dffffffff-2018-01,1
844424dffffffff-2018-10,1
844424dffffffff-2020-01,2
844424dffffffff-2023-10,1
8444301ffffffff-2023-04,2
8444301ffffffff-2023-05,1
8444309ffffffff-2022-02,1
844430bffffffff-2018-11,1
844430dffffffff-2019-05,1
844430dffffffff-2019-11,7
844430dffffffff-2023-01,1
8444325ffffffff-2014-01,1
8444325ffffffff-2015-01,1
8444325ffffffff-2015-12,2
8444325ffffffff-2017-01,1
8444325ffffffff-2017-11,1
8444325ffffffff-2018-12,1
8444325ffffffff-2019-01,2
8444325ffffffff-2019-02,3
8444325ffffffff-2019-03,3
8444325ffffffff-2020-02,3
8444325ffffffff-2020-07,1
8444325ffffffff-2020-10,5
8444325ffffffff-2020-12,4
8444325ffffffff-2021-01,4
8444325ffffffff-2021-02,15
8444325ffffffff-2021-04,3
8444325ffffffff-2021-05,7
8444325ffffffff-2021-08,7
8444325ffffffff-2021-09,8
8444325ffffffff-2021-10,12
8444325ffffffff-2021-11,1
8444325ffffffff-2021-12,3
8444325ffffffff-2022-01,10
8444325ffffffff-2022-02,3
8444325ffffffff-2022-03,4
8444325ffffffff-2022-04,3
8444325ffffffff-2022-06,2
8444325ffffffff-2022-07,4
8444325ffffffff-2022-08,9
8444325ffffffff-2022-09,21
8444325ffffffff-2022-10,1
8444325ffffffff-2022-11,7
8444325ffffffff-2023-01,1
8444325ffffffff-2023-02,2
8444325ffffffff-2023-03,2
8444325ffffffff-2023-08,3
8444325ffffffff-2023-09,2
8444325ffffffff-2023-10,1
8444325ffffffff-2023-11,2
8444329ffffffff-2015-01,3
8444329ffffffff-2018-04,1
8444329ffffffff-2019-03,2
8444329ffffffff-2019-04,2
8444329ffffffff-2019-11,9
8444329ffffffff-2019-12,1
8444329ffffffff-2021-01,1
8444329ffffffff-2023-01,2
844432dffffffff-2019-01,11
844432dffffffff-2019-02,5
844432dffffffff-2021-12,2
844432dffffffff-2022-01,2
844432dffffffff-2022-03,2
844432dffffffff-2022-08,1
844432dffffffff-2022-09,1
844432dffffffff-2022-10,1
844432dffffffff-2022-11,1
844432dffffffff-2022-12,2
8444343ffffffff-2012-02,2
8444343ffffffff-2016-01,3
8444345ffffffff-2019-01,1
8444347ffffffff-2014-12,2
8444347ffffffff-2015-02,2
8444347ffffffff-2018-11,2
8444347ffffffff-2019-02,1
8444347ffffffff-2023-05,1
8444347ffffffff-2023-10,12
844434bffffffff-2012-01,1
844434bffffffff-2012-02,3
844434bffffffff-2012-11,8
844434bffffffff-2013-02,4
844434bffffffff-2015-02,14
844434bffffffff-2015-12,2
844434bffffffff-2016-01,3
844434bffffffff-2017-01,5
8444363ffffffff-2013-03,6
8444363ffffffff-2016-09,2
8444363ffffffff-2017-03,2
8444363ffffffff-2017-04,1
8444363ffffffff-2017-10,1
8444363ffffffff-2018-10,2
8444363ffffffff-2018-11,1
8444363ffffffff-2018-12,1
8444363ffffffff-2019-09,1
8444363ffffffff-2019-10,1
8444363ffffffff-2019-11,7
8444363ffffffff-2019-12,1
8444363ffffffff-2020-01,2
8444363ffffffff-2021-01,1
8444363ffffffff-2021-02,2
8444363ffffffff-2021-03,3
8444363ffffffff-2021-04,2
8444363ffffffff-2021-05,9
8444363ffffffff-2021-06,5
8444363ffffffff-2021-07,13
8444363ffffffff-2021-08,3
8444363ffffffff-2021-09,2
8444363ffffffff-2021-10,12
8444363ffffffff-2021-11,13
8444363ffffffff-2021-12,2
8444363ffffffff-2022-03,2
8444363ffffffff-2022-05,16
8444363ffffffff-2022-07,2
8444363ffffffff-2022-09,11
8444363ffffffff-2022-11,8
8444363ffffffff-2022-12,5
8444363ffffffff-2023-01,2
8444363ffffffff-2023-02,15
8444363ffffffff-2023-03,2
8444363ffffffff-2023-05,9
8444363ffffffff-2023-11,15
844436bffffffff-2017-03,1
844436bffffffff-2019-02,1
844436bffffffff-2021-06,1
844436bffffffff-2021-10,1
844436bffffffff-2021-11,6
844436bffffffff-2022-09,1
844436bffffffff-2023-01,4
844436bffffffff-2023-02,3
844436bffffffff-2023-11,2
8444401ffffffff-2012-08,3
8444401ffffffff-2012-09,1
8444401ffffffff-2016-07,1
8444401ffffffff-2016-09,1
8444401ffffffff-2016-10,2
8444401ffffffff-2016-11,7
8444401ffffffff-2017-02,2
8444401ffffffff-2017-04,1
8444401ffffffff-2017-08,1
8444401ffffffff-2018-01,2
8444401ffffffff-2018-04,2
8444401ffffffff-2019-04,1
8444401ffffffff-2019-08,3
8444401ffffffff-2019-09,9
8444401ffffffff-2019-10,4
8444401ffffffff-2019-11,6
8444401ffffffff-2020-01,2
8444401ffffffff-2020-02,1
8444401ffffffff-2020-08,1
8444401ffffffff-2020-09,7
8444401ffffffff-2020-12,1
8444401ffffffff-2021-04,1
8444401ffffffff-2021-09,10
8444401ffffffff-2021-10,9
8444401ffffffff-2021-11,1
8444401ffffffff-2021-12,1
8444401ffffffff-2022-01,3
8444401ffffffff-2022-02,2
8444401ffffffff-2022-03,1
8444401ffffffff-2022-10,1
8444403ffffffff-2012-04,2
8444403ffffffff-2014-01,3
8444403ffffffff-2014-02,2
8444403ffffffff-2014-12,1
8444403ffffffff-2018-01,1
8444403ffffffff-2018-09,1
8444403ffffffff-2019-03,3
8444403ffffffff-2021-05,1
8444405ffffffff-2019-04,3
8444409ffffffff-2012-03,4
8444409ffffffff-2012-04,2
8444409ffffffff-2012-07,1
8444409ffffffff-2012-09,3
8444409ffffffff-2013-03,9
8444409ffffffff-2013-04,3
8444409ffffffff-2013-05,2
8444409ffffffff-2013-07,6
8444409ffffffff-2013-10,1
8444409ffffffff-2013-11,1
8444409ffffffff-2014-03,3
8444409ffffffff-2014-05,1
8444409ffffffff-2014-07,1
8444409ffffffff-2014-08,5
8444409ffffffff-2014-10,9
8444409ffffffff-2014-11,2
8444409ffffffff-2015-03,4
8444409ffffffff-2015-04,1
8444409ffffffff-2015-08,1
8444409ffffffff-2015-09,11
8444409ffffffff-2016-03,2
8444409ffffffff-2016-04,1
8444409ffffffff-2016-07,2
8444409ffffffff-2016-08,4
8444409ffffffff-2016-10,1
8444409ffffffff-2016-11,1
8444409ffffffff-2016-12,1
8444409ffffffff-2017-01,3
8444409ffffffff-2017-02,2
8444409ffffffff-2017-03,17
8444409ffffffff-2017-04,5
8444409ffffffff-2017-07,1
8444409ffffffff-2017-08,6
8444409ffffffff-2017-10,4
8444409ffffffff-2017-12,4
8444409ffffffff-2018-01,3
8444409ffffffff-2018-03,2
8444409ffffffff-2018-04,4
8444409ffffffff-2018-05,5
8444409ffffffff-2018-07,7
8444409ffffffff-2018-08,9
8444409ffffffff-2018-10,1
8444409ffffffff-2019-01,2
8444409ffffffff-2019-02,4
8444409ffffffff-2019-04,4
8444409ffffffff-2019-05,3
8444409ffffffff-2019-08,15
8444409ffffffff-2019-09,14
8444409ffffffff-2019-10,6
8444409ffffffff-2019-11,3
8444409ffffffff-2019-12,1
8444409ffffffff-2020-04,2
8444409ffffffff-2020-05,1
8444409ffffffff-2020-07,6
8444409ffffffff-2020-08,10
8444409ffffffff-2020-09,1
8444409ffffffff-2020-12,2
8444409ffffffff-2021-02,5
8444409ffffffff-2021-03,7
8444409ffffffff-2021-04,8
8444409ffffffff-2021-07,11
8444409ffffffff-2021-08,16
8444409ffffffff-2021-09,8
8444409ffffffff-2021-11,1
8444409ffffffff-2021-12,1
8444409ffffffff-2022-01,3
8444409ffffffff-2022-02,3
8444409ffffffff-2022-03,16
8444409ffffffff-2022-04,15
8444409ffffffff-2022-05,6
8444409ffffffff-2022-07,2
8444409ffffffff-2022-08,24
8444409ffffffff-2022-09,7
8444409ffffffff-2022-10,6
8444409ffffffff-2022-11,7
8444409ffffffff-2023-01,3
8444409ffffffff-2023-02,9
8444409ffffffff-2023-03,14
8444409ffffffff-2023-04,2
844440bffffffff-2013-08,2
844440bffffffff-2013-10,1
844440bffffffff-2013-11,3
844440bffffffff-2014-03,6
844440bffffffff-2014-04,1
844440bffffffff-2014-07,2
844440bffffffff-2014-08,5
844440bffffffff-2014-10,3
844440bffffffff-2015-04,2
844440bffffffff-2015-07,4
844440bffffffff-2015-08,1
844440bffffffff-2016-02,2
844440bffffffff-2016-03,1
844440bffffffff-2016-06,3
844440bffffffff-2017-03,4
844440bffffffff-2017-04,5
844440bffffffff-2017-08,4
844440bffffffff-2017-09,5
844440bffffffff-2018-04,1
844440bffffffff-2018-07,8
844440bffffffff-2019-01,1
844440bffffffff-2019-09,1
844440bffffffff-2019-12,1
844440bffffffff-2020-01,1
844440bffffffff-2021-02,1
844440bffffffff-2022-11,2
844440bffffffff-2023-04,6
844440bffffffff-2023-06,1
844440bffffffff-2023-07,2
844440bffffffff-2023-11,2
844440dffffffff-2012-01,6
844440dffffffff-2012-02,2
844440dffffffff-2012-03,4
844440dffffffff-2012-04,16
844440dffffffff-2012-05,6
844440dffffffff-2012-10,3
844440dffffffff-2012-11,11
844440dffffffff-2012-12,1
844440dffffffff-2013-01,4
844440dffffffff-2013-02,1
844440dffffffff-2013-03,3
844440dffffffff-2013-04,17
844440dffffffff-2013-05,19
844440dffffffff-2013-09,1
844440dffffffff-2013-10,1
844440dffffffff-2013-11,5
844440dffffffff-2013-12,4
844440dffffffff-2014-01,3
844440dffffffff-2014-02,1
844440dffffffff-2014-03,20
844440dffffffff-2014-04,27
844440dffffffff-2014-05,11
844440dffffffff-2014-08,12
844440dffffffff-2014-09,9
844440dffffffff-2014-10,13
844440dffffffff-2014-11,12
844440dffffffff-2014-12,2
844440dffffffff-2015-01,5
844440dffffffff-2015-02,4
844440dffffffff-2015-03,13
844440dffffffff-2015-04,9
844440dffffffff-2015-05,15
844440dffffffff-2015-07,1
844440dffffffff-2015-08,2
844440dffffffff-2015-10,3
844440dffffffff-2015-11,1
844440dffffffff-2016-02,7
844440dffffffff-2016-03,6
844440dffffffff-2016-04,8
844440dffffffff-2016-05,1
844440dffffffff-2016-09,4
844440dffffffff-2016-10,3
844440dffffffff-2016-11,9
844440dffffffff-2016-12,5
844440dffffffff-2017-01,1
844440dffffffff-2017-02,3
844440dffffffff-2017-03,21
844440dffffffff-2017-04,8
844440dffffffff-2017-05,6
844440dffffffff-2017-07,3
844440dffffffff-2017-09,5
844440dffffffff-2017-10,5
844440dffffffff-2017-11,2
844440dffffffff-2018-01,2
844440dffffffff-2018-03,4
844440dffffffff-2018-04,16
844440dffffffff-2018-05,5
844440dffffffff-2018-06,2
844440dffffffff-2018-12,1
844440dffffffff-2019-02,6
844440dffffffff-2019-03,4
844440dffffffff-2019-04,2
844440dffffffff-2019-05,1
844440dffffffff-2019-10,1
844440dffffffff-2019-11,4
844440dffffffff-2020-01,4
844440dffffffff-2020-02,5
844440dffffffff-2020-03,1
844440dffffffff-2020-04,8
844440dffffffff-2020-05,2
844440dffffffff-2020-06,1
844440dffffffff-2020-07,14
844440dffffffff-2020-08,17
844440dffffffff-2020-09,20
844440dffffffff-2020-10,22
844440dffffffff-2020-11,17
844440dffffffff-2020-12,22
844440dffffffff-2021-01,8
844440dffffffff-2021-02,14
844440dffffffff-2021-03,13
844440dffffffff-2021-04,9
844440dffffffff-2021-05,4
844440dffffffff-2021-07,3
844440dffffffff-2021-08,4
844440dffffffff-2021-09,8
844440dffffffff-2021-10,7
844440dffffffff-2021-12,2
844440dffffffff-2022-02,2
844440dffffffff-2022-03,3
844440dffffffff-2022-04,41
844440dffffffff-2022-05,1
844440dffffffff-2022-06,2
844440dffffffff-2022-07,8
844440dffffffff-2022-08,17
844440dffffffff-2022-09,15
844440dffffffff-2022-10,11
844440dffffffff-2022-11,9
844440dffffffff-2023-03,20
844440dffffffff-2023-04,8
844440dffffffff-2023-05,2
844440dffffffff-2023-07,4
844440dffffffff-2023-08,71
844440dffffffff-2023-09,61
844440dffffffff-2023-10,48
844440dffffffff-2023-11,12
8444411ffffffff-2023-11,2
8444415ffffffff-2012-10,1
8444415ffffffff-2012-11,3
8444415ffffffff-2013-04,2
8444415ffffffff-2013-07,1
8444415ffffffff-2013-11,2
8444415ffffffff-2014-09,3
8444415ffffffff-2014-10,1
8444415ffffffff-2014-11,2
8444415ffffffff-2015-04,1
8444415ffffffff-2015-10,2
8444415ffffffff-2017-08,1
8444415ffffffff-2017-09,1
8444415ffffffff-2017-10,4
8444415ffffffff-2018-04,1
8444415ffffffff-2018-08,1
8444415ffffffff-2018-09,2
8444415ffffffff-2018-10,2
8444415ffffffff-2019-10,4
8444415ffffffff-2020-05,4
8444415ffffffff-2020-09,2
8444415ffffffff-2020-12,4
8444415ffffffff-2021-11,1
8444415ffffffff-2022-01,1
8444415ffffffff-2022-11,2
8444415ffffffff-2023-04,1
8444415ffffffff-2023-08,1
8444419ffffffff-2012-02,1
8444419ffffffff-2012-04,2
8444419ffffffff-2012-08,1
8444419ffffffff-2013-08,1
8444419ffffffff-2015-04,1
8444419ffffffff-2016-02,1
8444419ffffffff-2016-05,2
8444419ffffffff-2018-04,1
8444419ffffffff-2019-04,1
8444419ffffffff-2019-05,5
8444419ffffffff-2019-09,2
8444419ffffffff-2019-10,1
8444419ffffffff-2019-11,2
8444419ffffffff-2019-12,1
8444419ffffffff-2020-02,1
8444419ffffffff-2020-03,4
8444419ffffffff-2020-04,1
8444419ffffffff-2020-05,5
8444419ffffffff-2020-07,1
8444419ffffffff-2020-11,1
8444419ffffffff-2021-04,1
8444419ffffffff-2021-05,3
8444419ffffffff-2022-03,1
8444419ffffffff-2022-04,1
8444419ffffffff-2022-11,1
844441bffffffff-2012-12,1
844441dffffffff-2012-03,1
844441dffffffff-2012-04,7
844441dffffffff-2012-05,1
844441dffffffff-2013-01,3
844441dffffffff-2013-03,2
844441dffffffff-2013-04,3
844441dffffffff-2013-05,2
844441dffffffff-2014-02,3
844441dffffffff-2014-03,1
844441dffffffff-2014-04,2
844441dffffffff-2014-05,1
844441dffffffff-2015-03,1
844441dffffffff-2015-04,4
844441dffffffff-2016-01,1
844441dffffffff-2016-03,2
844441dffffffff-2016-11,1
844441dffffffff-2017-03,2
844441dffffffff-2018-01,1
844441dffffffff-2018-05,1
844441dffffffff-2018-09,1
844441dffffffff-2019-03,1
844441dffffffff-2020-01,6
844441dffffffff-2020-02,1
844441dffffffff-2020-04,6
844441dffffffff-2021-02,1
844441dffffffff-2021-04,7
844441dffffffff-2022-01,3
844441dffffffff-2022-03,2
844441dffffffff-2022-10,1
844441dffffffff-2022-11,1
844441dffffffff-2022-12,1
844441dffffffff-2023-03,1
844441dffffffff-2023-11,1
8444427ffffffff-2023-10,1
844442dffffffff-2013-04,2
844442dffffffff-2015-05,1
844442dffffffff-2016-05,1
844442dffffffff-2018-11,1
844442dffffffff-2019-04,3
844442dffffffff-2019-10,1
844442dffffffff-2020-04,7
844442dffffffff-2022-02,2
844442dffffffff-2022-10,2
844442dffffffff-2023-04,2
844442dffffffff-2023-08,1
8444431ffffffff-2015-11,1
8444433ffffffff-2013-02,1
8444433ffffffff-2017-01,3
8444433ffffffff-2017-07,1
8444433ffffffff-2023-01,6
8444433ffffffff-2023-03,3
8444437ffffffff-2013-02,4
8444437ffffffff-2013-04,2
8444437ffffffff-2013-07,2
8444437ffffffff-2013-08,3
8444437ffffffff-2014-01,1
8444437ffffffff-2016-02,1
8444437ffffffff-2017-03,5
8444437ffffffff-2017-04,4
8444437ffffffff-2018-02,1
8444437ffffffff-2019-03,1
8444437ffffffff-2022-01,1
8444437ffffffff-2023-01,1
8444437ffffffff-2023-02,1
8444437ffffffff-2023-03,2
8444439ffffffff-2012-04,2
8444439ffffffff-2012-06,1
8444439ffffffff-2012-08,2
8444439ffffffff-2012-10,3
8444439ffffffff-2012-11,3
8444439ffffffff-2012-12,1
8444439ffffffff-2013-04,1
8444439ffffffff-2013-05,1
8444439ffffffff-2013-08,5
8444439ffffffff-2013-09,3
8444439ffffffff-2013-12,1
8444439ffffffff-2014-07,1
8444439ffffffff-2014-08,9
8444439ffffffff-2014-09,5
8444439ffffffff-2014-10,5
8444439ffffffff-2015-01,1
8444439ffffffff-2015-09,7
8444439ffffffff-2016-07,4
8444439ffffffff-2016-08,1
8444439ffffffff-2016-09,3
8444439ffffffff-2016-10,5
8444439ffffffff-2017-01,1
8444439ffffffff-2017-02,1
8444439ffffffff-2017-03,3
8444439ffffffff-2017-04,1
8444439ffffffff-2017-07,1
8444439ffffffff-2017-08,11
8444439ffffffff-2017-09,6
8444439ffffffff-2017-10,3
8444439ffffffff-2017-11,1
8444439ffffffff-2018-04,1
8444439ffffffff-2018-05,1
8444439ffffffff-2018-07,3
8444439ffffffff-2018-08,8
8444439ffffffff-2018-09,7
8444439ffffffff-2019-03,4
8444439ffffffff-2019-04,5
8444439ffffffff-2019-07,1
8444439ffffffff-2019-09,14
8444439ffffffff-2019-10,5
8444439ffffffff-2019-12,4
8444439ffffffff-2020-04,2
8444439ffffffff-2020-07,8
8444439ffffffff-2020-08,26
8444439ffffffff-2020-09,5
8444439ffffffff-2020-10,2
8444439ffffffff-2020-11,6
8444439ffffffff-2020-12,1
8444439ffffffff-2021-04,3
8444439ffffffff-2021-08,17
8444439ffffffff-2021-09,27
8444439ffffffff-2021-10,10
8444439ffffffff-2021-11,8
8444439ffffffff-2021-12,10
8444439ffffffff-2022-01,6
8444439ffffffff-2022-02,2
8444439ffffffff-2022-03,1
8444439ffffffff-2022-07,5
8444439ffffffff-2022-08,3
8444439ffffffff-2022-09,21
8444439ffffffff-2022-10,8
8444439ffffffff-2022-11,1
8444439ffffffff-2022-12,1
8444439ffffffff-2023-03,1
8444439ffffffff-2023-07,4
8444439ffffffff-2023-08,6
8444439ffffffff-2023-09,6
8444439ffffffff-2023-10,1
8444439ffffffff-2023-11,1
844443bffffffff-2014-02,2
844443bffffffff-2014-07,3
844443bffffffff-2015-04,2
8444441ffffffff-2013-06,1
8444441ffffffff-2014-04,1
8444441ffffffff-2019-04,1
8444441ffffffff-2019-08,1
8444441ffffffff-2019-11,1
8444441ffffffff-2020-04,2
8444441ffffffff-2021-04,2
8444441ffffffff-2021-09,1
8444441ffffffff-2022-04,7
8444441ffffffff-2022-10,1
8444441ffffffff-2023-03,1
8444441ffffffff-2023-04,2
8444441ffffffff-2023-08,1
8444441ffffffff-2023-09,2
8444441ffffffff-2023-10,1
8444441ffffffff-2023-11,1
8444443ffffffff-2012-01,1
8444443ffffffff-2012-02,1
8444443ffffffff-2012-04,1
8444443ffffffff-2013-02,1
8444443ffffffff-2013-03,2
8444443ffffffff-2013-04,2
8444443ffffffff-2013-11,1
8444443ffffffff-2014-01,1
8444443ffffffff-2014-02,2
8444443ffffffff-2014-07,1
8444443ffffffff-2014-10,1
8444443ffffffff-2015-02,2
8444443ffffffff-2015-07,2
8444443ffffffff-2015-08,1
8444443ffffffff-2015-10,3
8444443ffffffff-2016-01,1
8444443ffffffff-2016-02,1
8444443ffffffff-2016-05,1
8444443ffffffff-2016-06,1
8444443ffffffff-2016-10,1
8444443ffffffff-2017-03,1
8444443ffffffff-2017-04,3
8444443ffffffff-2017-07,1
8444443ffffffff-2017-08,2
8444443ffffffff-2018-01,1
8444443ffffffff-2018-02,1
8444443ffffffff-2018-03,1
8444443ffffffff-2018-04,3
8444443ffffffff-2018-07,2
8444443ffffffff-2018-09,1
8444443ffffffff-2018-10,1
8444443ffffffff-2018-11,1
8444443ffffffff-2018-12,2
8444443ffffffff-2019-01,5
8444443ffffffff-2019-03,1
8444443ffffffff-2019-04,2
8444443ffffffff-2019-05,1
8444443ffffffff-2019-07,1
8444443ffffffff-2019-08,1
8444443ffffffff-2019-09,1
8444443ffffffff-2019-12,3
8444443ffffffff-2020-01,1
8444443ffffffff-2020-04,2
8444443ffffffff-2020-05,1
8444443ffffffff-2020-08,1
8444443ffffffff-2020-09,1
8444443ffffffff-2020-10,1
8444443ffffffff-2020-11,2
8444443ffffffff-2021-01,2
8444443ffffffff-2021-04,3
8444443ffffffff-2021-05,1
8444443ffffffff-2021-10,3
8444443ffffffff-2021-11,1
8444443ffffffff-2021-12,2
8444443ffffffff-2022-01,2
8444443ffffffff-2022-02,1
8444443ffffffff-2022-03,1
8444443ffffffff-2022-04,3
8444443ffffffff-2023-04,7
8444443ffffffff-2023-05,1
8444443ffffffff-2023-10,1
8444445ffffffff-2017-02,1
8444445ffffffff-2018-05,1
8444445ffffffff-2019-04,3
8444445ffffffff-2019-05,1
8444445ffffffff-2020-05,4
8444445ffffffff-2021-04,7
8444445ffffffff-2022-04,4
8444447ffffffff-2015-04,1
8444449ffffffff-2021-11,1
844444bffffffff-2012-02,3
844444bffffffff-2012-04,1
844444bffffffff-2013-02,1
844444bffffffff-2013-03,1
844444bffffffff-2013-04,3
844444bffffffff-2013-07,2
844444bffffffff-2014-02,2
844444bffffffff-2014-12,1
844444bffffffff-2015-03,1
844444bffffffff-2015-05,2
844444bffffffff-2015-08,2
844444bffffffff-2015-11,2
844444bffffffff-2016-04,1
844444bffffffff-2016-07,1
844444bffffffff-2016-09,1
844444bffffffff-2016-10,1
844444bffffffff-2017-01,5
844444bffffffff-2017-02,2
844444bffffffff-2017-03,2
844444bffffffff-2017-04,1
844444bffffffff-2017-09,1
844444bffffffff-2017-10,1
844444bffffffff-2017-11,1
844444bffffffff-2017-12,1
844444bffffffff-2018-01,4
844444bffffffff-2018-02,5
844444bffffffff-2018-03,2
844444bffffffff-2018-04,3
844444bffffffff-2018-06,1
844444bffffffff-2018-08,1
844444bffffffff-2018-09,1
844444bffffffff-2018-11,2
844444bffffffff-2019-01,3
844444bffffffff-2019-02,1
844444bffffffff-2019-03,3
844444bffffffff-2019-07,1
844444bffffffff-2019-09,3
844444bffffffff-2019-10,1
844444bffffffff-2019-11,2
844444bffffffff-2019-12,2
844444bffffffff-2020-08,1
844444bffffffff-2020-09,3
844444bffffffff-2020-11,4
844444bffffffff-2020-12,1
844444bffffffff-2021-01,4
844444bffffffff-2021-03,1
844444bffffffff-2021-04,8
844444bffffffff-2021-05,6
844444bffffffff-2021-08,2
844444bffffffff-2021-11,1
844444bffffffff-2022-01,12
844444bffffffff-2022-03,1
844444bffffffff-2022-04,3
844444bffffffff-2022-05,1
844444bffffffff-2022-07,2
844444bffffffff-2022-08,2
844444bffffffff-2022-12,2
844444bffffffff-2023-01,6
844444bffffffff-2023-02,1
844444bffffffff-2023-03,3
844444bffffffff-2023-04,4
844444bffffffff-2023-05,1
844444bffffffff-2023-07,2
844444bffffffff-2023-08,3
844444bffffffff-2023-09,3
844444dffffffff-2021-03,1
8444451ffffffff-2012-03,3
8444451ffffffff-2012-04,2
8444451ffffffff-2012-05,4
8444451ffffffff-2012-07,1
8444451ffffffff-2013-08,2
8444451ffffffff-2014-02,1
8444451ffffffff-2014-07,1
8444451ffffffff-2014-08,9
8444451ffffffff-2014-09,1
8444451ffffffff-2014-12,1
8444451ffffffff-2015-04,6
8444451ffffffff-2015-08,3
8444451ffffffff-2015-09,2
8444451ffffffff-2015-11,6
8444451ffffffff-2016-01,3
8444451ffffffff-2016-02,6
8444451ffffffff-2016-03,7
8444451ffffffff-2016-04,29
8444451ffffffff-2016-05,1
8444451ffffffff-2016-11,17
8444451ffffffff-2017-03,3
8444451ffffffff-2017-04,9
8444451ffffffff-2017-11,6
8444451ffffffff-2018-03,1
8444451ffffffff-2018-04,1
8444451ffffffff-2018-07,2
8444451ffffffff-2018-11,1
8444451ffffffff-2019-03,1
8444451ffffffff-2019-04,13
8444451ffffffff-2019-05,10
8444451ffffffff-2019-07,7
8444451ffffffff-2019-08,6
8444451ffffffff-2019-09,4
8444451ffffffff-2019-10,1
8444451ffffffff-2019-11,2
8444451ffffffff-2020-03,2
8444451ffffffff-2020-04,3
8444451ffffffff-2020-05,11
8444451ffffffff-2020-07,1
8444451ffffffff-2020-08,3
8444451ffffffff-2020-09,2
8444451ffffffff-2020-10,3
8444451ffffffff-2021-02,1
8444451ffffffff-2021-03,1
8444451ffffffff-2021-07,3
8444451ffffffff-2021-10,13
8444451ffffffff-2022-03,31
8444451ffffffff-2022-04,1
8444451ffffffff-2022-05,1
8444451ffffffff-2022-09,1
8444451ffffffff-2022-10,24
8444451ffffffff-2022-11,1
8444451ffffffff-2023-03,1
8444451ffffffff-2023-04,5
8444451ffffffff-2023-05,3
8444451ffffffff-2023-07,4
8444451ffffffff-2023-08,1
8444451ffffffff-2023-10,48
8444451ffffffff-2023-11,1
8444453ffffffff-2013-11,1
8444453ffffffff-2015-04,6
8444453ffffffff-2018-03,1
8444453ffffffff-2018-04,6
8444453ffffffff-2018-05,3
8444453ffffffff-2019-04,5
8444453ffffffff-2019-05,1
8444453ffffffff-2021-03,1
8444453ffffffff-2021-04,1
8444453ffffffff-2021-08,1
8444453ffffffff-2022-04,3
8444453ffffffff-2022-08,1
8444455ffffffff-2012-01,1
8444455ffffffff-2012-02,1
8444455ffffffff-2012-11,1
8444455ffffffff-2013-04,2
8444455ffffffff-2013-07,1
8444455ffffffff-2013-08,1
8444455ffffffff-2013-09,1
8444455ffffffff-2014-07,3
8444455ffffffff-2015-05,2
8444455ffffffff-2015-06,1
8444455ffffffff-2015-07,3
8444455ffffffff-2015-08,1
8444455ffffffff-2015-09,2
8444455ffffffff-2015-10,1
8444455ffffffff-2015-12,1
8444455ffffffff-2016-01,3
8444455ffffffff-2016-02,2
8444455ffffffff-2016-03,7
8444455ffffffff-2016-04,11
8444455ffffffff-2016-05,3
8444455ffffffff-2016-06,1
8444455ffffffff-2016-07,7
8444455ffffffff-2016-08,1
8444455ffffffff-2016-09,3
8444455ffffffff-2016-10,4
8444455ffffffff-2016-11,2
8444455ffffffff-2016-12,3
8444455ffffffff-2017-01,3
8444455ffffffff-2017-02,1
8444455ffffffff-2017-03,1
8444455ffffffff-2017-04,6
8444455ffffffff-2017-05,4
8444455ffffffff-2017-07,4
8444455ffffffff-2017-08,4
8444455ffffffff-2017-09,1
8444455ffffffff-2017-10,2
8444455ffffffff-2017-11,2
8444455ffffffff-2018-01,4
8444455ffffffff-2018-04,3
8444455ffffffff-2018-05,3
8444455ffffffff-2018-07,1
8444455ffffffff-2018-08,3
8444455ffffffff-2018-10,1
8444455ffffffff-2018-11,3
8444455ffffffff-2018-12,4
8444455ffffffff-2019-02,1
8444455ffffffff-2019-03,2
8444455ffffffff-2019-04,5
8444455ffffffff-2019-05,3
8444455ffffffff-2019-08,5
8444455ffffffff-2019-09,3
8444455ffffffff-2019-11,4
8444455ffffffff-2019-12,10
8444455ffffffff-2020-01,2
8444455ffffffff-2020-04,4
8444455ffffffff-2020-05,9
8444455ffffffff-2020-09,1
8444455ffffffff-2020-10,4
8444455ffffffff-2020-12,2
8444455ffffffff-2021-02,1
8444455ffffffff-2021-03,1
8444455ffffffff-2021-07,4
8444455ffffffff-2021-08,2
8444455ffffffff-2021-10,1
8444455ffffffff-2021-12,1
8444455ffffffff-2022-02,1
8444455ffffffff-2022-03,2
8444455ffffffff-2022-04,19
8444455ffffffff-2022-05,16
8444455ffffffff-2022-07,5
8444455ffffffff-2022-08,1
8444455ffffffff-2022-10,2
8444455ffffffff-2023-01,3
8444455ffffffff-2023-03,3
8444455ffffffff-2023-04,10
8444455ffffffff-2023-05,1
8444455ffffffff-2023-07,4
8444455ffffffff-2023-08,3
8444457ffffffff-2013-02,1
8444457ffffffff-2014-03,1
8444457ffffffff-2014-04,1
8444457ffffffff-2014-05,1
8444457ffffffff-2014-10,2
8444457ffffffff-2016-01,1
8444457ffffffff-2017-01,4
8444457ffffffff-2017-03,1
8444457ffffffff-2018-04,1
8444457ffffffff-2019-02,4
8444457ffffffff-2019-11,3
8444457ffffffff-2020-01,2
8444457ffffffff-2020-12,2
8444457ffffffff-2021-05,2
8444457ffffffff-2022-01,2
8444457ffffffff-2023-02,1
8444457ffffffff-2023-04,3
8444459ffffffff-2012-01,28
8444459ffffffff-2012-02,3
8444459ffffffff-2012-03,13
8444459ffffffff-2012-04,45
8444459ffffffff-2012-05,10
8444459ffffffff-2012-06,2
8444459ffffffff-2012-07,8
8444459ffffffff-2012-08,2
8444459ffffffff-2012-10,22
8444459ffffffff-2012-11,3
8444459ffffffff-2012-12,22
8444459ffffffff-2013-01,8
8444459ffffffff-2013-02,12
8444459ffffffff-2013-03,14
8444459ffffffff-2013-04,30
8444459ffffffff-2013-05,4
8444459ffffffff-2013-07,2
8444459ffffffff-2013-08,1
8444459ffffffff-2013-09,1
8444459ffffffff-2013-10,19
8444459ffffffff-2013-11,2
8444459ffffffff-2013-12,10
8444459ffffffff-2014-01,14
8444459ffffffff-2014-02,3
8444459ffffffff-2014-03,22
8444459ffffffff-2014-04,59
8444459ffffffff-2014-05,2
8444459ffffffff-2014-07,1
8444459ffffffff-2014-08,4
8444459ffffffff-2014-09,1
8444459ffffffff-2014-10,23
8444459ffffffff-2014-11,25
8444459ffffffff-2014-12,20
8444459ffffffff-2015-01,12
8444459ffffffff-2015-02,18
8444459ffffffff-2015-03,24
8444459ffffffff-2015-04,91
8444459ffffffff-2015-05,46
8444459ffffffff-2015-08,2
8444459ffffffff-2015-09,7
8444459ffffffff-2015-10,39
8444459ffffffff-2015-11,5
8444459ffffffff-2015-12,21
8444459ffffffff-2016-01,13
8444459ffffffff-2016-02,6
8444459ffffffff-2016-03,146
8444459ffffffff-2016-04,177
8444459ffffffff-2016-05,24
8444459ffffffff-2016-08,1
8444459ffffffff-2016-09,1
8444459ffffffff-2016-10,8
8444459ffffffff-2016-11,46
8444459ffffffff-2016-12,20
8444459ffffffff-2017-01,6
8444459ffffffff-2017-02,12
8444459ffffffff-2017-03,18
8444459ffffffff-2017-04,35
8444459ffffffff-2017-05,11
8444459ffffffff-2017-08,1
8444459ffffffff-2017-10,18
8444459ffffffff-2017-11,107
8444459ffffffff-2017-12,39
8444459ffffffff-2018-01,30
8444459ffffffff-2018-02,13
8444459ffffffff-2018-03,57
8444459ffffffff-2018-04,79
8444459ffffffff-2018-05,7
8444459ffffffff-2018-07,1
8444459ffffffff-2018-08,3
8444459ffffffff-2018-09,9
8444459ffffffff-2018-10,37
8444459ffffffff-2018-11,120
8444459ffffffff-2018-12,46
8444459ffffffff-2019-01,32
8444459ffffffff-2019-02,17
8444459ffffffff-2019-03,73
8444459ffffffff-2019-04,116
8444459ffffffff-2019-05,18
8444459ffffffff-2019-07,30
8444459ffffffff-2019-08,3
8444459ffffffff-2019-09,2
8444459ffffffff-2019-10,64
8444459ffffffff-2019-11,66
8444459ffffffff-2019-12,29
8444459ffffffff-2020-01,11
8444459ffffffff-2020-02,25
8444459ffffffff-2020-03,15
8444459ffffffff-2020-04,20
8444459ffffffff-2020-05,17
8444459ffffffff-2020-07,1
8444459ffffffff-2020-08,9
8444459ffffffff-2020-09,8
8444459ffffffff-2020-10,6
8444459ffffffff-2020-11,9
8444459ffffffff-2020-12,25
8444459ffffffff-2021-01,12
8444459ffffffff-2021-02,8
8444459ffffffff-2021-03,12
8444459ffffffff-2021-04,22
8444459ffffffff-2021-05,2
8444459ffffffff-2021-08,8
8444459ffffffff-2021-09,3
8444459ffffffff-2021-10,27
8444459ffffffff-2021-11,15
8444459ffffffff-2021-12,10
8444459ffffffff-2022-01,17
8444459ffffffff-2022-02,7
8444459ffffffff-2022-03,61
8444459ffffffff-2022-04,56
8444459ffffffff-2022-05,17
8444459ffffffff-2022-07,12
8444459ffffffff-2022-08,14
8444459ffffffff-2022-09,9
8444459ffffffff-2022-10,81
8444459ffffffff-2022-11,13
8444459ffffffff-2022-12,26
8444459ffffffff-2023-01,24
8444459ffffffff-2023-02,11
8444459ffffffff-2023-03,13
8444459ffffffff-2023-04,104
8444459ffffffff-2023-05,6
8444459ffffffff-2023-07,7
8444459ffffffff-2023-08,3
8444459ffffffff-2023-09,4
8444459ffffffff-2023-10,65
8444459ffffffff-2023-11,15
844445bffffffff-2012-07,3
844445bffffffff-2012-11,1
844445bffffffff-2013-01,1
844445bffffffff-2013-04,2
844445bffffffff-2015-04,16
844445bffffffff-2016-04,9
844445bffffffff-2017-04,8
844445bffffffff-2017-11,4
844445bffffffff-2019-03,2
844445bffffffff-2019-04,5
844445bffffffff-2023-04,1
844445dffffffff-2012-01,3
844445dffffffff-2012-03,2
844445dffffffff-2012-04,6
844445dffffffff-2012-05,8
844445dffffffff-2012-06,2
844445dffffffff-2012-07,1
844445dffffffff-2012-08,4
844445dffffffff-2012-10,2
844445dffffffff-2012-11,2
844445dffffffff-2013-01,4
844445dffffffff-2013-03,9
844445dffffffff-2013-04,9
844445dffffffff-2013-05,7
844445dffffffff-2013-07,7
844445dffffffff-2013-10,1
844445dffffffff-2013-11,3
844445dffffffff-2013-12,7
844445dffffffff-2014-01,13
844445dffffffff-2014-02,5
844445dffffffff-2014-03,3
844445dffffffff-2014-04,10
844445dffffffff-2014-05,7
844445dffffffff-2014-09,1
844445dffffffff-2014-10,2
844445dffffffff-2014-11,1
844445dffffffff-2014-12,5
844445dffffffff-2015-01,8
844445dffffffff-2015-02,1
844445dffffffff-2015-03,4
844445dffffffff-2015-04,34
844445dffffffff-2015-05,6
844445dffffffff-2015-08,4
844445dffffffff-2015-09,1
844445dffffffff-2015-10,20
844445dffffffff-2015-11,1
844445dffffffff-2015-12,3
844445dffffffff-2016-01,16
844445dffffffff-2016-02,3
844445dffffffff-2016-03,5
844445dffffffff-2016-04,21
844445dffffffff-2016-05,6
844445dffffffff-2016-06,1
844445dffffffff-2016-07,6
844445dffffffff-2016-08,5
844445dffffffff-2016-09,12
844445dffffffff-2016-10,9
844445dffffffff-2016-11,13
844445dffffffff-2016-12,11
844445dffffffff-2017-01,5
844445dffffffff-2017-02,4
844445dffffffff-2017-03,18
844445dffffffff-2017-04,27
844445dffffffff-2017-05,9
844445dffffffff-2017-07,9
844445dffffffff-2017-08,7
844445dffffffff-2017-09,5
844445dffffffff-2017-10,9
844445dffffffff-2017-11,4
844445dffffffff-2017-12,9
844445dffffffff-2018-01,12
844445dffffffff-2018-03,7
844445dffffffff-2018-04,17
844445dffffffff-2018-05,23
844445dffffffff-2018-07,16
844445dffffffff-2018-08,5
844445dffffffff-2018-09,2
844445dffffffff-2018-10,8
844445dffffffff-2018-11,28
844445dffffffff-2018-12,7
844445dffffffff-2019-01,13
844445dffffffff-2019-02,4
844445dffffffff-2019-03,9
844445dffffffff-2019-04,36
844445dffffffff-2019-05,3
844445dffffffff-2019-07,2
844445dffffffff-2019-08,3
844445dffffffff-2019-09,6
844445dffffffff-2019-10,1
844445dffffffff-2019-11,10
844445dffffffff-2019-12,7
844445dffffffff-2020-01,10
844445dffffffff-2020-02,4
844445dffffffff-2020-03,8
844445dffffffff-2020-04,2
844445dffffffff-2020-05,8
844445dffffffff-2020-07,4
844445dffffffff-2020-08,4
844445dffffffff-2020-10,11
844445dffffffff-2020-11,3
844445dffffffff-2020-12,9
844445dffffffff-2021-01,15
844445dffffffff-2021-02,2
844445dffffffff-2021-03,3
844445dffffffff-2021-04,49
844445dffffffff-2021-05,8
844445dffffffff-2021-07,5
844445dffffffff-2021-08,10
844445dffffffff-2021-09,10
844445dffffffff-2021-10,17
844445dffffffff-2021-12,20
844445dffffffff-2022-01,7
844445dffffffff-2022-02,7
844445dffffffff-2022-03,24
844445dffffffff-2022-04,110
844445dffffffff-2022-05,42
844445dffffffff-2022-07,36
844445dffffffff-2022-08,23
844445dffffffff-2022-09,14
844445dffffffff-2022-10,62
844445dffffffff-2022-11,11
844445dffffffff-2022-12,26
844445dffffffff-2023-01,30
844445dffffffff-2023-02,18
844445dffffffff-2023-03,33
844445dffffffff-2023-04,99
844445dffffffff-2023-05,51
844445dffffffff-2023-06,3
844445dffffffff-2023-07,33
844445dffffffff-2023-08,59
844445dffffffff-2023-09,13
844445dffffffff-2023-10,36
844445dffffffff-2023-11,5
8444461ffffffff-2012-01,1
8444461ffffffff-2012-02,3
8444461ffffffff-2012-03,9
8444461ffffffff-2012-04,8
8444461ffffffff-2012-05,1
8444461ffffffff-2012-08,2
8444461ffffffff-2012-09,6
8444461ffffffff-2012-11,1
8444461ffffffff-2012-12,1
8444461ffffffff-2013-01,1
8444461ffffffff-2013-03,3
8444461ffffffff-2013-04,14
8444461ffffffff-2013-05,1
8444461ffffffff-2013-07,4
8444461ffffffff-2013-08,1
8444461ffffffff-2013-10,4
8444461ffffffff-2013-11,4
8444461ffffffff-2013-12,8
8444461ffffffff-2014-03,1
8444461ffffffff-2014-04,7
8444461ffffffff-2014-05,11
8444461ffffffff-2014-07,1
8444461ffffffff-2014-09,2
8444461ffffffff-2014-12,2
8444461ffffffff-2015-03,4
8444461ffffffff-2015-04,4
8444461ffffffff-2015-05,6
8444461ffffffff-2015-08,5
8444461ffffffff-2015-09,10
8444461ffffffff-2016-01,2
8444461ffffffff-2016-04,9
8444461ffffffff-2016-05,16
8444461ffffffff-2016-10,1
8444461ffffffff-2017-02,2
8444461ffffffff-2017-03,18
8444461ffffffff-2017-04,7
8444461ffffffff-2017-05,15
8444461ffffffff-2017-06,3
8444461ffffffff-2017-07,4
8444461ffffffff-2017-08,1
8444461ffffffff-2017-10,1
8444461ffffffff-2017-11,1
8444461ffffffff-2018-03,3
8444461ffffffff-2018-04,7
8444461ffffffff-2018-05,17
8444461ffffffff-2018-11,3
8444461ffffffff-2019-03,3
8444461ffffffff-2019-04,17
8444461ffffffff-2019-05,9
8444461ffffffff-2019-07,1
8444461ffffffff-2019-08,4
8444461ffffffff-2019-12,1
8444461ffffffff-2020-02,1
8444461ffffffff-2020-03,7
8444461ffffffff-2020-04,5
8444461ffffffff-2020-05,3
8444461ffffffff-2020-07,2
8444461ffffffff-2020-08,5
8444461ffffffff-2021-03,5
8444461ffffffff-2021-04,6
8444461ffffffff-2021-08,1
8444461ffffffff-2022-02,2
8444461ffffffff-2022-03,4
8444461ffffffff-2022-04,17
8444461ffffffff-2022-05,8
8444461ffffffff-2022-11,1
8444461ffffffff-2022-12,2
8444461ffffffff-2023-03,5
8444461ffffffff-2023-04,12
8444461ffffffff-2023-05,4
8444461ffffffff-2023-09,1
8444461ffffffff-2023-11,1
8444463ffffffff-2014-04,1
8444463ffffffff-2014-05,1
8444463ffffffff-2014-10,1
8444463ffffffff-2014-11,2
8444463ffffffff-2015-03,1
8444463ffffffff-2015-10,1
8444463ffffffff-2016-09,1
8444463ffffffff-2017-10,2
8444463ffffffff-2017-11,3
8444463ffffffff-2017-12,3
8444463ffffffff-2018-10,2
8444463ffffffff-2020-09,1
8444463ffffffff-2023-11,4
8444465ffffffff-2012-01,1
8444465ffffffff-2012-02,6
8444465ffffffff-2012-03,4
8444465ffffffff-2012-04,12
8444465ffffffff-2012-05,1
8444465ffffffff-2012-08,5
8444465ffffffff-2012-10,7
8444465ffffffff-2012-11,2
8444465ffffffff-2012-12,4
8444465ffffffff-2013-01,2
8444465ffffffff-2013-02,2
8444465ffffffff-2013-03,8
8444465ffffffff-2013-04,7
8444465ffffffff-2013-05,3
8444465ffffffff-2013-07,2
8444465ffffffff-2013-08,7
8444465ffffffff-2013-09,15
8444465ffffffff-2013-10,14
8444465ffffffff-2013-11,15
8444465ffffffff-2013-12,7
8444465ffffffff-2014-02,1
8444465ffffffff-2014-03,1
8444465ffffffff-2014-04,8
8444465ffffffff-2014-05,6
8444465ffffffff-2014-08,10
8444465ffffffff-2014-09,17
8444465ffffffff-2014-10,14
8444465ffffffff-2014-11,8
8444465ffffffff-2014-12,5
8444465ffffffff-2015-02,3
8444465ffffffff-2015-03,1
8444465ffffffff-2015-04,14
8444465ffffffff-2015-08,4
8444465ffffffff-2015-09,8
8444465ffffffff-2015-10,22
8444465ffffffff-2015-11,14
8444465ffffffff-2015-12,1
8444465ffffffff-2016-01,2
8444465ffffffff-2016-02,1
8444465ffffffff-2016-03,2
8444465ffffffff-2016-04,14
8444465ffffffff-2016-05,13
8444465ffffffff-2016-09,9
8444465ffffffff-2016-10,10
8444465ffffffff-2016-11,13
8444465ffffffff-2016-12,5
8444465ffffffff-2017-01,3
8444465ffffffff-2017-03,15
8444465ffffffff-2017-04,33
8444465ffffffff-2017-05,8
8444465ffffffff-2017-09,1
8444465ffffffff-2017-10,2
8444465ffffffff-2017-11,2
8444465ffffffff-2018-04,6
8444465ffffffff-2018-07,14
8444465ffffffff-2018-09,4
8444465ffffffff-2018-10,4
8444465ffffffff-2019-04,3
8444465ffffffff-2019-09,2
8444465ffffffff-2019-10,6
8444465ffffffff-2019-11,2
8444465ffffffff-2020-03,2
8444465ffffffff-2020-04,38
8444465ffffffff-2020-05,17
8444465ffffffff-2020-09,2
8444465ffffffff-2020-10,12
8444465ffffffff-2020-11,4
8444465ffffffff-2021-02,1
8444465ffffffff-2021-03,3
8444465ffffffff-2021-04,7
8444465ffffffff-2021-05,2
8444465ffffffff-2021-09,1
8444465ffffffff-2021-10,4
8444465ffffffff-2021-12,1
8444465ffffffff-2022-01,1
8444465ffffffff-2022-02,2
8444465ffffffff-2022-03,8
8444465ffffffff-2022-04,40
8444465ffffffff-2022-05,1
8444465ffffffff-2022-11,1
8444465ffffffff-2023-04,16
8444465ffffffff-2023-05,2
8444465ffffffff-2023-08,6
8444465ffffffff-2023-10,4
8444465ffffffff-2023-11,1
8444467ffffffff-2012-01,6
8444467ffffffff-2012-02,2
8444467ffffffff-2012-04,2
8444467ffffffff-2012-10,1
8444467ffffffff-2014-01,2
8444467ffffffff-2014-04,2
8444467ffffffff-2014-05,1
8444467ffffffff-2014-11,1
8444467ffffffff-2015-04,1
8444467ffffffff-2015-12,2
8444467ffffffff-2016-04,1
8444467ffffffff-2016-08,1
8444467ffffffff-2017-03,5
8444467ffffffff-2017-04,1
8444467ffffffff-2018-08,1
8444467ffffffff-2018-09,3
8444467ffffffff-2018-12,2
8444467ffffffff-2019-03,3
8444467ffffffff-2019-11,2
8444467ffffffff-2020-04,2
8444467ffffffff-2021-04,2
8444467ffffffff-2021-08,1
8444467ffffffff-2021-12,4
8444467ffffffff-2022-03,4
8444467ffffffff-2022-04,5
8444467ffffffff-2022-05,1
8444467ffffffff-2022-09,1
8444467ffffffff-2022-12,5
8444467ffffffff-2023-03,1
8444467ffffffff-2023-04,1
8444467ffffffff-2023-07,1
8444467ffffffff-2023-09,1
8444467ffffffff-2023-10,1
8444469ffffffff-2012-04,14
8444469ffffffff-2013-04,1
8444469ffffffff-2013-11,4
8444469ffffffff-2014-01,1
8444469ffffffff-2015-04,1
8444469ffffffff-2017-04,1
8444469ffffffff-2018-02,7
8444469ffffffff-2018-03,3
8444469ffffffff-2018-04,9
8444469ffffffff-2019-01,2
8444469ffffffff-2019-04,2
8444469ffffffff-2020-02,2
8444469ffffffff-2020-04,7
8444469ffffffff-2020-10,2
8444469ffffffff-2020-11,1
8444469ffffffff-2021-01,1
8444469ffffffff-2021-02,1
8444469ffffffff-2021-05,3
8444469ffffffff-2021-12,1
8444469ffffffff-2022-01,2
8444469ffffffff-2022-04,1
8444469ffffffff-2023-04,1
844446bffffffff-2012-01,3
844446bffffffff-2013-02,2
844446bffffffff-2013-03,2
844446bffffffff-2013-12,1
844446bffffffff-2015-01,1
844446bffffffff-2015-11,1
844446bffffffff-2016-01,1
844446bffffffff-2016-09,1
844446bffffffff-2017-09,1
844446bffffffff-2019-04,1
844446bffffffff-2019-08,1
844446bffffffff-2019-10,1
844446bffffffff-2021-04,1
844446bffffffff-2021-10,2
844446bffffffff-2021-11,1
844446bffffffff-2023-04,2
844446dffffffff-2016-04,1
844446dffffffff-2017-10,1
844446dffffffff-2018-04,2
844446dffffffff-2022-04,3
844446dffffffff-2022-06,1
844446dffffffff-2023-02,1
844446dffffffff-2023-03,2
8444481ffffffff-2020-04,1
8444481ffffffff-2022-02,2
8444489ffffffff-2017-10,1
844448bffffffff-2012-05,1
844448bffffffff-2016-03,6
844448bffffffff-2016-04,18
844448bffffffff-2016-05,7
844448bffffffff-2016-08,5
844448bffffffff-2017-05,1
844448bffffffff-2018-03,2
844448bffffffff-2018-04,5
844448bffffffff-2018-05,3
844448bffffffff-2019-04,2
844448bffffffff-2020-05,2
844448bffffffff-2021-04,2
844448bffffffff-2022-03,2
844448bffffffff-2023-04,2
844448bffffffff-2023-05,1
844448dffffffff-2012-03,2
844448dffffffff-2013-09,1
844448dffffffff-2014-12,1
844448dffffffff-2015-05,1
844448dffffffff-2018-04,3
844448dffffffff-2020-03,1
844448dffffffff-2020-04,1
844448dffffffff-2023-04,2
8444499ffffffff-2012-03,2
8444499ffffffff-2012-04,7
8444499ffffffff-2012-05,19
8444499ffffffff-2012-06,3
8444499ffffffff-2012-07,3
8444499ffffffff-2012-08,2
8444499ffffffff-2013-04,4
8444499ffffffff-2013-05,1
8444499ffffffff-2013-07,1
8444499ffffffff-2014-04,5
8444499ffffffff-2014-05,4
8444499ffffffff-2015-03,2
8444499ffffffff-2015-05,6
8444499ffffffff-2015-09,1
8444499ffffffff-2015-10,2
8444499ffffffff-2016-04,11
8444499ffffffff-2016-05,9
8444499ffffffff-2016-08,1
8444499ffffffff-2016-10,6
8444499ffffffff-2017-03,2
8444499ffffffff-2017-04,3
8444499ffffffff-2017-05,24
8444499ffffffff-2017-09,4
8444499ffffffff-2018-03,2
8444499ffffffff-2018-04,1
8444499ffffffff-2018-05,6
8444499ffffffff-2018-08,8
8444499ffffffff-2018-10,1
8444499ffffffff-2019-04,2
8444499ffffffff-2019-05,6
8444499ffffffff-2020-04,1
8444499ffffffff-2020-05,2
8444499ffffffff-2021-05,3
8444499ffffffff-2022-04,6
8444499ffffffff-2022-05,13
8444499ffffffff-2022-08,1
8444499ffffffff-2022-09,2
8444499ffffffff-2023-04,6
8444499ffffffff-2023-05,7
8444499ffffffff-2023-07,2
844449bffffffff-2013-04,1
844449bffffffff-2015-04,2
844449bffffffff-2015-05,1
844449bffffffff-2018-05,1
844449bffffffff-2021-04,2
844449bffffffff-2022-05,4
844449bffffffff-2022-07,1
844449dffffffff-2013-07,1
844449dffffffff-2016-04,4
844449dffffffff-2016-05,3
844449dffffffff-2018-04,1
844449dffffffff-2020-12,1
844449dffffffff-2022-10,2
84444a1ffffffff-2019-09,2
84444a1ffffffff-2020-03,2
84444a1ffffffff-2022-04,2
84444a1ffffffff-2022-05,2
84444a3ffffffff-2023-04,1
84444a5ffffffff-2015-08,1
84444a5ffffffff-2016-08,7
84444a5ffffffff-2016-09,22
84444a5ffffffff-2017-01,1
84444a5ffffffff-2017-04,2
84444a5ffffffff-2017-05,2
84444a5ffffffff-2017-09,6
84444a5ffffffff-2018-05,3
84444a5ffffffff-2018-08,3
84444a5ffffffff-2020-02,1
84444a5ffffffff-2020-09,5
84444a5ffffffff-2021-01,1
84444a5ffffffff-2021-04,2
84444a5ffffffff-2021-08,7
84444a5ffffffff-2021-09,2
84444a5ffffffff-2022-04,1
84444a5ffffffff-2022-08,19
84444a5ffffffff-2023-04,9
84444a5ffffffff-2023-05,20
84444a5ffffffff-2023-06,8
84444a5ffffffff-2023-07,14
84444a5ffffffff-2023-08,23
84444a5ffffffff-2023-09,3
84444a7ffffffff-2012-04,1
84444a7ffffffff-2013-02,1
84444a7ffffffff-2013-03,1
84444a7ffffffff-2013-04,5
84444a7ffffffff-2014-03,2
84444a7ffffffff-2014-04,2
84444a7ffffffff-2014-05,2
84444a7ffffffff-2015-04,1
84444a7ffffffff-2016-03,1
84444a7ffffffff-2016-04,1
84444a7ffffffff-2017-04,4
84444a7ffffffff-2017-08,1
84444a7ffffffff-2017-09,2
84444a7ffffffff-2019-01,1
84444a7ffffffff-2019-10,2
84444a7ffffffff-2021-08,1
84444a7ffffffff-2021-09,1
84444a7ffffffff-2022-04,1
84444a7ffffffff-2023-03,2
84444a7ffffffff-2023-04,3
84444a7ffffffff-2023-05,1
84444a7ffffffff-2023-08,3
84444abffffffff-2021-08,2
84444adffffffff-2016-03,6
84444b1ffffffff-2014-04,1
84444b1ffffffff-2015-04,1
84444b1ffffffff-2015-12,1
84444b1ffffffff-2016-05,1
84444b1ffffffff-2017-04,2
84444b1ffffffff-2017-05,4
84444b1ffffffff-2017-08,1
84444b1ffffffff-2018-03,5
84444b1ffffffff-2018-04,6
84444b1ffffffff-2018-05,1
84444b1ffffffff-2018-07,2
84444b1ffffffff-2018-09,3
84444b1ffffffff-2019-04,1
84444b1ffffffff-2022-03,1
84444b1ffffffff-2022-05,3
84444b1ffffffff-2022-08,2
84444b1ffffffff-2023-03,3
84444b1ffffffff-2023-04,2
84444b1ffffffff-2023-05,1
84444b1ffffffff-2023-09,1
84444b5ffffffff-2012-04,1
84444b5ffffffff-2013-03,1
84444b5ffffffff-2014-04,2
84444b5ffffffff-2015-08,1
84444b5ffffffff-2017-03,1
84444b5ffffffff-2017-04,2
84444b5ffffffff-2017-08,1
84444b5ffffffff-2018-04,2
84444b5ffffffff-2020-05,1
84444b5ffffffff-2021-04,3
84444b5ffffffff-2021-05,1
84444b5ffffffff-2022-03,1
84444b5ffffffff-2022-04,3
84444b5ffffffff-2023-04,1
84444b7ffffffff-2013-05,1
84444b7ffffffff-2016-08,2
84444b7ffffffff-2017-08,2
84444b7ffffffff-2022-11,1
84444b7ffffffff-2023-11,1
84444b9ffffffff-2016-10,2
84444b9ffffffff-2017-04,6
84444b9ffffffff-2022-05,2
84444b9ffffffff-2023-04,8
84444b9ffffffff-2023-05,1
84444c1ffffffff-2012-02,1
84444c1ffffffff-2012-03,1
84444c1ffffffff-2012-04,3
84444c1ffffffff-2012-05,3
84444c1ffffffff-2012-07,1
84444c1ffffffff-2012-08,11
84444c1ffffffff-2012-09,3
84444c1ffffffff-2012-10,3
84444c1ffffffff-2012-11,1
84444c1ffffffff-2012-12,1
84444c1ffffffff-2013-02,1
84444c1ffffffff-2013-03,5
84444c1ffffffff-2013-04,4
84444c1ffffffff-2013-05,7
84444c1ffffffff-2013-07,8
84444c1ffffffff-2013-08,18
84444c1ffffffff-2013-09,5
84444c1ffffffff-2013-10,4
84444c1ffffffff-2014-01,4
84444c1ffffffff-2014-02,2
84444c1ffffffff-2014-03,2
84444c1ffffffff-2014-04,19
84444c1ffffffff-2014-05,1
84444c1ffffffff-2014-07,3
84444c1ffffffff-2014-08,12
84444c1ffffffff-2014-09,6
84444c1ffffffff-2014-10,1
84444c1ffffffff-2014-11,1
84444c1ffffffff-2014-12,2
84444c1ffffffff-2015-02,2
84444c1ffffffff-2015-03,1
84444c1ffffffff-2015-04,11
84444c1ffffffff-2015-05,3
84444c1ffffffff-2015-06,1
84444c1ffffffff-2015-08,7
84444c1ffffffff-2015-09,7
84444c1ffffffff-2015-10,3
84444c1ffffffff-2015-11,1
84444c1ffffffff-2016-03,3
84444c1ffffffff-2016-04,6
84444c1ffffffff-2016-05,1
84444c1ffffffff-2016-07,1
84444c1ffffffff-2016-08,10
84444c1ffffffff-2016-12,1
84444c1ffffffff-2017-01,2
84444c1ffffffff-2017-02,2
84444c1ffffffff-2017-03,4
84444c1ffffffff-2017-04,1
84444c1ffffffff-2017-05,2
84444c1ffffffff-2018-03,2
84444c1ffffffff-2018-04,9
84444c1ffffffff-2018-05,6
84444c1ffffffff-2018-06,8
84444c1ffffffff-2018-09,4
84444c1ffffffff-2018-10,2
84444c1ffffffff-2019-01,2
84444c1ffffffff-2019-02,1
84444c1ffffffff-2019-03,7
84444c1ffffffff-2019-04,9
84444c1ffffffff-2019-05,5
84444c1ffffffff-2019-08,1
84444c1ffffffff-2019-09,4
84444c1ffffffff-2019-11,2
84444c1ffffffff-2019-12,2
84444c1ffffffff-2020-01,1
84444c1ffffffff-2020-02,7
84444c1ffffffff-2020-03,4
84444c1ffffffff-2020-04,6
84444c1ffffffff-2020-05,8
84444c1ffffffff-2020-09,3
84444c1ffffffff-2020-10,3
84444c1ffffffff-2021-01,4
84444c1ffffffff-2021-02,6
84444c1ffffffff-2021-03,8
84444c1ffffffff-2021-04,11
84444c1ffffffff-2021-08,1
84444c1ffffffff-2021-09,4
84444c1ffffffff-2021-10,2
84444c1ffffffff-2022-03,10
84444c1ffffffff-2022-04,6
84444c1ffffffff-2022-05,7
84444c1ffffffff-2022-08,15
84444c1ffffffff-2022-09,1
84444c1ffffffff-2022-10,1
84444c1ffffffff-2022-11,3
84444c1ffffffff-2023-01,2
84444c1ffffffff-2023-02,4
84444c1ffffffff-2023-03,13
84444c1ffffffff-2023-04,10
84444c1ffffffff-2023-05,7
84444c1ffffffff-2023-07,4
84444c1ffffffff-2023-08,14
84444c1ffffffff-2023-09,12
84444c1ffffffff-2023-10,3
84444c1ffffffff-2023-11,3
84444c3ffffffff-2012-03,6
84444c3ffffffff-2012-04,3
84444c3ffffffff-2012-09,1
84444c3ffffffff-2013-01,3
84444c3ffffffff-2013-04,4
84444c3ffffffff-2013-09,8
84444c3ffffffff-2014-04,1
84444c3ffffffff-2014-08,2
84444c3ffffffff-2014-09,1
84444c3ffffffff-2015-01,1
84444c3ffffffff-2015-04,4
84444c3ffffffff-2015-05,2
84444c3ffffffff-2016-04,2
84444c3ffffffff-2016-05,2
84444c3ffffffff-2017-05,1
84444c3ffffffff-2018-03,3
84444c3ffffffff-2018-04,12
84444c3ffffffff-2019-03,2
84444c3ffffffff-2019-04,4
84444c3ffffffff-2019-05,4
84444c3ffffffff-2020-03,2
84444c3ffffffff-2020-04,7
84444c3ffffffff-2021-01,1
84444c3ffffffff-2021-04,6
84444c3ffffffff-2021-09,2
84444c3ffffffff-2022-04,10
84444c3ffffffff-2022-05,3
84444c3ffffffff-2023-03,3
84444c3ffffffff-2023-04,12
84444c3ffffffff-2023-05,8
84444c3ffffffff-2023-08,1
84444c3ffffffff-2023-09,2
84444c7ffffffff-2013-03,2
84444c7ffffffff-2018-03,1
84444cbffffffff-2016-03,2
84444cbffffffff-2016-04,1
84444cbffffffff-2016-05,1
84444cdffffffff-2012-12,2
84444cdffffffff-2013-04,2
84444cdffffffff-2014-12,1
84444cdffffffff-2015-07,1
84444cdffffffff-2018-03,1
84444cdffffffff-2018-05,1
84444cdffffffff-2018-10,1
84444cdffffffff-2019-03,2
84444cdffffffff-2019-04,2
84444cdffffffff-2020-05,1
84444cdffffffff-2020-09,1
84444cdffffffff-2020-10,1
84444cdffffffff-2023-04,3
84444cdffffffff-2023-10,1
84444d1ffffffff-2021-04,1
84444d3ffffffff-2015-05,2
84444d3ffffffff-2017-04,2
84444d3ffffffff-2021-10,2
84444d3ffffffff-2022-03,1
84444d3ffffffff-2022-04,12
84444d3ffffffff-2022-05,2
84444d5ffffffff-2015-05,2
84444d5ffffffff-2016-05,2
84444d5ffffffff-2016-08,4
84444d5ffffffff-2016-09,19
84444d5ffffffff-2016-10,15
84444d5ffffffff-2016-11,4
84444d5ffffffff-2016-12,6
84444d5ffffffff-2017-02,5
84444d5ffffffff-2017-03,4
84444d5ffffffff-2017-04,5
84444d5ffffffff-2017-05,8
84444d5ffffffff-2017-07,3
84444d5ffffffff-2017-08,13
84444d5ffffffff-2017-09,2
84444d5ffffffff-2017-10,1
84444d5ffffffff-2017-12,4
84444d5ffffffff-2018-03,4
84444d5ffffffff-2018-04,20
84444d5ffffffff-2018-05,6
84444d5ffffffff-2018-06,1
84444d5ffffffff-2018-07,8
84444d5ffffffff-2018-08,10
84444d5ffffffff-2018-09,3
84444d5ffffffff-2018-10,24
84444d5ffffffff-2019-05,3
84444d5ffffffff-2020-04,2
84444d5ffffffff-2021-04,3
84444d5ffffffff-2021-05,2
84444d5ffffffff-2022-05,1
84444d5ffffffff-2022-08,4
84444d5ffffffff-2023-03,2
84444d5ffffffff-2023-04,1
84444d5ffffffff-2023-05,2
84444d7ffffffff-2012-11,5
84444d7ffffffff-2016-10,1
84444d7ffffffff-2018-03,1
84444d7ffffffff-2018-04,4
84444d7ffffffff-2018-11,1
84444d7ffffffff-2019-10,1
84444d7ffffffff-2019-11,1
84444d7ffffffff-2020-04,1
84444d7ffffffff-2020-11,1
84444d7ffffffff-2022-03,1
84444d7ffffffff-2022-10,1
84444d9ffffffff-2012-03,3
84444d9ffffffff-2012-09,2
84444d9ffffffff-2012-10,2
84444d9ffffffff-2013-04,2
84444d9ffffffff-2013-07,2
84444d9ffffffff-2013-09,1
84444d9ffffffff-2014-03,2
84444d9ffffffff-2014-04,2
84444d9ffffffff-2015-04,3
84444d9ffffffff-2017-03,1
84444d9ffffffff-2017-04,3
84444d9ffffffff-2017-09,1
84444d9ffffffff-2017-10,1
84444d9ffffffff-2017-11,1
84444d9ffffffff-2018-04,4
84444d9ffffffff-2018-05,2
84444d9ffffffff-2018-09,2
84444d9ffffffff-2018-10,1
84444d9ffffffff-2019-03,1
84444d9ffffffff-2019-04,2
84444d9ffffffff-2019-05,1
84444d9ffffffff-2019-11,1
84444d9ffffffff-2021-04,2
84444d9ffffffff-2022-04,1
84444d9ffffffff-2023-04,2
84444d9ffffffff-2023-05,1
84444d9ffffffff-2023-10,1
84444dbffffffff-2012-04,2
84444dbffffffff-2012-08,1
84444dbffffffff-2012-09,2
84444dbffffffff-2014-05,6
84444dbffffffff-2016-03,1
84444dbffffffff-2016-09,1
84444dbffffffff-2016-10,4
84444dbffffffff-2017-10,4
84444dbffffffff-2019-03,2
84444dbffffffff-2019-04,3
84444dbffffffff-2020-04,3
84444dbffffffff-2020-11,1
84444dbffffffff-2021-04,6
84444dbffffffff-2021-11,1
84444dbffffffff-2022-03,5
84444dbffffffff-2022-04,1
84444dbffffffff-2023-03,10
84444dbffffffff-2023-04,6
84444dbffffffff-2023-11,1
84444ddffffffff-2014-04,1
84444e1ffffffff-2012-05,1
84444e1ffffffff-2014-03,3
84444e1ffffffff-2014-05,1
84444e1ffffffff-2014-08,1
84444e1ffffffff-2014-10,1
84444e1ffffffff-2015-03,4
84444e1ffffffff-2015-04,23
84444e1ffffffff-2015-05,16
84444e1ffffffff-2015-06,1
84444e1ffffffff-2015-07,2
84444e1ffffffff-2015-08,11
84444e1ffffffff-2016-01,1
84444e1ffffffff-2016-02,2
84444e1ffffffff-2016-03,2
84444e1ffffffff-2016-04,4
84444e1ffffffff-2016-05,13
84444e1ffffffff-2016-07,1
84444e1ffffffff-2016-09,3
84444e1ffffffff-2017-04,3
84444e1ffffffff-2018-04,22
84444e1ffffffff-2018-05,12
84444e1ffffffff-2019-03,13
84444e1ffffffff-2019-04,12
84444e1ffffffff-2019-08,1
84444e1ffffffff-2019-09,1
84444e1ffffffff-2020-03,9
84444e1ffffffff-2020-04,12
84444e1ffffffff-2020-05,4
84444e1ffffffff-2020-08,4
84444e1ffffffff-2020-10,2
84444e1ffffffff-2020-11,3
84444e1ffffffff-2021-03,4
84444e1ffffffff-2021-04,8
84444e1ffffffff-2021-08,3
84444e1ffffffff-2021-10,2
84444e1ffffffff-2022-03,1
84444e1ffffffff-2022-04,4
84444e1ffffffff-2022-05,2
84444e1ffffffff-2022-07,1
84444e1ffffffff-2022-09,1
84444e1ffffffff-2023-01,1
84444e1ffffffff-2023-04,1
84444e1ffffffff-2023-08,2
84444e5ffffffff-2013-01,1
84444e5ffffffff-2016-01,4
84444e5ffffffff-2017-11,1
84444e5ffffffff-2019-04,2
84444e5ffffffff-2022-01,2
84444e5ffffffff-2023-09,1
84444e7ffffffff-2012-03,2
84444e7ffffffff-2015-08,3
84444e7ffffffff-2015-11,1
84444e7ffffffff-2017-04,1
84444e7ffffffff-2023-04,1
84444e9ffffffff-2012-03,2
84444ebffffffff-2023-05,1
84444edffffffff-2012-04,1
84444edffffffff-2012-10,2
84444edffffffff-2012-12,1
84444edffffffff-2013-01,1
84444edffffffff-2013-05,2
84444edffffffff-2014-10,4
84444edffffffff-2016-01,5
84444edffffffff-2016-02,2
84444edffffffff-2016-10,1
84444edffffffff-2017-01,1
84444edffffffff-2017-02,2
84444edffffffff-2017-03,2
84444edffffffff-2017-04,1
84444edffffffff-2019-04,1
84444edffffffff-2019-05,2
84444edffffffff-2020-01,1
84444edffffffff-2020-04,4
84444edffffffff-2020-11,1
84444edffffffff-2021-04,1
84444edffffffff-2021-10,17
84444edffffffff-2022-01,4
84444edffffffff-2022-02,5
84444edffffffff-2022-03,4
84444edffffffff-2022-04,1
84444edffffffff-2022-07,2
84444edffffffff-2022-08,2
84444edffffffff-2022-09,7
84444edffffffff-2022-10,5
84444edffffffff-2022-11,1
84444edffffffff-2023-03,6
84444edffffffff-2023-04,2
84444edffffffff-2023-07,2
84444edffffffff-2023-08,4
84444edffffffff-2023-09,2
84444edffffffff-2023-10,10
84444edffffffff-2023-11,1
8444501ffffffff-2012-01,2
8444501ffffffff-2012-02,1
8444501ffffffff-2012-03,11
8444501ffffffff-2012-04,7
8444501ffffffff-2012-05,1
8444501ffffffff-2012-07,5
8444501ffffffff-2012-10,4
8444501ffffffff-2012-11,4
8444501ffffffff-2012-12,1
8444501ffffffff-2013-01,2
8444501ffffffff-2013-02,1
8444501ffffffff-2013-03,3
8444501ffffffff-2013-04,16
8444501ffffffff-2013-10,3
8444501ffffffff-2014-01,1
8444501ffffffff-2014-02,1
8444501ffffffff-2014-03,3
8444501ffffffff-2014-04,12
8444501ffffffff-2014-05,1
8444501ffffffff-2014-08,2
8444501ffffffff-2014-10,31
8444501ffffffff-2014-11,7
8444501ffffffff-2014-12,2
8444501ffffffff-2015-01,1
8444501ffffffff-2015-03,2
8444501ffffffff-2015-04,16
8444501ffffffff-2015-05,1
8444501ffffffff-2015-07,2
8444501ffffffff-2015-08,2
8444501ffffffff-2015-10,21
8444501ffffffff-2015-11,1
8444501ffffffff-2015-12,1
8444501ffffffff-2016-01,5
8444501ffffffff-2016-02,7
8444501ffffffff-2016-04,17
8444501ffffffff-2016-05,2
8444501ffffffff-2016-08,2
8444501ffffffff-2016-09,3
8444501ffffffff-2016-10,16
8444501ffffffff-2016-11,1
8444501ffffffff-2016-12,1
8444501ffffffff-2017-01,3
8444501ffffffff-2017-02,6
8444501ffffffff-2017-03,4
8444501ffffffff-2017-04,23
8444501ffffffff-2017-05,7
8444501ffffffff-2017-06,2
8444501ffffffff-2017-07,2
8444501ffffffff-2017-08,12
8444501ffffffff-2017-09,6
8444501ffffffff-2017-10,24
8444501ffffffff-2017-11,8
8444501ffffffff-2017-12,1
8444501ffffffff-2018-01,1
8444501ffffffff-2018-02,3
8444501ffffffff-2018-03,12
8444501ffffffff-2018-04,31
8444501ffffffff-2018-05,15
8444501ffffffff-2018-06,8
8444501ffffffff-2018-07,11
8444501ffffffff-2018-08,6
8444501ffffffff-2018-09,10
8444501ffffffff-2018-10,33
8444501ffffffff-2018-11,12
8444501ffffffff-2018-12,2
8444501ffffffff-2019-01,13
8444501ffffffff-2019-02,8
8444501ffffffff-2019-03,13
8444501ffffffff-2019-04,45
8444501ffffffff-2019-05,21
8444501ffffffff-2019-06,1
8444501ffffffff-2019-07,6
8444501ffffffff-2019-08,7
8444501ffffffff-2019-09,9
8444501ffffffff-2019-10,24
8444501ffffffff-2019-11,17
8444501ffffffff-2019-12,2
8444501ffffffff-2020-01,7
8444501ffffffff-2020-02,11
8444501ffffffff-2020-03,15
8444501ffffffff-2020-04,28
8444501ffffffff-2020-05,14
8444501ffffffff-2020-06,1
8444501ffffffff-2020-07,5
8444501ffffffff-2020-08,11
8444501ffffffff-2020-09,7
8444501ffffffff-2020-10,8
8444501ffffffff-2020-11,7
8444501ffffffff-2021-01,7
8444501ffffffff-2021-02,3
8444501ffffffff-2021-03,19
8444501ffffffff-2021-04,41
8444501ffffffff-2021-05,5
8444501ffffffff-2021-09,6
8444501ffffffff-2021-10,19
8444501ffffffff-2021-11,13
8444501ffffffff-2021-12,12
8444501ffffffff-2022-01,4
8444501ffffffff-2022-02,1
8444501ffffffff-2022-03,26
8444501ffffffff-2022-04,35
8444501ffffffff-2022-05,11
8444501ffffffff-2022-07,1
8444501ffffffff-2022-08,4
8444501ffffffff-2022-09,5
8444501ffffffff-2022-10,27
8444501ffffffff-2022-11,18
8444501ffffffff-2022-12,5
8444501ffffffff-2023-01,7
8444501ffffffff-2023-02,6
8444501ffffffff-2023-03,16
8444501ffffffff-2023-04,41
8444501ffffffff-2023-05,24
8444501ffffffff-2023-07,3
8444501ffffffff-2023-08,10
8444501ffffffff-2023-09,4
8444501ffffffff-2023-10,39
8444501ffffffff-2023-11,12
8444505ffffffff-2012-01,1
8444505ffffffff-2013-01,1
8444505ffffffff-2017-10,1
8444505ffffffff-2017-11,1
8444505ffffffff-2018-03,9
8444505ffffffff-2018-04,1
8444505ffffffff-2018-12,1
8444505ffffffff-2019-01,2
8444505ffffffff-2019-02,8
8444505ffffffff-2019-03,9
8444505ffffffff-2019-04,4
8444505ffffffff-2019-05,1
8444505ffffffff-2019-12,1
8444505ffffffff-2020-01,2
8444505ffffffff-2020-02,2
8444505ffffffff-2020-03,6
8444505ffffffff-2020-04,2
8444505ffffffff-2021-03,1
8444505ffffffff-2021-04,1
8444505ffffffff-2021-05,1
8444505ffffffff-2021-09,1
8444505ffffffff-2021-11,1
8444505ffffffff-2021-12,3
8444505ffffffff-2022-01,2
8444505ffffffff-2022-04,1
8444505ffffffff-2022-09,2
8444505ffffffff-2022-10,3
8444505ffffffff-2022-11,2
8444505ffffffff-2022-12,2
8444505ffffffff-2023-01,1
8444505ffffffff-2023-02,2
8444505ffffffff-2023-04,4
8444505ffffffff-2023-09,4
8444505ffffffff-2023-10,12
8444505ffffffff-2023-11,4
8444509ffffffff-2012-01,7
8444509ffffffff-2012-02,4
8444509ffffffff-2012-04,6
8444509ffffffff-2012-07,1
8444509ffffffff-2012-08,1
8444509ffffffff-2012-09,2
8444509ffffffff-2012-10,1
8444509ffffffff-2012-11,1
8444509ffffffff-2013-01,3
8444509ffffffff-2013-02,2
8444509ffffffff-2013-03,8
8444509ffffffff-2013-04,10
8444509ffffffff-2013-05,2
8444509ffffffff-2013-07,1
8444509ffffffff-2013-09,1
8444509ffffffff-2013-10,3
8444509ffffffff-2013-11,2
8444509ffffffff-2013-12,1
8444509ffffffff-2014-01,2
8444509ffffffff-2014-02,8
8444509ffffffff-2014-03,1
8444509ffffffff-2014-04,6
8444509ffffffff-2014-05,1
8444509ffffffff-2014-09,2
8444509ffffffff-2014-10,6
8444509ffffffff-2014-11,6
8444509ffffffff-2014-12,3
8444509ffffffff-2015-01,3
8444509ffffffff-2015-02,1
8444509ffffffff-2015-03,2
8444509ffffffff-2015-04,16
8444509ffffffff-2015-05,1
8444509ffffffff-2015-07,3
8444509ffffffff-2015-08,3
8444509ffffffff-2015-09,4
8444509ffffffff-2015-10,7
8444509ffffffff-2015-11,3
8444509ffffffff-2015-12,5
8444509ffffffff-2016-01,1
8444509ffffffff-2016-02,1
8444509ffffffff-2016-03,3
8444509ffffffff-2016-04,20
8444509ffffffff-2016-05,5
8444509ffffffff-2016-07,3
8444509ffffffff-2016-10,3
8444509ffffffff-2016-11,1
8444509ffffffff-2016-12,5
8444509ffffffff-2017-03,4
8444509ffffffff-2017-04,11
8444509ffffffff-2017-07,2
8444509ffffffff-2017-08,9
8444509ffffffff-2017-09,15
8444509ffffffff-2017-10,14
8444509ffffffff-2017-11,1
8444509ffffffff-2018-01,6
8444509ffffffff-2018-03,2
8444509ffffffff-2018-04,54
8444509ffffffff-2018-05,21
8444509ffffffff-2018-06,4
8444509ffffffff-2018-08,4
8444509ffffffff-2018-09,1
8444509ffffffff-2018-10,9
8444509ffffffff-2018-11,1
8444509ffffffff-2018-12,1
8444509ffffffff-2019-03,1
8444509ffffffff-2019-04,13
8444509ffffffff-2019-05,5
8444509ffffffff-2019-07,4
8444509ffffffff-2019-08,4
8444509ffffffff-2019-10,3
8444509ffffffff-2019-11,2
8444509ffffffff-2019-12,3
8444509ffffffff-2020-01,3
8444509ffffffff-2020-02,3
8444509ffffffff-2020-03,1
8444509ffffffff-2020-04,24
8444509ffffffff-2020-05,3
8444509ffffffff-2020-06,3
8444509ffffffff-2020-07,4
8444509ffffffff-2020-08,1
8444509ffffffff-2020-09,7
8444509ffffffff-2020-10,1
8444509ffffffff-2020-11,1
8444509ffffffff-2020-12,4
8444509ffffffff-2021-02,2
8444509ffffffff-2021-03,4
8444509ffffffff-2021-04,24
8444509ffffffff-2021-05,7
8444509ffffffff-2021-07,1
8444509ffffffff-2021-08,12
8444509ffffffff-2021-09,4
8444509ffffffff-2021-10,8
8444509ffffffff-2021-11,1
8444509ffffffff-2021-12,4
8444509ffffffff-2022-02,7
8444509ffffffff-2022-03,4
8444509ffffffff-2022-04,21
8444509ffffffff-2022-05,6
8444509ffffffff-2022-08,18
8444509ffffffff-2022-09,1
8444509ffffffff-2022-10,3
8444509ffffffff-2022-11,2
8444509ffffffff-2022-12,7
8444509ffffffff-2023-01,1
8444509ffffffff-2023-03,3
8444509ffffffff-2023-04,69
8444509ffffffff-2023-05,14
8444509ffffffff-2023-06,2
8444509ffffffff-2023-07,1
8444509ffffffff-2023-08,2
8444509ffffffff-2023-11,4
844450bffffffff-2022-04,1
844450dffffffff-2012-01,4
844450dffffffff-2012-02,6
844450dffffffff-2012-03,1
844450dffffffff-2012-04,19
844450dffffffff-2012-07,1
844450dffffffff-2012-08,2
844450dffffffff-2012-09,8
844450dffffffff-2012-10,1
844450dffffffff-2012-11,2
844450dffffffff-2012-12,2
844450dffffffff-2013-01,4
844450dffffffff-2013-02,2
844450dffffffff-2013-03,5
844450dffffffff-2013-04,54
844450dffffffff-2013-05,13
844450dffffffff-2013-07,1
844450dffffffff-2013-08,1
844450dffffffff-2013-09,4
844450dffffffff-2013-10,4
844450dffffffff-2013-11,3
844450dffffffff-2013-12,1
844450dffffffff-2014-01,1
844450dffffffff-2014-02,6
844450dffffffff-2014-03,8
844450dffffffff-2014-04,26
844450dffffffff-2014-05,12
844450dffffffff-2014-07,1
844450dffffffff-2014-08,3
844450dffffffff-2014-10,8
844450dffffffff-2014-11,1
844450dffffffff-2015-01,2
844450dffffffff-2015-02,2
844450dffffffff-2015-03,6
844450dffffffff-2015-04,15
844450dffffffff-2015-06,2
844450dffffffff-2015-07,3
844450dffffffff-2015-08,8
844450dffffffff-2015-12,2
844450dffffffff-2016-01,4
844450dffffffff-2016-02,3
844450dffffffff-2016-03,7
844450dffffffff-2016-04,18
844450dffffffff-2016-07,2
844450dffffffff-2016-08,1
844450dffffffff-2016-10,1
844450dffffffff-2017-01,1
844450dffffffff-2017-02,1
844450dffffffff-2017-03,4
844450dffffffff-2017-04,18
844450dffffffff-2017-05,7
844450dffffffff-2017-06,1
844450dffffffff-2017-08,2
844450dffffffff-2017-09,5
844450dffffffff-2017-10,5
844450dffffffff-2017-11,3
844450dffffffff-2017-12,1
844450dffffffff-2018-01,2
844450dffffffff-2018-03,5
844450dffffffff-2018-04,49
844450dffffffff-2018-05,2
844450dffffffff-2018-07,9
844450dffffffff-2018-08,3
844450dffffffff-2018-09,2
844450dffffffff-2018-10,4
844450dffffffff-2018-11,2
844450dffffffff-2018-12,4
844450dffffffff-2019-01,2
844450dffffffff-2019-02,2
844450dffffffff-2019-03,2
844450dffffffff-2019-04,39
844450dffffffff-2019-05,6
844450dffffffff-2019-07,6
844450dffffffff-2019-08,3
844450dffffffff-2019-09,6
844450dffffffff-2019-10,8
844450dffffffff-2019-11,3
844450dffffffff-2019-12,2
844450dffffffff-2020-01,4
844450dffffffff-2020-02,5
844450dffffffff-2020-03,3
844450dffffffff-2020-04,3
844450dffffffff-2020-05,2
844450dffffffff-2020-06,1
844450dffffffff-2020-08,1
844450dffffffff-2020-09,9
844450dffffffff-2020-10,2
844450dffffffff-2020-11,2
844450dffffffff-2021-02,2
844450dffffffff-2021-03,1
844450dffffffff-2021-04,74
844450dffffffff-2021-05,25
844450dffffffff-2021-06,1
844450dffffffff-2021-07,2
844450dffffffff-2021-08,10
844450dffffffff-2021-09,9
844450dffffffff-2021-10,6
844450dffffffff-2021-11,10
844450dffffffff-2021-12,1
844450dffffffff-2022-02,5
844450dffffffff-2022-03,8
844450dffffffff-2022-04,30
844450dffffffff-2022-05,12
844450dffffffff-2022-07,1
844450dffffffff-2022-08,6
844450dffffffff-2022-09,12
844450dffffffff-2022-10,24
844450dffffffff-2022-11,2
844450dffffffff-2022-12,2
844450dffffffff-2023-01,4
844450dffffffff-2023-02,1
844450dffffffff-2023-03,8
844450dffffffff-2023-04,77
844450dffffffff-2023-05,2
844450dffffffff-2023-07,3
844450dffffffff-2023-08,1
844450dffffffff-2023-09,1
844450dffffffff-2023-10,8
844450dffffffff-2023-11,1
8444511ffffffff-2018-10,1
8444511ffffffff-2019-03,1
8444511ffffffff-2019-04,1
8444511ffffffff-2020-04,5
8444511ffffffff-2020-10,2
8444511ffffffff-2020-11,2
8444511ffffffff-2020-12,1
8444511ffffffff-2021-04,1
8444511ffffffff-2021-09,1
8444511ffffffff-2023-08,1
8444513ffffffff-2022-01,1
8444519ffffffff-2014-01,2
8444519ffffffff-2014-12,1
8444519ffffffff-2015-03,1
8444519ffffffff-2017-02,1
8444519ffffffff-2018-01,2
8444519ffffffff-2018-12,1
8444519ffffffff-2019-12,1
8444519ffffffff-2020-11,1
8444519ffffffff-2021-01,5
8444519ffffffff-2021-11,1
8444519ffffffff-2021-12,1
8444519ffffffff-2022-01,1
8444519ffffffff-2022-03,2
8444519ffffffff-2022-11,3
8444519ffffffff-2022-12,3
8444519ffffffff-2023-01,3
844451bffffffff-2014-12,2
844451bffffffff-2015-10,1
844451bffffffff-2016-04,1
844451bffffffff-2016-05,1
844451bffffffff-2018-01,4
844451bffffffff-2018-02,2
844451bffffffff-2018-03,5
844451bffffffff-2018-04,7
844451bffffffff-2018-10,1
844451bffffffff-2018-12,2
844451bffffffff-2021-08,2
844451bffffffff-2022-03,3
844451bffffffff-2023-10,1
844451dffffffff-2018-04,1
8444521ffffffff-2021-02,2
8444521ffffffff-2021-12,1
8444521ffffffff-2022-01,1
8444521ffffffff-2022-02,1
8444521ffffffff-2022-04,1
8444521ffffffff-2023-04,1
8444523ffffffff-2017-03,1
8444523ffffffff-2017-10,1
8444523ffffffff-2019-11,1
8444523ffffffff-2020-01,1
8444523ffffffff-2020-03,1
8444523ffffffff-2021-02,1
8444523ffffffff-2021-04,1
8444523ffffffff-2021-12,1
8444525ffffffff-2012-11,2
8444527ffffffff-2018-04,1
8444529ffffffff-2012-02,3
8444529ffffffff-2012-03,11
8444529ffffffff-2012-04,13
8444529ffffffff-2012-07,2
8444529ffffffff-2012-08,10
8444529ffffffff-2012-09,6
8444529ffffffff-2012-10,15
8444529ffffffff-2012-11,3
8444529ffffffff-2012-12,6
8444529ffffffff-2013-01,2
8444529ffffffff-2013-02,5
8444529ffffffff-2013-03,6
8444529ffffffff-2013-04,10
8444529ffffffff-2013-05,6
8444529ffffffff-2013-07,4
8444529ffffffff-2013-08,3
8444529ffffffff-2013-09,14
8444529ffffffff-2013-11,9
8444529ffffffff-2013-12,2
8444529ffffffff-2014-02,7
8444529ffffffff-2014-03,3
8444529ffffffff-2014-09,2
8444529ffffffff-2014-10,14
8444529ffffffff-2014-11,4
8444529ffffffff-2014-12,3
8444529ffffffff-2015-01,2
8444529ffffffff-2015-02,9
8444529ffffffff-2015-03,7
8444529ffffffff-2015-04,10
8444529ffffffff-2015-06,3
8444529ffffffff-2015-07,3
8444529ffffffff-2015-08,4
8444529ffffffff-2015-09,3
8444529ffffffff-2015-10,4
8444529ffffffff-2015-11,6
8444529ffffffff-2015-12,7
8444529ffffffff-2016-01,2
8444529ffffffff-2016-02,4
8444529ffffffff-2016-03,10
8444529ffffffff-2016-04,8
8444529ffffffff-2016-05,2
8444529ffffffff-2016-07,4
8444529ffffffff-2016-08,7
8444529ffffffff-2016-09,2
8444529ffffffff-2016-10,12
8444529ffffffff-2016-11,8
8444529ffffffff-2016-12,3
8444529ffffffff-2017-01,9
8444529ffffffff-2017-02,5
8444529ffffffff-2017-03,10
8444529ffffffff-2017-04,5
8444529ffffffff-2017-05,6
8444529ffffffff-2017-07,3
8444529ffffffff-2017-08,6
8444529ffffffff-2017-10,4
8444529ffffffff-2017-11,2
8444529ffffffff-2018-02,3
8444529ffffffff-2018-03,4
8444529ffffffff-2018-04,8
8444529ffffffff-2018-07,3
8444529ffffffff-2018-08,5
8444529ffffffff-2018-10,9
8444529ffffffff-2018-11,3
8444529ffffffff-2019-01,5
8444529ffffffff-2019-02,2
8444529ffffffff-2019-03,11
8444529ffffffff-2019-04,7
8444529ffffffff-2019-05,3
8444529ffffffff-2019-08,3
8444529ffffffff-2019-10,3
8444529ffffffff-2019-11,2
8444529ffffffff-2020-12,9
8444529ffffffff-2021-01,1
8444529ffffffff-2021-04,3
8444529ffffffff-2021-05,1
8444529ffffffff-2021-08,3
8444529ffffffff-2022-02,5
8444529ffffffff-2022-03,4
8444529ffffffff-2022-04,4
8444529ffffffff-2022-09,1
8444529ffffffff-2022-10,4
8444529ffffffff-2022-11,1
8444529ffffffff-2023-04,3
8444529ffffffff-2023-05,4
8444529ffffffff-2023-10,1
844452bffffffff-2015-03,1
844452bffffffff-2015-09,1
844452bffffffff-2017-03,1
844452bffffffff-2017-11,1
844452bffffffff-2017-12,1
844452bffffffff-2018-03,2
844452bffffffff-2018-08,2
844452bffffffff-2018-09,1
844452bffffffff-2019-07,3
844452bffffffff-2019-08,1
844452bffffffff-2019-10,2
844452bffffffff-2019-11,3
844452bffffffff-2020-01,1
844452bffffffff-2020-04,1
844452bffffffff-2020-05,1
844452bffffffff-2021-11,1
844452bffffffff-2022-04,1
844452bffffffff-2022-10,4
844452bffffffff-2022-12,1
844452bffffffff-2023-02,2
844452bffffffff-2023-03,1
844452bffffffff-2023-04,5
844452bffffffff-2023-10,1
844452dffffffff-2012-02,2
844452dffffffff-2012-03,5
844452dffffffff-2012-04,2
844452dffffffff-2012-07,6
844452dffffffff-2012-08,11
844452dffffffff-2012-09,9
844452dffffffff-2012-10,22
844452dffffffff-2012-11,20
844452dffffffff-2012-12,1
844452dffffffff-2013-01,2
844452dffffffff-2013-02,2
844452dffffffff-2013-03,16
844452dffffffff-2013-04,13
844452dffffffff-2013-05,20
844452dffffffff-2013-07,12
844452dffffffff-2013-08,18
844452dffffffff-2013-09,34
844452dffffffff-2013-10,22
844452dffffffff-2013-11,14
844452dffffffff-2013-12,8
844452dffffffff-2014-01,1
844452dffffffff-2014-02,1
844452dffffffff-2014-03,21
844452dffffffff-2014-04,10
844452dffffffff-2014-05,11
844452dffffffff-2014-07,8
844452dffffffff-2014-08,13
844452dffffffff-2014-09,17
844452dffffffff-2014-10,9
844452dffffffff-2014-11,9
844452dffffffff-2014-12,6
844452dffffffff-2015-01,4
844452dffffffff-2015-02,3
844452dffffffff-2015-03,8
844452dffffffff-2015-04,11
844452dffffffff-2015-05,1
844452dffffffff-2015-07,1
844452dffffffff-2015-08,12
844452dffffffff-2015-09,11
844452dffffffff-2015-10,16
844452dffffffff-2015-11,2
844452dffffffff-2015-12,5
844452dffffffff-2016-01,1
844452dffffffff-2016-02,7
844452dffffffff-2016-03,5
844452dffffffff-2016-04,7
844452dffffffff-2016-05,3
844452dffffffff-2016-07,7
844452dffffffff-2016-08,7
844452dffffffff-2016-09,13
844452dffffffff-2016-10,11
844452dffffffff-2016-11,1
844452dffffffff-2017-01,1
844452dffffffff-2017-02,5
844452dffffffff-2017-03,12
844452dffffffff-2017-04,9
844452dffffffff-2017-05,9
844452dffffffff-2017-06,1
844452dffffffff-2017-07,2
844452dffffffff-2017-08,12
844452dffffffff-2017-09,17
844452dffffffff-2017-10,4
844452dffffffff-2017-11,5
844452dffffffff-2018-03,2
844452dffffffff-2018-04,8
844452dffffffff-2018-05,1
844452dffffffff-2018-06,4
844452dffffffff-2018-07,2
844452dffffffff-2018-08,3
844452dffffffff-2018-09,9
844452dffffffff-2018-11,3
844452dffffffff-2019-02,3
844452dffffffff-2019-03,2
844452dffffffff-2019-04,6
844452dffffffff-2019-05,1
844452dffffffff-2019-07,9
844452dffffffff-2019-08,25
844452dffffffff-2019-09,43
844452dffffffff-2019-10,17
844452dffffffff-2019-11,9
844452dffffffff-2019-12,2
844452dffffffff-2020-02,53
844452dffffffff-2020-03,11
844452dffffffff-2020-04,34
844452dffffffff-2020-05,15
844452dffffffff-2020-07,18
844452dffffffff-2020-08,20
844452dffffffff-2020-09,32
844452dffffffff-2020-10,45
844452dffffffff-2020-11,15
844452dffffffff-2020-12,2
844452dffffffff-2021-01,2
844452dffffffff-2021-02,15
844452dffffffff-2021-03,3
844452dffffffff-2021-04,12
844452dffffffff-2021-05,11
844452dffffffff-2021-08,2
844452dffffffff-2021-09,8
844452dffffffff-2021-10,3
844452dffffffff-2021-11,8
844452dffffffff-2021-12,1
844452dffffffff-2022-01,3
844452dffffffff-2022-02,6
844452dffffffff-2022-03,13
844452dffffffff-2022-04,9
844452dffffffff-2022-05,4
844452dffffffff-2022-08,3
844452dffffffff-2022-09,10
844452dffffffff-2022-10,5
844452dffffffff-2022-11,12
844452dffffffff-2022-12,9
844452dffffffff-2023-02,15
844452dffffffff-2023-03,43
844452dffffffff-2023-04,14
844452dffffffff-2023-05,9
844452dffffffff-2023-06,1
844452dffffffff-2023-07,16
844452dffffffff-2023-08,28
844452dffffffff-2023-09,66
844452dffffffff-2023-10,48
844452dffffffff-2023-11,16
8444539ffffffff-2017-12,2
8444539ffffffff-2021-03,1
844453bffffffff-2018-04,1
844453dffffffff-2021-07,1
844453dffffffff-2022-04,2
8444543ffffffff-2015-07,4
844454bffffffff-2015-07,2
844454bffffffff-2021-04,2
8444551ffffffff-2012-01,1
8444551ffffffff-2012-02,1
8444551ffffffff-2012-03,1
8444551ffffffff-2012-04,1
8444551ffffffff-2012-07,3
8444551ffffffff-2012-08,1
8444551ffffffff-2012-12,2
8444551ffffffff-2013-01,1
8444551ffffffff-2013-03,2
8444551ffffffff-2013-04,3
8444551ffffffff-2013-08,1
8444551ffffffff-2014-03,1
8444551ffffffff-2014-04,5
8444551ffffffff-2014-05,1
8444551ffffffff-2014-09,1
8444551ffffffff-2014-10,3
8444551ffffffff-2014-11,2
8444551ffffffff-2014-12,4
8444551ffffffff-2015-03,3
8444551ffffffff-2015-04,2
8444551ffffffff-2015-05,5
8444551ffffffff-2015-08,3
8444551ffffffff-2015-10,1
8444551ffffffff-2015-12,2
8444551ffffffff-2016-01,1
8444551ffffffff-2016-02,1
8444551ffffffff-2016-04,8
8444551ffffffff-2016-05,1
8444551ffffffff-2016-07,1
8444551ffffffff-2016-08,2
8444551ffffffff-2016-10,1
8444551ffffffff-2017-02,1
8444551ffffffff-2017-03,6
8444551ffffffff-2017-04,4
8444551ffffffff-2017-05,2
8444551ffffffff-2017-06,2
8444551ffffffff-2017-07,1
8444551ffffffff-2017-10,2
8444551ffffffff-2018-03,5
8444551ffffffff-2018-04,3
8444551ffffffff-2018-05,2
8444551ffffffff-2018-10,1
8444551ffffffff-2018-11,1
8444551ffffffff-2019-03,1
8444551ffffffff-2019-04,3
8444551ffffffff-2019-05,1
8444551ffffffff-2019-10,2
8444551ffffffff-2020-02,1
8444551ffffffff-2020-04,2
8444551ffffffff-2020-07,1
8444551ffffffff-2021-03,10
8444551ffffffff-2021-04,4
8444551ffffffff-2022-02,1
8444551ffffffff-2022-04,2
8444551ffffffff-2022-08,1
8444551ffffffff-2023-01,3
8444551ffffffff-2023-03,1
8444551ffffffff-2023-04,1
8444551ffffffff-2023-05,2
8444551ffffffff-2023-08,1
8444553ffffffff-2014-04,1
8444553ffffffff-2017-10,1
8444553ffffffff-2018-03,1
8444553ffffffff-2019-04,1
8444553ffffffff-2020-03,1
8444555ffffffff-2012-01,7
8444555ffffffff-2012-02,15
8444555ffffffff-2012-03,10
8444555ffffffff-2012-04,14
8444555ffffffff-2012-05,3
8444555ffffffff-2012-07,2
8444555ffffffff-2012-09,4
8444555ffffffff-2012-10,3
8444555ffffffff-2012-11,5
8444555ffffffff-2012-12,6
8444555ffffffff-2013-01,12
8444555ffffffff-2013-02,14
8444555ffffffff-2013-03,18
8444555ffffffff-2013-04,12
8444555ffffffff-2013-05,9
8444555ffffffff-2013-07,1
8444555ffffffff-2013-08,5
8444555ffffffff-2013-09,10
8444555ffffffff-2013-10,10
8444555ffffffff-2013-11,5
8444555ffffffff-2013-12,7
8444555ffffffff-2014-01,9
8444555ffffffff-2014-02,13
8444555ffffffff-2014-03,17
8444555ffffffff-2014-04,22
8444555ffffffff-2014-05,19
8444555ffffffff-2014-07,2
8444555ffffffff-2014-08,6
8444555ffffffff-2014-09,10
8444555ffffffff-2014-10,14
8444555ffffffff-2014-11,11
8444555ffffffff-2014-12,4
8444555ffffffff-2015-01,23
8444555ffffffff-2015-02,10
8444555ffffffff-2015-03,15
8444555ffffffff-2015-04,16
8444555ffffffff-2015-05,4
8444555ffffffff-2015-06,1
8444555ffffffff-2015-07,6
8444555ffffffff-2015-08,13
8444555ffffffff-2015-09,24
8444555ffffffff-2015-10,27
8444555ffffffff-2015-11,17
8444555ffffffff-2015-12,6
8444555ffffffff-2016-01,26
8444555ffffffff-2016-02,11
8444555ffffffff-2016-03,29
8444555ffffffff-2016-04,20
8444555ffffffff-2016-05,7
8444555ffffffff-2016-07,2
8444555ffffffff-2016-08,14
8444555ffffffff-2016-09,29
8444555ffffffff-2016-10,16
8444555ffffffff-2016-11,11
8444555ffffffff-2016-12,5
8444555ffffffff-2017-01,5
8444555ffffffff-2017-02,17
8444555ffffffff-2017-03,29
8444555ffffffff-2017-04,46
8444555ffffffff-2017-05,31
8444555ffffffff-2017-07,22
8444555ffffffff-2017-08,24
8444555ffffffff-2017-09,43
8444555ffffffff-2017-10,51
8444555ffffffff-2017-11,30
8444555ffffffff-2017-12,5
8444555ffffffff-2018-01,12
8444555ffffffff-2018-02,17
8444555ffffffff-2018-03,36
8444555ffffffff-2018-04,54
8444555ffffffff-2018-05,44
8444555ffffffff-2018-07,7
8444555ffffffff-2018-08,7
8444555ffffffff-2018-09,19
8444555ffffffff-2018-10,15
8444555ffffffff-2018-11,16
8444555ffffffff-2018-12,11
8444555ffffffff-2019-01,23
8444555ffffffff-2019-02,20
8444555ffffffff-2019-03,26
8444555ffffffff-2019-04,53
8444555ffffffff-2019-05,21
8444555ffffffff-2019-06,4
8444555ffffffff-2019-07,1
8444555ffffffff-2019-08,9
8444555ffffffff-2019-09,25
8444555ffffffff-2019-10,15
8444555ffffffff-2019-11,25
8444555ffffffff-2019-12,7
8444555ffffffff-2020-01,17
8444555ffffffff-2020-02,11
8444555ffffffff-2020-03,15
8444555ffffffff-2020-04,13
8444555ffffffff-2020-05,6
8444555ffffffff-2020-07,4
8444555ffffffff-2020-08,10
8444555ffffffff-2020-09,15
8444555ffffffff-2020-10,11
8444555ffffffff-2020-11,11
8444555ffffffff-2020-12,5
8444555ffffffff-2021-01,19
8444555ffffffff-2021-02,9
8444555ffffffff-2021-03,11
8444555ffffffff-2021-04,43
8444555ffffffff-2021-05,7
8444555ffffffff-2021-07,9
8444555ffffffff-2021-08,6
8444555ffffffff-2021-09,6
8444555ffffffff-2021-10,11
8444555ffffffff-2021-11,10
8444555ffffffff-2021-12,13
8444555ffffffff-2022-01,9
8444555ffffffff-2022-02,36
8444555ffffffff-2022-03,28
8444555ffffffff-2022-04,41
8444555ffffffff-2022-05,9
8444555ffffffff-2022-06,2
8444555ffffffff-2022-07,9
8444555ffffffff-2022-08,13
8444555ffffffff-2022-09,20
8444555ffffffff-2022-10,41
8444555ffffffff-2022-11,17
8444555ffffffff-2022-12,16
8444555ffffffff-2023-01,35
8444555ffffffff-2023-02,10
8444555ffffffff-2023-03,19
8444555ffffffff-2023-04,41
8444555ffffffff-2023-05,13
8444555ffffffff-2023-06,16
8444555ffffffff-2023-07,16
8444555ffffffff-2023-08,18
8444555ffffffff-2023-09,14
8444555ffffffff-2023-10,8
8444555ffffffff-2023-11,29
8444557ffffffff-2017-08,1
8444557ffffffff-2018-04,2
8444557ffffffff-2021-01,3
8444557ffffffff-2023-01,3
8444559ffffffff-2012-01,2
8444559ffffffff-2012-02,1
8444559ffffffff-2012-03,1
8444559ffffffff-2012-08,1
8444559ffffffff-2012-11,1
8444559ffffffff-2012-12,1
8444559ffffffff-2013-04,1
8444559ffffffff-2014-08,1
8444559ffffffff-2016-11,1
8444559ffffffff-2019-03,1
8444559ffffffff-2019-11,1
8444559ffffffff-2022-10,1
8444559ffffffff-2023-05,3
8444559ffffffff-2023-09,1
8444559ffffffff-2023-10,1
844455bffffffff-2012-01,9
844455bffffffff-2012-02,1
844455bffffffff-2012-04,1
844455bffffffff-2012-08,1
844455bffffffff-2012-09,14
844455bffffffff-2012-12,2
844455bffffffff-2013-02,4
844455bffffffff-2013-04,3
844455bffffffff-2013-05,1
844455bffffffff-2013-11,1
844455bffffffff-2014-02,8
844455bffffffff-2014-03,3
844455bffffffff-2014-04,3
844455bffffffff-2014-08,2
844455bffffffff-2014-09,1
844455bffffffff-2014-11,2
844455bffffffff-2014-12,1
844455bffffffff-2015-02,2
844455bffffffff-2015-03,5
844455bffffffff-2015-04,3
844455bffffffff-2015-09,1
844455bffffffff-2015-10,9
844455bffffffff-2015-11,6
844455bffffffff-2016-01,2
844455bffffffff-2016-03,7
844455bffffffff-2016-04,11
844455bffffffff-2016-12,2
844455bffffffff-2017-01,2
844455bffffffff-2017-02,10
844455bffffffff-2017-03,6
844455bffffffff-2017-04,5
844455bffffffff-2017-08,2
844455bffffffff-2017-10,4
844455bffffffff-2017-12,2
844455bffffffff-2018-01,6
844455bffffffff-2018-02,2
844455bffffffff-2018-03,2
844455bffffffff-2018-04,5
844455bffffffff-2018-12,3
844455bffffffff-2019-01,8
844455bffffffff-2019-02,4
844455bffffffff-2019-03,6
844455bffffffff-2019-04,9
844455bffffffff-2019-10,6
844455bffffffff-2020-02,1
844455bffffffff-2020-03,4
844455bffffffff-2020-04,24
844455bffffffff-2020-11,1
844455bffffffff-2020-12,1
844455bffffffff-2021-01,4
844455bffffffff-2021-02,4
844455bffffffff-2021-03,4
844455bffffffff-2021-04,8
844455bffffffff-2021-05,2
844455bffffffff-2021-08,1
844455bffffffff-2021-09,3
844455bffffffff-2021-10,3
844455bffffffff-2021-11,4
844455bffffffff-2022-01,1
844455bffffffff-2022-02,1
844455bffffffff-2022-04,2
844455bffffffff-2022-05,1
844455bffffffff-2022-08,2
844455bffffffff-2022-12,1
844455bffffffff-2023-03,2
844455bffffffff-2023-04,9
844455bffffffff-2023-05,7
844455bffffffff-2023-07,3
844455bffffffff-2023-08,8
844455bffffffff-2023-09,4
844455dffffffff-2022-07,3
8444563ffffffff-2012-04,5
8444563ffffffff-2012-07,1
8444563ffffffff-2012-08,1
8444563ffffffff-2012-09,2
8444563ffffffff-2012-11,1
8444563ffffffff-2012-12,1
8444563ffffffff-2013-01,2
8444563ffffffff-2013-02,1
8444563ffffffff-2013-03,2
8444563ffffffff-2013-04,4
8444563ffffffff-2013-05,3
8444563ffffffff-2013-09,2
8444563ffffffff-2014-01,1
8444563ffffffff-2014-02,4
8444563ffffffff-2014-03,3
8444563ffffffff-2014-04,3
8444563ffffffff-2015-03,4
8444563ffffffff-2015-09,2
8444563ffffffff-2016-01,2
8444563ffffffff-2016-03,1
8444563ffffffff-2016-04,1
8444563ffffffff-2017-03,1
8444563ffffffff-2017-10,1
8444563ffffffff-2017-11,1
8444563ffffffff-2017-12,2
8444563ffffffff-2018-04,6
8444563ffffffff-2018-05,1
8444563ffffffff-2018-10,2
8444563ffffffff-2018-11,2
8444563ffffffff-2019-03,2
8444563ffffffff-2019-04,2
8444563ffffffff-2019-05,1
8444563ffffffff-2020-02,1
8444563ffffffff-2020-08,5
8444563ffffffff-2021-04,1
8444563ffffffff-2021-09,4
8444563ffffffff-2021-10,6
8444563ffffffff-2022-01,2
8444563ffffffff-2022-03,1
8444563ffffffff-2022-04,5
8444563ffffffff-2022-08,3
8444563ffffffff-2022-09,5
8444563ffffffff-2022-10,7
8444563ffffffff-2022-11,4
8444563ffffffff-2022-12,2
8444563ffffffff-2023-02,4
8444563ffffffff-2023-03,8
8444563ffffffff-2023-04,5
8444563ffffffff-2023-05,1
8444563ffffffff-2023-07,3
8444563ffffffff-2023-08,1
8444563ffffffff-2023-09,1
8444563ffffffff-2023-10,2
8444567ffffffff-2012-03,1
8444567ffffffff-2012-04,1
8444567ffffffff-2012-05,1
8444567ffffffff-2012-07,1
8444567ffffffff-2013-05,2
8444567ffffffff-2013-08,2
8444567ffffffff-2014-02,2
8444567ffffffff-2014-08,1
8444567ffffffff-2015-11,1
8444567ffffffff-2016-07,1
8444567ffffffff-2016-11,1
8444567ffffffff-2017-10,1
8444567ffffffff-2018-02,1
8444567ffffffff-2018-03,1
8444567ffffffff-2018-04,3
8444567ffffffff-2018-05,3
8444567ffffffff-2018-07,3
8444567ffffffff-2019-02,1
8444567ffffffff-2019-05,1
8444567ffffffff-2019-08,2
8444567ffffffff-2020-04,1
8444567ffffffff-2020-05,2
8444567ffffffff-2020-07,2
8444567ffffffff-2020-10,1
8444567ffffffff-2021-03,2
8444567ffffffff-2021-04,2
8444567ffffffff-2021-05,1
8444567ffffffff-2021-08,5
8444567ffffffff-2021-09,1
8444567ffffffff-2022-10,3
8444567ffffffff-2023-03,1
8444567ffffffff-2023-04,1
8444567ffffffff-2023-05,1
8444567ffffffff-2023-07,1
8444583ffffffff-2012-08,1
8444583ffffffff-2013-04,2
8444583ffffffff-2016-05,1
8444583ffffffff-2017-04,2
8444583ffffffff-2018-03,2
8444583ffffffff-2020-04,1
8444583ffffffff-2023-11,2
844458bffffffff-2012-07,1
844458bffffffff-2012-08,1
844458bffffffff-2014-04,1
844458bffffffff-2016-02,1
844458bffffffff-2016-03,2
844458bffffffff-2016-12,1
844458bffffffff-2017-07,1
844458bffffffff-2018-04,2
844458bffffffff-2020-12,1
844458bffffffff-2021-01,3
844458bffffffff-2021-03,3
844458bffffffff-2021-04,5
844458bffffffff-2021-05,2
844458bffffffff-2022-04,4
8444591ffffffff-2017-02,1
8444591ffffffff-2018-03,1
8444591ffffffff-2020-03,1
8444591ffffffff-2020-05,1
8444591ffffffff-2021-04,1
8444591ffffffff-2022-07,1
8444593ffffffff-2017-04,1
8444593ffffffff-2022-10,2
8444593ffffffff-2023-04,3
8444595ffffffff-2012-03,4
8444595ffffffff-2012-04,12
8444595ffffffff-2012-07,1
8444595ffffffff-2012-09,1
8444595ffffffff-2013-03,4
8444595ffffffff-2013-04,5
8444595ffffffff-2013-05,1
8444595ffffffff-2013-09,6
8444595ffffffff-2014-04,8
8444595ffffffff-2014-05,9
8444595ffffffff-2015-04,1
8444595ffffffff-2015-08,1
8444595ffffffff-2015-09,8
8444595ffffffff-2016-04,17
8444595ffffffff-2016-05,2
8444595ffffffff-2016-08,16
8444595ffffffff-2016-09,2
8444595ffffffff-2017-05,3
8444595ffffffff-2017-07,1
8444595ffffffff-2018-03,6
8444595ffffffff-2018-04,16
8444595ffffffff-2020-03,4
8444595ffffffff-2020-04,4
8444595ffffffff-2020-05,2
8444595ffffffff-2021-04,15
8444595ffffffff-2021-05,8
8444595ffffffff-2021-07,52
8444595ffffffff-2021-08,8
8444595ffffffff-2021-09,5
8444595ffffffff-2022-03,1
8444595ffffffff-2022-04,7
8444595ffffffff-2022-07,1
8444595ffffffff-2023-02,2
8444595ffffffff-2023-04,1
8444595ffffffff-2023-07,7
8444595ffffffff-2023-08,3
8444597ffffffff-2013-08,2
8444597ffffffff-2014-09,1
8444597ffffffff-2015-04,2
8444597ffffffff-2016-03,1
8444597ffffffff-2016-04,2
8444597ffffffff-2017-01,2
8444597ffffffff-2017-04,2
8444597ffffffff-2018-04,4
8444597ffffffff-2019-05,1
8444597ffffffff-2019-10,2
8444597ffffffff-2020-04,1
8444597ffffffff-2020-05,2
8444597ffffffff-2020-08,1
8444597ffffffff-2020-09,5
8444597ffffffff-2020-11,1
8444597ffffffff-2021-08,1
8444597ffffffff-2021-09,2
8444597ffffffff-2022-05,1
8444597ffffffff-2022-08,2
8444597ffffffff-2023-04,1
8444599ffffffff-2014-08,1
8444599ffffffff-2014-09,1
8444599ffffffff-2016-09,6
8444599ffffffff-2017-05,1
8444599ffffffff-2018-04,4
8444599ffffffff-2022-05,2
8444599ffffffff-2022-08,12
8444599ffffffff-2022-12,1
8444599ffffffff-2023-04,1
8444599ffffffff-2023-11,1
844459bffffffff-2014-04,2
844459bffffffff-2019-04,1
844459bffffffff-2019-05,1
844459bffffffff-2021-01,2
844459bffffffff-2021-04,1
844459bffffffff-2022-10,2
844459bffffffff-2023-05,2
844459bffffffff-2023-09,2
844459dffffffff-2013-09,4
844459dffffffff-2014-07,2
844459dffffffff-2014-08,2
844459dffffffff-2014-09,18
844459dffffffff-2015-08,9
844459dffffffff-2016-04,1
844459dffffffff-2017-02,1
844459dffffffff-2017-07,2
844459dffffffff-2018-08,6
844459dffffffff-2021-12,2
84445a1ffffffff-2015-04,6
84445a1ffffffff-2017-04,1
84445a1ffffffff-2017-05,1
84445a1ffffffff-2018-04,3
84445a1ffffffff-2018-11,1
84445a1ffffffff-2018-12,1
84445a1ffffffff-2019-03,1
84445a1ffffffff-2019-04,14
84445a1ffffffff-2019-05,4
84445a1ffffffff-2020-04,20
84445a1ffffffff-2020-05,2
84445a1ffffffff-2020-08,1
84445a1ffffffff-2020-11,2
84445a1ffffffff-2021-03,5
84445a1ffffffff-2021-04,13
84445a1ffffffff-2021-05,2
84445a1ffffffff-2021-08,5
84445a1ffffffff-2021-12,1
84445a1ffffffff-2022-02,1
84445a1ffffffff-2022-03,1
84445a1ffffffff-2022-04,8
84445a1ffffffff-2023-03,3
84445a3ffffffff-2012-07,1
84445a3ffffffff-2012-08,1
84445a3ffffffff-2012-09,1
84445a3ffffffff-2012-10,1
84445a3ffffffff-2012-11,1
84445a3ffffffff-2013-09,1
84445a3ffffffff-2016-09,1
84445a3ffffffff-2017-08,1
84445a3ffffffff-2017-11,1
84445a3ffffffff-2017-12,1
84445a3ffffffff-2018-03,2
84445a3ffffffff-2018-04,1
84445a3ffffffff-2018-07,1
84445a3ffffffff-2018-08,1
84445a3ffffffff-2018-10,2
84445a3ffffffff-2018-11,2
84445a3ffffffff-2019-08,1
84445a3ffffffff-2019-09,10
84445a3ffffffff-2021-07,1
84445a3ffffffff-2021-09,1
84445a3ffffffff-2022-03,2
84445a3ffffffff-2022-08,1
84445a3ffffffff-2022-10,1
84445a3ffffffff-2023-03,3
84445a5ffffffff-2018-10,2
84445a9ffffffff-2012-03,1
84445a9ffffffff-2012-04,2
84445a9ffffffff-2013-04,1
84445a9ffffffff-2014-08,4
84445a9ffffffff-2014-09,1
84445a9ffffffff-2014-11,1
84445a9ffffffff-2014-12,1
84445a9ffffffff-2015-08,1
84445a9ffffffff-2015-09,4
84445a9ffffffff-2015-10,1
84445a9ffffffff-2016-09,2
84445a9ffffffff-2016-11,1
84445a9ffffffff-2017-03,1
84445a9ffffffff-2017-04,2
84445a9ffffffff-2017-08,1
84445a9ffffffff-2017-09,9
84445a9ffffffff-2017-10,7
84445a9ffffffff-2018-03,5
84445a9ffffffff-2018-04,3
84445a9ffffffff-2018-09,1
84445a9ffffffff-2018-10,1
84445a9ffffffff-2019-04,1
84445a9ffffffff-2019-05,4
84445a9ffffffff-2019-09,6
84445a9ffffffff-2019-10,2
84445a9ffffffff-2020-03,7
84445a9ffffffff-2020-04,11
84445a9ffffffff-2020-05,1
84445a9ffffffff-2020-12,1
84445a9ffffffff-2021-04,1
84445a9ffffffff-2021-09,2
84445a9ffffffff-2022-03,1
84445a9ffffffff-2022-08,1
84445a9ffffffff-2022-09,14
84445a9ffffffff-2022-10,10
84445a9ffffffff-2023-03,1
84445a9ffffffff-2023-04,3
84445a9ffffffff-2023-05,1
84445a9ffffffff-2023-08,1
84445abffffffff-2016-07,3
84445abffffffff-2016-08,9
84445abffffffff-2016-09,1
84445abffffffff-2017-05,1
84445abffffffff-2018-08,1
84445abffffffff-2019-06,1
84445abffffffff-2020-08,3
84445abffffffff-2021-05,1
84445abffffffff-2021-07,1
84445abffffffff-2021-08,4
84445abffffffff-2022-04,1
84445abffffffff-2022-05,1
84445adffffffff-2015-08,1
84445adffffffff-2015-12,3
84445adffffffff-2016-03,3
84445adffffffff-2016-04,3
84445adffffffff-2016-05,4
84445adffffffff-2016-09,2
84445adffffffff-2017-02,1
84445adffffffff-2017-04,5
84445adffffffff-2017-05,3
84445adffffffff-2017-07,3
84445adffffffff-2017-08,6
84445adffffffff-2017-09,4
84445adffffffff-2017-10,2
84445adffffffff-2018-03,2
84445adffffffff-2018-04,3
84445adffffffff-2018-05,7
84445adffffffff-2018-07,4
84445adffffffff-2018-08,3
84445adffffffff-2018-09,3
84445adffffffff-2018-10,1
84445adffffffff-2019-05,6
84445adffffffff-2019-07,2
84445adffffffff-2019-08,10
84445adffffffff-2019-09,7
84445adffffffff-2020-03,2
84445adffffffff-2020-04,11
84445adffffffff-2020-05,14
84445adffffffff-2020-06,1
84445adffffffff-2020-07,20
84445adffffffff-2020-08,9
84445adffffffff-2020-10,1
84445adffffffff-2020-11,1
84445adffffffff-2021-04,5
84445adffffffff-2021-05,5
84445adffffffff-2021-07,2
84445adffffffff-2021-08,7
84445adffffffff-2021-09,1
84445adffffffff-2021-10,9
84445adffffffff-2022-02,2
84445adffffffff-2022-03,1
84445adffffffff-2022-04,23
84445adffffffff-2022-05,7
84445adffffffff-2022-07,7
84445adffffffff-2022-08,8
84445adffffffff-2022-09,3
84445adffffffff-2022-10,6
84445adffffffff-2023-01,1
84445adffffffff-2023-03,4
84445adffffffff-2023-04,17
84445adffffffff-2023-05,5
84445adffffffff-2023-06,1
84445adffffffff-2023-07,11
84445adffffffff-2023-08,17
84445adffffffff-2023-09,4
84445b1ffffffff-2012-04,12
84445b1ffffffff-2012-07,1
84445b1ffffffff-2012-10,2
84445b1ffffffff-2013-05,3
84445b1ffffffff-2013-07,7
84445b1ffffffff-2013-10,3
84445b1ffffffff-2014-04,1
84445b1ffffffff-2014-05,2
84445b1ffffffff-2014-09,1
84445b1ffffffff-2017-04,2
84445b1ffffffff-2018-04,19
84445b1ffffffff-2020-04,3
84445b1ffffffff-2020-08,1
84445b1ffffffff-2020-10,3
84445b1ffffffff-2021-05,3
84445b1ffffffff-2021-10,2
84445b1ffffffff-2023-05,1
84445b1ffffffff-2023-08,1
84445b1ffffffff-2023-09,1
84445b1ffffffff-2023-10,1
84445b3ffffffff-2018-08,2
84445b3ffffffff-2021-10,1
84445b5ffffffff-2021-02,1
84445b7ffffffff-2012-08,1
84445b7ffffffff-2020-05,3
84445b9ffffffff-2016-10,1
84445b9ffffffff-2017-04,2
84445b9ffffffff-2019-04,1
84445bbffffffff-2013-12,1
84445bbffffffff-2014-03,1
84445bbffffffff-2014-10,1
84445bbffffffff-2016-03,2
84445bbffffffff-2016-12,1
84445bbffffffff-2017-01,2
84445bbffffffff-2017-12,5
84445bbffffffff-2018-03,1
84445bbffffffff-2020-03,1
84445bbffffffff-2020-04,3
84445bbffffffff-2020-08,4
84445bbffffffff-2020-09,5
84445bbffffffff-2020-12,5
84445bbffffffff-2021-01,2
84445bbffffffff-2021-11,1
84445bbffffffff-2021-12,3
84445bbffffffff-2022-01,1
84445bbffffffff-2022-03,1
84445bbffffffff-2022-04,1
84445bbffffffff-2022-12,1
84445bbffffffff-2023-01,1
84445c1ffffffff-2012-04,1
84445c1ffffffff-2023-04,1
84445c1ffffffff-2023-08,1
84445c1ffffffff-2023-11,1
84445c3ffffffff-2019-03,1
84445c3ffffffff-2020-04,4
84445c3ffffffff-2021-03,1
84445c3ffffffff-2021-04,3
84445c3ffffffff-2021-08,1
84445c3ffffffff-2022-02,1
84445c3ffffffff-2022-03,6
84445c3ffffffff-2022-04,3
84445c3ffffffff-2023-08,1
84445c3ffffffff-2023-09,1
84445c7ffffffff-2012-04,1
84445c7ffffffff-2013-04,4
84445c7ffffffff-2013-05,1
84445c7ffffffff-2015-03,4
84445c7ffffffff-2016-03,3
84445c7ffffffff-2016-04,8
84445c7ffffffff-2016-05,3
84445c7ffffffff-2017-03,1
84445c7ffffffff-2018-04,3
84445c7ffffffff-2020-03,1
84445c7ffffffff-2020-04,6
84445c7ffffffff-2020-05,2
84445c7ffffffff-2021-04,1
84445c7ffffffff-2021-05,2
84445c7ffffffff-2022-02,1
84445c7ffffffff-2022-03,1
84445c7ffffffff-2022-04,1
84445c7ffffffff-2022-05,5
84445c7ffffffff-2023-03,5
84445c7ffffffff-2023-04,21
84445c7ffffffff-2023-05,4
84445d1ffffffff-2012-04,1
84445d1ffffffff-2016-01,1
84445d1ffffffff-2017-04,1
84445d1ffffffff-2018-04,2
84445d1ffffffff-2018-09,1
84445d1ffffffff-2018-11,1
84445d1ffffffff-2019-07,1
84445d1ffffffff-2019-09,7
84445d1ffffffff-2020-10,1
84445d1ffffffff-2020-12,1
84445d1ffffffff-2021-08,2
84445d1ffffffff-2021-10,1
84445d1ffffffff-2023-08,1
84445d1ffffffff-2023-09,1
84445d3ffffffff-2013-08,4
84445d3ffffffff-2013-09,2
84445d3ffffffff-2014-08,2
84445d3ffffffff-2014-09,1
84445d3ffffffff-2015-08,2
84445d3ffffffff-2015-09,1
84445d3ffffffff-2016-01,1
84445d3ffffffff-2016-03,3
84445d3ffffffff-2016-08,4
84445d3ffffffff-2016-09,6
84445d3ffffffff-2017-01,1
84445d3ffffffff-2017-04,1
84445d3ffffffff-2017-09,2
84445d3ffffffff-2018-04,1
84445d3ffffffff-2021-08,1
84445d3ffffffff-2021-11,1
84445d3ffffffff-2022-11,1
84445d5ffffffff-2013-08,1
84445d5ffffffff-2013-09,4
84445d5ffffffff-2013-10,3
84445d5ffffffff-2014-05,1
84445d5ffffffff-2015-04,1
84445d5ffffffff-2015-07,1
84445d5ffffffff-2015-08,1
84445d5ffffffff-2016-05,3
84445d5ffffffff-2016-08,1
84445d5ffffffff-2016-09,2
84445d5ffffffff-2016-10,3
84445d5ffffffff-2017-04,5
84445d5ffffffff-2017-08,1
84445d5ffffffff-2017-09,18
84445d5ffffffff-2018-03,1
84445d5ffffffff-2018-04,4
84445d5ffffffff-2018-07,1
84445d5ffffffff-2018-08,1
84445d5ffffffff-2019-05,2
84445d5ffffffff-2019-08,1
84445d5ffffffff-2019-09,4
84445d5ffffffff-2020-04,1
84445d5ffffffff-2020-08,1
84445d5ffffffff-2020-12,1
84445d5ffffffff-2021-01,1
84445d5ffffffff-2021-03,4
84445d5ffffffff-2021-04,9
84445d5ffffffff-2021-05,1
84445d5ffffffff-2021-08,10
84445d5ffffffff-2021-09,9
84445d5ffffffff-2022-04,2
84445d5ffffffff-2022-05,3
84445d5ffffffff-2022-07,6
84445d5ffffffff-2022-08,5
84445d5ffffffff-2022-09,8
84445d5ffffffff-2023-03,3
84445d5ffffffff-2023-05,5
84445d5ffffffff-2023-07,5
84445d5ffffffff-2023-08,29
84445d5ffffffff-2023-09,4
84445d7ffffffff-2012-09,3
84445d7ffffffff-2012-10,1
84445d7ffffffff-2013-07,1
84445d7ffffffff-2013-08,3
84445d7ffffffff-2013-09,13
84445d7ffffffff-2013-10,2
84445d7ffffffff-2014-08,1
84445d7ffffffff-2014-10,2
84445d7ffffffff-2015-04,2
84445d7ffffffff-2015-07,1
84445d7ffffffff-2015-08,6
84445d7ffffffff-2015-09,1
84445d7ffffffff-2015-10,2
84445d7ffffffff-2016-04,1
84445d7ffffffff-2016-09,2
84445d7ffffffff-2016-10,4
84445d7ffffffff-2017-09,22
84445d7ffffffff-2018-02,1
84445d7ffffffff-2018-04,2
84445d7ffffffff-2018-09,1
84445d7ffffffff-2018-10,12
84445d7ffffffff-2019-09,4
84445d7ffffffff-2019-10,5
84445d7ffffffff-2019-11,2
84445d7ffffffff-2020-08,5
84445d7ffffffff-2020-09,3
84445d7ffffffff-2020-10,7
84445d7ffffffff-2021-04,5
84445d7ffffffff-2021-08,2
84445d7ffffffff-2021-09,1
84445d7ffffffff-2021-10,34
84445d7ffffffff-2021-11,2
84445d7ffffffff-2022-01,1
84445d7ffffffff-2022-04,3
84445d7ffffffff-2022-10,13
84445d7ffffffff-2023-04,33
84445d7ffffffff-2023-05,2
84445d7ffffffff-2023-09,23
84445d7ffffffff-2023-10,29
84445d7ffffffff-2023-11,9
84445d9ffffffff-2012-04,1
84445d9ffffffff-2019-01,2
84445d9ffffffff-2019-03,1
84445d9ffffffff-2019-10,2
84445d9ffffffff-2020-02,1
84445d9ffffffff-2020-03,1
84445d9ffffffff-2020-07,1
84445d9ffffffff-2022-03,3
84445d9ffffffff-2022-05,1
84445d9ffffffff-2023-03,1
84445dbffffffff-2016-03,3
84445dbffffffff-2017-04,1
84445dbffffffff-2017-09,3
84445dbffffffff-2018-09,1
84445dbffffffff-2019-03,1
84445dbffffffff-2019-10,1
84445dbffffffff-2023-04,1
84445dbffffffff-2023-05,2
84445ddffffffff-2014-02,1
84445ddffffffff-2014-05,1
84445ddffffffff-2015-02,1
84445ddffffffff-2016-05,1
84445ddffffffff-2017-04,1
84445ddffffffff-2018-03,1
84445ddffffffff-2018-04,4
84445ddffffffff-2019-11,1
84445ddffffffff-2022-07,2
84445ddffffffff-2022-10,1
84445ddffffffff-2022-11,1
84445ddffffffff-2023-02,7
84445ddffffffff-2023-03,2
84445ddffffffff-2023-07,2
84445ddffffffff-2023-08,2
84445ddffffffff-2023-09,2
84445ddffffffff-2023-10,1
84445e1ffffffff-2012-04,1
84445e1ffffffff-2013-03,2
84445e1ffffffff-2013-04,1
84445e1ffffffff-2014-02,1
84445e1ffffffff-2014-03,1
84445e1ffffffff-2014-04,1
84445e1ffffffff-2018-08,1
84445e1ffffffff-2022-11,1
84445e1ffffffff-2023-03,1
84445e5ffffffff-2018-11,1
84445e7ffffffff-2021-08,2
84445e7ffffffff-2022-04,1
84445e7ffffffff-2022-09,4
84445e7ffffffff-2023-04,1
84445e7ffffffff-2023-08,1
84445edffffffff-2017-12,1
84445edffffffff-2018-12,2
84445edffffffff-2019-01,1
8444613ffffffff-2012-05,2
8444633ffffffff-2012-01,5
8444633ffffffff-2012-02,4
8444633ffffffff-2012-03,2
8444633ffffffff-2012-04,38
8444633ffffffff-2012-05,8
8444633ffffffff-2012-07,4
8444633ffffffff-2012-09,6
8444633ffffffff-2012-10,10
8444633ffffffff-2012-12,6
8444633ffffffff-2013-02,1
8444633ffffffff-2013-03,7
8444633ffffffff-2013-04,43
8444633ffffffff-2013-05,2
8444633ffffffff-2013-09,1
8444633ffffffff-2013-10,1
8444633ffffffff-2013-12,2
8444633ffffffff-2014-03,10
8444633ffffffff-2014-04,46
8444633ffffffff-2014-05,2
8444633ffffffff-2014-09,5
8444633ffffffff-2014-10,20
8444633ffffffff-2014-11,2
8444633ffffffff-2014-12,10
8444633ffffffff-2015-01,10
8444633ffffffff-2015-02,1
8444633ffffffff-2015-03,4
8444633ffffffff-2015-04,33
8444633ffffffff-2015-05,21
8444633ffffffff-2015-08,3
8444633ffffffff-2015-10,5
8444633ffffffff-2015-12,2
8444633ffffffff-2016-01,1
8444633ffffffff-2016-03,2
8444633ffffffff-2016-04,65
8444633ffffffff-2016-05,6
8444633ffffffff-2016-07,1
8444633ffffffff-2016-09,1
8444633ffffffff-2016-10,1
8444633ffffffff-2016-11,1
8444633ffffffff-2016-12,6
8444633ffffffff-2017-02,2
8444633ffffffff-2017-04,38
8444633ffffffff-2017-05,10
8444633ffffffff-2017-09,2
8444633ffffffff-2017-10,6
8444633ffffffff-2017-11,1
8444633ffffffff-2017-12,10
8444633ffffffff-2018-01,10
8444633ffffffff-2018-03,22
8444633ffffffff-2018-04,107
8444633ffffffff-2018-05,23
8444633ffffffff-2018-08,1
8444633ffffffff-2018-09,2
8444633ffffffff-2018-10,8
8444633ffffffff-2018-11,17
8444633ffffffff-2019-01,4
8444633ffffffff-2019-03,4
8444633ffffffff-2019-04,56
8444633ffffffff-2019-05,8
8444633ffffffff-2019-11,1
8444633ffffffff-2019-12,3
8444633ffffffff-2020-04,2
8444633ffffffff-2020-11,1
8444633ffffffff-2021-01,10
8444633ffffffff-2021-03,2
8444633ffffffff-2021-04,25
8444633ffffffff-2021-05,10
8444633ffffffff-2021-08,3
8444633ffffffff-2021-09,4
8444633ffffffff-2021-11,1
8444633ffffffff-2021-12,1
8444633ffffffff-2022-01,5
8444633ffffffff-2022-02,5
8444633ffffffff-2022-03,14
8444633ffffffff-2022-04,71
8444633ffffffff-2022-05,14
8444633ffffffff-2022-10,14
8444633ffffffff-2022-11,5
8444633ffffffff-2023-01,10
8444633ffffffff-2023-03,8
8444633ffffffff-2023-04,103
8444633ffffffff-2023-05,6
8444633ffffffff-2023-06,1
8444633ffffffff-2023-07,3
8444633ffffffff-2023-09,5
8444633ffffffff-2023-10,8
8444633ffffffff-2023-11,2
8444637ffffffff-2012-03,3
8444637ffffffff-2012-04,14
8444637ffffffff-2012-10,2
8444637ffffffff-2012-11,2
8444637ffffffff-2014-02,1
8444637ffffffff-2014-03,1
8444637ffffffff-2014-04,4
8444637ffffffff-2014-07,3
8444637ffffffff-2015-03,10
8444637ffffffff-2015-04,6
8444637ffffffff-2015-06,1
8444637ffffffff-2015-08,2
8444637ffffffff-2015-09,5
8444637ffffffff-2016-03,1
8444637ffffffff-2016-04,3
8444637ffffffff-2016-10,2
8444637ffffffff-2016-11,1
8444637ffffffff-2017-04,7
8444637ffffffff-2017-05,2
8444637ffffffff-2018-01,1
8444637ffffffff-2018-03,22
8444637ffffffff-2018-04,20
8444637ffffffff-2018-05,4
8444637ffffffff-2018-08,1
8444637ffffffff-2018-11,1
8444637ffffffff-2019-01,1
8444637ffffffff-2019-02,7
8444637ffffffff-2019-03,2
8444637ffffffff-2019-04,9
8444637ffffffff-2019-05,2
8444637ffffffff-2019-09,2
8444637ffffffff-2019-11,1
8444637ffffffff-2020-03,1
8444637ffffffff-2020-04,3
8444637ffffffff-2020-08,5
8444637ffffffff-2021-04,3
8444637ffffffff-2022-01,1
8444637ffffffff-2022-02,1
8444637ffffffff-2022-03,1
8444637ffffffff-2022-04,12
8444637ffffffff-2022-05,4
8444637ffffffff-2022-07,2
8444637ffffffff-2022-09,2
8444637ffffffff-2023-02,1
8444637ffffffff-2023-03,9
8444637ffffffff-2023-04,3
8444637ffffffff-2023-05,1
8444637ffffffff-2023-10,7
8444637ffffffff-2023-11,2
8444685ffffffff-2015-04,3
8444685ffffffff-2023-04,1
8444687ffffffff-2017-04,2
8444687ffffffff-2021-04,1
8444687ffffffff-2023-08,1
8444687ffffffff-2023-09,1
844468bffffffff-2012-05,1
844468bffffffff-2012-09,2
844468bffffffff-2013-09,1
844468bffffffff-2014-09,2
844468bffffffff-2014-11,1
844468bffffffff-2017-10,4
844468bffffffff-2019-11,2
844468bffffffff-2019-12,1
844468bffffffff-2020-11,1
844468bffffffff-2021-01,1
844468bffffffff-2021-02,1
844468bffffffff-2021-03,2
844468bffffffff-2021-04,8
844468bffffffff-2021-09,4
844468bffffffff-2021-10,1
844468dffffffff-2016-03,2
844468dffffffff-2016-04,2
844468dffffffff-2017-04,1
844468dffffffff-2018-04,1
844468dffffffff-2018-11,3
844468dffffffff-2019-01,1
844468dffffffff-2022-04,2
8444691ffffffff-2016-03,3
8444691ffffffff-2016-04,3
8444691ffffffff-2016-12,1
8444691ffffffff-2019-01,1
8444691ffffffff-2019-05,2
8444691ffffffff-2022-03,1
8444691ffffffff-2022-04,2
8444691ffffffff-2023-04,2
8444693ffffffff-2013-05,1
8444693ffffffff-2013-09,5
8444693ffffffff-2013-10,11
8444693ffffffff-2013-11,9
8444693ffffffff-2013-12,2
8444693ffffffff-2014-01,4
8444693ffffffff-2014-02,6
8444693ffffffff-2014-03,13
8444693ffffffff-2014-04,22
8444693ffffffff-2014-05,15
8444693ffffffff-2014-06,7
8444693ffffffff-2014-07,3
8444693ffffffff-2014-08,35
8444693ffffffff-2014-09,12
8444693ffffffff-2014-10,12
8444693ffffffff-2014-12,7
8444693ffffffff-2015-01,5
8444693ffffffff-2015-02,2
8444693ffffffff-2015-03,3
8444693ffffffff-2015-04,16
8444693ffffffff-2015-05,1
8444693ffffffff-2015-08,3
8444693ffffffff-2015-09,18
8444693ffffffff-2015-10,6
8444693ffffffff-2016-01,4
8444693ffffffff-2016-02,1
8444693ffffffff-2016-03,1
8444693ffffffff-2016-04,9
8444693ffffffff-2016-05,21
8444693ffffffff-2016-07,8
8444693ffffffff-2016-10,1
8444693ffffffff-2017-03,2
8444693ffffffff-2017-04,8
8444693ffffffff-2017-05,10
8444693ffffffff-2017-06,1
8444693ffffffff-2017-07,2
8444693ffffffff-2017-08,8
8444693ffffffff-2017-09,2
8444693ffffffff-2017-10,6
8444693ffffffff-2018-01,3
8444693ffffffff-2018-03,3
8444693ffffffff-2018-04,16
8444693ffffffff-2018-05,8
8444693ffffffff-2018-06,1
8444693ffffffff-2018-07,9
8444693ffffffff-2018-08,11
8444693ffffffff-2018-09,2
8444693ffffffff-2019-03,7
8444693ffffffff-2019-04,9
8444693ffffffff-2019-07,11
8444693ffffffff-2019-09,3
8444693ffffffff-2019-10,1
8444693ffffffff-2019-12,1
8444693ffffffff-2020-01,2
8444693ffffffff-2020-02,4
8444693ffffffff-2020-03,2
8444693ffffffff-2020-04,5
8444693ffffffff-2020-05,18
8444693ffffffff-2021-02,1
8444693ffffffff-2021-03,3
8444693ffffffff-2021-04,7
8444693ffffffff-2021-05,3
8444693ffffffff-2021-10,1
8444693ffffffff-2021-12,1
8444693ffffffff-2022-02,2
8444693ffffffff-2022-04,14
8444693ffffffff-2022-05,1
8444693ffffffff-2022-07,1
8444693ffffffff-2022-09,1
8444693ffffffff-2022-10,1
8444693ffffffff-2022-11,1
8444693ffffffff-2023-02,1
8444693ffffffff-2023-03,2
8444693ffffffff-2023-04,28
8444693ffffffff-2023-05,13
8444693ffffffff-2023-08,9
8444693ffffffff-2023-10,2
8444697ffffffff-2014-04,7
8444699ffffffff-2014-03,4
8444699ffffffff-2018-03,1
8444699ffffffff-2018-04,1
8444699ffffffff-2018-11,1
8444699ffffffff-2020-01,1
8444699ffffffff-2020-04,1
8444699ffffffff-2021-04,2
8444699ffffffff-2021-10,1
8444699ffffffff-2021-12,2
8444699ffffffff-2022-11,1
8444699ffffffff-2023-03,3
8444699ffffffff-2023-04,9
844469bffffffff-2014-04,1
844469bffffffff-2018-10,3
844469bffffffff-2018-11,1
844469bffffffff-2019-08,1
844469bffffffff-2020-11,2
844469bffffffff-2023-04,1
844469bffffffff-2023-10,1
844469dffffffff-2014-04,1
844469dffffffff-2015-09,1
844469dffffffff-2016-03,1
844469dffffffff-2018-05,1
844469dffffffff-2019-04,1
844469dffffffff-2020-11,1
844469dffffffff-2021-04,4
844469dffffffff-2021-10,1
844469dffffffff-2021-12,2
844469dffffffff-2022-03,3
844469dffffffff-2022-04,1
844469dffffffff-2022-08,4
844469dffffffff-2023-03,3
844469dffffffff-2023-04,8
84446a1ffffffff-2016-12,1
84446a3ffffffff-2016-11,1
84446a3ffffffff-2018-04,1
84446a5ffffffff-2019-07,1
84446a5ffffffff-2019-08,1
84446a5ffffffff-2020-04,3
84446abffffffff-2012-04,1
84446abffffffff-2017-04,1
84446abffffffff-2018-04,4
84446abffffffff-2021-05,6
84446abffffffff-2022-10,1
84446abffffffff-2023-04,4
84446abffffffff-2023-08,1
84446adffffffff-2015-07,1
84446adffffffff-2016-04,1
84446adffffffff-2022-10,1
84446b1ffffffff-2021-04,1
84446b1ffffffff-2021-05,1
84446b1ffffffff-2023-04,1
84446b1ffffffff-2023-05,1
84446b3ffffffff-2013-03,2
84446b3ffffffff-2013-04,3
84446b3ffffffff-2013-05,6
84446b3ffffffff-2013-09,1
84446b3ffffffff-2020-11,1
84446b5ffffffff-2020-01,1
84446b5ffffffff-2020-02,1
84446b5ffffffff-2020-03,3
84446b5ffffffff-2020-04,1
84446b5ffffffff-2021-09,2
84446b5ffffffff-2022-03,1
84446b5ffffffff-2023-03,3
84446b7ffffffff-2012-03,1
84446b7ffffffff-2013-05,1
84446b7ffffffff-2018-04,2
84446b7ffffffff-2022-05,2
84446b7ffffffff-2023-03,1
84446b7ffffffff-2023-11,2
84446b9ffffffff-2013-04,8
84446b9ffffffff-2014-04,1
84446b9ffffffff-2017-04,1
84446b9ffffffff-2018-04,4
84446b9ffffffff-2018-07,1
84446b9ffffffff-2019-04,2
84446b9ffffffff-2020-04,2
84446b9ffffffff-2020-05,1
84446b9ffffffff-2021-09,2
84446b9ffffffff-2022-04,1
84446b9ffffffff-2022-05,1
84446bbffffffff-2012-01,2
84446bdffffffff-2013-04,1
84446bdffffffff-2013-11,1
84446bdffffffff-2023-05,2
84446bdffffffff-2023-08,2
84446bdffffffff-2023-09,8
84446bdffffffff-2023-10,1
84446bdffffffff-2023-11,3
84446c1ffffffff-2012-01,12
84446c1ffffffff-2012-02,3
84446c1ffffffff-2012-03,1
84446c1ffffffff-2012-04,5
84446c1ffffffff-2012-05,3
84446c1ffffffff-2012-07,5
84446c1ffffffff-2012-08,2
84446c1ffffffff-2012-09,10
84446c1ffffffff-2012-10,6
84446c1ffffffff-2012-11,27
84446c1ffffffff-2012-12,20
84446c1ffffffff-2013-01,25
84446c1ffffffff-2013-02,9
84446c1ffffffff-2013-03,73
84446c1ffffffff-2013-04,56
84446c1ffffffff-2013-05,42
84446c1ffffffff-2013-07,5
84446c1ffffffff-2013-08,6
84446c1ffffffff-2013-09,2
84446c1ffffffff-2013-10,2
84446c1ffffffff-2013-11,3
84446c1ffffffff-2013-12,11
84446c1ffffffff-2014-01,27
84446c1ffffffff-2014-02,47
84446c1ffffffff-2014-03,24
84446c1ffffffff-2014-04,31
84446c1ffffffff-2014-05,16
84446c1ffffffff-2014-06,1
84446c1ffffffff-2014-07,4
84446c1ffffffff-2014-08,2
84446c1ffffffff-2014-09,3
84446c1ffffffff-2014-10,2
84446c1ffffffff-2014-11,11
84446c1ffffffff-2014-12,15
84446c1ffffffff-2015-01,19
84446c1ffffffff-2015-02,17
84446c1ffffffff-2015-03,6
84446c1ffffffff-2015-04,14
84446c1ffffffff-2015-05,12
84446c1ffffffff-2015-06,1
84446c1ffffffff-2015-07,1
84446c1ffffffff-2015-09,3
84446c1ffffffff-2015-11,1
84446c1ffffffff-2015-12,6
84446c1ffffffff-2016-01,8
84446c1ffffffff-2016-02,7
84446c1ffffffff-2016-03,22
84446c1ffffffff-2016-04,12
84446c1ffffffff-2016-05,2
84446c1ffffffff-2016-07,4
84446c1ffffffff-2016-08,3
84446c1ffffffff-2016-09,11
84446c1ffffffff-2016-10,20
84446c1ffffffff-2016-11,2
84446c1ffffffff-2016-12,3
84446c1ffffffff-2017-03,1
84446c1ffffffff-2017-04,17
84446c1ffffffff-2017-05,9
84446c1ffffffff-2017-06,2
84446c1ffffffff-2017-08,5
84446c1ffffffff-2017-10,2
84446c1ffffffff-2017-11,2
84446c1ffffffff-2017-12,2
84446c1ffffffff-2018-01,6
84446c1ffffffff-2018-02,7
84446c1ffffffff-2018-03,19
84446c1ffffffff-2018-04,21
84446c1ffffffff-2018-05,4
84446c1ffffffff-2018-07,2
84446c1ffffffff-2018-08,1
84446c1ffffffff-2018-10,1
84446c1ffffffff-2018-12,4
84446c1ffffffff-2019-01,1
84446c1ffffffff-2019-03,6
84446c1ffffffff-2019-04,36
84446c1ffffffff-2019-07,8
84446c1ffffffff-2019-08,2
84446c1ffffffff-2019-10,1
84446c1ffffffff-2019-11,7
84446c1ffffffff-2019-12,5
84446c1ffffffff-2020-01,10
84446c1ffffffff-2020-02,4
84446c1ffffffff-2020-03,14
84446c1ffffffff-2020-04,59
84446c1ffffffff-2020-05,10
84446c1ffffffff-2020-06,2
84446c1ffffffff-2020-07,4
84446c1ffffffff-2020-09,2
84446c1ffffffff-2020-11,1
84446c1ffffffff-2020-12,9
84446c1ffffffff-2021-01,4
84446c1ffffffff-2021-02,4
84446c1ffffffff-2021-03,14
84446c1ffffffff-2021-04,37
84446c1ffffffff-2021-05,8
84446c1ffffffff-2021-08,5
84446c1ffffffff-2021-09,3
84446c1ffffffff-2021-11,3
84446c1ffffffff-2021-12,4
84446c1ffffffff-2022-01,13
84446c1ffffffff-2022-02,5
84446c1ffffffff-2022-03,18
84446c1ffffffff-2022-04,63
84446c1ffffffff-2022-05,44
84446c1ffffffff-2022-07,1
84446c1ffffffff-2022-08,8
84446c1ffffffff-2022-09,6
84446c1ffffffff-2022-10,25
84446c1ffffffff-2022-11,9
84446c1ffffffff-2022-12,12
84446c1ffffffff-2023-01,10
84446c1ffffffff-2023-02,6
84446c1ffffffff-2023-03,20
84446c1ffffffff-2023-04,68
84446c1ffffffff-2023-05,22
84446c1ffffffff-2023-06,1
84446c1ffffffff-2023-07,12
84446c1ffffffff-2023-08,6
84446c1ffffffff-2023-09,17
84446c1ffffffff-2023-10,11
84446c1ffffffff-2023-11,5
84446c3ffffffff-2012-01,1
84446c3ffffffff-2012-11,2
84446c3ffffffff-2012-12,5
84446c3ffffffff-2013-01,1
84446c3ffffffff-2013-02,1
84446c3ffffffff-2013-03,3
84446c3ffffffff-2013-04,7
84446c3ffffffff-2013-05,1
84446c3ffffffff-2013-10,1
84446c3ffffffff-2014-01,1
84446c3ffffffff-2014-03,1
84446c3ffffffff-2014-04,7
84446c3ffffffff-2014-05,1
84446c3ffffffff-2014-11,3
84446c3ffffffff-2015-04,4
84446c3ffffffff-2015-05,1
84446c3ffffffff-2015-09,1
84446c3ffffffff-2015-10,3
84446c3ffffffff-2015-12,10
84446c3ffffffff-2016-01,1
84446c3ffffffff-2016-02,1
84446c3ffffffff-2016-03,1
84446c3ffffffff-2016-04,7
84446c3ffffffff-2016-08,2
84446c3ffffffff-2016-10,11
84446c3ffffffff-2016-11,8
84446c3ffffffff-2016-12,1
84446c3ffffffff-2017-02,1
84446c3ffffffff-2017-03,3
84446c3ffffffff-2017-05,1
84446c3ffffffff-2017-09,1
84446c3ffffffff-2017-10,2
84446c3ffffffff-2017-11,2
84446c3ffffffff-2018-02,1
84446c3ffffffff-2018-04,4
84446c3ffffffff-2019-03,3
84446c3ffffffff-2019-04,5
84446c3ffffffff-2019-05,1
84446c3ffffffff-2019-08,1
84446c3ffffffff-2019-12,1
84446c3ffffffff-2020-01,1
84446c3ffffffff-2020-02,1
84446c3ffffffff-2020-03,3
84446c3ffffffff-2020-04,3
84446c3ffffffff-2020-05,1
84446c3ffffffff-2020-07,1
84446c3ffffffff-2020-08,1
84446c3ffffffff-2020-10,1
84446c3ffffffff-2020-11,3
84446c3ffffffff-2021-03,2
84446c3ffffffff-2021-04,25
84446c3ffffffff-2021-08,4
84446c3ffffffff-2021-09,1
84446c3ffffffff-2021-10,1
84446c3ffffffff-2021-11,1
84446c3ffffffff-2021-12,2
84446c3ffffffff-2022-01,2
84446c3ffffffff-2022-02,2
84446c3ffffffff-2022-03,7
84446c3ffffffff-2022-04,9
84446c3ffffffff-2022-05,4
84446c3ffffffff-2022-08,5
84446c3ffffffff-2022-09,1
84446c3ffffffff-2022-10,2
84446c3ffffffff-2022-11,1
84446c3ffffffff-2023-04,8
84446c3ffffffff-2023-07,1
84446c3ffffffff-2023-08,2
84446c3ffffffff-2023-11,2
84446c5ffffffff-2012-01,11
84446c5ffffffff-2012-02,7
84446c5ffffffff-2012-03,17
84446c5ffffffff-2012-04,329
84446c5ffffffff-2012-05,44
84446c5ffffffff-2012-06,1
84446c5ffffffff-2012-07,6
84446c5ffffffff-2012-08,15
84446c5ffffffff-2012-09,28
84446c5ffffffff-2012-10,24
84446c5ffffffff-2012-11,16
84446c5ffffffff-2012-12,6
84446c5ffffffff-2013-01,27
84446c5ffffffff-2013-02,15
84446c5ffffffff-2013-03,54
84446c5ffffffff-2013-04,491
84446c5ffffffff-2013-05,60
84446c5ffffffff-2013-06,1
84446c5ffffffff-2013-07,5
84446c5ffffffff-2013-08,20
84446c5ffffffff-2013-09,18
84446c5ffffffff-2013-10,11
84446c5ffffffff-2013-11,11
84446c5ffffffff-2013-12,28
84446c5ffffffff-2014-01,7
84446c5ffffffff-2014-02,13
84446c5ffffffff-2014-03,41
84446c5ffffffff-2014-04,422
84446c5ffffffff-2014-05,92
84446c5ffffffff-2014-06,1
84446c5ffffffff-2014-07,2
84446c5ffffffff-2014-08,4
84446c5ffffffff-2014-09,2
84446c5ffffffff-2014-10,3
84446c5ffffffff-2014-11,4
84446c5ffffffff-2014-12,14
84446c5ffffffff-2015-01,1
84446c5ffffffff-2015-02,27
84446c5ffffffff-2015-03,42
84446c5ffffffff-2015-04,430
84446c5ffffffff-2015-05,107
84446c5ffffffff-2015-07,5
84446c5ffffffff-2015-08,14
84446c5ffffffff-2015-09,8
84446c5ffffffff-2015-10,7
84446c5ffffffff-2015-11,11
84446c5ffffffff-2015-12,21
84446c5ffffffff-2016-01,21
84446c5ffffffff-2016-02,12
84446c5ffffffff-2016-03,31
84446c5ffffffff-2016-04,412
84446c5ffffffff-2016-05,52
84446c5ffffffff-2016-06,4
84446c5ffffffff-2016-07,6
84446c5ffffffff-2016-08,6
84446c5ffffffff-2016-09,14
84446c5ffffffff-2016-10,18
84446c5ffffffff-2016-11,23
84446c5ffffffff-2016-12,36
84446c5ffffffff-2017-01,41
84446c5ffffffff-2017-02,40
84446c5ffffffff-2017-03,68
84446c5ffffffff-2017-04,662
84446c5ffffffff-2017-05,41
84446c5ffffffff-2017-06,2
84446c5ffffffff-2017-07,12
84446c5ffffffff-2017-08,45
84446c5ffffffff-2017-09,8
84446c5ffffffff-2017-10,7
84446c5ffffffff-2017-11,8
84446c5ffffffff-2017-12,18
84446c5ffffffff-2018-01,31
84446c5ffffffff-2018-02,10
84446c5ffffffff-2018-03,87
84446c5ffffffff-2018-04,596
84446c5ffffffff-2018-05,100
84446c5ffffffff-2018-06,2
84446c5ffffffff-2018-07,13
84446c5ffffffff-2018-08,12
84446c5ffffffff-2018-09,19
84446c5ffffffff-2018-10,19
84446c5ffffffff-2018-11,15
84446c5ffffffff-2018-12,16
84446c5ffffffff-2019-01,24
84446c5ffffffff-2019-02,7
84446c5ffffffff-2019-03,55
84446c5ffffffff-2019-04,824
84446c5ffffffff-2019-05,119
84446c5ffffffff-2019-06,1
84446c5ffffffff-2019-07,1
84446c5ffffffff-2019-08,4
84446c5ffffffff-2019-09,6
84446c5ffffffff-2019-10,3
84446c5ffffffff-2019-11,10
84446c5ffffffff-2019-12,7
84446c5ffffffff-2020-01,18
84446c5ffffffff-2020-02,36
84446c5ffffffff-2020-03,63
84446c5ffffffff-2020-04,20
84446c5ffffffff-2020-05,17
84446c5ffffffff-2020-07,8
84446c5ffffffff-2020-08,17
84446c5ffffffff-2020-09,9
84446c5ffffffff-2020-10,12
84446c5ffffffff-2020-11,17
84446c5ffffffff-2020-12,7
84446c5ffffffff-2021-01,7
84446c5ffffffff-2021-02,17
84446c5ffffffff-2021-03,69
84446c5ffffffff-2021-04,913
84446c5ffffffff-2021-05,134
84446c5ffffffff-2021-08,3
84446c5ffffffff-2021-09,10
84446c5ffffffff-2021-10,6
84446c5ffffffff-2021-11,11
84446c5ffffffff-2021-12,10
84446c5ffffffff-2022-01,27
84446c5ffffffff-2022-02,30
84446c5ffffffff-2022-03,100
84446c5ffffffff-2022-04,1535
84446c5ffffffff-2022-05,87
84446c5ffffffff-2022-06,1
84446c5ffffffff-2022-07,7
84446c5ffffffff-2022-08,5
84446c5ffffffff-2022-09,17
84446c5ffffffff-2022-10,84
84446c5ffffffff-2022-11,12
84446c5ffffffff-2022-12,9
84446c5ffffffff-2023-01,18
84446c5ffffffff-2023-02,27
84446c5ffffffff-2023-03,91
84446c5ffffffff-2023-04,1450
84446c5ffffffff-2023-05,91
84446c5ffffffff-2023-06,5
84446c5ffffffff-2023-07,4
84446c5ffffffff-2023-08,10
84446c5ffffffff-2023-09,26
84446c5ffffffff-2023-10,71
84446c5ffffffff-2023-11,55
84446c7ffffffff-2012-02,1
84446c7ffffffff-2012-03,1
84446c7ffffffff-2012-05,2
84446c7ffffffff-2012-11,7
84446c7ffffffff-2012-12,1
84446c7ffffffff-2013-01,3
84446c7ffffffff-2013-02,1
84446c7ffffffff-2013-03,4
84446c7ffffffff-2013-04,1
84446c7ffffffff-2013-05,2
84446c7ffffffff-2013-09,1
84446c7ffffffff-2013-12,5
84446c7ffffffff-2014-01,1
84446c7ffffffff-2014-03,3
84446c7ffffffff-2014-04,4
84446c7ffffffff-2014-12,4
84446c7ffffffff-2015-01,4
84446c7ffffffff-2015-02,1
84446c7ffffffff-2015-03,2
84446c7ffffffff-2015-07,1
84446c7ffffffff-2015-08,1
84446c7ffffffff-2016-04,1
84446c7ffffffff-2016-08,3
84446c7ffffffff-2016-10,1
84446c7ffffffff-2016-11,4
84446c7ffffffff-2016-12,4
84446c7ffffffff-2017-01,1
84446c7ffffffff-2017-02,2
84446c7ffffffff-2017-03,3
84446c7ffffffff-2017-04,3
84446c7ffffffff-2017-05,3
84446c7ffffffff-2017-09,1
84446c7ffffffff-2017-10,1
84446c7ffffffff-2017-11,1
84446c7ffffffff-2017-12,2
84446c7ffffffff-2018-01,4
84446c7ffffffff-2018-02,1
84446c7ffffffff-2018-03,6
84446c7ffffffff-2018-04,9
84446c7ffffffff-2018-05,2
84446c7ffffffff-2019-03,1
84446c7ffffffff-2019-04,14
84446c7ffffffff-2019-05,31
84446c7ffffffff-2019-11,1
84446c7ffffffff-2020-03,5
84446c7ffffffff-2020-04,20
84446c7ffffffff-2020-05,22
84446c7ffffffff-2020-07,2
84446c7ffffffff-2020-09,2
84446c7ffffffff-2020-10,1
84446c7ffffffff-2020-12,5
84446c7ffffffff-2021-01,5
84446c7ffffffff-2021-03,3
84446c7ffffffff-2021-04,3
84446c7ffffffff-2021-05,3
84446c7ffffffff-2021-08,1
84446c7ffffffff-2021-09,1
84446c7ffffffff-2021-10,1
84446c7ffffffff-2021-12,1
84446c7ffffffff-2022-01,2
84446c7ffffffff-2022-04,6
84446c7ffffffff-2022-05,2
84446c7ffffffff-2022-08,1
84446c7ffffffff-2023-03,1
84446c7ffffffff-2023-04,13
84446c7ffffffff-2023-05,1
84446c7ffffffff-2023-07,1
84446c7ffffffff-2023-08,14
84446c9ffffffff-2012-01,10
84446c9ffffffff-2012-02,9
84446c9ffffffff-2012-03,11
84446c9ffffffff-2012-04,20
84446c9ffffffff-2012-05,7
84446c9ffffffff-2012-06,57
84446c9ffffffff-2012-07,15
84446c9ffffffff-2012-08,15
84446c9ffffffff-2012-09,5
84446c9ffffffff-2012-10,9
84446c9ffffffff-2012-11,11
84446c9ffffffff-2012-12,10
84446c9ffffffff-2013-01,3
84446c9ffffffff-2013-02,6
84446c9ffffffff-2013-03,4
84446c9ffffffff-2013-04,12
84446c9ffffffff-2013-05,11
84446c9ffffffff-2013-06,1
84446c9ffffffff-2013-07,4
84446c9ffffffff-2013-08,1
84446c9ffffffff-2013-09,3
84446c9ffffffff-2013-10,2
84446c9ffffffff-2013-11,11
84446c9ffffffff-2013-12,11
84446c9ffffffff-2014-02,2
84446c9ffffffff-2014-03,8
84446c9ffffffff-2014-04,16
84446c9ffffffff-2014-05,3
84446c9ffffffff-2014-07,1
84446c9ffffffff-2014-08,7
84446c9ffffffff-2014-09,1
84446c9ffffffff-2014-10,6
84446c9ffffffff-2014-11,6
84446c9ffffffff-2014-12,7
84446c9ffffffff-2015-02,5
84446c9ffffffff-2015-03,3
84446c9ffffffff-2015-04,17
84446c9ffffffff-2015-05,12
84446c9ffffffff-2015-07,11
84446c9ffffffff-2015-08,10
84446c9ffffffff-2015-09,6
84446c9ffffffff-2015-10,12
84446c9ffffffff-2015-11,9
84446c9ffffffff-2015-12,6
84446c9ffffffff-2016-01,5
84446c9ffffffff-2016-02,6
84446c9ffffffff-2016-03,8
84446c9ffffffff-2016-04,14
84446c9ffffffff-2016-05,1
84446c9ffffffff-2016-06,2
84446c9ffffffff-2016-07,1
84446c9ffffffff-2016-08,6
84446c9ffffffff-2016-09,1
84446c9ffffffff-2016-10,4
84446c9ffffffff-2016-11,15
84446c9ffffffff-2016-12,9
84446c9ffffffff-2017-01,10
84446c9ffffffff-2017-02,8
84446c9ffffffff-2017-03,14
84446c9ffffffff-2017-04,31
84446c9ffffffff-2017-05,14
84446c9ffffffff-2017-06,6
84446c9ffffffff-2017-07,8
84446c9ffffffff-2017-08,2
84446c9ffffffff-2017-09,3
84446c9ffffffff-2017-10,2
84446c9ffffffff-2017-11,13
84446c9ffffffff-2017-12,8
84446c9ffffffff-2018-01,3
84446c9ffffffff-2018-02,5
84446c9ffffffff-2018-03,23
84446c9ffffffff-2018-04,30
84446c9ffffffff-2018-05,9
84446c9ffffffff-2018-08,2
84446c9ffffffff-2018-09,1
84446c9ffffffff-2018-10,5
84446c9ffffffff-2018-11,5
84446c9ffffffff-2018-12,8
84446c9ffffffff-2019-01,6
84446c9ffffffff-2019-02,2
84446c9ffffffff-2019-03,8
84446c9ffffffff-2019-04,28
84446c9ffffffff-2019-05,2
84446c9ffffffff-2019-07,11
84446c9ffffffff-2019-08,24
84446c9ffffffff-2019-09,4
84446c9ffffffff-2019-10,3
84446c9ffffffff-2019-11,1
84446c9ffffffff-2019-12,6
84446c9ffffffff-2020-01,6
84446c9ffffffff-2020-02,2
84446c9ffffffff-2020-03,9
84446c9ffffffff-2020-04,25
84446c9ffffffff-2020-05,5
84446c9ffffffff-2020-07,7
84446c9ffffffff-2020-08,10
84446c9ffffffff-2020-09,20
84446c9ffffffff-2020-10,28
84446c9ffffffff-2020-11,23
84446c9ffffffff-2020-12,15
84446c9ffffffff-2021-01,29
84446c9ffffffff-2021-02,19
84446c9ffffffff-2021-03,58
84446c9ffffffff-2021-04,87
84446c9ffffffff-2021-05,18
84446c9ffffffff-2021-07,1
84446c9ffffffff-2021-08,11
84446c9ffffffff-2021-09,3
84446c9ffffffff-2021-10,8
84446c9ffffffff-2021-11,7
84446c9ffffffff-2021-12,10
84446c9ffffffff-2022-01,22
84446c9ffffffff-2022-02,3
84446c9ffffffff-2022-03,27
84446c9ffffffff-2022-04,120
84446c9ffffffff-2022-05,29
84446c9ffffffff-2022-06,2
84446c9ffffffff-2022-07,4
84446c9ffffffff-2022-08,3
84446c9ffffffff-2022-09,12
84446c9ffffffff-2022-10,3
84446c9ffffffff-2022-11,19
84446c9ffffffff-2022-12,15
84446c9ffffffff-2023-01,16
84446c9ffffffff-2023-02,16
84446c9ffffffff-2023-03,18
84446c9ffffffff-2023-04,60
84446c9ffffffff-2023-05,7
84446c9ffffffff-2023-06,3
84446c9ffffffff-2023-07,19
84446c9ffffffff-2023-08,11
84446c9ffffffff-2023-09,3
84446c9ffffffff-2023-10,16
84446c9ffffffff-2023-11,25
84446cbffffffff-2012-01,2
84446cbffffffff-2012-03,1
84446cbffffffff-2012-04,3
84446cbffffffff-2012-05,1
84446cbffffffff-2012-11,3
84446cbffffffff-2012-12,1
84446cbffffffff-2013-01,1
84446cbffffffff-2013-02,6
84446cbffffffff-2013-03,11
84446cbffffffff-2013-04,32
84446cbffffffff-2013-05,12
84446cbffffffff-2013-08,4
84446cbffffffff-2013-09,3
84446cbffffffff-2013-12,12
84446cbffffffff-2014-01,1
84446cbffffffff-2014-02,1
84446cbffffffff-2014-03,7
84446cbffffffff-2014-04,30
84446cbffffffff-2014-05,24
84446cbffffffff-2014-10,8
84446cbffffffff-2014-11,12
84446cbffffffff-2014-12,5
84446cbffffffff-2015-02,4
84446cbffffffff-2015-03,5
84446cbffffffff-2015-04,12
84446cbffffffff-2015-05,6
84446cbffffffff-2015-07,5
84446cbffffffff-2015-09,2
84446cbffffffff-2015-10,1
84446cbffffffff-2015-11,1
84446cbffffffff-2015-12,1
84446cbffffffff-2016-01,3
84446cbffffffff-2016-02,4
84446cbffffffff-2016-03,9
84446cbffffffff-2016-04,27
84446cbffffffff-2016-05,21
84446cbffffffff-2016-06,1
84446cbffffffff-2016-07,2
84446cbffffffff-2016-08,4
84446cbffffffff-2016-10,3
84446cbffffffff-2016-11,10
84446cbffffffff-2016-12,2
84446cbffffffff-2017-01,3
84446cbffffffff-2017-04,11
84446cbffffffff-2017-05,4
84446cbffffffff-2017-09,3
84446cbffffffff-2017-10,1
84446cbffffffff-2017-11,2
84446cbffffffff-2017-12,2
84446cbffffffff-2018-01,4
84446cbffffffff-2018-02,1
84446cbffffffff-2018-03,10
84446cbffffffff-2018-04,29
84446cbffffffff-2018-05,30
84446cbffffffff-2018-08,1
84446cbffffffff-2018-10,6
84446cbffffffff-2018-11,2
84446cbffffffff-2019-01,1
84446cbffffffff-2019-03,6
84446cbffffffff-2019-04,17
84446cbffffffff-2019-05,15
84446cbffffffff-2019-08,1
84446cbffffffff-2019-10,1
84446cbffffffff-2019-11,2
84446cbffffffff-2019-12,3
84446cbffffffff-2020-01,4
84446cbffffffff-2020-02,3
84446cbffffffff-2020-03,30
84446cbffffffff-2020-04,56
84446cbffffffff-2020-05,19
84446cbffffffff-2020-07,5
84446cbffffffff-2020-08,2
84446cbffffffff-2020-09,1
84446cbffffffff-2020-10,6
84446cbffffffff-2020-11,14
84446cbffffffff-2020-12,1
84446cbffffffff-2021-01,3
84446cbffffffff-2021-02,2
84446cbffffffff-2021-03,5
84446cbffffffff-2021-04,74
84446cbffffffff-2021-05,3
84446cbffffffff-2021-08,2
84446cbffffffff-2021-09,2
84446cbffffffff-2021-10,1
84446cbffffffff-2021-11,2
84446cbffffffff-2022-01,5
84446cbffffffff-2022-02,2
84446cbffffffff-2022-03,8
84446cbffffffff-2022-04,72
84446cbffffffff-2022-05,18
84446cbffffffff-2022-07,29
84446cbffffffff-2022-08,48
84446cbffffffff-2022-09,2
84446cbffffffff-2022-10,3
84446cbffffffff-2022-11,2
84446cbffffffff-2022-12,1
84446cbffffffff-2023-02,1
84446cbffffffff-2023-03,5
84446cbffffffff-2023-04,107
84446cbffffffff-2023-05,15
84446cbffffffff-2023-06,1
84446cbffffffff-2023-07,1
84446cbffffffff-2023-08,11
84446cbffffffff-2023-09,14
84446cbffffffff-2023-10,11
84446cbffffffff-2023-11,8
84446cdffffffff-2012-01,16
84446cdffffffff-2012-02,7
84446cdffffffff-2012-03,40
84446cdffffffff-2012-04,104
84446cdffffffff-2012-05,15
84446cdffffffff-2012-06,2
84446cdffffffff-2012-07,1
84446cdffffffff-2012-08,6
84446cdffffffff-2012-09,25
84446cdffffffff-2012-10,21
84446cdffffffff-2012-11,6
84446cdffffffff-2012-12,7
84446cdffffffff-2013-01,17
84446cdffffffff-2013-02,20
84446cdffffffff-2013-03,101
84446cdffffffff-2013-04,343
84446cdffffffff-2013-05,56
84446cdffffffff-2013-06,2
84446cdffffffff-2013-07,1
84446cdffffffff-2013-08,5
84446cdffffffff-2013-09,5
84446cdffffffff-2013-10,13
84446cdffffffff-2013-11,12
84446cdffffffff-2013-12,30
84446cdffffffff-2014-01,18
84446cdffffffff-2014-02,20
84446cdffffffff-2014-03,148
84446cdffffffff-2014-04,474
84446cdffffffff-2014-05,56
84446cdffffffff-2014-06,1
84446cdffffffff-2014-07,5
84446cdffffffff-2014-08,14
84446cdffffffff-2014-09,13
84446cdffffffff-2014-10,19
84446cdffffffff-2014-11,31
84446cdffffffff-2014-12,30
84446cdffffffff-2015-01,39
84446cdffffffff-2015-02,23
84446cdffffffff-2015-03,71
84446cdffffffff-2015-04,251
84446cdffffffff-2015-05,48
84446cdffffffff-2015-07,2
84446cdffffffff-2015-08,7
84446cdffffffff-2015-09,3
84446cdffffffff-2015-10,1
84446cdffffffff-2015-11,8
84446cdffffffff-2015-12,16
84446cdffffffff-2016-01,32
84446cdffffffff-2016-02,22
84446cdffffffff-2016-03,101
84446cdffffffff-2016-04,257
84446cdffffffff-2016-05,31
84446cdffffffff-2016-07,6
84446cdffffffff-2016-08,14
84446cdffffffff-2016-09,16
84446cdffffffff-2016-10,33
84446cdffffffff-2016-11,30
84446cdffffffff-2016-12,18
84446cdffffffff-2017-01,13
84446cdffffffff-2017-02,16
84446cdffffffff-2017-03,80
84446cdffffffff-2017-04,688
84446cdffffffff-2017-05,132
84446cdffffffff-2017-07,8
84446cdffffffff-2017-08,7
84446cdffffffff-2017-09,18
84446cdffffffff-2017-10,18
84446cdffffffff-2017-11,33
84446cdffffffff-2017-12,15
84446cdffffffff-2018-01,24
84446cdffffffff-2018-02,10
84446cdffffffff-2018-03,267
84446cdffffffff-2018-04,1001
84446cdffffffff-2018-05,154
84446cdffffffff-2018-07,9
84446cdffffffff-2018-08,19
84446cdffffffff-2018-09,9
84446cdffffffff-2018-10,25
84446cdffffffff-2018-11,8
84446cdffffffff-2018-12,17
84446cdffffffff-2019-01,57
84446cdffffffff-2019-02,23
84446cdffffffff-2019-03,140
84446cdffffffff-2019-04,721
84446cdffffffff-2019-05,198
84446cdffffffff-2019-06,8
84446cdffffffff-2019-07,4
84446cdffffffff-2019-08,22
84446cdffffffff-2019-09,19
84446cdffffffff-2019-10,18
84446cdffffffff-2019-11,32
84446cdffffffff-2019-12,25
84446cdffffffff-2020-01,39
84446cdffffffff-2020-02,36
84446cdffffffff-2020-03,98
84446cdffffffff-2020-04,399
84446cdffffffff-2020-05,60
84446cdffffffff-2020-06,3
84446cdffffffff-2020-07,11
84446cdffffffff-2020-08,20
84446cdffffffff-2020-09,15
84446cdffffffff-2020-10,35
84446cdffffffff-2020-11,56
84446cdffffffff-2020-12,26
84446cdffffffff-2021-01,62
84446cdffffffff-2021-02,56
84446cdffffffff-2021-03,235
84446cdffffffff-2021-04,1104
84446cdffffffff-2021-05,187
84446cdffffffff-2021-06,11
84446cdffffffff-2021-07,3
84446cdffffffff-2021-08,19
84446cdffffffff-2021-09,39
84446cdffffffff-2021-10,65
84446cdffffffff-2021-11,39
84446cdffffffff-2021-12,21
84446cdffffffff-2022-01,48
84446cdffffffff-2022-02,43
84446cdffffffff-2022-03,162
84446cdffffffff-2022-04,1432
84446cdffffffff-2022-05,217
84446cdffffffff-2022-06,4
84446cdffffffff-2022-07,39
84446cdffffffff-2022-08,48
84446cdffffffff-2022-09,42
84446cdffffffff-2022-10,92
84446cdffffffff-2022-11,70
84446cdffffffff-2022-12,18
84446cdffffffff-2023-01,54
84446cdffffffff-2023-02,42
84446cdffffffff-2023-03,124
84446cdffffffff-2023-04,1149
84446cdffffffff-2023-05,122
84446cdffffffff-2023-06,12
84446cdffffffff-2023-07,10
84446cdffffffff-2023-08,24
84446cdffffffff-2023-09,18
84446cdffffffff-2023-10,57
84446cdffffffff-2023-11,55
84446d1ffffffff-2012-09,1
84446d1ffffffff-2012-10,5
84446d1ffffffff-2012-11,1
84446d1ffffffff-2012-12,2
84446d1ffffffff-2013-01,2
84446d1ffffffff-2013-03,2
84446d1ffffffff-2013-05,8
84446d1ffffffff-2013-11,1
84446d1ffffffff-2014-03,3
84446d1ffffffff-2014-04,3
84446d1ffffffff-2014-05,7
84446d1ffffffff-2015-01,1
84446d1ffffffff-2015-02,2
84446d1ffffffff-2015-03,7
84446d1ffffffff-2015-05,1
84446d1ffffffff-2015-10,2
84446d1ffffffff-2015-11,1
84446d1ffffffff-2016-01,3
84446d1ffffffff-2016-04,2
84446d1ffffffff-2016-11,1
84446d1ffffffff-2017-02,5
84446d1ffffffff-2017-06,1
84446d1ffffffff-2017-10,2
84446d1ffffffff-2017-11,1
84446d1ffffffff-2017-12,1
84446d1ffffffff-2018-02,1
84446d1ffffffff-2018-03,1
84446d1ffffffff-2018-04,6
84446d1ffffffff-2018-05,2
84446d1ffffffff-2018-08,1
84446d1ffffffff-2018-09,1
84446d1ffffffff-2018-10,1
84446d1ffffffff-2018-11,1
84446d1ffffffff-2019-03,1
84446d1ffffffff-2019-05,6
84446d1ffffffff-2019-09,1
84446d1ffffffff-2019-11,1
84446d1ffffffff-2019-12,3
84446d1ffffffff-2020-01,4
84446d1ffffffff-2020-04,10
84446d1ffffffff-2020-05,2
84446d1ffffffff-2020-07,1
84446d1ffffffff-2020-09,1
84446d1ffffffff-2020-12,1
84446d1ffffffff-2021-03,3
84446d1ffffffff-2021-04,4
84446d1ffffffff-2021-05,6
84446d1ffffffff-2021-09,1
84446d1ffffffff-2021-10,2
84446d1ffffffff-2021-12,1
84446d1ffffffff-2022-02,1
84446d1ffffffff-2022-04,2
84446d1ffffffff-2022-05,1
84446d1ffffffff-2022-07,1
84446d1ffffffff-2022-08,1
84446d1ffffffff-2022-10,1
84446d1ffffffff-2022-11,6
84446d1ffffffff-2023-05,1
84446d1ffffffff-2023-07,1
84446d1ffffffff-2023-08,2
84446d1ffffffff-2023-10,3
84446d1ffffffff-2023-11,1
84446d3ffffffff-2012-05,1
84446d3ffffffff-2013-04,11
84446d3ffffffff-2013-05,12
84446d3ffffffff-2013-07,1
84446d3ffffffff-2013-08,2
84446d3ffffffff-2014-04,1
84446d3ffffffff-2014-10,1
84446d3ffffffff-2014-11,2
84446d3ffffffff-2015-08,3
84446d3ffffffff-2015-12,1
84446d3ffffffff-2016-02,2
84446d3ffffffff-2016-04,4
84446d3ffffffff-2016-05,1
84446d3ffffffff-2016-11,1
84446d3ffffffff-2017-01,1
84446d3ffffffff-2017-02,1
84446d3ffffffff-2017-04,13
84446d3ffffffff-2017-05,19
84446d3ffffffff-2017-07,2
84446d3ffffffff-2017-08,4
84446d3ffffffff-2017-09,9
84446d3ffffffff-2017-11,2
84446d3ffffffff-2017-12,1
84446d3ffffffff-2018-01,1
84446d3ffffffff-2018-03,9
84446d3ffffffff-2018-04,22
84446d3ffffffff-2018-05,14
84446d3ffffffff-2018-07,1
84446d3ffffffff-2018-09,3
84446d3ffffffff-2018-10,6
84446d3ffffffff-2018-11,4
84446d3ffffffff-2018-12,4
84446d3ffffffff-2019-03,13
84446d3ffffffff-2019-04,43
84446d3ffffffff-2019-05,30
84446d3ffffffff-2019-08,5
84446d3ffffffff-2019-10,27
84446d3ffffffff-2019-11,18
84446d3ffffffff-2019-12,4
84446d3ffffffff-2020-01,7
84446d3ffffffff-2020-02,8
84446d3ffffffff-2020-03,26
84446d3ffffffff-2020-04,61
84446d3ffffffff-2020-05,18
84446d3ffffffff-2020-06,2
84446d3ffffffff-2020-07,6
84446d3ffffffff-2020-08,11
84446d3ffffffff-2020-09,77
84446d3ffffffff-2020-10,22
84446d3ffffffff-2020-11,5
84446d3ffffffff-2020-12,5
84446d3ffffffff-2021-01,5
84446d3ffffffff-2021-02,6
84446d3ffffffff-2021-03,6
84446d3ffffffff-2021-04,8
84446d3ffffffff-2021-05,42
84446d3ffffffff-2021-07,9
84446d3ffffffff-2021-08,2
84446d3ffffffff-2021-09,1
84446d3ffffffff-2021-10,11
84446d3ffffffff-2021-11,5
84446d3ffffffff-2021-12,1
84446d3ffffffff-2022-01,1
84446d3ffffffff-2022-02,2
84446d3ffffffff-2022-03,2
84446d3ffffffff-2022-04,17
84446d3ffffffff-2022-05,10
84446d3ffffffff-2022-08,19
84446d3ffffffff-2022-09,9
84446d3ffffffff-2022-10,1
84446d3ffffffff-2022-12,6
84446d3ffffffff-2023-01,4
84446d3ffffffff-2023-03,17
84446d3ffffffff-2023-04,84
84446d3ffffffff-2023-05,61
84446d3ffffffff-2023-07,2
84446d3ffffffff-2023-08,13
84446d3ffffffff-2023-09,28
84446d3ffffffff-2023-10,24
84446d3ffffffff-2023-11,2
84446d5ffffffff-2014-05,2
84446d5ffffffff-2014-07,2
84446d5ffffffff-2014-08,1
84446d5ffffffff-2015-09,1
84446d5ffffffff-2017-04,2
84446d5ffffffff-2017-05,2
84446d5ffffffff-2019-04,2
84446d5ffffffff-2019-12,1
84446d5ffffffff-2020-04,3
84446d5ffffffff-2020-10,1
84446d5ffffffff-2020-12,2
84446d5ffffffff-2021-03,1
84446d5ffffffff-2021-04,6
84446d5ffffffff-2021-07,1
84446d5ffffffff-2022-04,4
84446d5ffffffff-2022-07,1
84446d5ffffffff-2022-09,4
84446d5ffffffff-2022-11,1
84446d5ffffffff-2022-12,1
84446d5ffffffff-2023-04,1
84446d5ffffffff-2023-08,14
84446d7ffffffff-2013-03,2
84446d7ffffffff-2013-04,2
84446d7ffffffff-2015-10,2
84446d7ffffffff-2016-04,1
84446d7ffffffff-2016-10,1
84446d7ffffffff-2016-12,1
84446d7ffffffff-2017-08,2
84446d7ffffffff-2018-12,1
84446d7ffffffff-2019-01,1
84446d7ffffffff-2020-01,2
84446d7ffffffff-2020-10,1
84446d7ffffffff-2020-11,2
84446d7ffffffff-2020-12,2
84446d7ffffffff-2021-10,2
84446d7ffffffff-2021-12,3
84446d7ffffffff-2022-01,2
84446d7ffffffff-2022-10,2
84446d7ffffffff-2022-11,1
84446d7ffffffff-2023-04,1
84446d9ffffffff-2012-03,2
84446d9ffffffff-2013-08,1
84446d9ffffffff-2014-03,2
84446d9ffffffff-2014-04,1
84446d9ffffffff-2018-03,1
84446d9ffffffff-2018-04,2
84446d9ffffffff-2020-01,2
84446d9ffffffff-2020-04,1
84446d9ffffffff-2020-11,1
84446d9ffffffff-2021-03,2
84446d9ffffffff-2022-12,1
84446d9ffffffff-2023-03,1
84446d9ffffffff-2023-08,1
84446dbffffffff-2012-09,3
84446dbffffffff-2012-10,4
84446dbffffffff-2012-11,2
84446dbffffffff-2013-03,3
84446dbffffffff-2013-05,4
84446dbffffffff-2014-02,2
84446dbffffffff-2014-03,3
84446dbffffffff-2014-04,1
84446dbffffffff-2014-11,1
84446dbffffffff-2015-04,1
84446dbffffffff-2015-10,1
84446dbffffffff-2016-03,3
84446dbffffffff-2016-04,3
84446dbffffffff-2017-03,2
84446dbffffffff-2017-09,1
84446dbffffffff-2018-02,1
84446dbffffffff-2018-03,1
84446dbffffffff-2018-04,6
84446dbffffffff-2018-05,4
84446dbffffffff-2018-07,3
84446dbffffffff-2018-08,8
84446dbffffffff-2018-09,4
84446dbffffffff-2018-10,1
84446dbffffffff-2019-01,2
84446dbffffffff-2019-02,1
84446dbffffffff-2019-04,4
84446dbffffffff-2019-12,2
84446dbffffffff-2020-01,2
84446dbffffffff-2020-04,1
84446dbffffffff-2020-08,2
84446dbffffffff-2020-10,3
84446dbffffffff-2020-11,6
84446dbffffffff-2020-12,2
84446dbffffffff-2021-02,2
84446dbffffffff-2021-03,3
84446dbffffffff-2021-04,8
84446dbffffffff-2021-10,2
84446dbffffffff-2022-03,1
84446dbffffffff-2022-07,36
84446dbffffffff-2022-08,5
84446dbffffffff-2022-10,1
84446dbffffffff-2022-11,1
84446dbffffffff-2022-12,3
84446dbffffffff-2023-01,2
84446dbffffffff-2023-02,1
84446dbffffffff-2023-03,12
84446dbffffffff-2023-04,8
84446dbffffffff-2023-05,5
84446dbffffffff-2023-06,1
84446dbffffffff-2023-07,3
84446dbffffffff-2023-08,27
84446dbffffffff-2023-09,15
84446dbffffffff-2023-10,8
84446dbffffffff-2023-11,7
84446ddffffffff-2012-01,17
84446ddffffffff-2012-02,6
84446ddffffffff-2012-03,9
84446ddffffffff-2012-04,25
84446ddffffffff-2012-05,6
84446ddffffffff-2012-07,6
84446ddffffffff-2012-08,13
84446ddffffffff-2012-09,4
84446ddffffffff-2012-10,5
84446ddffffffff-2012-11,2
84446ddffffffff-2012-12,3
84446ddffffffff-2013-01,21
84446ddffffffff-2013-02,4
84446ddffffffff-2013-03,13
84446ddffffffff-2013-04,28
84446ddffffffff-2013-05,20
84446ddffffffff-2013-07,11
84446ddffffffff-2013-08,30
84446ddffffffff-2013-09,2
84446ddffffffff-2013-10,8
84446ddffffffff-2013-11,1
84446ddffffffff-2013-12,3
84446ddffffffff-2014-01,10
84446ddffffffff-2014-02,4
84446ddffffffff-2014-03,6
84446ddffffffff-2014-04,33
84446ddffffffff-2014-05,9
84446ddffffffff-2014-07,8
84446ddffffffff-2014-08,3
84446ddffffffff-2014-09,2
84446ddffffffff-2014-10,6
84446ddffffffff-2014-11,3
84446ddffffffff-2014-12,3
84446ddffffffff-2015-01,5
84446ddffffffff-2015-02,8
84446ddffffffff-2015-03,12
84446ddffffffff-2015-04,15
84446ddffffffff-2015-05,3
84446ddffffffff-2015-07,1
84446ddffffffff-2015-08,18
84446ddffffffff-2015-09,5
84446ddffffffff-2015-10,11
84446ddffffffff-2015-11,16
84446ddffffffff-2015-12,4
84446ddffffffff-2016-01,38
84446ddffffffff-2016-02,19
84446ddffffffff-2016-03,26
84446ddffffffff-2016-04,23
84446ddffffffff-2016-05,16
84446ddffffffff-2016-07,2
84446ddffffffff-2016-08,4
84446ddffffffff-2016-09,15
84446ddffffffff-2016-10,31
84446ddffffffff-2016-11,22
84446ddffffffff-2016-12,3
84446ddffffffff-2017-01,15
84446ddffffffff-2017-02,13
84446ddffffffff-2017-03,12
84446ddffffffff-2017-04,17
84446ddffffffff-2017-05,3
84446ddffffffff-2017-07,4
84446ddffffffff-2017-08,1
84446ddffffffff-2017-09,5
84446ddffffffff-2017-10,11
84446ddffffffff-2017-11,2
84446ddffffffff-2017-12,3
84446ddffffffff-2018-01,17
84446ddffffffff-2018-02,14
84446ddffffffff-2018-03,31
84446ddffffffff-2018-04,106
84446ddffffffff-2018-05,14
84446ddffffffff-2018-07,2
84446ddffffffff-2018-08,8
84446ddffffffff-2018-10,2
84446ddffffffff-2018-11,9
84446ddffffffff-2018-12,4
84446ddffffffff-2019-01,18
84446ddffffffff-2019-02,9
84446ddffffffff-2019-03,12
84446ddffffffff-2019-04,19
84446ddffffffff-2019-05,8
84446ddffffffff-2019-08,2
84446ddffffffff-2019-09,6
84446ddffffffff-2019-10,13
84446ddffffffff-2019-11,13
84446ddffffffff-2019-12,7
84446ddffffffff-2020-01,29
84446ddffffffff-2020-02,10
84446ddffffffff-2020-03,41
84446ddffffffff-2020-04,73
84446ddffffffff-2020-05,17
84446ddffffffff-2020-06,1
84446ddffffffff-2020-07,2
84446ddffffffff-2020-08,1
84446ddffffffff-2020-09,4
84446ddffffffff-2020-10,5
84446ddffffffff-2020-11,12
84446ddffffffff-2020-12,1
84446ddffffffff-2021-01,17
84446ddffffffff-2021-02,11
84446ddffffffff-2021-03,15
84446ddffffffff-2021-04,77
84446ddffffffff-2021-05,9
84446ddffffffff-2021-07,4
84446ddffffffff-2021-08,2
84446ddffffffff-2021-09,9
84446ddffffffff-2021-10,15
84446ddffffffff-2021-11,15
84446ddffffffff-2021-12,4
84446ddffffffff-2022-01,6
84446ddffffffff-2022-02,3
84446ddffffffff-2022-03,4
84446ddffffffff-2022-04,28
84446ddffffffff-2022-05,30
84446ddffffffff-2022-07,15
84446ddffffffff-2022-08,11
84446ddffffffff-2022-09,5
84446ddffffffff-2022-10,12
84446ddffffffff-2022-11,22
84446ddffffffff-2022-12,4
84446ddffffffff-2023-01,7
84446ddffffffff-2023-02,20
84446ddffffffff-2023-03,22
84446ddffffffff-2023-04,34
84446ddffffffff-2023-05,2
84446ddffffffff-2023-07,2
84446ddffffffff-2023-08,13
84446ddffffffff-2023-09,79
84446ddffffffff-2023-10,21
84446ddffffffff-2023-11,37
84446e1ffffffff-2012-01,2
84446e1ffffffff-2012-03,1
84446e1ffffffff-2012-04,7
84446e1ffffffff-2013-01,1
84446e1ffffffff-2013-04,1
84446e1ffffffff-2013-05,3
84446e1ffffffff-2014-02,3
84446e1ffffffff-2014-04,3
84446e1ffffffff-2014-05,2
84446e1ffffffff-2015-01,2
84446e1ffffffff-2015-04,5
84446e1ffffffff-2015-05,1
84446e1ffffffff-2015-07,1
84446e1ffffffff-2016-03,1
84446e1ffffffff-2016-05,1
84446e1ffffffff-2017-01,4
84446e1ffffffff-2017-02,1
84446e1ffffffff-2017-03,2
84446e1ffffffff-2017-04,3
84446e1ffffffff-2017-05,2
84446e1ffffffff-2017-10,3
84446e1ffffffff-2018-01,4
84446e1ffffffff-2018-02,1
84446e1ffffffff-2018-03,4
84446e1ffffffff-2018-11,2
84446e1ffffffff-2019-04,5
84446e1ffffffff-2019-11,4
84446e1ffffffff-2020-01,6
84446e1ffffffff-2020-02,3
84446e1ffffffff-2020-11,2
84446e1ffffffff-2020-12,1
84446e1ffffffff-2021-01,2
84446e1ffffffff-2021-04,5
84446e1ffffffff-2021-11,1
84446e1ffffffff-2022-01,1
84446e1ffffffff-2022-03,2
84446e1ffffffff-2022-04,3
84446e1ffffffff-2022-10,1
84446e1ffffffff-2022-11,1
84446e1ffffffff-2022-12,1
84446e1ffffffff-2023-01,1
84446e1ffffffff-2023-02,1
84446e1ffffffff-2023-04,4
84446e1ffffffff-2023-05,1
84446e5ffffffff-2012-12,1
84446e5ffffffff-2013-11,1
84446e5ffffffff-2014-02,2
84446e5ffffffff-2014-03,5
84446e5ffffffff-2014-04,3
84446e5ffffffff-2014-05,1
84446e5ffffffff-2014-12,2
84446e5ffffffff-2015-01,1
84446e5ffffffff-2015-04,4
84446e5ffffffff-2015-09,2
84446e5ffffffff-2015-12,2
84446e5ffffffff-2016-01,15
84446e5ffffffff-2016-04,4
84446e5ffffffff-2016-05,1
84446e5ffffffff-2016-11,2
84446e5ffffffff-2016-12,3
84446e5ffffffff-2017-01,2
84446e5ffffffff-2017-02,2
84446e5ffffffff-2017-03,1
84446e5ffffffff-2017-04,7
84446e5ffffffff-2017-05,3
84446e5ffffffff-2017-07,1
84446e5ffffffff-2017-09,1
84446e5ffffffff-2017-12,2
84446e5ffffffff-2018-01,1
84446e5ffffffff-2018-02,1
84446e5ffffffff-2018-03,7
84446e5ffffffff-2018-04,10
84446e5ffffffff-2018-05,2
84446e5ffffffff-2018-08,1
84446e5ffffffff-2018-12,7
84446e5ffffffff-2019-01,9
84446e5ffffffff-2019-02,5
84446e5ffffffff-2019-03,2
84446e5ffffffff-2019-04,12
84446e5ffffffff-2019-05,7
84446e5ffffffff-2019-08,1
84446e5ffffffff-2019-09,9
84446e5ffffffff-2019-10,4
84446e5ffffffff-2019-11,15
84446e5ffffffff-2019-12,4
84446e5ffffffff-2020-01,4
84446e5ffffffff-2020-02,3
84446e5ffffffff-2020-03,7
84446e5ffffffff-2020-04,12
84446e5ffffffff-2020-05,9
84446e5ffffffff-2020-08,2
84446e5ffffffff-2020-10,4
84446e5ffffffff-2020-12,14
84446e5ffffffff-2021-01,5
84446e5ffffffff-2021-02,1
84446e5ffffffff-2021-03,1
84446e5ffffffff-2021-04,15
84446e5ffffffff-2021-05,4
84446e5ffffffff-2021-08,9
84446e5ffffffff-2021-09,1
84446e5ffffffff-2021-10,4
84446e5ffffffff-2021-11,1
84446e5ffffffff-2021-12,5
84446e5ffffffff-2022-03,7
84446e5ffffffff-2022-04,26
84446e5ffffffff-2022-05,21
84446e5ffffffff-2022-07,5
84446e5ffffffff-2022-10,32
84446e5ffffffff-2022-12,13
84446e5ffffffff-2023-01,9
84446e5ffffffff-2023-02,5
84446e5ffffffff-2023-03,4
84446e5ffffffff-2023-04,20
84446e5ffffffff-2023-05,3
84446e5ffffffff-2023-07,2
84446e7ffffffff-2016-04,1
84446e9ffffffff-2012-01,4
84446e9ffffffff-2012-02,1
84446e9ffffffff-2012-03,6
84446e9ffffffff-2012-04,33
84446e9ffffffff-2012-05,4
84446e9ffffffff-2012-06,1
84446e9ffffffff-2012-07,1
84446e9ffffffff-2012-08,2
84446e9ffffffff-2012-09,4
84446e9ffffffff-2012-10,1
84446e9ffffffff-2012-11,2
84446e9ffffffff-2012-12,2
84446e9ffffffff-2013-01,5
84446e9ffffffff-2013-02,2
84446e9ffffffff-2013-03,8
84446e9ffffffff-2013-04,51
84446e9ffffffff-2013-05,8
84446e9ffffffff-2013-07,2
84446e9ffffffff-2013-08,3
84446e9ffffffff-2013-09,2
84446e9ffffffff-2013-10,11
84446e9ffffffff-2013-11,6
84446e9ffffffff-2014-01,7
84446e9ffffffff-2014-03,9
84446e9ffffffff-2014-04,54
84446e9ffffffff-2014-05,7
84446e9ffffffff-2014-09,11
84446e9ffffffff-2014-10,6
84446e9ffffffff-2014-11,2
84446e9ffffffff-2014-12,5
84446e9ffffffff-2015-01,12
84446e9ffffffff-2015-02,2
84446e9ffffffff-2015-03,6
84446e9ffffffff-2015-04,53
84446e9ffffffff-2015-05,24
84446e9ffffffff-2015-08,8
84446e9ffffffff-2015-09,6
84446e9ffffffff-2015-10,4
84446e9ffffffff-2015-11,2
84446e9ffffffff-2016-01,5
84446e9ffffffff-2016-03,11
84446e9ffffffff-2016-04,111
84446e9ffffffff-2016-05,32
84446e9ffffffff-2016-09,2
84446e9ffffffff-2016-10,5
84446e9ffffffff-2016-11,2
84446e9ffffffff-2016-12,2
84446e9ffffffff-2017-01,4
84446e9ffffffff-2017-02,6
84446e9ffffffff-2017-03,16
84446e9ffffffff-2017-04,101
84446e9ffffffff-2017-05,5
84446e9ffffffff-2017-09,7
84446e9ffffffff-2017-10,1
84446e9ffffffff-2017-11,4
84446e9ffffffff-2017-12,4
84446e9ffffffff-2018-01,6
84446e9ffffffff-2018-03,20
84446e9ffffffff-2018-04,156
84446e9ffffffff-2018-05,32
84446e9ffffffff-2018-07,4
84446e9ffffffff-2018-08,2
84446e9ffffffff-2018-09,2
84446e9ffffffff-2018-10,11
84446e9ffffffff-2018-11,4
84446e9ffffffff-2019-01,1
84446e9ffffffff-2019-03,14
84446e9ffffffff-2019-04,120
84446e9ffffffff-2019-05,36
84446e9ffffffff-2019-06,2
84446e9ffffffff-2019-07,28
84446e9ffffffff-2019-08,6
84446e9ffffffff-2019-10,8
84446e9ffffffff-2019-11,3
84446e9ffffffff-2019-12,1
84446e9ffffffff-2020-01,7
84446e9ffffffff-2020-02,2
84446e9ffffffff-2020-03,1
84446e9ffffffff-2020-04,37
84446e9ffffffff-2020-05,2
84446e9ffffffff-2020-07,2
84446e9ffffffff-2020-09,4
84446e9ffffffff-2020-11,2
84446e9ffffffff-2020-12,2
84446e9ffffffff-2021-01,4
84446e9ffffffff-2021-03,22
84446e9ffffffff-2021-04,246
84446e9ffffffff-2021-05,35
84446e9ffffffff-2021-07,1
84446e9ffffffff-2021-08,2
84446e9ffffffff-2021-10,7
84446e9ffffffff-2021-12,4
84446e9ffffffff-2022-01,2
84446e9ffffffff-2022-02,6
84446e9ffffffff-2022-03,19
84446e9ffffffff-2022-04,290
84446e9ffffffff-2022-05,44
84446e9ffffffff-2022-08,2
84446e9ffffffff-2022-09,3
84446e9ffffffff-2022-10,61
84446e9ffffffff-2022-11,1
84446e9ffffffff-2023-01,1
84446e9ffffffff-2023-03,15
84446e9ffffffff-2023-04,345
84446e9ffffffff-2023-05,34
84446e9ffffffff-2023-10,5
84446e9ffffffff-2023-11,1
84446ebffffffff-2012-01,1
84446ebffffffff-2012-03,3
84446ebffffffff-2012-04,22
84446ebffffffff-2012-05,1
84446ebffffffff-2012-11,3
84446ebffffffff-2012-12,1
84446ebffffffff-2013-02,1
84446ebffffffff-2013-04,28
84446ebffffffff-2013-05,1
84446ebffffffff-2013-07,2
84446ebffffffff-2013-10,1
84446ebffffffff-2013-11,1
84446ebffffffff-2014-01,1
84446ebffffffff-2014-02,3
84446ebffffffff-2014-03,2
84446ebffffffff-2014-04,18
84446ebffffffff-2014-05,3
84446ebffffffff-2014-06,2
84446ebffffffff-2014-09,1
84446ebffffffff-2014-10,1
84446ebffffffff-2014-11,6
84446ebffffffff-2014-12,13
84446ebffffffff-2015-01,8
84446ebffffffff-2015-02,22
84446ebffffffff-2015-03,2
84446ebffffffff-2015-04,44
84446ebffffffff-2015-05,24
84446ebffffffff-2015-07,8
84446ebffffffff-2015-08,3
84446ebffffffff-2015-09,2
84446ebffffffff-2015-10,3
84446ebffffffff-2015-11,10
84446ebffffffff-2015-12,8
84446ebffffffff-2016-01,6
84446ebffffffff-2016-02,17
84446ebffffffff-2016-03,8
84446ebffffffff-2016-04,45
84446ebffffffff-2016-05,6
84446ebffffffff-2016-06,5
84446ebffffffff-2016-07,15
84446ebffffffff-2016-08,2
84446ebffffffff-2016-09,2
84446ebffffffff-2016-10,6
84446ebffffffff-2016-11,7
84446ebffffffff-2017-01,5
84446ebffffffff-2017-02,6
84446ebffffffff-2017-03,17
84446ebffffffff-2017-04,61
84446ebffffffff-2017-05,10
84446ebffffffff-2017-07,4
84446ebffffffff-2017-08,2
84446ebffffffff-2017-09,5
84446ebffffffff-2017-10,26
84446ebffffffff-2017-11,28
84446ebffffffff-2017-12,2
84446ebffffffff-2018-01,6
84446ebffffffff-2018-02,3
84446ebffffffff-2018-03,45
84446ebffffffff-2018-04,76
84446ebffffffff-2018-05,31
84446ebffffffff-2018-06,1
84446ebffffffff-2018-07,9
84446ebffffffff-2018-08,17
84446ebffffffff-2018-09,1
84446ebffffffff-2018-10,1
84446ebffffffff-2018-11,6
84446ebffffffff-2018-12,3
84446ebffffffff-2019-01,5
84446ebffffffff-2019-02,2
84446ebffffffff-2019-03,8
84446ebffffffff-2019-04,195
84446ebffffffff-2019-05,13
84446ebffffffff-2019-07,1
84446ebffffffff-2019-08,2
84446ebffffffff-2019-09,1
84446ebffffffff-2019-11,1
84446ebffffffff-2019-12,3
84446ebffffffff-2020-01,4
84446ebffffffff-2020-02,6
84446ebffffffff-2020-03,16
84446ebffffffff-2020-04,21
84446ebffffffff-2020-05,6
84446ebffffffff-2020-09,1
84446ebffffffff-2020-10,8
84446ebffffffff-2020-11,6
84446ebffffffff-2020-12,4
84446ebffffffff-2021-01,7
84446ebffffffff-2021-03,22
84446ebffffffff-2021-04,38
84446ebffffffff-2021-05,20
84446ebffffffff-2021-06,1
84446ebffffffff-2021-08,1
84446ebffffffff-2021-09,2
84446ebffffffff-2021-10,1
84446ebffffffff-2021-11,6
84446ebffffffff-2021-12,7
84446ebffffffff-2022-01,4
84446ebffffffff-2022-02,2
84446ebffffffff-2022-03,1
84446ebffffffff-2022-04,102
84446ebffffffff-2022-05,21
84446ebffffffff-2022-07,2
84446ebffffffff-2022-10,5
84446ebffffffff-2022-11,2
84446ebffffffff-2022-12,2
84446ebffffffff-2023-01,3
84446ebffffffff-2023-02,3
84446ebffffffff-2023-03,4
84446ebffffffff-2023-04,142
84446ebffffffff-2023-05,8
84446ebffffffff-2023-07,4
84446ebffffffff-2023-08,6
84446ebffffffff-2023-10,2
84446ebffffffff-2023-11,4
84446edffffffff-2012-02,2
84446edffffffff-2012-03,18
84446edffffffff-2012-04,35
84446edffffffff-2012-05,2
84446edffffffff-2012-10,2
84446edffffffff-2013-02,2
84446edffffffff-2013-03,15
84446edffffffff-2013-04,41
84446edffffffff-2013-05,20
84446edffffffff-2013-10,5
84446edffffffff-2013-11,3
84446edffffffff-2014-01,1
84446edffffffff-2014-02,3
84446edffffffff-2014-03,12
84446edffffffff-2014-04,39
84446edffffffff-2014-05,15
84446edffffffff-2014-08,1
84446edffffffff-2014-09,1
84446edffffffff-2014-10,16
84446edffffffff-2014-11,5
84446edffffffff-2014-12,5
84446edffffffff-2015-01,2
84446edffffffff-2015-02,4
84446edffffffff-2015-03,1
84446edffffffff-2015-04,44
84446edffffffff-2015-05,24
84446edffffffff-2015-08,1
84446edffffffff-2015-09,2
84446edffffffff-2015-10,3
84446edffffffff-2015-11,3
84446edffffffff-2016-01,2
84446edffffffff-2016-03,6
84446edffffffff-2016-04,12
84446edffffffff-2016-05,15
84446edffffffff-2016-08,1
84446edffffffff-2016-10,8
84446edffffffff-2016-11,1
84446edffffffff-2016-12,2
84446edffffffff-2017-04,29
84446edffffffff-2017-05,17
84446edffffffff-2017-09,3
84446edffffffff-2017-10,7
84446edffffffff-2017-11,4
84446edffffffff-2018-02,2
84446edffffffff-2018-03,6
84446edffffffff-2018-04,42
84446edffffffff-2018-05,8
84446edffffffff-2018-11,10
84446edffffffff-2018-12,4
84446edffffffff-2019-02,1
84446edffffffff-2019-03,5
84446edffffffff-2019-04,62
84446edffffffff-2019-05,8
84446edffffffff-2019-09,1
84446edffffffff-2019-10,8
84446edffffffff-2020-04,8
84446edffffffff-2021-04,52
84446edffffffff-2021-05,7
84446edffffffff-2021-09,2
84446edffffffff-2021-10,27
84446edffffffff-2022-04,58
84446edffffffff-2022-05,7
84446edffffffff-2022-08,3
84446edffffffff-2022-09,8
84446edffffffff-2022-10,9
84446edffffffff-2022-11,4
84446edffffffff-2023-01,6
84446edffffffff-2023-02,1
84446edffffffff-2023-03,10
84446edffffffff-2023-04,209
84446edffffffff-2023-05,15
84446edffffffff-2023-09,4
84446edffffffff-2023-10,1
8444711ffffffff-2013-10,1
8444711ffffffff-2014-08,1
8444711ffffffff-2015-09,1
8444711ffffffff-2016-04,2
8444711ffffffff-2016-08,1
8444711ffffffff-2016-09,1
8444711ffffffff-2016-11,2
8444711ffffffff-2017-04,1
8444711ffffffff-2017-06,1
8444711ffffffff-2017-09,2
8444711ffffffff-2017-10,1
8444711ffffffff-2018-03,3
8444711ffffffff-2018-04,4
8444711ffffffff-2018-05,4
8444711ffffffff-2022-09,3
8444711ffffffff-2023-05,1
8444713ffffffff-2012-02,2
8444713ffffffff-2013-03,1
8444713ffffffff-2016-04,1
8444713ffffffff-2021-04,5
8444713ffffffff-2023-03,1
8444713ffffffff-2023-11,1
8444715ffffffff-2013-05,1
8444715ffffffff-2013-08,1
8444715ffffffff-2013-12,2
8444715ffffffff-2014-03,1
8444715ffffffff-2014-04,1
8444715ffffffff-2014-07,2
8444715ffffffff-2014-08,5
8444715ffffffff-2014-10,1
8444715ffffffff-2014-12,2
8444715ffffffff-2015-04,2
8444715ffffffff-2015-08,4
8444715ffffffff-2015-09,1
8444715ffffffff-2015-11,1
8444715ffffffff-2016-01,3
8444715ffffffff-2016-03,1
8444715ffffffff-2016-09,1
8444715ffffffff-2018-07,1
8444715ffffffff-2018-08,1
8444715ffffffff-2018-10,1
8444715ffffffff-2021-03,1
8444715ffffffff-2021-04,5
8444715ffffffff-2022-01,1
8444715ffffffff-2022-08,2
8444715ffffffff-2022-09,2
8444715ffffffff-2022-11,2
8444715ffffffff-2023-01,1
8444715ffffffff-2023-02,1
8444715ffffffff-2023-03,1
8444715ffffffff-2023-04,3
8444717ffffffff-2013-03,2
8444717ffffffff-2014-01,1
8444717ffffffff-2014-02,1
8444717ffffffff-2014-08,1
8444717ffffffff-2014-10,1
8444717ffffffff-2014-11,5
8444717ffffffff-2015-03,1
8444717ffffffff-2015-04,1
8444717ffffffff-2016-03,3
8444717ffffffff-2016-04,6
8444717ffffffff-2017-03,6
8444717ffffffff-2017-04,11
8444717ffffffff-2017-05,3
8444717ffffffff-2017-07,1
8444717ffffffff-2017-11,1
8444717ffffffff-2018-01,2
8444717ffffffff-2018-03,4
8444717ffffffff-2018-04,10
8444717ffffffff-2019-04,1
8444717ffffffff-2019-08,3
8444717ffffffff-2019-09,2
8444717ffffffff-2020-04,2
8444717ffffffff-2020-09,2
8444717ffffffff-2020-10,1
8444717ffffffff-2021-03,1
8444717ffffffff-2021-04,2
8444717ffffffff-2022-04,3
8444717ffffffff-2023-03,6
8444717ffffffff-2023-04,2
8444731ffffffff-2012-02,2
8444731ffffffff-2012-04,13
8444731ffffffff-2012-11,3
8444731ffffffff-2013-02,2
8444731ffffffff-2013-03,3
8444731ffffffff-2013-04,3
8444731ffffffff-2013-07,1
8444731ffffffff-2013-08,1
8444731ffffffff-2014-02,2
8444731ffffffff-2014-03,1
8444731ffffffff-2014-04,1
8444731ffffffff-2014-05,2
8444731ffffffff-2014-06,2
8444731ffffffff-2014-09,8
8444731ffffffff-2015-01,2
8444731ffffffff-2015-03,2
8444731ffffffff-2015-04,1
8444731ffffffff-2015-11,6
8444731ffffffff-2015-12,4
8444731ffffffff-2016-01,7
8444731ffffffff-2016-04,8
8444731ffffffff-2016-05,10
8444731ffffffff-2016-09,28
8444731ffffffff-2017-03,9
8444731ffffffff-2017-04,8
8444731ffffffff-2018-03,4
8444731ffffffff-2018-04,3
8444731ffffffff-2018-08,7
8444731ffffffff-2018-09,6
8444731ffffffff-2018-11,6
8444731ffffffff-2018-12,5
8444731ffffffff-2019-02,4
8444731ffffffff-2019-03,1
8444731ffffffff-2019-04,12
8444731ffffffff-2019-11,3
8444731ffffffff-2020-04,3
8444731ffffffff-2020-10,1
8444731ffffffff-2021-04,5
8444731ffffffff-2021-05,1
8444731ffffffff-2021-09,4
8444731ffffffff-2021-11,3
8444731ffffffff-2022-04,5
8444731ffffffff-2022-06,1
8444731ffffffff-2022-07,2
8444731ffffffff-2022-08,1
8444731ffffffff-2022-11,1
8444731ffffffff-2023-03,3
8444731ffffffff-2023-04,7
8444731ffffffff-2023-07,1
8444731ffffffff-2023-11,2
8444733ffffffff-2012-02,1
8444733ffffffff-2012-04,1
8444733ffffffff-2012-12,3
8444733ffffffff-2013-01,1
8444733ffffffff-2013-02,1
8444733ffffffff-2013-04,2
8444733ffffffff-2013-10,2
8444733ffffffff-2014-03,2
8444733ffffffff-2014-04,1
8444733ffffffff-2016-04,1
8444733ffffffff-2016-05,4
8444733ffffffff-2017-04,2
8444733ffffffff-2017-09,4
8444733ffffffff-2018-03,2
8444733ffffffff-2018-10,1
8444733ffffffff-2019-05,2
8444733ffffffff-2020-02,1
8444733ffffffff-2020-12,1
8444733ffffffff-2021-02,1
8444733ffffffff-2021-03,1
8444733ffffffff-2021-05,2
8444733ffffffff-2021-09,3
8444733ffffffff-2021-10,3
8444733ffffffff-2021-11,6
8444733ffffffff-2022-03,1
8444733ffffffff-2022-04,1
8444733ffffffff-2022-09,5
8444733ffffffff-2022-10,1
8444733ffffffff-2022-11,7
8444733ffffffff-2022-12,2
8444733ffffffff-2023-04,5
8444733ffffffff-2023-11,2
8444735ffffffff-2014-04,2
8444735ffffffff-2016-10,1
8444735ffffffff-2021-03,4
8444735ffffffff-2021-05,1
8444735ffffffff-2021-09,7
8444735ffffffff-2022-03,2
8444735ffffffff-2022-09,1
8444735ffffffff-2023-04,6
8444737ffffffff-2014-02,3
8444737ffffffff-2018-04,2
8444737ffffffff-2022-01,1
8444737ffffffff-2023-08,1
844473bffffffff-2012-01,2
844473bffffffff-2012-02,1
844473bffffffff-2012-03,20
844473bffffffff-2012-04,93
844473bffffffff-2012-05,7
844473bffffffff-2012-06,2
844473bffffffff-2012-09,3
844473bffffffff-2012-10,3
844473bffffffff-2012-11,3
844473bffffffff-2012-12,5
844473bffffffff-2013-01,3
844473bffffffff-2013-02,7
844473bffffffff-2013-03,14
844473bffffffff-2013-04,89
844473bffffffff-2013-05,4
844473bffffffff-2013-06,1
844473bffffffff-2013-07,3
844473bffffffff-2013-08,5
844473bffffffff-2013-09,5
844473bffffffff-2013-10,3
844473bffffffff-2013-11,6
844473bffffffff-2013-12,3
844473bffffffff-2014-01,5
844473bffffffff-2014-02,1
844473bffffffff-2014-03,14
844473bffffffff-2014-04,90
844473bffffffff-2014-05,13
844473bffffffff-2014-07,2
844473bffffffff-2014-08,2
844473bffffffff-2014-09,6
844473bffffffff-2014-10,5
844473bffffffff-2014-11,9
844473bffffffff-2014-12,3
844473bffffffff-2015-01,4
844473bffffffff-2015-02,2
844473bffffffff-2015-03,3
844473bffffffff-2015-04,94
844473bffffffff-2015-05,6
844473bffffffff-2015-06,1
844473bffffffff-2015-07,2
844473bffffffff-2015-08,3
844473bffffffff-2015-09,5
844473bffffffff-2015-10,2
844473bffffffff-2015-11,4
844473bffffffff-2015-12,5
844473bffffffff-2016-02,4
844473bffffffff-2016-03,8
844473bffffffff-2016-04,88
844473bffffffff-2016-05,8
844473bffffffff-2016-06,5
844473bffffffff-2016-07,3
844473bffffffff-2016-08,3
844473bffffffff-2016-09,8
844473bffffffff-2016-10,6
844473bffffffff-2016-11,7
844473bffffffff-2017-01,2
844473bffffffff-2017-02,1
844473bffffffff-2017-03,15
844473bffffffff-2017-04,119
844473bffffffff-2017-05,8
844473bffffffff-2017-07,8
844473bffffffff-2017-08,1
844473bffffffff-2017-09,8
844473bffffffff-2017-10,9
844473bffffffff-2017-11,4
844473bffffffff-2018-02,2
844473bffffffff-2018-03,53
844473bffffffff-2018-04,120
844473bffffffff-2018-05,12
844473bffffffff-2018-08,4
844473bffffffff-2018-09,3
844473bffffffff-2018-10,13
844473bffffffff-2018-11,1
844473bffffffff-2019-01,2
844473bffffffff-2019-02,3
844473bffffffff-2019-03,20
844473bffffffff-2019-04,113
844473bffffffff-2019-05,9
844473bffffffff-2019-07,3
844473bffffffff-2019-08,6
844473bffffffff-2019-09,11
844473bffffffff-2019-10,5
844473bffffffff-2020-02,1
844473bffffffff-2020-03,7
844473bffffffff-2020-04,30
844473bffffffff-2020-05,18
844473bffffffff-2020-06,2
844473bffffffff-2020-09,5
844473bffffffff-2021-01,2
844473bffffffff-2021-03,14
844473bffffffff-2021-04,142
844473bffffffff-2021-05,14
844473bffffffff-2021-08,1
844473bffffffff-2022-03,4
844473bffffffff-2022-04,67
844473bffffffff-2022-05,11
844473bffffffff-2022-06,1
844473bffffffff-2022-07,2
844473bffffffff-2022-08,1
844473bffffffff-2022-09,4
844473bffffffff-2022-10,20
844473bffffffff-2022-12,3
844473bffffffff-2023-01,2
844473bffffffff-2023-02,1
844473bffffffff-2023-03,21
844473bffffffff-2023-04,220
844473bffffffff-2023-05,12
844473bffffffff-2023-07,3
844473bffffffff-2023-08,3
844473bffffffff-2023-09,4
844473bffffffff-2023-10,8
844473dffffffff-2014-02,2
8444843ffffffff-2017-12,10
8444843ffffffff-2019-01,2
8444843ffffffff-2019-02,2
8444843ffffffff-2019-03,1
8444843ffffffff-2021-01,6
8444843ffffffff-2021-12,5
8444843ffffffff-2022-01,2
8444843ffffffff-2022-02,4
8444843ffffffff-2022-12,5
8444843ffffffff-2023-01,2
8444847ffffffff-2019-02,1
8444847ffffffff-2022-11,11
844484bffffffff-2015-11,2
844484bffffffff-2016-02,2
844484bffffffff-2016-04,2
844484bffffffff-2016-05,3
844484bffffffff-2016-11,3
844484bffffffff-2016-12,5
844484bffffffff-2017-01,4
844484bffffffff-2017-02,2
844484bffffffff-2017-03,5
844484bffffffff-2017-05,2
844484bffffffff-2017-07,1
844484bffffffff-2017-09,2
844484bffffffff-2017-11,3
844484bffffffff-2017-12,13
844484bffffffff-2018-01,8
844484bffffffff-2018-02,2
844484bffffffff-2018-03,2
844484bffffffff-2018-07,1
844484bffffffff-2019-01,9
844484bffffffff-2019-02,5
844484bffffffff-2019-04,3
844484bffffffff-2019-05,4
844484bffffffff-2020-01,17
844484bffffffff-2020-02,5
844484bffffffff-2020-03,3
844484bffffffff-2020-04,3
844484bffffffff-2020-11,1
844484bffffffff-2020-12,1
844484bffffffff-2021-01,7
844484bffffffff-2021-02,1
844484bffffffff-2021-03,1
844484bffffffff-2021-04,2
844484bffffffff-2021-05,3
844484bffffffff-2021-12,2
844484bffffffff-2022-01,2
844484bffffffff-2022-03,4
844484bffffffff-2022-04,3
844484bffffffff-2022-05,6
844484bffffffff-2022-09,1
844484bffffffff-2022-11,2
844484bffffffff-2022-12,4
844484bffffffff-2023-01,4
844484bffffffff-2023-02,3
844484bffffffff-2023-03,3
844484bffffffff-2023-04,8
844484bffffffff-2023-05,5
844484bffffffff-2023-10,1
8444855ffffffff-2023-07,1
8444859ffffffff-2013-08,1
8444859ffffffff-2015-08,4
8444859ffffffff-2015-09,4
8444859ffffffff-2015-10,2
8444859ffffffff-2015-11,6
8444859ffffffff-2015-12,2
8444859ffffffff-2016-01,4
8444859ffffffff-2016-02,1
8444859ffffffff-2016-03,6
8444859ffffffff-2016-04,10
8444859ffffffff-2016-05,2
8444859ffffffff-2016-06,1
8444859ffffffff-2016-07,2
8444859ffffffff-2016-08,3
8444859ffffffff-2016-10,4
8444859ffffffff-2016-12,1
8444859ffffffff-2017-01,5
8444859ffffffff-2017-03,5
8444859ffffffff-2017-08,3
8444859ffffffff-2017-11,2
8444859ffffffff-2017-12,2
8444859ffffffff-2018-02,1
8444859ffffffff-2018-10,5
8444859ffffffff-2018-12,1
8444859ffffffff-2019-01,1
8444859ffffffff-2019-03,1
8444859ffffffff-2022-01,4
8444859ffffffff-2023-03,2
844485dffffffff-2021-02,10
844485dffffffff-2022-01,1
8444861ffffffff-2013-10,2
8444861ffffffff-2016-05,1
8444861ffffffff-2017-05,2
8444861ffffffff-2018-09,1
8444861ffffffff-2019-07,2
8444861ffffffff-2019-08,1
8444861ffffffff-2022-11,1
8444869ffffffff-2012-10,1
8444869ffffffff-2014-12,1
8444869ffffffff-2015-09,1
8444869ffffffff-2015-10,2
8444869ffffffff-2016-04,1
8444869ffffffff-2016-10,7
8444869ffffffff-2017-03,2
8444869ffffffff-2018-01,2
8444869ffffffff-2018-09,5
844486bffffffff-2013-01,1
844486bffffffff-2014-08,4
844486bffffffff-2014-09,3
844486bffffffff-2014-10,5
844486bffffffff-2014-11,4
844486bffffffff-2014-12,1
844486bffffffff-2015-05,4
844486bffffffff-2015-07,2
844486bffffffff-2015-08,10
844486bffffffff-2015-09,10
844486bffffffff-2015-10,1
844486bffffffff-2015-12,1
844486bffffffff-2016-01,1
844486bffffffff-2016-05,2
844486bffffffff-2016-07,1
844486bffffffff-2016-08,1
844486bffffffff-2016-09,4
844486bffffffff-2016-10,10
844486bffffffff-2016-12,1
844486bffffffff-2017-01,3
844486bffffffff-2017-04,1
844486bffffffff-2017-05,6
844486bffffffff-2017-08,2
844486bffffffff-2017-09,2
844486bffffffff-2017-10,1
844486bffffffff-2017-12,4
844486bffffffff-2018-01,4
844486bffffffff-2018-02,1
844486bffffffff-2018-04,12
844486bffffffff-2018-08,4
844486bffffffff-2018-09,6
844486bffffffff-2018-10,5
844486bffffffff-2018-11,4
844486bffffffff-2018-12,7
844486bffffffff-2019-01,4
844486bffffffff-2019-03,3
844486bffffffff-2019-04,3
844486bffffffff-2019-07,2
844486bffffffff-2019-08,7
844486bffffffff-2021-05,3
844486bffffffff-2022-02,1
844486dffffffff-2015-10,3
844486dffffffff-2016-10,2
844486dffffffff-2018-02,4
844486dffffffff-2018-04,1
844486dffffffff-2018-05,4
84448cbffffffff-2013-07,1
8444a11ffffffff-2012-04,4
8444a11ffffffff-2012-05,2
8444a11ffffffff-2012-07,6
8444a11ffffffff-2012-08,13
8444a11ffffffff-2012-10,2
8444a11ffffffff-2012-11,1
8444a11ffffffff-2013-02,2
8444a11ffffffff-2013-04,4
8444a11ffffffff-2013-08,4
8444a11ffffffff-2013-09,4
8444a11ffffffff-2014-02,1
8444a11ffffffff-2014-03,1
8444a11ffffffff-2014-04,8
8444a11ffffffff-2014-05,3
8444a11ffffffff-2014-08,4
8444a11ffffffff-2014-09,4
8444a11ffffffff-2014-12,1
8444a11ffffffff-2015-02,2
8444a11ffffffff-2015-03,2
8444a11ffffffff-2015-04,1
8444a11ffffffff-2015-07,1
8444a11ffffffff-2015-08,1
8444a11ffffffff-2015-10,1
8444a11ffffffff-2016-01,9
8444a11ffffffff-2016-02,3
8444a11ffffffff-2016-03,1
8444a11ffffffff-2016-04,8
8444a11ffffffff-2016-09,3
8444a11ffffffff-2016-12,1
8444a11ffffffff-2017-01,2
8444a11ffffffff-2017-04,6
8444a11ffffffff-2017-07,1
8444a11ffffffff-2017-08,2
8444a11ffffffff-2017-09,2
8444a11ffffffff-2018-04,1
8444a11ffffffff-2018-09,1
8444a11ffffffff-2018-11,1
8444a11ffffffff-2019-08,1
8444a11ffffffff-2019-09,2
8444a11ffffffff-2020-02,2
8444a11ffffffff-2020-03,1
8444a11ffffffff-2020-07,1
8444a11ffffffff-2020-08,1
8444a11ffffffff-2020-09,1
8444a11ffffffff-2020-11,1
8444a11ffffffff-2021-08,1
8444a11ffffffff-2021-09,1
8444a11ffffffff-2022-01,3
8444a11ffffffff-2022-07,1
8444a11ffffffff-2022-09,1
8444a11ffffffff-2023-02,3
8444a11ffffffff-2023-03,4
8444a11ffffffff-2023-04,3
8444a11ffffffff-2023-08,3
8444a11ffffffff-2023-10,1
8444a13ffffffff-2012-05,1
8444a13ffffffff-2012-10,2
8444a13ffffffff-2012-12,1
8444a13ffffffff-2013-05,2
8444a13ffffffff-2013-07,2
8444a13ffffffff-2013-11,1
8444a13ffffffff-2013-12,1
8444a13ffffffff-2014-01,2
8444a13ffffffff-2014-02,5
8444a13ffffffff-2014-03,1
8444a13ffffffff-2014-07,6
8444a13ffffffff-2014-08,9
8444a13ffffffff-2014-09,14
8444a13ffffffff-2014-10,6
8444a13ffffffff-2014-11,9
8444a13ffffffff-2014-12,4
8444a13ffffffff-2015-01,8
8444a13ffffffff-2015-03,6
8444a13ffffffff-2015-04,7
8444a13ffffffff-2015-05,2
8444a13ffffffff-2015-07,2
8444a13ffffffff-2015-08,2
8444a13ffffffff-2015-09,4
8444a13ffffffff-2015-10,5
8444a13ffffffff-2015-11,14
8444a13ffffffff-2015-12,6
8444a13ffffffff-2016-01,3
8444a13ffffffff-2016-02,5
8444a13ffffffff-2016-04,4
8444a13ffffffff-2016-08,5
8444a13ffffffff-2016-09,9
8444a13ffffffff-2016-10,1
8444a13ffffffff-2017-10,1
8444a13ffffffff-2018-01,3
8444a13ffffffff-2018-03,3
8444a13ffffffff-2018-04,6
8444a13ffffffff-2018-08,2
8444a13ffffffff-2018-09,1
8444a13ffffffff-2018-11,1
8444a13ffffffff-2019-02,1
8444a13ffffffff-2020-02,1
8444a13ffffffff-2020-08,1
8444a13ffffffff-2020-10,1
8444a13ffffffff-2021-01,1
8444a13ffffffff-2021-02,4
8444a13ffffffff-2021-03,1
8444a13ffffffff-2021-04,1
8444a13ffffffff-2022-01,1
8444a13ffffffff-2022-02,1
8444a13ffffffff-2022-03,1
8444a13ffffffff-2022-08,2
8444a13ffffffff-2022-11,1
8444a13ffffffff-2022-12,2
8444a13ffffffff-2023-01,1
8444a13ffffffff-2023-04,3
8444a13ffffffff-2023-05,1
8444a13ffffffff-2023-07,1
8444a13ffffffff-2023-09,1
8444a13ffffffff-2023-11,3
8444a19ffffffff-2012-01,8
8444a19ffffffff-2012-02,2
8444a19ffffffff-2012-03,1
8444a19ffffffff-2012-04,3
8444a19ffffffff-2012-07,1
8444a19ffffffff-2012-10,9
8444a19ffffffff-2012-11,6
8444a19ffffffff-2012-12,6
8444a19ffffffff-2013-01,10
8444a19ffffffff-2013-02,4
8444a19ffffffff-2013-03,6
8444a19ffffffff-2013-04,3
8444a19ffffffff-2013-05,1
8444a19ffffffff-2013-06,1
8444a19ffffffff-2013-07,4
8444a19ffffffff-2013-08,1
8444a19ffffffff-2013-10,2
8444a19ffffffff-2013-12,1
8444a19ffffffff-2014-01,7
8444a19ffffffff-2014-02,1
8444a19ffffffff-2014-03,9
8444a19ffffffff-2014-04,3
8444a19ffffffff-2014-09,1
8444a19ffffffff-2014-11,7
8444a19ffffffff-2014-12,7
8444a19ffffffff-2015-01,21
8444a19ffffffff-2015-02,6
8444a19ffffffff-2015-03,17
8444a19ffffffff-2015-04,14
8444a19ffffffff-2015-05,1
8444a19ffffffff-2015-07,1
8444a19ffffffff-2015-09,2
8444a19ffffffff-2015-10,9
8444a19ffffffff-2015-11,12
8444a19ffffffff-2015-12,14
8444a19ffffffff-2016-01,25
8444a19ffffffff-2016-02,12
8444a19ffffffff-2016-03,12
8444a19ffffffff-2016-04,14
8444a19ffffffff-2016-05,1
8444a19ffffffff-2016-06,3
8444a19ffffffff-2016-08,3
8444a19ffffffff-2016-09,13
8444a19ffffffff-2016-11,4
8444a19ffffffff-2017-01,14
8444a19ffffffff-2017-02,2
8444a19ffffffff-2017-03,11
8444a19ffffffff-2017-04,15
8444a19ffffffff-2017-08,1
8444a19ffffffff-2017-09,20
8444a19ffffffff-2017-11,6
8444a19ffffffff-2017-12,12
8444a19ffffffff-2018-01,32
8444a19ffffffff-2018-02,27
8444a19ffffffff-2018-03,16
8444a19ffffffff-2018-04,47
8444a19ffffffff-2018-05,2
8444a19ffffffff-2018-07,41
8444a19ffffffff-2018-08,48
8444a19ffffffff-2018-09,29
8444a19ffffffff-2018-10,10
8444a19ffffffff-2018-11,12
8444a19ffffffff-2018-12,10
8444a19ffffffff-2019-01,6
8444a19ffffffff-2019-02,3
8444a19ffffffff-2019-03,4
8444a19ffffffff-2019-04,5
8444a19ffffffff-2019-05,1
8444a19ffffffff-2019-06,1
8444a19ffffffff-2019-07,11
8444a19ffffffff-2019-08,5
8444a19ffffffff-2019-09,2
8444a19ffffffff-2019-10,1
8444a19ffffffff-2019-11,12
8444a19ffffffff-2019-12,6
8444a19ffffffff-2020-01,8
8444a19ffffffff-2020-02,10
8444a19ffffffff-2020-03,9
8444a19ffffffff-2020-04,10
8444a19ffffffff-2020-05,1
8444a19ffffffff-2020-07,10
8444a19ffffffff-2020-08,15
8444a19ffffffff-2020-09,5
8444a19ffffffff-2020-10,8
8444a19ffffffff-2020-11,4
8444a19ffffffff-2020-12,13
8444a19ffffffff-2021-01,10
8444a19ffffffff-2021-02,32
8444a19ffffffff-2021-03,2
8444a19ffffffff-2021-04,3
8444a19ffffffff-2021-05,4
8444a19ffffffff-2021-06,1
8444a19ffffffff-2021-07,12
8444a19ffffffff-2021-08,12
8444a19ffffffff-2021-11,1
8444a19ffffffff-2021-12,3
8444a19ffffffff-2022-01,21
8444a19ffffffff-2022-02,2
8444a19ffffffff-2022-03,7
8444a19ffffffff-2022-04,3
8444a19ffffffff-2022-08,2
8444a19ffffffff-2022-09,11
8444a19ffffffff-2022-10,2
8444a19ffffffff-2022-11,8
8444a19ffffffff-2023-01,8
8444a19ffffffff-2023-02,7
8444a19ffffffff-2023-03,9
8444a19ffffffff-2023-04,7
8444a19ffffffff-2023-05,14
8444a19ffffffff-2023-06,25
8444a19ffffffff-2023-07,26
8444a19ffffffff-2023-08,14
8444a19ffffffff-2023-09,15
8444a19ffffffff-2023-10,3
8444a19ffffffff-2023-11,19
8444a1bffffffff-2013-04,3
8444a1bffffffff-2013-08,1
8444a1bffffffff-2014-02,1
8444a1bffffffff-2014-03,1
8444a1bffffffff-2014-11,4
8444a1bffffffff-2014-12,5
8444a1bffffffff-2015-01,1
8444a1bffffffff-2015-02,6
8444a1bffffffff-2015-03,4
8444a1bffffffff-2015-04,2
8444a1bffffffff-2015-05,1
8444a1bffffffff-2015-08,1
8444a1bffffffff-2015-10,1
8444a1bffffffff-2015-11,1
8444a1bffffffff-2016-03,1
8444a1bffffffff-2016-07,1
8444a1bffffffff-2016-08,1
8444a1bffffffff-2016-09,1
8444a1bffffffff-2016-11,5
8444a1bffffffff-2017-01,1
8444a1bffffffff-2017-03,3
8444a1bffffffff-2017-07,1
8444a1bffffffff-2017-08,3
8444a1bffffffff-2017-09,1
8444a1bffffffff-2017-10,1
8444a1bffffffff-2018-04,2
8444a1bffffffff-2018-07,1
8444a1bffffffff-2018-08,2
8444a1bffffffff-2018-09,2
8444a1bffffffff-2018-11,1
8444a1bffffffff-2019-02,1
8444a1bffffffff-2019-03,1
8444a1bffffffff-2019-05,1
8444a1bffffffff-2019-07,3
8444a1bffffffff-2019-08,2
8444a1bffffffff-2019-09,2
8444a1bffffffff-2019-11,1
8444a1bffffffff-2020-01,1
8444a1bffffffff-2020-03,1
8444a1bffffffff-2020-08,4
8444a1bffffffff-2020-09,2
8444a1bffffffff-2020-10,6
8444a1bffffffff-2020-11,7
8444a1bffffffff-2020-12,10
8444a1bffffffff-2021-01,1
8444a1bffffffff-2021-02,1
8444a1bffffffff-2021-06,1
8444a1bffffffff-2021-08,2
8444a1bffffffff-2021-09,1
8444a1bffffffff-2021-10,3
8444a1bffffffff-2021-11,3
8444a1bffffffff-2021-12,3
8444a1bffffffff-2022-01,6
8444a1bffffffff-2022-02,4
8444a1bffffffff-2022-03,4
8444a1bffffffff-2022-04,1
8444a1bffffffff-2022-05,1
8444a1bffffffff-2022-08,1
8444a1bffffffff-2022-09,4
8444a1bffffffff-2022-11,1
8444a1bffffffff-2023-01,15
8444a1bffffffff-2023-02,12
8444a1bffffffff-2023-03,15
8444a1bffffffff-2023-08,2
8444a1bffffffff-2023-10,2
8444a27ffffffff-2020-01,1
8444a2dffffffff-2017-10,2
8444a2dffffffff-2018-03,7
8444a37ffffffff-2012-01,1
8444a37ffffffff-2012-03,3
8444a37ffffffff-2013-08,1
8444a37ffffffff-2014-03,3
8444a37ffffffff-2014-08,1
8444a37ffffffff-2014-09,5
8444a37ffffffff-2014-11,2
8444a37ffffffff-2015-04,6
8444a37ffffffff-2015-05,11
8444a37ffffffff-2015-09,17
8444a37ffffffff-2015-10,13
8444a37ffffffff-2015-11,23
8444a37ffffffff-2015-12,11
8444a37ffffffff-2016-01,3
8444a37ffffffff-2016-02,4
8444a37ffffffff-2016-03,4
8444a37ffffffff-2016-04,11
8444a37ffffffff-2016-05,14
8444a37ffffffff-2016-07,1
8444a37ffffffff-2016-08,11
8444a37ffffffff-2016-09,4
8444a37ffffffff-2016-10,13
8444a37ffffffff-2016-11,6
8444a37ffffffff-2017-01,7
8444a37ffffffff-2017-04,10
8444a37ffffffff-2017-05,1
8444a37ffffffff-2017-07,2
8444a37ffffffff-2017-08,1
8444a37ffffffff-2017-09,24
8444a37ffffffff-2017-10,14
8444a37ffffffff-2017-11,15
8444a37ffffffff-2017-12,9
8444a37ffffffff-2018-01,21
8444a37ffffffff-2018-02,6
8444a37ffffffff-2018-03,12
8444a37ffffffff-2018-04,11
8444a37ffffffff-2018-05,3
8444a37ffffffff-2018-07,1
8444a37ffffffff-2018-09,5
8444a37ffffffff-2018-10,39
8444a37ffffffff-2018-11,1
8444a37ffffffff-2018-12,7
8444a37ffffffff-2019-01,16
8444a37ffffffff-2019-02,3
8444a37ffffffff-2019-03,4
8444a37ffffffff-2019-04,5
8444a37ffffffff-2019-07,4
8444a37ffffffff-2019-08,1
8444a37ffffffff-2019-09,3
8444a37ffffffff-2019-10,3
8444a37ffffffff-2020-01,5
8444a37ffffffff-2020-05,12
8444a37ffffffff-2020-06,5
8444a37ffffffff-2020-07,9
8444a37ffffffff-2020-09,9
8444a37ffffffff-2020-10,7
8444a37ffffffff-2020-11,11
8444a37ffffffff-2021-01,11
8444a37ffffffff-2021-02,4
8444a37ffffffff-2021-03,5
8444a37ffffffff-2021-04,6
8444a37ffffffff-2021-05,4
8444a37ffffffff-2021-08,1
8444a37ffffffff-2021-09,10
8444a37ffffffff-2021-10,15
8444a37ffffffff-2021-11,5
8444a37ffffffff-2021-12,2
8444a37ffffffff-2022-01,7
8444a37ffffffff-2022-02,5
8444a37ffffffff-2022-03,4
8444a37ffffffff-2022-04,4
8444a37ffffffff-2022-05,11
8444a37ffffffff-2022-07,2
8444a37ffffffff-2022-08,1
8444a37ffffffff-2022-09,26
8444a37ffffffff-2022-10,18
8444a37ffffffff-2022-11,4
8444a37ffffffff-2023-01,6
8444a37ffffffff-2023-02,1
8444a37ffffffff-2023-03,1
8444a37ffffffff-2023-04,2
8444a37ffffffff-2023-05,7
8444a37ffffffff-2023-06,1
8444a37ffffffff-2023-07,2
8444a37ffffffff-2023-09,8
8444a37ffffffff-2023-10,2
8444a37ffffffff-2023-11,6
8444a39ffffffff-2018-10,4
8444a51ffffffff-2018-04,1
8444a51ffffffff-2020-11,1
8444a51ffffffff-2022-03,2
8444a53ffffffff-2012-01,3
8444a53ffffffff-2012-02,3
8444a53ffffffff-2012-03,1
8444a53ffffffff-2012-10,2
8444a53ffffffff-2012-11,4
8444a53ffffffff-2012-12,2
8444a53ffffffff-2013-01,2
8444a53ffffffff-2013-02,21
8444a53ffffffff-2013-03,19
8444a53ffffffff-2013-04,8
8444a53ffffffff-2013-07,3
8444a53ffffffff-2013-09,2
8444a53ffffffff-2013-11,2
8444a53ffffffff-2013-12,1
8444a53ffffffff-2014-01,1
8444a53ffffffff-2014-02,1
8444a53ffffffff-2014-03,3
8444a53ffffffff-2014-04,1
8444a53ffffffff-2014-07,4
8444a53ffffffff-2014-08,5
8444a53ffffffff-2014-09,2
8444a53ffffffff-2014-10,3
8444a53ffffffff-2014-11,7
8444a53ffffffff-2014-12,4
8444a53ffffffff-2015-01,6
8444a53ffffffff-2015-02,9
8444a53ffffffff-2015-03,1
8444a53ffffffff-2015-04,1
8444a53ffffffff-2015-08,1
8444a53ffffffff-2015-10,5
8444a53ffffffff-2015-11,1
8444a53ffffffff-2015-12,3
8444a53ffffffff-2016-01,4
8444a53ffffffff-2016-02,3
8444a53ffffffff-2016-03,2
8444a53ffffffff-2016-09,2
8444a53ffffffff-2016-10,7
8444a53ffffffff-2016-11,9
8444a53ffffffff-2016-12,5
8444a53ffffffff-2017-01,8
8444a53ffffffff-2017-02,6
8444a53ffffffff-2017-03,2
8444a53ffffffff-2017-08,5
8444a53ffffffff-2017-09,17
8444a53ffffffff-2017-11,1
8444a53ffffffff-2017-12,18
8444a53ffffffff-2018-01,41
8444a53ffffffff-2018-02,6
8444a53ffffffff-2018-03,12
8444a53ffffffff-2018-04,14
8444a53ffffffff-2018-05,7
8444a53ffffffff-2018-07,2
8444a53ffffffff-2018-08,7
8444a53ffffffff-2018-09,7
8444a53ffffffff-2018-10,2
8444a53ffffffff-2018-11,4
8444a53ffffffff-2018-12,17
8444a53ffffffff-2019-01,5
8444a53ffffffff-2019-02,2
8444a53ffffffff-2019-03,9
8444a53ffffffff-2019-04,23
8444a53ffffffff-2019-08,1
8444a53ffffffff-2019-09,1
8444a53ffffffff-2019-11,7
8444a53ffffffff-2019-12,23
8444a53ffffffff-2020-01,17
8444a53ffffffff-2020-02,9
8444a53ffffffff-2020-03,14
8444a53ffffffff-2020-04,1
8444a53ffffffff-2020-05,1
8444a53ffffffff-2020-06,6
8444a53ffffffff-2020-07,7
8444a53ffffffff-2020-08,24
8444a53ffffffff-2020-09,5
8444a53ffffffff-2020-10,8
8444a53ffffffff-2020-11,19
8444a53ffffffff-2020-12,17
8444a53ffffffff-2021-01,21
8444a53ffffffff-2021-02,1
8444a53ffffffff-2021-03,9
8444a53ffffffff-2021-04,8
8444a53ffffffff-2021-05,5
8444a53ffffffff-2021-08,1
8444a53ffffffff-2021-10,1
8444a53ffffffff-2021-11,2
8444a53ffffffff-2021-12,15
8444a53ffffffff-2022-01,10
8444a53ffffffff-2022-02,8
8444a53ffffffff-2022-03,4
8444a53ffffffff-2022-04,4
8444a53ffffffff-2022-05,2
8444a53ffffffff-2022-07,35
8444a53ffffffff-2022-08,16
8444a53ffffffff-2022-10,2
8444a53ffffffff-2022-11,49
8444a53ffffffff-2022-12,22
8444a53ffffffff-2023-01,58
8444a53ffffffff-2023-02,11
8444a53ffffffff-2023-03,20
8444a53ffffffff-2023-04,4
8444a53ffffffff-2023-05,1
8444a53ffffffff-2023-08,15
8444a53ffffffff-2023-09,5
8444a53ffffffff-2023-10,3
8444a53ffffffff-2023-11,8
8444a57ffffffff-2012-02,2
8444a57ffffffff-2013-07,1
8444a57ffffffff-2023-11,1
8444a5bffffffff-2013-04,1
8444a5bffffffff-2013-09,2
8444a5bffffffff-2013-10,11
8444a5bffffffff-2014-02,1
8444a5bffffffff-2014-03,1
8444a5bffffffff-2014-05,1
8444a5bffffffff-2014-08,2
8444a5bffffffff-2014-09,43
8444a5bffffffff-2014-10,16
8444a5bffffffff-2015-02,2
8444a5bffffffff-2015-03,1
8444a5bffffffff-2015-07,1
8444a5bffffffff-2015-09,11
8444a5bffffffff-2015-10,2
8444a5bffffffff-2016-02,1
8444a5bffffffff-2016-03,10
8444a5bffffffff-2016-04,2
8444a5bffffffff-2016-09,13
8444a5bffffffff-2016-10,5
8444a5bffffffff-2017-02,1
8444a5bffffffff-2017-03,1
8444a5bffffffff-2018-04,2
8444a5bffffffff-2018-09,10
8444a5bffffffff-2018-10,8
8444a5bffffffff-2019-07,1
8444a5bffffffff-2019-09,13
8444a5bffffffff-2019-10,3
8444a5bffffffff-2020-02,3
8444a5bffffffff-2020-10,3
8444a5bffffffff-2021-03,4
8444a5bffffffff-2021-04,1
8444a5bffffffff-2021-08,50
8444a5bffffffff-2021-09,21
8444a5bffffffff-2021-10,14
8444a5bffffffff-2021-11,8
8444a5bffffffff-2022-07,1
8444a5bffffffff-2022-08,7
8444a5bffffffff-2022-09,8
8444a5bffffffff-2022-10,3
8444a5bffffffff-2023-02,1
8444a5bffffffff-2023-04,3
8444a5bffffffff-2023-06,1
8444a5bffffffff-2023-08,3
8444a5bffffffff-2023-09,4
8444a5bffffffff-2023-10,2
8444a81ffffffff-2012-01,6
8444a81ffffffff-2012-03,2
8444a81ffffffff-2012-04,3
8444a81ffffffff-2012-08,1
8444a81ffffffff-2013-01,1
8444a81ffffffff-2013-02,3
8444a81ffffffff-2013-03,25
8444a81ffffffff-2013-04,1
8444a81ffffffff-2013-12,9
8444a81ffffffff-2014-01,3
8444a81ffffffff-2014-02,3
8444a81ffffffff-2014-03,7
8444a81ffffffff-2014-04,3
8444a81ffffffff-2014-11,2
8444a81ffffffff-2015-01,11
8444a81ffffffff-2015-02,3
8444a81ffffffff-2015-03,7
8444a81ffffffff-2015-04,6
8444a81ffffffff-2015-05,2
8444a81ffffffff-2015-09,3
8444a81ffffffff-2015-10,1
8444a81ffffffff-2015-12,3
8444a81ffffffff-2016-01,6
8444a81ffffffff-2016-02,13
8444a81ffffffff-2016-03,20
8444a81ffffffff-2016-04,12
8444a81ffffffff-2016-05,3
8444a81ffffffff-2016-07,1
8444a81ffffffff-2016-08,1
8444a81ffffffff-2016-10,2
8444a81ffffffff-2016-11,2
8444a81ffffffff-2016-12,6
8444a81ffffffff-2017-01,12
8444a81ffffffff-2017-02,52
8444a81ffffffff-2017-03,21
8444a81ffffffff-2017-04,12
8444a81ffffffff-2017-05,1
8444a81ffffffff-2017-08,1
8444a81ffffffff-2017-12,7
8444a81ffffffff-2018-01,25
8444a81ffffffff-2018-02,27
8444a81ffffffff-2018-03,9
8444a81ffffffff-2018-04,8
8444a81ffffffff-2018-07,5
8444a81ffffffff-2018-08,3
8444a81ffffffff-2018-09,2
8444a81ffffffff-2018-10,1
8444a81ffffffff-2018-12,1
8444a81ffffffff-2019-01,39
8444a81ffffffff-2019-02,16
8444a81ffffffff-2019-03,10
8444a81ffffffff-2019-04,12
8444a81ffffffff-2019-08,2
8444a81ffffffff-2019-10,1
8444a81ffffffff-2019-11,3
8444a81ffffffff-2019-12,9
8444a81ffffffff-2020-01,26
8444a81ffffffff-2020-02,32
8444a81ffffffff-2020-03,6
8444a81ffffffff-2020-04,16
8444a81ffffffff-2020-05,9
8444a81ffffffff-2020-07,1
8444a81ffffffff-2020-08,6
8444a81ffffffff-2020-09,3
8444a81ffffffff-2020-11,2
8444a81ffffffff-2020-12,15
8444a81ffffffff-2021-01,51
8444a81ffffffff-2021-02,17
8444a81ffffffff-2021-03,24
8444a81ffffffff-2021-04,17
8444a81ffffffff-2021-05,21
8444a81ffffffff-2021-06,1
8444a81ffffffff-2021-08,8
8444a81ffffffff-2021-09,12
8444a81ffffffff-2021-10,11
8444a81ffffffff-2021-11,11
8444a81ffffffff-2021-12,7
8444a81ffffffff-2022-01,8
8444a81ffffffff-2022-02,54
8444a81ffffffff-2022-03,40
8444a81ffffffff-2022-04,30
8444a81ffffffff-2022-05,13
8444a81ffffffff-2022-06,1
8444a81ffffffff-2022-08,18
8444a81ffffffff-2022-09,4
8444a81ffffffff-2022-10,2
8444a81ffffffff-2022-11,15
8444a81ffffffff-2022-12,33
8444a81ffffffff-2023-01,25
8444a81ffffffff-2023-02,22
8444a81ffffffff-2023-03,14
8444a81ffffffff-2023-04,22
8444a81ffffffff-2023-05,5
8444a81ffffffff-2023-06,3
8444a81ffffffff-2023-07,4
8444a81ffffffff-2023-08,9
8444a81ffffffff-2023-09,8
8444a81ffffffff-2023-10,12
8444a81ffffffff-2023-11,5
8444a83ffffffff-2012-01,5
8444a83ffffffff-2012-02,3
8444a83ffffffff-2012-03,13
8444a83ffffffff-2012-04,5
8444a83ffffffff-2012-05,2
8444a83ffffffff-2012-07,1
8444a83ffffffff-2012-08,1
8444a83ffffffff-2012-10,3
8444a83ffffffff-2012-11,7
8444a83ffffffff-2012-12,6
8444a83ffffffff-2013-01,10
8444a83ffffffff-2013-02,13
8444a83ffffffff-2013-03,25
8444a83ffffffff-2013-04,19
8444a83ffffffff-2013-09,1
8444a83ffffffff-2013-10,8
8444a83ffffffff-2013-11,23
8444a83ffffffff-2013-12,21
8444a83ffffffff-2014-01,76
8444a83ffffffff-2014-02,13
8444a83ffffffff-2014-03,32
8444a83ffffffff-2014-04,11
8444a83ffffffff-2014-05,24
8444a83ffffffff-2014-06,1
8444a83ffffffff-2014-09,1
8444a83ffffffff-2014-11,4
8444a83ffffffff-2014-12,4
8444a83ffffffff-2015-01,15
8444a83ffffffff-2015-02,11
8444a83ffffffff-2015-03,3
8444a83ffffffff-2015-04,10
8444a83ffffffff-2015-07,1
8444a83ffffffff-2015-09,2
8444a83ffffffff-2015-10,1
8444a83ffffffff-2015-11,1
8444a83ffffffff-2015-12,11
8444a83ffffffff-2016-01,10
8444a83ffffffff-2016-02,18
8444a83ffffffff-2016-03,26
8444a83ffffffff-2016-04,10
8444a83ffffffff-2016-05,3
8444a83ffffffff-2016-07,6
8444a83ffffffff-2016-08,17
8444a83ffffffff-2016-09,9
8444a83ffffffff-2016-10,3
8444a83ffffffff-2016-11,16
8444a83ffffffff-2016-12,20
8444a83ffffffff-2017-01,30
8444a83ffffffff-2017-02,26
8444a83ffffffff-2017-03,44
8444a83ffffffff-2017-04,47
8444a83ffffffff-2017-05,11
8444a83ffffffff-2017-06,2
8444a83ffffffff-2017-07,5
8444a83ffffffff-2017-08,6
8444a83ffffffff-2017-09,2
8444a83ffffffff-2017-11,2
8444a83ffffffff-2017-12,20
8444a83ffffffff-2018-01,26
8444a83ffffffff-2018-02,7
8444a83ffffffff-2018-03,10
8444a83ffffffff-2018-04,18
8444a83ffffffff-2018-05,4
8444a83ffffffff-2018-07,1
8444a83ffffffff-2018-10,1
8444a83ffffffff-2018-11,4
8444a83ffffffff-2018-12,12
8444a83ffffffff-2019-01,59
8444a83ffffffff-2019-02,28
8444a83ffffffff-2019-03,9
8444a83ffffffff-2019-04,3
8444a83ffffffff-2019-05,1
8444a83ffffffff-2019-07,1
8444a83ffffffff-2019-08,2
8444a83ffffffff-2019-10,1
8444a83ffffffff-2019-11,10
8444a83ffffffff-2019-12,9
8444a83ffffffff-2020-01,70
8444a83ffffffff-2020-02,30
8444a83ffffffff-2020-03,4
8444a83ffffffff-2020-04,3
8444a83ffffffff-2020-10,4
8444a83ffffffff-2020-11,6
8444a83ffffffff-2020-12,19
8444a83ffffffff-2021-01,19
8444a83ffffffff-2021-02,28
8444a83ffffffff-2021-03,20
8444a83ffffffff-2021-04,18
8444a83ffffffff-2021-05,5
8444a83ffffffff-2021-07,1
8444a83ffffffff-2021-09,6
8444a83ffffffff-2021-10,5
8444a83ffffffff-2021-11,9
8444a83ffffffff-2021-12,15
8444a83ffffffff-2022-01,27
8444a83ffffffff-2022-02,29
8444a83ffffffff-2022-03,66
8444a83ffffffff-2022-04,10
8444a83ffffffff-2022-05,2
8444a83ffffffff-2022-06,2
8444a83ffffffff-2022-07,5
8444a83ffffffff-2022-08,2
8444a83ffffffff-2022-09,6
8444a83ffffffff-2022-10,6
8444a83ffffffff-2022-11,10
8444a83ffffffff-2022-12,44
8444a83ffffffff-2023-01,33
8444a83ffffffff-2023-02,26
8444a83ffffffff-2023-03,53
8444a83ffffffff-2023-04,19
8444a83ffffffff-2023-05,3
8444a83ffffffff-2023-06,49
8444a83ffffffff-2023-07,5
8444a83ffffffff-2023-08,1
8444a83ffffffff-2023-10,1
8444a83ffffffff-2023-11,1
8444a85ffffffff-2015-08,1
8444a85ffffffff-2017-09,1
8444a85ffffffff-2019-08,2
8444a85ffffffff-2020-02,1
8444a85ffffffff-2023-08,1
8444a85ffffffff-2023-09,1
8444a87ffffffff-2017-11,2
8444a87ffffffff-2020-10,1
8444a87ffffffff-2021-04,1
8444a87ffffffff-2022-03,2
8444a87ffffffff-2023-02,1
8444a87ffffffff-2023-03,4
8444a89ffffffff-2012-02,1
8444a89ffffffff-2012-03,2
8444a89ffffffff-2012-04,6
8444a89ffffffff-2012-05,1
8444a89ffffffff-2012-10,1
8444a89ffffffff-2012-11,3
8444a89ffffffff-2012-12,6
8444a89ffffffff-2013-02,1
8444a89ffffffff-2013-04,2
8444a89ffffffff-2013-11,2
8444a89ffffffff-2014-01,2
8444a89ffffffff-2014-02,3
8444a89ffffffff-2014-03,5
8444a89ffffffff-2014-04,1
8444a89ffffffff-2014-05,1
8444a89ffffffff-2014-07,1
8444a89ffffffff-2014-09,1
8444a89ffffffff-2014-10,1
8444a89ffffffff-2014-11,2
8444a89ffffffff-2015-01,1
8444a89ffffffff-2015-04,2
8444a89ffffffff-2015-08,2
8444a89ffffffff-2016-01,2
8444a89ffffffff-2016-04,4
8444a89ffffffff-2016-11,2
8444a89ffffffff-2017-04,4
8444a89ffffffff-2017-11,4
8444a89ffffffff-2017-12,2
8444a89ffffffff-2018-01,2
8444a89ffffffff-2018-02,1
8444a89ffffffff-2018-03,2
8444a89ffffffff-2018-04,4
8444a89ffffffff-2018-09,4
8444a89ffffffff-2018-11,4
8444a89ffffffff-2019-01,8
8444a89ffffffff-2019-02,4
8444a89ffffffff-2019-03,5
8444a89ffffffff-2019-04,13
8444a89ffffffff-2019-05,2
8444a89ffffffff-2019-10,1
8444a89ffffffff-2019-11,4
8444a89ffffffff-2019-12,5
8444a89ffffffff-2020-01,5
8444a89ffffffff-2020-02,2
8444a89ffffffff-2020-03,14
8444a89ffffffff-2020-04,3
8444a89ffffffff-2020-05,1
8444a89ffffffff-2020-08,10
8444a89ffffffff-2020-09,1
8444a89ffffffff-2020-10,1
8444a89ffffffff-2020-11,2
8444a89ffffffff-2020-12,2
8444a89ffffffff-2021-01,9
8444a89ffffffff-2021-02,4
8444a89ffffffff-2021-03,4
8444a89ffffffff-2021-04,3
8444a89ffffffff-2021-06,1
8444a89ffffffff-2021-08,3
8444a89ffffffff-2021-09,3
8444a89ffffffff-2021-10,5
8444a89ffffffff-2021-11,4
8444a89ffffffff-2021-12,2
8444a89ffffffff-2022-01,3
8444a89ffffffff-2022-02,6
8444a89ffffffff-2022-03,8
8444a89ffffffff-2022-04,7
8444a89ffffffff-2022-05,7
8444a89ffffffff-2022-08,3
8444a89ffffffff-2022-09,2
8444a89ffffffff-2022-11,2
8444a89ffffffff-2023-01,5
8444a89ffffffff-2023-02,4
8444a89ffffffff-2023-03,14
8444a89ffffffff-2023-04,10
8444a89ffffffff-2023-05,2
8444a89ffffffff-2023-07,1
8444a89ffffffff-2023-08,6
8444a89ffffffff-2023-09,6
8444a89ffffffff-2023-10,4
8444a8bffffffff-2012-03,4
8444a8bffffffff-2012-09,1
8444a8bffffffff-2012-11,1
8444a8bffffffff-2012-12,1
8444a8bffffffff-2013-03,3
8444a8bffffffff-2013-05,1
8444a8bffffffff-2013-07,1
8444a8bffffffff-2013-12,1
8444a8bffffffff-2014-03,1
8444a8bffffffff-2014-04,1
8444a8bffffffff-2015-01,1
8444a8bffffffff-2015-03,8
8444a8bffffffff-2015-07,1
8444a8bffffffff-2015-08,2
8444a8bffffffff-2016-01,23
8444a8bffffffff-2016-03,3
8444a8bffffffff-2016-10,1
8444a8bffffffff-2016-11,5
8444a8bffffffff-2016-12,3
8444a8bffffffff-2017-01,3
8444a8bffffffff-2017-02,8
8444a8bffffffff-2017-03,4
8444a8bffffffff-2017-04,9
8444a8bffffffff-2017-05,1
8444a8bffffffff-2017-08,1
8444a8bffffffff-2017-10,2
8444a8bffffffff-2017-11,1
8444a8bffffffff-2017-12,1
8444a8bffffffff-2018-01,22
8444a8bffffffff-2018-02,3
8444a8bffffffff-2018-03,3
8444a8bffffffff-2018-04,11
8444a8bffffffff-2018-08,1
8444a8bffffffff-2018-11,1
8444a8bffffffff-2018-12,1
8444a8bffffffff-2019-03,7
8444a8bffffffff-2019-04,6
8444a8bffffffff-2019-07,1
8444a8bffffffff-2019-10,1
8444a8bffffffff-2019-11,3
8444a8bffffffff-2019-12,3
8444a8bffffffff-2020-01,20
8444a8bffffffff-2020-02,2
8444a8bffffffff-2020-03,4
8444a8bffffffff-2020-04,8
8444a8bffffffff-2020-05,2
8444a8bffffffff-2020-10,2
8444a8bffffffff-2020-11,3
8444a8bffffffff-2020-12,6
8444a8bffffffff-2021-01,8
8444a8bffffffff-2021-02,4
8444a8bffffffff-2021-03,5
8444a8bffffffff-2021-04,6
8444a8bffffffff-2021-05,3
8444a8bffffffff-2021-07,1
8444a8bffffffff-2021-10,2
8444a8bffffffff-2021-11,2
8444a8bffffffff-2021-12,3
8444a8bffffffff-2022-02,6
8444a8bffffffff-2022-03,4
8444a8bffffffff-2022-04,1
8444a8bffffffff-2022-09,1
8444a8bffffffff-2022-10,1
8444a8bffffffff-2022-11,1
8444a8bffffffff-2022-12,3
8444a8bffffffff-2023-01,3
8444a8bffffffff-2023-02,3
8444a8bffffffff-2023-03,19
8444a8bffffffff-2023-04,13
8444a8bffffffff-2023-08,2
8444a8bffffffff-2023-10,2
8444a8bffffffff-2023-11,2
8444a8dffffffff-2012-04,1
8444a8dffffffff-2012-09,1
8444a8dffffffff-2013-01,1
8444a8dffffffff-2013-03,3
8444a8dffffffff-2013-04,3
8444a8dffffffff-2013-05,1
8444a8dffffffff-2013-10,4
8444a8dffffffff-2013-11,7
8444a8dffffffff-2014-01,1
8444a8dffffffff-2014-04,4
8444a8dffffffff-2014-09,1
8444a8dffffffff-2014-11,3
8444a8dffffffff-2014-12,1
8444a8dffffffff-2015-02,2
8444a8dffffffff-2015-03,2
8444a8dffffffff-2015-07,2
8444a8dffffffff-2015-10,2
8444a8dffffffff-2016-01,2
8444a8dffffffff-2016-02,1
8444a8dffffffff-2017-01,8
8444a8dffffffff-2017-02,2
8444a8dffffffff-2017-03,4
8444a8dffffffff-2017-04,4
8444a8dffffffff-2017-09,2
8444a8dffffffff-2017-11,3
8444a8dffffffff-2017-12,1
8444a8dffffffff-2018-01,5
8444a8dffffffff-2018-02,6
8444a8dffffffff-2018-03,5
8444a8dffffffff-2018-04,2
8444a8dffffffff-2018-09,1
8444a8dffffffff-2019-01,2
8444a8dffffffff-2019-08,1
8444a8dffffffff-2019-11,1
8444a8dffffffff-2020-02,2
8444a8dffffffff-2020-03,5
8444a8dffffffff-2020-04,2
8444a8dffffffff-2020-08,2
8444a8dffffffff-2020-12,3
8444a8dffffffff-2021-01,23
8444a8dffffffff-2021-03,4
8444a8dffffffff-2021-05,1
8444a8dffffffff-2021-07,1
8444a8dffffffff-2021-08,6
8444a8dffffffff-2021-09,4
8444a8dffffffff-2021-10,1
8444a8dffffffff-2022-01,5
8444a8dffffffff-2022-02,1
8444a8dffffffff-2022-04,5
8444a8dffffffff-2022-05,1
8444a8dffffffff-2022-08,8
8444a8dffffffff-2022-09,3
8444a8dffffffff-2022-10,1
8444a8dffffffff-2022-11,3
8444a8dffffffff-2022-12,1
8444a8dffffffff-2023-01,3
8444a8dffffffff-2023-02,3
8444a8dffffffff-2023-03,7
8444a8dffffffff-2023-04,17
8444a8dffffffff-2023-05,20
8444a8dffffffff-2023-07,18
8444a8dffffffff-2023-08,14
8444a8dffffffff-2023-09,2
8444a8dffffffff-2023-11,4
8444a91ffffffff-2012-01,1
8444a91ffffffff-2012-04,5
8444a91ffffffff-2013-01,2
8444a91ffffffff-2013-02,1
8444a91ffffffff-2013-03,2
8444a91ffffffff-2013-10,1
8444a91ffffffff-2013-12,4
8444a91ffffffff-2014-01,1
8444a91ffffffff-2014-02,1
8444a91ffffffff-2014-03,2
8444a91ffffffff-2014-04,2
8444a91ffffffff-2014-05,3
8444a91ffffffff-2014-11,5
8444a91ffffffff-2014-12,1
8444a91ffffffff-2015-02,3
8444a91ffffffff-2015-05,1
8444a91ffffffff-2015-10,1
8444a91ffffffff-2015-12,2
8444a91ffffffff-2016-01,1
8444a91ffffffff-2016-02,1
8444a91ffffffff-2016-03,3
8444a91ffffffff-2016-04,4
8444a91ffffffff-2016-11,2
8444a91ffffffff-2016-12,2
8444a91ffffffff-2017-02,1
8444a91ffffffff-2017-03,1
8444a91ffffffff-2017-11,1
8444a91ffffffff-2018-03,1
8444a91ffffffff-2018-04,1
8444a91ffffffff-2018-10,1
8444a91ffffffff-2018-11,4
8444a91ffffffff-2018-12,12
8444a91ffffffff-2019-01,13
8444a91ffffffff-2019-02,1
8444a91ffffffff-2019-10,1
8444a91ffffffff-2019-11,2
8444a91ffffffff-2020-01,5
8444a91ffffffff-2020-02,1
8444a91ffffffff-2020-07,1
8444a91ffffffff-2020-10,1
8444a91ffffffff-2020-11,2
8444a91ffffffff-2020-12,8
8444a91ffffffff-2021-01,4
8444a91ffffffff-2021-02,1
8444a91ffffffff-2021-03,1
8444a91ffffffff-2021-04,6
8444a91ffffffff-2021-05,1
8444a91ffffffff-2021-10,6
8444a91ffffffff-2021-11,8
8444a91ffffffff-2021-12,5
8444a91ffffffff-2022-02,3
8444a91ffffffff-2022-03,4
8444a91ffffffff-2022-04,6
8444a91ffffffff-2022-10,14
8444a91ffffffff-2022-11,26
8444a91ffffffff-2022-12,24
8444a91ffffffff-2023-01,5
8444a91ffffffff-2023-02,12
8444a91ffffffff-2023-03,18
8444a91ffffffff-2023-04,2
8444a91ffffffff-2023-08,1
8444a91ffffffff-2023-10,15
8444a91ffffffff-2023-11,5
8444a93ffffffff-2012-01,3
8444a93ffffffff-2012-02,4
8444a93ffffffff-2012-03,1
8444a93ffffffff-2012-04,1
8444a93ffffffff-2012-11,1
8444a93ffffffff-2012-12,1
8444a93ffffffff-2013-01,8
8444a93ffffffff-2013-02,5
8444a93ffffffff-2013-03,2
8444a93ffffffff-2013-04,3
8444a93ffffffff-2013-05,3
8444a93ffffffff-2013-10,2
8444a93ffffffff-2013-12,2
8444a93ffffffff-2014-01,3
8444a93ffffffff-2014-02,6
8444a93ffffffff-2014-03,5
8444a93ffffffff-2014-04,1
8444a93ffffffff-2014-12,3
8444a93ffffffff-2015-01,5
8444a93ffffffff-2015-02,1
8444a93ffffffff-2015-03,2
8444a93ffffffff-2015-04,3
8444a93ffffffff-2015-05,10
8444a93ffffffff-2015-07,4
8444a93ffffffff-2015-08,15
8444a93ffffffff-2015-10,1
8444a93ffffffff-2015-11,2
8444a93ffffffff-2015-12,6
8444a93ffffffff-2016-01,45
8444a93ffffffff-2016-02,22
8444a93ffffffff-2016-03,8
8444a93ffffffff-2016-04,20
8444a93ffffffff-2016-05,3
8444a93ffffffff-2016-06,6
8444a93ffffffff-2016-08,28
8444a93ffffffff-2016-09,39
8444a93ffffffff-2016-10,4
8444a93ffffffff-2016-11,27
8444a93ffffffff-2016-12,20
8444a93ffffffff-2017-01,72
8444a93ffffffff-2017-02,49
8444a93ffffffff-2017-03,13
8444a93ffffffff-2017-04,11
8444a93ffffffff-2017-05,8
8444a93ffffffff-2017-07,2
8444a93ffffffff-2017-08,12
8444a93ffffffff-2017-09,5
8444a93ffffffff-2017-11,2
8444a93ffffffff-2017-12,40
8444a93ffffffff-2018-01,64
8444a93ffffffff-2018-02,25
8444a93ffffffff-2018-03,17
8444a93ffffffff-2018-04,13
8444a93ffffffff-2018-05,5
8444a93ffffffff-2018-07,3
8444a93ffffffff-2018-08,14
8444a93ffffffff-2018-09,3
8444a93ffffffff-2018-10,12
8444a93ffffffff-2018-11,14
8444a93ffffffff-2018-12,61
8444a93ffffffff-2019-01,94
8444a93ffffffff-2019-02,13
8444a93ffffffff-2019-03,13
8444a93ffffffff-2019-04,5
8444a93ffffffff-2019-05,7
8444a93ffffffff-2019-07,2
8444a93ffffffff-2019-08,16
8444a93ffffffff-2019-09,1
8444a93ffffffff-2019-10,27
8444a93ffffffff-2019-11,93
8444a93ffffffff-2019-12,59
8444a93ffffffff-2020-01,186
8444a93ffffffff-2020-02,72
8444a93ffffffff-2020-03,46
8444a93ffffffff-2020-04,57
8444a93ffffffff-2020-05,27
8444a93ffffffff-2020-06,4
8444a93ffffffff-2020-07,10
8444a93ffffffff-2020-08,51
8444a93ffffffff-2020-09,61
8444a93ffffffff-2020-10,25
8444a93ffffffff-2020-11,101
8444a93ffffffff-2020-12,92
8444a93ffffffff-2021-01,100
8444a93ffffffff-2021-02,72
8444a93ffffffff-2021-03,82
8444a93ffffffff-2021-04,45
8444a93ffffffff-2021-05,31
8444a93ffffffff-2021-06,4
8444a93ffffffff-2021-07,9
8444a93ffffffff-2021-08,21
8444a93ffffffff-2021-09,32
8444a93ffffffff-2021-10,38
8444a93ffffffff-2021-11,53
8444a93ffffffff-2021-12,135
8444a93ffffffff-2022-01,124
8444a93ffffffff-2022-02,58
8444a93ffffffff-2022-03,41
8444a93ffffffff-2022-04,59
8444a93ffffffff-2022-05,15
8444a93ffffffff-2022-07,1
8444a93ffffffff-2022-08,19
8444a93ffffffff-2022-09,18
8444a93ffffffff-2022-10,11
8444a93ffffffff-2022-11,67
8444a93ffffffff-2022-12,150
8444a93ffffffff-2023-01,67
8444a93ffffffff-2023-02,101
8444a93ffffffff-2023-03,78
8444a93ffffffff-2023-04,66
8444a93ffffffff-2023-05,6
8444a93ffffffff-2023-06,2
8444a93ffffffff-2023-07,2
8444a93ffffffff-2023-08,8
8444a93ffffffff-2023-09,30
8444a93ffffffff-2023-10,42
8444a93ffffffff-2023-11,98
8444a95ffffffff-2012-01,2
8444a95ffffffff-2012-03,1
8444a95ffffffff-2012-10,2
8444a95ffffffff-2012-11,11
8444a95ffffffff-2012-12,2
8444a95ffffffff-2013-01,7
8444a95ffffffff-2013-02,2
8444a95ffffffff-2013-03,6
8444a95ffffffff-2013-11,1
8444a95ffffffff-2013-12,1
8444a95ffffffff-2014-01,15
8444a95ffffffff-2014-02,39
8444a95ffffffff-2014-03,29
8444a95ffffffff-2014-04,11
8444a95ffffffff-2014-05,3
8444a95ffffffff-2014-10,6
8444a95ffffffff-2014-11,23
8444a95ffffffff-2014-12,1
8444a95ffffffff-2015-01,21
8444a95ffffffff-2015-02,7
8444a95ffffffff-2015-03,7
8444a95ffffffff-2015-04,3
8444a95ffffffff-2015-05,4
8444a95ffffffff-2015-08,1
8444a95ffffffff-2015-10,22
8444a95ffffffff-2015-11,34
8444a95ffffffff-2015-12,5
8444a95ffffffff-2016-01,42
8444a95ffffffff-2016-02,7
8444a95ffffffff-2016-03,39
8444a95ffffffff-2016-04,16
8444a95ffffffff-2016-05,9
8444a95ffffffff-2016-08,2
8444a95ffffffff-2016-11,30
8444a95ffffffff-2016-12,10
8444a95ffffffff-2017-01,20
8444a95ffffffff-2017-02,9
8444a95ffffffff-2017-03,22
8444a95ffffffff-2017-04,30
8444a95ffffffff-2017-05,2
8444a95ffffffff-2017-08,2
8444a95ffffffff-2017-09,8
8444a95ffffffff-2017-10,6
8444a95ffffffff-2017-11,5
8444a95ffffffff-2017-12,29
8444a95ffffffff-2018-01,14
8444a95ffffffff-2018-02,25
8444a95ffffffff-2018-03,34
8444a95ffffffff-2018-04,48
8444a95ffffffff-2018-05,9
8444a95ffffffff-2018-07,3
8444a95ffffffff-2018-08,4
8444a95ffffffff-2018-09,3
8444a95ffffffff-2018-11,3
8444a95ffffffff-2018-12,11
8444a95ffffffff-2019-01,57
8444a95ffffffff-2019-02,37
8444a95ffffffff-2019-03,30
8444a95ffffffff-2019-04,16
8444a95ffffffff-2019-05,10
8444a95ffffffff-2019-07,4
8444a95ffffffff-2019-08,14
8444a95ffffffff-2019-09,19
8444a95ffffffff-2019-10,5
8444a95ffffffff-2019-11,30
8444a95ffffffff-2019-12,3
8444a95ffffffff-2020-01,22
8444a95ffffffff-2020-02,1
8444a95ffffffff-2020-03,6
8444a95ffffffff-2020-04,12
8444a95ffffffff-2020-05,12
8444a95ffffffff-2020-08,2
8444a95ffffffff-2020-12,9
8444a95ffffffff-2021-01,3
8444a95ffffffff-2021-02,4
8444a95ffffffff-2021-03,9
8444a95ffffffff-2021-04,16
8444a95ffffffff-2021-05,1
8444a95ffffffff-2021-10,1
8444a95ffffffff-2021-11,3
8444a95ffffffff-2021-12,11
8444a95ffffffff-2022-01,19
8444a95ffffffff-2022-02,23
8444a95ffffffff-2022-03,16
8444a95ffffffff-2022-04,7
8444a95ffffffff-2022-05,3
8444a95ffffffff-2022-08,2
8444a95ffffffff-2022-11,21
8444a95ffffffff-2022-12,10
8444a95ffffffff-2023-01,21
8444a95ffffffff-2023-02,11
8444a95ffffffff-2023-03,20
8444a95ffffffff-2023-04,38
8444a95ffffffff-2023-05,9
8444a95ffffffff-2023-08,2
8444a95ffffffff-2023-11,4
8444a97ffffffff-2012-01,5
8444a97ffffffff-2012-03,1
8444a97ffffffff-2012-11,2
8444a97ffffffff-2012-12,3
8444a97ffffffff-2013-01,21
8444a97ffffffff-2013-02,5
8444a97ffffffff-2013-03,11
8444a97ffffffff-2013-04,5
8444a97ffffffff-2013-05,1
8444a97ffffffff-2013-11,1
8444a97ffffffff-2013-12,10
8444a97ffffffff-2014-01,31
8444a97ffffffff-2014-02,10
8444a97ffffffff-2014-03,11
8444a97ffffffff-2014-04,3
8444a97ffffffff-2014-05,11
8444a97ffffffff-2014-11,1
8444a97ffffffff-2014-12,7
8444a97ffffffff-2015-01,3
8444a97ffffffff-2015-02,6
8444a97ffffffff-2015-03,4
8444a97ffffffff-2015-04,12
8444a97ffffffff-2015-05,6
8444a97ffffffff-2015-06,1
8444a97ffffffff-2015-07,1
8444a97ffffffff-2015-08,1
8444a97ffffffff-2015-10,1
8444a97ffffffff-2015-11,6
8444a97ffffffff-2015-12,16
8444a97ffffffff-2016-01,35
8444a97ffffffff-2016-02,19
8444a97ffffffff-2016-03,4
8444a97ffffffff-2016-04,10
8444a97ffffffff-2016-05,23
8444a97ffffffff-2016-06,2
8444a97ffffffff-2016-08,2
8444a97ffffffff-2016-11,1
8444a97ffffffff-2016-12,4
8444a97ffffffff-2017-01,21
8444a97ffffffff-2017-02,11
8444a97ffffffff-2017-03,4
8444a97ffffffff-2017-04,7
8444a97ffffffff-2017-05,9
8444a97ffffffff-2017-09,16
8444a97ffffffff-2017-11,1
8444a97ffffffff-2017-12,8
8444a97ffffffff-2018-01,2
8444a97ffffffff-2018-02,4
8444a97ffffffff-2018-03,11
8444a97ffffffff-2018-04,18
8444a97ffffffff-2018-05,12
8444a97ffffffff-2018-10,3
8444a97ffffffff-2018-11,3
8444a97ffffffff-2018-12,6
8444a97ffffffff-2019-01,20
8444a97ffffffff-2019-02,11
8444a97ffffffff-2019-03,3
8444a97ffffffff-2019-04,4
8444a97ffffffff-2019-05,6
8444a97ffffffff-2019-09,3
8444a97ffffffff-2019-10,2
8444a97ffffffff-2019-11,2
8444a97ffffffff-2019-12,3
8444a97ffffffff-2020-01,5
8444a97ffffffff-2020-02,5
8444a97ffffffff-2020-03,8
8444a97ffffffff-2020-04,16
8444a97ffffffff-2020-05,5
8444a97ffffffff-2020-09,2
8444a97ffffffff-2020-11,1
8444a97ffffffff-2020-12,3
8444a97ffffffff-2021-01,7
8444a97ffffffff-2021-02,6
8444a97ffffffff-2021-03,12
8444a97ffffffff-2021-04,13
8444a97ffffffff-2021-05,3
8444a97ffffffff-2021-06,1
8444a97ffffffff-2021-11,2
8444a97ffffffff-2021-12,7
8444a97ffffffff-2022-01,26
8444a97ffffffff-2022-02,13
8444a97ffffffff-2022-03,6
8444a97ffffffff-2022-04,7
8444a97ffffffff-2022-05,1
8444a97ffffffff-2022-10,3
8444a97ffffffff-2022-11,4
8444a97ffffffff-2022-12,1
8444a97ffffffff-2023-01,6
8444a97ffffffff-2023-02,3
8444a97ffffffff-2023-03,10
8444a97ffffffff-2023-04,15
8444a97ffffffff-2023-05,8
8444a97ffffffff-2023-10,2
8444a97ffffffff-2023-11,1
8444a99ffffffff-2012-01,2
8444a99ffffffff-2012-02,2
8444a99ffffffff-2012-03,6
8444a99ffffffff-2012-04,25
8444a99ffffffff-2012-05,8
8444a99ffffffff-2012-08,1
8444a99ffffffff-2012-11,4
8444a99ffffffff-2012-12,4
8444a99ffffffff-2013-01,6
8444a99ffffffff-2013-02,13
8444a99ffffffff-2013-03,24
8444a99ffffffff-2013-04,25
8444a99ffffffff-2013-10,1
8444a99ffffffff-2013-11,8
8444a99ffffffff-2013-12,14
8444a99ffffffff-2014-01,18
8444a99ffffffff-2014-02,14
8444a99ffffffff-2014-03,8
8444a99ffffffff-2014-04,2
8444a99ffffffff-2014-07,1
8444a99ffffffff-2014-09,2
8444a99ffffffff-2014-10,4
8444a99ffffffff-2014-11,14
8444a99ffffffff-2014-12,14
8444a99ffffffff-2015-01,21
8444a99ffffffff-2015-02,11
8444a99ffffffff-2015-03,22
8444a99ffffffff-2015-04,5
8444a99ffffffff-2015-05,3
8444a99ffffffff-2015-08,1
8444a99ffffffff-2015-09,1
8444a99ffffffff-2015-10,3
8444a99ffffffff-2015-11,7
8444a99ffffffff-2015-12,6
8444a99ffffffff-2016-01,13
8444a99ffffffff-2016-02,4
8444a99ffffffff-2016-03,6
8444a99ffffffff-2016-04,4
8444a99ffffffff-2016-09,1
8444a99ffffffff-2016-10,6
8444a99ffffffff-2016-11,6
8444a99ffffffff-2016-12,2
8444a99ffffffff-2017-01,9
8444a99ffffffff-2017-02,10
8444a99ffffffff-2017-03,6
8444a99ffffffff-2017-04,3
8444a99ffffffff-2017-08,2
8444a99ffffffff-2017-10,3
8444a99ffffffff-2017-11,4
8444a99ffffffff-2017-12,1
8444a99ffffffff-2018-01,7
8444a99ffffffff-2018-02,5
8444a99ffffffff-2018-03,3
8444a99ffffffff-2018-04,5
8444a99ffffffff-2018-05,1
8444a99ffffffff-2018-10,2
8444a99ffffffff-2018-11,2
8444a99ffffffff-2018-12,4
8444a99ffffffff-2019-01,5
8444a99ffffffff-2019-02,3
8444a99ffffffff-2019-03,1
8444a99ffffffff-2019-10,4
8444a99ffffffff-2019-11,2
8444a99ffffffff-2019-12,2
8444a99ffffffff-2020-01,2
8444a99ffffffff-2020-02,1
8444a99ffffffff-2020-03,14
8444a99ffffffff-2020-04,9
8444a99ffffffff-2020-12,1
8444a99ffffffff-2021-01,2
8444a99ffffffff-2021-02,2
8444a99ffffffff-2021-03,3
8444a99ffffffff-2021-04,4
8444a99ffffffff-2021-05,1
8444a99ffffffff-2021-08,1
8444a99ffffffff-2021-10,1
8444a99ffffffff-2021-11,1
8444a99ffffffff-2022-01,3
8444a99ffffffff-2022-02,4
8444a99ffffffff-2022-03,8
8444a99ffffffff-2022-04,6
8444a99ffffffff-2022-05,1
8444a99ffffffff-2022-10,2
8444a99ffffffff-2022-12,3
8444a99ffffffff-2023-01,4
8444a99ffffffff-2023-02,4
8444a99ffffffff-2023-03,12
8444a99ffffffff-2023-04,7
8444a99ffffffff-2023-05,3
8444a99ffffffff-2023-10,1
8444a99ffffffff-2023-11,1
8444a9bffffffff-2012-04,1
8444a9bffffffff-2014-01,5
8444a9bffffffff-2014-02,2
8444a9bffffffff-2014-03,1
8444a9bffffffff-2014-04,1
8444a9bffffffff-2014-05,1
8444a9bffffffff-2014-12,3
8444a9bffffffff-2015-01,6
8444a9bffffffff-2015-03,4
8444a9bffffffff-2015-04,7
8444a9bffffffff-2015-05,2
8444a9bffffffff-2015-07,1
8444a9bffffffff-2015-08,1
8444a9bffffffff-2015-09,1
8444a9bffffffff-2015-12,3
8444a9bffffffff-2016-01,2
8444a9bffffffff-2016-11,1
8444a9bffffffff-2016-12,1
8444a9bffffffff-2017-01,1
8444a9bffffffff-2017-02,1
8444a9bffffffff-2017-09,1
8444a9bffffffff-2017-11,1
8444a9bffffffff-2017-12,3
8444a9bffffffff-2018-01,16
8444a9bffffffff-2018-02,1
8444a9bffffffff-2018-03,6
8444a9bffffffff-2018-04,4
8444a9bffffffff-2018-09,1
8444a9bffffffff-2018-11,1
8444a9bffffffff-2018-12,5
8444a9bffffffff-2019-01,4
8444a9bffffffff-2019-03,1
8444a9bffffffff-2019-04,2
8444a9bffffffff-2019-11,1
8444a9bffffffff-2019-12,6
8444a9bffffffff-2020-01,1
8444a9bffffffff-2020-02,1
8444a9bffffffff-2020-03,1
8444a9bffffffff-2020-04,1
8444a9bffffffff-2020-11,7
8444a9bffffffff-2020-12,8
8444a9bffffffff-2021-01,14
8444a9bffffffff-2021-02,10
8444a9bffffffff-2021-03,3
8444a9bffffffff-2021-04,2
8444a9bffffffff-2021-05,33
8444a9bffffffff-2021-06,9
8444a9bffffffff-2021-12,2
8444a9bffffffff-2022-01,22
8444a9bffffffff-2022-02,8
8444a9bffffffff-2022-03,1
8444a9bffffffff-2022-04,2
8444a9bffffffff-2022-05,11
8444a9bffffffff-2022-07,1
8444a9bffffffff-2022-08,1
8444a9bffffffff-2022-10,1
8444a9bffffffff-2022-11,1
8444a9bffffffff-2022-12,5
8444a9bffffffff-2023-01,10
8444a9bffffffff-2023-02,4
8444a9bffffffff-2023-03,1
8444a9bffffffff-2023-09,1
8444a9bffffffff-2023-10,7
8444a9bffffffff-2023-11,31
8444a9dffffffff-2012-01,3
8444a9dffffffff-2012-02,6
8444a9dffffffff-2012-03,15
8444a9dffffffff-2012-04,4
8444a9dffffffff-2012-09,1
8444a9dffffffff-2012-11,3
8444a9dffffffff-2012-12,4
8444a9dffffffff-2013-01,16
8444a9dffffffff-2013-02,16
8444a9dffffffff-2013-03,10
8444a9dffffffff-2013-08,3
8444a9dffffffff-2013-12,2
8444a9dffffffff-2014-01,10
8444a9dffffffff-2014-02,7
8444a9dffffffff-2014-03,8
8444a9dffffffff-2014-04,6
8444a9dffffffff-2014-12,2
8444a9dffffffff-2015-01,8
8444a9dffffffff-2015-02,3
8444a9dffffffff-2015-03,6
8444a9dffffffff-2015-04,5
8444a9dffffffff-2015-05,2
8444a9dffffffff-2015-08,2
8444a9dffffffff-2015-10,2
8444a9dffffffff-2015-11,7
8444a9dffffffff-2015-12,3
8444a9dffffffff-2016-01,7
8444a9dffffffff-2016-02,3
8444a9dffffffff-2016-03,11
8444a9dffffffff-2016-04,8
8444a9dffffffff-2016-09,3
8444a9dffffffff-2016-10,2
8444a9dffffffff-2016-11,9
8444a9dffffffff-2016-12,4
8444a9dffffffff-2017-01,7
8444a9dffffffff-2017-02,1
8444a9dffffffff-2017-03,4
8444a9dffffffff-2017-04,5
8444a9dffffffff-2017-05,1
8444a9dffffffff-2017-08,1
8444a9dffffffff-2017-09,10
8444a9dffffffff-2017-10,1
8444a9dffffffff-2017-12,1
8444a9dffffffff-2018-01,13
8444a9dffffffff-2018-02,1
8444a9dffffffff-2018-03,4
8444a9dffffffff-2018-04,2
8444a9dffffffff-2018-07,1
8444a9dffffffff-2018-08,4
8444a9dffffffff-2018-09,4
8444a9dffffffff-2018-11,8
8444a9dffffffff-2018-12,6
8444a9dffffffff-2019-01,17
8444a9dffffffff-2019-02,3
8444a9dffffffff-2019-03,10
8444a9dffffffff-2019-04,11
8444a9dffffffff-2019-07,2
8444a9dffffffff-2019-08,14
8444a9dffffffff-2019-10,2
8444a9dffffffff-2019-11,3
8444a9dffffffff-2019-12,6
8444a9dffffffff-2020-01,6
8444a9dffffffff-2020-02,2
8444a9dffffffff-2020-03,7
8444a9dffffffff-2020-04,2
8444a9dffffffff-2020-07,36
8444a9dffffffff-2020-08,22
8444a9dffffffff-2020-09,10
8444a9dffffffff-2020-10,1
8444a9dffffffff-2020-11,1
8444a9dffffffff-2020-12,10
8444a9dffffffff-2021-01,2
8444a9dffffffff-2021-02,5
8444a9dffffffff-2021-03,12
8444a9dffffffff-2021-04,8
8444a9dffffffff-2021-05,8
8444a9dffffffff-2021-07,7
8444a9dffffffff-2021-08,5
8444a9dffffffff-2021-09,1
8444a9dffffffff-2021-10,4
8444a9dffffffff-2021-11,8
8444a9dffffffff-2021-12,6
8444a9dffffffff-2022-01,1
8444a9dffffffff-2022-02,9
8444a9dffffffff-2022-03,13
8444a9dffffffff-2022-04,8
8444a9dffffffff-2022-07,5
8444a9dffffffff-2022-08,5
8444a9dffffffff-2022-09,9
8444a9dffffffff-2022-10,5
8444a9dffffffff-2022-11,9
8444a9dffffffff-2022-12,11
8444a9dffffffff-2023-01,11
8444a9dffffffff-2023-02,9
8444a9dffffffff-2023-03,17
8444a9dffffffff-2023-04,39
8444a9dffffffff-2023-05,16
8444a9dffffffff-2023-07,2
8444a9dffffffff-2023-08,18
8444a9dffffffff-2023-09,51
8444a9dffffffff-2023-10,5
8444a9dffffffff-2023-11,7
8444ab9ffffffff-2012-01,1
8444ab9ffffffff-2012-02,1
8444ab9ffffffff-2012-03,2
8444ab9ffffffff-2012-05,1
8444ab9ffffffff-2012-09,1
8444ab9ffffffff-2012-12,1
8444ab9ffffffff-2013-01,5
8444ab9ffffffff-2013-02,2
8444ab9ffffffff-2013-03,2
8444ab9ffffffff-2013-04,1
8444ab9ffffffff-2013-12,2
8444ab9ffffffff-2014-01,1
8444ab9ffffffff-2014-02,1
8444ab9ffffffff-2014-03,6
8444ab9ffffffff-2014-04,1
8444ab9ffffffff-2014-06,1
8444ab9ffffffff-2014-09,2
8444ab9ffffffff-2014-11,3
8444ab9ffffffff-2015-01,4
8444ab9ffffffff-2015-02,2
8444ab9ffffffff-2015-03,2
8444ab9ffffffff-2015-04,3
8444ab9ffffffff-2015-09,1
8444ab9ffffffff-2015-11,1
8444ab9ffffffff-2015-12,2
8444ab9ffffffff-2016-01,2
8444ab9ffffffff-2016-02,1
8444ab9ffffffff-2016-03,1
8444ab9ffffffff-2016-04,1
8444ab9ffffffff-2016-08,2
8444ab9ffffffff-2016-09,3
8444ab9ffffffff-2017-01,4
8444ab9ffffffff-2017-02,1
8444ab9ffffffff-2017-03,6
8444ab9ffffffff-2017-04,1
8444ab9ffffffff-2017-06,1
8444ab9ffffffff-2017-09,1
8444ab9ffffffff-2017-11,1
8444ab9ffffffff-2018-01,1
8444ab9ffffffff-2018-02,5
8444ab9ffffffff-2018-03,2
8444ab9ffffffff-2018-04,9
8444ab9ffffffff-2018-09,1
8444ab9ffffffff-2019-01,1
8444ab9ffffffff-2019-02,1
8444ab9ffffffff-2019-04,1
8444ab9ffffffff-2019-10,1
8444ab9ffffffff-2019-11,1
8444ab9ffffffff-2020-03,1
8444ab9ffffffff-2020-08,1
8444ab9ffffffff-2021-01,1
8444ab9ffffffff-2021-02,2
8444ab9ffffffff-2021-03,2
8444ab9ffffffff-2021-04,1
8444ab9ffffffff-2021-09,1
8444ab9ffffffff-2022-02,7
8444ab9ffffffff-2022-04,1
8444ab9ffffffff-2022-05,2
8444ab9ffffffff-2022-09,1
8444ab9ffffffff-2023-02,1
8444ab9ffffffff-2023-03,2
8444ab9ffffffff-2023-04,2
8444abbffffffff-2012-01,86
8444abbffffffff-2012-02,49
8444abbffffffff-2012-03,58
8444abbffffffff-2012-04,44
8444abbffffffff-2012-05,15
8444abbffffffff-2012-06,4
8444abbffffffff-2012-07,9
8444abbffffffff-2012-08,17
8444abbffffffff-2012-09,21
8444abbffffffff-2012-10,14
8444abbffffffff-2012-11,29
8444abbffffffff-2012-12,37
8444abbffffffff-2013-01,141
8444abbffffffff-2013-02,101
8444abbffffffff-2013-03,66
8444abbffffffff-2013-04,29
8444abbffffffff-2013-05,11
8444abbffffffff-2013-06,3
8444abbffffffff-2013-07,4
8444abbffffffff-2013-08,6
8444abbffffffff-2013-09,10
8444abbffffffff-2013-10,6
8444abbffffffff-2013-11,32
8444abbffffffff-2013-12,72
8444abbffffffff-2014-01,162
8444abbffffffff-2014-02,51
8444abbffffffff-2014-03,65
8444abbffffffff-2014-04,23
8444abbffffffff-2014-05,10
8444abbffffffff-2014-06,23
8444abbffffffff-2014-07,11
8444abbffffffff-2014-08,13
8444abbffffffff-2014-09,12
8444abbffffffff-2014-10,10
8444abbffffffff-2014-11,22
8444abbffffffff-2014-12,32
8444abbffffffff-2015-01,219
8444abbffffffff-2015-02,89
8444abbffffffff-2015-03,70
8444abbffffffff-2015-04,59
8444abbffffffff-2015-05,57
8444abbffffffff-2015-06,1
8444abbffffffff-2015-07,19
8444abbffffffff-2015-08,11
8444abbffffffff-2015-09,6
8444abbffffffff-2015-10,1
8444abbffffffff-2015-11,30
8444abbffffffff-2015-12,46
8444abbffffffff-2016-01,237
8444abbffffffff-2016-02,81
8444abbffffffff-2016-03,87
8444abbffffffff-2016-04,70
8444abbffffffff-2016-05,21
8444abbffffffff-2016-06,7
8444abbffffffff-2016-07,16
8444abbffffffff-2016-08,32
8444abbffffffff-2016-09,17
8444abbffffffff-2016-10,9
8444abbffffffff-2016-11,35
8444abbffffffff-2016-12,61
8444abbffffffff-2017-01,211
8444abbffffffff-2017-02,173
8444abbffffffff-2017-03,100
8444abbffffffff-2017-04,61
8444abbffffffff-2017-05,10
8444abbffffffff-2017-06,1
8444abbffffffff-2017-07,10
8444abbffffffff-2017-08,3
8444abbffffffff-2017-09,2
8444abbffffffff-2017-10,2
8444abbffffffff-2017-11,62
8444abbffffffff-2017-12,65
8444abbffffffff-2018-01,267
8444abbffffffff-2018-02,118
8444abbffffffff-2018-03,172
8444abbffffffff-2018-04,136
8444abbffffffff-2018-05,68
8444abbffffffff-2018-07,3
8444abbffffffff-2018-08,5
8444abbffffffff-2018-09,16
8444abbffffffff-2018-10,63
8444abbffffffff-2018-11,82
8444abbffffffff-2018-12,81
8444abbffffffff-2019-01,461
8444abbffffffff-2019-02,213
8444abbffffffff-2019-03,192
8444abbffffffff-2019-04,96
8444abbffffffff-2019-05,21
8444abbffffffff-2019-06,4
8444abbffffffff-2019-07,8
8444abbffffffff-2019-08,2
8444abbffffffff-2019-09,9
8444abbffffffff-2019-10,2
8444abbffffffff-2019-11,15
8444abbffffffff-2019-12,66
8444abbffffffff-2020-01,241
8444abbffffffff-2020-02,333
8444abbffffffff-2020-03,225
8444abbffffffff-2020-04,91
8444abbffffffff-2020-05,87
8444abbffffffff-2020-06,1
8444abbffffffff-2020-08,12
8444abbffffffff-2020-09,5
8444abbffffffff-2020-10,4
8444abbffffffff-2020-11,27
8444abbffffffff-2020-12,115
8444abbffffffff-2021-01,340
8444abbffffffff-2021-02,129
8444abbffffffff-2021-03,211
8444abbffffffff-2021-04,181
8444abbffffffff-2021-05,57
8444abbffffffff-2021-06,1
8444abbffffffff-2021-07,1
8444abbffffffff-2021-08,1
8444abbffffffff-2021-09,6
8444abbffffffff-2021-10,19
8444abbffffffff-2021-11,11
8444abbffffffff-2021-12,27
8444abbffffffff-2022-01,91
8444abbffffffff-2022-02,163
8444abbffffffff-2022-03,218
8444abbffffffff-2022-04,176
8444abbffffffff-2022-05,56
8444abbffffffff-2022-06,1
8444abbffffffff-2022-07,2
8444abbffffffff-2022-08,13
8444abbffffffff-2022-09,6
8444abbffffffff-2022-10,6
8444abbffffffff-2022-11,31
8444abbffffffff-2022-12,61
8444abbffffffff-2023-01,275
8444abbffffffff-2023-02,374
8444abbffffffff-2023-03,248
8444abbffffffff-2023-04,152
8444abbffffffff-2023-05,15
8444abbffffffff-2023-07,1
8444abbffffffff-2023-08,4
8444abbffffffff-2023-09,9
8444abbffffffff-2023-10,8
8444abbffffffff-2023-11,3
8444ac1ffffffff-2012-02,2
8444ac1ffffffff-2012-03,1
8444ac1ffffffff-2012-07,3
8444ac1ffffffff-2012-08,14
8444ac1ffffffff-2012-09,4
8444ac1ffffffff-2013-03,3
8444ac1ffffffff-2013-07,1
8444ac1ffffffff-2013-08,3
8444ac1ffffffff-2013-09,2
8444ac1ffffffff-2013-11,2
8444ac1ffffffff-2014-01,3
8444ac1ffffffff-2014-02,1
8444ac1ffffffff-2014-04,1
8444ac1ffffffff-2014-08,18
8444ac1ffffffff-2015-01,2
8444ac1ffffffff-2015-03,13
8444ac1ffffffff-2015-05,2
8444ac1ffffffff-2015-06,1
8444ac1ffffffff-2015-08,33
8444ac1ffffffff-2015-09,4
8444ac1ffffffff-2016-02,4
8444ac1ffffffff-2016-03,6
8444ac1ffffffff-2016-04,1
8444ac1ffffffff-2016-08,6
8444ac1ffffffff-2017-04,1
8444ac1ffffffff-2017-05,1
8444ac1ffffffff-2017-07,2
8444ac1ffffffff-2017-08,2
8444ac1ffffffff-2017-11,1
8444ac1ffffffff-2017-12,4
8444ac1ffffffff-2018-01,2
8444ac1ffffffff-2018-02,6
8444ac1ffffffff-2018-03,1
8444ac1ffffffff-2018-04,1
8444ac1ffffffff-2018-07,1
8444ac1ffffffff-2018-08,11
8444ac1ffffffff-2018-11,1
8444ac1ffffffff-2018-12,2
8444ac1ffffffff-2019-01,1
8444ac1ffffffff-2019-02,15
8444ac1ffffffff-2019-03,3
8444ac1ffffffff-2019-04,2
8444ac1ffffffff-2019-07,3
8444ac1ffffffff-2019-08,43
8444ac1ffffffff-2019-11,1
8444ac1ffffffff-2019-12,1
8444ac1ffffffff-2020-01,1
8444ac1ffffffff-2020-04,2
8444ac1ffffffff-2020-07,7
8444ac1ffffffff-2020-08,14
8444ac1ffffffff-2020-09,1
8444ac1ffffffff-2020-10,1
8444ac1ffffffff-2020-12,2
8444ac1ffffffff-2021-01,2
8444ac1ffffffff-2021-03,1
8444ac1ffffffff-2021-04,1
8444ac1ffffffff-2021-07,1
8444ac1ffffffff-2021-09,1
8444ac1ffffffff-2021-11,8
8444ac1ffffffff-2022-01,4
8444ac1ffffffff-2022-03,3
8444ac1ffffffff-2022-05,1
8444ac1ffffffff-2022-07,1
8444ac1ffffffff-2022-10,1
8444ac1ffffffff-2023-01,3
8444ac1ffffffff-2023-02,4
8444ac1ffffffff-2023-03,3
8444ac1ffffffff-2023-04,4
8444ac1ffffffff-2023-07,2
8444ac1ffffffff-2023-09,17
8444ac1ffffffff-2023-11,5
8444ac3ffffffff-2012-02,4
8444ac3ffffffff-2012-03,2
8444ac3ffffffff-2012-04,2
8444ac3ffffffff-2012-08,1
8444ac3ffffffff-2012-12,1
8444ac3ffffffff-2013-02,1
8444ac3ffffffff-2014-01,5
8444ac3ffffffff-2014-03,3
8444ac3ffffffff-2014-04,1
8444ac3ffffffff-2014-07,1
8444ac3ffffffff-2014-11,1
8444ac3ffffffff-2014-12,2
8444ac3ffffffff-2015-01,3
8444ac3ffffffff-2015-02,4
8444ac3ffffffff-2015-03,9
8444ac3ffffffff-2015-04,3
8444ac3ffffffff-2015-05,1
8444ac3ffffffff-2015-08,1
8444ac3ffffffff-2016-11,7
8444ac3ffffffff-2017-03,12
8444ac3ffffffff-2017-04,22
8444ac3ffffffff-2017-05,11
8444ac3ffffffff-2017-06,3
8444ac3ffffffff-2018-01,2
8444ac3ffffffff-2018-02,1
8444ac3ffffffff-2018-04,1
8444ac3ffffffff-2018-11,2
8444ac3ffffffff-2019-01,6
8444ac3ffffffff-2019-02,3
8444ac3ffffffff-2019-03,23
8444ac3ffffffff-2019-04,41
8444ac3ffffffff-2019-05,28
8444ac3ffffffff-2019-06,8
8444ac3ffffffff-2019-07,4
8444ac3ffffffff-2019-08,1
8444ac3ffffffff-2019-11,5
8444ac3ffffffff-2020-01,1
8444ac3ffffffff-2020-02,1
8444ac3ffffffff-2020-03,13
8444ac3ffffffff-2020-04,16
8444ac3ffffffff-2020-07,3
8444ac3ffffffff-2020-08,11
8444ac3ffffffff-2021-01,2
8444ac3ffffffff-2021-03,2
8444ac3ffffffff-2021-04,2
8444ac3ffffffff-2021-06,1
8444ac3ffffffff-2021-11,1
8444ac3ffffffff-2022-01,3
8444ac3ffffffff-2022-02,1
8444ac3ffffffff-2022-03,4
8444ac3ffffffff-2022-04,13
8444ac3ffffffff-2022-05,1
8444ac3ffffffff-2022-08,1
8444ac3ffffffff-2022-11,2
8444ac3ffffffff-2023-01,4
8444ac3ffffffff-2023-02,4
8444ac3ffffffff-2023-03,8
8444ac3ffffffff-2023-04,11
8444ac3ffffffff-2023-05,5
8444ac3ffffffff-2023-09,1
8444ac3ffffffff-2023-10,2
8444ac5ffffffff-2012-01,2
8444ac5ffffffff-2012-02,6
8444ac5ffffffff-2012-03,1
8444ac5ffffffff-2012-04,4
8444ac5ffffffff-2012-07,6
8444ac5ffffffff-2012-08,15
8444ac5ffffffff-2012-09,7
8444ac5ffffffff-2012-10,2
8444ac5ffffffff-2012-11,9
8444ac5ffffffff-2012-12,4
8444ac5ffffffff-2013-01,6
8444ac5ffffffff-2013-02,5
8444ac5ffffffff-2013-03,4
8444ac5ffffffff-2013-04,6
8444ac5ffffffff-2013-06,1
8444ac5ffffffff-2013-07,11
8444ac5ffffffff-2013-08,45
8444ac5ffffffff-2013-09,9
8444ac5ffffffff-2013-11,7
8444ac5ffffffff-2013-12,11
8444ac5ffffffff-2014-01,12
8444ac5ffffffff-2014-02,17
8444ac5ffffffff-2014-03,22
8444ac5ffffffff-2014-04,5
8444ac5ffffffff-2014-05,2
8444ac5ffffffff-2014-06,2
8444ac5ffffffff-2014-07,1
8444ac5ffffffff-2014-08,60
8444ac5ffffffff-2014-09,3
8444ac5ffffffff-2014-10,2
8444ac5ffffffff-2014-11,12
8444ac5ffffffff-2014-12,2
8444ac5ffffffff-2015-01,12
8444ac5ffffffff-2015-02,8
8444ac5ffffffff-2015-03,2
8444ac5ffffffff-2015-04,8
8444ac5ffffffff-2015-07,13
8444ac5ffffffff-2015-08,99
8444ac5ffffffff-2015-09,19
8444ac5ffffffff-2015-10,3
8444ac5ffffffff-2015-11,10
8444ac5ffffffff-2015-12,8
8444ac5ffffffff-2016-01,2
8444ac5ffffffff-2016-02,11
8444ac5ffffffff-2016-03,7
8444ac5ffffffff-2016-04,1
8444ac5ffffffff-2016-05,1
8444ac5ffffffff-2016-06,1
8444ac5ffffffff-2016-07,60
8444ac5ffffffff-2016-08,109
8444ac5ffffffff-2016-09,19
8444ac5ffffffff-2016-10,1
8444ac5ffffffff-2016-11,2
8444ac5ffffffff-2017-01,4
8444ac5ffffffff-2017-02,5
8444ac5ffffffff-2017-03,5
8444ac5ffffffff-2017-04,23
8444ac5ffffffff-2017-07,23
8444ac5ffffffff-2017-08,117
8444ac5ffffffff-2017-09,23
8444ac5ffffffff-2017-11,10
8444ac5ffffffff-2017-12,2
8444ac5ffffffff-2018-01,2
8444ac5ffffffff-2018-02,9
8444ac5ffffffff-2018-03,6
8444ac5ffffffff-2018-04,5
8444ac5ffffffff-2018-05,8
8444ac5ffffffff-2018-06,1
8444ac5ffffffff-2018-07,52
8444ac5ffffffff-2018-08,99
8444ac5ffffffff-2018-09,9
8444ac5ffffffff-2018-10,23
8444ac5ffffffff-2018-11,4
8444ac5ffffffff-2018-12,2
8444ac5ffffffff-2019-01,5
8444ac5ffffffff-2019-02,13
8444ac5ffffffff-2019-03,15
8444ac5ffffffff-2019-04,16
8444ac5ffffffff-2019-06,1
8444ac5ffffffff-2019-07,36
8444ac5ffffffff-2019-08,194
8444ac5ffffffff-2019-09,21
8444ac5ffffffff-2019-10,2
8444ac5ffffffff-2019-11,8
8444ac5ffffffff-2019-12,3
8444ac5ffffffff-2020-01,93
8444ac5ffffffff-2020-02,20
8444ac5ffffffff-2020-03,46
8444ac5ffffffff-2020-04,14
8444ac5ffffffff-2020-05,14
8444ac5ffffffff-2020-06,5
8444ac5ffffffff-2020-07,13
8444ac5ffffffff-2020-08,114
8444ac5ffffffff-2020-09,16
8444ac5ffffffff-2020-11,6
8444ac5ffffffff-2020-12,2
8444ac5ffffffff-2021-01,4
8444ac5ffffffff-2021-03,6
8444ac5ffffffff-2021-04,34
8444ac5ffffffff-2021-05,5
8444ac5ffffffff-2021-06,5
8444ac5ffffffff-2021-07,35
8444ac5ffffffff-2021-08,155
8444ac5ffffffff-2021-09,20
8444ac5ffffffff-2021-10,1
8444ac5ffffffff-2021-11,1
8444ac5ffffffff-2022-01,20
8444ac5ffffffff-2022-02,6
8444ac5ffffffff-2022-03,11
8444ac5ffffffff-2022-04,46
8444ac5ffffffff-2022-05,17
8444ac5ffffffff-2022-06,6
8444ac5ffffffff-2022-07,113
8444ac5ffffffff-2022-08,80
8444ac5ffffffff-2022-09,25
8444ac5ffffffff-2022-10,1
8444ac5ffffffff-2022-12,4
8444ac5ffffffff-2023-01,25
8444ac5ffffffff-2023-02,9
8444ac5ffffffff-2023-03,11
8444ac5ffffffff-2023-04,30
8444ac5ffffffff-2023-05,13
8444ac5ffffffff-2023-06,7
8444ac5ffffffff-2023-07,55
8444ac5ffffffff-2023-08,165
8444ac5ffffffff-2023-09,128
8444ac5ffffffff-2023-10,3
8444ac5ffffffff-2023-11,24
8444ac7ffffffff-2012-12,2
8444ac7ffffffff-2013-02,6
8444ac7ffffffff-2013-05,6
8444ac7ffffffff-2013-07,2
8444ac7ffffffff-2013-08,6
8444ac7ffffffff-2013-10,8
8444ac7ffffffff-2013-11,8
8444ac7ffffffff-2013-12,3
8444ac7ffffffff-2014-01,1
8444ac7ffffffff-2014-03,3
8444ac7ffffffff-2014-04,4
8444ac7ffffffff-2014-11,5
8444ac7ffffffff-2014-12,5
8444ac7ffffffff-2015-02,6
8444ac7ffffffff-2015-03,2
8444ac7ffffffff-2015-04,3
8444ac7ffffffff-2015-11,1
8444ac7ffffffff-2016-02,6
8444ac7ffffffff-2016-03,2
8444ac7ffffffff-2016-04,2
8444ac7ffffffff-2016-07,3
8444ac7ffffffff-2016-09,3
8444ac7ffffffff-2016-11,11
8444ac7ffffffff-2016-12,10
8444ac7ffffffff-2017-05,8
8444ac7ffffffff-2017-06,2
8444ac7ffffffff-2017-07,2
8444ac7ffffffff-2017-09,2
8444ac7ffffffff-2017-11,4
8444ac7ffffffff-2017-12,1
8444ac7ffffffff-2018-01,1
8444ac7ffffffff-2018-02,10
8444ac7ffffffff-2018-03,1
8444ac7ffffffff-2018-07,4
8444ac7ffffffff-2018-08,2
8444ac7ffffffff-2018-11,5
8444ac7ffffffff-2018-12,3
8444ac7ffffffff-2019-02,1
8444ac7ffffffff-2019-03,4
8444ac7ffffffff-2019-04,10
8444ac7ffffffff-2019-05,1
8444ac7ffffffff-2019-08,8
8444ac7ffffffff-2019-11,2
8444ac7ffffffff-2020-01,1
8444ac7ffffffff-2020-02,2
8444ac7ffffffff-2020-03,1
8444ac7ffffffff-2020-04,1
8444ac7ffffffff-2020-06,1
8444ac7ffffffff-2020-07,2
8444ac7ffffffff-2020-08,10
8444ac7ffffffff-2020-09,3
8444ac7ffffffff-2020-11,2
8444ac7ffffffff-2021-01,4
8444ac7ffffffff-2021-03,2
8444ac7ffffffff-2021-04,2
8444ac7ffffffff-2021-06,1
8444ac7ffffffff-2021-07,1
8444ac7ffffffff-2021-08,2
8444ac7ffffffff-2021-10,1
8444ac7ffffffff-2021-12,4
8444ac7ffffffff-2022-01,3
8444ac7ffffffff-2022-02,7
8444ac7ffffffff-2022-03,11
8444ac7ffffffff-2022-04,5
8444ac7ffffffff-2022-05,1
8444ac7ffffffff-2022-08,3
8444ac7ffffffff-2022-09,5
8444ac7ffffffff-2022-11,2
8444ac7ffffffff-2022-12,1
8444ac7ffffffff-2023-01,7
8444ac7ffffffff-2023-02,11
8444ac7ffffffff-2023-03,8
8444ac7ffffffff-2023-04,2
8444ac7ffffffff-2023-07,2
8444ac7ffffffff-2023-08,3
8444ac9ffffffff-2012-01,5
8444ac9ffffffff-2012-02,26
8444ac9ffffffff-2012-03,9
8444ac9ffffffff-2012-04,1
8444ac9ffffffff-2012-05,1
8444ac9ffffffff-2012-07,1
8444ac9ffffffff-2012-08,3
8444ac9ffffffff-2012-09,1
8444ac9ffffffff-2012-10,2
8444ac9ffffffff-2012-11,2
8444ac9ffffffff-2012-12,10
8444ac9ffffffff-2013-01,11
8444ac9ffffffff-2013-02,7
8444ac9ffffffff-2013-03,27
8444ac9ffffffff-2013-04,1
8444ac9ffffffff-2013-06,3
8444ac9ffffffff-2013-08,2
8444ac9ffffffff-2013-09,2
8444ac9ffffffff-2013-11,16
8444ac9ffffffff-2013-12,6
8444ac9ffffffff-2014-01,14
8444ac9ffffffff-2014-02,17
8444ac9ffffffff-2014-03,33
8444ac9ffffffff-2014-04,6
8444ac9ffffffff-2014-07,5
8444ac9ffffffff-2014-08,4
8444ac9ffffffff-2014-09,1
8444ac9ffffffff-2014-10,1
8444ac9ffffffff-2014-11,10
8444ac9ffffffff-2014-12,21
8444ac9ffffffff-2015-01,10
8444ac9ffffffff-2015-02,25
8444ac9ffffffff-2015-03,13
8444ac9ffffffff-2015-04,1
8444ac9ffffffff-2015-05,1
8444ac9ffffffff-2015-08,3
8444ac9ffffffff-2015-10,2
8444ac9ffffffff-2015-11,8
8444ac9ffffffff-2015-12,6
8444ac9ffffffff-2016-01,11
8444ac9ffffffff-2016-02,12
8444ac9ffffffff-2016-03,9
8444ac9ffffffff-2016-04,5
8444ac9ffffffff-2016-11,9
8444ac9ffffffff-2016-12,11
8444ac9ffffffff-2017-01,10
8444ac9ffffffff-2017-02,19
8444ac9ffffffff-2017-03,4
8444ac9ffffffff-2017-04,7
8444ac9ffffffff-2017-05,3
8444ac9ffffffff-2017-08,1
8444ac9ffffffff-2017-11,3
8444ac9ffffffff-2017-12,4
8444ac9ffffffff-2018-01,2
8444ac9ffffffff-2018-02,3
8444ac9ffffffff-2018-04,2
8444ac9ffffffff-2018-08,4
8444ac9ffffffff-2018-09,1
8444ac9ffffffff-2018-11,6
8444ac9ffffffff-2018-12,8
8444ac9ffffffff-2019-01,2
8444ac9ffffffff-2019-02,2
8444ac9ffffffff-2019-11,8
8444ac9ffffffff-2019-12,8
8444ac9ffffffff-2020-01,37
8444ac9ffffffff-2020-02,13
8444ac9ffffffff-2020-12,1
8444ac9ffffffff-2021-01,2
8444ac9ffffffff-2021-02,1
8444ac9ffffffff-2021-08,1
8444ac9ffffffff-2022-01,1
8444ac9ffffffff-2022-02,2
8444ac9ffffffff-2022-03,1
8444ac9ffffffff-2022-04,1
8444ac9ffffffff-2022-10,1
8444ac9ffffffff-2022-11,2
8444ac9ffffffff-2022-12,2
8444ac9ffffffff-2023-01,10
8444ac9ffffffff-2023-02,7
8444ac9ffffffff-2023-03,1
8444ac9ffffffff-2023-07,1
8444ac9ffffffff-2023-09,2
8444ac9ffffffff-2023-10,2
8444ac9ffffffff-2023-11,2
8444acbffffffff-2013-03,1
8444acbffffffff-2013-11,2
8444acbffffffff-2013-12,1
8444acbffffffff-2014-01,2
8444acbffffffff-2014-04,1
8444acbffffffff-2014-12,1
8444acbffffffff-2015-01,1
8444acbffffffff-2015-03,3
8444acbffffffff-2015-08,2
8444acbffffffff-2015-09,1
8444acbffffffff-2015-12,1
8444acbffffffff-2016-01,1
8444acbffffffff-2016-02,2
8444acbffffffff-2016-10,1
8444acbffffffff-2017-03,1
8444acbffffffff-2017-09,2
8444acbffffffff-2017-10,1
8444acbffffffff-2017-12,2
8444acbffffffff-2018-01,1
8444acbffffffff-2018-02,1
8444acbffffffff-2018-11,2
8444acbffffffff-2019-10,3
8444acbffffffff-2019-11,3
8444acbffffffff-2019-12,4
8444acbffffffff-2020-07,1
8444acbffffffff-2020-08,3
8444acbffffffff-2020-12,4
8444acbffffffff-2021-02,4
8444acbffffffff-2021-03,3
8444acbffffffff-2021-04,1
8444acbffffffff-2021-08,1
8444acbffffffff-2021-10,1
8444acbffffffff-2021-12,4
8444acbffffffff-2022-01,2
8444acbffffffff-2022-02,1
8444acbffffffff-2022-03,1
8444acbffffffff-2023-10,1
8444acdffffffff-2012-01,6
8444acdffffffff-2012-02,1
8444acdffffffff-2012-08,2
8444acdffffffff-2013-02,2
8444acdffffffff-2013-03,3
8444acdffffffff-2013-04,1
8444acdffffffff-2013-11,2
8444acdffffffff-2014-01,2
8444acdffffffff-2014-02,1
8444acdffffffff-2014-03,2
8444acdffffffff-2014-04,4
8444acdffffffff-2014-05,1
8444acdffffffff-2014-12,1
8444acdffffffff-2015-01,9
8444acdffffffff-2015-02,1
8444acdffffffff-2015-03,10
8444acdffffffff-2015-04,12
8444acdffffffff-2015-05,2
8444acdffffffff-2015-07,1
8444acdffffffff-2015-08,19
8444acdffffffff-2015-09,2
8444acdffffffff-2015-12,1
8444acdffffffff-2016-01,5
8444acdffffffff-2016-03,9
8444acdffffffff-2016-04,1
8444acdffffffff-2016-05,43
8444acdffffffff-2016-08,1
8444acdffffffff-2016-11,1
8444acdffffffff-2017-01,10
8444acdffffffff-2017-02,4
8444acdffffffff-2017-03,22
8444acdffffffff-2017-04,27
8444acdffffffff-2017-11,3
8444acdffffffff-2018-02,2
8444acdffffffff-2018-03,22
8444acdffffffff-2018-04,35
8444acdffffffff-2018-09,1
8444acdffffffff-2018-11,2
8444acdffffffff-2018-12,6
8444acdffffffff-2019-01,11
8444acdffffffff-2019-02,17
8444acdffffffff-2019-03,1
8444acdffffffff-2019-04,3
8444acdffffffff-2019-07,1
8444acdffffffff-2019-08,1
8444acdffffffff-2019-12,9
8444acdffffffff-2020-03,8
8444acdffffffff-2020-05,2
8444acdffffffff-2020-07,2
8444acdffffffff-2020-08,5
8444acdffffffff-2020-09,3
8444acdffffffff-2020-11,2
8444acdffffffff-2020-12,4
8444acdffffffff-2021-01,15
8444acdffffffff-2021-02,3
8444acdffffffff-2021-03,25
8444acdffffffff-2021-04,13
8444acdffffffff-2021-05,6
8444acdffffffff-2021-07,5
8444acdffffffff-2021-08,2
8444acdffffffff-2021-09,2
8444acdffffffff-2021-10,2
8444acdffffffff-2021-12,3
8444acdffffffff-2022-01,7
8444acdffffffff-2022-02,5
8444acdffffffff-2022-03,20
8444acdffffffff-2022-04,73
8444acdffffffff-2022-07,2
8444acdffffffff-2022-08,30
8444acdffffffff-2022-10,5
8444acdffffffff-2022-11,1
8444acdffffffff-2022-12,3
8444acdffffffff-2023-01,17
8444acdffffffff-2023-02,5
8444acdffffffff-2023-03,21
8444acdffffffff-2023-04,17
8444acdffffffff-2023-05,5
8444acdffffffff-2023-09,20
8444acdffffffff-2023-10,5
8444acdffffffff-2023-11,5
8444ad1ffffffff-2012-02,2
8444ad1ffffffff-2012-03,5
8444ad1ffffffff-2012-04,1
8444ad1ffffffff-2012-05,1
8444ad1ffffffff-2012-07,3
8444ad1ffffffff-2012-08,3
8444ad1ffffffff-2012-09,1
8444ad1ffffffff-2012-10,2
8444ad1ffffffff-2012-11,4
8444ad1ffffffff-2012-12,1
8444ad1ffffffff-2013-01,5
8444ad1ffffffff-2013-02,3
8444ad1ffffffff-2013-03,2
8444ad1ffffffff-2013-04,3
8444ad1ffffffff-2013-06,2
8444ad1ffffffff-2013-10,7
8444ad1ffffffff-2013-11,10
8444ad1ffffffff-2013-12,4
8444ad1ffffffff-2014-03,7
8444ad1ffffffff-2014-04,9
8444ad1ffffffff-2014-08,1
8444ad1ffffffff-2014-10,1
8444ad1ffffffff-2014-11,3
8444ad1ffffffff-2014-12,1
8444ad1ffffffff-2015-01,7
8444ad1ffffffff-2015-02,6
8444ad1ffffffff-2015-03,4
8444ad1ffffffff-2015-11,3
8444ad1ffffffff-2015-12,2
8444ad1ffffffff-2016-01,2
8444ad1ffffffff-2016-02,3
8444ad1ffffffff-2016-03,5
8444ad1ffffffff-2016-04,1
8444ad1ffffffff-2016-08,1
8444ad1ffffffff-2016-10,3
8444ad1ffffffff-2016-11,2
8444ad1ffffffff-2016-12,1
8444ad1ffffffff-2017-01,1
8444ad1ffffffff-2017-02,1
8444ad1ffffffff-2017-04,1
8444ad1ffffffff-2017-09,3
8444ad1ffffffff-2018-01,3
8444ad1ffffffff-2018-02,7
8444ad1ffffffff-2018-03,5
8444ad1ffffffff-2018-11,2
8444ad1ffffffff-2019-01,4
8444ad1ffffffff-2019-02,2
8444ad1ffffffff-2019-07,1
8444ad1ffffffff-2019-12,2
8444ad1ffffffff-2020-01,1
8444ad1ffffffff-2020-03,3
8444ad1ffffffff-2020-08,1
8444ad1ffffffff-2020-09,1
8444ad1ffffffff-2020-11,1
8444ad1ffffffff-2021-01,2
8444ad1ffffffff-2021-04,1
8444ad1ffffffff-2021-05,1
8444ad1ffffffff-2021-08,2
8444ad1ffffffff-2021-09,1
8444ad1ffffffff-2022-01,1
8444ad1ffffffff-2022-05,1
8444ad1ffffffff-2022-10,1
8444ad1ffffffff-2022-11,1
8444ad1ffffffff-2022-12,1
8444ad1ffffffff-2023-01,3
8444ad1ffffffff-2023-02,1
8444ad1ffffffff-2023-03,4
8444ad1ffffffff-2023-05,2
8444ad1ffffffff-2023-08,1
8444ad3ffffffff-2012-01,11
8444ad3ffffffff-2012-02,1
8444ad3ffffffff-2012-03,8
8444ad3ffffffff-2012-04,13
8444ad3ffffffff-2012-05,6
8444ad3ffffffff-2012-08,3
8444ad3ffffffff-2012-10,1
8444ad3ffffffff-2012-11,2
8444ad3ffffffff-2012-12,1
8444ad3ffffffff-2013-02,5
8444ad3ffffffff-2013-03,19
8444ad3ffffffff-2013-04,16
8444ad3ffffffff-2013-05,1
8444ad3ffffffff-2013-08,4
8444ad3ffffffff-2013-09,2
8444ad3ffffffff-2013-10,1
8444ad3ffffffff-2013-11,13
8444ad3ffffffff-2013-12,8
8444ad3ffffffff-2014-01,29
8444ad3ffffffff-2014-02,52
8444ad3ffffffff-2014-03,29
8444ad3ffffffff-2014-04,9
8444ad3ffffffff-2014-05,4
8444ad3ffffffff-2014-07,3
8444ad3ffffffff-2014-08,6
8444ad3ffffffff-2014-09,5
8444ad3ffffffff-2014-10,2
8444ad3ffffffff-2014-11,18
8444ad3ffffffff-2014-12,10
8444ad3ffffffff-2015-01,8
8444ad3ffffffff-2015-02,10
8444ad3ffffffff-2015-03,6
8444ad3ffffffff-2015-05,1
8444ad3ffffffff-2015-07,2
8444ad3ffffffff-2015-08,8
8444ad3ffffffff-2015-09,6
8444ad3ffffffff-2015-10,6
8444ad3ffffffff-2015-11,5
8444ad3ffffffff-2015-12,6
8444ad3ffffffff-2016-01,3
8444ad3ffffffff-2016-04,1
8444ad3ffffffff-2016-08,12
8444ad3ffffffff-2016-09,6
8444ad3ffffffff-2016-10,3
8444ad3ffffffff-2016-11,2
8444ad3ffffffff-2016-12,7
8444ad3ffffffff-2017-01,9
8444ad3ffffffff-2017-02,12
8444ad3ffffffff-2017-03,24
8444ad3ffffffff-2017-04,19
8444ad3ffffffff-2017-05,4
8444ad3ffffffff-2017-08,9
8444ad3ffffffff-2017-09,9
8444ad3ffffffff-2017-10,1
8444ad3ffffffff-2017-11,1
8444ad3ffffffff-2017-12,2
8444ad3ffffffff-2018-01,2
8444ad3ffffffff-2018-02,7
8444ad3ffffffff-2018-03,8
8444ad3ffffffff-2018-04,12
8444ad3ffffffff-2018-08,1
8444ad3ffffffff-2018-09,1
8444ad3ffffffff-2018-10,4
8444ad3ffffffff-2018-11,1
8444ad3ffffffff-2018-12,3
8444ad3ffffffff-2019-01,5
8444ad3ffffffff-2019-02,2
8444ad3ffffffff-2019-03,5
8444ad3ffffffff-2019-08,4
8444ad3ffffffff-2019-10,1
8444ad3ffffffff-2019-11,2
8444ad3ffffffff-2019-12,3
8444ad3ffffffff-2020-01,5
8444ad3ffffffff-2020-02,4
8444ad3ffffffff-2020-03,5
8444ad3ffffffff-2020-04,3
8444ad3ffffffff-2020-05,7
8444ad3ffffffff-2020-07,1
8444ad3ffffffff-2020-08,19
8444ad3ffffffff-2020-09,27
8444ad3ffffffff-2020-10,4
8444ad3ffffffff-2020-11,9
8444ad3ffffffff-2020-12,9
8444ad3ffffffff-2021-01,13
8444ad3ffffffff-2021-02,9
8444ad3ffffffff-2021-03,5
8444ad3ffffffff-2021-04,13
8444ad3ffffffff-2021-05,3
8444ad3ffffffff-2021-06,1
8444ad3ffffffff-2021-07,1
8444ad3ffffffff-2021-08,2
8444ad3ffffffff-2021-09,2
8444ad3ffffffff-2021-10,2
8444ad3ffffffff-2021-11,5
8444ad3ffffffff-2021-12,3
8444ad3ffffffff-2022-01,2
8444ad3ffffffff-2022-02,6
8444ad3ffffffff-2022-03,11
8444ad3ffffffff-2022-04,6
8444ad3ffffffff-2022-05,2
8444ad3ffffffff-2022-09,1
8444ad3ffffffff-2022-10,2
8444ad3ffffffff-2022-11,5
8444ad3ffffffff-2023-01,8
8444ad3ffffffff-2023-02,4
8444ad3ffffffff-2023-03,12
8444ad3ffffffff-2023-04,3
8444ad3ffffffff-2023-05,1
8444ad3ffffffff-2023-08,2
8444ad3ffffffff-2023-09,4
8444ad3ffffffff-2023-11,1
8444ad5ffffffff-2012-01,5
8444ad5ffffffff-2012-02,2
8444ad5ffffffff-2012-03,4
8444ad5ffffffff-2012-04,7
8444ad5ffffffff-2012-05,1
8444ad5ffffffff-2012-07,3
8444ad5ffffffff-2012-08,1
8444ad5ffffffff-2012-11,4
8444ad5ffffffff-2012-12,9
8444ad5ffffffff-2013-01,7
8444ad5ffffffff-2013-02,8
8444ad5ffffffff-2013-03,3
8444ad5ffffffff-2013-05,4
8444ad5ffffffff-2013-07,2
8444ad5ffffffff-2013-08,3
8444ad5ffffffff-2013-09,5
8444ad5ffffffff-2013-10,4
8444ad5ffffffff-2013-11,4
8444ad5ffffffff-2013-12,8
8444ad5ffffffff-2014-01,8
8444ad5ffffffff-2014-02,3
8444ad5ffffffff-2014-03,4
8444ad5ffffffff-2014-04,4
8444ad5ffffffff-2014-07,2
8444ad5ffffffff-2014-08,1
8444ad5ffffffff-2014-11,1
8444ad5ffffffff-2014-12,3
8444ad5ffffffff-2015-01,4
8444ad5ffffffff-2015-02,2
8444ad5ffffffff-2015-03,4
8444ad5ffffffff-2015-04,1
8444ad5ffffffff-2015-06,1
8444ad5ffffffff-2015-07,2
8444ad5ffffffff-2015-08,1
8444ad5ffffffff-2015-12,7
8444ad5ffffffff-2016-01,4
8444ad5ffffffff-2016-02,7
8444ad5ffffffff-2016-03,6
8444ad5ffffffff-2016-04,4
8444ad5ffffffff-2016-05,3
8444ad5ffffffff-2016-07,1
8444ad5ffffffff-2016-08,3
8444ad5ffffffff-2016-09,2
8444ad5ffffffff-2016-11,32
8444ad5ffffffff-2016-12,14
8444ad5ffffffff-2017-01,4
8444ad5ffffffff-2017-03,2
8444ad5ffffffff-2017-04,1
8444ad5ffffffff-2017-07,7
8444ad5ffffffff-2017-08,7
8444ad5ffffffff-2017-12,9
8444ad5ffffffff-2018-01,5
8444ad5ffffffff-2018-02,10
8444ad5ffffffff-2018-03,2
8444ad5ffffffff-2018-04,2
8444ad5ffffffff-2018-08,1
8444ad5ffffffff-2018-11,2
8444ad5ffffffff-2018-12,6
8444ad5ffffffff-2019-01,4
8444ad5ffffffff-2019-02,3
8444ad5ffffffff-2019-04,5
8444ad5ffffffff-2019-05,1
8444ad5ffffffff-2019-11,1
8444ad5ffffffff-2019-12,9
8444ad5ffffffff-2020-01,1
8444ad5ffffffff-2020-02,2
8444ad5ffffffff-2020-03,3
8444ad5ffffffff-2020-07,3
8444ad5ffffffff-2020-08,3
8444ad5ffffffff-2020-12,4
8444ad5ffffffff-2021-01,7
8444ad5ffffffff-2021-02,9
8444ad5ffffffff-2021-03,8
8444ad5ffffffff-2021-04,4
8444ad5ffffffff-2021-05,2
8444ad5ffffffff-2021-07,5
8444ad5ffffffff-2021-08,1
8444ad5ffffffff-2021-10,9
8444ad5ffffffff-2021-11,2
8444ad5ffffffff-2021-12,5
8444ad5ffffffff-2022-02,7
8444ad5ffffffff-2022-03,7
8444ad5ffffffff-2022-04,11
8444ad5ffffffff-2022-05,2
8444ad5ffffffff-2022-10,1
8444ad5ffffffff-2022-11,7
8444ad5ffffffff-2022-12,11
8444ad5ffffffff-2023-01,15
8444ad5ffffffff-2023-02,12
8444ad5ffffffff-2023-03,2
8444ad5ffffffff-2023-04,5
8444ad5ffffffff-2023-05,2
8444ad5ffffffff-2023-08,1
8444ad5ffffffff-2023-10,2
8444ad5ffffffff-2023-11,6
8444ad7ffffffff-2012-01,1
8444ad7ffffffff-2012-02,1
8444ad7ffffffff-2012-03,4
8444ad7ffffffff-2012-04,3
8444ad7ffffffff-2012-05,1
8444ad7ffffffff-2012-10,1
8444ad7ffffffff-2012-11,1
8444ad7ffffffff-2013-01,1
8444ad7ffffffff-2013-04,3
8444ad7ffffffff-2013-10,1
8444ad7ffffffff-2014-03,2
8444ad7ffffffff-2014-04,3
8444ad7ffffffff-2014-05,4
8444ad7ffffffff-2014-09,1
8444ad7ffffffff-2015-01,1
8444ad7ffffffff-2015-02,3
8444ad7ffffffff-2015-03,2
8444ad7ffffffff-2015-04,1
8444ad7ffffffff-2015-12,1
8444ad7ffffffff-2016-02,2
8444ad7ffffffff-2016-04,5
8444ad7ffffffff-2016-05,2
8444ad7ffffffff-2016-11,2
8444ad7ffffffff-2016-12,3
8444ad7ffffffff-2017-01,3
8444ad7ffffffff-2017-05,1
8444ad7ffffffff-2017-10,3
8444ad7ffffffff-2017-11,2
8444ad7ffffffff-2017-12,9
8444ad7ffffffff-2018-01,28
8444ad7ffffffff-2018-02,9
8444ad7ffffffff-2018-03,3
8444ad7ffffffff-2018-04,1
8444ad7ffffffff-2018-11,1
8444ad7ffffffff-2019-01,7
8444ad7ffffffff-2019-02,2
8444ad7ffffffff-2019-03,4
8444ad7ffffffff-2019-05,1
8444ad7ffffffff-2019-12,6
8444ad7ffffffff-2020-01,15
8444ad7ffffffff-2020-02,21
8444ad7ffffffff-2020-03,15
8444ad7ffffffff-2020-04,5
8444ad7ffffffff-2020-09,1
8444ad7ffffffff-2020-10,1
8444ad7ffffffff-2020-12,12
8444ad7ffffffff-2021-01,10
8444ad7ffffffff-2021-02,4
8444ad7ffffffff-2021-03,9
8444ad7ffffffff-2021-04,5
8444ad7ffffffff-2021-09,5
8444ad7ffffffff-2021-10,2
8444ad7ffffffff-2021-11,4
8444ad7ffffffff-2021-12,5
8444ad7ffffffff-2022-01,13
8444ad7ffffffff-2022-02,13
8444ad7ffffffff-2022-03,11
8444ad7ffffffff-2022-04,14
8444ad7ffffffff-2022-10,4
8444ad7ffffffff-2022-11,8
8444ad7ffffffff-2022-12,13
8444ad7ffffffff-2023-01,18
8444ad7ffffffff-2023-02,9
8444ad7ffffffff-2023-03,8
8444ad7ffffffff-2023-04,3
8444ad7ffffffff-2023-05,3
8444ad7ffffffff-2023-07,2
8444ad9ffffffff-2012-01,3
8444ad9ffffffff-2012-08,7
8444ad9ffffffff-2012-09,1
8444ad9ffffffff-2012-12,2
8444ad9ffffffff-2013-01,1
8444ad9ffffffff-2013-03,2
8444ad9ffffffff-2013-10,3
8444ad9ffffffff-2013-11,1
8444ad9ffffffff-2013-12,10
8444ad9ffffffff-2014-02,7
8444ad9ffffffff-2014-03,12
8444ad9ffffffff-2014-04,2
8444ad9ffffffff-2014-08,9
8444ad9ffffffff-2014-09,6
8444ad9ffffffff-2014-10,3
8444ad9ffffffff-2014-11,9
8444ad9ffffffff-2014-12,3
8444ad9ffffffff-2015-01,9
8444ad9ffffffff-2015-02,9
8444ad9ffffffff-2015-03,5
8444ad9ffffffff-2015-04,6
8444ad9ffffffff-2015-08,5
8444ad9ffffffff-2015-10,4
8444ad9ffffffff-2015-11,2
8444ad9ffffffff-2015-12,3
8444ad9ffffffff-2016-01,11
8444ad9ffffffff-2016-02,4
8444ad9ffffffff-2016-03,1
8444ad9ffffffff-2016-07,1
8444ad9ffffffff-2016-08,12
8444ad9ffffffff-2016-11,6
8444ad9ffffffff-2016-12,1
8444ad9ffffffff-2017-01,1
8444ad9ffffffff-2017-02,2
8444ad9ffffffff-2017-08,5
8444ad9ffffffff-2017-09,1
8444ad9ffffffff-2017-11,6
8444ad9ffffffff-2017-12,1
8444ad9ffffffff-2018-01,3
8444ad9ffffffff-2018-02,4
8444ad9ffffffff-2018-03,3
8444ad9ffffffff-2018-04,3
8444ad9ffffffff-2018-07,1
8444ad9ffffffff-2018-08,1
8444ad9ffffffff-2018-10,1
8444ad9ffffffff-2018-11,6
8444ad9ffffffff-2018-12,4
8444ad9ffffffff-2019-01,16
8444ad9ffffffff-2019-02,12
8444ad9ffffffff-2019-03,8
8444ad9ffffffff-2019-04,5
8444ad9ffffffff-2019-08,10
8444ad9ffffffff-2019-11,1
8444ad9ffffffff-2019-12,1
8444ad9ffffffff-2020-01,4
8444ad9ffffffff-2020-02,1
8444ad9ffffffff-2020-03,1
8444ad9ffffffff-2020-04,8
8444ad9ffffffff-2020-07,2
8444ad9ffffffff-2020-08,2
8444ad9ffffffff-2020-10,10
8444ad9ffffffff-2020-11,8
8444ad9ffffffff-2020-12,17
8444ad9ffffffff-2021-01,21
8444ad9ffffffff-2021-02,9
8444ad9ffffffff-2021-03,3
8444ad9ffffffff-2021-04,5
8444ad9ffffffff-2021-08,1
8444ad9ffffffff-2021-10,2
8444ad9ffffffff-2021-11,9
8444ad9ffffffff-2021-12,13
8444ad9ffffffff-2022-01,29
8444ad9ffffffff-2022-02,21
8444ad9ffffffff-2022-03,18
8444ad9ffffffff-2022-04,1
8444ad9ffffffff-2022-05,1
8444ad9ffffffff-2022-07,2
8444ad9ffffffff-2022-08,3
8444ad9ffffffff-2022-09,1
8444ad9ffffffff-2022-10,8
8444ad9ffffffff-2022-11,25
8444ad9ffffffff-2022-12,32
8444ad9ffffffff-2023-01,46
8444ad9ffffffff-2023-02,9
8444ad9ffffffff-2023-03,14
8444ad9ffffffff-2023-04,16
8444ad9ffffffff-2023-05,1
8444ad9ffffffff-2023-08,9
8444ad9ffffffff-2023-09,12
8444ad9ffffffff-2023-10,6
8444ad9ffffffff-2023-11,5
8444adbffffffff-2014-04,1
8444adbffffffff-2015-02,2
8444adbffffffff-2015-08,1
8444adbffffffff-2016-10,1
8444adbffffffff-2016-11,1
8444adbffffffff-2016-12,1
8444adbffffffff-2018-03,1
8444adbffffffff-2018-04,1
8444adbffffffff-2018-08,1
8444adbffffffff-2018-10,4
8444adbffffffff-2019-01,1
8444adbffffffff-2019-12,1
8444adbffffffff-2020-02,2
8444adbffffffff-2020-04,3
8444adbffffffff-2020-05,1
8444adbffffffff-2020-08,1
8444adbffffffff-2020-10,2
8444adbffffffff-2020-11,3
8444adbffffffff-2020-12,4
8444adbffffffff-2021-04,1
8444adbffffffff-2021-08,1
8444adbffffffff-2021-11,4
8444adbffffffff-2021-12,3
8444adbffffffff-2022-01,1
8444adbffffffff-2022-04,3
8444adbffffffff-2022-08,1
8444adbffffffff-2022-09,1
8444adbffffffff-2022-10,2
8444adbffffffff-2022-12,4
8444adbffffffff-2023-01,5
8444adbffffffff-2023-02,3
8444adbffffffff-2023-03,27
8444adbffffffff-2023-05,2
8444adbffffffff-2023-08,6
8444adbffffffff-2023-09,3
8444adbffffffff-2023-10,19
8444adbffffffff-2023-11,1
8444addffffffff-2012-10,1
8444addffffffff-2012-12,1
8444addffffffff-2013-02,2
8444addffffffff-2013-10,1
8444addffffffff-2014-01,1
8444addffffffff-2014-04,1
8444addffffffff-2014-05,1
8444addffffffff-2014-06,1
8444addffffffff-2014-10,2
8444addffffffff-2014-11,3
8444addffffffff-2014-12,5
8444addffffffff-2015-01,4
8444addffffffff-2015-02,2
8444addffffffff-2015-03,3
8444addffffffff-2015-04,4
8444addffffffff-2015-08,1
8444addffffffff-2016-01,3
8444addffffffff-2016-11,2
8444addffffffff-2017-03,1
8444addffffffff-2017-12,2
8444addffffffff-2018-01,5
8444addffffffff-2018-02,2
8444addffffffff-2018-03,4
8444addffffffff-2018-04,3
8444addffffffff-2018-12,1
8444addffffffff-2021-01,1
8444addffffffff-2022-01,3
8444addffffffff-2022-02,1
8444addffffffff-2022-03,2
8444addffffffff-2022-10,1
8444addffffffff-2022-12,1
8444addffffffff-2023-01,3
8444addffffffff-2023-02,2
8444addffffffff-2023-03,1
8444addffffffff-2023-11,1
8444ae3ffffffff-2017-07,1
8444ae9ffffffff-2012-01,19
8444ae9ffffffff-2012-02,10
8444ae9ffffffff-2012-03,21
8444ae9ffffffff-2012-04,27
8444ae9ffffffff-2012-05,1
8444ae9ffffffff-2012-10,2
8444ae9ffffffff-2012-11,1
8444ae9ffffffff-2013-02,11
8444ae9ffffffff-2013-03,27
8444ae9ffffffff-2013-04,34
8444ae9ffffffff-2013-05,3
8444ae9ffffffff-2013-12,10
8444ae9ffffffff-2014-01,2
8444ae9ffffffff-2014-02,13
8444ae9ffffffff-2014-03,29
8444ae9ffffffff-2014-04,35
8444ae9ffffffff-2014-05,8
8444ae9ffffffff-2014-07,1
8444ae9ffffffff-2014-08,3
8444ae9ffffffff-2014-09,3
8444ae9ffffffff-2014-10,13
8444ae9ffffffff-2014-11,16
8444ae9ffffffff-2014-12,10
8444ae9ffffffff-2015-01,13
8444ae9ffffffff-2015-02,16
8444ae9ffffffff-2015-03,66
8444ae9ffffffff-2015-04,24
8444ae9ffffffff-2015-05,2
8444ae9ffffffff-2015-07,17
8444ae9ffffffff-2015-08,4
8444ae9ffffffff-2015-09,4
8444ae9ffffffff-2015-10,2
8444ae9ffffffff-2015-11,11
8444ae9ffffffff-2015-12,4
8444ae9ffffffff-2016-01,38
8444ae9ffffffff-2016-02,22
8444ae9ffffffff-2016-03,112
8444ae9ffffffff-2016-04,88
8444ae9ffffffff-2016-05,12
8444ae9ffffffff-2016-08,1
8444ae9ffffffff-2016-09,6
8444ae9ffffffff-2016-10,4
8444ae9ffffffff-2016-11,13
8444ae9ffffffff-2016-12,7
8444ae9ffffffff-2017-01,13
8444ae9ffffffff-2017-02,11
8444ae9ffffffff-2017-03,12
8444ae9ffffffff-2017-04,51
8444ae9ffffffff-2017-07,1
8444ae9ffffffff-2017-08,2
8444ae9ffffffff-2017-09,3
8444ae9ffffffff-2017-10,1
8444ae9ffffffff-2017-11,10
8444ae9ffffffff-2017-12,32
8444ae9ffffffff-2018-01,41
8444ae9ffffffff-2018-02,65
8444ae9ffffffff-2018-03,78
8444ae9ffffffff-2018-04,30
8444ae9ffffffff-2018-07,4
8444ae9ffffffff-2018-08,2
8444ae9ffffffff-2018-09,2
8444ae9ffffffff-2018-10,17
8444ae9ffffffff-2018-11,17
8444ae9ffffffff-2018-12,20
8444ae9ffffffff-2019-01,6
8444ae9ffffffff-2019-02,4
8444ae9ffffffff-2019-03,136
8444ae9ffffffff-2019-04,148
8444ae9ffffffff-2019-05,2
8444ae9ffffffff-2019-08,3
8444ae9ffffffff-2019-09,2
8444ae9ffffffff-2019-10,13
8444ae9ffffffff-2019-11,29
8444ae9ffffffff-2019-12,43
8444ae9ffffffff-2020-01,35
8444ae9ffffffff-2020-02,1
8444ae9ffffffff-2020-03,2
8444ae9ffffffff-2020-04,2
8444ae9ffffffff-2020-07,1
8444ae9ffffffff-2020-08,4
8444ae9ffffffff-2020-09,3
8444ae9ffffffff-2020-10,8
8444ae9ffffffff-2020-11,4
8444ae9ffffffff-2020-12,38
8444ae9ffffffff-2021-01,24
8444ae9ffffffff-2021-02,7
8444ae9ffffffff-2021-03,38
8444ae9ffffffff-2021-04,161
8444ae9ffffffff-2021-05,7
8444ae9ffffffff-2021-07,1
8444ae9ffffffff-2021-08,1
8444ae9ffffffff-2021-09,1
8444ae9ffffffff-2021-10,10
8444ae9ffffffff-2021-11,16
8444ae9ffffffff-2021-12,8
8444ae9ffffffff-2022-01,13
8444ae9ffffffff-2022-02,23
8444ae9ffffffff-2022-03,39
8444ae9ffffffff-2022-04,32
8444ae9ffffffff-2022-07,2
8444ae9ffffffff-2022-08,4
8444ae9ffffffff-2022-09,3
8444ae9ffffffff-2022-10,2
8444ae9ffffffff-2022-11,5
8444ae9ffffffff-2022-12,2
8444ae9ffffffff-2023-01,36
8444ae9ffffffff-2023-02,31
8444ae9ffffffff-2023-03,35
8444ae9ffffffff-2023-04,25
8444ae9ffffffff-2023-07,5
8444ae9ffffffff-2023-08,1
8444ae9ffffffff-2023-09,3
8444ae9ffffffff-2023-11,16
8444aebffffffff-2012-01,1
8444aebffffffff-2012-03,1
8444aebffffffff-2013-02,1
8444aebffffffff-2013-12,1
8444aebffffffff-2014-01,1
8444aebffffffff-2014-03,5
8444aebffffffff-2014-04,3
8444aebffffffff-2014-07,1
8444aebffffffff-2014-11,3
8444aebffffffff-2014-12,5
8444aebffffffff-2015-01,5
8444aebffffffff-2015-02,8
8444aebffffffff-2015-03,5
8444aebffffffff-2015-04,3
8444aebffffffff-2015-05,1
8444aebffffffff-2015-10,8
8444aebffffffff-2015-11,4
8444aebffffffff-2015-12,2
8444aebffffffff-2016-03,6
8444aebffffffff-2016-04,1
8444aebffffffff-2016-05,1
8444aebffffffff-2016-10,1
8444aebffffffff-2016-12,1
8444aebffffffff-2017-01,2
8444aebffffffff-2017-05,1
8444aebffffffff-2017-09,3
8444aebffffffff-2017-11,1
8444aebffffffff-2017-12,4
8444aebffffffff-2018-01,1
8444aebffffffff-2018-03,2
8444aebffffffff-2018-05,1
8444aebffffffff-2018-10,7
8444aebffffffff-2018-11,1
8444aebffffffff-2018-12,2
8444aebffffffff-2019-01,4
8444aebffffffff-2019-02,1
8444aebffffffff-2019-03,3
8444aebffffffff-2019-04,17
8444aebffffffff-2019-05,1
8444aebffffffff-2019-08,1
8444aebffffffff-2019-09,3
8444aebffffffff-2019-10,1
8444aebffffffff-2019-11,2
8444aebffffffff-2020-04,1
8444aebffffffff-2020-05,2
8444aebffffffff-2020-08,2
8444aebffffffff-2020-11,3
8444aebffffffff-2020-12,4
8444aebffffffff-2021-01,11
8444aebffffffff-2021-02,12
8444aebffffffff-2021-03,26
8444aebffffffff-2021-04,19
8444aebffffffff-2021-09,1
8444aebffffffff-2021-10,3
8444aebffffffff-2021-11,5
8444aebffffffff-2021-12,3
8444aebffffffff-2022-01,3
8444aebffffffff-2022-02,8
8444aebffffffff-2022-03,6
8444aebffffffff-2022-04,6
8444aebffffffff-2022-05,4
8444aebffffffff-2022-09,2
8444aebffffffff-2022-10,2
8444aebffffffff-2022-11,2
8444aebffffffff-2023-01,3
8444aebffffffff-2023-02,1
8444aebffffffff-2023-03,8
8444aebffffffff-2023-04,6
8444aebffffffff-2023-05,2
8444aebffffffff-2023-08,1
8444aebffffffff-2023-11,1
8444b05ffffffff-2020-10,2
8444b07ffffffff-2017-04,1
8444b07ffffffff-2023-11,1
8444b09ffffffff-2023-03,1
8444b13ffffffff-2016-05,1
8444b13ffffffff-2018-10,1
8444b13ffffffff-2023-05,1
8444b17ffffffff-2012-07,2
8444b17ffffffff-2013-12,5
8444b17ffffffff-2018-01,5
8444b17ffffffff-2018-10,1
8444b17ffffffff-2019-01,3
8444b17ffffffff-2019-02,2
8444b17ffffffff-2019-04,1
8444b17ffffffff-2019-05,1
8444b17ffffffff-2022-09,1
8444b17ffffffff-2023-02,1
8444b17ffffffff-2023-04,3
8444b17ffffffff-2023-11,1
8444b1dffffffff-2023-03,1
8444b2bffffffff-2012-04,1
8444b2bffffffff-2014-02,1
8444b2bffffffff-2015-03,4
8444b2bffffffff-2015-04,1
8444b2bffffffff-2016-04,1
8444b2bffffffff-2017-04,1
8444b2bffffffff-2017-12,1
8444b2bffffffff-2020-10,3
8444b2bffffffff-2022-04,2
8444b2bffffffff-2022-11,1
8444b39ffffffff-2016-04,1
8444b39ffffffff-2022-11,2
8444b47ffffffff-2023-04,1
8444b51ffffffff-2014-02,1
8444b51ffffffff-2018-01,1
8444b51ffffffff-2019-02,1
8444b57ffffffff-2012-01,2
8444b57ffffffff-2012-02,1
8444b57ffffffff-2013-11,1
8444b57ffffffff-2014-03,1
8444b57ffffffff-2014-12,1
8444b57ffffffff-2015-04,1
8444b57ffffffff-2015-10,2
8444b57ffffffff-2015-11,3
8444b57ffffffff-2016-01,4
8444b57ffffffff-2016-11,3
8444b57ffffffff-2017-03,5
8444b57ffffffff-2017-08,6
8444b57ffffffff-2017-11,4
8444b57ffffffff-2017-12,1
8444b57ffffffff-2018-01,18
8444b57ffffffff-2018-07,2
8444b57ffffffff-2018-09,1
8444b57ffffffff-2018-10,9
8444b57ffffffff-2018-12,1
8444b57ffffffff-2019-02,1
8444b57ffffffff-2019-05,7
8444b57ffffffff-2019-08,2
8444b57ffffffff-2019-10,11
8444b57ffffffff-2019-11,7
8444b57ffffffff-2019-12,2
8444b57ffffffff-2020-01,6
8444b57ffffffff-2020-02,2
8444b57ffffffff-2020-05,1
8444b57ffffffff-2020-08,5
8444b57ffffffff-2020-09,15
8444b57ffffffff-2020-10,3
8444b57ffffffff-2020-11,2
8444b57ffffffff-2020-12,5
8444b57ffffffff-2021-01,1
8444b57ffffffff-2021-03,2
8444b57ffffffff-2021-04,4
8444b57ffffffff-2021-05,3
8444b57ffffffff-2021-07,4
8444b57ffffffff-2021-08,5
8444b57ffffffff-2021-09,1
8444b57ffffffff-2021-10,7
8444b57ffffffff-2021-11,1
8444b57ffffffff-2021-12,4
8444b57ffffffff-2022-03,1
8444b57ffffffff-2022-04,1
8444b57ffffffff-2022-09,1
8444b57ffffffff-2022-10,6
8444b57ffffffff-2022-12,5
8444b57ffffffff-2023-01,3
8444b57ffffffff-2023-03,4
8444b57ffffffff-2023-05,1
8444b57ffffffff-2023-10,10
8444b5bffffffff-2017-02,1
8444b5bffffffff-2018-04,2
8444b5dffffffff-2017-04,2
8444b5dffffffff-2018-04,2
8444b5dffffffff-2023-01,1
8444b63ffffffff-2013-01,1
8444b63ffffffff-2013-11,1
8444b63ffffffff-2014-02,3
8444b63ffffffff-2015-12,1
8444b63ffffffff-2017-10,1
8444b63ffffffff-2017-12,1
8444b63ffffffff-2018-01,1
8444b67ffffffff-2018-04,4
8444b69ffffffff-2019-02,1
8444b6bffffffff-2016-10,2
8444b6bffffffff-2018-03,1
8444b6bffffffff-2022-03,1
8444b6bffffffff-2022-08,2
8444b6bffffffff-2023-02,1
8444b6bffffffff-2023-03,2
8444b6bffffffff-2023-04,1
8444c01ffffffff-2021-01,1
8444c01ffffffff-2022-02,1
8444c05ffffffff-2012-05,2
8444c05ffffffff-2013-03,1
8444c05ffffffff-2013-04,2
8444c05ffffffff-2014-03,2
8444c05ffffffff-2016-04,6
8444c05ffffffff-2017-12,3
8444c05ffffffff-2021-10,4
8444c05ffffffff-2022-03,3
8444c05ffffffff-2023-05,6
8444c07ffffffff-2012-03,1
8444c07ffffffff-2012-05,1
8444c07ffffffff-2014-05,1
8444c07ffffffff-2019-04,2
8444c07ffffffff-2019-05,1
8444c09ffffffff-2012-03,5
8444c09ffffffff-2012-04,14
8444c09ffffffff-2012-10,4
8444c09ffffffff-2012-11,4
8444c09ffffffff-2012-12,4
8444c09ffffffff-2013-01,1
8444c09ffffffff-2014-04,2
8444c09ffffffff-2015-10,2
8444c09ffffffff-2016-03,1
8444c09ffffffff-2016-11,2
8444c09ffffffff-2016-12,4
8444c09ffffffff-2018-04,1
8444c09ffffffff-2019-11,1
8444c09ffffffff-2021-11,1
8444c09ffffffff-2022-02,1
8444c09ffffffff-2023-05,3
8444c0bffffffff-2012-01,4
8444c0bffffffff-2012-02,9
8444c0bffffffff-2012-03,19
8444c0bffffffff-2012-04,20
8444c0bffffffff-2012-05,1
8444c0bffffffff-2012-11,11
8444c0bffffffff-2012-12,1
8444c0bffffffff-2013-01,2
8444c0bffffffff-2013-02,3
8444c0bffffffff-2013-03,1
8444c0bffffffff-2013-04,1
8444c0bffffffff-2014-01,2
8444c0bffffffff-2014-02,2
8444c0bffffffff-2014-03,3
8444c0bffffffff-2014-04,1
8444c0bffffffff-2014-09,1
8444c0bffffffff-2014-11,1
8444c0bffffffff-2014-12,8
8444c0bffffffff-2015-01,5
8444c0bffffffff-2016-04,5
8444c0bffffffff-2017-02,2
8444c0bffffffff-2017-04,1
8444c0bffffffff-2018-02,9
8444c0bffffffff-2018-11,2
8444c0bffffffff-2019-02,4
8444c0bffffffff-2019-03,1
8444c0bffffffff-2019-10,1
8444c0bffffffff-2019-11,3
8444c0bffffffff-2021-02,4
8444c0bffffffff-2021-05,2
8444c0bffffffff-2022-02,1
8444c0bffffffff-2022-10,1
8444c0bffffffff-2022-11,3
8444c0bffffffff-2023-01,1
8444c0dffffffff-2021-11,1
8444c11ffffffff-2012-05,1
8444c11ffffffff-2015-04,3
8444c11ffffffff-2015-05,16
8444c11ffffffff-2015-10,7
8444c11ffffffff-2017-04,2
8444c11ffffffff-2017-05,2
8444c11ffffffff-2018-04,2
8444c11ffffffff-2019-04,2
8444c11ffffffff-2020-04,4
8444c11ffffffff-2021-05,2
8444c11ffffffff-2022-03,7
8444c11ffffffff-2023-05,2
8444c11ffffffff-2023-09,2
8444c13ffffffff-2012-04,2
8444c13ffffffff-2012-09,2
8444c13ffffffff-2013-04,4
8444c13ffffffff-2013-05,1
8444c13ffffffff-2015-03,1
8444c13ffffffff-2015-04,15
8444c13ffffffff-2015-05,8
8444c13ffffffff-2016-03,3
8444c13ffffffff-2016-04,2
8444c13ffffffff-2016-05,5
8444c13ffffffff-2016-08,2
8444c13ffffffff-2016-09,3
8444c13ffffffff-2017-02,5
8444c13ffffffff-2017-03,2
8444c13ffffffff-2017-04,8
8444c13ffffffff-2017-05,1
8444c13ffffffff-2018-03,4
8444c13ffffffff-2018-04,14
8444c13ffffffff-2018-05,3
8444c13ffffffff-2019-03,1
8444c13ffffffff-2019-04,3
8444c13ffffffff-2019-05,6
8444c13ffffffff-2019-09,22
8444c13ffffffff-2020-03,1
8444c13ffffffff-2020-04,7
8444c13ffffffff-2020-05,19
8444c13ffffffff-2021-03,3
8444c13ffffffff-2021-05,1
8444c13ffffffff-2021-08,2
8444c13ffffffff-2021-09,1
8444c13ffffffff-2022-05,9
8444c13ffffffff-2022-08,4
8444c13ffffffff-2022-09,3
8444c13ffffffff-2023-03,2
8444c13ffffffff-2023-04,10
8444c13ffffffff-2023-05,23
8444c13ffffffff-2023-10,4
8444c15ffffffff-2012-05,3
8444c15ffffffff-2012-08,1
8444c15ffffffff-2012-09,5
8444c15ffffffff-2013-03,2
8444c15ffffffff-2013-04,5
8444c15ffffffff-2013-05,2
8444c15ffffffff-2013-07,4
8444c15ffffffff-2013-08,27
8444c15ffffffff-2013-09,13
8444c15ffffffff-2014-03,3
8444c15ffffffff-2014-04,8
8444c15ffffffff-2014-07,1
8444c15ffffffff-2014-08,1
8444c15ffffffff-2014-09,10
8444c15ffffffff-2015-03,1
8444c15ffffffff-2015-04,5
8444c15ffffffff-2015-05,1
8444c15ffffffff-2015-08,2
8444c15ffffffff-2015-09,4
8444c15ffffffff-2016-03,5
8444c15ffffffff-2016-04,8
8444c15ffffffff-2016-08,4
8444c15ffffffff-2016-09,8
8444c15ffffffff-2016-10,1
8444c15ffffffff-2017-03,4
8444c15ffffffff-2017-04,4
8444c15ffffffff-2017-05,5
8444c15ffffffff-2017-08,4
8444c15ffffffff-2017-09,7
8444c15ffffffff-2017-11,1
8444c15ffffffff-2018-03,1
8444c15ffffffff-2018-04,10
8444c15ffffffff-2018-07,3
8444c15ffffffff-2018-08,5
8444c15ffffffff-2018-09,2
8444c15ffffffff-2019-04,11
8444c15ffffffff-2019-05,4
8444c15ffffffff-2019-07,1
8444c15ffffffff-2019-08,14
8444c15ffffffff-2019-09,7
8444c15ffffffff-2020-03,4
8444c15ffffffff-2020-04,20
8444c15ffffffff-2020-05,20
8444c15ffffffff-2020-08,4
8444c15ffffffff-2020-09,5
8444c15ffffffff-2020-12,5
8444c15ffffffff-2021-01,8
8444c15ffffffff-2021-02,15
8444c15ffffffff-2021-03,7
8444c15ffffffff-2021-04,11
8444c15ffffffff-2021-05,2
8444c15ffffffff-2021-08,21
8444c15ffffffff-2021-09,23
8444c15ffffffff-2021-10,2
8444c15ffffffff-2022-03,4
8444c15ffffffff-2022-04,7
8444c15ffffffff-2022-05,2
8444c15ffffffff-2022-07,2
8444c15ffffffff-2022-08,14
8444c15ffffffff-2022-09,16
8444c15ffffffff-2022-10,1
8444c15ffffffff-2023-03,2
8444c15ffffffff-2023-04,10
8444c15ffffffff-2023-05,6
8444c15ffffffff-2023-07,2
8444c15ffffffff-2023-08,18
8444c15ffffffff-2023-09,8
8444c17ffffffff-2014-09,1
8444c17ffffffff-2016-04,3
8444c17ffffffff-2016-05,2
8444c17ffffffff-2017-05,3
8444c17ffffffff-2018-04,5
8444c17ffffffff-2018-05,2
8444c17ffffffff-2019-04,3
8444c17ffffffff-2019-05,4
8444c17ffffffff-2020-04,17
8444c17ffffffff-2020-05,15
8444c17ffffffff-2020-09,2
8444c17ffffffff-2021-03,5
8444c17ffffffff-2021-04,34
8444c17ffffffff-2021-05,5
8444c17ffffffff-2021-08,1
8444c17ffffffff-2022-03,4
8444c17ffffffff-2022-04,29
8444c17ffffffff-2022-05,11
8444c17ffffffff-2022-10,2
8444c17ffffffff-2023-03,9
8444c17ffffffff-2023-04,30
8444c17ffffffff-2023-05,55
8444c19ffffffff-2012-04,9
8444c19ffffffff-2012-05,4
8444c19ffffffff-2012-06,1
8444c19ffffffff-2012-07,1
8444c19ffffffff-2012-08,1
8444c19ffffffff-2012-09,5
8444c19ffffffff-2012-10,4
8444c19ffffffff-2013-03,15
8444c19ffffffff-2013-04,10
8444c19ffffffff-2013-05,4
8444c19ffffffff-2013-07,3
8444c19ffffffff-2013-08,19
8444c19ffffffff-2013-09,6
8444c19ffffffff-2014-02,3
8444c19ffffffff-2014-03,6
8444c19ffffffff-2014-04,10
8444c19ffffffff-2014-05,12
8444c19ffffffff-2014-07,3
8444c19ffffffff-2014-08,13
8444c19ffffffff-2014-09,19
8444c19ffffffff-2014-10,1
8444c19ffffffff-2015-03,1
8444c19ffffffff-2015-04,17
8444c19ffffffff-2015-05,15
8444c19ffffffff-2015-08,7
8444c19ffffffff-2015-09,4
8444c19ffffffff-2016-03,2
8444c19ffffffff-2016-04,4
8444c19ffffffff-2016-05,5
8444c19ffffffff-2016-07,1
8444c19ffffffff-2016-08,22
8444c19ffffffff-2016-09,26
8444c19ffffffff-2017-03,11
8444c19ffffffff-2017-04,28
8444c19ffffffff-2017-05,15
8444c19ffffffff-2017-07,3
8444c19ffffffff-2017-08,15
8444c19ffffffff-2017-09,15
8444c19ffffffff-2017-10,11
8444c19ffffffff-2018-03,1
8444c19ffffffff-2018-04,5
8444c19ffffffff-2018-08,7
8444c19ffffffff-2018-09,5
8444c19ffffffff-2019-04,6
8444c19ffffffff-2019-05,6
8444c19ffffffff-2019-08,6
8444c19ffffffff-2019-09,3
8444c19ffffffff-2019-10,9
8444c19ffffffff-2020-04,1
8444c19ffffffff-2020-05,2
8444c19ffffffff-2020-06,1
8444c19ffffffff-2021-03,26
8444c19ffffffff-2021-04,13
8444c19ffffffff-2021-05,7
8444c19ffffffff-2021-09,1
8444c19ffffffff-2022-03,3
8444c19ffffffff-2022-04,3
8444c19ffffffff-2022-05,6
8444c19ffffffff-2023-03,2
8444c19ffffffff-2023-04,6
8444c19ffffffff-2023-05,1
8444c19ffffffff-2023-08,2
8444c19ffffffff-2023-09,1
8444c1bffffffff-2013-08,1
8444c1bffffffff-2014-08,1
8444c1bffffffff-2018-03,4
8444c1bffffffff-2019-03,2
8444c1bffffffff-2019-04,3
8444c1bffffffff-2019-05,1
8444c1bffffffff-2019-09,8
8444c1bffffffff-2020-03,1
8444c1bffffffff-2020-04,2
8444c1bffffffff-2021-03,2
8444c1bffffffff-2021-04,1
8444c1bffffffff-2021-09,1
8444c1bffffffff-2022-04,2
8444c1bffffffff-2023-04,15
8444c1bffffffff-2023-05,15
8444c1dffffffff-2014-04,1
8444c1dffffffff-2015-03,1
8444c1dffffffff-2022-03,1
8444c1dffffffff-2022-04,2
8444c1dffffffff-2022-05,1
8444c1dffffffff-2023-05,3
8444c21ffffffff-2014-09,3
8444c21ffffffff-2015-04,2
8444c21ffffffff-2015-05,1
8444c21ffffffff-2016-09,1
8444c21ffffffff-2017-03,1
8444c21ffffffff-2017-04,2
8444c21ffffffff-2017-05,1
8444c21ffffffff-2017-08,1
8444c21ffffffff-2017-10,3
8444c21ffffffff-2017-11,1
8444c21ffffffff-2018-04,3
8444c21ffffffff-2018-05,1
8444c21ffffffff-2018-07,1
8444c21ffffffff-2018-08,10
8444c21ffffffff-2018-09,3
8444c21ffffffff-2018-10,1
8444c21ffffffff-2019-03,2
8444c21ffffffff-2019-05,1
8444c21ffffffff-2019-08,2
8444c21ffffffff-2019-09,2
8444c21ffffffff-2019-12,1
8444c21ffffffff-2020-04,2
8444c21ffffffff-2020-05,3
8444c21ffffffff-2020-07,4
8444c21ffffffff-2020-08,33
8444c21ffffffff-2020-09,5
8444c21ffffffff-2020-10,5
8444c21ffffffff-2020-12,1
8444c21ffffffff-2021-04,6
8444c21ffffffff-2021-05,5
8444c21ffffffff-2021-07,3
8444c21ffffffff-2021-08,9
8444c21ffffffff-2021-09,7
8444c21ffffffff-2021-10,1
8444c21ffffffff-2021-11,1
8444c21ffffffff-2022-01,4
8444c21ffffffff-2022-02,2
8444c21ffffffff-2022-05,6
8444c21ffffffff-2022-07,6
8444c21ffffffff-2022-08,24
8444c21ffffffff-2022-09,5
8444c21ffffffff-2022-10,5
8444c21ffffffff-2023-03,2
8444c21ffffffff-2023-04,8
8444c21ffffffff-2023-05,1
8444c21ffffffff-2023-06,1
8444c21ffffffff-2023-07,2
8444c21ffffffff-2023-08,2
8444c21ffffffff-2023-09,3
8444c23ffffffff-2015-03,1
8444c23ffffffff-2021-12,1
8444c23ffffffff-2023-05,2
8444c23ffffffff-2023-08,1
8444c23ffffffff-2023-11,8
8444c25ffffffff-2013-04,2
8444c25ffffffff-2014-04,3
8444c25ffffffff-2015-04,3
8444c25ffffffff-2016-04,4
8444c25ffffffff-2016-10,1
8444c25ffffffff-2017-04,1
8444c25ffffffff-2018-05,2
8444c25ffffffff-2019-04,2
8444c25ffffffff-2021-04,6
8444c25ffffffff-2022-04,2
8444c25ffffffff-2023-04,1
8444c25ffffffff-2023-10,5
8444c27ffffffff-2012-01,1
8444c27ffffffff-2012-04,10
8444c27ffffffff-2012-07,2
8444c27ffffffff-2012-08,9
8444c27ffffffff-2012-11,1
8444c27ffffffff-2012-12,4
8444c27ffffffff-2013-01,1
8444c27ffffffff-2013-04,5
8444c27ffffffff-2013-05,9
8444c27ffffffff-2013-08,7
8444c27ffffffff-2013-09,4
8444c27ffffffff-2013-10,6
8444c27ffffffff-2013-11,10
8444c27ffffffff-2013-12,1
8444c27ffffffff-2014-03,1
8444c27ffffffff-2014-04,6
8444c27ffffffff-2014-05,3
8444c27ffffffff-2014-08,4
8444c27ffffffff-2014-09,5
8444c27ffffffff-2014-10,16
8444c27ffffffff-2014-11,9
8444c27ffffffff-2014-12,6
8444c27ffffffff-2015-02,3
8444c27ffffffff-2015-03,1
8444c27ffffffff-2015-04,3
8444c27ffffffff-2015-05,1
8444c27ffffffff-2015-07,4
8444c27ffffffff-2015-08,3
8444c27ffffffff-2015-09,6
8444c27ffffffff-2016-04,5
8444c27ffffffff-2016-07,2
8444c27ffffffff-2016-08,2
8444c27ffffffff-2016-10,1
8444c27ffffffff-2016-12,3
8444c27ffffffff-2017-01,2
8444c27ffffffff-2017-02,1
8444c27ffffffff-2017-03,1
8444c27ffffffff-2017-04,10
8444c27ffffffff-2017-05,4
8444c27ffffffff-2017-07,1
8444c27ffffffff-2017-08,1
8444c27ffffffff-2017-11,8
8444c27ffffffff-2017-12,2
8444c27ffffffff-2018-01,7
8444c27ffffffff-2018-03,6
8444c27ffffffff-2018-04,24
8444c27ffffffff-2018-05,3
8444c27ffffffff-2018-07,15
8444c27ffffffff-2018-08,18
8444c27ffffffff-2018-11,2
8444c27ffffffff-2019-03,4
8444c27ffffffff-2019-04,3
8444c27ffffffff-2019-05,1
8444c27ffffffff-2019-07,3
8444c27ffffffff-2019-08,3
8444c27ffffffff-2019-10,1
8444c27ffffffff-2019-11,3
8444c27ffffffff-2019-12,1
8444c27ffffffff-2020-04,4
8444c27ffffffff-2020-05,19
8444c27ffffffff-2020-07,3
8444c27ffffffff-2020-08,20
8444c27ffffffff-2020-09,15
8444c27ffffffff-2020-10,1
8444c27ffffffff-2020-11,1
8444c27ffffffff-2020-12,1
8444c27ffffffff-2021-01,1
8444c27ffffffff-2021-04,2
8444c27ffffffff-2021-05,2
8444c27ffffffff-2021-07,3
8444c27ffffffff-2021-08,35
8444c27ffffffff-2021-09,29
8444c27ffffffff-2021-10,17
8444c27ffffffff-2021-11,14
8444c27ffffffff-2021-12,3
8444c27ffffffff-2022-01,2
8444c27ffffffff-2022-02,3
8444c27ffffffff-2022-04,2
8444c27ffffffff-2022-05,4
8444c27ffffffff-2022-07,2
8444c27ffffffff-2022-08,4
8444c27ffffffff-2022-09,1
8444c27ffffffff-2022-10,9
8444c27ffffffff-2022-11,8
8444c27ffffffff-2022-12,1
8444c27ffffffff-2023-01,3
8444c27ffffffff-2023-04,10
8444c27ffffffff-2023-05,12
8444c27ffffffff-2023-07,3
8444c27ffffffff-2023-08,54
8444c27ffffffff-2023-09,3
8444c27ffffffff-2023-10,11
8444c27ffffffff-2023-11,7
8444c29ffffffff-2015-02,1
8444c29ffffffff-2015-03,1
8444c29ffffffff-2017-09,1
8444c29ffffffff-2017-10,1
8444c29ffffffff-2017-11,1
8444c29ffffffff-2018-01,2
8444c29ffffffff-2018-03,2
8444c29ffffffff-2018-04,1
8444c29ffffffff-2018-09,1
8444c29ffffffff-2019-08,1
8444c29ffffffff-2019-10,1
8444c29ffffffff-2020-12,1
8444c29ffffffff-2021-08,1
8444c29ffffffff-2022-12,1
8444c2bffffffff-2014-09,1
8444c2bffffffff-2014-10,2
8444c2bffffffff-2014-11,1
8444c2bffffffff-2015-03,2
8444c2bffffffff-2018-04,1
8444c2bffffffff-2018-07,1
8444c2dffffffff-2016-04,3
8444c2dffffffff-2019-03,2
8444c2dffffffff-2020-05,1
8444c31ffffffff-2021-04,1
8444c35ffffffff-2014-03,1
8444c35ffffffff-2019-10,3
8444c35ffffffff-2023-01,1
8444c35ffffffff-2023-10,1
8444c37ffffffff-2016-08,2
8444c39ffffffff-2012-07,1
8444c39ffffffff-2013-03,1
8444c39ffffffff-2013-04,17
8444c39ffffffff-2013-05,2
8444c39ffffffff-2014-03,5
8444c39ffffffff-2014-04,7
8444c39ffffffff-2015-04,4
8444c39ffffffff-2015-05,5
8444c39ffffffff-2017-04,1
8444c39ffffffff-2018-03,1
8444c39ffffffff-2018-04,4
8444c39ffffffff-2018-07,3
8444c39ffffffff-2019-02,3
8444c39ffffffff-2020-03,1
8444c39ffffffff-2020-04,10
8444c39ffffffff-2020-05,7
8444c39ffffffff-2022-04,2
8444c39ffffffff-2023-05,1
8444c3bffffffff-2012-02,2
8444c3bffffffff-2012-03,3
8444c3bffffffff-2012-04,19
8444c3bffffffff-2012-05,12
8444c3bffffffff-2012-08,1
8444c3bffffffff-2012-09,3
8444c3bffffffff-2012-10,1
8444c3bffffffff-2013-03,1
8444c3bffffffff-2013-04,10
8444c3bffffffff-2013-05,4
8444c3bffffffff-2014-02,1
8444c3bffffffff-2014-04,12
8444c3bffffffff-2014-05,4
8444c3bffffffff-2014-09,1
8444c3bffffffff-2015-04,2
8444c3bffffffff-2015-08,2
8444c3bffffffff-2016-03,7
8444c3bffffffff-2016-04,2
8444c3bffffffff-2016-05,3
8444c3bffffffff-2016-09,1
8444c3bffffffff-2017-05,1
8444c3bffffffff-2017-09,1
8444c3bffffffff-2018-03,5
8444c3bffffffff-2018-04,16
8444c3bffffffff-2018-05,2
8444c3bffffffff-2018-08,1
8444c3bffffffff-2020-03,4
8444c3bffffffff-2020-04,9
8444c3bffffffff-2020-05,3
8444c3bffffffff-2021-04,3
8444c3bffffffff-2022-03,2
8444c3bffffffff-2022-04,3
8444c3bffffffff-2022-05,1
8444c3bffffffff-2022-08,1
8444c3bffffffff-2022-09,1
8444c3bffffffff-2023-04,9
8444c3bffffffff-2023-05,5
8444c3bffffffff-2023-08,1
8444c3bffffffff-2023-10,9
8444c3dffffffff-2021-01,2
8444c3dffffffff-2023-01,3
8444c41ffffffff-2019-01,1
8444c41ffffffff-2023-03,1
8444c43ffffffff-2017-01,5
8444c43ffffffff-2017-08,11
8444c43ffffffff-2017-09,20
8444c43ffffffff-2017-11,1
8444c43ffffffff-2018-01,1
8444c43ffffffff-2018-03,1
8444c43ffffffff-2018-04,1
8444c43ffffffff-2018-07,2
8444c43ffffffff-2018-08,1
8444c43ffffffff-2018-09,1
8444c43ffffffff-2018-10,3
8444c43ffffffff-2018-12,4
8444c43ffffffff-2019-01,13
8444c43ffffffff-2019-02,29
8444c43ffffffff-2019-03,13
8444c43ffffffff-2019-04,3
8444c43ffffffff-2019-07,3
8444c43ffffffff-2019-08,13
8444c43ffffffff-2019-09,5
8444c43ffffffff-2019-10,1
8444c43ffffffff-2019-11,7
8444c43ffffffff-2019-12,2
8444c43ffffffff-2020-01,10
8444c43ffffffff-2020-02,6
8444c43ffffffff-2020-03,3
8444c43ffffffff-2020-04,1
8444c43ffffffff-2020-05,1
8444c43ffffffff-2020-07,5
8444c43ffffffff-2020-08,8
8444c43ffffffff-2020-09,7
8444c43ffffffff-2020-10,2
8444c43ffffffff-2020-11,5
8444c43ffffffff-2020-12,3
8444c43ffffffff-2021-01,12
8444c43ffffffff-2021-02,3
8444c43ffffffff-2021-03,1
8444c43ffffffff-2021-04,8
8444c43ffffffff-2021-07,11
8444c43ffffffff-2021-08,24
8444c43ffffffff-2021-09,5
8444c43ffffffff-2021-10,1
8444c43ffffffff-2021-12,1
8444c43ffffffff-2022-01,19
8444c43ffffffff-2022-02,10
8444c43ffffffff-2022-03,6
8444c43ffffffff-2022-04,3
8444c43ffffffff-2022-07,11
8444c43ffffffff-2022-08,83
8444c43ffffffff-2022-09,6
8444c43ffffffff-2022-10,2
8444c43ffffffff-2022-11,1
8444c43ffffffff-2023-01,9
8444c43ffffffff-2023-03,8
8444c43ffffffff-2023-07,5
8444c43ffffffff-2023-08,26
8444c43ffffffff-2023-09,10
8444c43ffffffff-2023-10,4
8444c45ffffffff-2014-02,1
8444c45ffffffff-2021-12,2
8444c45ffffffff-2023-01,4
8444c47ffffffff-2022-05,1
8444c49ffffffff-2017-12,1
8444c49ffffffff-2018-04,1
8444c49ffffffff-2018-05,1
8444c49ffffffff-2018-08,2
8444c4bffffffff-2013-04,16
8444c4bffffffff-2013-05,5
8444c4bffffffff-2013-07,5
8444c4bffffffff-2013-08,24
8444c4bffffffff-2013-09,25
8444c4bffffffff-2013-10,4
8444c4bffffffff-2013-12,5
8444c4bffffffff-2014-01,5
8444c4bffffffff-2014-02,2
8444c4bffffffff-2014-03,7
8444c4bffffffff-2014-04,36
8444c4bffffffff-2014-05,9
8444c4bffffffff-2014-07,4
8444c4bffffffff-2014-08,15
8444c4bffffffff-2014-09,16
8444c4bffffffff-2014-10,2
8444c4bffffffff-2015-01,2
8444c4bffffffff-2015-02,1
8444c4bffffffff-2015-03,4
8444c4bffffffff-2015-04,7
8444c4bffffffff-2015-05,3
8444c4bffffffff-2015-08,1
8444c4bffffffff-2015-09,1
8444c4bffffffff-2015-11,5
8444c4bffffffff-2015-12,4
8444c4bffffffff-2016-01,2
8444c4bffffffff-2016-02,4
8444c4bffffffff-2016-03,1
8444c4bffffffff-2016-04,1
8444c4bffffffff-2017-01,4
8444c4bffffffff-2017-02,6
8444c4bffffffff-2017-04,2
8444c4bffffffff-2017-05,3
8444c4bffffffff-2017-07,2
8444c4bffffffff-2018-01,4
8444c4bffffffff-2018-02,3
8444c4bffffffff-2018-03,5
8444c4bffffffff-2018-04,3
8444c4bffffffff-2018-05,1
8444c4bffffffff-2018-10,3
8444c4bffffffff-2019-01,4
8444c4bffffffff-2020-01,1
8444c4bffffffff-2020-03,2
8444c4bffffffff-2020-04,1
8444c4bffffffff-2021-01,2
8444c4bffffffff-2021-02,2
8444c4bffffffff-2021-03,1
8444c4bffffffff-2021-04,1
8444c4bffffffff-2022-01,2
8444c4bffffffff-2022-10,2
8444c4bffffffff-2022-11,1
8444c4bffffffff-2022-12,3
8444c4bffffffff-2023-01,6
8444c4bffffffff-2023-03,16
8444c4bffffffff-2023-04,4
8444c4bffffffff-2023-05,1
8444c4bffffffff-2023-08,1
8444c4bffffffff-2023-09,2
8444c4bffffffff-2023-11,2
8444c4dffffffff-2013-12,1
8444c4dffffffff-2016-04,1
8444c4dffffffff-2017-11,1
8444c4dffffffff-2020-01,1
8444c4dffffffff-2022-08,1
8444c51ffffffff-2016-04,1
8444c53ffffffff-2023-08,1
8444c55ffffffff-2012-04,2
8444c55ffffffff-2013-08,30
8444c55ffffffff-2014-08,6
8444c55ffffffff-2014-11,2
8444c55ffffffff-2015-03,1
8444c55ffffffff-2015-04,1
8444c55ffffffff-2015-05,1
8444c55ffffffff-2015-07,1
8444c55ffffffff-2015-08,4
8444c55ffffffff-2016-02,2
8444c55ffffffff-2016-07,4
8444c55ffffffff-2016-09,1
8444c55ffffffff-2016-10,1
8444c55ffffffff-2017-04,3
8444c55ffffffff-2017-07,11
8444c55ffffffff-2017-08,14
8444c55ffffffff-2017-09,7
8444c55ffffffff-2018-02,1
8444c55ffffffff-2018-03,4
8444c55ffffffff-2018-07,15
8444c55ffffffff-2018-08,6
8444c55ffffffff-2018-09,2
8444c55ffffffff-2018-10,2
8444c55ffffffff-2019-02,3
8444c55ffffffff-2019-03,3
8444c55ffffffff-2019-04,2
8444c55ffffffff-2019-07,3
8444c55ffffffff-2020-03,1
8444c55ffffffff-2020-04,6
8444c55ffffffff-2020-08,16
8444c55ffffffff-2020-09,3
8444c55ffffffff-2021-04,1
8444c55ffffffff-2021-07,1
8444c55ffffffff-2021-08,34
8444c55ffffffff-2021-09,36
8444c55ffffffff-2021-10,3
8444c55ffffffff-2021-12,1
8444c55ffffffff-2022-03,4
8444c55ffffffff-2022-04,6
8444c55ffffffff-2022-07,19
8444c55ffffffff-2022-08,38
8444c55ffffffff-2022-09,15
8444c55ffffffff-2022-10,1
8444c55ffffffff-2023-03,6
8444c55ffffffff-2023-05,2
8444c55ffffffff-2023-08,16
8444c55ffffffff-2023-09,3
8444c57ffffffff-2021-08,6
8444c57ffffffff-2021-09,1
8444c59ffffffff-2017-02,1
8444c59ffffffff-2019-11,2
8444c59ffffffff-2022-11,1
8444c59ffffffff-2023-03,1
8444c59ffffffff-2023-05,1
8444c5bffffffff-2016-04,1
8444c5bffffffff-2018-04,6
8444c5bffffffff-2019-04,1
8444c5bffffffff-2019-07,1
8444c5bffffffff-2019-09,2
8444c5bffffffff-2020-04,1
8444c5bffffffff-2020-05,2
8444c5bffffffff-2020-09,1
8444c5bffffffff-2021-04,4
8444c5bffffffff-2021-09,6
8444c5bffffffff-2021-11,1
8444c5bffffffff-2022-03,6
8444c5bffffffff-2022-04,4
8444c5bffffffff-2022-08,1
8444c5bffffffff-2023-03,10
8444c5bffffffff-2023-04,9
8444c5bffffffff-2023-05,16
8444c5bffffffff-2023-07,2
8444c5bffffffff-2023-08,25
8444c5bffffffff-2023-09,15
8444c5dffffffff-2013-03,1
8444c5dffffffff-2017-07,10
8444c5dffffffff-2017-08,3
8444c5dffffffff-2017-09,5
8444c5dffffffff-2018-07,1
8444c5dffffffff-2019-07,2
8444c5dffffffff-2019-08,1
8444c5dffffffff-2020-08,18
8444c5dffffffff-2020-09,1
8444c5dffffffff-2020-10,1
8444c5dffffffff-2021-05,1
8444c5dffffffff-2021-08,11
8444c5dffffffff-2021-09,9
8444c5dffffffff-2021-11,1
8444c5dffffffff-2021-12,1
8444c5dffffffff-2022-02,2
8444c5dffffffff-2022-03,1
8444c5dffffffff-2022-04,3
8444c5dffffffff-2022-07,7
8444c5dffffffff-2022-08,26
8444c5dffffffff-2022-09,6
8444c5dffffffff-2022-10,2
8444c5dffffffff-2022-11,1
8444c5dffffffff-2023-01,1
8444c5dffffffff-2023-03,1
8444c5dffffffff-2023-04,2
8444c5dffffffff-2023-08,4
8444c5dffffffff-2023-09,2
8444c5dffffffff-2023-10,2
8444c61ffffffff-2013-01,1
8444c61ffffffff-2018-10,1
8444c61ffffffff-2019-08,1
8444c61ffffffff-2020-02,1
8444c61ffffffff-2022-10,1
8444c63ffffffff-2012-08,3
8444c65ffffffff-2012-01,1
8444c65ffffffff-2017-10,1
8444c65ffffffff-2020-04,1
8444c65ffffffff-2022-10,4
8444c67ffffffff-2023-05,1
8444c69ffffffff-2015-09,1
8444c69ffffffff-2021-01,1
8444c69ffffffff-2021-05,1
8444c69ffffffff-2021-09,1
8444c69ffffffff-2022-03,2
8444c69ffffffff-2022-04,1
8444c69ffffffff-2022-09,1
8444c69ffffffff-2022-10,1
8444c69ffffffff-2023-03,1
8444c69ffffffff-2023-09,1
8444c69ffffffff-2023-11,1
8444c6dffffffff-2017-10,1
8444c6dffffffff-2023-02,1
8444c6dffffffff-2023-03,1
8444c6dffffffff-2023-05,1
8444c81ffffffff-2013-05,1
8444c81ffffffff-2016-08,1
8444c81ffffffff-2018-04,6
8444c81ffffffff-2019-04,2
8444c81ffffffff-2020-04,2
8444c81ffffffff-2020-08,6
8444c81ffffffff-2020-09,2
8444c81ffffffff-2020-10,1
8444c81ffffffff-2020-12,1
8444c81ffffffff-2021-04,2
8444c81ffffffff-2021-09,1
8444c81ffffffff-2022-04,2
8444c81ffffffff-2023-03,1
8444c81ffffffff-2023-05,1
8444c83ffffffff-2016-05,1
8444c83ffffffff-2017-05,2
8444c83ffffffff-2018-04,1
8444c83ffffffff-2018-05,2
8444c83ffffffff-2019-04,1
8444c83ffffffff-2021-04,1
8444c83ffffffff-2023-03,1
8444c85ffffffff-2012-04,5
8444c85ffffffff-2014-03,1
8444c85ffffffff-2014-04,1
8444c85ffffffff-2014-05,2
8444c85ffffffff-2016-04,1
8444c85ffffffff-2016-05,1
8444c85ffffffff-2017-03,1
8444c85ffffffff-2017-04,3
8444c85ffffffff-2017-05,4
8444c85ffffffff-2018-04,1
8444c85ffffffff-2020-04,1
8444c85ffffffff-2020-05,6
8444c85ffffffff-2021-04,2
8444c85ffffffff-2021-05,7
8444c85ffffffff-2021-09,4
8444c85ffffffff-2022-04,11
8444c85ffffffff-2022-05,35
8444c85ffffffff-2023-04,5
8444c85ffffffff-2023-05,2
8444c87ffffffff-2016-02,23
8444c87ffffffff-2016-04,8
8444c87ffffffff-2016-05,1
8444c87ffffffff-2017-03,1
8444c87ffffffff-2017-04,2
8444c87ffffffff-2018-03,2
8444c87ffffffff-2018-04,8
8444c87ffffffff-2018-05,10
8444c87ffffffff-2019-04,8
8444c87ffffffff-2019-05,4
8444c87ffffffff-2020-03,1
8444c87ffffffff-2020-04,21
8444c87ffffffff-2020-05,3
8444c87ffffffff-2020-08,7
8444c87ffffffff-2020-11,2
8444c87ffffffff-2021-04,7
8444c87ffffffff-2021-05,4
8444c87ffffffff-2021-09,4
8444c87ffffffff-2022-03,2
8444c87ffffffff-2022-04,2
8444c87ffffffff-2022-12,1
8444c87ffffffff-2023-03,6
8444c87ffffffff-2023-04,3
8444c87ffffffff-2023-05,7
8444c87ffffffff-2023-09,2
8444c89ffffffff-2012-04,7
8444c89ffffffff-2013-03,2
8444c89ffffffff-2013-05,1
8444c89ffffffff-2014-04,5
8444c89ffffffff-2014-05,3
8444c89ffffffff-2015-04,1
8444c89ffffffff-2016-03,4
8444c89ffffffff-2016-04,3
8444c89ffffffff-2016-08,1
8444c89ffffffff-2017-03,5
8444c89ffffffff-2017-04,3
8444c89ffffffff-2017-10,1
8444c89ffffffff-2018-03,1
8444c89ffffffff-2018-04,15
8444c89ffffffff-2019-03,2
8444c89ffffffff-2019-04,1
8444c89ffffffff-2020-03,1
8444c89ffffffff-2020-04,4
8444c89ffffffff-2021-04,1
8444c89ffffffff-2021-05,3
8444c89ffffffff-2022-04,5
8444c89ffffffff-2022-09,2
8444c89ffffffff-2023-04,4
8444c89ffffffff-2023-05,1
8444c89ffffffff-2023-10,5
8444c89ffffffff-2023-11,1
8444c8bffffffff-2012-05,2
8444c8bffffffff-2017-02,1
8444c8bffffffff-2017-04,1
8444c8bffffffff-2018-05,2
8444c8bffffffff-2019-03,1
8444c8bffffffff-2019-04,2
8444c8bffffffff-2020-04,2
8444c8bffffffff-2020-05,1
8444c8bffffffff-2021-07,1
8444c8bffffffff-2022-04,2
8444c8bffffffff-2022-11,3
8444c8bffffffff-2023-04,4
8444c8bffffffff-2023-05,1
8444c8bffffffff-2023-11,2
8444c8dffffffff-2013-05,4
8444c8dffffffff-2014-04,1
8444c8dffffffff-2015-04,5
8444c8dffffffff-2016-03,1
8444c8dffffffff-2016-08,3
8444c8dffffffff-2017-03,1
8444c8dffffffff-2018-04,3
8444c8dffffffff-2018-08,8
8444c8dffffffff-2019-03,1
8444c8dffffffff-2019-04,5
8444c8dffffffff-2019-09,1
8444c8dffffffff-2020-04,5
8444c8dffffffff-2020-05,1
8444c8dffffffff-2020-09,1
8444c91ffffffff-2015-09,2
8444c91ffffffff-2016-04,6
8444c91ffffffff-2016-05,1
8444c91ffffffff-2018-04,3
8444c91ffffffff-2020-04,1
8444c91ffffffff-2020-05,2
8444c91ffffffff-2021-08,1
8444c91ffffffff-2022-04,1
8444c91ffffffff-2023-04,2
8444c93ffffffff-2023-05,1
8444c93ffffffff-2023-08,1
8444c95ffffffff-2017-03,1
8444c95ffffffff-2018-03,2
8444c95ffffffff-2018-04,1
8444c97ffffffff-2022-05,1
8444c99ffffffff-2014-04,3
8444c99ffffffff-2015-05,1
8444c99ffffffff-2016-04,2
8444c99ffffffff-2021-05,1
8444c9bffffffff-2016-04,2
8444c9bffffffff-2017-03,2
8444c9bffffffff-2017-04,7
8444c9bffffffff-2019-04,3
8444c9bffffffff-2020-04,2
8444c9bffffffff-2021-05,1
8444c9bffffffff-2022-08,1
8444c9dffffffff-2012-05,1
8444c9dffffffff-2016-10,1
8444c9dffffffff-2021-08,7
8444c9dffffffff-2021-09,1
8444c9dffffffff-2022-09,1
8444ca1ffffffff-2012-04,1
8444ca1ffffffff-2016-04,1
8444ca1ffffffff-2021-04,1
8444ca1ffffffff-2023-04,1
8444ca3ffffffff-2012-04,2
8444ca3ffffffff-2013-10,3
8444ca3ffffffff-2014-05,1
8444ca3ffffffff-2015-04,1
8444ca3ffffffff-2016-04,4
8444ca3ffffffff-2016-05,1
8444ca3ffffffff-2017-04,3
8444ca3ffffffff-2019-04,10
8444ca3ffffffff-2019-05,1
8444ca3ffffffff-2020-03,7
8444ca3ffffffff-2020-04,26
8444ca3ffffffff-2020-05,4
8444ca3ffffffff-2021-04,16
8444ca3ffffffff-2021-05,14
8444ca3ffffffff-2021-08,2
8444ca3ffffffff-2022-04,11
8444ca3ffffffff-2022-08,3
8444ca3ffffffff-2022-09,5
8444ca3ffffffff-2023-03,2
8444ca3ffffffff-2023-04,12
8444ca3ffffffff-2023-05,1
8444ca5ffffffff-2014-03,3
8444ca5ffffffff-2014-04,1
8444ca5ffffffff-2015-03,2
8444ca5ffffffff-2016-02,1
8444ca5ffffffff-2019-04,1
8444ca5ffffffff-2020-05,3
8444ca5ffffffff-2020-11,1
8444ca5ffffffff-2023-04,1
8444ca7ffffffff-2012-03,3
8444ca7ffffffff-2012-04,7
8444ca7ffffffff-2012-05,2
8444ca7ffffffff-2012-07,2
8444ca7ffffffff-2012-08,5
8444ca7ffffffff-2012-09,17
8444ca7ffffffff-2013-04,2
8444ca7ffffffff-2013-05,1
8444ca7ffffffff-2013-07,1
8444ca7ffffffff-2013-09,10
8444ca7ffffffff-2013-10,1
8444ca7ffffffff-2014-03,5
8444ca7ffffffff-2014-04,1
8444ca7ffffffff-2014-05,5
8444ca7ffffffff-2014-08,13
8444ca7ffffffff-2014-09,58
8444ca7ffffffff-2014-10,2
8444ca7ffffffff-2015-04,3
8444ca7ffffffff-2015-05,2
8444ca7ffffffff-2015-08,9
8444ca7ffffffff-2015-09,32
8444ca7ffffffff-2016-04,3
8444ca7ffffffff-2016-05,7
8444ca7ffffffff-2016-07,2
8444ca7ffffffff-2016-08,55
8444ca7ffffffff-2016-09,2
8444ca7ffffffff-2016-10,2
8444ca7ffffffff-2017-03,1
8444ca7ffffffff-2017-04,6
8444ca7ffffffff-2017-05,1
8444ca7ffffffff-2017-08,25
8444ca7ffffffff-2017-09,44
8444ca7ffffffff-2017-10,1
8444ca7ffffffff-2018-03,1
8444ca7ffffffff-2018-04,7
8444ca7ffffffff-2018-05,6
8444ca7ffffffff-2018-08,2
8444ca7ffffffff-2018-09,27
8444ca7ffffffff-2018-10,3
8444ca7ffffffff-2019-05,1
8444ca7ffffffff-2019-08,2
8444ca7ffffffff-2019-09,44
8444ca7ffffffff-2019-10,4
8444ca7ffffffff-2020-03,1
8444ca7ffffffff-2020-04,6
8444ca7ffffffff-2020-05,5
8444ca7ffffffff-2020-08,2
8444ca7ffffffff-2020-09,1
8444ca7ffffffff-2020-10,1
8444ca7ffffffff-2021-04,3
8444ca7ffffffff-2021-08,1
8444ca7ffffffff-2021-09,32
8444ca7ffffffff-2021-10,1
8444ca7ffffffff-2022-04,4
8444ca7ffffffff-2022-08,1
8444ca7ffffffff-2022-09,4
8444ca7ffffffff-2023-04,6
8444ca7ffffffff-2023-05,10
8444ca7ffffffff-2023-09,29
8444ca7ffffffff-2023-10,3
8444ca9ffffffff-2021-05,1
8444cabffffffff-2012-03,2
8444cabffffffff-2012-04,2
8444cabffffffff-2012-05,1
8444cabffffffff-2014-04,1
8444cabffffffff-2014-10,1
8444cabffffffff-2015-04,4
8444cabffffffff-2016-03,6
8444cabffffffff-2016-04,5
8444cabffffffff-2016-05,6
8444cabffffffff-2017-04,5
8444cabffffffff-2017-07,1
8444cabffffffff-2018-03,1
8444cabffffffff-2018-04,7
8444cabffffffff-2018-05,5
8444cabffffffff-2018-12,1
8444cabffffffff-2019-04,4
8444cabffffffff-2019-05,2
8444cabffffffff-2019-08,5
8444cabffffffff-2019-09,10
8444cabffffffff-2020-04,36
8444cabffffffff-2020-05,16
8444cabffffffff-2020-08,1
8444cabffffffff-2021-03,2
8444cabffffffff-2021-04,18
8444cabffffffff-2021-05,5
8444cabffffffff-2021-09,1
8444cabffffffff-2022-03,5
8444cabffffffff-2022-04,10
8444cabffffffff-2022-05,14
8444cabffffffff-2022-08,5
8444cabffffffff-2022-10,8
8444cabffffffff-2022-12,2
8444cabffffffff-2023-02,5
8444cabffffffff-2023-03,22
8444cabffffffff-2023-04,4
8444cabffffffff-2023-08,3
8444cadffffffff-2019-05,1
8444cadffffffff-2021-05,6
8444cadffffffff-2022-05,2
8444cadffffffff-2023-05,1
8444cb1ffffffff-2016-05,1
8444cb1ffffffff-2020-05,1
8444cb1ffffffff-2023-05,1
8444cb3ffffffff-2013-10,3
8444cb3ffffffff-2014-04,4
8444cb3ffffffff-2014-05,9
8444cb3ffffffff-2015-04,2
8444cb3ffffffff-2015-09,2
8444cb3ffffffff-2015-10,2
8444cb3ffffffff-2016-05,2
8444cb3ffffffff-2018-03,1
8444cb3ffffffff-2018-04,2
8444cb3ffffffff-2018-08,1
8444cb3ffffffff-2018-09,3
8444cb3ffffffff-2023-04,1
8444cb3ffffffff-2023-08,1
8444cb5ffffffff-2017-01,1
8444cb5ffffffff-2017-04,1
8444cb5ffffffff-2017-05,1
8444cb5ffffffff-2018-04,3
8444cb5ffffffff-2020-04,7
8444cb5ffffffff-2020-05,4
8444cb7ffffffff-2023-09,1
8444cbdffffffff-2012-04,1
8444cbdffffffff-2012-05,5
8444cbdffffffff-2013-03,2
8444cbdffffffff-2013-04,6
8444cbdffffffff-2013-07,1
8444cbdffffffff-2014-03,5
8444cbdffffffff-2014-04,8
8444cbdffffffff-2014-05,19
8444cbdffffffff-2015-03,1
8444cbdffffffff-2015-04,2
8444cbdffffffff-2015-05,4
8444cbdffffffff-2015-08,2
8444cbdffffffff-2016-03,2
8444cbdffffffff-2016-05,9
8444cbdffffffff-2016-08,2
8444cbdffffffff-2017-04,3
8444cbdffffffff-2017-05,9
8444cbdffffffff-2017-08,2
8444cbdffffffff-2017-09,2
8444cbdffffffff-2018-03,7
8444cbdffffffff-2018-04,21
8444cbdffffffff-2018-05,6
8444cbdffffffff-2018-09,5
8444cbdffffffff-2019-05,5
8444cbdffffffff-2019-07,3
8444cbdffffffff-2019-10,1
8444cbdffffffff-2020-03,9
8444cbdffffffff-2020-04,8
8444cbdffffffff-2020-05,1
8444cbdffffffff-2021-04,4
8444cbdffffffff-2021-05,15
8444cbdffffffff-2021-08,16
8444cbdffffffff-2021-09,1
8444cbdffffffff-2022-03,4
8444cbdffffffff-2022-04,48
8444cbdffffffff-2022-05,10
8444cbdffffffff-2022-06,1
8444cbdffffffff-2022-07,1
8444cbdffffffff-2022-09,1
8444cbdffffffff-2023-03,7
8444cbdffffffff-2023-04,29
8444cbdffffffff-2023-05,51
8444cbdffffffff-2023-06,2
8444cbdffffffff-2023-08,13
8444cbdffffffff-2023-09,11
8444cc1ffffffff-2012-08,1
8444cc1ffffffff-2013-03,3
8444cc1ffffffff-2013-04,2
8444cc1ffffffff-2013-05,2
8444cc1ffffffff-2017-04,1
8444cc1ffffffff-2017-09,6
8444cc1ffffffff-2018-04,1
8444cc1ffffffff-2018-08,2
8444cc1ffffffff-2019-04,1
8444cc1ffffffff-2019-08,1
8444cc1ffffffff-2021-03,2
8444cc1ffffffff-2021-04,2
8444cc1ffffffff-2021-08,1
8444cc1ffffffff-2021-09,1
8444cc1ffffffff-2022-02,1
8444cc1ffffffff-2022-03,28
8444cc1ffffffff-2022-04,3
8444cc1ffffffff-2022-05,1
8444cc1ffffffff-2023-02,2
8444cc1ffffffff-2023-03,20
8444cc1ffffffff-2023-04,27
8444cc1ffffffff-2023-05,10
8444cc3ffffffff-2012-04,1
8444cc3ffffffff-2013-05,6
8444cc3ffffffff-2013-08,1
8444cc3ffffffff-2014-04,2
8444cc3ffffffff-2015-04,4
8444cc3ffffffff-2015-05,2
8444cc3ffffffff-2015-10,1
8444cc3ffffffff-2017-04,2
8444cc3ffffffff-2018-08,3
8444cc3ffffffff-2019-04,2
8444cc3ffffffff-2019-12,1
8444cc3ffffffff-2020-04,13
8444cc3ffffffff-2020-05,10
8444cc3ffffffff-2021-04,1
8444cc3ffffffff-2021-08,4
8444cc3ffffffff-2021-09,2
8444cc3ffffffff-2022-08,1
8444cc3ffffffff-2022-09,3
8444cc3ffffffff-2023-04,1
8444cc3ffffffff-2023-05,1
8444cc5ffffffff-2016-05,1
8444cc7ffffffff-2012-05,1
8444cc7ffffffff-2013-03,2
8444cc7ffffffff-2013-04,1
8444cc7ffffffff-2019-12,1
8444cc7ffffffff-2023-04,1
8444cc7ffffffff-2023-05,2
8444cc7ffffffff-2023-08,1
8444cc7ffffffff-2023-09,1
8444cc9ffffffff-2012-08,2
8444cc9ffffffff-2013-04,1
8444cc9ffffffff-2014-04,1
8444cc9ffffffff-2017-09,3
8444cc9ffffffff-2018-04,1
8444cc9ffffffff-2018-08,5
8444cc9ffffffff-2020-04,3
8444cc9ffffffff-2021-05,1
8444cc9ffffffff-2021-08,1
8444cc9ffffffff-2021-09,1
8444cc9ffffffff-2022-09,1
8444cc9ffffffff-2022-10,1
8444ccbffffffff-2017-04,1
8444ccbffffffff-2021-05,1
8444ccbffffffff-2022-11,3
8444ccdffffffff-2012-02,1
8444ccdffffffff-2012-03,10
8444ccdffffffff-2012-04,36
8444ccdffffffff-2012-05,12
8444ccdffffffff-2012-07,1
8444ccdffffffff-2012-08,6
8444ccdffffffff-2013-02,4
8444ccdffffffff-2013-03,6
8444ccdffffffff-2013-04,30
8444ccdffffffff-2013-05,24
8444ccdffffffff-2013-07,3
8444ccdffffffff-2013-08,26
8444ccdffffffff-2013-09,9
8444ccdffffffff-2014-03,15
8444ccdffffffff-2014-04,28
8444ccdffffffff-2014-05,24
8444ccdffffffff-2014-07,10
8444ccdffffffff-2014-08,5
8444ccdffffffff-2014-09,14
8444ccdffffffff-2014-10,12
8444ccdffffffff-2015-03,13
8444ccdffffffff-2015-04,60
8444ccdffffffff-2015-05,30
8444ccdffffffff-2015-07,3
8444ccdffffffff-2015-08,31
8444ccdffffffff-2015-09,29
8444ccdffffffff-2015-10,12
8444ccdffffffff-2016-03,5
8444ccdffffffff-2016-04,43
8444ccdffffffff-2016-05,23
8444ccdffffffff-2016-07,3
8444ccdffffffff-2016-08,4
8444ccdffffffff-2016-09,3
8444ccdffffffff-2017-02,6
8444ccdffffffff-2017-03,5
8444ccdffffffff-2017-04,35
8444ccdffffffff-2017-05,30
8444ccdffffffff-2017-07,1
8444ccdffffffff-2017-08,10
8444ccdffffffff-2017-09,42
8444ccdffffffff-2017-10,7
8444ccdffffffff-2017-11,13
8444ccdffffffff-2018-02,1
8444ccdffffffff-2018-03,19
8444ccdffffffff-2018-04,75
8444ccdffffffff-2018-05,29
8444ccdffffffff-2018-07,4
8444ccdffffffff-2018-08,20
8444ccdffffffff-2018-09,15
8444ccdffffffff-2018-10,6
8444ccdffffffff-2019-04,33
8444ccdffffffff-2019-05,41
8444ccdffffffff-2019-08,8
8444ccdffffffff-2019-09,9
8444ccdffffffff-2019-10,4
8444ccdffffffff-2020-03,12
8444ccdffffffff-2020-04,52
8444ccdffffffff-2020-05,33
8444ccdffffffff-2020-07,5
8444ccdffffffff-2020-08,8
8444ccdffffffff-2020-09,6
8444ccdffffffff-2020-10,1
8444ccdffffffff-2020-11,1
8444ccdffffffff-2021-03,1
8444ccdffffffff-2021-04,24
8444ccdffffffff-2021-05,18
8444ccdffffffff-2021-07,6
8444ccdffffffff-2021-08,11
8444ccdffffffff-2021-09,64
8444ccdffffffff-2021-10,10
8444ccdffffffff-2022-03,4
8444ccdffffffff-2022-04,26
8444ccdffffffff-2022-05,30
8444ccdffffffff-2022-07,5
8444ccdffffffff-2022-08,15
8444ccdffffffff-2022-09,27
8444ccdffffffff-2022-10,11
8444ccdffffffff-2023-02,1
8444ccdffffffff-2023-03,14
8444ccdffffffff-2023-04,48
8444ccdffffffff-2023-05,70
8444ccdffffffff-2023-07,6
8444ccdffffffff-2023-08,61
8444ccdffffffff-2023-09,38
8444ccdffffffff-2023-10,1
8444cd1ffffffff-2015-08,3
8444cd1ffffffff-2015-09,3
8444cd1ffffffff-2015-11,1
8444cd1ffffffff-2016-03,1
8444cd1ffffffff-2016-04,3
8444cd1ffffffff-2016-05,2
8444cd1ffffffff-2016-08,1
8444cd1ffffffff-2017-03,1
8444cd1ffffffff-2017-04,2
8444cd1ffffffff-2018-03,6
8444cd1ffffffff-2019-03,1
8444cd1ffffffff-2019-10,1
8444cd1ffffffff-2020-04,1
8444cd1ffffffff-2020-08,19
8444cd1ffffffff-2020-09,5
8444cd1ffffffff-2021-04,9
8444cd1ffffffff-2021-05,7
8444cd1ffffffff-2021-07,1
8444cd1ffffffff-2021-08,1
8444cd1ffffffff-2021-09,2
8444cd1ffffffff-2022-03,1
8444cd1ffffffff-2022-04,10
8444cd1ffffffff-2022-05,2
8444cd1ffffffff-2022-07,1
8444cd1ffffffff-2022-08,3
8444cd1ffffffff-2022-09,7
8444cd1ffffffff-2022-10,2
8444cd1ffffffff-2023-04,2
8444cd1ffffffff-2023-05,2
8444cd1ffffffff-2023-08,1
8444cd1ffffffff-2023-09,11
8444cd1ffffffff-2023-10,1
8444cd3ffffffff-2013-07,2
8444cd3ffffffff-2013-08,1
8444cd3ffffffff-2013-09,2
8444cd3ffffffff-2014-04,3
8444cd3ffffffff-2014-05,3
8444cd3ffffffff-2014-08,4
8444cd3ffffffff-2015-04,1
8444cd3ffffffff-2015-08,4
8444cd3ffffffff-2015-09,1
8444cd3ffffffff-2015-10,4
8444cd3ffffffff-2016-04,2
8444cd3ffffffff-2016-08,2
8444cd3ffffffff-2017-04,4
8444cd3ffffffff-2018-10,1
8444cd3ffffffff-2019-04,1
8444cd3ffffffff-2019-07,1
8444cd3ffffffff-2019-10,1
8444cd3ffffffff-2020-03,1
8444cd3ffffffff-2020-04,2
8444cd3ffffffff-2021-03,1
8444cd3ffffffff-2021-04,2
8444cd3ffffffff-2021-08,3
8444cd3ffffffff-2021-09,4
8444cd3ffffffff-2021-10,1
8444cd3ffffffff-2022-02,1
8444cd3ffffffff-2022-04,2
8444cd3ffffffff-2022-05,4
8444cd3ffffffff-2022-07,5
8444cd3ffffffff-2022-09,4
8444cd3ffffffff-2023-03,1
8444cd3ffffffff-2023-04,2
8444cd3ffffffff-2023-08,13
8444cd3ffffffff-2023-09,1
8444cd5ffffffff-2012-03,3
8444cd5ffffffff-2012-04,2
8444cd5ffffffff-2013-03,3
8444cd5ffffffff-2013-04,6
8444cd5ffffffff-2013-05,4
8444cd5ffffffff-2013-09,5
8444cd5ffffffff-2013-10,1
8444cd5ffffffff-2014-03,1
8444cd5ffffffff-2014-04,15
8444cd5ffffffff-2014-05,8
8444cd5ffffffff-2014-09,4
8444cd5ffffffff-2014-10,2
8444cd5ffffffff-2015-04,11
8444cd5ffffffff-2015-05,15
8444cd5ffffffff-2015-08,2
8444cd5ffffffff-2016-03,1
8444cd5ffffffff-2016-04,9
8444cd5ffffffff-2016-05,8
8444cd5ffffffff-2016-07,2
8444cd5ffffffff-2017-03,5
8444cd5ffffffff-2017-04,18
8444cd5ffffffff-2017-05,4
8444cd5ffffffff-2017-08,20
8444cd5ffffffff-2017-09,11
8444cd5ffffffff-2017-10,1
8444cd5ffffffff-2018-04,28
8444cd5ffffffff-2018-05,7
8444cd5ffffffff-2019-03,1
8444cd5ffffffff-2019-04,24
8444cd5ffffffff-2019-05,5
8444cd5ffffffff-2019-07,7
8444cd5ffffffff-2020-02,11
8444cd5ffffffff-2020-03,4
8444cd5ffffffff-2020-04,28
8444cd5ffffffff-2020-05,20
8444cd5ffffffff-2020-09,3
8444cd5ffffffff-2021-03,15
8444cd5ffffffff-2021-04,21
8444cd5ffffffff-2021-05,41
8444cd5ffffffff-2021-07,1
8444cd5ffffffff-2021-08,1
8444cd5ffffffff-2021-09,1
8444cd5ffffffff-2022-02,2
8444cd5ffffffff-2022-03,19
8444cd5ffffffff-2022-04,35
8444cd5ffffffff-2022-05,42
8444cd5ffffffff-2022-07,3
8444cd5ffffffff-2023-03,2
8444cd5ffffffff-2023-04,27
8444cd5ffffffff-2023-05,18
8444cd5ffffffff-2023-08,2
8444cd5ffffffff-2023-09,1
8444cd5ffffffff-2023-10,3
8444cd7ffffffff-2014-04,1
8444cd7ffffffff-2017-03,1
8444cd7ffffffff-2017-04,1
8444cd7ffffffff-2019-05,2
8444cd9ffffffff-2021-04,1
8444cd9ffffffff-2022-04,1
8444cdbffffffff-2017-05,1
8444cdbffffffff-2019-05,1
8444cdbffffffff-2021-04,1
8444cdbffffffff-2021-05,1
8444cdbffffffff-2023-05,1
8444cddffffffff-2014-05,1
8444cddffffffff-2020-11,1
8444cddffffffff-2021-08,2
8444cddffffffff-2022-04,1
8444cddffffffff-2022-10,5
8444cddffffffff-2023-04,1
8444cddffffffff-2023-08,1
8444cddffffffff-2023-11,1
8444ce1ffffffff-2013-09,1
8444ce1ffffffff-2022-04,2
8444ce1ffffffff-2023-05,1
8444ce3ffffffff-2017-04,1
8444ce3ffffffff-2022-05,1
8444ce5ffffffff-2017-04,2
8444ce5ffffffff-2023-08,5
8444ce5ffffffff-2023-09,8
8444ce7ffffffff-2013-03,4
8444ce7ffffffff-2013-04,1
8444ce7ffffffff-2017-04,2
8444ce7ffffffff-2022-04,1
8444ce9ffffffff-2012-04,1
8444ce9ffffffff-2012-05,9
8444ce9ffffffff-2012-08,1
8444ce9ffffffff-2012-09,2
8444ce9ffffffff-2013-03,1
8444ce9ffffffff-2013-04,2
8444ce9ffffffff-2013-05,7
8444ce9ffffffff-2013-08,2
8444ce9ffffffff-2013-10,1
8444ce9ffffffff-2014-04,7
8444ce9ffffffff-2014-05,2
8444ce9ffffffff-2014-07,2
8444ce9ffffffff-2014-08,4
8444ce9ffffffff-2014-09,3
8444ce9ffffffff-2015-04,1
8444ce9ffffffff-2015-05,3
8444ce9ffffffff-2015-09,1
8444ce9ffffffff-2015-10,2
8444ce9ffffffff-2016-03,1
8444ce9ffffffff-2016-04,7
8444ce9ffffffff-2016-05,25
8444ce9ffffffff-2017-04,3
8444ce9ffffffff-2017-05,2
8444ce9ffffffff-2017-08,2
8444ce9ffffffff-2017-09,7
8444ce9ffffffff-2018-03,2
8444ce9ffffffff-2018-04,3
8444ce9ffffffff-2018-05,6
8444ce9ffffffff-2018-06,1
8444ce9ffffffff-2018-07,3
8444ce9ffffffff-2018-08,2
8444ce9ffffffff-2019-04,4
8444ce9ffffffff-2019-05,3
8444ce9ffffffff-2019-10,1
8444ce9ffffffff-2020-04,1
8444ce9ffffffff-2020-05,1
8444ce9ffffffff-2020-09,1
8444ce9ffffffff-2021-09,3
8444ce9ffffffff-2023-04,12
8444ce9ffffffff-2023-07,2
8444ce9ffffffff-2023-08,1
8444cebffffffff-2019-02,1
8444cebffffffff-2020-05,1
8444cebffffffff-2021-03,1
8444cebffffffff-2023-04,4
8444cebffffffff-2023-05,1
8444cedffffffff-2014-03,1
8444cedffffffff-2018-04,1
8444cedffffffff-2020-04,1
8444cedffffffff-2021-04,2
8444cedffffffff-2023-03,1
8444d01ffffffff-2012-04,1
8444d01ffffffff-2012-05,1
8444d01ffffffff-2012-09,1
8444d01ffffffff-2012-10,2
8444d01ffffffff-2012-11,1
8444d01ffffffff-2013-01,1
8444d01ffffffff-2013-02,4
8444d01ffffffff-2013-03,2
8444d01ffffffff-2013-05,1
8444d01ffffffff-2013-10,3
8444d01ffffffff-2013-11,1
8444d01ffffffff-2013-12,1
8444d01ffffffff-2014-01,4
8444d01ffffffff-2014-02,4
8444d01ffffffff-2014-05,3
8444d01ffffffff-2014-11,1
8444d01ffffffff-2014-12,6
8444d01ffffffff-2015-03,2
8444d01ffffffff-2015-04,1
8444d01ffffffff-2015-07,1
8444d01ffffffff-2015-08,1
8444d01ffffffff-2015-10,3
8444d01ffffffff-2015-11,1
8444d01ffffffff-2016-02,1
8444d01ffffffff-2016-03,3
8444d01ffffffff-2016-05,6
8444d01ffffffff-2016-07,2
8444d01ffffffff-2016-08,1
8444d01ffffffff-2016-09,6
8444d01ffffffff-2016-10,2
8444d01ffffffff-2016-11,4
8444d01ffffffff-2016-12,1
8444d01ffffffff-2017-01,4
8444d01ffffffff-2017-03,4
8444d01ffffffff-2017-04,3
8444d01ffffffff-2017-07,1
8444d01ffffffff-2017-08,2
8444d01ffffffff-2017-09,7
8444d01ffffffff-2017-10,8
8444d01ffffffff-2017-11,8
8444d01ffffffff-2017-12,9
8444d01ffffffff-2018-01,2
8444d01ffffffff-2018-02,1
8444d01ffffffff-2018-03,4
8444d01ffffffff-2018-04,7
8444d01ffffffff-2018-05,3
8444d01ffffffff-2018-07,2
8444d01ffffffff-2018-08,1
8444d01ffffffff-2018-09,5
8444d01ffffffff-2018-10,3
8444d01ffffffff-2018-11,7
8444d01ffffffff-2019-01,10
8444d01ffffffff-2019-02,4
8444d01ffffffff-2019-04,13
8444d01ffffffff-2019-05,4
8444d01ffffffff-2019-07,3
8444d01ffffffff-2019-08,1
8444d01ffffffff-2019-09,11
8444d01ffffffff-2019-10,1
8444d01ffffffff-2019-11,6
8444d01ffffffff-2019-12,4
8444d01ffffffff-2020-01,1
8444d01ffffffff-2020-02,1
8444d01ffffffff-2020-03,4
8444d01ffffffff-2020-04,2
8444d01ffffffff-2020-08,6
8444d01ffffffff-2020-09,3
8444d01ffffffff-2020-10,5
8444d01ffffffff-2020-11,5
8444d01ffffffff-2021-01,8
8444d01ffffffff-2021-04,7
8444d01ffffffff-2021-08,3
8444d01ffffffff-2021-10,11
8444d01ffffffff-2021-11,3
8444d01ffffffff-2021-12,6
8444d01ffffffff-2022-01,8
8444d01ffffffff-2022-02,1
8444d01ffffffff-2022-03,17
8444d01ffffffff-2022-04,33
8444d01ffffffff-2022-06,1
8444d01ffffffff-2022-07,4
8444d01ffffffff-2022-08,5
8444d01ffffffff-2022-09,4
8444d01ffffffff-2022-10,1
8444d01ffffffff-2022-11,13
8444d01ffffffff-2022-12,1
8444d01ffffffff-2023-01,3
8444d01ffffffff-2023-02,4
8444d01ffffffff-2023-03,11
8444d01ffffffff-2023-04,21
8444d01ffffffff-2023-07,3
8444d01ffffffff-2023-08,3
8444d01ffffffff-2023-09,11
8444d01ffffffff-2023-10,13
8444d01ffffffff-2023-11,2
8444d03ffffffff-2012-03,7
8444d03ffffffff-2012-04,4
8444d03ffffffff-2012-10,4
8444d03ffffffff-2012-11,4
8444d03ffffffff-2013-02,1
8444d03ffffffff-2013-03,4
8444d03ffffffff-2013-04,19
8444d03ffffffff-2013-05,1
8444d03ffffffff-2014-04,7
8444d03ffffffff-2014-05,10
8444d03ffffffff-2014-08,1
8444d03ffffffff-2014-11,2
8444d03ffffffff-2015-02,1
8444d03ffffffff-2016-02,1
8444d03ffffffff-2016-04,5
8444d03ffffffff-2017-08,3
8444d03ffffffff-2018-04,5
8444d03ffffffff-2018-05,1
8444d03ffffffff-2019-03,6
8444d03ffffffff-2020-02,1
8444d03ffffffff-2020-12,4
8444d03ffffffff-2021-04,4
8444d03ffffffff-2021-05,1
8444d03ffffffff-2021-09,3
8444d03ffffffff-2021-12,1
8444d03ffffffff-2022-03,2
8444d03ffffffff-2022-04,3
8444d03ffffffff-2022-08,2
8444d03ffffffff-2022-10,1
8444d03ffffffff-2022-11,1
8444d03ffffffff-2023-02,1
8444d03ffffffff-2023-05,1
8444d07ffffffff-2012-01,1
8444d07ffffffff-2012-03,3
8444d07ffffffff-2012-04,4
8444d07ffffffff-2012-05,5
8444d07ffffffff-2012-10,2
8444d07ffffffff-2012-12,2
8444d07ffffffff-2013-01,2
8444d07ffffffff-2013-02,2
8444d07ffffffff-2013-03,11
8444d07ffffffff-2013-04,18
8444d07ffffffff-2013-05,6
8444d07ffffffff-2013-09,5
8444d07ffffffff-2013-12,6
8444d07ffffffff-2014-01,1
8444d07ffffffff-2014-02,5
8444d07ffffffff-2014-03,2
8444d07ffffffff-2014-04,13
8444d07ffffffff-2014-05,2
8444d07ffffffff-2014-07,1
8444d07ffffffff-2014-08,3
8444d07ffffffff-2014-09,1
8444d07ffffffff-2014-10,2
8444d07ffffffff-2014-11,3
8444d07ffffffff-2015-01,6
8444d07ffffffff-2015-03,3
8444d07ffffffff-2015-04,5
8444d07ffffffff-2015-05,9
8444d07ffffffff-2015-10,8
8444d07ffffffff-2015-11,2
8444d07ffffffff-2015-12,1
8444d07ffffffff-2016-01,5
8444d07ffffffff-2016-03,4
8444d07ffffffff-2016-04,17
8444d07ffffffff-2016-05,1
8444d07ffffffff-2016-10,8
8444d07ffffffff-2016-11,4
8444d07ffffffff-2017-02,3
8444d07ffffffff-2017-03,2
8444d07ffffffff-2017-04,6
8444d07ffffffff-2017-05,2
8444d07ffffffff-2017-07,2
8444d07ffffffff-2017-08,1
8444d07ffffffff-2017-09,6
8444d07ffffffff-2017-10,1
8444d07ffffffff-2017-11,3
8444d07ffffffff-2017-12,3
8444d07ffffffff-2018-01,11
8444d07ffffffff-2018-02,7
8444d07ffffffff-2018-03,8
8444d07ffffffff-2018-04,8
8444d07ffffffff-2018-05,7
8444d07ffffffff-2018-06,3
8444d07ffffffff-2018-07,4
8444d07ffffffff-2018-08,8
8444d07ffffffff-2018-09,7
8444d07ffffffff-2018-10,4
8444d07ffffffff-2018-11,2
8444d07ffffffff-2018-12,2
8444d07ffffffff-2019-01,2
8444d07ffffffff-2019-02,3
8444d07ffffffff-2019-03,21
8444d07ffffffff-2019-04,36
8444d07ffffffff-2019-05,4
8444d07ffffffff-2019-06,1
8444d07ffffffff-2019-07,6
8444d07ffffffff-2019-08,19
8444d07ffffffff-2019-09,15
8444d07ffffffff-2019-10,5
8444d07ffffffff-2019-11,5
8444d07ffffffff-2019-12,3
8444d07ffffffff-2020-01,9
8444d07ffffffff-2020-02,17
8444d07ffffffff-2020-03,10
8444d07ffffffff-2020-04,14
8444d07ffffffff-2020-05,9
8444d07ffffffff-2020-07,16
8444d07ffffffff-2020-08,10
8444d07ffffffff-2020-09,20
8444d07ffffffff-2020-10,12
8444d07ffffffff-2020-11,5
8444d07ffffffff-2020-12,5
8444d07ffffffff-2021-01,19
8444d07ffffffff-2021-02,11
8444d07ffffffff-2021-03,13
8444d07ffffffff-2021-04,23
8444d07ffffffff-2021-05,7
8444d07ffffffff-2021-06,5
8444d07ffffffff-2021-07,8
8444d07ffffffff-2021-08,13
8444d07ffffffff-2021-09,14
8444d07ffffffff-2021-10,18
8444d07ffffffff-2021-11,4
8444d07ffffffff-2021-12,14
8444d07ffffffff-2022-01,3
8444d07ffffffff-2022-02,6
8444d07ffffffff-2022-03,6
8444d07ffffffff-2022-04,16
8444d07ffffffff-2022-05,13
8444d07ffffffff-2022-06,2
8444d07ffffffff-2022-07,13
8444d07ffffffff-2022-08,12
8444d07ffffffff-2022-09,12
8444d07ffffffff-2022-10,13
8444d07ffffffff-2022-11,8
8444d07ffffffff-2022-12,8
8444d07ffffffff-2023-01,24
8444d07ffffffff-2023-02,7
8444d07ffffffff-2023-03,4
8444d07ffffffff-2023-04,11
8444d07ffffffff-2023-05,12
8444d07ffffffff-2023-06,4
8444d07ffffffff-2023-07,13
8444d07ffffffff-2023-08,23
8444d07ffffffff-2023-09,13
8444d07ffffffff-2023-10,1
8444d07ffffffff-2023-11,1
8444d09ffffffff-2013-03,1
8444d09ffffffff-2014-04,1
8444d09ffffffff-2017-11,1
8444d09ffffffff-2018-01,1
8444d09ffffffff-2018-03,1
8444d09ffffffff-2018-04,2
8444d09ffffffff-2018-07,3
8444d09ffffffff-2018-08,2
8444d09ffffffff-2018-09,1
8444d09ffffffff-2018-11,1
8444d09ffffffff-2019-01,1
8444d09ffffffff-2019-02,2
8444d09ffffffff-2019-04,1
8444d09ffffffff-2019-08,6
8444d09ffffffff-2020-01,2
8444d09ffffffff-2020-05,1
8444d09ffffffff-2020-10,2
8444d09ffffffff-2020-12,1
8444d09ffffffff-2021-01,2
8444d09ffffffff-2021-03,1
8444d09ffffffff-2021-08,2
8444d09ffffffff-2021-09,2
8444d09ffffffff-2021-11,1
8444d09ffffffff-2022-07,1
8444d09ffffffff-2022-08,1
8444d09ffffffff-2022-09,1
8444d09ffffffff-2022-11,2
8444d09ffffffff-2023-01,2
8444d09ffffffff-2023-03,2
8444d09ffffffff-2023-05,2
8444d09ffffffff-2023-07,4
8444d09ffffffff-2023-09,1
8444d0bffffffff-2012-01,1
8444d0bffffffff-2012-02,37
8444d0bffffffff-2012-03,8
8444d0bffffffff-2012-04,27
8444d0bffffffff-2012-05,11
8444d0bffffffff-2012-07,1
8444d0bffffffff-2012-08,10
8444d0bffffffff-2012-09,4
8444d0bffffffff-2012-10,6
8444d0bffffffff-2012-11,5
8444d0bffffffff-2012-12,1
8444d0bffffffff-2013-01,22
8444d0bffffffff-2013-02,23
8444d0bffffffff-2013-03,43
8444d0bffffffff-2013-04,34
8444d0bffffffff-2013-05,24
8444d0bffffffff-2013-07,38
8444d0bffffffff-2013-08,2
8444d0bffffffff-2013-09,2
8444d0bffffffff-2013-10,6
8444d0bffffffff-2013-11,3
8444d0bffffffff-2013-12,5
8444d0bffffffff-2014-01,11
8444d0bffffffff-2014-02,62
8444d0bffffffff-2014-03,44
8444d0bffffffff-2014-04,65
8444d0bffffffff-2014-05,32
8444d0bffffffff-2014-07,1
8444d0bffffffff-2014-08,20
8444d0bffffffff-2014-09,1
8444d0bffffffff-2014-10,1
8444d0bffffffff-2014-11,1
8444d0bffffffff-2014-12,9
8444d0bffffffff-2015-01,22
8444d0bffffffff-2015-02,112
8444d0bffffffff-2015-03,81
8444d0bffffffff-2015-04,41
8444d0bffffffff-2015-05,18
8444d0bffffffff-2015-07,4
8444d0bffffffff-2015-08,16
8444d0bffffffff-2015-09,5
8444d0bffffffff-2015-10,1
8444d0bffffffff-2015-11,3
8444d0bffffffff-2015-12,9
8444d0bffffffff-2016-01,14
8444d0bffffffff-2016-02,55
8444d0bffffffff-2016-03,42
8444d0bffffffff-2016-04,50
8444d0bffffffff-2016-05,9
8444d0bffffffff-2016-06,1
8444d0bffffffff-2016-07,3
8444d0bffffffff-2016-09,4
8444d0bffffffff-2016-10,17
8444d0bffffffff-2016-11,10
8444d0bffffffff-2016-12,4
8444d0bffffffff-2017-01,21
8444d0bffffffff-2017-02,146
8444d0bffffffff-2017-03,57
8444d0bffffffff-2017-04,62
8444d0bffffffff-2017-05,13
8444d0bffffffff-2017-07,12
8444d0bffffffff-2017-08,4
8444d0bffffffff-2017-10,14
8444d0bffffffff-2017-11,8
8444d0bffffffff-2017-12,15
8444d0bffffffff-2018-01,27
8444d0bffffffff-2018-02,54
8444d0bffffffff-2018-03,65
8444d0bffffffff-2018-04,57
8444d0bffffffff-2018-05,8
8444d0bffffffff-2018-07,4
8444d0bffffffff-2018-08,4
8444d0bffffffff-2018-10,15
8444d0bffffffff-2018-11,8
8444d0bffffffff-2018-12,11
8444d0bffffffff-2019-01,17
8444d0bffffffff-2019-02,75
8444d0bffffffff-2019-03,75
8444d0bffffffff-2019-04,32
8444d0bffffffff-2019-05,25
8444d0bffffffff-2019-06,2
8444d0bffffffff-2019-07,4
8444d0bffffffff-2019-08,2
8444d0bffffffff-2019-09,17
8444d0bffffffff-2019-10,17
8444d0bffffffff-2019-11,3
8444d0bffffffff-2019-12,4
8444d0bffffffff-2020-01,11
8444d0bffffffff-2020-02,91
8444d0bffffffff-2020-03,64
8444d0bffffffff-2020-04,48
8444d0bffffffff-2020-05,43
8444d0bffffffff-2020-06,4
8444d0bffffffff-2020-07,6
8444d0bffffffff-2020-08,13
8444d0bffffffff-2020-09,1
8444d0bffffffff-2020-10,43
8444d0bffffffff-2020-11,2
8444d0bffffffff-2020-12,6
8444d0bffffffff-2021-01,11
8444d0bffffffff-2021-02,113
8444d0bffffffff-2021-03,74
8444d0bffffffff-2021-04,105
8444d0bffffffff-2021-05,30
8444d0bffffffff-2021-07,2
8444d0bffffffff-2021-08,9
8444d0bffffffff-2021-10,9
8444d0bffffffff-2021-11,6
8444d0bffffffff-2021-12,12
8444d0bffffffff-2022-01,26
8444d0bffffffff-2022-02,125
8444d0bffffffff-2022-03,88
8444d0bffffffff-2022-04,81
8444d0bffffffff-2022-05,53
8444d0bffffffff-2022-06,5
8444d0bffffffff-2022-08,4
8444d0bffffffff-2022-09,2
8444d0bffffffff-2022-10,29
8444d0bffffffff-2022-11,9
8444d0bffffffff-2022-12,10
8444d0bffffffff-2023-01,48
8444d0bffffffff-2023-02,150
8444d0bffffffff-2023-03,99
8444d0bffffffff-2023-04,82
8444d0bffffffff-2023-05,54
8444d0bffffffff-2023-07,20
8444d0bffffffff-2023-08,4
8444d0bffffffff-2023-09,2
8444d0bffffffff-2023-10,18
8444d0bffffffff-2023-11,5
8444d11ffffffff-2016-09,4
8444d15ffffffff-2015-10,2
8444d15ffffffff-2017-01,1
8444d15ffffffff-2019-12,6
8444d15ffffffff-2020-12,1
8444d15ffffffff-2021-12,4
8444d15ffffffff-2023-03,1
8444d15ffffffff-2023-04,1
8444d15ffffffff-2023-09,4
8444d17ffffffff-2012-08,1
8444d17ffffffff-2012-12,2
8444d17ffffffff-2013-03,2
8444d17ffffffff-2013-04,2
8444d17ffffffff-2013-07,1
8444d17ffffffff-2013-08,10
8444d17ffffffff-2014-08,11
8444d17ffffffff-2014-09,1
8444d17ffffffff-2015-05,1
8444d17ffffffff-2015-08,2
8444d17ffffffff-2015-12,1
8444d17ffffffff-2016-03,1
8444d17ffffffff-2016-04,5
8444d17ffffffff-2016-05,2
8444d17ffffffff-2016-09,7
8444d17ffffffff-2016-10,4
8444d17ffffffff-2016-12,1
8444d17ffffffff-2017-04,1
8444d17ffffffff-2017-07,2
8444d17ffffffff-2017-08,11
8444d17ffffffff-2017-09,15
8444d17ffffffff-2017-12,7
8444d17ffffffff-2018-01,7
8444d17ffffffff-2018-07,3
8444d17ffffffff-2018-08,2
8444d17ffffffff-2018-09,12
8444d17ffffffff-2019-01,1
8444d17ffffffff-2019-07,4
8444d17ffffffff-2019-08,10
8444d17ffffffff-2019-09,7
8444d17ffffffff-2020-08,14
8444d17ffffffff-2020-09,4
8444d17ffffffff-2021-08,7
8444d17ffffffff-2021-09,13
8444d17ffffffff-2022-04,1
8444d17ffffffff-2022-08,10
8444d17ffffffff-2022-09,8
8444d17ffffffff-2023-04,1
8444d17ffffffff-2023-05,4
8444d17ffffffff-2023-07,4
8444d17ffffffff-2023-08,18
8444d17ffffffff-2023-09,2
8444d19ffffffff-2013-07,1
8444d1bffffffff-2021-04,1
8444d1bffffffff-2021-05,1
8444d1bffffffff-2023-05,1
8444d23ffffffff-2012-02,8
8444d23ffffffff-2012-03,2
8444d23ffffffff-2012-04,1
8444d23ffffffff-2013-01,3
8444d23ffffffff-2013-02,15
8444d23ffffffff-2013-03,26
8444d23ffffffff-2013-04,2
8444d23ffffffff-2013-08,2
8444d23ffffffff-2013-11,1
8444d23ffffffff-2013-12,25
8444d23ffffffff-2014-02,8
8444d23ffffffff-2014-03,22
8444d23ffffffff-2014-04,4
8444d23ffffffff-2014-05,1
8444d23ffffffff-2014-10,1
8444d23ffffffff-2014-11,1
8444d23ffffffff-2014-12,2
8444d23ffffffff-2015-02,5
8444d23ffffffff-2015-03,26
8444d23ffffffff-2015-04,6
8444d23ffffffff-2015-09,2
8444d23ffffffff-2015-10,2
8444d23ffffffff-2015-11,1
8444d23ffffffff-2015-12,2
8444d23ffffffff-2016-01,3
8444d23ffffffff-2016-02,20
8444d23ffffffff-2016-03,6
8444d23ffffffff-2016-04,9
8444d23ffffffff-2016-05,4
8444d23ffffffff-2017-01,12
8444d23ffffffff-2017-02,34
8444d23ffffffff-2017-03,9
8444d23ffffffff-2017-04,1
8444d23ffffffff-2017-05,3
8444d23ffffffff-2017-08,1
8444d23ffffffff-2017-09,18
8444d23ffffffff-2017-10,10
8444d23ffffffff-2017-12,8
8444d23ffffffff-2018-02,6
8444d23ffffffff-2018-03,23
8444d23ffffffff-2018-04,46
8444d23ffffffff-2018-05,9
8444d23ffffffff-2018-08,4
8444d23ffffffff-2018-09,7
8444d23ffffffff-2018-10,7
8444d23ffffffff-2018-11,5
8444d23ffffffff-2018-12,4
8444d23ffffffff-2019-01,2
8444d23ffffffff-2019-02,7
8444d23ffffffff-2019-03,7
8444d23ffffffff-2019-04,17
8444d23ffffffff-2019-05,5
8444d23ffffffff-2019-08,1
8444d23ffffffff-2019-09,1
8444d23ffffffff-2019-10,82
8444d23ffffffff-2019-11,52
8444d23ffffffff-2019-12,6
8444d23ffffffff-2020-01,32
8444d23ffffffff-2020-02,7
8444d23ffffffff-2020-03,46
8444d23ffffffff-2020-04,28
8444d23ffffffff-2020-05,5
8444d23ffffffff-2020-08,7
8444d23ffffffff-2020-09,4
8444d23ffffffff-2020-10,2
8444d23ffffffff-2020-12,9
8444d23ffffffff-2021-01,2
8444d23ffffffff-2021-02,21
8444d23ffffffff-2021-03,24
8444d23ffffffff-2021-04,26
8444d23ffffffff-2021-05,38
8444d23ffffffff-2021-10,1
8444d23ffffffff-2021-11,3
8444d23ffffffff-2021-12,4
8444d23ffffffff-2022-01,2
8444d23ffffffff-2022-02,30
8444d23ffffffff-2022-03,17
8444d23ffffffff-2022-04,24
8444d23ffffffff-2022-07,4
8444d23ffffffff-2022-08,4
8444d23ffffffff-2022-11,2
8444d23ffffffff-2022-12,9
8444d23ffffffff-2023-01,1
8444d23ffffffff-2023-02,12
8444d23ffffffff-2023-03,29
8444d23ffffffff-2023-04,31
8444d23ffffffff-2023-05,5
8444d23ffffffff-2023-09,2
8444d23ffffffff-2023-10,1
8444d2bffffffff-2012-04,6
8444d2bffffffff-2012-11,2
8444d2bffffffff-2013-03,1
8444d2bffffffff-2013-11,1
8444d2bffffffff-2013-12,3
8444d2bffffffff-2014-01,5
8444d2bffffffff-2014-03,2
8444d2bffffffff-2014-04,2
8444d2bffffffff-2014-10,1
8444d2bffffffff-2015-02,1
8444d2bffffffff-2015-03,2
8444d2bffffffff-2015-04,7
8444d2bffffffff-2015-05,7
8444d2bffffffff-2015-08,2
8444d2bffffffff-2015-10,1
8444d2bffffffff-2015-11,1
8444d2bffffffff-2015-12,3
8444d2bffffffff-2016-01,1
8444d2bffffffff-2016-02,4
8444d2bffffffff-2016-03,5
8444d2bffffffff-2016-04,4
8444d2bffffffff-2016-09,2
8444d2bffffffff-2016-11,1
8444d2bffffffff-2017-02,2
8444d2bffffffff-2017-04,1
8444d2bffffffff-2017-11,1
8444d2bffffffff-2018-03,11
8444d2bffffffff-2018-04,1
8444d2bffffffff-2018-08,1
8444d2bffffffff-2018-11,2
8444d2bffffffff-2019-03,2
8444d2bffffffff-2019-04,13
8444d2bffffffff-2019-05,6
8444d2bffffffff-2019-08,1
8444d2bffffffff-2019-11,1
8444d2bffffffff-2020-01,11
8444d2bffffffff-2020-02,3
8444d2bffffffff-2020-07,1
8444d2bffffffff-2020-08,1
8444d2bffffffff-2020-09,1
8444d2bffffffff-2021-03,1
8444d2bffffffff-2021-04,2
8444d2bffffffff-2021-05,1
8444d2bffffffff-2021-10,3
8444d2bffffffff-2021-11,3
8444d2bffffffff-2022-03,5
8444d2bffffffff-2022-04,11
8444d2bffffffff-2022-05,3
8444d2bffffffff-2023-01,1
8444d2bffffffff-2023-03,2
8444d2bffffffff-2023-04,1
8444d2bffffffff-2023-05,5
8444d2bffffffff-2023-07,2
8444d31ffffffff-2017-04,2
8444d31ffffffff-2023-04,1
8444d33ffffffff-2014-04,1
8444d35ffffffff-2015-10,1
8444d35ffffffff-2016-09,1
8444d35ffffffff-2018-11,3
8444d35ffffffff-2018-12,26
8444d35ffffffff-2019-01,9
8444d35ffffffff-2019-10,2
8444d35ffffffff-2019-11,5
8444d35ffffffff-2019-12,2
8444d35ffffffff-2020-10,4
8444d35ffffffff-2020-11,3
8444d35ffffffff-2021-03,1
8444d35ffffffff-2021-11,3
8444d35ffffffff-2022-01,1
8444d35ffffffff-2022-10,2
8444d35ffffffff-2023-02,1
8444d35ffffffff-2023-09,3
8444d37ffffffff-2012-03,1
8444d37ffffffff-2012-05,1
8444d37ffffffff-2012-10,3
8444d37ffffffff-2012-11,1
8444d37ffffffff-2013-01,2
8444d37ffffffff-2013-03,1
8444d37ffffffff-2013-08,1
8444d37ffffffff-2013-10,2
8444d37ffffffff-2013-11,4
8444d37ffffffff-2014-01,2
8444d37ffffffff-2014-04,4
8444d37ffffffff-2014-09,1
8444d37ffffffff-2014-10,1
8444d37ffffffff-2014-12,1
8444d37ffffffff-2015-04,1
8444d37ffffffff-2015-05,1
8444d37ffffffff-2016-04,6
8444d37ffffffff-2016-09,4
8444d37ffffffff-2016-10,2
8444d37ffffffff-2017-04,1
8444d37ffffffff-2017-05,5
8444d37ffffffff-2017-11,1
8444d37ffffffff-2017-12,2
8444d37ffffffff-2018-01,1
8444d37ffffffff-2018-04,1
8444d37ffffffff-2018-09,3
8444d37ffffffff-2018-12,1
8444d37ffffffff-2019-09,1
8444d37ffffffff-2019-10,35
8444d37ffffffff-2019-11,2
8444d37ffffffff-2019-12,1
8444d37ffffffff-2020-01,1
8444d37ffffffff-2020-04,1
8444d37ffffffff-2020-05,2
8444d37ffffffff-2020-07,1
8444d37ffffffff-2020-09,5
8444d37ffffffff-2020-10,15
8444d37ffffffff-2020-11,9
8444d37ffffffff-2020-12,1
8444d37ffffffff-2021-04,8
8444d37ffffffff-2021-05,1
8444d37ffffffff-2021-08,8
8444d37ffffffff-2021-09,18
8444d37ffffffff-2021-10,2
8444d37ffffffff-2021-11,2
8444d37ffffffff-2022-01,5
8444d37ffffffff-2022-04,7
8444d37ffffffff-2022-05,5
8444d37ffffffff-2022-09,5
8444d37ffffffff-2022-10,6
8444d37ffffffff-2022-11,2
8444d37ffffffff-2023-03,3
8444d37ffffffff-2023-04,3
8444d37ffffffff-2023-08,2
8444d37ffffffff-2023-09,17
8444d37ffffffff-2023-11,4
8444d39ffffffff-2017-09,1
8444d39ffffffff-2018-10,1
8444d39ffffffff-2020-11,1
8444d39ffffffff-2021-03,1
8444d39ffffffff-2021-12,1
8444d3bffffffff-2012-01,9
8444d3bffffffff-2012-04,1
8444d3bffffffff-2012-10,3
8444d3bffffffff-2012-11,5
8444d3bffffffff-2012-12,1
8444d3bffffffff-2013-01,1
8444d3bffffffff-2013-03,1
8444d3bffffffff-2014-04,1
8444d3bffffffff-2014-09,1
8444d3bffffffff-2015-09,4
8444d3bffffffff-2015-11,1
8444d3bffffffff-2016-03,4
8444d3bffffffff-2016-04,1
8444d3bffffffff-2016-05,1
8444d3bffffffff-2017-02,1
8444d3bffffffff-2017-08,1
8444d3bffffffff-2017-09,2
8444d3bffffffff-2017-12,2
8444d3bffffffff-2018-01,6
8444d3bffffffff-2018-03,3
8444d3bffffffff-2018-05,3
8444d3bffffffff-2018-09,1
8444d3bffffffff-2018-11,1
8444d3bffffffff-2018-12,1
8444d3bffffffff-2019-03,1
8444d3bffffffff-2019-04,5
8444d3bffffffff-2019-07,1
8444d3bffffffff-2019-08,1
8444d3bffffffff-2019-09,2
8444d3bffffffff-2019-10,2
8444d3bffffffff-2019-11,6
8444d3bffffffff-2020-04,22
8444d3bffffffff-2020-05,6
8444d3bffffffff-2020-12,8
8444d3bffffffff-2021-01,4
8444d3bffffffff-2021-04,11
8444d3bffffffff-2021-05,22
8444d3bffffffff-2021-07,1
8444d3bffffffff-2021-09,1
8444d3bffffffff-2022-01,1
8444d3bffffffff-2022-03,2
8444d3bffffffff-2022-04,3
8444d3bffffffff-2022-09,2
8444d3bffffffff-2022-10,1
8444d3bffffffff-2023-03,1
8444d3bffffffff-2023-04,2
8444d3bffffffff-2023-05,2
8444d3bffffffff-2023-08,2
8444d3dffffffff-2012-05,2
8444d3dffffffff-2013-05,1
8444d3dffffffff-2013-10,1
8444d3dffffffff-2014-03,2
8444d3dffffffff-2014-12,2
8444d3dffffffff-2015-05,1
8444d3dffffffff-2015-11,1
8444d3dffffffff-2015-12,3
8444d3dffffffff-2016-02,2
8444d3dffffffff-2016-04,1
8444d3dffffffff-2016-05,3
8444d3dffffffff-2016-11,1
8444d3dffffffff-2017-09,2
8444d3dffffffff-2017-11,1
8444d3dffffffff-2017-12,2
8444d3dffffffff-2018-12,2
8444d3dffffffff-2019-01,1
8444d3dffffffff-2019-12,4
8444d3dffffffff-2020-04,2
8444d3dffffffff-2020-05,1
8444d3dffffffff-2021-03,1
8444d3dffffffff-2021-04,1
8444d3dffffffff-2021-05,5
8444d3dffffffff-2022-01,1
8444d3dffffffff-2022-03,1
8444d3dffffffff-2022-08,1
8444d3dffffffff-2023-03,3
8444d3dffffffff-2023-05,5
8444d3dffffffff-2023-06,1
8444d3dffffffff-2023-09,1
8444d51ffffffff-2012-01,11
8444d51ffffffff-2012-02,3
8444d51ffffffff-2012-04,7
8444d51ffffffff-2012-07,5
8444d51ffffffff-2012-11,2
8444d51ffffffff-2012-12,1
8444d51ffffffff-2013-02,10
8444d51ffffffff-2013-03,22
8444d51ffffffff-2013-04,15
8444d51ffffffff-2013-05,9
8444d51ffffffff-2013-07,1
8444d51ffffffff-2013-08,3
8444d51ffffffff-2013-09,1
8444d51ffffffff-2013-10,2
8444d51ffffffff-2013-11,3
8444d51ffffffff-2014-01,2
8444d51ffffffff-2014-02,8
8444d51ffffffff-2014-03,9
8444d51ffffffff-2014-04,12
8444d51ffffffff-2014-05,5
8444d51ffffffff-2014-07,9
8444d51ffffffff-2014-08,4
8444d51ffffffff-2014-09,3
8444d51ffffffff-2014-10,18
8444d51ffffffff-2014-11,1
8444d51ffffffff-2014-12,1
8444d51ffffffff-2015-01,5
8444d51ffffffff-2015-02,2
8444d51ffffffff-2015-03,12
8444d51ffffffff-2015-04,21
8444d51ffffffff-2015-05,7
8444d51ffffffff-2015-07,1
8444d51ffffffff-2015-08,3
8444d51ffffffff-2015-09,2
8444d51ffffffff-2015-10,14
8444d51ffffffff-2015-11,62
8444d51ffffffff-2015-12,1
8444d51ffffffff-2016-01,6
8444d51ffffffff-2016-02,7
8444d51ffffffff-2016-03,17
8444d51ffffffff-2016-04,19
8444d51ffffffff-2016-05,16
8444d51ffffffff-2016-07,18
8444d51ffffffff-2016-08,19
8444d51ffffffff-2016-09,14
8444d51ffffffff-2016-10,16
8444d51ffffffff-2016-11,10
8444d51ffffffff-2016-12,20
8444d51ffffffff-2017-01,23
8444d51ffffffff-2017-02,6
8444d51ffffffff-2017-03,30
8444d51ffffffff-2017-04,12
8444d51ffffffff-2017-05,4
8444d51ffffffff-2017-06,2
8444d51ffffffff-2017-07,4
8444d51ffffffff-2017-08,10
8444d51ffffffff-2017-09,17
8444d51ffffffff-2017-10,8
8444d51ffffffff-2017-11,12
8444d51ffffffff-2017-12,11
8444d51ffffffff-2018-01,31
8444d51ffffffff-2018-02,7
8444d51ffffffff-2018-03,19
8444d51ffffffff-2018-04,22
8444d51ffffffff-2018-05,4
8444d51ffffffff-2018-07,6
8444d51ffffffff-2018-08,4
8444d51ffffffff-2018-10,8
8444d51ffffffff-2018-11,6
8444d51ffffffff-2018-12,3
8444d51ffffffff-2019-01,2
8444d51ffffffff-2019-02,4
8444d51ffffffff-2019-03,8
8444d51ffffffff-2019-04,8
8444d51ffffffff-2019-08,4
8444d51ffffffff-2019-11,1
8444d51ffffffff-2019-12,1
8444d51ffffffff-2020-01,1
8444d51ffffffff-2020-03,1
8444d51ffffffff-2020-04,10
8444d51ffffffff-2020-05,2
8444d51ffffffff-2021-04,1
8444d51ffffffff-2022-04,1
8444d51ffffffff-2022-05,1
8444d51ffffffff-2022-09,1
8444d51ffffffff-2023-07,22
8444d51ffffffff-2023-08,20
8444d51ffffffff-2023-09,21
8444d51ffffffff-2023-10,14
8444d51ffffffff-2023-11,10
8444d53ffffffff-2013-08,1
8444d53ffffffff-2020-08,1
8444d53ffffffff-2020-09,1
8444d53ffffffff-2021-09,1
8444d55ffffffff-2012-01,3
8444d55ffffffff-2012-04,1
8444d55ffffffff-2013-03,1
8444d55ffffffff-2013-05,1
8444d55ffffffff-2013-12,1
8444d55ffffffff-2014-01,1
8444d55ffffffff-2014-08,1
8444d55ffffffff-2014-12,2
8444d55ffffffff-2015-01,1
8444d55ffffffff-2015-12,1
8444d55ffffffff-2016-03,1
8444d55ffffffff-2016-05,1
8444d55ffffffff-2017-01,3
8444d55ffffffff-2017-03,3
8444d55ffffffff-2017-11,1
8444d55ffffffff-2017-12,2
8444d55ffffffff-2018-02,3
8444d55ffffffff-2018-04,1
8444d55ffffffff-2018-12,1
8444d55ffffffff-2019-04,2
8444d55ffffffff-2019-08,1
8444d55ffffffff-2019-10,1
8444d55ffffffff-2019-11,1
8444d55ffffffff-2020-01,1
8444d55ffffffff-2020-02,1
8444d55ffffffff-2020-03,4
8444d55ffffffff-2020-04,3
8444d55ffffffff-2020-05,2
8444d55ffffffff-2020-08,1
8444d55ffffffff-2020-11,1
8444d55ffffffff-2021-02,3
8444d55ffffffff-2021-03,1
8444d55ffffffff-2021-04,4
8444d55ffffffff-2021-05,4
8444d55ffffffff-2021-08,5
8444d55ffffffff-2021-11,2
8444d55ffffffff-2022-01,1
8444d55ffffffff-2022-02,4
8444d55ffffffff-2022-04,3
8444d55ffffffff-2022-05,1
8444d55ffffffff-2022-09,5
8444d55ffffffff-2022-10,1
8444d55ffffffff-2022-11,1
8444d55ffffffff-2022-12,1
8444d55ffffffff-2023-01,1
8444d55ffffffff-2023-02,1
8444d55ffffffff-2023-03,1
8444d55ffffffff-2023-04,1
8444d55ffffffff-2023-05,2
8444d55ffffffff-2023-10,2
8444d55ffffffff-2023-11,1
8444d57ffffffff-2012-02,1
8444d57ffffffff-2012-08,1
8444d57ffffffff-2012-12,1
8444d57ffffffff-2013-01,1
8444d57ffffffff-2013-10,1
8444d57ffffffff-2014-02,1
8444d57ffffffff-2014-03,1
8444d57ffffffff-2014-11,1
8444d57ffffffff-2015-02,1
8444d57ffffffff-2015-03,1
8444d57ffffffff-2015-04,1
8444d57ffffffff-2016-03,1
8444d57ffffffff-2016-11,1
8444d57ffffffff-2017-01,1
8444d57ffffffff-2017-02,1
8444d57ffffffff-2017-03,1
8444d57ffffffff-2018-01,1
8444d57ffffffff-2018-02,2
8444d57ffffffff-2018-04,1
8444d57ffffffff-2018-10,2
8444d57ffffffff-2018-11,4
8444d57ffffffff-2020-01,1
8444d57ffffffff-2020-02,1
8444d57ffffffff-2020-03,3
8444d57ffffffff-2020-04,2
8444d57ffffffff-2020-07,5
8444d57ffffffff-2020-08,10
8444d57ffffffff-2020-09,2
8444d57ffffffff-2020-10,2
8444d57ffffffff-2020-11,1
8444d57ffffffff-2020-12,3
8444d57ffffffff-2021-01,4
8444d57ffffffff-2021-02,3
8444d57ffffffff-2021-03,6
8444d57ffffffff-2021-04,3
8444d57ffffffff-2021-05,1
8444d57ffffffff-2021-09,4
8444d57ffffffff-2021-10,3
8444d57ffffffff-2021-11,1
8444d57ffffffff-2021-12,1
8444d57ffffffff-2022-01,9
8444d57ffffffff-2022-02,3
8444d57ffffffff-2022-03,2
8444d57ffffffff-2022-04,4
8444d57ffffffff-2022-05,2
8444d57ffffffff-2022-06,3
8444d57ffffffff-2022-10,1
8444d57ffffffff-2022-11,1
8444d57ffffffff-2022-12,1
8444d57ffffffff-2023-01,16
8444d57ffffffff-2023-02,2
8444d57ffffffff-2023-03,3
8444d57ffffffff-2023-10,2
8444d57ffffffff-2023-11,10
8444d59ffffffff-2012-09,1
8444d59ffffffff-2014-04,1
8444d59ffffffff-2016-01,2
8444d59ffffffff-2016-04,1
8444d59ffffffff-2018-03,1
8444d59ffffffff-2020-04,2
8444d59ffffffff-2021-01,2
8444d5bffffffff-2012-07,3
8444d5bffffffff-2012-08,6
8444d5bffffffff-2012-09,1
8444d5bffffffff-2012-10,4
8444d5bffffffff-2013-02,3
8444d5bffffffff-2013-03,2
8444d5bffffffff-2013-04,3
8444d5bffffffff-2014-04,1
8444d5bffffffff-2015-04,1
8444d5bffffffff-2016-08,1
8444d5bffffffff-2019-02,2
8444d5bffffffff-2020-04,1
8444d5bffffffff-2020-05,1
8444d5bffffffff-2021-02,1
8444d5bffffffff-2021-04,3
8444d5bffffffff-2021-05,1
8444d5bffffffff-2021-08,5
8444d5bffffffff-2021-09,2
8444d5bffffffff-2022-01,1
8444d5bffffffff-2022-05,2
8444d5bffffffff-2022-08,9
8444d5bffffffff-2022-09,2
8444d5dffffffff-2012-01,7
8444d5dffffffff-2012-02,4
8444d5dffffffff-2012-03,2
8444d5dffffffff-2012-07,7
8444d5dffffffff-2012-08,1
8444d5dffffffff-2012-10,3
8444d5dffffffff-2012-12,3
8444d5dffffffff-2013-01,28
8444d5dffffffff-2013-02,12
8444d5dffffffff-2013-03,7
8444d5dffffffff-2013-05,12
8444d5dffffffff-2013-06,1
8444d5dffffffff-2013-07,5
8444d5dffffffff-2013-08,17
8444d5dffffffff-2013-09,6
8444d5dffffffff-2013-10,7
8444d5dffffffff-2013-11,11
8444d5dffffffff-2013-12,2
8444d5dffffffff-2014-01,11
8444d5dffffffff-2014-02,14
8444d5dffffffff-2014-03,2
8444d5dffffffff-2014-04,13
8444d5dffffffff-2014-05,6
8444d5dffffffff-2014-07,7
8444d5dffffffff-2014-08,3
8444d5dffffffff-2014-09,4
8444d5dffffffff-2014-10,2
8444d5dffffffff-2014-11,3
8444d5dffffffff-2015-01,23
8444d5dffffffff-2015-02,3
8444d5dffffffff-2015-03,5
8444d5dffffffff-2015-04,7
8444d5dffffffff-2015-05,4
8444d5dffffffff-2015-07,7
8444d5dffffffff-2015-08,1
8444d5dffffffff-2015-09,3
8444d5dffffffff-2015-10,6
8444d5dffffffff-2015-11,2
8444d5dffffffff-2015-12,2
8444d5dffffffff-2016-01,16
8444d5dffffffff-2016-02,11
8444d5dffffffff-2016-03,3
8444d5dffffffff-2016-04,4
8444d5dffffffff-2016-05,6
8444d5dffffffff-2016-09,3
8444d5dffffffff-2016-11,3
8444d5dffffffff-2016-12,1
8444d5dffffffff-2017-01,31
8444d5dffffffff-2017-02,4
8444d5dffffffff-2017-03,7
8444d5dffffffff-2017-04,3
8444d5dffffffff-2017-05,2
8444d5dffffffff-2017-06,1
8444d5dffffffff-2017-07,7
8444d5dffffffff-2017-08,5
8444d5dffffffff-2017-09,5
8444d5dffffffff-2017-10,2
8444d5dffffffff-2017-11,1
8444d5dffffffff-2017-12,23
8444d5dffffffff-2018-01,1
8444d5dffffffff-2018-02,18
8444d5dffffffff-2018-03,12
8444d5dffffffff-2018-04,5
8444d5dffffffff-2018-05,28
8444d5dffffffff-2018-06,4
8444d5dffffffff-2018-07,15
8444d5dffffffff-2018-08,21
8444d5dffffffff-2018-09,13
8444d5dffffffff-2018-10,12
8444d5dffffffff-2018-12,6
8444d5dffffffff-2019-01,26
8444d5dffffffff-2019-02,4
8444d5dffffffff-2019-03,9
8444d5dffffffff-2019-04,5
8444d5dffffffff-2019-05,4
8444d5dffffffff-2019-07,1
8444d5dffffffff-2019-08,12
8444d5dffffffff-2019-09,25
8444d5dffffffff-2019-11,15
8444d5dffffffff-2019-12,6
8444d5dffffffff-2020-01,31
8444d5dffffffff-2020-02,1
8444d5dffffffff-2020-03,14
8444d5dffffffff-2020-04,84
8444d5dffffffff-2020-05,3
8444d5dffffffff-2020-06,24
8444d5dffffffff-2020-07,104
8444d5dffffffff-2020-08,231
8444d5dffffffff-2020-09,259
8444d5dffffffff-2020-10,221
8444d5dffffffff-2020-11,181
8444d5dffffffff-2020-12,192
8444d5dffffffff-2021-01,87
8444d5dffffffff-2021-02,106
8444d5dffffffff-2021-03,257
8444d5dffffffff-2021-04,328
8444d5dffffffff-2021-05,107
8444d5dffffffff-2021-06,5
8444d5dffffffff-2021-07,41
8444d5dffffffff-2021-08,161
8444d5dffffffff-2021-09,295
8444d5dffffffff-2021-10,323
8444d5dffffffff-2021-11,238
8444d5dffffffff-2021-12,181
8444d5dffffffff-2022-01,101
8444d5dffffffff-2022-02,2
8444d5dffffffff-2022-04,10
8444d5dffffffff-2022-05,1
8444d5dffffffff-2022-07,3
8444d5dffffffff-2022-08,2
8444d5dffffffff-2022-09,10
8444d5dffffffff-2022-10,11
8444d5dffffffff-2022-11,12
8444d5dffffffff-2022-12,5
8444d5dffffffff-2023-01,17
8444d5dffffffff-2023-02,2
8444d5dffffffff-2023-03,2
8444d5dffffffff-2023-04,4
8444d5dffffffff-2023-05,12
8444d5dffffffff-2023-06,2
8444d5dffffffff-2023-07,5
8444d5dffffffff-2023-08,9
8444d5dffffffff-2023-09,8
8444d5dffffffff-2023-10,1
8444d5dffffffff-2023-11,1
8444d81ffffffff-2018-04,1
8444d81ffffffff-2020-07,1
8444d81ffffffff-2021-04,9
8444d81ffffffff-2021-05,1
8444d81ffffffff-2022-04,2
8444d81ffffffff-2022-05,1
8444d81ffffffff-2022-08,2
8444d81ffffffff-2023-04,5
8444d83ffffffff-2019-03,4
8444d83ffffffff-2023-04,2
8444d85ffffffff-2012-04,13
8444d85ffffffff-2013-03,1
8444d85ffffffff-2013-05,4
8444d85ffffffff-2014-04,5
8444d85ffffffff-2014-05,1
8444d85ffffffff-2014-09,3
8444d85ffffffff-2015-04,2
8444d85ffffffff-2015-05,20
8444d85ffffffff-2015-09,2
8444d85ffffffff-2016-04,3
8444d85ffffffff-2016-05,3
8444d85ffffffff-2016-09,1
8444d85ffffffff-2017-04,10
8444d85ffffffff-2017-09,18
8444d85ffffffff-2018-04,1
8444d85ffffffff-2018-05,14
8444d85ffffffff-2018-07,3
8444d85ffffffff-2019-03,2
8444d85ffffffff-2019-04,3
8444d85ffffffff-2019-05,1
8444d85ffffffff-2019-08,3
8444d85ffffffff-2019-09,4
8444d85ffffffff-2020-04,27
8444d85ffffffff-2020-05,3
8444d85ffffffff-2020-09,4
8444d85ffffffff-2021-04,7
8444d85ffffffff-2021-05,2
8444d85ffffffff-2021-08,2
8444d85ffffffff-2021-09,3
8444d85ffffffff-2022-04,8
8444d85ffffffff-2022-05,55
8444d85ffffffff-2022-08,7
8444d85ffffffff-2022-09,3
8444d85ffffffff-2023-03,3
8444d85ffffffff-2023-04,42
8444d85ffffffff-2023-05,14
8444d85ffffffff-2023-07,2
8444d85ffffffff-2023-08,1
8444d87ffffffff-2012-04,1
8444d87ffffffff-2013-03,1
8444d87ffffffff-2014-05,2
8444d87ffffffff-2014-11,1
8444d87ffffffff-2015-04,2
8444d87ffffffff-2015-05,1
8444d87ffffffff-2015-08,6
8444d87ffffffff-2015-10,1
8444d87ffffffff-2017-09,1
8444d87ffffffff-2020-03,1
8444d87ffffffff-2021-04,1
8444d87ffffffff-2021-09,1
8444d87ffffffff-2021-11,1
8444d87ffffffff-2022-10,1
8444d89ffffffff-2021-05,3
8444d89ffffffff-2022-04,1
8444d89ffffffff-2022-08,1
8444d89ffffffff-2023-07,1
8444d8bffffffff-2019-05,1
8444d8bffffffff-2020-05,2
8444d8bffffffff-2022-08,10
8444d8bffffffff-2023-08,10
8444d8bffffffff-2023-09,1
8444d91ffffffff-2020-04,1
8444d93ffffffff-2012-04,1
8444d93ffffffff-2012-05,7
8444d93ffffffff-2012-07,2
8444d93ffffffff-2012-10,2
8444d93ffffffff-2013-03,3
8444d93ffffffff-2013-04,8
8444d93ffffffff-2013-05,8
8444d93ffffffff-2013-10,1
8444d93ffffffff-2014-04,2
8444d93ffffffff-2014-05,2
8444d93ffffffff-2016-03,1
8444d93ffffffff-2016-05,3
8444d93ffffffff-2017-04,3
8444d93ffffffff-2017-05,2
8444d93ffffffff-2019-04,2
8444d93ffffffff-2019-05,1
8444d93ffffffff-2020-04,13
8444d93ffffffff-2020-05,15
8444d93ffffffff-2021-03,19
8444d93ffffffff-2021-04,3
8444d93ffffffff-2021-08,1
8444d93ffffffff-2021-10,4
8444d93ffffffff-2022-04,1
8444d93ffffffff-2022-05,3
8444d93ffffffff-2023-03,1
8444d93ffffffff-2023-04,1
8444d93ffffffff-2023-05,3
8444d95ffffffff-2012-05,1
8444d95ffffffff-2015-05,2
8444d95ffffffff-2017-04,1
8444d95ffffffff-2020-04,1
8444d95ffffffff-2020-05,1
8444d95ffffffff-2022-05,1
8444d95ffffffff-2023-05,1
8444d97ffffffff-2012-04,1
8444d97ffffffff-2018-04,1
8444d97ffffffff-2018-07,1
8444d97ffffffff-2019-10,2
8444d97ffffffff-2021-08,9
8444d97ffffffff-2021-09,3
8444d97ffffffff-2022-04,1
8444d97ffffffff-2022-05,1
8444d97ffffffff-2023-04,1
8444d99ffffffff-2012-04,3
8444d99ffffffff-2012-05,3
8444d99ffffffff-2014-04,3
8444d99ffffffff-2014-05,1
8444d99ffffffff-2015-10,1
8444d99ffffffff-2017-09,5
8444d99ffffffff-2018-04,3
8444d99ffffffff-2019-03,5
8444d99ffffffff-2019-04,15
8444d99ffffffff-2020-04,25
8444d99ffffffff-2020-05,1
8444d99ffffffff-2020-09,3
8444d99ffffffff-2020-11,1
8444d99ffffffff-2021-03,1
8444d99ffffffff-2021-05,2
8444d99ffffffff-2021-08,2
8444d99ffffffff-2021-09,1
8444d99ffffffff-2022-03,5
8444d99ffffffff-2022-04,7
8444d99ffffffff-2022-05,10
8444d99ffffffff-2023-04,7
8444d99ffffffff-2023-08,4
8444d9dffffffff-2013-04,2
8444da1ffffffff-2018-10,1
8444da1ffffffff-2020-03,2
8444da1ffffffff-2023-05,2
8444da3ffffffff-2018-09,2
8444da5ffffffff-2017-10,1
8444da5ffffffff-2023-05,1
8444da5ffffffff-2023-08,1
8444da5ffffffff-2023-09,3
8444da9ffffffff-2019-09,4
8444da9ffffffff-2020-04,1
8444da9ffffffff-2020-05,2
8444da9ffffffff-2021-05,5
8444da9ffffffff-2021-08,9
8444da9ffffffff-2021-11,2
8444da9ffffffff-2022-05,1
8444da9ffffffff-2022-07,1
8444da9ffffffff-2022-08,1
8444da9ffffffff-2022-09,3
8444da9ffffffff-2023-05,3
8444dabffffffff-2012-04,3
8444dabffffffff-2013-03,1
8444dabffffffff-2015-04,5
8444dabffffffff-2015-08,2
8444dabffffffff-2016-08,3
8444dabffffffff-2016-09,2
8444dabffffffff-2017-02,2
8444dabffffffff-2017-08,1
8444dabffffffff-2019-04,5
8444dabffffffff-2020-05,3
8444dabffffffff-2021-04,2
8444dabffffffff-2021-09,9
8444dabffffffff-2021-10,1
8444dabffffffff-2022-04,2
8444dabffffffff-2022-05,6
8444dabffffffff-2023-05,10
8444dadffffffff-2013-03,2
8444dadffffffff-2013-09,1
8444dadffffffff-2015-08,2
8444dadffffffff-2017-08,2
8444dadffffffff-2018-10,2
8444dadffffffff-2021-08,1
8444dadffffffff-2022-07,1
8444dadffffffff-2023-04,3
8444dadffffffff-2023-05,9
8444db1ffffffff-2017-03,1
8444db1ffffffff-2017-04,4
8444db1ffffffff-2017-10,2
8444db1ffffffff-2018-04,2
8444db1ffffffff-2020-03,1
8444db1ffffffff-2021-04,1
8444db1ffffffff-2021-05,1
8444db1ffffffff-2021-08,1
8444db1ffffffff-2023-03,2
8444db1ffffffff-2023-04,5
8444db1ffffffff-2023-05,6
8444db1ffffffff-2023-08,13
8444db1ffffffff-2023-09,3
8444db5ffffffff-2012-05,4
8444db5ffffffff-2012-08,5
8444db5ffffffff-2012-09,1
8444db5ffffffff-2012-11,4
8444db5ffffffff-2013-04,1
8444db5ffffffff-2013-05,9
8444db5ffffffff-2014-05,10
8444db5ffffffff-2014-08,9
8444db5ffffffff-2014-09,1
8444db5ffffffff-2014-10,1
8444db5ffffffff-2015-04,15
8444db5ffffffff-2015-05,21
8444db5ffffffff-2015-09,2
8444db5ffffffff-2015-10,11
8444db5ffffffff-2016-03,8
8444db5ffffffff-2016-04,24
8444db5ffffffff-2016-05,20
8444db5ffffffff-2016-07,5
8444db5ffffffff-2016-08,2
8444db5ffffffff-2016-09,37
8444db5ffffffff-2017-03,1
8444db5ffffffff-2017-04,6
8444db5ffffffff-2017-05,10
8444db5ffffffff-2017-08,22
8444db5ffffffff-2017-09,56
8444db5ffffffff-2017-10,1
8444db5ffffffff-2018-04,16
8444db5ffffffff-2018-05,5
8444db5ffffffff-2019-02,1
8444db5ffffffff-2019-03,9
8444db5ffffffff-2019-04,26
8444db5ffffffff-2019-05,7
8444db5ffffffff-2020-04,17
8444db5ffffffff-2020-08,1
8444db5ffffffff-2020-09,3
8444db5ffffffff-2021-04,12
8444db5ffffffff-2021-05,7
8444db5ffffffff-2021-09,15
8444db5ffffffff-2022-03,2
8444db5ffffffff-2022-04,16
8444db5ffffffff-2022-05,5
8444db5ffffffff-2023-03,3
8444db5ffffffff-2023-04,15
8444db5ffffffff-2023-05,24
8444db5ffffffff-2023-08,12
8444db5ffffffff-2023-09,2
8444db7ffffffff-2020-04,1
8444db7ffffffff-2020-05,1
8444db7ffffffff-2022-05,2
8444db7ffffffff-2023-04,1
8444db7ffffffff-2023-05,1
8444db9ffffffff-2015-05,4
8444db9ffffffff-2015-09,2
8444db9ffffffff-2017-04,1
8444db9ffffffff-2017-08,1
8444db9ffffffff-2017-09,2
8444db9ffffffff-2018-04,2
8444db9ffffffff-2018-08,1
8444db9ffffffff-2019-05,1
8444db9ffffffff-2020-04,1
8444db9ffffffff-2021-04,1
8444db9ffffffff-2022-04,1
8444dbbffffffff-2013-05,1
8444dbbffffffff-2015-05,2
8444dbbffffffff-2015-10,2
8444dbbffffffff-2016-04,11
8444dbbffffffff-2016-09,1
8444dbbffffffff-2017-04,2
8444dbbffffffff-2017-05,2
8444dbbffffffff-2020-04,13
8444dbbffffffff-2020-05,10
8444dbbffffffff-2020-09,4
8444dbdffffffff-2015-08,17
8444dbdffffffff-2021-10,1
8444dbdffffffff-2022-08,2
8444dbdffffffff-2022-10,1
8444dbdffffffff-2023-03,2
8444dbdffffffff-2023-09,3
8444dc1ffffffff-2022-04,1
8444dc5ffffffff-2018-04,2
8444dc5ffffffff-2020-08,9
8444dc5ffffffff-2020-09,3
8444dc7ffffffff-2021-04,3
8444dc7ffffffff-2021-08,1
8444dc7ffffffff-2021-09,2
8444dc7ffffffff-2022-03,1
8444dc7ffffffff-2022-04,2
8444dc7ffffffff-2023-08,1
8444dc9ffffffff-2015-01,1
8444dc9ffffffff-2016-08,2
8444dc9ffffffff-2019-04,2
8444dcbffffffff-2022-10,2
8444dcbffffffff-2023-04,1
8444dcdffffffff-2018-08,1
8444dd1ffffffff-2021-05,1
8444dd3ffffffff-2017-03,1
8444dd3ffffffff-2017-05,1
8444dd3ffffffff-2018-03,7
8444dd3ffffffff-2018-04,6
8444dd3ffffffff-2018-05,4
8444dd3ffffffff-2018-08,5
8444dd3ffffffff-2018-09,2
8444dd3ffffffff-2019-02,3
8444dd3ffffffff-2019-04,12
8444dd3ffffffff-2019-05,6
8444dd3ffffffff-2019-08,7
8444dd3ffffffff-2019-10,3
8444dd3ffffffff-2020-04,27
8444dd3ffffffff-2020-05,15
8444dd3ffffffff-2020-09,2
8444dd3ffffffff-2021-04,6
8444dd3ffffffff-2021-05,8
8444dd3ffffffff-2022-04,4
8444dd3ffffffff-2022-08,9
8444dd3ffffffff-2022-09,17
8444dd3ffffffff-2023-04,6
8444dd3ffffffff-2023-05,3
8444dd5ffffffff-2012-02,1
8444dd5ffffffff-2012-03,1
8444dd5ffffffff-2012-04,3
8444dd5ffffffff-2012-08,4
8444dd5ffffffff-2012-09,1
8444dd5ffffffff-2013-03,1
8444dd5ffffffff-2013-05,6
8444dd5ffffffff-2014-03,2
8444dd5ffffffff-2014-04,17
8444dd5ffffffff-2014-05,4
8444dd5ffffffff-2015-03,1
8444dd5ffffffff-2015-05,4
8444dd5ffffffff-2016-03,5
8444dd5ffffffff-2016-04,6
8444dd5ffffffff-2016-05,1
8444dd5ffffffff-2016-09,2
8444dd5ffffffff-2017-03,3
8444dd5ffffffff-2017-05,1
8444dd5ffffffff-2018-03,11
8444dd5ffffffff-2018-04,28
8444dd5ffffffff-2018-05,3
8444dd5ffffffff-2019-04,1
8444dd5ffffffff-2019-05,1
8444dd5ffffffff-2020-04,17
8444dd5ffffffff-2020-05,4
8444dd5ffffffff-2020-09,7
8444dd5ffffffff-2021-02,3
8444dd5ffffffff-2021-04,6
8444dd5ffffffff-2021-05,3
8444dd5ffffffff-2022-03,4
8444dd5ffffffff-2022-04,2
8444dd5ffffffff-2022-05,7
8444dd5ffffffff-2023-03,3
8444dd5ffffffff-2023-04,4
8444dd7ffffffff-2012-04,1
8444dd7ffffffff-2012-07,2
8444dd7ffffffff-2012-08,1
8444dd7ffffffff-2013-04,1
8444dd7ffffffff-2013-05,4
8444dd7ffffffff-2013-07,6
8444dd7ffffffff-2013-08,4
8444dd7ffffffff-2014-04,2
8444dd7ffffffff-2014-05,1
8444dd7ffffffff-2014-07,5
8444dd7ffffffff-2014-09,5
8444dd7ffffffff-2015-04,3
8444dd7ffffffff-2016-08,4
8444dd7ffffffff-2017-04,5
8444dd7ffffffff-2017-05,14
8444dd7ffffffff-2017-08,14
8444dd7ffffffff-2017-09,18
8444dd7ffffffff-2017-10,6
8444dd7ffffffff-2018-03,1
8444dd7ffffffff-2018-04,2
8444dd7ffffffff-2018-05,9
8444dd7ffffffff-2018-07,2
8444dd7ffffffff-2018-08,18
8444dd7ffffffff-2018-09,14
8444dd7ffffffff-2019-04,15
8444dd7ffffffff-2019-05,8
8444dd7ffffffff-2019-07,1
8444dd7ffffffff-2019-10,1
8444dd7ffffffff-2020-03,3
8444dd7ffffffff-2020-04,42
8444dd7ffffffff-2020-05,25
8444dd7ffffffff-2020-08,5
8444dd7ffffffff-2020-09,23
8444dd7ffffffff-2020-10,1
8444dd7ffffffff-2021-03,18
8444dd7ffffffff-2021-04,11
8444dd7ffffffff-2021-05,18
8444dd7ffffffff-2021-07,2
8444dd7ffffffff-2021-08,18
8444dd7ffffffff-2021-09,2
8444dd7ffffffff-2021-10,1
8444dd7ffffffff-2022-03,15
8444dd7ffffffff-2022-04,3
8444dd7ffffffff-2022-05,10
8444dd7ffffffff-2022-07,3
8444dd7ffffffff-2022-08,7
8444dd7ffffffff-2022-09,10
8444dd7ffffffff-2023-03,1
8444dd7ffffffff-2023-04,27
8444dd7ffffffff-2023-05,2
8444dd7ffffffff-2023-08,17
8444dd7ffffffff-2023-09,1
8444dd7ffffffff-2023-11,1
8444dd9ffffffff-2012-03,14
8444dd9ffffffff-2012-04,4
8444dd9ffffffff-2012-05,1
8444dd9ffffffff-2012-09,14
8444dd9ffffffff-2012-10,1
8444dd9ffffffff-2013-02,1
8444dd9ffffffff-2013-03,5
8444dd9ffffffff-2013-04,15
8444dd9ffffffff-2013-05,8
8444dd9ffffffff-2013-08,1
8444dd9ffffffff-2014-02,1
8444dd9ffffffff-2014-03,3
8444dd9ffffffff-2014-04,15
8444dd9ffffffff-2014-05,10
8444dd9ffffffff-2014-07,3
8444dd9ffffffff-2014-08,4
8444dd9ffffffff-2014-09,10
8444dd9ffffffff-2015-04,21
8444dd9ffffffff-2015-05,22
8444dd9ffffffff-2015-08,2
8444dd9ffffffff-2015-10,2
8444dd9ffffffff-2016-03,1
8444dd9ffffffff-2016-04,9
8444dd9ffffffff-2016-05,2
8444dd9ffffffff-2017-03,1
8444dd9ffffffff-2017-04,25
8444dd9ffffffff-2017-05,8
8444dd9ffffffff-2017-08,15
8444dd9ffffffff-2017-09,21
8444dd9ffffffff-2017-10,4
8444dd9ffffffff-2018-03,12
8444dd9ffffffff-2018-04,45
8444dd9ffffffff-2018-05,22
8444dd9ffffffff-2018-07,3
8444dd9ffffffff-2018-08,7
8444dd9ffffffff-2018-09,16
8444dd9ffffffff-2018-10,11
8444dd9ffffffff-2019-03,3
8444dd9ffffffff-2019-04,23
8444dd9ffffffff-2019-05,8
8444dd9ffffffff-2019-08,3
8444dd9ffffffff-2019-09,2
8444dd9ffffffff-2019-10,10
8444dd9ffffffff-2020-03,10
8444dd9ffffffff-2020-04,46
8444dd9ffffffff-2020-05,31
8444dd9ffffffff-2020-07,4
8444dd9ffffffff-2020-08,5
8444dd9ffffffff-2020-09,1
8444dd9ffffffff-2021-03,9
8444dd9ffffffff-2021-04,20
8444dd9ffffffff-2021-05,45
8444dd9ffffffff-2021-07,3
8444dd9ffffffff-2021-08,41
8444dd9ffffffff-2021-09,38
8444dd9ffffffff-2021-10,2
8444dd9ffffffff-2022-03,9
8444dd9ffffffff-2022-04,24
8444dd9ffffffff-2022-05,19
8444dd9ffffffff-2022-08,25
8444dd9ffffffff-2022-09,25
8444dd9ffffffff-2022-10,1
8444dd9ffffffff-2023-02,1
8444dd9ffffffff-2023-03,4
8444dd9ffffffff-2023-04,22
8444dd9ffffffff-2023-05,25
8444dd9ffffffff-2023-08,39
8444dd9ffffffff-2023-09,37
8444dd9ffffffff-2023-10,15
8444dd9ffffffff-2023-11,15
8444dddffffffff-2015-05,5
8444dddffffffff-2021-04,1
8444de1ffffffff-2017-04,1
8444de1ffffffff-2017-08,1
8444de1ffffffff-2017-09,1
8444de1ffffffff-2018-03,2
8444de1ffffffff-2018-04,7
8444de1ffffffff-2018-05,1
8444de1ffffffff-2019-04,1
8444de1ffffffff-2019-05,2
8444de1ffffffff-2019-08,1
8444de1ffffffff-2019-10,1
8444de1ffffffff-2022-05,1
8444de1ffffffff-2022-08,1
8444de1ffffffff-2022-10,1
8444de3ffffffff-2017-04,1
8444de3ffffffff-2019-08,7
8444de3ffffffff-2019-09,1
8444de3ffffffff-2020-09,1
8444de3ffffffff-2021-03,1
8444de3ffffffff-2022-08,1
8444de3ffffffff-2023-04,1
8444de3ffffffff-2023-05,1
8444de3ffffffff-2023-08,1
8444de5ffffffff-2021-09,3
8444de5ffffffff-2022-04,1
8444de5ffffffff-2022-05,1
8444de5ffffffff-2023-04,1
8444de5ffffffff-2023-08,2
8444de9ffffffff-2014-04,1
8444de9ffffffff-2015-10,1
8444de9ffffffff-2016-03,2
8444de9ffffffff-2017-05,1
8444de9ffffffff-2018-04,3
8444de9ffffffff-2019-03,1
8444de9ffffffff-2019-10,1
8444de9ffffffff-2021-04,4
8444de9ffffffff-2021-05,1
8444de9ffffffff-2022-04,1
8444de9ffffffff-2023-04,2
8444de9ffffffff-2023-11,2
8444debffffffff-2012-09,1
8444dedffffffff-2012-08,1
8444dedffffffff-2018-01,1
8444dedffffffff-2020-08,2
8444dedffffffff-2021-08,4
8444dedffffffff-2023-04,3
8444e01ffffffff-2013-02,4
8444e01ffffffff-2016-04,1
8444e03ffffffff-2013-04,1
8444e03ffffffff-2014-03,1
8444e03ffffffff-2016-03,1
8444e03ffffffff-2016-04,4
8444e03ffffffff-2019-05,2
8444e03ffffffff-2020-09,1
8444e03ffffffff-2020-12,3
8444e03ffffffff-2021-01,2
8444e03ffffffff-2022-01,2
8444e03ffffffff-2023-09,1
8444e05ffffffff-2012-07,5
8444e05ffffffff-2012-08,2
8444e05ffffffff-2012-11,5
8444e05ffffffff-2012-12,1
8444e05ffffffff-2013-01,2
8444e05ffffffff-2013-11,1
8444e05ffffffff-2014-04,1
8444e05ffffffff-2015-02,1
8444e05ffffffff-2015-03,3
8444e05ffffffff-2015-05,2
8444e05ffffffff-2016-03,2
8444e05ffffffff-2016-04,3
8444e05ffffffff-2016-05,2
8444e05ffffffff-2016-09,1
8444e05ffffffff-2016-10,1
8444e05ffffffff-2016-11,20
8444e05ffffffff-2016-12,6
8444e05ffffffff-2017-01,10
8444e05ffffffff-2017-02,2
8444e05ffffffff-2017-04,7
8444e05ffffffff-2017-08,1
8444e05ffffffff-2017-10,2
8444e05ffffffff-2017-11,7
8444e05ffffffff-2018-02,2
8444e05ffffffff-2018-03,3
8444e05ffffffff-2018-04,5
8444e05ffffffff-2018-05,6
8444e05ffffffff-2018-06,1
8444e05ffffffff-2018-10,1
8444e05ffffffff-2019-02,1
8444e05ffffffff-2019-04,4
8444e05ffffffff-2019-09,2
8444e05ffffffff-2019-10,1
8444e05ffffffff-2019-11,3
8444e05ffffffff-2020-01,3
8444e05ffffffff-2020-02,3
8444e05ffffffff-2020-03,2
8444e05ffffffff-2020-07,1
8444e05ffffffff-2020-08,2
8444e05ffffffff-2020-11,1
8444e05ffffffff-2020-12,3
8444e05ffffffff-2021-01,3
8444e05ffffffff-2021-03,2
8444e05ffffffff-2021-04,15
8444e05ffffffff-2021-05,24
8444e05ffffffff-2021-06,1
8444e05ffffffff-2021-07,36
8444e05ffffffff-2021-08,35
8444e05ffffffff-2021-10,2
8444e05ffffffff-2021-11,5
8444e05ffffffff-2021-12,6
8444e05ffffffff-2022-01,7
8444e05ffffffff-2022-02,6
8444e05ffffffff-2022-03,53
8444e05ffffffff-2022-04,13
8444e05ffffffff-2022-05,9
8444e05ffffffff-2022-06,12
8444e05ffffffff-2022-07,14
8444e05ffffffff-2022-08,17
8444e05ffffffff-2022-09,11
8444e05ffffffff-2022-10,36
8444e05ffffffff-2022-11,75
8444e05ffffffff-2022-12,35
8444e05ffffffff-2023-01,10
8444e05ffffffff-2023-02,3
8444e05ffffffff-2023-03,12
8444e05ffffffff-2023-04,40
8444e05ffffffff-2023-05,41
8444e05ffffffff-2023-08,32
8444e05ffffffff-2023-09,22
8444e05ffffffff-2023-10,18
8444e05ffffffff-2023-11,10
8444e07ffffffff-2012-09,1
8444e07ffffffff-2013-04,1
8444e07ffffffff-2014-07,1
8444e07ffffffff-2014-08,3
8444e07ffffffff-2014-09,4
8444e07ffffffff-2014-10,2
8444e07ffffffff-2014-11,2
8444e07ffffffff-2015-01,2
8444e07ffffffff-2015-02,2
8444e07ffffffff-2015-03,1
8444e07ffffffff-2015-04,3
8444e07ffffffff-2015-05,3
8444e07ffffffff-2015-09,1
8444e07ffffffff-2015-11,1
8444e07ffffffff-2015-12,8
8444e07ffffffff-2016-02,2
8444e07ffffffff-2016-07,1
8444e07ffffffff-2016-08,6
8444e07ffffffff-2016-09,2
8444e07ffffffff-2016-10,1
8444e07ffffffff-2016-12,1
8444e07ffffffff-2017-01,1
8444e07ffffffff-2017-02,1
8444e07ffffffff-2017-11,1
8444e07ffffffff-2018-04,1
8444e07ffffffff-2018-09,2
8444e07ffffffff-2018-10,1
8444e07ffffffff-2018-11,1
8444e07ffffffff-2019-08,2
8444e07ffffffff-2020-08,2
8444e07ffffffff-2020-10,8
8444e07ffffffff-2020-11,2
8444e07ffffffff-2021-01,1
8444e07ffffffff-2021-09,4
8444e07ffffffff-2021-10,7
8444e07ffffffff-2021-11,2
8444e07ffffffff-2021-12,4
8444e07ffffffff-2022-01,2
8444e07ffffffff-2022-03,1
8444e07ffffffff-2022-04,3
8444e07ffffffff-2022-05,2
8444e07ffffffff-2022-09,4
8444e07ffffffff-2022-10,4
8444e07ffffffff-2022-11,6
8444e07ffffffff-2023-01,3
8444e07ffffffff-2023-03,7
8444e07ffffffff-2023-04,3
8444e07ffffffff-2023-10,2
8444e09ffffffff-2021-07,3
8444e09ffffffff-2022-10,1
8444e0bffffffff-2021-01,1
8444e0dffffffff-2022-11,1
8444e11ffffffff-2013-03,3
8444e11ffffffff-2013-09,1
8444e11ffffffff-2013-10,1
8444e11ffffffff-2013-11,1
8444e11ffffffff-2014-07,1
8444e11ffffffff-2014-09,2
8444e11ffffffff-2015-02,3
8444e11ffffffff-2015-03,1
8444e11ffffffff-2016-03,1
8444e11ffffffff-2016-04,1
8444e11ffffffff-2018-04,3
8444e11ffffffff-2018-10,1
8444e11ffffffff-2020-03,1
8444e11ffffffff-2020-04,1
8444e11ffffffff-2020-08,1
8444e13ffffffff-2017-10,1
8444e13ffffffff-2018-09,1
8444e13ffffffff-2020-01,1
8444e15ffffffff-2018-03,4
8444e15ffffffff-2020-01,2
8444e19ffffffff-2014-03,1
8444e19ffffffff-2015-01,1
8444e19ffffffff-2019-07,1
8444e19ffffffff-2019-10,1
8444e19ffffffff-2020-03,1
8444e19ffffffff-2020-04,2
8444e19ffffffff-2020-08,1
8444e19ffffffff-2020-09,1
8444e19ffffffff-2020-10,3
8444e19ffffffff-2022-03,1
8444e19ffffffff-2022-05,1
8444e19ffffffff-2022-08,2
8444e19ffffffff-2022-10,2
8444e1bffffffff-2019-10,1
8444e1dffffffff-2015-01,1
8444e1dffffffff-2022-09,1
8444e1dffffffff-2023-09,1
8444e21ffffffff-2018-04,1
8444e21ffffffff-2019-04,2
8444e21ffffffff-2021-11,2
8444e23ffffffff-2014-01,2
8444e23ffffffff-2014-12,1
8444e25ffffffff-2012-03,1
8444e25ffffffff-2014-02,1
8444e25ffffffff-2014-12,2
8444e25ffffffff-2015-04,1
8444e25ffffffff-2016-01,1
8444e25ffffffff-2016-03,1
8444e25ffffffff-2017-02,2
8444e25ffffffff-2017-08,1
8444e25ffffffff-2018-02,4
8444e25ffffffff-2018-11,1
8444e25ffffffff-2018-12,1
8444e25ffffffff-2019-01,11
8444e25ffffffff-2019-02,1
8444e25ffffffff-2019-03,7
8444e25ffffffff-2019-11,2
8444e25ffffffff-2019-12,7
8444e25ffffffff-2020-02,1
8444e25ffffffff-2020-03,2
8444e25ffffffff-2020-04,3
8444e25ffffffff-2020-09,1
8444e25ffffffff-2020-10,4
8444e25ffffffff-2020-11,6
8444e25ffffffff-2020-12,13
8444e25ffffffff-2021-01,6
8444e25ffffffff-2021-02,10
8444e25ffffffff-2021-03,7
8444e25ffffffff-2021-04,5
8444e25ffffffff-2021-05,3
8444e25ffffffff-2021-08,5
8444e25ffffffff-2021-09,15
8444e25ffffffff-2021-10,7
8444e25ffffffff-2021-11,16
8444e25ffffffff-2021-12,6
8444e25ffffffff-2022-01,12
8444e25ffffffff-2022-02,10
8444e25ffffffff-2022-03,4
8444e25ffffffff-2022-04,15
8444e25ffffffff-2022-05,1
8444e25ffffffff-2022-10,1
8444e25ffffffff-2022-11,2
8444e25ffffffff-2022-12,2
8444e25ffffffff-2023-01,3
8444e25ffffffff-2023-02,5
8444e25ffffffff-2023-03,3
8444e25ffffffff-2023-04,5
8444e25ffffffff-2023-05,1
8444e25ffffffff-2023-09,1
8444e25ffffffff-2023-10,2
8444e25ffffffff-2023-11,3
8444e27ffffffff-2012-12,2
8444e27ffffffff-2013-01,1
8444e27ffffffff-2017-05,1
8444e27ffffffff-2020-10,1
8444e27ffffffff-2023-02,1
8444e29ffffffff-2012-02,1
8444e29ffffffff-2012-03,2
8444e29ffffffff-2012-04,2
8444e29ffffffff-2012-10,3
8444e29ffffffff-2012-11,3
8444e29ffffffff-2012-12,1
8444e29ffffffff-2013-02,3
8444e29ffffffff-2013-04,15
8444e29ffffffff-2013-05,10
8444e29ffffffff-2013-07,3
8444e29ffffffff-2013-08,12
8444e29ffffffff-2013-09,1
8444e29ffffffff-2013-10,10
8444e29ffffffff-2014-01,1
8444e29ffffffff-2014-03,3
8444e29ffffffff-2014-04,13
8444e29ffffffff-2014-05,2
8444e29ffffffff-2014-08,5
8444e29ffffffff-2014-09,22
8444e29ffffffff-2014-10,10
8444e29ffffffff-2014-11,2
8444e29ffffffff-2015-01,1
8444e29ffffffff-2015-03,1
8444e29ffffffff-2015-05,1
8444e29ffffffff-2015-08,1
8444e29ffffffff-2015-09,19
8444e29ffffffff-2015-10,4
8444e29ffffffff-2015-11,10
8444e29ffffffff-2016-02,10
8444e29ffffffff-2016-04,10
8444e29ffffffff-2016-05,2
8444e29ffffffff-2016-07,9
8444e29ffffffff-2016-08,5
8444e29ffffffff-2016-09,3
8444e29ffffffff-2016-10,5
8444e29ffffffff-2016-11,3
8444e29ffffffff-2017-01,1
8444e29ffffffff-2017-02,1
8444e29ffffffff-2017-04,15
8444e29ffffffff-2017-05,4
8444e29ffffffff-2017-08,2
8444e29ffffffff-2017-11,5
8444e29ffffffff-2017-12,1
8444e29ffffffff-2018-01,2
8444e29ffffffff-2018-03,3
8444e29ffffffff-2018-04,2
8444e29ffffffff-2018-05,3
8444e29ffffffff-2018-11,6
8444e29ffffffff-2019-04,11
8444e29ffffffff-2019-07,4
8444e29ffffffff-2019-09,2
8444e29ffffffff-2019-11,3
8444e29ffffffff-2020-03,6
8444e29ffffffff-2020-04,16
8444e29ffffffff-2020-05,3
8444e29ffffffff-2020-08,1
8444e29ffffffff-2020-11,2
8444e29ffffffff-2021-03,1
8444e29ffffffff-2021-04,2
8444e29ffffffff-2021-10,1
8444e29ffffffff-2021-11,1
8444e29ffffffff-2022-03,7
8444e29ffffffff-2022-04,4
8444e29ffffffff-2022-06,2
8444e29ffffffff-2022-08,17
8444e29ffffffff-2022-09,4
8444e29ffffffff-2022-10,16
8444e29ffffffff-2022-11,7
8444e29ffffffff-2023-03,3
8444e29ffffffff-2023-04,14
8444e29ffffffff-2023-05,9
8444e29ffffffff-2023-06,1
8444e29ffffffff-2023-10,6
8444e29ffffffff-2023-11,3
8444e2bffffffff-2012-02,1
8444e2bffffffff-2019-04,3
8444e2bffffffff-2021-09,1
8444e2bffffffff-2022-04,1
8444e2dffffffff-2013-04,1
8444e2dffffffff-2017-08,2
8444e2dffffffff-2020-03,1
8444e2dffffffff-2020-07,1
8444e2dffffffff-2020-09,1
8444e2dffffffff-2020-10,2
8444e2dffffffff-2020-12,1
8444e2dffffffff-2021-01,1
8444e2dffffffff-2021-02,1
8444e31ffffffff-2013-10,1
8444e31ffffffff-2014-04,1
8444e31ffffffff-2018-04,1
8444e31ffffffff-2020-01,1
8444e31ffffffff-2021-03,1
8444e31ffffffff-2021-10,1
8444e33ffffffff-2012-12,2
8444e33ffffffff-2013-05,1
8444e33ffffffff-2013-11,1
8444e33ffffffff-2014-04,1
8444e33ffffffff-2014-08,1
8444e33ffffffff-2014-12,5
8444e33ffffffff-2015-01,1
8444e33ffffffff-2015-02,2
8444e33ffffffff-2015-03,4
8444e33ffffffff-2015-04,10
8444e33ffffffff-2015-11,4
8444e33ffffffff-2016-03,1
8444e33ffffffff-2016-04,6
8444e33ffffffff-2016-05,1
8444e33ffffffff-2017-01,2
8444e33ffffffff-2017-02,8
8444e33ffffffff-2017-03,7
8444e33ffffffff-2017-04,5
8444e33ffffffff-2017-05,2
8444e33ffffffff-2018-03,2
8444e33ffffffff-2018-04,1
8444e33ffffffff-2019-02,1
8444e33ffffffff-2019-12,2
8444e33ffffffff-2020-03,5
8444e33ffffffff-2020-09,1
8444e33ffffffff-2020-11,1
8444e33ffffffff-2021-05,1
8444e33ffffffff-2021-09,7
8444e33ffffffff-2022-03,8
8444e33ffffffff-2022-04,1
8444e33ffffffff-2022-05,10
8444e33ffffffff-2022-12,3
8444e33ffffffff-2023-02,1
8444e33ffffffff-2023-03,3
8444e33ffffffff-2023-04,3
8444e33ffffffff-2023-05,5
8444e35ffffffff-2012-01,1
8444e35ffffffff-2012-03,6
8444e35ffffffff-2012-04,4
8444e35ffffffff-2012-05,3
8444e35ffffffff-2012-07,27
8444e35ffffffff-2012-08,7
8444e35ffffffff-2012-09,4
8444e35ffffffff-2012-10,15
8444e35ffffffff-2012-11,3
8444e35ffffffff-2012-12,3
8444e35ffffffff-2013-01,5
8444e35ffffffff-2013-02,13
8444e35ffffffff-2013-03,30
8444e35ffffffff-2013-04,7
8444e35ffffffff-2013-05,1
8444e35ffffffff-2013-08,5
8444e35ffffffff-2013-09,13
8444e35ffffffff-2013-10,17
8444e35ffffffff-2013-11,17
8444e35ffffffff-2013-12,7
8444e35ffffffff-2014-01,2
8444e35ffffffff-2014-02,3
8444e35ffffffff-2014-03,7
8444e35ffffffff-2014-04,3
8444e35ffffffff-2014-07,22
8444e35ffffffff-2014-08,1
8444e35ffffffff-2014-10,17
8444e35ffffffff-2014-11,15
8444e35ffffffff-2014-12,1
8444e35ffffffff-2015-01,1
8444e35ffffffff-2015-02,1
8444e35ffffffff-2015-04,1
8444e35ffffffff-2015-07,1
8444e35ffffffff-2015-08,2
8444e35ffffffff-2015-09,1
8444e35ffffffff-2015-10,7
8444e35ffffffff-2015-11,5
8444e35ffffffff-2015-12,2
8444e35ffffffff-2016-08,2
8444e35ffffffff-2016-09,2
8444e35ffffffff-2016-11,1
8444e35ffffffff-2016-12,2
8444e35ffffffff-2017-03,7
8444e35ffffffff-2017-04,7
8444e35ffffffff-2017-09,5
8444e35ffffffff-2017-10,10
8444e35ffffffff-2017-11,4
8444e35ffffffff-2018-01,6
8444e35ffffffff-2018-04,2
8444e35ffffffff-2018-08,1
8444e35ffffffff-2018-09,8
8444e35ffffffff-2018-11,1
8444e35ffffffff-2019-03,3
8444e35ffffffff-2019-04,5
8444e35ffffffff-2019-09,1
8444e35ffffffff-2019-11,4
8444e35ffffffff-2019-12,1
8444e35ffffffff-2020-04,1
8444e35ffffffff-2020-08,9
8444e35ffffffff-2020-09,3
8444e35ffffffff-2020-11,2
8444e35ffffffff-2020-12,2
8444e35ffffffff-2021-09,1
8444e35ffffffff-2021-10,3
8444e35ffffffff-2021-11,3
8444e35ffffffff-2021-12,8
8444e35ffffffff-2022-04,1
8444e35ffffffff-2022-07,1
8444e35ffffffff-2022-08,3
8444e35ffffffff-2022-11,1
8444e35ffffffff-2022-12,2
8444e35ffffffff-2023-01,1
8444e35ffffffff-2023-04,5
8444e35ffffffff-2023-05,4
8444e35ffffffff-2023-08,2
8444e35ffffffff-2023-11,7
8444e37ffffffff-2012-01,2
8444e37ffffffff-2012-02,7
8444e37ffffffff-2012-12,1
8444e37ffffffff-2013-03,1
8444e37ffffffff-2013-04,2
8444e37ffffffff-2014-02,1
8444e37ffffffff-2015-08,1
8444e37ffffffff-2017-09,1
8444e37ffffffff-2021-08,2
8444e37ffffffff-2023-09,1
8444e39ffffffff-2014-03,2
8444e39ffffffff-2014-04,3
8444e39ffffffff-2014-09,1
8444e39ffffffff-2015-01,3
8444e39ffffffff-2015-02,9
8444e39ffffffff-2015-03,9
8444e39ffffffff-2015-04,1
8444e39ffffffff-2015-05,1
8444e39ffffffff-2017-01,1
8444e39ffffffff-2017-02,36
8444e39ffffffff-2017-03,5
8444e39ffffffff-2017-04,3
8444e39ffffffff-2018-01,1
8444e39ffffffff-2018-02,5
8444e39ffffffff-2018-04,2
8444e39ffffffff-2018-09,1
8444e39ffffffff-2018-11,2
8444e39ffffffff-2019-01,12
8444e39ffffffff-2019-02,10
8444e39ffffffff-2019-03,2
8444e39ffffffff-2020-01,2
8444e39ffffffff-2020-02,5
8444e39ffffffff-2020-03,1
8444e39ffffffff-2020-10,2
8444e39ffffffff-2021-01,1
8444e39ffffffff-2021-02,5
8444e39ffffffff-2021-04,1
8444e39ffffffff-2021-10,3
8444e39ffffffff-2021-11,5
8444e39ffffffff-2021-12,3
8444e39ffffffff-2022-01,3
8444e39ffffffff-2022-03,4
8444e39ffffffff-2022-04,2
8444e39ffffffff-2022-05,2
8444e39ffffffff-2022-09,1
8444e39ffffffff-2022-10,1
8444e39ffffffff-2022-11,1
8444e39ffffffff-2023-08,2
8444e3bffffffff-2015-11,1
8444e3bffffffff-2016-03,1
8444e3bffffffff-2017-09,1
8444e3bffffffff-2018-01,1
8444e3bffffffff-2018-02,1
8444e3bffffffff-2020-09,2
8444e3bffffffff-2023-07,1
8444e3dffffffff-2012-05,1
8444e3dffffffff-2012-08,1
8444e3dffffffff-2012-09,1
8444e3dffffffff-2013-04,2
8444e3dffffffff-2013-05,3
8444e3dffffffff-2013-09,5
8444e3dffffffff-2013-10,2
8444e3dffffffff-2013-11,2
8444e3dffffffff-2013-12,2
8444e3dffffffff-2014-01,1
8444e3dffffffff-2014-03,14
8444e3dffffffff-2014-04,16
8444e3dffffffff-2014-05,2
8444e3dffffffff-2014-08,23
8444e3dffffffff-2014-09,16
8444e3dffffffff-2014-10,10
8444e3dffffffff-2014-11,3
8444e3dffffffff-2014-12,5
8444e3dffffffff-2015-01,2
8444e3dffffffff-2015-02,5
8444e3dffffffff-2015-03,8
8444e3dffffffff-2015-04,7
8444e3dffffffff-2015-05,4
8444e3dffffffff-2015-08,1
8444e3dffffffff-2015-10,1
8444e3dffffffff-2015-11,1
8444e3dffffffff-2016-01,1
8444e3dffffffff-2016-02,1
8444e3dffffffff-2016-03,3
8444e3dffffffff-2016-07,10
8444e3dffffffff-2016-08,18
8444e3dffffffff-2016-09,3
8444e3dffffffff-2016-10,2
8444e3dffffffff-2017-01,2
8444e3dffffffff-2017-02,13
8444e3dffffffff-2017-03,2
8444e3dffffffff-2017-07,2
8444e3dffffffff-2017-08,19
8444e3dffffffff-2017-10,1
8444e3dffffffff-2018-01,1
8444e3dffffffff-2018-03,2
8444e3dffffffff-2018-04,2
8444e3dffffffff-2018-09,1
8444e3dffffffff-2019-01,1
8444e3dffffffff-2019-02,3
8444e3dffffffff-2019-03,2
8444e3dffffffff-2019-08,2
8444e3dffffffff-2019-09,4
8444e3dffffffff-2019-10,1
8444e3dffffffff-2019-11,3
8444e3dffffffff-2020-02,6
8444e3dffffffff-2020-08,2
8444e3dffffffff-2020-09,1
8444e3dffffffff-2021-01,4
8444e3dffffffff-2021-02,5
8444e3dffffffff-2021-04,2
8444e3dffffffff-2021-10,1
8444e3dffffffff-2021-11,1
8444e3dffffffff-2021-12,1
8444e3dffffffff-2022-01,2
8444e3dffffffff-2022-02,1
8444e3dffffffff-2022-04,1
8444e3dffffffff-2022-12,1
8444e3dffffffff-2023-03,1
8444e43ffffffff-2013-01,1
8444e43ffffffff-2013-09,1
8444e43ffffffff-2013-10,5
8444e43ffffffff-2013-11,1
8444e43ffffffff-2014-01,1
8444e43ffffffff-2014-02,1
8444e43ffffffff-2015-03,3
8444e43ffffffff-2016-04,1
8444e43ffffffff-2016-07,2
8444e43ffffffff-2016-11,2
8444e43ffffffff-2017-02,8
8444e43ffffffff-2017-04,3
8444e43ffffffff-2017-07,2
8444e43ffffffff-2017-08,1
8444e43ffffffff-2018-02,1
8444e43ffffffff-2018-03,2
8444e43ffffffff-2018-04,2
8444e43ffffffff-2018-09,2
8444e43ffffffff-2020-01,1
8444e43ffffffff-2020-04,1
8444e43ffffffff-2020-08,2
8444e43ffffffff-2021-02,3
8444e43ffffffff-2021-04,1
8444e43ffffffff-2022-10,1
8444e43ffffffff-2022-11,1
8444e43ffffffff-2022-12,1
8444e43ffffffff-2023-02,2
8444e43ffffffff-2023-08,1
8444e43ffffffff-2023-10,1
8444e47ffffffff-2012-10,1
8444e47ffffffff-2012-11,1
8444e47ffffffff-2013-01,1
8444e47ffffffff-2013-02,1
8444e47ffffffff-2014-01,1
8444e47ffffffff-2014-02,1
8444e47ffffffff-2014-03,2
8444e47ffffffff-2014-04,5
8444e47ffffffff-2014-05,1
8444e47ffffffff-2014-08,1
8444e47ffffffff-2014-09,1
8444e47ffffffff-2014-12,2
8444e47ffffffff-2015-02,1
8444e47ffffffff-2015-03,9
8444e47ffffffff-2015-04,2
8444e47ffffffff-2016-01,1
8444e47ffffffff-2016-04,6
8444e47ffffffff-2017-03,1
8444e47ffffffff-2017-04,4
8444e47ffffffff-2017-05,1
8444e47ffffffff-2017-12,1
8444e47ffffffff-2018-03,3
8444e47ffffffff-2018-04,1
8444e47ffffffff-2019-05,2
8444e47ffffffff-2019-11,1
8444e47ffffffff-2019-12,4
8444e47ffffffff-2020-02,1
8444e47ffffffff-2020-04,3
8444e47ffffffff-2020-05,1
8444e47ffffffff-2020-10,1
8444e47ffffffff-2021-04,3
8444e47ffffffff-2021-09,1
8444e47ffffffff-2022-01,1
8444e47ffffffff-2022-02,2
8444e47ffffffff-2022-03,2
8444e47ffffffff-2022-04,2
8444e47ffffffff-2022-07,2
8444e47ffffffff-2022-11,1
8444e47ffffffff-2023-03,1
8444e47ffffffff-2023-04,1
8444e47ffffffff-2023-06,1
8444e47ffffffff-2023-08,1
8444e47ffffffff-2023-11,1
8444e51ffffffff-2012-04,1
8444e51ffffffff-2012-07,2
8444e51ffffffff-2012-09,2
8444e51ffffffff-2013-02,1
8444e51ffffffff-2015-10,1
8444e51ffffffff-2016-03,1
8444e51ffffffff-2020-09,5
8444e51ffffffff-2021-02,1
8444e51ffffffff-2021-03,2
8444e51ffffffff-2021-10,1
8444e51ffffffff-2022-02,1
8444e51ffffffff-2022-03,3
8444e51ffffffff-2022-08,3
8444e51ffffffff-2022-09,2
8444e51ffffffff-2023-05,1
8444e53ffffffff-2013-10,1
8444e53ffffffff-2013-11,1
8444e53ffffffff-2016-03,2
8444e53ffffffff-2016-04,1
8444e53ffffffff-2018-01,1
8444e53ffffffff-2019-01,1
8444e53ffffffff-2019-03,1
8444e53ffffffff-2019-11,2
8444e53ffffffff-2020-04,1
8444e53ffffffff-2021-02,5
8444e53ffffffff-2021-03,4
8444e53ffffffff-2022-12,1
8444e55ffffffff-2014-02,1
8444e55ffffffff-2014-09,1
8444e55ffffffff-2016-03,1
8444e55ffffffff-2016-08,2
8444e55ffffffff-2016-10,1
8444e55ffffffff-2016-11,1
8444e55ffffffff-2017-07,1
8444e55ffffffff-2017-09,1
8444e55ffffffff-2017-11,1
8444e55ffffffff-2018-03,1
8444e55ffffffff-2018-04,16
8444e55ffffffff-2018-12,2
8444e55ffffffff-2020-03,1
8444e55ffffffff-2020-04,2
8444e55ffffffff-2020-08,2
8444e55ffffffff-2020-11,1
8444e55ffffffff-2021-05,1
8444e55ffffffff-2021-08,1
8444e55ffffffff-2022-08,2
8444e55ffffffff-2022-09,1
8444e55ffffffff-2022-10,2
8444e55ffffffff-2023-03,3
8444e55ffffffff-2023-04,1
8444e55ffffffff-2023-05,1
8444e55ffffffff-2023-10,2
8444e57ffffffff-2013-02,1
8444e57ffffffff-2016-04,1
8444e57ffffffff-2019-03,2
8444e5bffffffff-2012-08,1
8444e5bffffffff-2014-09,1
8444e5bffffffff-2015-10,1
8444e5bffffffff-2016-04,1
8444e5bffffffff-2023-02,1
8444e5bffffffff-2023-08,1
8444e63ffffffff-2012-01,10
8444e63ffffffff-2012-02,13
8444e63ffffffff-2012-03,15
8444e63ffffffff-2012-04,12
8444e63ffffffff-2012-05,12
8444e63ffffffff-2012-06,9
8444e63ffffffff-2012-07,2
8444e63ffffffff-2012-08,3
8444e63ffffffff-2012-09,4
8444e63ffffffff-2012-10,6
8444e63ffffffff-2012-11,23
8444e63ffffffff-2012-12,23
8444e63ffffffff-2013-01,27
8444e63ffffffff-2013-02,13
8444e63ffffffff-2013-03,8
8444e63ffffffff-2013-04,20
8444e63ffffffff-2013-05,5
8444e63ffffffff-2013-07,3
8444e63ffffffff-2013-08,2
8444e63ffffffff-2013-09,2
8444e63ffffffff-2013-10,12
8444e63ffffffff-2013-11,13
8444e63ffffffff-2013-12,15
8444e63ffffffff-2014-01,36
8444e63ffffffff-2014-02,17
8444e63ffffffff-2014-03,25
8444e63ffffffff-2014-04,36
8444e63ffffffff-2014-05,3
8444e63ffffffff-2014-09,8
8444e63ffffffff-2014-10,19
8444e63ffffffff-2014-11,8
8444e63ffffffff-2014-12,12
8444e63ffffffff-2015-01,22
8444e63ffffffff-2015-02,18
8444e63ffffffff-2015-03,27
8444e63ffffffff-2015-04,32
8444e63ffffffff-2015-05,12
8444e63ffffffff-2015-06,1
8444e63ffffffff-2015-07,3
8444e63ffffffff-2015-08,2
8444e63ffffffff-2015-09,34
8444e63ffffffff-2015-10,18
8444e63ffffffff-2015-11,8
8444e63ffffffff-2015-12,15
8444e63ffffffff-2016-01,21
8444e63ffffffff-2016-02,27
8444e63ffffffff-2016-03,33
8444e63ffffffff-2016-04,23
8444e63ffffffff-2016-05,1
8444e63ffffffff-2016-06,3
8444e63ffffffff-2016-07,8
8444e63ffffffff-2016-08,3
8444e63ffffffff-2016-09,7
8444e63ffffffff-2016-10,7
8444e63ffffffff-2016-11,20
8444e63ffffffff-2016-12,24
8444e63ffffffff-2017-01,25
8444e63ffffffff-2017-02,10
8444e63ffffffff-2017-03,23
8444e63ffffffff-2017-04,30
8444e63ffffffff-2017-05,5
8444e63ffffffff-2017-06,1
8444e63ffffffff-2017-07,15
8444e63ffffffff-2017-08,4
8444e63ffffffff-2017-09,9
8444e63ffffffff-2017-10,20
8444e63ffffffff-2017-11,29
8444e63ffffffff-2017-12,35
8444e63ffffffff-2018-01,37
8444e63ffffffff-2018-02,22
8444e63ffffffff-2018-03,30
8444e63ffffffff-2018-04,60
8444e63ffffffff-2018-05,11
8444e63ffffffff-2018-06,8
8444e63ffffffff-2018-07,8
8444e63ffffffff-2018-08,5
8444e63ffffffff-2018-09,4
8444e63ffffffff-2018-10,10
8444e63ffffffff-2018-11,25
8444e63ffffffff-2018-12,7
8444e63ffffffff-2019-01,42
8444e63ffffffff-2019-02,43
8444e63ffffffff-2019-03,41
8444e63ffffffff-2019-04,47
8444e63ffffffff-2019-05,17
8444e63ffffffff-2019-06,5
8444e63ffffffff-2019-07,15
8444e63ffffffff-2019-08,18
8444e63ffffffff-2019-09,14
8444e63ffffffff-2019-10,22
8444e63ffffffff-2019-11,42
8444e63ffffffff-2019-12,61
8444e63ffffffff-2020-01,97
8444e63ffffffff-2020-02,54
8444e63ffffffff-2020-03,63
8444e63ffffffff-2020-04,73
8444e63ffffffff-2020-05,36
8444e63ffffffff-2020-06,19
8444e63ffffffff-2020-07,13
8444e63ffffffff-2020-08,12
8444e63ffffffff-2020-09,29
8444e63ffffffff-2020-10,85
8444e63ffffffff-2020-11,54
8444e63ffffffff-2020-12,67
8444e63ffffffff-2021-01,54
8444e63ffffffff-2021-02,72
8444e63ffffffff-2021-03,52
8444e63ffffffff-2021-04,64
8444e63ffffffff-2021-05,23
8444e63ffffffff-2021-06,17
8444e63ffffffff-2021-07,21
8444e63ffffffff-2021-08,10
8444e63ffffffff-2021-09,13
8444e63ffffffff-2021-10,24
8444e63ffffffff-2021-11,18
8444e63ffffffff-2021-12,78
8444e63ffffffff-2022-01,108
8444e63ffffffff-2022-02,62
8444e63ffffffff-2022-03,28
8444e63ffffffff-2022-04,86
8444e63ffffffff-2022-05,23
8444e63ffffffff-2022-06,4
8444e63ffffffff-2022-07,30
8444e63ffffffff-2022-08,14
8444e63ffffffff-2022-09,26
8444e63ffffffff-2022-10,43
8444e63ffffffff-2022-11,47
8444e63ffffffff-2022-12,88
8444e63ffffffff-2023-01,179
8444e63ffffffff-2023-02,41
8444e63ffffffff-2023-03,54
8444e63ffffffff-2023-04,226
8444e63ffffffff-2023-05,50
8444e63ffffffff-2023-06,21
8444e63ffffffff-2023-07,27
8444e63ffffffff-2023-08,12
8444e63ffffffff-2023-09,69
8444e63ffffffff-2023-10,29
8444e63ffffffff-2023-11,15
8444e65ffffffff-2013-01,3
8444e65ffffffff-2013-04,2
8444e65ffffffff-2020-02,1
8444e65ffffffff-2020-07,2
8444e65ffffffff-2020-10,1
8444e65ffffffff-2020-12,2
8444e65ffffffff-2021-06,3
8444e65ffffffff-2021-10,6
8444e65ffffffff-2021-11,1
8444e65ffffffff-2022-10,5
8444e65ffffffff-2022-11,1
8444e65ffffffff-2022-12,3
8444e65ffffffff-2023-01,3
8444e65ffffffff-2023-02,2
8444e65ffffffff-2023-03,2
8444e65ffffffff-2023-04,3
8444e65ffffffff-2023-05,2
8444e65ffffffff-2023-07,3
8444e65ffffffff-2023-08,20
8444e65ffffffff-2023-09,1
8444e67ffffffff-2012-02,1
8444e67ffffffff-2012-03,1
8444e67ffffffff-2012-06,1
8444e67ffffffff-2012-10,2
8444e67ffffffff-2012-11,1
8444e67ffffffff-2013-02,2
8444e67ffffffff-2013-03,1
8444e67ffffffff-2013-04,3
8444e67ffffffff-2013-05,1
8444e67ffffffff-2013-10,1
8444e67ffffffff-2013-11,4
8444e67ffffffff-2014-01,2
8444e67ffffffff-2014-02,1
8444e67ffffffff-2014-03,1
8444e67ffffffff-2014-04,1
8444e67ffffffff-2014-05,1
8444e67ffffffff-2014-09,1
8444e67ffffffff-2014-11,1
8444e67ffffffff-2015-01,1
8444e67ffffffff-2015-02,1
8444e67ffffffff-2015-04,3
8444e67ffffffff-2015-09,1
8444e67ffffffff-2015-12,1
8444e67ffffffff-2016-02,1
8444e67ffffffff-2016-04,1
8444e67ffffffff-2016-05,1
8444e67ffffffff-2017-04,1
8444e67ffffffff-2019-09,3
8444e67ffffffff-2019-12,4
8444e67ffffffff-2020-01,1
8444e67ffffffff-2020-04,3
8444e67ffffffff-2020-11,1
8444e67ffffffff-2020-12,2
8444e67ffffffff-2021-01,1
8444e67ffffffff-2021-02,4
8444e67ffffffff-2021-03,4
8444e67ffffffff-2021-04,3
8444e67ffffffff-2021-05,1
8444e67ffffffff-2021-09,2
8444e67ffffffff-2021-10,1
8444e67ffffffff-2022-02,2
8444e67ffffffff-2022-03,5
8444e67ffffffff-2022-04,1
8444e67ffffffff-2022-05,1
8444e67ffffffff-2023-01,6
8444e67ffffffff-2023-02,3
8444e67ffffffff-2023-04,10
8444e67ffffffff-2023-05,3
8444e67ffffffff-2023-11,2
8444e6bffffffff-2012-10,1
8444e6bffffffff-2013-01,1
8444e6bffffffff-2013-02,1
8444e6bffffffff-2013-03,1
8444e6bffffffff-2013-07,1
8444e6bffffffff-2014-01,1
8444e6bffffffff-2014-02,4
8444e6bffffffff-2014-03,1
8444e6bffffffff-2014-04,1
8444e6bffffffff-2014-05,1
8444e6bffffffff-2015-02,2
8444e6bffffffff-2015-03,2
8444e6bffffffff-2015-04,3
8444e6bffffffff-2016-02,1
8444e6bffffffff-2016-03,1
8444e6bffffffff-2016-04,1
8444e6bffffffff-2017-02,1
8444e6bffffffff-2017-03,1
8444e6bffffffff-2017-04,3
8444e6bffffffff-2018-03,2
8444e6bffffffff-2018-04,3
8444e6bffffffff-2019-01,2
8444e6bffffffff-2019-02,1
8444e6bffffffff-2019-03,1
8444e6bffffffff-2019-04,5
8444e6bffffffff-2019-07,1
8444e6bffffffff-2019-08,1
8444e6bffffffff-2020-03,1
8444e6bffffffff-2020-04,1
8444e6bffffffff-2020-08,1
8444e6bffffffff-2020-09,4
8444e6bffffffff-2020-10,6
8444e6bffffffff-2020-11,3
8444e6bffffffff-2020-12,3
8444e6bffffffff-2021-01,3
8444e6bffffffff-2021-02,2
8444e6bffffffff-2021-03,1
8444e6bffffffff-2021-04,1
8444e6bffffffff-2021-08,1
8444e6bffffffff-2021-10,2
8444e6bffffffff-2021-11,5
8444e6bffffffff-2021-12,1
8444e6bffffffff-2022-01,1
8444e6bffffffff-2022-02,2
8444e6bffffffff-2022-03,1
8444e6bffffffff-2022-05,1
8444e6bffffffff-2022-07,1
8444e6bffffffff-2022-09,1
8444e6bffffffff-2022-11,1
8444e6bffffffff-2023-01,2
8444e6bffffffff-2023-03,1
8444e6bffffffff-2023-04,2
8444e6bffffffff-2023-05,1
8444e6bffffffff-2023-08,1
8444e6bffffffff-2023-10,1
8444e81ffffffff-2013-05,1
8444e81ffffffff-2014-03,1
8444e81ffffffff-2017-04,2
8444e81ffffffff-2018-03,1
8444e81ffffffff-2019-04,1
8444e81ffffffff-2020-04,2
8444e83ffffffff-2014-04,1
8444e83ffffffff-2016-07,3
8444e83ffffffff-2016-08,2
8444e83ffffffff-2018-10,3
8444e83ffffffff-2018-11,1
8444e83ffffffff-2019-10,1
8444e83ffffffff-2021-03,1
8444e83ffffffff-2022-11,5
8444e85ffffffff-2023-04,1
8444e87ffffffff-2020-10,1
8444e87ffffffff-2021-02,1
8444e87ffffffff-2021-05,1
8444e87ffffffff-2021-11,1
8444e87ffffffff-2022-03,1
8444e87ffffffff-2022-04,1
8444e87ffffffff-2022-08,1
8444e87ffffffff-2023-09,3
8444e89ffffffff-2021-03,1
8444e89ffffffff-2021-09,1
8444e89ffffffff-2022-10,1
8444e89ffffffff-2022-11,1
8444e89ffffffff-2023-02,1
8444e89ffffffff-2023-03,4
8444e89ffffffff-2023-04,3
8444e89ffffffff-2023-05,8
8444e89ffffffff-2023-07,3
8444e89ffffffff-2023-08,10
8444e89ffffffff-2023-09,17
8444e89ffffffff-2023-10,8
8444e8bffffffff-2012-03,1
8444e8bffffffff-2013-04,2
8444e8bffffffff-2013-11,1
8444e8bffffffff-2014-04,3
8444e8bffffffff-2014-05,7
8444e8bffffffff-2015-03,1
8444e8bffffffff-2015-04,12
8444e8bffffffff-2015-05,5
8444e8bffffffff-2015-09,1
8444e8bffffffff-2015-10,1
8444e8bffffffff-2016-03,1
8444e8bffffffff-2016-04,4
8444e8bffffffff-2016-05,1
8444e8bffffffff-2016-07,2
8444e8bffffffff-2017-03,6
8444e8bffffffff-2017-04,17
8444e8bffffffff-2017-05,3
8444e8bffffffff-2017-12,1
8444e8bffffffff-2018-04,6
8444e8bffffffff-2019-03,1
8444e8bffffffff-2019-04,14
8444e8bffffffff-2019-08,1
8444e8bffffffff-2019-09,1
8444e8bffffffff-2020-03,1
8444e8bffffffff-2020-04,4
8444e8bffffffff-2020-05,1
8444e8bffffffff-2020-09,5
8444e8bffffffff-2021-04,16
8444e8bffffffff-2021-10,1
8444e8bffffffff-2022-05,1
8444e8bffffffff-2022-11,2
8444e8bffffffff-2023-04,3
8444e8bffffffff-2023-05,4
8444e8bffffffff-2023-07,2
8444e8bffffffff-2023-09,1
8444e8dffffffff-2016-11,1
8444e97ffffffff-2014-04,1
8444e97ffffffff-2023-09,2
8444ea1ffffffff-2013-04,1
8444ea1ffffffff-2017-03,1
8444ea1ffffffff-2017-04,1
8444ea1ffffffff-2018-03,2
8444ea1ffffffff-2019-03,1
8444ea1ffffffff-2019-04,1
8444ea1ffffffff-2019-05,1
8444ea1ffffffff-2021-05,2
8444ea1ffffffff-2022-03,1
8444ea1ffffffff-2022-04,2
8444ea1ffffffff-2023-03,1
8444ea1ffffffff-2023-04,2
8444ea1ffffffff-2023-05,13
8444ea3ffffffff-2020-04,17
8444ea3ffffffff-2020-05,6
8444ea3ffffffff-2020-08,1
8444ea3ffffffff-2021-03,2
8444ea3ffffffff-2021-04,4
8444ea3ffffffff-2021-05,1
8444ea3ffffffff-2022-03,2
8444ea3ffffffff-2023-04,3
8444ea3ffffffff-2023-05,4
8444ea3ffffffff-2023-08,1
8444ea3ffffffff-2023-09,2
8444ea3ffffffff-2023-10,10
8444ea5ffffffff-2013-05,1
8444ea5ffffffff-2014-04,1
8444ea5ffffffff-2014-05,2
8444ea5ffffffff-2014-09,2
8444ea5ffffffff-2014-10,2
8444ea5ffffffff-2016-10,2
8444ea5ffffffff-2017-04,1
8444ea5ffffffff-2017-10,1
8444ea5ffffffff-2017-12,2
8444ea5ffffffff-2018-03,19
8444ea5ffffffff-2018-04,15
8444ea5ffffffff-2018-05,7
8444ea5ffffffff-2018-07,2
8444ea5ffffffff-2018-08,1
8444ea5ffffffff-2019-03,2
8444ea5ffffffff-2019-04,3
8444ea5ffffffff-2019-08,1
8444ea5ffffffff-2019-11,1
8444ea5ffffffff-2020-04,2
8444ea5ffffffff-2021-05,1
8444ea5ffffffff-2021-08,1
8444ea7ffffffff-2019-03,1
8444ea7ffffffff-2019-05,1
8444eabffffffff-2021-03,1
8444eabffffffff-2021-05,1
8444eabffffffff-2021-08,1
8444eabffffffff-2022-03,3
8444eabffffffff-2023-03,2
8444eabffffffff-2023-09,1
8444eadffffffff-2014-08,2
8444eadffffffff-2014-11,4
8444eadffffffff-2016-09,2
8444eadffffffff-2018-12,2
8444eadffffffff-2020-01,5
8444eadffffffff-2022-10,1
8444eb3ffffffff-2013-03,1
8444eb3ffffffff-2014-04,3
8444eb3ffffffff-2014-05,2
8444eb3ffffffff-2015-04,1
8444eb3ffffffff-2016-01,1
8444eb3ffffffff-2016-04,2
8444eb3ffffffff-2017-02,1
8444eb3ffffffff-2017-04,2
8444eb5ffffffff-2018-04,1
8444eb5ffffffff-2020-09,3
8444eb5ffffffff-2021-09,1
8444eb5ffffffff-2023-08,2
8444eb5ffffffff-2023-11,2
8444ebbffffffff-2018-04,3
8444ebbffffffff-2022-10,1
8444ebbffffffff-2023-04,3
8444ebdffffffff-2021-04,4
8444ebdffffffff-2021-05,1
8444ec1ffffffff-2020-08,2
8444ec1ffffffff-2021-08,4
8444ec1ffffffff-2022-07,2
8444ec1ffffffff-2022-08,1
8444ec1ffffffff-2022-11,1
8444ec3ffffffff-2019-11,1
8444ec3ffffffff-2021-09,1
8444ec3ffffffff-2022-04,2
8444ec3ffffffff-2023-03,1
8444ec3ffffffff-2023-04,2
8444ec3ffffffff-2023-05,1
8444ec5ffffffff-2012-03,1
8444ec5ffffffff-2013-03,2
8444ec5ffffffff-2013-04,1
8444ec5ffffffff-2013-07,1
8444ec5ffffffff-2013-08,1
8444ec5ffffffff-2014-01,1
8444ec5ffffffff-2014-03,1
8444ec5ffffffff-2014-04,1
8444ec5ffffffff-2014-07,1
8444ec5ffffffff-2014-08,1
8444ec5ffffffff-2015-03,2
8444ec5ffffffff-2015-10,1
8444ec5ffffffff-2016-03,3
8444ec5ffffffff-2016-04,1
8444ec5ffffffff-2016-09,1
8444ec5ffffffff-2017-03,2
8444ec5ffffffff-2017-04,2
8444ec5ffffffff-2017-12,3
8444ec5ffffffff-2018-03,2
8444ec5ffffffff-2019-03,1
8444ec5ffffffff-2022-03,1
8444ec5ffffffff-2023-01,1
8444ec5ffffffff-2023-03,1
8444ec7ffffffff-2012-02,1
8444ec7ffffffff-2012-04,1
8444ec7ffffffff-2012-11,2
8444ec7ffffffff-2012-12,1
8444ec7ffffffff-2013-11,2
8444ec7ffffffff-2014-03,4
8444ec7ffffffff-2014-05,1
8444ec7ffffffff-2014-08,1
8444ec7ffffffff-2014-10,1
8444ec7ffffffff-2014-11,3
8444ec7ffffffff-2014-12,3
8444ec7ffffffff-2015-09,2
8444ec7ffffffff-2015-10,3
8444ec7ffffffff-2016-01,1
8444ec7ffffffff-2016-08,1
8444ec7ffffffff-2016-09,6
8444ec7ffffffff-2016-10,2
8444ec7ffffffff-2017-08,1
8444ec7ffffffff-2017-09,1
8444ec7ffffffff-2018-02,1
8444ec7ffffffff-2018-03,2
8444ec7ffffffff-2018-10,1
8444ec7ffffffff-2018-11,1
8444ec7ffffffff-2019-03,1
8444ec7ffffffff-2019-05,2
8444ec7ffffffff-2019-09,4
8444ec7ffffffff-2019-10,1
8444ec7ffffffff-2019-11,8
8444ec7ffffffff-2019-12,2
8444ec7ffffffff-2020-03,3
8444ec7ffffffff-2020-04,4
8444ec7ffffffff-2020-05,2
8444ec7ffffffff-2021-04,1
8444ec7ffffffff-2021-05,5
8444ec7ffffffff-2021-09,2
8444ec7ffffffff-2022-04,3
8444ec7ffffffff-2022-05,3
8444ec7ffffffff-2023-04,1
8444ecbffffffff-2019-04,1
8444ecdffffffff-2017-10,2
8444ecdffffffff-2018-03,2
8444ecdffffffff-2018-04,1
8444ed1ffffffff-2012-11,1
8444ed1ffffffff-2015-05,1
8444ed1ffffffff-2016-03,1
8444ed1ffffffff-2022-12,1
8444ed1ffffffff-2023-03,6
8444ed1ffffffff-2023-04,3
8444ed1ffffffff-2023-05,1
8444ed1ffffffff-2023-09,9
8444ed3ffffffff-2017-03,2
8444ed3ffffffff-2017-04,1
8444ed3ffffffff-2017-05,3
8444ed3ffffffff-2018-03,1
8444ed3ffffffff-2018-04,22
8444ed3ffffffff-2018-05,1
8444ed3ffffffff-2019-04,7
8444ed3ffffffff-2019-05,8
8444ed3ffffffff-2019-08,4
8444ed3ffffffff-2020-03,8
8444ed3ffffffff-2020-04,21
8444ed3ffffffff-2020-05,1
8444ed3ffffffff-2021-03,1
8444ed3ffffffff-2021-04,20
8444ed3ffffffff-2021-05,16
8444ed3ffffffff-2022-03,2
8444ed3ffffffff-2022-04,11
8444ed3ffffffff-2022-05,1
8444ed3ffffffff-2022-11,3
8444ed3ffffffff-2023-01,1
8444ed3ffffffff-2023-02,2
8444ed3ffffffff-2023-03,1
8444ed3ffffffff-2023-04,7
8444ed3ffffffff-2023-05,4
8444ed3ffffffff-2023-07,2
8444ed5ffffffff-2012-03,1
8444ed5ffffffff-2018-03,3
8444ed5ffffffff-2018-04,2
8444ed5ffffffff-2018-10,2
8444ed5ffffffff-2019-05,1
8444ed5ffffffff-2019-09,2
8444ed5ffffffff-2020-07,2
8444ed5ffffffff-2020-09,1
8444ed5ffffffff-2020-11,3
8444ed5ffffffff-2021-02,4
8444ed5ffffffff-2021-03,2
8444ed5ffffffff-2021-04,2
8444ed5ffffffff-2021-07,1
8444ed5ffffffff-2021-08,6
8444ed5ffffffff-2022-03,3
8444ed5ffffffff-2023-03,1
8444ed5ffffffff-2023-04,2
8444ed5ffffffff-2023-07,4
8444ed5ffffffff-2023-09,3
8444ed5ffffffff-2023-10,5
8444ed7ffffffff-2014-01,1
8444ed7ffffffff-2017-03,2
8444ed7ffffffff-2020-04,2
8444ed7ffffffff-2022-05,2
8444ed7ffffffff-2023-04,1
8444ed9ffffffff-2013-02,1
8444ed9ffffffff-2014-10,1
8444ed9ffffffff-2014-11,1
8444ed9ffffffff-2014-12,1
8444ed9ffffffff-2015-11,2
8444ed9ffffffff-2016-02,1
8444ed9ffffffff-2016-04,1
8444ed9ffffffff-2016-09,3
8444ed9ffffffff-2016-10,2
8444ed9ffffffff-2016-11,1
8444ed9ffffffff-2017-08,1
8444ed9ffffffff-2017-09,1
8444ed9ffffffff-2019-09,1
8444ed9ffffffff-2020-10,1
8444ed9ffffffff-2021-10,1
8444ed9ffffffff-2021-11,3
8444ed9ffffffff-2023-03,4
8444ed9ffffffff-2023-04,7
8444ed9ffffffff-2023-11,1
8444edbffffffff-2016-02,1
8444edbffffffff-2016-08,4
8444edbffffffff-2017-10,2
8444edbffffffff-2018-01,1
8444edbffffffff-2018-07,4
8444edbffffffff-2018-10,1
8444edbffffffff-2019-04,1
8444edbffffffff-2019-10,1
8444edbffffffff-2020-03,3
8444edbffffffff-2020-07,2
8444edbffffffff-2023-01,2
8444eddffffffff-2014-11,1
8444eddffffffff-2014-12,1
8444eddffffffff-2015-09,2
8444eddffffffff-2016-01,2
8444eddffffffff-2016-02,1
8444eddffffffff-2016-04,2
8444eddffffffff-2016-08,2
8444eddffffffff-2016-09,1
8444eddffffffff-2016-11,1
8444eddffffffff-2017-08,1
8444eddffffffff-2017-10,7
8444eddffffffff-2017-12,2
8444eddffffffff-2018-08,1
8444eddffffffff-2018-11,1
8444eddffffffff-2018-12,1
8444eddffffffff-2019-03,4
8444eddffffffff-2019-07,2
8444eddffffffff-2019-11,1
8444eddffffffff-2019-12,2
8444eddffffffff-2021-01,1
8444eddffffffff-2021-02,2
8444eddffffffff-2021-03,2
8444eddffffffff-2021-08,3
8444eddffffffff-2021-10,2
8444eddffffffff-2021-11,9
8444eddffffffff-2022-12,1
8444eddffffffff-2023-02,3
8444eddffffffff-2023-03,3
8444eddffffffff-2023-04,8
8444eddffffffff-2023-05,3
8444eddffffffff-2023-07,2
8444eddffffffff-2023-10,2
8444ee1ffffffff-2012-09,4
8444ee1ffffffff-2013-04,2
8444ee1ffffffff-2014-09,1
8444ee1ffffffff-2014-10,1
8444ee1ffffffff-2014-11,1
8444ee1ffffffff-2016-03,2
8444ee1ffffffff-2017-09,9
8444ee1ffffffff-2017-11,2
8444ee1ffffffff-2019-04,3
8444ee1ffffffff-2019-05,2
8444ee1ffffffff-2020-09,1
8444ee1ffffffff-2021-04,2
8444ee1ffffffff-2021-08,1
8444ee1ffffffff-2021-11,2
8444ee1ffffffff-2022-09,2
8444ee1ffffffff-2022-10,7
8444ee1ffffffff-2023-08,1
8444ee1ffffffff-2023-09,3
8444ee1ffffffff-2023-10,2
8444ee1ffffffff-2023-11,2
8444ee3ffffffff-2020-05,1
8444ee5ffffffff-2014-04,2
8444ee5ffffffff-2014-05,7
8444ee5ffffffff-2015-08,1
8444ee5ffffffff-2015-11,1
8444ee5ffffffff-2016-04,1
8444ee5ffffffff-2017-04,3
8444ee5ffffffff-2018-04,1
8444ee5ffffffff-2018-10,1
8444ee5ffffffff-2019-04,2
8444ee5ffffffff-2020-04,9
8444ee5ffffffff-2020-08,1
8444ee5ffffffff-2022-04,4
8444ee5ffffffff-2023-03,1
8444ee5ffffffff-2023-05,1
8444ee5ffffffff-2023-07,3
8444ee5ffffffff-2023-08,1
8444ee5ffffffff-2023-09,2
8444ee7ffffffff-2013-04,4
8444ee7ffffffff-2015-09,2
8444ee7ffffffff-2017-07,2
8444ee7ffffffff-2018-04,1
8444ee7ffffffff-2018-05,1
8444ee7ffffffff-2018-07,1
8444ee7ffffffff-2018-09,4
8444ee7ffffffff-2019-07,3
8444ee7ffffffff-2019-08,1
8444ee7ffffffff-2020-04,1
8444ee7ffffffff-2020-09,4
8444ee7ffffffff-2022-03,1
8444ee7ffffffff-2022-05,1
8444ee7ffffffff-2022-07,1
8444ee7ffffffff-2023-03,3
8444ee7ffffffff-2023-04,1
8444ee7ffffffff-2023-05,2
8444ee9ffffffff-2014-03,1
8444ee9ffffffff-2014-04,1
8444ee9ffffffff-2018-04,1
8444eebffffffff-2013-02,1
8444eebffffffff-2013-07,1
8444eebffffffff-2015-11,1
8444eebffffffff-2018-10,1
8444eebffffffff-2019-03,1
8444eebffffffff-2019-04,1
8444eebffffffff-2020-04,3
8444eebffffffff-2021-04,1
8444eebffffffff-2021-05,3
8444eebffffffff-2021-09,1
8444eebffffffff-2022-05,1
8444eebffffffff-2023-08,1
8444eedffffffff-2012-03,1
8444eedffffffff-2012-10,1
8444eedffffffff-2013-12,2
8444eedffffffff-2014-03,1
8444eedffffffff-2014-04,2
8444eedffffffff-2014-05,2
8444eedffffffff-2015-02,1
8444eedffffffff-2015-03,2
8444eedffffffff-2015-04,2
8444eedffffffff-2015-05,1
8444eedffffffff-2017-02,1
8444eedffffffff-2017-04,3
8444eedffffffff-2017-05,1
8444eedffffffff-2017-07,16
8444eedffffffff-2017-08,1
8444eedffffffff-2018-03,1
8444eedffffffff-2018-07,1
8444eedffffffff-2018-08,1
8444eedffffffff-2019-07,1
8444eedffffffff-2019-11,1
8444eedffffffff-2019-12,1
8444eedffffffff-2020-04,3
8444eedffffffff-2020-05,1
8444eedffffffff-2020-09,3
8444eedffffffff-2020-11,1
8444eedffffffff-2021-04,1
8444eedffffffff-2021-07,1
8444eedffffffff-2021-08,2
8444eedffffffff-2021-11,1
8444eedffffffff-2022-03,6
8444eedffffffff-2022-04,1
8444eedffffffff-2022-05,1
8444eedffffffff-2022-08,3
8444eedffffffff-2022-09,3
8444eedffffffff-2022-10,1
8444eedffffffff-2022-12,4
8444eedffffffff-2023-03,3
8444eedffffffff-2023-04,2
8444eedffffffff-2023-07,4
8444eedffffffff-2023-09,3
8444f01ffffffff-2012-05,1
8444f01ffffffff-2015-02,1
8444f01ffffffff-2015-03,4
8444f01ffffffff-2015-04,2
8444f01ffffffff-2015-05,3
8444f01ffffffff-2015-10,8
8444f01ffffffff-2015-11,1
8444f01ffffffff-2015-12,1
8444f01ffffffff-2016-01,1
8444f01ffffffff-2016-03,1
8444f01ffffffff-2016-04,2
8444f01ffffffff-2016-05,3
8444f01ffffffff-2016-09,2
8444f01ffffffff-2016-12,1
8444f01ffffffff-2017-02,1
8444f01ffffffff-2017-07,1
8444f01ffffffff-2018-03,1
8444f01ffffffff-2019-12,2
8444f01ffffffff-2020-04,1
8444f01ffffffff-2021-04,1
8444f01ffffffff-2022-05,1
8444f01ffffffff-2023-07,4
8444f01ffffffff-2023-08,21
8444f03ffffffff-2013-03,2
8444f03ffffffff-2017-01,1
8444f03ffffffff-2017-06,1
8444f03ffffffff-2023-04,1
8444f03ffffffff-2023-05,1
8444f05ffffffff-2012-01,3
8444f05ffffffff-2012-02,8
8444f05ffffffff-2012-03,9
8444f05ffffffff-2012-04,14
8444f05ffffffff-2012-05,3
8444f05ffffffff-2012-08,1
8444f05ffffffff-2012-09,1
8444f05ffffffff-2012-10,5
8444f05ffffffff-2012-11,2
8444f05ffffffff-2012-12,6
8444f05ffffffff-2013-01,3
8444f05ffffffff-2013-02,8
8444f05ffffffff-2013-03,7
8444f05ffffffff-2013-04,19
8444f05ffffffff-2013-05,6
8444f05ffffffff-2013-06,1
8444f05ffffffff-2013-09,1
8444f05ffffffff-2013-10,2
8444f05ffffffff-2013-11,4
8444f05ffffffff-2013-12,4
8444f05ffffffff-2014-01,14
8444f05ffffffff-2014-02,5
8444f05ffffffff-2014-03,11
8444f05ffffffff-2014-04,11
8444f05ffffffff-2014-05,3
8444f05ffffffff-2014-06,5
8444f05ffffffff-2014-07,1
8444f05ffffffff-2014-08,7
8444f05ffffffff-2014-09,6
8444f05ffffffff-2014-10,1
8444f05ffffffff-2014-11,4
8444f05ffffffff-2014-12,9
8444f05ffffffff-2015-01,6
8444f05ffffffff-2015-02,15
8444f05ffffffff-2015-03,13
8444f05ffffffff-2015-04,22
8444f05ffffffff-2015-05,5
8444f05ffffffff-2015-07,4
8444f05ffffffff-2015-08,6
8444f05ffffffff-2015-10,6
8444f05ffffffff-2015-11,3
8444f05ffffffff-2015-12,7
8444f05ffffffff-2016-01,2
8444f05ffffffff-2016-02,8
8444f05ffffffff-2016-03,19
8444f05ffffffff-2016-04,23
8444f05ffffffff-2016-05,1
8444f05ffffffff-2016-07,1
8444f05ffffffff-2016-08,1
8444f05ffffffff-2016-09,1
8444f05ffffffff-2016-11,5
8444f05ffffffff-2016-12,5
8444f05ffffffff-2017-01,5
8444f05ffffffff-2017-02,8
8444f05ffffffff-2017-03,24
8444f05ffffffff-2017-04,35
8444f05ffffffff-2017-05,16
8444f05ffffffff-2017-06,3
8444f05ffffffff-2017-07,4
8444f05ffffffff-2017-08,14
8444f05ffffffff-2017-09,12
8444f05ffffffff-2017-10,5
8444f05ffffffff-2017-11,5
8444f05ffffffff-2017-12,16
8444f05ffffffff-2018-01,6
8444f05ffffffff-2018-02,6
8444f05ffffffff-2018-03,23
8444f05ffffffff-2018-04,8
8444f05ffffffff-2018-05,3
8444f05ffffffff-2018-07,3
8444f05ffffffff-2018-08,3
8444f05ffffffff-2018-09,3
8444f05ffffffff-2018-10,2
8444f05ffffffff-2018-11,7
8444f05ffffffff-2018-12,9
8444f05ffffffff-2019-01,9
8444f05ffffffff-2019-02,14
8444f05ffffffff-2019-03,29
8444f05ffffffff-2019-04,23
8444f05ffffffff-2019-05,7
8444f05ffffffff-2019-06,1
8444f05ffffffff-2019-07,4
8444f05ffffffff-2019-08,11
8444f05ffffffff-2019-09,5
8444f05ffffffff-2019-10,5
8444f05ffffffff-2019-11,10
8444f05ffffffff-2019-12,12
8444f05ffffffff-2020-01,9
8444f05ffffffff-2020-02,5
8444f05ffffffff-2020-03,15
8444f05ffffffff-2020-04,3
8444f05ffffffff-2020-07,1
8444f05ffffffff-2020-08,3
8444f05ffffffff-2020-09,7
8444f05ffffffff-2020-10,2
8444f05ffffffff-2020-11,2
8444f05ffffffff-2020-12,15
8444f05ffffffff-2021-01,5
8444f05ffffffff-2021-02,4
8444f05ffffffff-2021-03,10
8444f05ffffffff-2021-04,22
8444f05ffffffff-2021-05,14
8444f05ffffffff-2021-06,4
8444f05ffffffff-2021-07,1
8444f05ffffffff-2021-08,8
8444f05ffffffff-2021-09,5
8444f05ffffffff-2021-10,3
8444f05ffffffff-2021-11,7
8444f05ffffffff-2021-12,22
8444f05ffffffff-2022-01,4
8444f05ffffffff-2022-02,11
8444f05ffffffff-2022-03,14
8444f05ffffffff-2022-04,10
8444f05ffffffff-2022-05,8
8444f05ffffffff-2022-07,8
8444f05ffffffff-2022-08,17
8444f05ffffffff-2022-09,3
8444f05ffffffff-2022-10,20
8444f05ffffffff-2022-11,3
8444f05ffffffff-2022-12,4
8444f05ffffffff-2023-01,17
8444f05ffffffff-2023-02,39
8444f05ffffffff-2023-03,27
8444f05ffffffff-2023-04,36
8444f05ffffffff-2023-05,4
8444f05ffffffff-2023-07,5
8444f05ffffffff-2023-08,9
8444f05ffffffff-2023-09,11
8444f05ffffffff-2023-10,4
8444f05ffffffff-2023-11,9
8444f07ffffffff-2012-01,1
8444f07ffffffff-2012-03,1
8444f07ffffffff-2012-08,1
8444f07ffffffff-2013-02,1
8444f07ffffffff-2013-03,22
8444f07ffffffff-2013-04,2
8444f07ffffffff-2013-05,14
8444f07ffffffff-2013-12,1
8444f07ffffffff-2014-01,5
8444f07ffffffff-2014-02,9
8444f07ffffffff-2014-03,6
8444f07ffffffff-2014-04,8
8444f07ffffffff-2014-08,4
8444f07ffffffff-2014-09,3
8444f07ffffffff-2014-10,1
8444f07ffffffff-2014-11,1
8444f07ffffffff-2014-12,7
8444f07ffffffff-2015-01,1
8444f07ffffffff-2015-02,5
8444f07ffffffff-2015-04,15
8444f07ffffffff-2015-05,25
8444f07ffffffff-2015-06,14
8444f07ffffffff-2015-07,31
8444f07ffffffff-2015-08,16
8444f07ffffffff-2015-09,17
8444f07ffffffff-2015-10,6
8444f07ffffffff-2015-11,9
8444f07ffffffff-2015-12,2
8444f07ffffffff-2016-01,8
8444f07ffffffff-2016-02,1
8444f07ffffffff-2016-03,2
8444f07ffffffff-2016-04,12
8444f07ffffffff-2016-05,34
8444f07ffffffff-2016-06,1
8444f07ffffffff-2016-07,16
8444f07ffffffff-2016-08,41
8444f07ffffffff-2016-09,14
8444f07ffffffff-2016-10,7
8444f07ffffffff-2016-11,17
8444f07ffffffff-2016-12,10
8444f07ffffffff-2017-01,14
8444f07ffffffff-2017-02,13
8444f07ffffffff-2017-03,12
8444f07ffffffff-2017-04,16
8444f07ffffffff-2017-05,35
8444f07ffffffff-2017-06,1
8444f07ffffffff-2017-07,4
8444f07ffffffff-2017-08,1
8444f07ffffffff-2017-09,1
8444f07ffffffff-2017-10,6
8444f07ffffffff-2017-11,12
8444f07ffffffff-2017-12,14
8444f07ffffffff-2018-01,8
8444f07ffffffff-2018-02,19
8444f07ffffffff-2018-03,11
8444f07ffffffff-2018-04,28
8444f07ffffffff-2018-05,24
8444f07ffffffff-2018-06,1
8444f07ffffffff-2018-07,5
8444f07ffffffff-2018-08,9
8444f07ffffffff-2018-09,14
8444f07ffffffff-2018-10,4
8444f07ffffffff-2018-11,19
8444f07ffffffff-2018-12,27
8444f07ffffffff-2019-01,21
8444f07ffffffff-2019-02,17
8444f07ffffffff-2019-03,16
8444f07ffffffff-2019-04,25
8444f07ffffffff-2019-05,11
8444f07ffffffff-2019-07,3
8444f07ffffffff-2019-08,1
8444f07ffffffff-2019-09,4
8444f07ffffffff-2019-10,18
8444f07ffffffff-2019-11,28
8444f07ffffffff-2019-12,20
8444f07ffffffff-2020-01,32
8444f07ffffffff-2020-02,14
8444f07ffffffff-2020-03,12
8444f07ffffffff-2020-04,5
8444f07ffffffff-2020-05,20
8444f07ffffffff-2020-06,3
8444f07ffffffff-2020-07,2
8444f07ffffffff-2020-08,1
8444f07ffffffff-2020-09,4
8444f07ffffffff-2020-10,15
8444f07ffffffff-2020-11,24
8444f07ffffffff-2020-12,17
8444f07ffffffff-2021-01,11
8444f07ffffffff-2021-02,8
8444f07ffffffff-2021-03,15
8444f07ffffffff-2021-04,28
8444f07ffffffff-2021-05,7
8444f07ffffffff-2021-08,11
8444f07ffffffff-2021-09,17
8444f07ffffffff-2021-10,4
8444f07ffffffff-2021-11,13
8444f07ffffffff-2021-12,21
8444f07ffffffff-2022-01,5
8444f07ffffffff-2022-02,15
8444f07ffffffff-2022-03,25
8444f07ffffffff-2022-04,51
8444f07ffffffff-2022-05,9
8444f07ffffffff-2022-07,19
8444f07ffffffff-2022-08,45
8444f07ffffffff-2022-09,6
8444f07ffffffff-2022-10,7
8444f07ffffffff-2022-11,8
8444f07ffffffff-2022-12,22
8444f07ffffffff-2023-01,21
8444f07ffffffff-2023-02,15
8444f07ffffffff-2023-03,17
8444f07ffffffff-2023-04,43
8444f07ffffffff-2023-05,74
8444f07ffffffff-2023-06,4
8444f07ffffffff-2023-07,18
8444f07ffffffff-2023-08,29
8444f07ffffffff-2023-09,8
8444f07ffffffff-2023-10,11
8444f07ffffffff-2023-11,17
8444f09ffffffff-2012-04,1
8444f09ffffffff-2014-02,2
8444f09ffffffff-2014-05,1
8444f09ffffffff-2015-04,1
8444f09ffffffff-2016-12,1
8444f09ffffffff-2017-01,1
8444f09ffffffff-2017-02,2
8444f09ffffffff-2017-03,4
8444f09ffffffff-2019-07,2
8444f09ffffffff-2019-11,1
8444f09ffffffff-2019-12,2
8444f09ffffffff-2020-02,3
8444f09ffffffff-2020-03,4
8444f09ffffffff-2020-11,2
8444f09ffffffff-2021-02,5
8444f09ffffffff-2021-03,1
8444f09ffffffff-2021-05,3
8444f09ffffffff-2021-11,2
8444f09ffffffff-2021-12,1
8444f09ffffffff-2022-01,3
8444f09ffffffff-2022-02,9
8444f09ffffffff-2022-03,4
8444f09ffffffff-2022-08,1
8444f09ffffffff-2023-01,1
8444f0bffffffff-2015-01,1
8444f0bffffffff-2020-11,2
8444f0dffffffff-2012-04,1
8444f0dffffffff-2013-05,1
8444f0dffffffff-2013-11,1
8444f0dffffffff-2015-02,1
8444f0dffffffff-2015-03,1
8444f0dffffffff-2016-10,1
8444f0dffffffff-2017-05,2
8444f0dffffffff-2017-10,1
8444f0dffffffff-2018-02,1
8444f0dffffffff-2018-04,1
8444f0dffffffff-2019-04,1
8444f0dffffffff-2019-10,1
8444f0dffffffff-2019-12,1
8444f0dffffffff-2020-01,7
8444f0dffffffff-2020-02,3
8444f0dffffffff-2020-03,1
8444f0dffffffff-2020-12,1
8444f0dffffffff-2021-04,1
8444f0dffffffff-2021-10,1
8444f0dffffffff-2021-11,2
8444f0dffffffff-2022-01,1
8444f0dffffffff-2022-02,1
8444f0dffffffff-2022-04,2
8444f0dffffffff-2022-11,1
8444f0dffffffff-2023-02,4
8444f0dffffffff-2023-03,1
8444f0dffffffff-2023-05,3
8444f0dffffffff-2023-09,1
8444f0dffffffff-2023-11,2
8444f11ffffffff-2022-12,1
8444f13ffffffff-2015-08,1
8444f19ffffffff-2022-02,1
8444f19ffffffff-2022-05,2
8444f19ffffffff-2022-09,1
8444f19ffffffff-2023-01,3
8444f19ffffffff-2023-08,1
8444f1dffffffff-2018-01,2
8444f1dffffffff-2018-04,1
8444f1dffffffff-2022-09,1
8444f31ffffffff-2012-01,5
8444f31ffffffff-2012-02,3
8444f31ffffffff-2012-03,1
8444f31ffffffff-2012-04,19
8444f31ffffffff-2012-05,13
8444f31ffffffff-2012-07,5
8444f31ffffffff-2012-08,8
8444f31ffffffff-2012-09,2
8444f31ffffffff-2012-10,21
8444f31ffffffff-2012-11,6
8444f31ffffffff-2013-03,1
8444f31ffffffff-2013-04,29
8444f31ffffffff-2013-05,19
8444f31ffffffff-2013-06,2
8444f31ffffffff-2013-07,2
8444f31ffffffff-2013-08,15
8444f31ffffffff-2013-09,8
8444f31ffffffff-2013-10,21
8444f31ffffffff-2013-11,5
8444f31ffffffff-2014-01,10
8444f31ffffffff-2014-02,2
8444f31ffffffff-2014-03,12
8444f31ffffffff-2014-04,18
8444f31ffffffff-2014-05,5
8444f31ffffffff-2014-07,1
8444f31ffffffff-2014-08,18
8444f31ffffffff-2014-09,4
8444f31ffffffff-2014-10,17
8444f31ffffffff-2014-11,3
8444f31ffffffff-2015-01,6
8444f31ffffffff-2015-02,22
8444f31ffffffff-2015-03,7
8444f31ffffffff-2015-04,52
8444f31ffffffff-2015-05,17
8444f31ffffffff-2015-07,4
8444f31ffffffff-2015-08,1
8444f31ffffffff-2015-09,1
8444f31ffffffff-2015-10,20
8444f31ffffffff-2015-11,9
8444f31ffffffff-2016-01,1
8444f31ffffffff-2016-02,4
8444f31ffffffff-2016-03,9
8444f31ffffffff-2016-04,54
8444f31ffffffff-2016-05,27
8444f31ffffffff-2016-07,2
8444f31ffffffff-2016-08,5
8444f31ffffffff-2016-09,1
8444f31ffffffff-2016-10,5
8444f31ffffffff-2016-11,4
8444f31ffffffff-2016-12,3
8444f31ffffffff-2017-01,10
8444f31ffffffff-2017-02,5
8444f31ffffffff-2017-03,16
8444f31ffffffff-2017-04,22
8444f31ffffffff-2017-05,38
8444f31ffffffff-2017-06,4
8444f31ffffffff-2017-07,2
8444f31ffffffff-2017-08,11
8444f31ffffffff-2017-09,2
8444f31ffffffff-2017-10,34
8444f31ffffffff-2017-11,10
8444f31ffffffff-2017-12,4
8444f31ffffffff-2018-01,8
8444f31ffffffff-2018-02,26
8444f31ffffffff-2018-03,80
8444f31ffffffff-2018-04,35
8444f31ffffffff-2018-05,36
8444f31ffffffff-2018-07,4
8444f31ffffffff-2018-08,6
8444f31ffffffff-2018-09,2
8444f31ffffffff-2018-10,53
8444f31ffffffff-2018-11,2
8444f31ffffffff-2018-12,2
8444f31ffffffff-2019-01,6
8444f31ffffffff-2019-02,5
8444f31ffffffff-2019-03,18
8444f31ffffffff-2019-04,61
8444f31ffffffff-2019-05,38
8444f31ffffffff-2019-08,8
8444f31ffffffff-2019-10,6
8444f31ffffffff-2019-11,1
8444f31ffffffff-2019-12,7
8444f31ffffffff-2020-01,13
8444f31ffffffff-2020-02,14
8444f31ffffffff-2020-03,12
8444f31ffffffff-2020-04,7
8444f31ffffffff-2020-05,22
8444f31ffffffff-2020-07,10
8444f31ffffffff-2020-08,8
8444f31ffffffff-2020-09,13
8444f31ffffffff-2020-10,30
8444f31ffffffff-2020-11,5
8444f31ffffffff-2020-12,3
8444f31ffffffff-2021-01,12
8444f31ffffffff-2021-02,26
8444f31ffffffff-2021-03,24
8444f31ffffffff-2021-04,76
8444f31ffffffff-2021-05,52
8444f31ffffffff-2021-07,5
8444f31ffffffff-2021-08,6
8444f31ffffffff-2021-09,10
8444f31ffffffff-2021-10,44
8444f31ffffffff-2021-11,1
8444f31ffffffff-2021-12,4
8444f31ffffffff-2022-01,15
8444f31ffffffff-2022-02,18
8444f31ffffffff-2022-03,11
8444f31ffffffff-2022-04,77
8444f31ffffffff-2022-05,36
8444f31ffffffff-2022-07,4
8444f31ffffffff-2022-08,1
8444f31ffffffff-2022-09,3
8444f31ffffffff-2022-10,47
8444f31ffffffff-2022-11,12
8444f31ffffffff-2022-12,22
8444f31ffffffff-2023-01,51
8444f31ffffffff-2023-02,22
8444f31ffffffff-2023-03,54
8444f31ffffffff-2023-04,88
8444f31ffffffff-2023-05,25
8444f31ffffffff-2023-08,1
8444f31ffffffff-2023-09,3
8444f31ffffffff-2023-10,19
8444f31ffffffff-2023-11,4
8444f33ffffffff-2012-02,1
8444f35ffffffff-2012-04,2
8444f35ffffffff-2012-07,2
8444f35ffffffff-2012-09,2
8444f35ffffffff-2012-10,12
8444f35ffffffff-2012-11,2
8444f35ffffffff-2013-03,4
8444f35ffffffff-2013-04,5
8444f35ffffffff-2013-05,1
8444f35ffffffff-2013-06,1
8444f35ffffffff-2013-09,1
8444f35ffffffff-2013-12,2
8444f35ffffffff-2014-01,4
8444f35ffffffff-2014-02,2
8444f35ffffffff-2014-03,12
8444f35ffffffff-2014-04,11
8444f35ffffffff-2014-05,6
8444f35ffffffff-2014-09,14
8444f35ffffffff-2014-10,3
8444f35ffffffff-2014-11,5
8444f35ffffffff-2015-01,2
8444f35ffffffff-2015-03,5
8444f35ffffffff-2015-04,11
8444f35ffffffff-2015-05,3
8444f35ffffffff-2015-08,10
8444f35ffffffff-2015-09,8
8444f35ffffffff-2015-10,8
8444f35ffffffff-2015-11,2
8444f35ffffffff-2016-01,1
8444f35ffffffff-2016-02,13
8444f35ffffffff-2016-03,5
8444f35ffffffff-2016-04,8
8444f35ffffffff-2016-06,1
8444f35ffffffff-2016-07,2
8444f35ffffffff-2016-09,6
8444f35ffffffff-2017-01,6
8444f35ffffffff-2017-02,3
8444f35ffffffff-2017-03,14
8444f35ffffffff-2017-04,22
8444f35ffffffff-2017-05,8
8444f35ffffffff-2017-07,1
8444f35ffffffff-2017-08,1
8444f35ffffffff-2017-09,18
8444f35ffffffff-2017-10,12
8444f35ffffffff-2017-11,7
8444f35ffffffff-2017-12,2
8444f35ffffffff-2018-01,9
8444f35ffffffff-2018-03,12
8444f35ffffffff-2018-04,85
8444f35ffffffff-2018-05,104
8444f35ffffffff-2018-06,2
8444f35ffffffff-2018-07,8
8444f35ffffffff-2018-08,12
8444f35ffffffff-2018-09,13
8444f35ffffffff-2018-10,21
8444f35ffffffff-2019-01,5
8444f35ffffffff-2019-03,5
8444f35ffffffff-2019-04,55
8444f35ffffffff-2019-05,38
8444f35ffffffff-2019-06,1
8444f35ffffffff-2019-07,4
8444f35ffffffff-2019-09,1
8444f35ffffffff-2019-10,22
8444f35ffffffff-2019-11,1
8444f35ffffffff-2019-12,1
8444f35ffffffff-2020-03,3
8444f35ffffffff-2020-04,11
8444f35ffffffff-2020-05,8
8444f35ffffffff-2020-07,3
8444f35ffffffff-2020-08,4
8444f35ffffffff-2021-02,3
8444f35ffffffff-2021-03,2
8444f35ffffffff-2021-04,17
8444f35ffffffff-2021-05,1
8444f35ffffffff-2021-08,4
8444f35ffffffff-2021-09,10
8444f35ffffffff-2021-10,3
8444f35ffffffff-2022-03,15
8444f35ffffffff-2022-04,31
8444f35ffffffff-2022-05,11
8444f35ffffffff-2022-07,2
8444f35ffffffff-2022-08,2
8444f35ffffffff-2022-09,18
8444f35ffffffff-2022-10,9
8444f35ffffffff-2022-12,1
8444f35ffffffff-2023-01,4
8444f35ffffffff-2023-03,3
8444f35ffffffff-2023-04,68
8444f35ffffffff-2023-05,24
8444f35ffffffff-2023-07,1
8444f35ffffffff-2023-09,1
8444f35ffffffff-2023-10,13
8444f35ffffffff-2023-11,4
8444f37ffffffff-2012-01,16
8444f37ffffffff-2012-02,2
8444f37ffffffff-2012-04,14
8444f37ffffffff-2012-05,2
8444f37ffffffff-2012-09,2
8444f37ffffffff-2012-10,17
8444f37ffffffff-2013-01,8
8444f37ffffffff-2013-02,8
8444f37ffffffff-2013-03,12
8444f37ffffffff-2013-04,7
8444f37ffffffff-2013-05,2
8444f37ffffffff-2013-09,3
8444f37ffffffff-2013-11,2
8444f37ffffffff-2013-12,2
8444f37ffffffff-2014-01,12
8444f37ffffffff-2014-02,14
8444f37ffffffff-2014-03,12
8444f37ffffffff-2014-04,8
8444f37ffffffff-2014-05,1
8444f37ffffffff-2014-08,2
8444f37ffffffff-2014-11,2
8444f37ffffffff-2014-12,11
8444f37ffffffff-2015-01,4
8444f37ffffffff-2015-02,9
8444f37ffffffff-2015-04,24
8444f37ffffffff-2015-05,2
8444f37ffffffff-2015-10,10
8444f37ffffffff-2015-11,7
8444f37ffffffff-2015-12,9
8444f37ffffffff-2016-01,26
8444f37ffffffff-2016-02,54
8444f37ffffffff-2016-03,26
8444f37ffffffff-2016-04,13
8444f37ffffffff-2016-05,7
8444f37ffffffff-2016-09,5
8444f37ffffffff-2016-12,5
8444f37ffffffff-2017-01,3
8444f37ffffffff-2017-04,6
8444f37ffffffff-2017-05,1
8444f37ffffffff-2017-11,1
8444f37ffffffff-2017-12,11
8444f37ffffffff-2018-01,23
8444f37ffffffff-2018-02,4
8444f37ffffffff-2018-03,6
8444f37ffffffff-2018-04,5
8444f37ffffffff-2018-05,1
8444f37ffffffff-2018-09,1
8444f37ffffffff-2018-10,1
8444f37ffffffff-2018-11,1
8444f37ffffffff-2018-12,9
8444f37ffffffff-2019-01,1
8444f37ffffffff-2019-03,6
8444f37ffffffff-2019-04,5
8444f37ffffffff-2020-03,1
8444f37ffffffff-2020-04,3
8444f37ffffffff-2020-05,2
8444f37ffffffff-2020-12,11
8444f37ffffffff-2021-04,3
8444f37ffffffff-2021-05,9
8444f37ffffffff-2021-09,2
8444f37ffffffff-2021-10,3
8444f37ffffffff-2021-11,3
8444f37ffffffff-2021-12,10
8444f37ffffffff-2022-01,15
8444f37ffffffff-2022-02,10
8444f37ffffffff-2022-03,13
8444f37ffffffff-2022-04,20
8444f37ffffffff-2022-05,2
8444f37ffffffff-2022-09,4
8444f37ffffffff-2022-10,1
8444f37ffffffff-2022-12,11
8444f37ffffffff-2023-01,2
8444f37ffffffff-2023-02,1
8444f37ffffffff-2023-03,2
8444f37ffffffff-2023-04,4
8444f37ffffffff-2023-10,1
8444f3dffffffff-2012-01,1
8444f3dffffffff-2012-02,4
8444f3dffffffff-2012-03,1
8444f3dffffffff-2012-04,5
8444f3dffffffff-2012-05,1
8444f3dffffffff-2012-12,1
8444f3dffffffff-2013-01,6
8444f3dffffffff-2013-03,3
8444f3dffffffff-2013-04,1
8444f3dffffffff-2013-05,1
8444f3dffffffff-2013-07,2
8444f3dffffffff-2013-09,3
8444f3dffffffff-2013-10,3
8444f3dffffffff-2013-11,4
8444f3dffffffff-2013-12,1
8444f3dffffffff-2014-02,5
8444f3dffffffff-2014-03,4
8444f3dffffffff-2014-04,5
8444f3dffffffff-2014-05,1
8444f3dffffffff-2014-07,1
8444f3dffffffff-2014-08,1
8444f3dffffffff-2014-09,3
8444f3dffffffff-2014-11,1
8444f3dffffffff-2014-12,5
8444f3dffffffff-2015-01,1
8444f3dffffffff-2015-02,6
8444f3dffffffff-2015-03,3
8444f3dffffffff-2015-04,11
8444f3dffffffff-2015-05,2
8444f3dffffffff-2015-07,3
8444f3dffffffff-2015-08,5
8444f3dffffffff-2015-11,3
8444f3dffffffff-2015-12,2
8444f3dffffffff-2016-01,6
8444f3dffffffff-2016-02,8
8444f3dffffffff-2016-03,2
8444f3dffffffff-2016-04,4
8444f3dffffffff-2016-05,1
8444f3dffffffff-2016-09,2
8444f3dffffffff-2016-10,2
8444f3dffffffff-2016-11,2
8444f3dffffffff-2016-12,1
8444f3dffffffff-2017-01,1
8444f3dffffffff-2017-03,3
8444f3dffffffff-2017-04,9
8444f3dffffffff-2017-05,2
8444f3dffffffff-2017-07,2
8444f3dffffffff-2017-08,2
8444f3dffffffff-2017-10,1
8444f3dffffffff-2017-11,1
8444f3dffffffff-2017-12,2
8444f3dffffffff-2018-01,2
8444f3dffffffff-2018-02,5
8444f3dffffffff-2018-03,8
8444f3dffffffff-2018-04,15
8444f3dffffffff-2018-05,2
8444f3dffffffff-2018-07,1
8444f3dffffffff-2018-11,1
8444f3dffffffff-2018-12,4
8444f3dffffffff-2019-02,3
8444f3dffffffff-2019-04,7
8444f3dffffffff-2019-10,4
8444f3dffffffff-2019-11,1
8444f3dffffffff-2020-01,2
8444f3dffffffff-2020-02,1
8444f3dffffffff-2020-03,3
8444f3dffffffff-2020-04,3
8444f3dffffffff-2020-05,3
8444f3dffffffff-2020-08,2
8444f3dffffffff-2020-10,8
8444f3dffffffff-2020-12,2
8444f3dffffffff-2021-01,1
8444f3dffffffff-2021-02,4
8444f3dffffffff-2021-03,4
8444f3dffffffff-2021-04,8
8444f3dffffffff-2021-05,4
8444f3dffffffff-2021-09,3
8444f3dffffffff-2021-10,5
8444f3dffffffff-2021-11,2
8444f3dffffffff-2022-01,4
8444f3dffffffff-2022-03,3
8444f3dffffffff-2022-04,10
8444f3dffffffff-2022-05,1
8444f3dffffffff-2022-09,1
8444f3dffffffff-2022-10,3
8444f3dffffffff-2022-12,5
8444f3dffffffff-2023-01,3
8444f3dffffffff-2023-02,4
8444f3dffffffff-2023-03,2
8444f3dffffffff-2023-04,6
8444f3dffffffff-2023-06,1
8444f3dffffffff-2023-07,1
8444f3dffffffff-2023-10,2
8444f3dffffffff-2023-11,2
8444f41ffffffff-2012-01,3
8444f41ffffffff-2012-02,2
8444f41ffffffff-2014-03,1
8444f41ffffffff-2015-02,1
8444f41ffffffff-2015-10,3
8444f41ffffffff-2015-11,3
8444f41ffffffff-2015-12,1
8444f41ffffffff-2016-01,11
8444f41ffffffff-2016-02,2
8444f41ffffffff-2016-03,5
8444f41ffffffff-2016-04,6
8444f41ffffffff-2016-08,2
8444f41ffffffff-2016-09,2
8444f41ffffffff-2016-10,1
8444f41ffffffff-2016-11,3
8444f41ffffffff-2016-12,1
8444f41ffffffff-2017-01,1
8444f41ffffffff-2017-02,3
8444f41ffffffff-2017-03,5
8444f41ffffffff-2017-04,6
8444f41ffffffff-2017-08,6
8444f41ffffffff-2017-09,3
8444f41ffffffff-2017-10,2
8444f41ffffffff-2017-11,5
8444f41ffffffff-2017-12,2
8444f41ffffffff-2018-01,1
8444f41ffffffff-2018-03,9
8444f41ffffffff-2018-04,8
8444f41ffffffff-2018-09,4
8444f41ffffffff-2018-10,7
8444f41ffffffff-2018-11,2
8444f41ffffffff-2018-12,1
8444f41ffffffff-2019-01,1
8444f41ffffffff-2019-02,5
8444f41ffffffff-2019-03,3
8444f41ffffffff-2019-04,3
8444f41ffffffff-2019-09,6
8444f41ffffffff-2019-10,5
8444f41ffffffff-2019-11,1
8444f41ffffffff-2019-12,3
8444f41ffffffff-2020-01,7
8444f41ffffffff-2020-02,4
8444f41ffffffff-2020-03,3
8444f41ffffffff-2020-04,4
8444f41ffffffff-2020-08,2
8444f41ffffffff-2020-09,4
8444f41ffffffff-2020-10,10
8444f41ffffffff-2020-11,4
8444f41ffffffff-2020-12,11
8444f41ffffffff-2021-01,11
8444f41ffffffff-2021-02,6
8444f41ffffffff-2021-03,7
8444f41ffffffff-2021-04,9
8444f41ffffffff-2021-05,4
8444f41ffffffff-2021-08,10
8444f41ffffffff-2021-09,16
8444f41ffffffff-2021-10,6
8444f41ffffffff-2021-11,8
8444f41ffffffff-2021-12,20
8444f41ffffffff-2022-01,31
8444f41ffffffff-2022-02,26
8444f41ffffffff-2022-03,5
8444f41ffffffff-2022-04,12
8444f41ffffffff-2022-05,9
8444f41ffffffff-2022-07,1
8444f41ffffffff-2022-08,12
8444f41ffffffff-2022-09,19
8444f41ffffffff-2022-10,16
8444f41ffffffff-2022-11,75
8444f41ffffffff-2022-12,88
8444f41ffffffff-2023-01,47
8444f41ffffffff-2023-02,17
8444f41ffffffff-2023-03,40
8444f41ffffffff-2023-04,36
8444f41ffffffff-2023-05,14
8444f41ffffffff-2023-07,3
8444f41ffffffff-2023-08,37
8444f41ffffffff-2023-09,6
8444f41ffffffff-2023-10,12
8444f41ffffffff-2023-11,27
8444f43ffffffff-2012-01,21
8444f43ffffffff-2012-02,28
8444f43ffffffff-2012-03,52
8444f43ffffffff-2012-04,66
8444f43ffffffff-2012-05,46
8444f43ffffffff-2012-08,1
8444f43ffffffff-2012-10,2
8444f43ffffffff-2012-11,7
8444f43ffffffff-2012-12,12
8444f43ffffffff-2013-01,2
8444f43ffffffff-2013-02,6
8444f43ffffffff-2013-03,41
8444f43ffffffff-2013-04,37
8444f43ffffffff-2013-05,13
8444f43ffffffff-2013-08,18
8444f43ffffffff-2013-09,3
8444f43ffffffff-2013-10,3
8444f43ffffffff-2013-11,13
8444f43ffffffff-2013-12,10
8444f43ffffffff-2014-01,13
8444f43ffffffff-2014-02,7
8444f43ffffffff-2014-03,5
8444f43ffffffff-2014-04,12
8444f43ffffffff-2014-05,11
8444f43ffffffff-2014-08,28
8444f43ffffffff-2014-09,4
8444f43ffffffff-2014-10,4
8444f43ffffffff-2014-11,15
8444f43ffffffff-2014-12,6
8444f43ffffffff-2015-01,18
8444f43ffffffff-2015-02,15
8444f43ffffffff-2015-03,17
8444f43ffffffff-2015-04,19
8444f43ffffffff-2015-05,41
8444f43ffffffff-2015-10,5
8444f43ffffffff-2015-11,8
8444f43ffffffff-2015-12,7
8444f43ffffffff-2016-01,12
8444f43ffffffff-2016-02,39
8444f43ffffffff-2016-03,102
8444f43ffffffff-2016-04,80
8444f43ffffffff-2016-05,16
8444f43ffffffff-2016-06,12
8444f43ffffffff-2016-07,23
8444f43ffffffff-2016-08,30
8444f43ffffffff-2016-09,11
8444f43ffffffff-2016-10,11
8444f43ffffffff-2016-11,85
8444f43ffffffff-2016-12,94
8444f43ffffffff-2017-01,121
8444f43ffffffff-2017-02,105
8444f43ffffffff-2017-03,62
8444f43ffffffff-2017-04,144
8444f43ffffffff-2017-05,39
8444f43ffffffff-2017-09,3
8444f43ffffffff-2017-10,15
8444f43ffffffff-2017-11,19
8444f43ffffffff-2017-12,56
8444f43ffffffff-2018-01,281
8444f43ffffffff-2018-02,174
8444f43ffffffff-2018-03,142
8444f43ffffffff-2018-04,126
8444f43ffffffff-2018-05,45
8444f43ffffffff-2018-09,1
8444f43ffffffff-2018-10,39
8444f43ffffffff-2018-11,40
8444f43ffffffff-2018-12,22
8444f43ffffffff-2019-01,25
8444f43ffffffff-2019-02,17
8444f43ffffffff-2019-03,20
8444f43ffffffff-2019-04,49
8444f43ffffffff-2019-09,2
8444f43ffffffff-2019-10,52
8444f43ffffffff-2019-11,60
8444f43ffffffff-2019-12,31
8444f43ffffffff-2020-01,19
8444f43ffffffff-2020-02,27
8444f43ffffffff-2020-03,48
8444f43ffffffff-2020-04,67
8444f43ffffffff-2020-05,20
8444f43ffffffff-2020-08,21
8444f43ffffffff-2020-09,18
8444f43ffffffff-2020-10,102
8444f43ffffffff-2020-11,73
8444f43ffffffff-2020-12,49
8444f43ffffffff-2021-01,41
8444f43ffffffff-2021-02,14
8444f43ffffffff-2021-03,38
8444f43ffffffff-2021-04,91
8444f43ffffffff-2021-05,46
8444f43ffffffff-2021-06,18
8444f43ffffffff-2021-07,4
8444f43ffffffff-2021-08,4
8444f43ffffffff-2021-09,7
8444f43ffffffff-2021-10,35
8444f43ffffffff-2021-11,26
8444f43ffffffff-2021-12,44
8444f43ffffffff-2022-01,63
8444f43ffffffff-2022-02,87
8444f43ffffffff-2022-03,55
8444f43ffffffff-2022-04,125
8444f43ffffffff-2022-05,91
8444f43ffffffff-2022-08,24
8444f43ffffffff-2022-09,8
8444f43ffffffff-2022-10,115
8444f43ffffffff-2022-11,42
8444f43ffffffff-2022-12,73
8444f43ffffffff-2023-01,144
8444f43ffffffff-2023-02,94
8444f43ffffffff-2023-03,153
8444f43ffffffff-2023-04,147
8444f43ffffffff-2023-05,63
8444f43ffffffff-2023-06,11
8444f43ffffffff-2023-07,8
8444f43ffffffff-2023-08,18
8444f43ffffffff-2023-09,25
8444f43ffffffff-2023-10,18
8444f43ffffffff-2023-11,14
8444f45ffffffff-2015-11,1
8444f45ffffffff-2016-12,3
8444f45ffffffff-2017-02,1
8444f45ffffffff-2017-12,1
8444f45ffffffff-2018-02,1
8444f45ffffffff-2018-04,1
8444f45ffffffff-2018-05,1
8444f45ffffffff-2019-11,1
8444f45ffffffff-2020-01,3
8444f45ffffffff-2020-02,1
8444f45ffffffff-2020-03,3
8444f45ffffffff-2020-12,1
8444f45ffffffff-2021-01,1
8444f45ffffffff-2021-03,9
8444f45ffffffff-2021-04,2
8444f45ffffffff-2021-08,2
8444f45ffffffff-2021-12,2
8444f45ffffffff-2022-01,2
8444f45ffffffff-2022-02,18
8444f45ffffffff-2022-04,1
8444f45ffffffff-2022-09,1
8444f45ffffffff-2022-12,5
8444f45ffffffff-2023-03,1
8444f45ffffffff-2023-04,1
8444f45ffffffff-2023-10,3
8444f47ffffffff-2012-03,3
8444f47ffffffff-2015-11,1
8444f47ffffffff-2016-01,1
8444f47ffffffff-2016-03,1
8444f47ffffffff-2017-09,2
8444f47ffffffff-2017-10,1
8444f47ffffffff-2017-11,5
8444f47ffffffff-2017-12,1
8444f47ffffffff-2018-01,1
8444f47ffffffff-2018-09,2
8444f47ffffffff-2020-01,3
8444f47ffffffff-2020-02,3
8444f47ffffffff-2020-03,1
8444f47ffffffff-2021-10,3
8444f47ffffffff-2022-03,2
8444f47ffffffff-2022-05,2
8444f47ffffffff-2023-05,2
8444f47ffffffff-2023-08,2
8444f47ffffffff-2023-09,5
8444f47ffffffff-2023-10,6
8444f47ffffffff-2023-11,1
8444f49ffffffff-2012-03,1
8444f49ffffffff-2013-01,1
8444f49ffffffff-2013-10,1
8444f49ffffffff-2013-12,1
8444f49ffffffff-2014-01,1
8444f49ffffffff-2014-02,2
8444f49ffffffff-2014-03,2
8444f49ffffffff-2015-01,6
8444f49ffffffff-2015-02,1
8444f49ffffffff-2015-11,1
8444f49ffffffff-2016-03,1
8444f49ffffffff-2016-11,1
8444f49ffffffff-2016-12,4
8444f49ffffffff-2017-01,6
8444f49ffffffff-2017-11,9
8444f49ffffffff-2017-12,3
8444f49ffffffff-2018-01,6
8444f49ffffffff-2018-12,3
8444f49ffffffff-2019-01,11
8444f49ffffffff-2019-02,4
8444f49ffffffff-2019-04,1
8444f49ffffffff-2019-11,1
8444f49ffffffff-2019-12,4
8444f49ffffffff-2020-01,5
8444f49ffffffff-2020-09,2
8444f49ffffffff-2020-10,4
8444f49ffffffff-2020-11,7
8444f49ffffffff-2020-12,5
8444f49ffffffff-2021-01,5
8444f49ffffffff-2021-03,1
8444f49ffffffff-2021-10,1
8444f49ffffffff-2021-11,9
8444f49ffffffff-2021-12,5
8444f49ffffffff-2022-01,8
8444f49ffffffff-2022-04,2
8444f49ffffffff-2022-08,6
8444f49ffffffff-2022-09,7
8444f49ffffffff-2022-10,10
8444f49ffffffff-2022-11,8
8444f49ffffffff-2022-12,8
8444f49ffffffff-2023-01,11
8444f49ffffffff-2023-02,6
8444f49ffffffff-2023-03,1
8444f49ffffffff-2023-04,2
8444f49ffffffff-2023-05,4
8444f49ffffffff-2023-10,3
8444f49ffffffff-2023-11,5
8444f4bffffffff-2012-11,1
8444f4bffffffff-2018-01,1
8444f4bffffffff-2018-02,1
8444f4bffffffff-2019-03,2
8444f4bffffffff-2020-02,1
8444f4bffffffff-2020-03,3
8444f4bffffffff-2020-12,2
8444f4bffffffff-2021-01,2
8444f4bffffffff-2021-02,1
8444f4bffffffff-2021-03,1
8444f4bffffffff-2021-12,3
8444f4bffffffff-2022-01,4
8444f4bffffffff-2022-02,1
8444f4bffffffff-2022-03,4
8444f4bffffffff-2022-04,2
8444f4bffffffff-2022-12,1
8444f4bffffffff-2023-10,1
8444f4dffffffff-2012-01,2
8444f4dffffffff-2012-02,1
8444f4dffffffff-2012-03,1
8444f4dffffffff-2012-04,22
8444f4dffffffff-2012-05,2
8444f4dffffffff-2012-12,1
8444f4dffffffff-2013-03,3
8444f4dffffffff-2013-04,7
8444f4dffffffff-2013-10,2
8444f4dffffffff-2013-11,4
8444f4dffffffff-2013-12,3
8444f4dffffffff-2014-01,1
8444f4dffffffff-2014-02,4
8444f4dffffffff-2014-03,7
8444f4dffffffff-2014-04,1
8444f4dffffffff-2014-09,3
8444f4dffffffff-2014-11,1
8444f4dffffffff-2014-12,2
8444f4dffffffff-2015-02,2
8444f4dffffffff-2015-04,3
8444f4dffffffff-2015-10,1
8444f4dffffffff-2015-11,3
8444f4dffffffff-2015-12,3
8444f4dffffffff-2016-01,4
8444f4dffffffff-2016-02,5
8444f4dffffffff-2016-03,3
8444f4dffffffff-2016-04,2
8444f4dffffffff-2016-08,1
8444f4dffffffff-2016-10,6
8444f4dffffffff-2016-11,5
8444f4dffffffff-2016-12,21
8444f4dffffffff-2017-01,17
8444f4dffffffff-2017-02,8
8444f4dffffffff-2017-03,9
8444f4dffffffff-2017-04,5
8444f4dffffffff-2017-05,2
8444f4dffffffff-2017-10,1
8444f4dffffffff-2017-11,4
8444f4dffffffff-2017-12,3
8444f4dffffffff-2018-01,7
8444f4dffffffff-2018-02,4
8444f4dffffffff-2018-05,1
8444f4dffffffff-2018-10,2
8444f4dffffffff-2018-11,2
8444f4dffffffff-2018-12,9
8444f4dffffffff-2019-01,5
8444f4dffffffff-2019-02,12
8444f4dffffffff-2019-03,7
8444f4dffffffff-2019-04,10
8444f4dffffffff-2019-05,4
8444f4dffffffff-2019-06,1
8444f4dffffffff-2019-09,2
8444f4dffffffff-2019-10,12
8444f4dffffffff-2019-11,10
8444f4dffffffff-2019-12,23
8444f4dffffffff-2020-01,27
8444f4dffffffff-2020-02,26
8444f4dffffffff-2020-03,18
8444f4dffffffff-2020-04,22
8444f4dffffffff-2020-05,8
8444f4dffffffff-2020-06,5
8444f4dffffffff-2020-08,2
8444f4dffffffff-2020-09,6
8444f4dffffffff-2020-10,12
8444f4dffffffff-2020-11,25
8444f4dffffffff-2020-12,54
8444f4dffffffff-2021-01,71
8444f4dffffffff-2021-02,23
8444f4dffffffff-2021-03,37
8444f4dffffffff-2021-04,22
8444f4dffffffff-2021-05,1
8444f4dffffffff-2021-08,4
8444f4dffffffff-2021-09,4
8444f4dffffffff-2021-10,39
8444f4dffffffff-2021-11,57
8444f4dffffffff-2021-12,56
8444f4dffffffff-2022-01,57
8444f4dffffffff-2022-02,43
8444f4dffffffff-2022-03,39
8444f4dffffffff-2022-04,22
8444f4dffffffff-2022-05,4
8444f4dffffffff-2022-08,8
8444f4dffffffff-2022-09,4
8444f4dffffffff-2022-10,17
8444f4dffffffff-2022-11,29
8444f4dffffffff-2022-12,37
8444f4dffffffff-2023-01,56
8444f4dffffffff-2023-02,52
8444f4dffffffff-2023-03,52
8444f4dffffffff-2023-04,50
8444f4dffffffff-2023-05,31
8444f4dffffffff-2023-07,16
8444f4dffffffff-2023-08,30
8444f4dffffffff-2023-09,17
8444f4dffffffff-2023-10,65
8444f4dffffffff-2023-11,39
8444f51ffffffff-2012-08,2
8444f51ffffffff-2017-03,2
8444f51ffffffff-2017-04,3
8444f51ffffffff-2017-09,1
8444f51ffffffff-2019-01,1
8444f51ffffffff-2022-01,1
8444f51ffffffff-2022-04,1
8444f51ffffffff-2022-12,3
8444f53ffffffff-2012-08,1
8444f53ffffffff-2014-10,1
8444f53ffffffff-2017-11,1
8444f53ffffffff-2018-03,2
8444f53ffffffff-2019-04,1
8444f53ffffffff-2020-03,2
8444f53ffffffff-2020-04,1
8444f53ffffffff-2020-12,1
8444f53ffffffff-2021-03,1
8444f53ffffffff-2021-09,4
8444f53ffffffff-2022-09,2
8444f53ffffffff-2022-12,1
8444f53ffffffff-2023-01,2
8444f53ffffffff-2023-09,1
8444f55ffffffff-2012-09,1
8444f55ffffffff-2012-10,2
8444f55ffffffff-2012-12,2
8444f55ffffffff-2013-01,1
8444f55ffffffff-2013-03,1
8444f55ffffffff-2013-04,3
8444f55ffffffff-2013-08,1
8444f55ffffffff-2013-12,1
8444f55ffffffff-2014-04,3
8444f55ffffffff-2014-11,1
8444f55ffffffff-2015-03,3
8444f55ffffffff-2015-04,9
8444f55ffffffff-2015-05,1
8444f55ffffffff-2016-02,1
8444f55ffffffff-2016-10,1
8444f55ffffffff-2016-11,3
8444f55ffffffff-2016-12,2
8444f55ffffffff-2017-02,10
8444f55ffffffff-2017-03,4
8444f55ffffffff-2017-04,3
8444f55ffffffff-2017-05,2
8444f55ffffffff-2017-08,2
8444f55ffffffff-2017-10,4
8444f55ffffffff-2017-12,7
8444f55ffffffff-2018-03,6
8444f55ffffffff-2018-04,4
8444f55ffffffff-2018-12,6
8444f55ffffffff-2019-03,2
8444f55ffffffff-2019-09,1
8444f55ffffffff-2019-11,5
8444f55ffffffff-2019-12,1
8444f55ffffffff-2020-04,4
8444f55ffffffff-2021-08,1
8444f55ffffffff-2021-09,2
8444f55ffffffff-2022-05,6
8444f55ffffffff-2022-12,12
8444f57ffffffff-2012-01,2
8444f57ffffffff-2012-03,1
8444f57ffffffff-2012-05,1
8444f57ffffffff-2012-11,2
8444f57ffffffff-2013-02,1
8444f57ffffffff-2013-11,2
8444f57ffffffff-2013-12,1
8444f57ffffffff-2014-04,1
8444f57ffffffff-2015-11,1
8444f57ffffffff-2016-01,1
8444f57ffffffff-2016-03,1
8444f57ffffffff-2016-05,2
8444f57ffffffff-2017-04,4
8444f57ffffffff-2017-12,1
8444f57ffffffff-2018-01,2
8444f57ffffffff-2019-11,6
8444f57ffffffff-2020-01,2
8444f57ffffffff-2020-02,3
8444f57ffffffff-2021-10,2
8444f57ffffffff-2022-02,2
8444f57ffffffff-2022-04,1
8444f57ffffffff-2022-11,1
8444f57ffffffff-2023-02,9
8444f57ffffffff-2023-03,16
8444f57ffffffff-2023-04,1
8444f57ffffffff-2023-11,2
8444f59ffffffff-2014-04,2
8444f59ffffffff-2015-09,1
8444f59ffffffff-2016-08,1
8444f59ffffffff-2016-10,5
8444f59ffffffff-2016-12,2
8444f59ffffffff-2017-07,1
8444f59ffffffff-2017-10,1
8444f59ffffffff-2017-11,1
8444f59ffffffff-2018-08,2
8444f59ffffffff-2018-09,13
8444f59ffffffff-2018-12,2
8444f59ffffffff-2019-01,1
8444f59ffffffff-2019-02,1
8444f59ffffffff-2019-03,1
8444f59ffffffff-2019-08,1
8444f59ffffffff-2019-09,3
8444f59ffffffff-2020-02,2
8444f59ffffffff-2020-04,2
8444f59ffffffff-2020-08,2
8444f59ffffffff-2020-09,6
8444f59ffffffff-2021-04,1
8444f59ffffffff-2021-08,2
8444f59ffffffff-2021-09,9
8444f59ffffffff-2021-12,1
8444f59ffffffff-2022-04,1
8444f59ffffffff-2023-02,1
8444f59ffffffff-2023-04,1
8444f5bffffffff-2018-04,2
8444f5dffffffff-2013-02,7
8444f5dffffffff-2013-03,12
8444f5dffffffff-2013-04,5
8444f5dffffffff-2013-05,3
8444f5dffffffff-2015-11,1
8444f5dffffffff-2017-03,2
8444f5dffffffff-2017-04,3
8444f5dffffffff-2018-05,1
8444f5dffffffff-2019-03,3
8444f5dffffffff-2019-04,1
8444f5dffffffff-2019-09,8
8444f5dffffffff-2020-04,2
8444f5dffffffff-2021-01,1
8444f5dffffffff-2021-02,5
8444f5dffffffff-2021-03,1
8444f5dffffffff-2021-04,4
8444f5dffffffff-2021-09,20
8444f5dffffffff-2021-11,1
8444f5dffffffff-2021-12,3
8444f5dffffffff-2022-01,2
8444f5dffffffff-2022-02,2
8444f5dffffffff-2022-03,4
8444f5dffffffff-2022-04,9
8444f5dffffffff-2022-09,1
8444f5dffffffff-2022-10,5
8444f5dffffffff-2022-11,1
8444f5dffffffff-2023-02,1
8444f5dffffffff-2023-03,1
8444f5dffffffff-2023-04,3
8444f5dffffffff-2023-06,1
8444f5dffffffff-2023-08,1
8444f5dffffffff-2023-10,2
8444f5dffffffff-2023-11,1
8444f61ffffffff-2013-04,2
8444f61ffffffff-2013-09,1
8444f61ffffffff-2013-10,2
8444f61ffffffff-2013-12,1
8444f61ffffffff-2014-02,1
8444f61ffffffff-2014-03,2
8444f61ffffffff-2014-04,1
8444f61ffffffff-2014-09,1
8444f61ffffffff-2015-03,1
8444f61ffffffff-2015-04,1
8444f61ffffffff-2015-05,1
8444f61ffffffff-2015-10,1
8444f61ffffffff-2016-02,6
8444f61ffffffff-2016-08,2
8444f61ffffffff-2016-09,2
8444f61ffffffff-2016-12,1
8444f61ffffffff-2017-01,1
8444f61ffffffff-2017-02,8
8444f61ffffffff-2017-03,1
8444f61ffffffff-2017-04,1
8444f61ffffffff-2017-05,1
8444f61ffffffff-2017-07,4
8444f61ffffffff-2017-08,4
8444f61ffffffff-2017-10,2
8444f61ffffffff-2017-11,1
8444f61ffffffff-2017-12,1
8444f61ffffffff-2018-01,2
8444f61ffffffff-2018-02,8
8444f61ffffffff-2018-03,13
8444f61ffffffff-2018-04,3
8444f61ffffffff-2018-07,4
8444f61ffffffff-2018-08,3
8444f61ffffffff-2018-09,1
8444f61ffffffff-2018-11,1
8444f61ffffffff-2019-01,1
8444f61ffffffff-2019-02,4
8444f61ffffffff-2019-03,2
8444f61ffffffff-2019-04,1
8444f61ffffffff-2019-05,1
8444f61ffffffff-2019-07,1
8444f61ffffffff-2019-08,4
8444f61ffffffff-2019-09,3
8444f61ffffffff-2019-12,1
8444f61ffffffff-2020-02,1
8444f61ffffffff-2020-04,2
8444f61ffffffff-2020-05,1
8444f61ffffffff-2020-07,1
8444f61ffffffff-2020-08,2
8444f61ffffffff-2021-03,1
8444f61ffffffff-2021-08,1
8444f61ffffffff-2021-12,2
8444f61ffffffff-2022-02,1
8444f61ffffffff-2022-04,1
8444f61ffffffff-2022-11,1
8444f61ffffffff-2023-01,2
8444f61ffffffff-2023-02,1
8444f63ffffffff-2012-01,2
8444f63ffffffff-2012-02,1
8444f63ffffffff-2012-04,5
8444f63ffffffff-2012-10,1
8444f63ffffffff-2012-12,1
8444f63ffffffff-2013-01,1
8444f63ffffffff-2013-03,3
8444f63ffffffff-2013-04,3
8444f63ffffffff-2013-05,1
8444f63ffffffff-2013-07,1
8444f63ffffffff-2013-12,1
8444f63ffffffff-2014-01,1
8444f63ffffffff-2014-02,3
8444f63ffffffff-2014-03,5
8444f63ffffffff-2014-04,2
8444f63ffffffff-2014-08,1
8444f63ffffffff-2014-09,2
8444f63ffffffff-2015-01,5
8444f63ffffffff-2015-02,1
8444f63ffffffff-2015-03,5
8444f63ffffffff-2015-04,5
8444f63ffffffff-2015-05,1
8444f63ffffffff-2015-06,2
8444f63ffffffff-2015-07,2
8444f63ffffffff-2015-10,1
8444f63ffffffff-2015-11,2
8444f63ffffffff-2015-12,3
8444f63ffffffff-2016-01,6
8444f63ffffffff-2016-02,3
8444f63ffffffff-2016-03,3
8444f63ffffffff-2016-04,4
8444f63ffffffff-2016-05,1
8444f63ffffffff-2016-11,1
8444f63ffffffff-2016-12,1
8444f63ffffffff-2017-02,2
8444f63ffffffff-2017-04,5
8444f63ffffffff-2017-07,1
8444f63ffffffff-2017-09,1
8444f63ffffffff-2017-10,1
8444f63ffffffff-2017-11,2
8444f63ffffffff-2017-12,3
8444f63ffffffff-2018-01,3
8444f63ffffffff-2018-02,6
8444f63ffffffff-2018-03,9
8444f63ffffffff-2018-04,19
8444f63ffffffff-2018-05,2
8444f63ffffffff-2018-07,3
8444f63ffffffff-2018-11,1
8444f63ffffffff-2018-12,1
8444f63ffffffff-2019-04,2
8444f63ffffffff-2019-05,2
8444f63ffffffff-2019-07,1
8444f63ffffffff-2019-10,2
8444f63ffffffff-2019-12,2
8444f63ffffffff-2020-01,1
8444f63ffffffff-2020-02,4
8444f63ffffffff-2020-03,1
8444f63ffffffff-2020-04,2
8444f63ffffffff-2020-05,1
8444f63ffffffff-2020-06,1
8444f63ffffffff-2020-07,3
8444f63ffffffff-2020-08,3
8444f63ffffffff-2020-09,4
8444f63ffffffff-2020-10,2
8444f63ffffffff-2020-11,6
8444f63ffffffff-2020-12,7
8444f63ffffffff-2021-01,5
8444f63ffffffff-2021-02,2
8444f63ffffffff-2021-03,5
8444f63ffffffff-2021-04,6
8444f63ffffffff-2021-05,2
8444f63ffffffff-2021-10,1
8444f63ffffffff-2021-11,2
8444f63ffffffff-2021-12,9
8444f63ffffffff-2022-01,5
8444f63ffffffff-2022-02,4
8444f63ffffffff-2022-03,20
8444f63ffffffff-2022-04,11
8444f63ffffffff-2022-05,1
8444f63ffffffff-2022-07,2
8444f63ffffffff-2022-08,5
8444f63ffffffff-2022-09,1
8444f63ffffffff-2022-10,2
8444f63ffffffff-2022-11,4
8444f63ffffffff-2022-12,6
8444f63ffffffff-2023-01,4
8444f63ffffffff-2023-02,9
8444f63ffffffff-2023-03,8
8444f63ffffffff-2023-04,11
8444f63ffffffff-2023-05,10
8444f63ffffffff-2023-07,2
8444f63ffffffff-2023-11,2
8444f69ffffffff-2013-01,1
8444f69ffffffff-2013-03,1
8444f69ffffffff-2013-09,1
8444f69ffffffff-2014-01,1
8444f69ffffffff-2014-02,1
8444f69ffffffff-2015-02,1
8444f69ffffffff-2015-03,1
8444f69ffffffff-2015-04,2
8444f69ffffffff-2016-03,2
8444f69ffffffff-2016-04,1
8444f69ffffffff-2016-05,2
8444f69ffffffff-2016-12,2
8444f69ffffffff-2017-02,1
8444f69ffffffff-2017-03,2
8444f69ffffffff-2017-07,1
8444f69ffffffff-2017-08,27
8444f69ffffffff-2017-09,7
8444f69ffffffff-2017-12,3
8444f69ffffffff-2018-01,4
8444f69ffffffff-2018-03,2
8444f69ffffffff-2018-04,3
8444f69ffffffff-2018-05,5
8444f69ffffffff-2018-07,2
8444f69ffffffff-2018-08,2
8444f69ffffffff-2018-12,1
8444f69ffffffff-2019-03,3
8444f69ffffffff-2019-04,4
8444f69ffffffff-2019-05,2
8444f69ffffffff-2019-09,1
8444f69ffffffff-2019-10,1
8444f69ffffffff-2020-01,2
8444f69ffffffff-2020-05,1
8444f69ffffffff-2020-08,1
8444f69ffffffff-2020-11,3
8444f69ffffffff-2021-01,1
8444f69ffffffff-2021-08,5
8444f69ffffffff-2021-09,1
8444f69ffffffff-2022-03,1
8444f69ffffffff-2022-08,1
8444f69ffffffff-2022-09,9
8444f69ffffffff-2022-10,2
8444f69ffffffff-2022-11,2
8444f69ffffffff-2022-12,17
8444f69ffffffff-2023-01,26
8444f69ffffffff-2023-02,21
8444f69ffffffff-2023-03,12
8444f69ffffffff-2023-04,11
8444f69ffffffff-2023-05,16
8444f69ffffffff-2023-06,2
8444f69ffffffff-2023-08,2
8444f69ffffffff-2023-09,5
8444f69ffffffff-2023-10,8
8444f69ffffffff-2023-11,3
8444f6bffffffff-2012-04,3
8444f6bffffffff-2012-08,1
8444f6bffffffff-2013-05,10
8444f6bffffffff-2013-12,1
8444f6bffffffff-2014-02,19
8444f6bffffffff-2014-03,2
8444f6bffffffff-2014-05,2
8444f6bffffffff-2014-08,3
8444f6bffffffff-2014-09,3
8444f6bffffffff-2015-01,3
8444f6bffffffff-2015-02,1
8444f6bffffffff-2015-12,1
8444f6bffffffff-2016-01,1
8444f6bffffffff-2016-10,2
8444f6bffffffff-2016-11,7
8444f6bffffffff-2016-12,2
8444f6bffffffff-2017-01,7
8444f6bffffffff-2017-02,6
8444f6bffffffff-2017-03,1
8444f6bffffffff-2017-04,2
8444f6bffffffff-2017-07,1
8444f6bffffffff-2017-09,2
8444f6bffffffff-2017-10,2
8444f6bffffffff-2017-11,4
8444f6bffffffff-2018-01,3
8444f6bffffffff-2018-02,10
8444f6bffffffff-2018-03,4
8444f6bffffffff-2018-04,2
8444f6bffffffff-2018-05,1
8444f6bffffffff-2018-11,14
8444f6bffffffff-2018-12,2
8444f6bffffffff-2019-01,7
8444f6bffffffff-2019-02,8
8444f6bffffffff-2019-03,24
8444f6bffffffff-2019-04,6
8444f6bffffffff-2019-05,1
8444f6bffffffff-2019-09,14
8444f6bffffffff-2019-10,2
8444f6bffffffff-2019-11,4
8444f6bffffffff-2020-01,4
8444f6bffffffff-2020-02,3
8444f6bffffffff-2020-03,19
8444f6bffffffff-2020-04,34
8444f6bffffffff-2020-05,7
8444f6bffffffff-2020-07,3
8444f6bffffffff-2020-08,6
8444f6bffffffff-2020-09,3
8444f6bffffffff-2020-10,5
8444f6bffffffff-2020-11,3
8444f6bffffffff-2020-12,3
8444f6bffffffff-2021-02,13
8444f6bffffffff-2021-03,16
8444f6bffffffff-2021-04,6
8444f6bffffffff-2021-05,4
8444f6bffffffff-2021-08,4
8444f6bffffffff-2021-09,4
8444f6bffffffff-2021-10,1
8444f6bffffffff-2022-03,1
8444f6bffffffff-2022-04,4
8444f6bffffffff-2022-05,2
8444f6bffffffff-2022-08,5
8444f6bffffffff-2023-01,2
8444f6bffffffff-2023-02,2
8444f6bffffffff-2023-03,3
8444f6bffffffff-2023-04,2
8444f6bffffffff-2023-05,3
8444f6bffffffff-2023-07,7
8444f6bffffffff-2023-08,12
8444f6bffffffff-2023-11,2
8444f6dffffffff-2012-04,1
8444f6dffffffff-2012-07,1
8444f6dffffffff-2013-09,2
8444f6dffffffff-2013-12,1
8444f6dffffffff-2014-01,1
8444f6dffffffff-2014-08,1
8444f6dffffffff-2014-11,1
8444f6dffffffff-2015-01,9
8444f6dffffffff-2015-02,1
8444f6dffffffff-2015-03,3
8444f6dffffffff-2015-10,1
8444f6dffffffff-2015-12,1
8444f6dffffffff-2016-01,3
8444f6dffffffff-2016-02,1
8444f6dffffffff-2016-03,1
8444f6dffffffff-2016-04,2
8444f6dffffffff-2016-08,3
8444f6dffffffff-2016-12,1
8444f6dffffffff-2017-01,1
8444f6dffffffff-2017-05,1
8444f6dffffffff-2017-09,1
8444f6dffffffff-2017-10,3
8444f6dffffffff-2018-02,2
8444f6dffffffff-2018-05,1
8444f6dffffffff-2018-07,3
8444f6dffffffff-2018-10,1
8444f6dffffffff-2018-11,4
8444f6dffffffff-2018-12,3
8444f6dffffffff-2019-01,2
8444f6dffffffff-2019-02,2
8444f6dffffffff-2019-03,5
8444f6dffffffff-2019-05,1
8444f6dffffffff-2019-07,3
8444f6dffffffff-2019-08,3
8444f6dffffffff-2019-09,4
8444f6dffffffff-2019-11,2
8444f6dffffffff-2019-12,1
8444f6dffffffff-2020-01,8
8444f6dffffffff-2020-03,1
8444f6dffffffff-2020-04,1
8444f6dffffffff-2020-07,3
8444f6dffffffff-2020-08,2
8444f6dffffffff-2020-11,1
8444f6dffffffff-2021-01,1
8444f6dffffffff-2021-02,5
8444f6dffffffff-2021-03,7
8444f6dffffffff-2021-07,2
8444f6dffffffff-2021-08,2
8444f6dffffffff-2021-10,1
8444f6dffffffff-2021-11,1
8444f6dffffffff-2021-12,1
8444f6dffffffff-2022-01,6
8444f6dffffffff-2022-02,5
8444f6dffffffff-2022-07,2
8444f6dffffffff-2022-08,1
8444f6dffffffff-2022-09,3
8444f6dffffffff-2022-11,1
8444f6dffffffff-2022-12,6
8444f6dffffffff-2023-01,2
8444f6dffffffff-2023-04,2
8444f6dffffffff-2023-06,1
8444f6dffffffff-2023-08,3
8445011ffffffff-2023-01,1
8445015ffffffff-2013-11,2
8445019ffffffff-2015-01,1
8445019ffffffff-2017-08,1
8445019ffffffff-2017-11,5
8445019ffffffff-2018-01,2
8445019ffffffff-2018-02,5
8445019ffffffff-2019-09,4
8445019ffffffff-2019-10,2
8445019ffffffff-2020-02,4
8445019ffffffff-2020-08,1
8445019ffffffff-2021-01,3
8445019ffffffff-2021-03,2
8445019ffffffff-2021-08,3
8445019ffffffff-2021-11,1
8445019ffffffff-2022-03,1
8445019ffffffff-2022-04,1
8445019ffffffff-2022-10,1
8445019ffffffff-2023-01,1
8445019ffffffff-2023-03,4
8445019ffffffff-2023-04,1
844501bffffffff-2019-10,1
8445053ffffffff-2012-02,1
8445053ffffffff-2012-03,2
8445053ffffffff-2012-10,1
8445053ffffffff-2014-02,2
8445053ffffffff-2014-03,3
8445053ffffffff-2014-11,3
8445053ffffffff-2015-08,1
8445053ffffffff-2016-02,1
8445053ffffffff-2016-03,1
8445053ffffffff-2016-09,2
8445053ffffffff-2016-10,4
8445053ffffffff-2017-01,4
8445053ffffffff-2017-03,1
8445053ffffffff-2017-08,3
8445053ffffffff-2017-10,2
8445053ffffffff-2018-01,2
8445053ffffffff-2018-02,1
8445053ffffffff-2018-04,2
8445053ffffffff-2018-08,9
8445053ffffffff-2018-09,2
8445053ffffffff-2018-10,2
8445053ffffffff-2018-11,3
8445053ffffffff-2018-12,2
8445053ffffffff-2019-01,2
8445053ffffffff-2019-04,1
8445053ffffffff-2019-09,3
8445053ffffffff-2019-10,8
8445053ffffffff-2019-11,1
8445053ffffffff-2019-12,2
8445053ffffffff-2020-01,2
8445053ffffffff-2020-02,3
8445053ffffffff-2020-03,2
8445053ffffffff-2020-07,1
8445053ffffffff-2020-08,8
8445053ffffffff-2020-10,6
8445053ffffffff-2020-12,2
8445053ffffffff-2021-02,1
8445053ffffffff-2021-03,7
8445053ffffffff-2021-12,1
8445053ffffffff-2022-01,2
8445053ffffffff-2022-03,4
8445053ffffffff-2022-04,2
8445053ffffffff-2022-07,2
8445053ffffffff-2022-08,1
8445053ffffffff-2022-10,2
8445053ffffffff-2022-11,6
8445053ffffffff-2022-12,4
8445053ffffffff-2023-01,16
8445053ffffffff-2023-02,13
8445053ffffffff-2023-03,5
8445053ffffffff-2023-04,6
8445053ffffffff-2023-05,7
8445053ffffffff-2023-09,1
8445053ffffffff-2023-10,4
8445057ffffffff-2015-09,1
8445057ffffffff-2018-04,1
8445057ffffffff-2018-10,1
8445057ffffffff-2018-11,2
8445057ffffffff-2022-03,1
8445057ffffffff-2022-12,1
8445057ffffffff-2023-03,1
8445059ffffffff-2013-04,1
8445059ffffffff-2013-10,1
8445059ffffffff-2014-10,1
8445059ffffffff-2015-02,1
8445059ffffffff-2015-10,1
8445059ffffffff-2016-03,2
8445059ffffffff-2016-05,1
8445059ffffffff-2016-09,2
8445059ffffffff-2016-10,13
8445059ffffffff-2016-11,2
8445059ffffffff-2017-01,1
8445059ffffffff-2017-02,12
8445059ffffffff-2017-04,1
8445059ffffffff-2017-05,5
8445059ffffffff-2017-07,1
8445059ffffffff-2017-08,4
8445059ffffffff-2017-09,9
8445059ffffffff-2017-10,11
8445059ffffffff-2018-02,4
8445059ffffffff-2018-03,5
8445059ffffffff-2018-04,1
8445059ffffffff-2018-08,1
8445059ffffffff-2018-09,6
8445059ffffffff-2018-10,4
8445059ffffffff-2018-11,13
8445059ffffffff-2018-12,3
8445059ffffffff-2019-01,3
8445059ffffffff-2019-02,1
8445059ffffffff-2019-04,2
8445059ffffffff-2019-05,2
8445059ffffffff-2019-09,6
8445059ffffffff-2019-11,1
8445059ffffffff-2019-12,2
8445059ffffffff-2020-01,4
8445059ffffffff-2020-03,3
8445059ffffffff-2020-10,1
8445059ffffffff-2021-01,1
8445059ffffffff-2021-11,2
8445059ffffffff-2022-02,2
8445059ffffffff-2022-10,7
8445059ffffffff-2022-12,1
8445059ffffffff-2023-01,1
8445059ffffffff-2023-04,1
8445059ffffffff-2023-10,2
844505bffffffff-2013-10,3
844505bffffffff-2013-11,1
844505bffffffff-2014-11,2
844505bffffffff-2015-01,1
844505bffffffff-2015-02,1
844505bffffffff-2015-10,1
844505bffffffff-2015-11,6
844505bffffffff-2015-12,1
844505bffffffff-2016-01,3
844505bffffffff-2016-02,1
844505bffffffff-2016-03,3
844505bffffffff-2016-04,1
844505bffffffff-2016-08,6
844505bffffffff-2016-09,19
844505bffffffff-2016-10,7
844505bffffffff-2016-11,7
844505bffffffff-2016-12,5
844505bffffffff-2017-01,11
844505bffffffff-2017-02,9
844505bffffffff-2017-03,2
844505bffffffff-2017-04,8
844505bffffffff-2017-05,1
844505bffffffff-2017-08,12
844505bffffffff-2017-09,16
844505bffffffff-2017-10,8
844505bffffffff-2017-11,6
844505bffffffff-2017-12,3
844505bffffffff-2018-01,9
844505bffffffff-2018-02,16
844505bffffffff-2018-03,21
844505bffffffff-2018-04,8
844505bffffffff-2018-07,4
844505bffffffff-2018-08,10
844505bffffffff-2018-09,10
844505bffffffff-2018-10,5
844505bffffffff-2018-11,8
844505bffffffff-2018-12,14
844505bffffffff-2019-01,12
844505bffffffff-2019-02,18
844505bffffffff-2019-03,3
844505bffffffff-2019-04,4
844505bffffffff-2019-05,2
844505bffffffff-2019-07,1
844505bffffffff-2019-08,8
844505bffffffff-2019-09,4
844505bffffffff-2019-10,6
844505bffffffff-2019-11,20
844505bffffffff-2019-12,6
844505bffffffff-2020-01,3
844505bffffffff-2020-02,3
844505bffffffff-2020-03,1
844505bffffffff-2020-05,5
844505bffffffff-2020-06,1
844505bffffffff-2020-08,2
844505bffffffff-2020-09,1
844505bffffffff-2020-10,6
844505bffffffff-2020-11,7
844505bffffffff-2020-12,2
844505bffffffff-2021-01,1
844505bffffffff-2021-03,1
844505bffffffff-2021-04,3
844505bffffffff-2021-05,3
844505bffffffff-2021-07,6
844505bffffffff-2021-08,2
844505bffffffff-2021-09,4
844505bffffffff-2021-11,2
844505bffffffff-2022-01,6
844505bffffffff-2022-03,4
844505bffffffff-2022-04,4
844505bffffffff-2022-05,1
844505bffffffff-2022-08,2
844505bffffffff-2022-09,10
844505bffffffff-2022-10,3
844505bffffffff-2022-11,6
844505bffffffff-2023-02,3
844505bffffffff-2023-03,7
844505bffffffff-2023-04,14
844505bffffffff-2023-05,2
844505bffffffff-2023-06,1
844505bffffffff-2023-07,1
844505bffffffff-2023-08,4
844505bffffffff-2023-09,2
844505bffffffff-2023-11,12
8445085ffffffff-2017-04,3
8445091ffffffff-2012-09,1
8445091ffffffff-2017-02,2
8445091ffffffff-2017-04,3
8445091ffffffff-2017-08,5
8445091ffffffff-2017-12,1
8445091ffffffff-2018-04,7
8445091ffffffff-2018-07,1
8445091ffffffff-2018-09,3
8445091ffffffff-2018-10,1
8445091ffffffff-2018-11,4
8445091ffffffff-2018-12,3
8445091ffffffff-2019-01,3
8445091ffffffff-2019-02,2
8445091ffffffff-2019-04,2
8445091ffffffff-2019-10,2
8445091ffffffff-2019-11,2
8445091ffffffff-2019-12,2
8445091ffffffff-2020-02,3
8445091ffffffff-2020-11,12
8445091ffffffff-2020-12,4
8445091ffffffff-2021-01,5
8445091ffffffff-2021-02,7
8445091ffffffff-2021-03,1
8445091ffffffff-2021-04,4
8445091ffffffff-2021-05,2
8445091ffffffff-2021-08,12
8445091ffffffff-2021-09,10
8445091ffffffff-2021-10,12
8445091ffffffff-2021-11,11
8445091ffffffff-2021-12,6
8445091ffffffff-2022-01,6
8445091ffffffff-2022-02,1
8445091ffffffff-2022-04,3
8445091ffffffff-2022-08,2
8445091ffffffff-2022-12,1
8445091ffffffff-2023-01,18
8445091ffffffff-2023-02,4
8445091ffffffff-2023-04,2
8445091ffffffff-2023-09,2
8445091ffffffff-2023-11,5
8445093ffffffff-2012-01,2
8445093ffffffff-2012-12,1
8445093ffffffff-2013-03,1
8445093ffffffff-2014-10,1
8445093ffffffff-2015-04,1
8445093ffffffff-2015-11,2
8445093ffffffff-2016-02,1
8445093ffffffff-2016-09,1
8445093ffffffff-2016-12,2
8445093ffffffff-2017-08,1
8445093ffffffff-2017-09,2
8445093ffffffff-2017-11,1
8445093ffffffff-2017-12,1
8445093ffffffff-2018-03,12
8445093ffffffff-2018-05,7
8445093ffffffff-2018-09,2
8445093ffffffff-2018-12,1
8445093ffffffff-2019-02,2
8445093ffffffff-2019-11,1
8445093ffffffff-2019-12,1
8445093ffffffff-2020-02,6
8445093ffffffff-2021-04,1
8445093ffffffff-2021-11,1
8445093ffffffff-2022-01,3
8445093ffffffff-2022-04,3
8445093ffffffff-2022-08,2
8445093ffffffff-2022-09,1
8445093ffffffff-2022-11,1
8445093ffffffff-2023-02,4
8445093ffffffff-2023-05,2
8445093ffffffff-2023-09,2
8445093ffffffff-2023-11,1
8445097ffffffff-2013-12,1
8445097ffffffff-2016-01,4
8445097ffffffff-2016-11,3
8445097ffffffff-2016-12,2
8445097ffffffff-2017-09,3
8445097ffffffff-2017-10,8
8445097ffffffff-2018-01,6
8445097ffffffff-2018-05,2
8445097ffffffff-2018-09,1
8445097ffffffff-2018-12,11
8445097ffffffff-2019-01,2
8445097ffffffff-2019-02,4
8445097ffffffff-2019-05,2
8445097ffffffff-2019-09,2
8445097ffffffff-2019-11,8
8445097ffffffff-2019-12,1
8445097ffffffff-2020-01,8
8445097ffffffff-2020-02,4
8445097ffffffff-2020-09,1
8445097ffffffff-2022-04,3
8445097ffffffff-2022-12,9
8445097ffffffff-2023-01,6
844509bffffffff-2012-01,1
844509bffffffff-2012-05,1
844509bffffffff-2012-11,2
844509bffffffff-2012-12,4
844509bffffffff-2013-01,7
844509bffffffff-2013-02,2
844509bffffffff-2013-03,1
844509bffffffff-2013-09,1
844509bffffffff-2014-01,5
844509bffffffff-2014-03,1
844509bffffffff-2015-01,7
844509bffffffff-2015-02,2
844509bffffffff-2015-03,13
844509bffffffff-2015-10,1
844509bffffffff-2015-11,2
844509bffffffff-2015-12,2
844509bffffffff-2016-01,10
844509bffffffff-2016-02,13
844509bffffffff-2016-03,11
844509bffffffff-2016-04,2
844509bffffffff-2016-07,5
844509bffffffff-2016-08,8
844509bffffffff-2016-09,16
844509bffffffff-2016-10,1
844509bffffffff-2016-11,3
844509bffffffff-2016-12,8
844509bffffffff-2017-01,19
844509bffffffff-2017-02,21
844509bffffffff-2017-03,5
844509bffffffff-2017-05,1
844509bffffffff-2017-07,4
844509bffffffff-2017-09,20
844509bffffffff-2017-10,14
844509bffffffff-2017-11,10
844509bffffffff-2017-12,6
844509bffffffff-2018-01,27
844509bffffffff-2018-02,23
844509bffffffff-2018-03,31
844509bffffffff-2018-04,21
844509bffffffff-2018-05,45
844509bffffffff-2018-07,14
844509bffffffff-2018-08,16
844509bffffffff-2018-09,52
844509bffffffff-2018-10,4
844509bffffffff-2018-11,11
844509bffffffff-2018-12,17
844509bffffffff-2019-01,29
844509bffffffff-2019-02,31
844509bffffffff-2019-03,14
844509bffffffff-2019-04,1
844509bffffffff-2019-05,2
844509bffffffff-2019-07,2
844509bffffffff-2019-08,2
844509bffffffff-2019-09,6
844509bffffffff-2019-10,2
844509bffffffff-2019-12,17
844509bffffffff-2020-01,36
844509bffffffff-2020-02,31
844509bffffffff-2020-03,7
844509bffffffff-2020-07,7
844509bffffffff-2020-08,7
844509bffffffff-2020-09,11
844509bffffffff-2020-10,17
844509bffffffff-2020-11,19
844509bffffffff-2020-12,8
844509bffffffff-2021-01,44
844509bffffffff-2021-02,10
844509bffffffff-2021-03,5
844509bffffffff-2021-04,13
844509bffffffff-2021-05,1
844509bffffffff-2021-08,4
844509bffffffff-2021-09,30
844509bffffffff-2021-10,27
844509bffffffff-2021-11,33
844509bffffffff-2021-12,17
844509bffffffff-2022-01,36
844509bffffffff-2022-02,20
844509bffffffff-2022-03,19
844509bffffffff-2022-04,13
844509bffffffff-2022-05,28
844509bffffffff-2022-07,4
844509bffffffff-2022-08,3
844509bffffffff-2022-09,40
844509bffffffff-2022-10,24
844509bffffffff-2022-11,6
844509bffffffff-2022-12,17
844509bffffffff-2023-01,30
844509bffffffff-2023-02,14
844509bffffffff-2023-03,21
844509bffffffff-2023-04,17
844509bffffffff-2023-05,18
844509bffffffff-2023-07,1
844509bffffffff-2023-08,4
844509bffffffff-2023-09,10
844509bffffffff-2023-10,4
844509bffffffff-2023-11,8
84450a5ffffffff-2012-04,1
84450a5ffffffff-2014-01,1
84450a5ffffffff-2016-02,2
84450a5ffffffff-2016-04,1
84450a5ffffffff-2016-12,1
84450a5ffffffff-2017-04,1
84450a5ffffffff-2017-09,1
84450a5ffffffff-2019-01,1
84450a5ffffffff-2019-02,2
84450a5ffffffff-2019-09,1
84450a5ffffffff-2020-03,1
84450a5ffffffff-2020-11,1
84450a5ffffffff-2022-02,1
84450a5ffffffff-2022-03,1
84450a5ffffffff-2023-05,5
84450a7ffffffff-2013-12,1
84450a7ffffffff-2015-04,2
84450a7ffffffff-2016-04,1
84450a7ffffffff-2023-11,1
84450a9ffffffff-2012-03,5
84450a9ffffffff-2016-02,1
84450a9ffffffff-2017-01,2
84450a9ffffffff-2018-12,1
84450a9ffffffff-2019-01,1
84450a9ffffffff-2019-02,2
84450a9ffffffff-2020-01,1
84450a9ffffffff-2023-01,1
84450a9ffffffff-2023-02,1
84450a9ffffffff-2023-04,1
84450a9ffffffff-2023-05,2
84450adffffffff-2012-06,1
84450adffffffff-2013-02,1
84450adffffffff-2013-09,2
84450adffffffff-2013-12,2
84450adffffffff-2014-01,1
84450adffffffff-2014-02,1
84450adffffffff-2014-03,2
84450adffffffff-2014-07,2
84450adffffffff-2014-11,2
84450adffffffff-2015-01,1
84450adffffffff-2015-03,1
84450adffffffff-2015-10,1
84450adffffffff-2015-12,1
84450adffffffff-2016-02,1
84450adffffffff-2016-03,1
84450adffffffff-2016-04,4
84450adffffffff-2016-05,3
84450adffffffff-2016-08,2
84450adffffffff-2016-11,2
84450adffffffff-2016-12,1
84450adffffffff-2017-01,4
84450adffffffff-2017-02,3
84450adffffffff-2017-03,2
84450adffffffff-2017-04,1
84450adffffffff-2017-05,1
84450adffffffff-2017-10,2
84450adffffffff-2017-12,1
84450adffffffff-2018-03,2
84450adffffffff-2018-10,1
84450adffffffff-2018-12,7
84450adffffffff-2019-01,3
84450adffffffff-2019-02,4
84450adffffffff-2019-04,6
84450adffffffff-2019-10,1
84450adffffffff-2019-12,2
84450adffffffff-2020-01,2
84450adffffffff-2020-02,6
84450adffffffff-2020-03,4
84450adffffffff-2020-12,3
84450adffffffff-2021-04,2
84450adffffffff-2021-09,1
84450adffffffff-2021-11,6
84450adffffffff-2021-12,4
84450adffffffff-2022-01,4
84450adffffffff-2022-03,10
84450adffffffff-2022-04,7
84450adffffffff-2022-07,2
84450adffffffff-2022-08,3
84450adffffffff-2022-09,2
84450adffffffff-2022-12,3
84450adffffffff-2023-01,8
84450adffffffff-2023-02,1
84450adffffffff-2023-03,3
84450adffffffff-2023-04,6
84450adffffffff-2023-05,7
84450adffffffff-2023-08,2
84450adffffffff-2023-09,4
84450adffffffff-2023-10,8
84450adffffffff-2023-11,16
84450b1ffffffff-2012-01,2
84450b1ffffffff-2012-07,3
84450b1ffffffff-2012-11,1
84450b1ffffffff-2012-12,2
84450b1ffffffff-2013-03,1
84450b1ffffffff-2013-09,1
84450b1ffffffff-2013-12,3
84450b1ffffffff-2014-01,13
84450b1ffffffff-2014-02,24
84450b1ffffffff-2014-03,6
84450b1ffffffff-2014-04,4
84450b1ffffffff-2014-06,1
84450b1ffffffff-2014-07,2
84450b1ffffffff-2014-09,3
84450b1ffffffff-2014-10,13
84450b1ffffffff-2014-11,10
84450b1ffffffff-2014-12,12
84450b1ffffffff-2015-01,19
84450b1ffffffff-2015-02,3
84450b1ffffffff-2015-03,5
84450b1ffffffff-2015-04,10
84450b1ffffffff-2015-05,1
84450b1ffffffff-2015-06,1
84450b1ffffffff-2015-08,2
84450b1ffffffff-2015-09,3
84450b1ffffffff-2015-10,1
84450b1ffffffff-2015-11,7
84450b1ffffffff-2015-12,4
84450b1ffffffff-2016-01,6
84450b1ffffffff-2016-02,13
84450b1ffffffff-2016-03,7
84450b1ffffffff-2016-04,8
84450b1ffffffff-2016-08,2
84450b1ffffffff-2016-09,5
84450b1ffffffff-2016-10,4
84450b1ffffffff-2016-11,3
84450b1ffffffff-2016-12,6
84450b1ffffffff-2017-01,3
84450b1ffffffff-2017-02,3
84450b1ffffffff-2017-03,13
84450b1ffffffff-2017-05,6
84450b1ffffffff-2017-07,1
84450b1ffffffff-2017-08,3
84450b1ffffffff-2017-09,4
84450b1ffffffff-2017-10,2
84450b1ffffffff-2017-11,10
84450b1ffffffff-2017-12,20
84450b1ffffffff-2018-01,28
84450b1ffffffff-2018-02,17
84450b1ffffffff-2018-03,4
84450b1ffffffff-2018-04,7
84450b1ffffffff-2018-05,2
84450b1ffffffff-2018-06,1
84450b1ffffffff-2018-08,4
84450b1ffffffff-2018-09,7
84450b1ffffffff-2018-10,4
84450b1ffffffff-2018-11,5
84450b1ffffffff-2018-12,9
84450b1ffffffff-2019-01,16
84450b1ffffffff-2019-02,26
84450b1ffffffff-2019-03,3
84450b1ffffffff-2019-04,4
84450b1ffffffff-2019-08,3
84450b1ffffffff-2019-09,6
84450b1ffffffff-2019-10,1
84450b1ffffffff-2019-11,14
84450b1ffffffff-2019-12,19
84450b1ffffffff-2020-01,29
84450b1ffffffff-2020-02,5
84450b1ffffffff-2020-03,22
84450b1ffffffff-2020-04,3
84450b1ffffffff-2020-06,2
84450b1ffffffff-2020-07,2
84450b1ffffffff-2020-08,6
84450b1ffffffff-2020-09,18
84450b1ffffffff-2020-10,6
84450b1ffffffff-2020-11,5
84450b1ffffffff-2020-12,4
84450b1ffffffff-2021-01,12
84450b1ffffffff-2021-02,3
84450b1ffffffff-2021-03,2
84450b1ffffffff-2021-04,2
84450b1ffffffff-2021-09,1
84450b1ffffffff-2021-10,5
84450b1ffffffff-2021-11,21
84450b1ffffffff-2021-12,23
84450b1ffffffff-2022-01,12
84450b1ffffffff-2022-02,11
84450b1ffffffff-2022-03,23
84450b1ffffffff-2022-04,6
84450b1ffffffff-2022-05,11
84450b1ffffffff-2022-07,1
84450b1ffffffff-2022-08,4
84450b1ffffffff-2022-09,1
84450b1ffffffff-2022-10,3
84450b1ffffffff-2022-11,11
84450b1ffffffff-2022-12,27
84450b1ffffffff-2023-01,21
84450b1ffffffff-2023-02,15
84450b1ffffffff-2023-03,18
84450b1ffffffff-2023-04,6
84450b1ffffffff-2023-07,1
84450b1ffffffff-2023-08,3
84450b1ffffffff-2023-09,4
84450b1ffffffff-2023-10,2
84450b1ffffffff-2023-11,14
84450b5ffffffff-2012-04,2
84450b5ffffffff-2014-10,2
84450b5ffffffff-2014-11,1
84450b5ffffffff-2015-03,1
84450b5ffffffff-2015-04,2
84450b5ffffffff-2015-08,1
84450b5ffffffff-2016-02,4
84450b5ffffffff-2016-03,2
84450b5ffffffff-2016-04,8
84450b5ffffffff-2016-06,2
84450b5ffffffff-2017-01,6
84450b5ffffffff-2017-02,5
84450b5ffffffff-2017-03,1
84450b5ffffffff-2017-09,11
84450b5ffffffff-2017-10,2
84450b5ffffffff-2017-12,2
84450b5ffffffff-2018-01,1
84450b5ffffffff-2018-02,1
84450b5ffffffff-2018-03,1
84450b5ffffffff-2018-04,2
84450b5ffffffff-2018-05,10
84450b5ffffffff-2018-08,1
84450b5ffffffff-2018-09,1
84450b5ffffffff-2019-02,4
84450b5ffffffff-2019-03,1
84450b5ffffffff-2019-04,7
84450b5ffffffff-2019-05,12
84450b5ffffffff-2019-11,6
84450b5ffffffff-2020-01,5
84450b5ffffffff-2020-03,7
84450b5ffffffff-2020-04,6
84450b5ffffffff-2020-09,1
84450b5ffffffff-2020-10,9
84450b5ffffffff-2020-11,3
84450b5ffffffff-2020-12,5
84450b5ffffffff-2021-01,2
84450b5ffffffff-2021-03,1
84450b5ffffffff-2021-04,5
84450b5ffffffff-2021-05,6
84450b5ffffffff-2021-10,1
84450b5ffffffff-2021-11,8
84450b5ffffffff-2022-02,4
84450b5ffffffff-2022-03,1
84450b5ffffffff-2022-04,2
84450b5ffffffff-2022-05,7
84450b5ffffffff-2022-09,4
84450b5ffffffff-2022-10,2
84450b5ffffffff-2022-11,3
84450b5ffffffff-2022-12,3
84450b5ffffffff-2023-01,6
84450b5ffffffff-2023-02,1
84450b5ffffffff-2023-03,2
84450b5ffffffff-2023-04,2
84450b5ffffffff-2023-05,1
84450b5ffffffff-2023-11,6
84450b9ffffffff-2019-02,1
84450b9ffffffff-2021-12,1
84450b9ffffffff-2023-01,1
84450bdffffffff-2014-10,3
84450bdffffffff-2020-10,4
84450c5ffffffff-2017-04,4
84450c5ffffffff-2017-05,6
84450c5ffffffff-2020-01,1
84450cdffffffff-2019-01,2
84450d3ffffffff-2020-02,2
84450d5ffffffff-2017-01,2
84450e1ffffffff-2014-09,2
84450e1ffffffff-2015-01,2
84450e1ffffffff-2016-05,2
84450e1ffffffff-2018-04,4
84450e1ffffffff-2018-12,1
84450e1ffffffff-2019-03,1
84450e1ffffffff-2021-03,2
84450e1ffffffff-2022-11,1
84450e3ffffffff-2019-03,1
84450e3ffffffff-2022-12,2
84450e7ffffffff-2022-05,1
84450ebffffffff-2018-02,1
844519bffffffff-2012-12,1
844519bffffffff-2014-02,1
844519bffffffff-2015-02,1
844519bffffffff-2018-04,4
844519bffffffff-2023-04,1
844519bffffffff-2023-11,2
84451b7ffffffff-2017-04,1
84451b7ffffffff-2021-10,2
84451d3ffffffff-2016-05,1
8445205ffffffff-2012-11,2
8445205ffffffff-2016-12,5
8445205ffffffff-2017-12,1
8445205ffffffff-2018-02,6
8445205ffffffff-2018-05,6
8445205ffffffff-2019-05,2
8445205ffffffff-2019-12,2
8445205ffffffff-2020-02,3
8445205ffffffff-2020-08,2
8445205ffffffff-2020-12,1
8445205ffffffff-2021-01,6
8445205ffffffff-2021-02,11
8445205ffffffff-2021-03,2
8445205ffffffff-2021-04,4
8445205ffffffff-2021-07,2
8445205ffffffff-2021-08,3
8445205ffffffff-2021-12,3
8445205ffffffff-2022-01,3
8445205ffffffff-2022-05,10
8445205ffffffff-2022-10,13
8445205ffffffff-2022-12,5
8445205ffffffff-2023-03,3
8445205ffffffff-2023-10,1
8445207ffffffff-2014-05,1
8445207ffffffff-2019-12,1
8445207ffffffff-2020-07,2
8445207ffffffff-2020-12,3
8445207ffffffff-2021-04,7
8445207ffffffff-2021-08,4
8445207ffffffff-2021-09,7
8445207ffffffff-2021-10,6
8445207ffffffff-2021-11,12
8445207ffffffff-2021-12,6
8445207ffffffff-2022-01,3
8445207ffffffff-2022-10,13
8445207ffffffff-2022-11,2
8445207ffffffff-2022-12,6
8445207ffffffff-2023-01,5
8445207ffffffff-2023-02,4
8445207ffffffff-2023-04,6
8445207ffffffff-2023-05,2
8445207ffffffff-2023-09,3
8445207ffffffff-2023-10,8
8445207ffffffff-2023-11,3
844520bffffffff-2021-09,1
844520dffffffff-2013-05,1
844520dffffffff-2013-10,1
844520dffffffff-2014-05,1
844520dffffffff-2018-05,4
844520dffffffff-2022-04,2
844520dffffffff-2022-05,12
844520dffffffff-2023-03,8
8445215ffffffff-2013-03,1
8445215ffffffff-2017-04,3
8445215ffffffff-2018-02,1
8445215ffffffff-2018-04,3
8445215ffffffff-2018-05,6
8445215ffffffff-2018-10,5
8445215ffffffff-2019-04,4
8445215ffffffff-2019-05,3
8445215ffffffff-2020-01,1
8445215ffffffff-2020-11,2
8445215ffffffff-2021-02,17
8445215ffffffff-2021-03,22
8445215ffffffff-2021-04,4
8445215ffffffff-2021-05,5
8445215ffffffff-2022-02,1
8445215ffffffff-2022-03,3
8445215ffffffff-2022-04,1
8445215ffffffff-2022-05,1
8445215ffffffff-2023-02,1
8445215ffffffff-2023-03,6
8445215ffffffff-2023-04,1
8445215ffffffff-2023-05,3
8445217ffffffff-2018-11,5
8445217ffffffff-2019-04,6
8445217ffffffff-2020-10,3
8445217ffffffff-2020-11,3
8445217ffffffff-2021-12,4
8445221ffffffff-2017-01,1
8445221ffffffff-2018-01,2
8445221ffffffff-2018-05,1
8445221ffffffff-2021-09,2
8445221ffffffff-2021-10,3
8445221ffffffff-2022-04,3
8445221ffffffff-2023-02,1
8445221ffffffff-2023-04,2
8445221ffffffff-2023-05,4
8445221ffffffff-2023-10,2
8445225ffffffff-2013-04,2
8445225ffffffff-2014-08,3
8445225ffffffff-2014-10,2
8445225ffffffff-2015-02,5
8445225ffffffff-2015-03,2
8445225ffffffff-2015-05,1
8445225ffffffff-2016-01,1
8445225ffffffff-2016-12,2
8445225ffffffff-2017-01,2
8445225ffffffff-2017-04,1
8445225ffffffff-2017-08,1
8445225ffffffff-2017-12,3
8445225ffffffff-2018-08,3
8445225ffffffff-2018-11,8
8445225ffffffff-2018-12,1
8445225ffffffff-2019-01,10
8445225ffffffff-2019-03,20
8445225ffffffff-2019-04,11
8445225ffffffff-2019-05,2
8445225ffffffff-2019-07,2
8445225ffffffff-2019-10,3
8445225ffffffff-2019-11,10
8445225ffffffff-2019-12,2
8445225ffffffff-2020-02,4
8445225ffffffff-2020-03,1
8445225ffffffff-2020-04,2
8445225ffffffff-2020-08,4
8445225ffffffff-2020-10,3
8445225ffffffff-2020-11,2
8445225ffffffff-2020-12,6
8445225ffffffff-2021-02,3
8445225ffffffff-2021-03,3
8445225ffffffff-2021-05,8
8445225ffffffff-2021-08,10
8445225ffffffff-2021-09,11
8445225ffffffff-2021-10,9
8445225ffffffff-2021-11,2
8445225ffffffff-2021-12,2
8445225ffffffff-2022-01,16
8445225ffffffff-2022-02,11
8445225ffffffff-2022-03,1
8445225ffffffff-2022-09,5
8445225ffffffff-2022-10,5
8445225ffffffff-2022-11,27
8445225ffffffff-2023-01,2
8445225ffffffff-2023-03,4
8445225ffffffff-2023-04,2
8445225ffffffff-2023-09,5
8445225ffffffff-2023-10,3
8445225ffffffff-2023-11,3
844522bffffffff-2013-12,1
844522bffffffff-2015-01,1
844522bffffffff-2016-12,1
844522bffffffff-2019-12,7
844522bffffffff-2020-01,2
844522bffffffff-2020-08,9
844522bffffffff-2020-09,30
844522bffffffff-2020-10,17
844522bffffffff-2021-03,16
844522bffffffff-2021-04,32
844522bffffffff-2021-05,3
844522bffffffff-2021-07,15
844522bffffffff-2021-08,9
844522bffffffff-2021-09,20
844522bffffffff-2021-10,8
844522bffffffff-2021-11,7
844522bffffffff-2021-12,4
844522bffffffff-2022-01,4
844522bffffffff-2022-02,1
844522bffffffff-2022-04,3
844522bffffffff-2022-05,16
844522bffffffff-2022-08,4
844522bffffffff-2022-09,7
844522bffffffff-2022-10,12
844522bffffffff-2022-11,9
844522bffffffff-2022-12,21
844522bffffffff-2023-01,13
844522bffffffff-2023-02,4
844522bffffffff-2023-03,2
844522bffffffff-2023-04,3
844522bffffffff-2023-05,3
844522bffffffff-2023-07,2
844522bffffffff-2023-08,13
844522bffffffff-2023-10,5
8445231ffffffff-2018-12,1
8445233ffffffff-2012-01,1
8445233ffffffff-2012-03,1
8445233ffffffff-2012-10,1
8445233ffffffff-2013-02,1
8445233ffffffff-2013-09,1
8445233ffffffff-2013-11,1
8445233ffffffff-2013-12,1
8445233ffffffff-2014-02,1
8445233ffffffff-2014-03,3
8445233ffffffff-2014-09,2
8445233ffffffff-2014-12,2
8445233ffffffff-2015-02,2
8445233ffffffff-2015-04,2
8445233ffffffff-2015-05,1
8445233ffffffff-2015-09,5
8445233ffffffff-2015-11,1
8445233ffffffff-2016-01,5
8445233ffffffff-2016-02,4
8445233ffffffff-2016-03,17
8445233ffffffff-2016-05,5
8445233ffffffff-2016-08,1
8445233ffffffff-2016-10,6
8445233ffffffff-2016-11,4
8445233ffffffff-2016-12,19
8445233ffffffff-2017-01,7
8445233ffffffff-2017-02,28
8445233ffffffff-2017-03,8
8445233ffffffff-2017-04,7
8445233ffffffff-2017-05,11
8445233ffffffff-2017-08,7
8445233ffffffff-2017-09,18
8445233ffffffff-2017-10,15
8445233ffffffff-2017-11,7
8445233ffffffff-2017-12,6
8445233ffffffff-2018-01,3
8445233ffffffff-2018-02,6
8445233ffffffff-2018-03,11
8445233ffffffff-2018-04,15
8445233ffffffff-2018-05,8
8445233ffffffff-2018-07,1
8445233ffffffff-2018-08,18
8445233ffffffff-2018-09,15
8445233ffffffff-2018-10,15
8445233ffffffff-2018-11,29
8445233ffffffff-2018-12,13
8445233ffffffff-2019-01,47
8445233ffffffff-2019-02,17
8445233ffffffff-2019-03,8
8445233ffffffff-2019-04,6
8445233ffffffff-2019-08,2
8445233ffffffff-2019-09,36
8445233ffffffff-2019-10,8
8445233ffffffff-2019-11,10
8445233ffffffff-2019-12,11
8445233ffffffff-2020-01,22
8445233ffffffff-2020-02,13
8445233ffffffff-2020-03,8
8445233ffffffff-2020-05,3
8445233ffffffff-2020-08,1
8445233ffffffff-2020-09,3
8445233ffffffff-2020-10,3
8445233ffffffff-2020-12,1
8445233ffffffff-2021-01,10
8445233ffffffff-2021-02,3
8445233ffffffff-2021-03,11
8445233ffffffff-2021-04,7
8445233ffffffff-2021-05,1
8445233ffffffff-2021-07,4
8445233ffffffff-2021-09,6
8445233ffffffff-2021-10,18
8445233ffffffff-2021-11,9
8445233ffffffff-2021-12,3
8445233ffffffff-2022-01,11
8445233ffffffff-2022-02,7
8445233ffffffff-2022-03,14
8445233ffffffff-2022-04,5
8445233ffffffff-2022-05,2
8445233ffffffff-2022-08,1
8445233ffffffff-2022-11,2
8445233ffffffff-2022-12,3
8445233ffffffff-2023-01,2
8445233ffffffff-2023-02,1
8445233ffffffff-2023-03,2
8445233ffffffff-2023-11,21
844523bffffffff-2012-03,1
844523bffffffff-2012-05,2
844523bffffffff-2012-09,1
844523bffffffff-2013-03,2
844523bffffffff-2013-08,2
844523bffffffff-2013-12,2
844523bffffffff-2014-08,2
844523bffffffff-2014-11,1
844523bffffffff-2015-01,1
844523bffffffff-2015-08,1
844523bffffffff-2016-04,1
844523bffffffff-2016-05,2
844523bffffffff-2017-02,3
844523bffffffff-2017-05,1
844523bffffffff-2017-10,3
844523bffffffff-2018-03,1
844523bffffffff-2018-04,5
844523bffffffff-2018-10,8
844523bffffffff-2018-11,2
844523bffffffff-2019-04,5
844523bffffffff-2019-05,10
844523bffffffff-2020-05,3
844523bffffffff-2021-02,1
844523bffffffff-2021-04,2
844523bffffffff-2021-05,1
844523bffffffff-2021-08,1
844523bffffffff-2021-09,11
844523bffffffff-2021-10,14
844523bffffffff-2021-11,1
844523bffffffff-2022-03,2
844523bffffffff-2022-04,7
844523bffffffff-2022-05,6
844523bffffffff-2022-08,1
844523bffffffff-2022-09,4
844523bffffffff-2022-10,16
844523bffffffff-2022-11,2
844523bffffffff-2023-04,6
844523bffffffff-2023-09,1
844523bffffffff-2023-10,3
8445243ffffffff-2021-10,3
8445243ffffffff-2023-04,2
8445245ffffffff-2012-11,2
8445245ffffffff-2013-12,1
8445245ffffffff-2014-09,3
8445249ffffffff-2012-12,2
8445249ffffffff-2013-03,2
8445249ffffffff-2013-05,12
8445249ffffffff-2013-11,3
8445249ffffffff-2013-12,5
8445249ffffffff-2017-03,1
8445249ffffffff-2017-05,1
8445249ffffffff-2018-03,6
8445249ffffffff-2018-05,4
8445249ffffffff-2018-11,2
8445249ffffffff-2019-01,2
8445249ffffffff-2019-02,1
8445249ffffffff-2019-04,2
8445249ffffffff-2019-05,10
8445249ffffffff-2019-12,4
8445249ffffffff-2020-02,5
8445249ffffffff-2020-03,2
8445249ffffffff-2020-12,1
8445249ffffffff-2021-02,3
8445249ffffffff-2021-05,3
8445249ffffffff-2022-01,2
8445249ffffffff-2022-02,3
8445249ffffffff-2022-03,2
8445249ffffffff-2022-04,6
8445249ffffffff-2022-05,2
8445249ffffffff-2022-12,11
8445249ffffffff-2023-01,2
8445249ffffffff-2023-02,4
8445249ffffffff-2023-03,3
8445249ffffffff-2023-04,9
8445249ffffffff-2023-05,9
844524bffffffff-2017-12,1
844524bffffffff-2018-02,7
844524bffffffff-2018-03,3
844524bffffffff-2018-12,1
844524bffffffff-2020-02,1
844524bffffffff-2021-12,2
844524bffffffff-2022-02,3
844524bffffffff-2023-01,9
844524bffffffff-2023-02,3
844524bffffffff-2023-03,1
844524bffffffff-2023-04,4
844524bffffffff-2023-05,1
8445253ffffffff-2021-01,7
8445253ffffffff-2021-07,2
8445253ffffffff-2022-02,2
8445253ffffffff-2022-03,2
8445253ffffffff-2022-09,4
8445253ffffffff-2022-10,2
8445253ffffffff-2022-11,1
8445253ffffffff-2023-02,3
8445255ffffffff-2018-04,1
8445255ffffffff-2018-05,1
8445255ffffffff-2019-03,1
8445255ffffffff-2022-04,1
8445255ffffffff-2023-04,1
8445263ffffffff-2012-05,2
8445263ffffffff-2013-03,2
8445263ffffffff-2013-05,2
8445263ffffffff-2017-01,4
8445263ffffffff-2018-02,5
8445263ffffffff-2022-05,7
8445269ffffffff-2019-04,2
8445269ffffffff-2021-04,4
8445269ffffffff-2021-05,2
8445269ffffffff-2023-03,3
8445269ffffffff-2023-04,5
8445269ffffffff-2023-05,3
844526bffffffff-2016-05,2
844526bffffffff-2016-11,3
844526bffffffff-2017-04,2
844526bffffffff-2017-05,2
844526bffffffff-2018-10,2
844526bffffffff-2019-04,4
844526bffffffff-2019-05,8
844526bffffffff-2019-07,1
844526bffffffff-2019-11,2
844526bffffffff-2020-08,6
844526bffffffff-2021-09,2
844526bffffffff-2022-04,7
844526bffffffff-2022-05,4
844526bffffffff-2022-09,1
844526bffffffff-2023-03,1
844526bffffffff-2023-04,1
844526bffffffff-2023-05,4
844526dffffffff-2023-04,3
844526dffffffff-2023-05,1
8445289ffffffff-2019-04,5
8445289ffffffff-2019-05,4
8445289ffffffff-2021-09,2
8445289ffffffff-2022-03,1
8445293ffffffff-2015-02,1
84452a5ffffffff-2017-11,5
84452a5ffffffff-2018-01,3
84452a5ffffffff-2018-04,2
84452a5ffffffff-2018-10,2
84452a5ffffffff-2019-01,1
84452a5ffffffff-2019-04,1
84452a5ffffffff-2019-09,2
84452a5ffffffff-2019-10,5
84452a5ffffffff-2019-11,7
84452a5ffffffff-2019-12,1
84452a5ffffffff-2020-01,3
84452a5ffffffff-2020-02,5
84452a5ffffffff-2020-03,3
84452a5ffffffff-2020-04,1
84452a5ffffffff-2020-05,2
84452a5ffffffff-2020-07,2
84452a5ffffffff-2020-10,1
84452a5ffffffff-2021-01,1
84452a5ffffffff-2021-07,1
84452a5ffffffff-2021-09,4
84452a5ffffffff-2021-11,4
84452a5ffffffff-2021-12,8
84452a5ffffffff-2022-02,1
84452a5ffffffff-2022-04,2
84452a5ffffffff-2022-05,1
84452a5ffffffff-2022-11,2
84452a5ffffffff-2022-12,4
84452a5ffffffff-2023-01,2
84452a5ffffffff-2023-03,5
84452a5ffffffff-2023-04,3
84452a5ffffffff-2023-05,2
84452a7ffffffff-2018-09,2
84452a7ffffffff-2021-03,2
84452a9ffffffff-2014-12,1
84452a9ffffffff-2016-10,5
84452a9ffffffff-2017-04,3
84452a9ffffffff-2017-05,15
84452a9ffffffff-2017-11,4
84452a9ffffffff-2018-03,1
84452a9ffffffff-2018-04,5
84452a9ffffffff-2018-05,8
84452a9ffffffff-2018-10,6
84452a9ffffffff-2018-12,9
84452a9ffffffff-2019-02,4
84452a9ffffffff-2019-05,1
84452a9ffffffff-2019-11,5
84452a9ffffffff-2020-01,4
84452a9ffffffff-2020-02,1
84452a9ffffffff-2020-03,2
84452a9ffffffff-2022-09,3
84452a9ffffffff-2022-11,3
84452a9ffffffff-2022-12,12
84452a9ffffffff-2023-01,5
84452a9ffffffff-2023-02,1
84452a9ffffffff-2023-03,2
84452a9ffffffff-2023-09,11
84452adffffffff-2012-01,1
84452adffffffff-2012-03,3
84452adffffffff-2012-04,11
84452adffffffff-2013-02,4
84452adffffffff-2013-03,37
84452adffffffff-2013-04,3
84452adffffffff-2013-05,6
84452adffffffff-2014-03,11
84452adffffffff-2014-08,3
84452adffffffff-2014-11,3
84452adffffffff-2015-05,1
84452adffffffff-2015-08,14
84452adffffffff-2015-09,2
84452adffffffff-2016-02,1
84452adffffffff-2016-03,4
84452adffffffff-2016-04,5
84452adffffffff-2016-05,3
84452adffffffff-2016-08,1
84452adffffffff-2016-10,1
84452adffffffff-2017-01,11
84452adffffffff-2017-02,20
84452adffffffff-2017-03,17
84452adffffffff-2017-04,8
84452adffffffff-2017-05,6
84452adffffffff-2017-11,8
84452adffffffff-2017-12,2
84452adffffffff-2018-01,7
84452adffffffff-2018-02,4
84452adffffffff-2018-03,16
84452adffffffff-2018-04,20
84452adffffffff-2018-05,9
84452adffffffff-2018-09,1
84452adffffffff-2018-10,3
84452adffffffff-2018-11,5
84452adffffffff-2018-12,5
84452adffffffff-2019-01,34
84452adffffffff-2019-02,14
84452adffffffff-2019-03,45
84452adffffffff-2019-04,58
84452adffffffff-2019-05,24
84452adffffffff-2019-08,2
84452adffffffff-2019-09,2
84452adffffffff-2019-10,4
84452adffffffff-2019-11,8
84452adffffffff-2019-12,8
84452adffffffff-2020-01,5
84452adffffffff-2020-02,7
84452adffffffff-2020-03,55
84452adffffffff-2020-04,16
84452adffffffff-2020-05,20
84452adffffffff-2020-08,1
84452adffffffff-2020-10,12
84452adffffffff-2020-11,7
84452adffffffff-2020-12,1
84452adffffffff-2021-01,18
84452adffffffff-2021-02,3
84452adffffffff-2021-03,19
84452adffffffff-2021-04,14
84452adffffffff-2021-05,9
84452adffffffff-2021-08,1
84452adffffffff-2021-10,2
84452adffffffff-2021-11,8
84452adffffffff-2022-01,13
84452adffffffff-2022-02,2
84452adffffffff-2022-03,15
84452adffffffff-2022-04,30
84452adffffffff-2022-05,1
84452adffffffff-2022-11,5
84452adffffffff-2022-12,3
84452adffffffff-2023-01,69
84452adffffffff-2023-02,17
84452adffffffff-2023-03,29
84452adffffffff-2023-04,45
84452adffffffff-2023-05,21
84452adffffffff-2023-06,1
84452adffffffff-2023-09,2
84452adffffffff-2023-11,11
84452b5ffffffff-2019-05,1
84452b9ffffffff-2015-03,2
84452bdffffffff-2016-04,3
84452bdffffffff-2017-02,5
84452bdffffffff-2017-03,2
84452bdffffffff-2019-02,2
84452bdffffffff-2022-02,2
84452bdffffffff-2022-12,1
84452bdffffffff-2023-05,2
84452c1ffffffff-2012-01,3
84452c1ffffffff-2018-01,2
84452c1ffffffff-2022-04,1
84452c1ffffffff-2022-11,1
84452c1ffffffff-2022-12,1
84452c1ffffffff-2023-03,1
84452c3ffffffff-2019-04,1
84452c3ffffffff-2023-04,1
84452c5ffffffff-2014-12,1
84452c5ffffffff-2015-01,1
84452c5ffffffff-2017-02,7
84452c5ffffffff-2017-03,1
84452c5ffffffff-2018-04,3
84452c5ffffffff-2019-01,1
84452c5ffffffff-2019-04,3
84452c5ffffffff-2019-05,3
84452c5ffffffff-2022-04,8
84452c7ffffffff-2016-03,1
84452c7ffffffff-2017-03,1
84452c7ffffffff-2017-04,1
84452c7ffffffff-2017-05,3
84452c7ffffffff-2018-04,1
84452c7ffffffff-2018-05,3
84452c7ffffffff-2019-04,2
84452c7ffffffff-2019-05,1
84452c7ffffffff-2019-08,1
84452c7ffffffff-2020-05,7
84452c7ffffffff-2021-02,2
84452c7ffffffff-2021-04,2
84452c7ffffffff-2021-10,1
84452c7ffffffff-2022-04,2
84452c7ffffffff-2022-05,2
84452c7ffffffff-2023-03,2
84452c7ffffffff-2023-04,3
84452c7ffffffff-2023-05,2
84452cbffffffff-2018-04,1
84452d5ffffffff-2020-04,1
84452d5ffffffff-2023-04,1
84452d9ffffffff-2023-05,1
84452e1ffffffff-2014-02,4
84452e1ffffffff-2015-12,2
84452e1ffffffff-2016-01,3
84452e1ffffffff-2016-03,4
84452e1ffffffff-2016-12,2
84452e1ffffffff-2017-02,2
84452e1ffffffff-2017-11,2
84452e1ffffffff-2018-02,4
84452e1ffffffff-2018-03,3
84452e1ffffffff-2018-04,4
84452e1ffffffff-2018-05,1
84452e1ffffffff-2018-11,2
84452e1ffffffff-2019-01,1
84452e1ffffffff-2019-04,7
84452e1ffffffff-2019-07,3
84452e1ffffffff-2019-09,1
84452e1ffffffff-2019-10,1
84452e1ffffffff-2019-12,3
84452e1ffffffff-2020-03,2
84452e1ffffffff-2020-10,2
84452e1ffffffff-2020-12,1
84452e1ffffffff-2021-03,1
84452e1ffffffff-2021-04,2
84452e1ffffffff-2022-04,1
84452e1ffffffff-2022-11,3
84452e1ffffffff-2022-12,5
84452e1ffffffff-2023-01,2
84452e1ffffffff-2023-02,2
84452e1ffffffff-2023-03,1
84452e1ffffffff-2023-04,3
84452e1ffffffff-2023-05,7
84452e1ffffffff-2023-07,1
84452e1ffffffff-2023-09,1
84452e1ffffffff-2023-10,2
84452e3ffffffff-2016-04,1
84452e3ffffffff-2016-10,1
84452e3ffffffff-2016-11,1
84452e3ffffffff-2016-12,2
84452e3ffffffff-2017-01,3
84452e3ffffffff-2017-02,2
84452e3ffffffff-2017-03,4
84452e3ffffffff-2018-03,1
84452e3ffffffff-2018-04,1
84452e3ffffffff-2018-05,4
84452e3ffffffff-2018-10,4
84452e3ffffffff-2018-11,1
84452e3ffffffff-2018-12,20
84452e3ffffffff-2019-03,3
84452e3ffffffff-2019-10,4
84452e3ffffffff-2019-11,1
84452e3ffffffff-2020-01,3
84452e3ffffffff-2020-03,8
84452e3ffffffff-2020-09,2
84452e3ffffffff-2020-11,4
84452e3ffffffff-2021-04,19
84452e3ffffffff-2021-05,3
84452e3ffffffff-2021-09,6
84452e3ffffffff-2021-12,6
84452e3ffffffff-2022-01,2
84452e3ffffffff-2022-02,2
84452e3ffffffff-2022-03,2
84452e3ffffffff-2022-04,30
84452e3ffffffff-2022-05,16
84452e3ffffffff-2022-10,1
84452e3ffffffff-2022-11,22
84452e3ffffffff-2022-12,1
84452e3ffffffff-2023-01,12
84452e3ffffffff-2023-03,14
84452e3ffffffff-2023-04,39
84452e3ffffffff-2023-05,13
84452e3ffffffff-2023-08,1
84452e3ffffffff-2023-09,12
84452e3ffffffff-2023-10,13
84452e3ffffffff-2023-11,5
84452e5ffffffff-2012-02,2
84452e5ffffffff-2012-03,1
84452e5ffffffff-2012-11,1
84452e5ffffffff-2012-12,1
84452e5ffffffff-2013-03,1
84452e5ffffffff-2013-04,1
84452e5ffffffff-2013-05,5
84452e5ffffffff-2013-11,1
84452e5ffffffff-2013-12,1
84452e5ffffffff-2014-02,2
84452e5ffffffff-2014-03,4
84452e5ffffffff-2016-02,2
84452e5ffffffff-2016-04,1
84452e5ffffffff-2016-10,12
84452e5ffffffff-2016-11,4
84452e5ffffffff-2016-12,7
84452e5ffffffff-2017-01,4
84452e5ffffffff-2017-02,11
84452e5ffffffff-2017-03,7
84452e5ffffffff-2017-04,2
84452e5ffffffff-2017-09,2
84452e5ffffffff-2017-10,6
84452e5ffffffff-2017-11,3
84452e5ffffffff-2017-12,8
84452e5ffffffff-2018-01,6
84452e5ffffffff-2018-02,14
84452e5ffffffff-2018-03,17
84452e5ffffffff-2018-04,11
84452e5ffffffff-2018-10,15
84452e5ffffffff-2018-11,9
84452e5ffffffff-2018-12,12
84452e5ffffffff-2019-01,16
84452e5ffffffff-2019-02,5
84452e5ffffffff-2019-03,6
84452e5ffffffff-2019-04,15
84452e5ffffffff-2019-10,1
84452e5ffffffff-2019-11,4
84452e5ffffffff-2019-12,6
84452e5ffffffff-2020-01,24
84452e5ffffffff-2020-02,19
84452e5ffffffff-2020-03,19
84452e5ffffffff-2020-04,9
84452e5ffffffff-2020-05,1
84452e5ffffffff-2020-08,2
84452e5ffffffff-2020-09,4
84452e5ffffffff-2020-10,6
84452e5ffffffff-2020-12,6
84452e5ffffffff-2021-01,8
84452e5ffffffff-2021-02,5
84452e5ffffffff-2021-03,8
84452e5ffffffff-2021-04,14
84452e5ffffffff-2021-09,1
84452e5ffffffff-2021-10,7
84452e5ffffffff-2021-11,6
84452e5ffffffff-2021-12,4
84452e5ffffffff-2022-01,4
84452e5ffffffff-2022-02,3
84452e5ffffffff-2022-03,3
84452e5ffffffff-2022-04,2
84452e5ffffffff-2022-09,1
84452e5ffffffff-2022-10,2
84452e5ffffffff-2022-11,1
84452e5ffffffff-2022-12,6
84452e5ffffffff-2023-01,8
84452e5ffffffff-2023-02,4
84452e5ffffffff-2023-03,4
84452e5ffffffff-2023-04,7
84452e5ffffffff-2023-05,2
84452e5ffffffff-2023-10,11
84452e7ffffffff-2020-10,7
84452e7ffffffff-2022-07,1
84452e7ffffffff-2023-02,1
84452e7ffffffff-2023-03,1
84452ebffffffff-2014-01,2
84452ebffffffff-2016-01,3
84452ebffffffff-2016-05,2
84452ebffffffff-2016-11,2
84452ebffffffff-2017-01,1
84452ebffffffff-2017-02,5
84452ebffffffff-2017-04,1
84452ebffffffff-2018-01,2
84452ebffffffff-2018-03,5
84452ebffffffff-2018-08,1
84452ebffffffff-2021-02,4
84452ebffffffff-2023-02,5
84452ebffffffff-2023-03,6
8445303ffffffff-2015-11,16
8445303ffffffff-2018-01,3
8445303ffffffff-2019-02,3
8445303ffffffff-2023-10,2
8445313ffffffff-2014-02,1
8445313ffffffff-2020-01,1
8445313ffffffff-2020-02,3
8445313ffffffff-2020-04,1
8445313ffffffff-2020-10,3
8445313ffffffff-2020-11,4
8445313ffffffff-2020-12,5
8445313ffffffff-2021-04,2
8445313ffffffff-2021-05,3
8445313ffffffff-2021-08,4
8445313ffffffff-2021-09,2
8445313ffffffff-2021-10,1
8445313ffffffff-2022-01,4
8445313ffffffff-2022-04,3
8445313ffffffff-2022-05,4
8445313ffffffff-2022-09,4
8445313ffffffff-2023-01,3
8445313ffffffff-2023-03,6
8445313ffffffff-2023-04,1
8445313ffffffff-2023-05,5
8445313ffffffff-2023-11,2
8445317ffffffff-2013-09,1
8445319ffffffff-2012-10,1
8445319ffffffff-2014-01,1
8445319ffffffff-2019-03,1
8445319ffffffff-2019-12,4
8445319ffffffff-2020-10,1
8445319ffffffff-2020-12,5
8445319ffffffff-2021-07,2
8445319ffffffff-2021-10,8
8445319ffffffff-2021-12,1
844531bffffffff-2016-02,7
844531bffffffff-2016-03,2
844531bffffffff-2017-02,4
844531bffffffff-2019-03,1
844531bffffffff-2021-12,2
844531bffffffff-2022-07,1
844531bffffffff-2023-04,1
8445321ffffffff-2022-02,12
844532bffffffff-2012-06,2
844532bffffffff-2021-01,1
844532bffffffff-2022-01,5
844532bffffffff-2022-02,5
844532bffffffff-2023-01,2
844533bffffffff-2018-04,2
844533bffffffff-2020-10,3
844533bffffffff-2020-11,3
844533bffffffff-2021-09,2
844533bffffffff-2021-11,1
844533bffffffff-2022-03,1
844533bffffffff-2022-04,1
844533bffffffff-2022-10,1
844533bffffffff-2023-04,2
844533bffffffff-2023-09,2
844533bffffffff-2023-10,1
844533bffffffff-2023-11,2
8445343ffffffff-2015-10,1
8445343ffffffff-2017-03,6
8445353ffffffff-2014-01,1
8445353ffffffff-2016-04,4
8445353ffffffff-2020-02,1
8445357ffffffff-2021-12,2
8445357ffffffff-2022-02,1
8445357ffffffff-2023-10,1
8445365ffffffff-2017-01,5
84454b1ffffffff-2021-10,4
844569bffffffff-2018-03,7
84456dbffffffff-2021-04,1
84456dbffffffff-2021-09,3
84456dbffffffff-2023-09,1
84456dbffffffff-2023-10,1
8445721ffffffff-2013-01,2
8445721ffffffff-2013-12,5
8445721ffffffff-2014-11,10
8445721ffffffff-2014-12,1
8445721ffffffff-2015-03,1
8445721ffffffff-2015-10,4
8445721ffffffff-2015-11,3
8445721ffffffff-2015-12,4
8445721ffffffff-2016-02,3
8445721ffffffff-2016-03,1
8445721ffffffff-2016-09,4
8445721ffffffff-2016-10,1
8445721ffffffff-2016-11,2
8445721ffffffff-2017-01,7
8445721ffffffff-2017-04,8
8445721ffffffff-2017-07,2
8445721ffffffff-2017-11,8
8445721ffffffff-2017-12,1
8445721ffffffff-2018-01,5
8445721ffffffff-2018-03,10
8445721ffffffff-2018-09,2
8445721ffffffff-2018-11,14
8445721ffffffff-2018-12,4
8445721ffffffff-2019-01,2
8445721ffffffff-2019-02,2
8445721ffffffff-2019-03,5
8445721ffffffff-2019-04,12
8445721ffffffff-2019-05,1
8445721ffffffff-2019-10,6
8445721ffffffff-2019-11,9
8445721ffffffff-2019-12,10
8445721ffffffff-2020-01,64
8445721ffffffff-2020-02,2
8445721ffffffff-2020-03,6
8445721ffffffff-2020-09,9
8445721ffffffff-2020-10,10
8445721ffffffff-2020-11,1
8445721ffffffff-2021-03,11
8445721ffffffff-2021-04,50
8445721ffffffff-2021-05,12
8445721ffffffff-2021-08,1
8445721ffffffff-2021-09,11
8445721ffffffff-2021-10,11
8445721ffffffff-2021-11,30
8445721ffffffff-2021-12,23
8445721ffffffff-2022-01,74
8445721ffffffff-2022-02,33
8445721ffffffff-2022-03,8
8445721ffffffff-2022-04,6
8445721ffffffff-2022-05,5
8445721ffffffff-2022-08,4
8445721ffffffff-2022-09,26
8445721ffffffff-2022-10,21
8445721ffffffff-2022-11,31
8445721ffffffff-2022-12,11
8445721ffffffff-2023-01,5
8445721ffffffff-2023-02,24
8445721ffffffff-2023-03,13
8445721ffffffff-2023-04,24
8445721ffffffff-2023-05,23
8445721ffffffff-2023-07,6
8445721ffffffff-2023-08,6
8445721ffffffff-2023-09,7
8445721ffffffff-2023-10,44
8445721ffffffff-2023-11,23
8445723ffffffff-2012-01,1
8445723ffffffff-2012-12,1
8445723ffffffff-2013-02,1
8445723ffffffff-2016-08,1
8445723ffffffff-2022-11,2
8445725ffffffff-2022-05,1
8445725ffffffff-2022-07,2
8445725ffffffff-2022-08,1
8445725ffffffff-2022-09,2
8445725ffffffff-2022-10,1
8445725ffffffff-2022-11,5
8445725ffffffff-2022-12,2
8445725ffffffff-2023-04,3
8445725ffffffff-2023-07,2
8445725ffffffff-2023-10,6
8445725ffffffff-2023-11,2
8445727ffffffff-2012-03,1
8445727ffffffff-2013-07,2
8445727ffffffff-2015-01,1
8445727ffffffff-2015-12,1
8445727ffffffff-2016-01,2
8445727ffffffff-2016-02,1
8445727ffffffff-2016-09,4
8445727ffffffff-2017-02,1
8445727ffffffff-2017-03,1
8445727ffffffff-2017-04,3
8445727ffffffff-2017-10,3
8445727ffffffff-2018-01,4
8445727ffffffff-2018-04,2
8445727ffffffff-2018-08,4
8445727ffffffff-2018-09,4
8445727ffffffff-2018-10,1
8445727ffffffff-2018-11,3
8445727ffffffff-2018-12,11
8445727ffffffff-2019-01,6
8445727ffffffff-2019-03,11
8445727ffffffff-2019-04,3
8445727ffffffff-2019-05,4
8445727ffffffff-2019-07,2
8445727ffffffff-2019-11,3
8445727ffffffff-2020-01,6
8445727ffffffff-2020-03,1
8445727ffffffff-2020-06,2
8445727ffffffff-2020-09,7
8445727ffffffff-2020-10,4
8445727ffffffff-2020-11,1
8445727ffffffff-2020-12,2
8445727ffffffff-2021-02,3
8445727ffffffff-2021-03,1
8445727ffffffff-2021-04,5
8445727ffffffff-2021-09,4
8445727ffffffff-2021-10,1
8445727ffffffff-2021-11,1
8445727ffffffff-2021-12,1
8445727ffffffff-2022-03,1
8445727ffffffff-2022-05,2
8445727ffffffff-2022-07,1
8445727ffffffff-2022-09,2
8445727ffffffff-2022-10,5
8445727ffffffff-2022-11,4
8445727ffffffff-2022-12,9
8445727ffffffff-2023-01,9
8445727ffffffff-2023-02,2
8445727ffffffff-2023-03,3
8445727ffffffff-2023-04,7
8445727ffffffff-2023-05,2
8445727ffffffff-2023-07,1
8445727ffffffff-2023-10,2
8445727ffffffff-2023-11,13
8445729ffffffff-2018-11,1
8445749ffffffff-2013-02,1
8445749ffffffff-2016-09,10
8445749ffffffff-2016-10,3
8445749ffffffff-2017-03,1
8445749ffffffff-2017-12,1
8445749ffffffff-2018-04,1
8445749ffffffff-2018-09,1
8445749ffffffff-2020-02,3
8445749ffffffff-2020-09,21
8445749ffffffff-2020-10,3
8445749ffffffff-2020-11,7
8445749ffffffff-2020-12,2
8445749ffffffff-2021-05,3
8445749ffffffff-2021-08,2
8445749ffffffff-2021-09,14
8445749ffffffff-2021-10,25
8445749ffffffff-2021-11,2
8445749ffffffff-2021-12,1
8445749ffffffff-2022-01,1
8445749ffffffff-2022-03,3
8445749ffffffff-2022-04,2
8445749ffffffff-2022-08,4
8445749ffffffff-2022-10,8
8445749ffffffff-2022-11,3
8445749ffffffff-2023-01,2
8445749ffffffff-2023-03,4
8445749ffffffff-2023-04,25
8445749ffffffff-2023-05,3
8445749ffffffff-2023-08,2
8445749ffffffff-2023-10,1
8445749ffffffff-2023-11,8
844574dffffffff-2014-11,1
844574dffffffff-2016-09,2
844574dffffffff-2018-12,2
844574dffffffff-2019-04,1
844574dffffffff-2022-04,1
8445761ffffffff-2016-01,1
8445761ffffffff-2016-04,2
8445761ffffffff-2016-10,3
8445761ffffffff-2017-02,1
8445761ffffffff-2017-03,1
8445761ffffffff-2018-11,2
8445761ffffffff-2019-10,1
8445761ffffffff-2021-11,1
8445761ffffffff-2022-03,2
8445761ffffffff-2022-04,10
8445761ffffffff-2023-04,2
8445761ffffffff-2023-10,3
8445767ffffffff-2014-10,2
8445767ffffffff-2016-01,3
8445767ffffffff-2023-09,2
8445767ffffffff-2023-10,2
8445767ffffffff-2023-11,5
8445769ffffffff-2013-08,1
8445769ffffffff-2018-03,1
8445769ffffffff-2022-01,1
8445769ffffffff-2023-01,2
8445769ffffffff-2023-10,2
8445769ffffffff-2023-11,1
8445833ffffffff-2014-01,2
8445833ffffffff-2016-02,1
8445833ffffffff-2017-01,4
8445833ffffffff-2017-10,3
8445833ffffffff-2018-02,18
8445833ffffffff-2019-02,2
8445833ffffffff-2021-11,1
8445833ffffffff-2022-10,1
8445833ffffffff-2023-01,1
8445837ffffffff-2017-03,1
8445837ffffffff-2021-12,1
8445837ffffffff-2023-03,2
8445843ffffffff-2012-04,1
8445843ffffffff-2017-03,1
8445843ffffffff-2019-12,1
8445843ffffffff-2021-05,1
8445843ffffffff-2021-09,5
8445843ffffffff-2021-10,2
8445843ffffffff-2021-11,3
8445843ffffffff-2021-12,9
8445843ffffffff-2022-03,2
8445843ffffffff-2022-04,2
8445843ffffffff-2022-08,3
8445843ffffffff-2022-11,1
8445843ffffffff-2022-12,5
8445843ffffffff-2023-02,1
8445843ffffffff-2023-04,2
8445843ffffffff-2023-07,3
8445843ffffffff-2023-09,2
8445843ffffffff-2023-11,5
8445847ffffffff-2012-10,1
8445847ffffffff-2012-11,2
8445847ffffffff-2013-02,6
8445847ffffffff-2013-11,3
8445847ffffffff-2013-12,1
8445847ffffffff-2014-03,4
8445847ffffffff-2015-03,2
8445847ffffffff-2016-03,1
8445847ffffffff-2017-01,1
8445847ffffffff-2017-02,1
8445847ffffffff-2017-03,8
8445847ffffffff-2017-04,2
8445847ffffffff-2018-04,2
8445847ffffffff-2019-01,3
8445847ffffffff-2019-04,5
8445847ffffffff-2019-05,2
8445847ffffffff-2019-08,1
8445847ffffffff-2019-10,2
8445847ffffffff-2020-01,2
8445847ffffffff-2020-02,9
8445847ffffffff-2020-03,4
8445847ffffffff-2020-04,1
8445847ffffffff-2020-05,2
8445847ffffffff-2020-10,3
8445847ffffffff-2020-12,2
8445847ffffffff-2021-02,4
8445847ffffffff-2021-03,5
8445847ffffffff-2021-04,8
8445847ffffffff-2021-08,3
8445847ffffffff-2021-09,17
8445847ffffffff-2021-10,14
8445847ffffffff-2021-11,8
8445847ffffffff-2021-12,3
8445847ffffffff-2022-01,2
8445847ffffffff-2022-02,9
8445847ffffffff-2022-03,8
8445847ffffffff-2022-04,7
8445847ffffffff-2022-05,1
8445847ffffffff-2022-07,2
8445847ffffffff-2022-08,8
8445847ffffffff-2022-09,10
8445847ffffffff-2022-10,11
8445847ffffffff-2022-11,6
8445847ffffffff-2022-12,3
8445847ffffffff-2023-01,13
8445847ffffffff-2023-02,8
8445847ffffffff-2023-03,5
8445847ffffffff-2023-04,29
8445847ffffffff-2023-05,5
8445847ffffffff-2023-07,3
8445847ffffffff-2023-08,4
8445847ffffffff-2023-09,7
8445847ffffffff-2023-10,3
8445847ffffffff-2023-11,13
8445883ffffffff-2012-01,1
8445883ffffffff-2014-03,1
8445883ffffffff-2017-02,1
8445883ffffffff-2017-11,2
8445883ffffffff-2019-01,1
8445883ffffffff-2019-11,2
8445883ffffffff-2019-12,1
8445883ffffffff-2020-01,2
8445883ffffffff-2021-12,5
8445883ffffffff-2022-08,1
8445883ffffffff-2023-01,1
8445883ffffffff-2023-03,1
8445883ffffffff-2023-11,2
8445885ffffffff-2023-01,1
8445887ffffffff-2016-01,1
8445887ffffffff-2017-02,1
8445887ffffffff-2018-02,1
8445887ffffffff-2023-01,1
8445889ffffffff-2013-04,1
8445889ffffffff-2014-03,1
8445889ffffffff-2014-04,1
8445889ffffffff-2015-02,1
8445889ffffffff-2016-04,2
8445889ffffffff-2017-02,2
8445889ffffffff-2017-03,1
8445889ffffffff-2017-12,1
8445889ffffffff-2018-04,6
8445889ffffffff-2018-12,3
8445889ffffffff-2019-01,4
8445889ffffffff-2019-03,2
8445889ffffffff-2019-04,6
8445889ffffffff-2019-05,1
8445889ffffffff-2020-01,3
8445889ffffffff-2020-02,9
8445889ffffffff-2020-03,1
8445889ffffffff-2020-05,5
8445889ffffffff-2022-03,4
8445889ffffffff-2022-09,1
8445889ffffffff-2022-11,9
8445889ffffffff-2023-01,1
8445889ffffffff-2023-02,2
8445889ffffffff-2023-04,4
844588bffffffff-2013-11,1
844588bffffffff-2019-01,1
844588dffffffff-2014-01,2
844588dffffffff-2015-01,1
844588dffffffff-2015-02,1
844588dffffffff-2016-02,1
844588dffffffff-2017-01,4
844588dffffffff-2017-03,1
844588dffffffff-2017-07,5
844588dffffffff-2017-11,1
844588dffffffff-2018-08,1
844588dffffffff-2019-09,1
844588dffffffff-2021-05,4
844588dffffffff-2022-02,1
844589dffffffff-2018-03,3
844589dffffffff-2021-05,1
844589dffffffff-2022-12,1
84458adffffffff-2017-01,1
84458adffffffff-2018-12,1
84458adffffffff-2019-01,3
84458adffffffff-2019-04,1
84458adffffffff-2019-10,1
84458adffffffff-2019-12,1
84458adffffffff-2020-01,1
84458adffffffff-2022-01,3
84458adffffffff-2022-03,1
84458adffffffff-2022-04,1
84458adffffffff-2022-07,1
84458adffffffff-2022-08,1
84458adffffffff-2022-09,1
84458adffffffff-2022-10,2
84458adffffffff-2023-01,3
84458adffffffff-2023-02,1
84458adffffffff-2023-07,1
84458adffffffff-2023-08,6
84458adffffffff-2023-09,7
84458adffffffff-2023-10,18
84458adffffffff-2023-11,6
84458c3ffffffff-2012-01,1
84458c3ffffffff-2012-11,1
84458c3ffffffff-2012-12,1
84458c3ffffffff-2013-02,4
84458c3ffffffff-2013-03,11
84458c3ffffffff-2013-04,5
84458c3ffffffff-2013-11,3
84458c3ffffffff-2014-02,6
84458c3ffffffff-2014-03,11
84458c3ffffffff-2015-02,7
84458c3ffffffff-2015-03,1
84458c3ffffffff-2015-04,3
84458c3ffffffff-2015-11,11
84458c3ffffffff-2015-12,2
84458c3ffffffff-2016-01,2
84458c3ffffffff-2016-02,1
84458c3ffffffff-2016-03,20
84458c3ffffffff-2016-04,10
84458c3ffffffff-2016-10,1
84458c3ffffffff-2016-12,3
84458c3ffffffff-2017-01,25
84458c3ffffffff-2017-02,26
84458c3ffffffff-2017-03,34
84458c3ffffffff-2017-04,3
84458c3ffffffff-2017-10,2
84458c3ffffffff-2017-11,2
84458c3ffffffff-2017-12,8
84458c3ffffffff-2018-01,11
84458c3ffffffff-2018-02,50
84458c3ffffffff-2018-03,22
84458c3ffffffff-2018-04,17
84458c3ffffffff-2018-11,4
84458c3ffffffff-2018-12,1
84458c3ffffffff-2019-01,7
84458c3ffffffff-2019-02,32
84458c3ffffffff-2019-03,24
84458c3ffffffff-2019-04,7
84458c3ffffffff-2019-08,1
84458c3ffffffff-2019-09,2
84458c3ffffffff-2019-11,8
84458c3ffffffff-2020-01,49
84458c3ffffffff-2020-02,21
84458c3ffffffff-2020-03,6
84458c3ffffffff-2020-10,1
84458c3ffffffff-2021-01,2
84458c3ffffffff-2021-03,1
84458c3ffffffff-2022-01,3
84458c3ffffffff-2022-02,10
84458c3ffffffff-2022-03,21
84458c3ffffffff-2022-04,5
84458c3ffffffff-2022-08,1
84458c3ffffffff-2022-09,1
84458c3ffffffff-2022-11,19
84458c3ffffffff-2022-12,20
84458c3ffffffff-2023-01,51
84458c3ffffffff-2023-02,17
84458c3ffffffff-2023-03,10
84458c3ffffffff-2023-04,4
84458c3ffffffff-2023-05,1
84458c3ffffffff-2023-11,12
84458c7ffffffff-2012-12,2
84458c7ffffffff-2014-12,1
84458c7ffffffff-2016-03,2
84458c7ffffffff-2017-01,1
84458c7ffffffff-2017-04,1
84458c7ffffffff-2017-10,1
84458c7ffffffff-2017-11,4
84458c7ffffffff-2018-03,4
84458c7ffffffff-2018-12,10
84458c7ffffffff-2019-02,1
84458c7ffffffff-2019-12,3
84458c7ffffffff-2020-02,2
84458c7ffffffff-2023-03,9
84458d5ffffffff-2014-12,1
84458d5ffffffff-2016-02,1
84458d5ffffffff-2017-01,1
84458d5ffffffff-2017-04,1
84458d5ffffffff-2017-12,1
84458d5ffffffff-2019-01,1
84458d7ffffffff-2019-03,2
84458dbffffffff-2019-12,1
84458e1ffffffff-2017-01,2
84458e1ffffffff-2018-03,1
84458e1ffffffff-2022-03,1
84458e1ffffffff-2022-08,1
84458e1ffffffff-2022-12,1
84458e1ffffffff-2023-03,2
84458e5ffffffff-2020-02,3
84458e7ffffffff-2022-11,1
84458e7ffffffff-2023-01,1
84458e7ffffffff-2023-02,1
84458ebffffffff-2015-02,1
84458ebffffffff-2016-04,9
84458ebffffffff-2017-02,1
84458ebffffffff-2017-03,2
84458ebffffffff-2017-04,5
84458ebffffffff-2018-02,4
84458ebffffffff-2018-03,11
84458ebffffffff-2018-04,5
84458ebffffffff-2018-11,10
84458ebffffffff-2018-12,4
84458ebffffffff-2019-03,8
84458ebffffffff-2019-04,2
84458ebffffffff-2020-01,6
84458ebffffffff-2020-02,6
84458ebffffffff-2020-03,1
84458ebffffffff-2022-03,3
84458ebffffffff-2022-04,2
84458ebffffffff-2022-10,2
84458ebffffffff-2023-01,4
84458ebffffffff-2023-03,14
84458ebffffffff-2023-04,8
84458ebffffffff-2023-11,2
84458edffffffff-2012-01,7
84458edffffffff-2015-02,2
84458edffffffff-2016-02,1
84458edffffffff-2016-03,1
84458edffffffff-2016-11,1
84458edffffffff-2016-12,6
84458edffffffff-2017-01,9
84458edffffffff-2017-02,3
84458edffffffff-2017-03,5
84458edffffffff-2017-04,4
84458edffffffff-2017-10,3
84458edffffffff-2017-11,5
84458edffffffff-2018-02,9
84458edffffffff-2018-03,9
84458edffffffff-2018-04,15
84458edffffffff-2018-12,13
84458edffffffff-2019-01,5
84458edffffffff-2019-02,15
84458edffffffff-2019-03,5
84458edffffffff-2019-04,7
84458edffffffff-2019-11,4
84458edffffffff-2022-03,11
84458edffffffff-2022-08,4
84458edffffffff-2023-01,3
84458edffffffff-2023-02,1
84458edffffffff-2023-03,13
84458edffffffff-2023-08,1
84458edffffffff-2023-11,12
8445903ffffffff-2021-05,1
8445903ffffffff-2022-05,2
8445903ffffffff-2023-05,2
8445903ffffffff-2023-06,1
8445903ffffffff-2023-07,1
8445903ffffffff-2023-08,2
8445903ffffffff-2023-09,1
8445903ffffffff-2023-10,8
8445905ffffffff-2015-01,3
8445905ffffffff-2023-11,1
8445907ffffffff-2022-02,2
8445909ffffffff-2019-11,8
8445909ffffffff-2019-12,2
8445909ffffffff-2020-01,1
8445909ffffffff-2022-05,2
8445909ffffffff-2022-07,1
8445909ffffffff-2022-08,4
8445909ffffffff-2022-10,2
8445909ffffffff-2023-02,3
8445909ffffffff-2023-03,1
8445909ffffffff-2023-04,1
8445909ffffffff-2023-08,2
8445909ffffffff-2023-10,9
844590bffffffff-2022-11,2
844590bffffffff-2022-12,4
844590bffffffff-2023-01,5
844590bffffffff-2023-02,10
844590bffffffff-2023-03,2
844590bffffffff-2023-09,1
844590bffffffff-2023-10,14
844590bffffffff-2023-11,10
844590dffffffff-2022-05,1
844590dffffffff-2022-07,1
844590dffffffff-2022-08,1
844590dffffffff-2022-10,3
844590dffffffff-2022-11,7
844590dffffffff-2022-12,3
844590dffffffff-2023-01,1
844590dffffffff-2023-02,2
844590dffffffff-2023-04,1
844590dffffffff-2023-05,2
844590dffffffff-2023-08,1
844590dffffffff-2023-10,4
844590dffffffff-2023-11,1
8445913ffffffff-2019-04,9
8445913ffffffff-2022-03,6
8445913ffffffff-2022-04,1
8445913ffffffff-2022-12,1
8445913ffffffff-2023-03,1
8445913ffffffff-2023-04,1
8445913ffffffff-2023-09,1
8445917ffffffff-2018-12,10
8445923ffffffff-2019-08,1
8445923ffffffff-2020-09,1
8445923ffffffff-2023-08,1
844592bffffffff-2022-09,2
844592bffffffff-2022-11,1
844592bffffffff-2022-12,2
8445933ffffffff-2012-03,1
8445933ffffffff-2018-03,1
8445935ffffffff-2021-02,6
8445935ffffffff-2021-10,17
8445935ffffffff-2021-11,3
8445939ffffffff-2023-10,1
8445981ffffffff-2012-03,6
8445981ffffffff-2012-04,2
8445981ffffffff-2012-11,3
8445981ffffffff-2013-02,1
8445981ffffffff-2013-04,9
8445981ffffffff-2013-10,1
8445981ffffffff-2013-11,1
8445981ffffffff-2014-03,12
8445981ffffffff-2014-04,14
8445981ffffffff-2015-02,9
8445981ffffffff-2015-03,1
8445981ffffffff-2016-01,7
8445981ffffffff-2016-02,5
8445981ffffffff-2016-03,13
8445981ffffffff-2016-04,6
8445981ffffffff-2016-11,35
8445981ffffffff-2017-01,2
8445981ffffffff-2017-02,12
8445981ffffffff-2017-03,20
8445981ffffffff-2017-04,20
8445981ffffffff-2017-07,1
8445981ffffffff-2017-12,6
8445981ffffffff-2018-01,8
8445981ffffffff-2018-02,26
8445981ffffffff-2018-03,21
8445981ffffffff-2018-04,6
8445981ffffffff-2018-10,1
8445981ffffffff-2018-12,19
8445981ffffffff-2019-01,1
8445981ffffffff-2019-02,7
8445981ffffffff-2019-03,7
8445981ffffffff-2019-04,8
8445981ffffffff-2019-11,7
8445981ffffffff-2019-12,3
8445981ffffffff-2020-02,17
8445981ffffffff-2020-03,8
8445981ffffffff-2021-02,1
8445981ffffffff-2021-09,1
8445981ffffffff-2022-01,1
8445981ffffffff-2022-02,2
8445981ffffffff-2022-03,23
8445981ffffffff-2022-04,1
8445981ffffffff-2022-10,2
8445981ffffffff-2022-11,1
8445981ffffffff-2022-12,15
8445981ffffffff-2023-01,30
8445981ffffffff-2023-02,26
8445981ffffffff-2023-03,40
8445981ffffffff-2023-04,24
8445981ffffffff-2023-05,1
8445981ffffffff-2023-07,1
8445981ffffffff-2023-08,4
8445981ffffffff-2023-09,1
8445981ffffffff-2023-10,17
8445981ffffffff-2023-11,4
8445989ffffffff-2012-01,1
8445989ffffffff-2012-04,1
8445989ffffffff-2012-10,1
8445989ffffffff-2013-02,3
8445989ffffffff-2013-03,6
8445989ffffffff-2013-04,1
8445989ffffffff-2013-11,2
8445989ffffffff-2014-04,1
8445989ffffffff-2015-02,6
8445989ffffffff-2015-11,4
8445989ffffffff-2016-01,1
8445989ffffffff-2016-02,7
8445989ffffffff-2016-03,21
8445989ffffffff-2016-04,19
8445989ffffffff-2016-10,1
8445989ffffffff-2016-11,3
8445989ffffffff-2016-12,1
8445989ffffffff-2017-01,5
8445989ffffffff-2017-02,18
8445989ffffffff-2017-03,32
8445989ffffffff-2017-04,28
8445989ffffffff-2017-11,12
8445989ffffffff-2017-12,13
8445989ffffffff-2018-01,4
8445989ffffffff-2018-02,30
8445989ffffffff-2018-03,21
8445989ffffffff-2018-04,24
8445989ffffffff-2018-09,1
8445989ffffffff-2018-10,4
8445989ffffffff-2018-11,30
8445989ffffffff-2018-12,2
8445989ffffffff-2019-01,3
8445989ffffffff-2019-02,11
8445989ffffffff-2019-03,29
8445989ffffffff-2019-04,4
8445989ffffffff-2019-06,1
8445989ffffffff-2019-12,4
8445989ffffffff-2020-02,19
8445989ffffffff-2020-03,7
8445989ffffffff-2021-09,1
8445989ffffffff-2022-01,3
8445989ffffffff-2022-03,1
8445989ffffffff-2022-09,1
8445989ffffffff-2023-01,3
8445989ffffffff-2023-02,2
8445989ffffffff-2023-03,10
8445989ffffffff-2023-04,3
8445989ffffffff-2023-05,1
8445989ffffffff-2023-08,2
8445989ffffffff-2023-09,1
8445989ffffffff-2023-10,3
8445989ffffffff-2023-11,3
844598bffffffff-2012-02,3
844598bffffffff-2012-03,6
844598bffffffff-2012-04,1
844598bffffffff-2012-10,2
844598bffffffff-2013-02,5
844598bffffffff-2013-03,1
844598bffffffff-2013-04,10
844598bffffffff-2014-02,1
844598bffffffff-2014-03,14
844598bffffffff-2014-04,9
844598bffffffff-2014-12,2
844598bffffffff-2015-02,21
844598bffffffff-2015-03,6
844598bffffffff-2015-04,3
844598bffffffff-2016-01,3
844598bffffffff-2016-02,2
844598bffffffff-2016-03,16
844598bffffffff-2016-04,11
844598bffffffff-2017-01,10
844598bffffffff-2017-02,13
844598bffffffff-2017-03,14
844598bffffffff-2017-04,12
844598bffffffff-2017-07,1
844598bffffffff-2017-12,2
844598bffffffff-2018-01,7
844598bffffffff-2018-02,20
844598bffffffff-2018-03,30
844598bffffffff-2018-04,27
844598bffffffff-2019-01,11
844598bffffffff-2019-02,3
844598bffffffff-2019-03,24
844598bffffffff-2019-04,22
844598bffffffff-2019-12,1
844598bffffffff-2020-02,8
844598bffffffff-2020-03,3
844598bffffffff-2022-01,4
844598bffffffff-2022-02,4
844598bffffffff-2022-03,3
844598bffffffff-2022-06,1
844598bffffffff-2023-01,20
844598bffffffff-2023-02,17
844598bffffffff-2023-03,17
844598bffffffff-2023-04,7
844598dffffffff-2012-01,2
844598dffffffff-2013-11,1
844598dffffffff-2014-02,3
844598dffffffff-2014-04,2
844598dffffffff-2015-11,1
844598dffffffff-2016-01,6
844598dffffffff-2016-02,1
844598dffffffff-2016-03,11
844598dffffffff-2016-04,10
844598dffffffff-2016-12,1
844598dffffffff-2017-01,1
844598dffffffff-2017-02,3
844598dffffffff-2017-03,2
844598dffffffff-2017-04,6
844598dffffffff-2017-11,12
844598dffffffff-2017-12,10
844598dffffffff-2018-01,1
844598dffffffff-2018-02,20
844598dffffffff-2018-03,9
844598dffffffff-2018-10,2
844598dffffffff-2018-11,11
844598dffffffff-2019-01,1
844598dffffffff-2019-02,1
844598dffffffff-2019-03,8
844598dffffffff-2019-11,5
844598dffffffff-2020-02,12
844598dffffffff-2020-03,2
844598dffffffff-2023-03,2
844598dffffffff-2023-10,12
84459b7ffffffff-2023-03,1
84459c1ffffffff-2021-10,1
84459c3ffffffff-2014-01,1
84459c3ffffffff-2016-04,1
84459c3ffffffff-2021-09,1
84459c3ffffffff-2021-10,1
84459c3ffffffff-2022-01,2
84459c3ffffffff-2022-02,2
84459c3ffffffff-2022-03,3
84459c3ffffffff-2022-04,1
84459c3ffffffff-2023-04,1
84459c3ffffffff-2023-09,1
84459c3ffffffff-2023-11,5
84459c5ffffffff-2017-12,6
84459cbffffffff-2019-12,4
84459cbffffffff-2022-01,1
84459cbffffffff-2022-04,1
84459cbffffffff-2023-03,1
84459cbffffffff-2023-10,1
84459cbffffffff-2023-11,1
84459d1ffffffff-2023-03,1
84459d5ffffffff-2012-01,1
84459d5ffffffff-2022-03,1
84459d5ffffffff-2023-04,1
84459d5ffffffff-2023-08,1
84459d5ffffffff-2023-11,1
84459d7ffffffff-2012-02,1
84459d7ffffffff-2013-02,1
84459d7ffffffff-2014-10,1
84459d7ffffffff-2015-01,1
84459d7ffffffff-2015-02,14
84459d7ffffffff-2015-12,1
84459d7ffffffff-2016-02,5
84459d7ffffffff-2016-03,1
84459d7ffffffff-2016-11,1
84459d7ffffffff-2016-12,1
84459d7ffffffff-2017-01,3
84459d7ffffffff-2017-02,3
84459d7ffffffff-2017-03,1
84459d7ffffffff-2018-03,1
84459d7ffffffff-2018-04,2
84459d7ffffffff-2018-10,1
84459d7ffffffff-2018-11,2
84459d7ffffffff-2019-02,7
84459d7ffffffff-2019-04,1
84459d7ffffffff-2020-01,1
84459d7ffffffff-2020-03,4
84459d7ffffffff-2021-12,3
84459d7ffffffff-2022-01,4
84459d7ffffffff-2022-02,1
84459d7ffffffff-2022-03,2
84459d7ffffffff-2022-04,1
84459d7ffffffff-2022-11,3
84459d7ffffffff-2022-12,1
84459d7ffffffff-2023-01,1
84459d7ffffffff-2023-02,2
84459d7ffffffff-2023-03,7
84459d7ffffffff-2023-04,2
84459d9ffffffff-2021-09,13
84459d9ffffffff-2021-10,6
84459d9ffffffff-2021-11,5
84459ddffffffff-2016-04,4
84459e1ffffffff-2013-03,6
84459e1ffffffff-2020-08,1
84459e9ffffffff-2021-10,2
84459ebffffffff-2023-04,7
84459edffffffff-2018-12,1
84459edffffffff-2022-02,1
8445a33ffffffff-2012-01,4
8445a33ffffffff-2012-02,7
8445a33ffffffff-2012-03,12
8445a33ffffffff-2012-04,15
8445a33ffffffff-2012-05,1
8445a33ffffffff-2012-07,4
8445a33ffffffff-2012-08,10
8445a33ffffffff-2012-09,3
8445a33ffffffff-2012-10,4
8445a33ffffffff-2012-11,3
8445a33ffffffff-2012-12,10
8445a33ffffffff-2013-01,10
8445a33ffffffff-2013-02,15
8445a33ffffffff-2013-03,6
8445a33ffffffff-2013-04,1
8445a33ffffffff-2013-05,2
8445a33ffffffff-2013-06,1
8445a33ffffffff-2013-07,7
8445a33ffffffff-2013-08,5
8445a33ffffffff-2013-09,6
8445a33ffffffff-2013-10,2
8445a33ffffffff-2013-11,6
8445a33ffffffff-2013-12,11
8445a33ffffffff-2014-01,5
8445a33ffffffff-2014-02,6
8445a33ffffffff-2014-03,7
8445a33ffffffff-2014-04,4
8445a33ffffffff-2014-07,1
8445a33ffffffff-2014-08,4
8445a33ffffffff-2014-09,3
8445a33ffffffff-2014-10,8
8445a33ffffffff-2014-11,9
8445a33ffffffff-2014-12,3
8445a33ffffffff-2015-01,9
8445a33ffffffff-2015-02,4
8445a33ffffffff-2015-03,8
8445a33ffffffff-2015-04,2
8445a33ffffffff-2015-07,3
8445a33ffffffff-2015-08,9
8445a33ffffffff-2015-09,4
8445a33ffffffff-2015-10,4
8445a33ffffffff-2015-11,2
8445a33ffffffff-2015-12,5
8445a33ffffffff-2016-01,1
8445a33ffffffff-2016-02,4
8445a33ffffffff-2016-03,3
8445a33ffffffff-2016-04,8
8445a33ffffffff-2016-05,3
8445a33ffffffff-2016-07,1
8445a33ffffffff-2016-08,3
8445a33ffffffff-2016-09,13
8445a33ffffffff-2016-10,4
8445a33ffffffff-2016-11,1
8445a33ffffffff-2016-12,8
8445a33ffffffff-2017-01,17
8445a33ffffffff-2017-02,21
8445a33ffffffff-2017-03,5
8445a33ffffffff-2017-04,6
8445a33ffffffff-2017-07,3
8445a33ffffffff-2017-08,8
8445a33ffffffff-2017-09,14
8445a33ffffffff-2017-10,9
8445a33ffffffff-2017-11,17
8445a33ffffffff-2017-12,18
8445a33ffffffff-2018-01,28
8445a33ffffffff-2018-02,24
8445a33ffffffff-2018-03,10
8445a33ffffffff-2018-04,12
8445a33ffffffff-2018-05,6
8445a33ffffffff-2018-07,2
8445a33ffffffff-2018-08,9
8445a33ffffffff-2018-09,13
8445a33ffffffff-2018-10,11
8445a33ffffffff-2018-11,9
8445a33ffffffff-2018-12,24
8445a33ffffffff-2019-01,25
8445a33ffffffff-2019-02,15
8445a33ffffffff-2019-03,14
8445a33ffffffff-2019-04,18
8445a33ffffffff-2019-05,1
8445a33ffffffff-2019-06,1
8445a33ffffffff-2019-07,3
8445a33ffffffff-2019-08,5
8445a33ffffffff-2019-09,2
8445a33ffffffff-2019-10,7
8445a33ffffffff-2019-11,15
8445a33ffffffff-2019-12,16
8445a33ffffffff-2020-01,12
8445a33ffffffff-2020-02,21
8445a33ffffffff-2020-03,23
8445a33ffffffff-2020-04,5
8445a33ffffffff-2020-05,2
8445a33ffffffff-2020-06,3
8445a33ffffffff-2020-07,15
8445a33ffffffff-2020-08,19
8445a33ffffffff-2020-09,24
8445a33ffffffff-2020-10,15
8445a33ffffffff-2020-11,27
8445a33ffffffff-2020-12,24
8445a33ffffffff-2021-01,23
8445a33ffffffff-2021-02,39
8445a33ffffffff-2021-03,35
8445a33ffffffff-2021-04,34
8445a33ffffffff-2021-05,14
8445a33ffffffff-2021-07,4
8445a33ffffffff-2021-08,23
8445a33ffffffff-2021-09,31
8445a33ffffffff-2021-10,43
8445a33ffffffff-2021-11,38
8445a33ffffffff-2021-12,16
8445a33ffffffff-2022-01,29
8445a33ffffffff-2022-02,43
8445a33ffffffff-2022-03,8
8445a33ffffffff-2022-04,31
8445a33ffffffff-2022-05,4
8445a33ffffffff-2022-07,28
8445a33ffffffff-2022-08,23
8445a33ffffffff-2022-09,41
8445a33ffffffff-2022-10,44
8445a33ffffffff-2022-11,43
8445a33ffffffff-2022-12,58
8445a33ffffffff-2023-01,40
8445a33ffffffff-2023-02,24
8445a33ffffffff-2023-03,27
8445a33ffffffff-2023-04,35
8445a33ffffffff-2023-05,7
8445a33ffffffff-2023-06,1
8445a33ffffffff-2023-07,11
8445a33ffffffff-2023-08,41
8445a33ffffffff-2023-09,30
8445a33ffffffff-2023-10,14
8445a33ffffffff-2023-11,30
8445aedffffffff-2019-12,2
8445b07ffffffff-2018-02,1
8445b07ffffffff-2019-02,1
8445b07ffffffff-2020-01,2
8445b07ffffffff-2020-12,1
8445b07ffffffff-2022-02,1
8445b07ffffffff-2022-12,2
8445b07ffffffff-2023-02,1
8445b07ffffffff-2023-04,3
8445b21ffffffff-2012-01,1
8445b21ffffffff-2012-03,1
8445b21ffffffff-2013-02,5
8445b21ffffffff-2014-02,2
8445b21ffffffff-2015-03,5
8445b21ffffffff-2015-07,5
8445b21ffffffff-2018-03,1
8445b21ffffffff-2018-08,1
8445b21ffffffff-2019-01,5
8445b21ffffffff-2019-02,4
8445b21ffffffff-2019-03,2
8445b21ffffffff-2020-01,2
8445b21ffffffff-2020-02,2
8445b21ffffffff-2020-03,6
8445b21ffffffff-2021-02,1
8445b21ffffffff-2022-01,1
8445b23ffffffff-2012-11,2
8445b23ffffffff-2013-03,3
8445b23ffffffff-2013-04,2
8445b23ffffffff-2014-01,2
8445b23ffffffff-2014-02,3
8445b23ffffffff-2014-03,2
8445b23ffffffff-2014-04,4
8445b23ffffffff-2014-12,3
8445b23ffffffff-2015-02,8
8445b23ffffffff-2015-03,7
8445b23ffffffff-2015-04,4
8445b23ffffffff-2015-07,5
8445b23ffffffff-2015-08,1
8445b23ffffffff-2016-02,2
8445b23ffffffff-2016-03,10
8445b23ffffffff-2016-04,2
8445b23ffffffff-2016-12,2
8445b23ffffffff-2017-01,1
8445b23ffffffff-2017-03,3
8445b23ffffffff-2017-04,1
8445b23ffffffff-2017-11,2
8445b23ffffffff-2017-12,1
8445b23ffffffff-2018-01,1
8445b23ffffffff-2018-02,1
8445b23ffffffff-2018-03,16
8445b23ffffffff-2018-06,1
8445b23ffffffff-2018-10,1
8445b23ffffffff-2018-12,2
8445b23ffffffff-2019-01,3
8445b23ffffffff-2019-02,2
8445b23ffffffff-2019-03,4
8445b23ffffffff-2019-08,2
8445b23ffffffff-2019-09,1
8445b23ffffffff-2019-10,4
8445b23ffffffff-2019-11,5
8445b23ffffffff-2019-12,9
8445b23ffffffff-2020-01,2
8445b23ffffffff-2020-02,1
8445b23ffffffff-2020-03,6
8445b23ffffffff-2021-08,1
8445b23ffffffff-2021-12,6
8445b23ffffffff-2022-01,6
8445b23ffffffff-2022-02,1
8445b23ffffffff-2022-03,1
8445b23ffffffff-2022-11,9
8445b23ffffffff-2023-01,4
8445b23ffffffff-2023-03,14
8445b23ffffffff-2023-04,1
8445b23ffffffff-2023-08,1
8445b23ffffffff-2023-11,7
8445b27ffffffff-2013-03,1
8445b27ffffffff-2013-04,2
8445b27ffffffff-2014-02,3
8445b27ffffffff-2014-12,2
8445b27ffffffff-2015-03,1
8445b27ffffffff-2016-02,1
8445b27ffffffff-2016-09,1
8445b27ffffffff-2019-02,1
8445b27ffffffff-2019-04,9
8445b27ffffffff-2019-12,7
8445b27ffffffff-2021-08,1
8445b27ffffffff-2022-03,1
8445b27ffffffff-2022-11,2
8445b27ffffffff-2023-02,1
8445b29ffffffff-2012-01,5
8445b29ffffffff-2012-02,12
8445b29ffffffff-2012-03,6
8445b29ffffffff-2012-04,4
8445b29ffffffff-2012-06,1
8445b29ffffffff-2012-07,4
8445b29ffffffff-2012-11,1
8445b29ffffffff-2012-12,1
8445b29ffffffff-2013-01,13
8445b29ffffffff-2013-02,23
8445b29ffffffff-2013-03,30
8445b29ffffffff-2013-04,20
8445b29ffffffff-2014-01,36
8445b29ffffffff-2014-02,11
8445b29ffffffff-2014-11,1
8445b29ffffffff-2015-01,8
8445b29ffffffff-2015-02,1
8445b29ffffffff-2015-03,9
8445b29ffffffff-2015-04,4
8445b29ffffffff-2016-02,7
8445b29ffffffff-2016-03,7
8445b29ffffffff-2016-04,5
8445b29ffffffff-2016-09,4
8445b29ffffffff-2016-11,2
8445b29ffffffff-2017-01,2
8445b29ffffffff-2017-02,1
8445b29ffffffff-2017-04,1
8445b29ffffffff-2018-02,4
8445b29ffffffff-2018-03,3
8445b29ffffffff-2018-04,1
8445b29ffffffff-2018-08,1
8445b29ffffffff-2019-02,7
8445b29ffffffff-2019-03,1
8445b29ffffffff-2019-04,5
8445b29ffffffff-2019-10,2
8445b29ffffffff-2019-11,3
8445b29ffffffff-2019-12,3
8445b29ffffffff-2020-01,27
8445b29ffffffff-2020-02,20
8445b29ffffffff-2020-03,12
8445b29ffffffff-2020-09,2
8445b29ffffffff-2022-02,4
8445b29ffffffff-2022-03,1
8445b29ffffffff-2022-08,1
8445b29ffffffff-2023-01,6
8445b29ffffffff-2023-02,6
8445b29ffffffff-2023-03,3
8445b29ffffffff-2023-07,3
8445b2bffffffff-2012-03,1
8445b2bffffffff-2012-04,1
8445b2bffffffff-2013-01,4
8445b2bffffffff-2013-02,1
8445b2bffffffff-2018-12,1
844633dffffffff-2017-08,1
8446483ffffffff-2012-01,2
8446483ffffffff-2012-08,1
8446483ffffffff-2012-10,5
8446483ffffffff-2012-11,5
8446483ffffffff-2013-01,1
8446483ffffffff-2015-01,1
8446483ffffffff-2017-10,2
8446483ffffffff-2018-08,1
8446483ffffffff-2018-09,22
8446483ffffffff-2018-10,21
8446483ffffffff-2018-11,9
8446483ffffffff-2019-01,13
8446483ffffffff-2019-02,17
8446483ffffffff-2020-08,7
8446483ffffffff-2020-09,22
8446483ffffffff-2021-09,23
8446483ffffffff-2021-11,5
8446483ffffffff-2021-12,2
8446483ffffffff-2022-01,1
8446483ffffffff-2022-02,6
8446483ffffffff-2022-07,1
8446483ffffffff-2022-08,2
8446495ffffffff-2012-11,1
8446495ffffffff-2014-01,1
8446495ffffffff-2017-02,1
8446495ffffffff-2019-01,1
8446497ffffffff-2014-03,1
8446497ffffffff-2016-02,1
8446497ffffffff-2016-04,1
8446497ffffffff-2016-12,1
8446497ffffffff-2018-11,4
8446497ffffffff-2018-12,1
8446497ffffffff-2019-02,2
8446497ffffffff-2023-10,1
84464b9ffffffff-2012-01,1
84464b9ffffffff-2013-08,3
84464b9ffffffff-2013-09,3
84464b9ffffffff-2014-10,4
84464b9ffffffff-2014-12,2
84464b9ffffffff-2015-01,7
84464b9ffffffff-2016-08,3
84464b9ffffffff-2016-09,2
84464b9ffffffff-2016-10,1
84464b9ffffffff-2016-12,4
84464b9ffffffff-2017-01,2
84464b9ffffffff-2017-02,2
84464b9ffffffff-2017-03,8
84464b9ffffffff-2017-10,3
84464b9ffffffff-2018-03,1
84464b9ffffffff-2019-12,1
84464b9ffffffff-2020-09,1
84464b9ffffffff-2020-10,7
84464b9ffffffff-2023-10,24
84464b9ffffffff-2023-11,30
84464e1ffffffff-2018-08,1
84464e1ffffffff-2023-09,1
84464e1ffffffff-2023-10,9
84464e5ffffffff-2016-09,2
84464e5ffffffff-2016-10,1
84464e7ffffffff-2016-09,1
84464e7ffffffff-2022-09,1
8447a35ffffffff-2017-08,4
8447a35ffffffff-2017-09,6
8447a35ffffffff-2018-08,8
8447a35ffffffff-2018-09,4
8447a35ffffffff-2019-04,4
8447a35ffffffff-2019-05,4
8447a35ffffffff-2020-08,6
8447a35ffffffff-2020-09,2
8447a35ffffffff-2022-04,2
8447a35ffffffff-2022-05,9
8447a35ffffffff-2022-06,8
8447a35ffffffff-2022-07,12
8447a35ffffffff-2023-08,5
8447a35ffffffff-2023-09,18
8447a35ffffffff-2023-10,30
8447a35ffffffff-2023-11,1
8448005ffffffff-2021-11,7
8448005ffffffff-2021-12,9
8448005ffffffff-2022-05,3
8448005ffffffff-2022-10,4
8448005ffffffff-2023-04,2
8448007ffffffff-2013-12,1
8448007ffffffff-2019-02,1
8448007ffffffff-2019-12,1
8448007ffffffff-2021-12,9
8448007ffffffff-2022-02,1
8448007ffffffff-2023-04,2
8448017ffffffff-2018-11,2
8448017ffffffff-2019-07,4
8448017ffffffff-2019-08,7
8448017ffffffff-2019-09,4
8448017ffffffff-2019-10,1
8448017ffffffff-2019-11,2
8448017ffffffff-2020-01,18
8448017ffffffff-2020-02,4
8448017ffffffff-2020-03,8
8448017ffffffff-2020-04,1
8448017ffffffff-2020-09,2
8448017ffffffff-2020-10,2
8448017ffffffff-2021-08,4
844802bffffffff-2021-09,1
8448039ffffffff-2020-03,1
8448039ffffffff-2021-09,5
8448059ffffffff-2013-08,3
8448059ffffffff-2016-02,1
8448059ffffffff-2016-03,1
8448059ffffffff-2017-02,2
8448059ffffffff-2017-03,2
8448059ffffffff-2018-02,1
8448059ffffffff-2018-04,1
8448059ffffffff-2018-08,1
8448059ffffffff-2018-10,6
8448059ffffffff-2019-03,1
8448059ffffffff-2019-11,1
8448059ffffffff-2020-03,1
8448059ffffffff-2021-02,1
8448059ffffffff-2021-11,1
8448059ffffffff-2021-12,1
8448059ffffffff-2022-02,1
8448059ffffffff-2022-12,2
8448059ffffffff-2023-01,5
8448059ffffffff-2023-02,3
8448059ffffffff-2023-08,1
844805bffffffff-2021-03,1
844805bffffffff-2021-11,1
844805bffffffff-2022-11,1
8448061ffffffff-2013-12,1
8448061ffffffff-2014-01,1
8448061ffffffff-2014-02,1
8448061ffffffff-2014-03,1
8448061ffffffff-2020-02,1
8448061ffffffff-2020-03,3
8448061ffffffff-2020-04,4
8448061ffffffff-2020-06,2
8448061ffffffff-2020-09,5
8448061ffffffff-2020-10,1
8448061ffffffff-2020-11,1
8448061ffffffff-2021-02,1
8448061ffffffff-2021-05,2
8448061ffffffff-2021-10,1
8448061ffffffff-2021-11,3
8448061ffffffff-2021-12,1
8448061ffffffff-2022-03,7
8448061ffffffff-2022-04,8
8448061ffffffff-2023-02,6
8448061ffffffff-2023-04,2
8448061ffffffff-2023-11,3
8448065ffffffff-2021-02,3
8448067ffffffff-2013-11,1
844806dffffffff-2016-12,1
844806dffffffff-2017-08,2
844806dffffffff-2018-01,1
844806dffffffff-2019-01,1
844806dffffffff-2019-02,1
844806dffffffff-2019-07,2
844806dffffffff-2020-11,2
844806dffffffff-2020-12,2
844806dffffffff-2021-10,3
844806dffffffff-2022-08,7
844806dffffffff-2022-09,1
844806dffffffff-2022-11,4
844806dffffffff-2023-07,3
844806dffffffff-2023-08,3
8448083ffffffff-2020-10,1
8448083ffffffff-2022-01,1
8448085ffffffff-2015-07,1
8448085ffffffff-2018-11,5
8448085ffffffff-2023-07,1
8448085ffffffff-2023-10,5
8448087ffffffff-2019-01,2
8448097ffffffff-2013-12,2
8448097ffffffff-2018-01,1
8448097ffffffff-2023-03,4
84480a9ffffffff-2012-12,4
84480adffffffff-2012-01,2
84480adffffffff-2019-02,1
84480adffffffff-2019-07,2
84480adffffffff-2021-01,1
84480adffffffff-2021-12,2
84480adffffffff-2023-11,1
84480bbffffffff-2013-01,1
84480bbffffffff-2013-11,1
84480bbffffffff-2013-12,1
84480bbffffffff-2014-01,1
84480bbffffffff-2014-03,2
84480bbffffffff-2014-06,1
84480bbffffffff-2014-08,1
84480bbffffffff-2014-11,1
84480bbffffffff-2015-02,2
84480bbffffffff-2015-03,1
84480bbffffffff-2015-04,1
84480bbffffffff-2015-08,1
84480bbffffffff-2017-01,1
84480bbffffffff-2018-02,1
84480bbffffffff-2018-03,1
84480bbffffffff-2018-11,8
84480bbffffffff-2019-08,3
84480bbffffffff-2019-11,2
84480bbffffffff-2019-12,3
84480bbffffffff-2020-11,1
84480bbffffffff-2020-12,3
84480bbffffffff-2022-10,1
84480bbffffffff-2023-01,1
84480bbffffffff-2023-02,1
84480bbffffffff-2023-03,2
84480cbffffffff-2017-11,1
84480d3ffffffff-2021-11,1
84480d9ffffffff-2018-02,2
84480d9ffffffff-2022-11,1
84480d9ffffffff-2023-03,1
84480ddffffffff-2017-02,2
84480ddffffffff-2017-10,3
84480ddffffffff-2018-01,4
84480ddffffffff-2018-02,4
84480ddffffffff-2018-03,3
84480ddffffffff-2018-04,1
84480ddffffffff-2018-12,2
84480ddffffffff-2019-02,5
84480ddffffffff-2019-10,2
84480ddffffffff-2019-12,1
84480ddffffffff-2020-01,2
84480ddffffffff-2020-02,3
84480ddffffffff-2020-04,1
84480ddffffffff-2020-09,3
84480ddffffffff-2020-10,1
84480ddffffffff-2020-12,1
84480ddffffffff-2021-04,1
84480ddffffffff-2021-11,1
84480ddffffffff-2022-01,2
84480ddffffffff-2022-02,3
84480ddffffffff-2022-03,1
84480ddffffffff-2022-04,6
84480ddffffffff-2022-07,2
84480ddffffffff-2022-10,2
84480ddffffffff-2022-12,1
84480ddffffffff-2023-01,2
84480ddffffffff-2023-03,15
84480ddffffffff-2023-04,7
84480ddffffffff-2023-11,1
84480e1ffffffff-2015-01,1
84480e1ffffffff-2017-02,2
84480e1ffffffff-2018-02,1
84480e1ffffffff-2022-01,7
84480e1ffffffff-2022-02,1
84480e1ffffffff-2023-01,2
84480e3ffffffff-2014-11,1
84480e3ffffffff-2017-04,3
84480e3ffffffff-2018-04,2
84480e3ffffffff-2018-11,1
84480e3ffffffff-2019-01,2
84480e3ffffffff-2019-10,1
84480e3ffffffff-2019-12,2
84480e3ffffffff-2020-01,1
84480e3ffffffff-2021-04,1
84480e3ffffffff-2022-01,2
84480e3ffffffff-2022-03,2
84480e5ffffffff-2019-08,2
84480e5ffffffff-2023-11,1
84480e7ffffffff-2019-04,1
84480edffffffff-2020-01,3
84480edffffffff-2020-02,4
84480edffffffff-2020-03,2
8448101ffffffff-2016-09,2
8448101ffffffff-2016-12,1
8448101ffffffff-2017-10,1
8448101ffffffff-2019-09,2
8448101ffffffff-2020-08,1
8448101ffffffff-2020-09,5
8448101ffffffff-2020-10,2
8448101ffffffff-2021-09,5
8448101ffffffff-2021-10,3
8448101ffffffff-2022-01,4
8448101ffffffff-2022-02,1
8448101ffffffff-2022-05,1
8448101ffffffff-2022-08,2
8448101ffffffff-2022-09,14
8448101ffffffff-2022-11,2
8448101ffffffff-2022-12,2
8448101ffffffff-2023-01,1
8448101ffffffff-2023-02,2
8448101ffffffff-2023-08,2
8448101ffffffff-2023-10,1
844810dffffffff-2013-01,1
844810dffffffff-2015-10,1
844810dffffffff-2016-09,2
844810dffffffff-2021-06,1
8448121ffffffff-2022-01,1
8448121ffffffff-2023-01,1
8448127ffffffff-2022-09,6
8448127ffffffff-2022-10,1
8448127ffffffff-2022-11,1
8448145ffffffff-2012-04,2
8448145ffffffff-2012-12,3
8448145ffffffff-2013-08,3
8448145ffffffff-2014-11,1
8448145ffffffff-2017-02,1
8448147ffffffff-2012-01,2
8448147ffffffff-2012-07,7
8448147ffffffff-2012-08,13
8448147ffffffff-2012-09,10
8448147ffffffff-2012-10,7
8448147ffffffff-2012-11,1
8448147ffffffff-2012-12,2
8448147ffffffff-2013-01,2
8448147ffffffff-2013-02,1
8448147ffffffff-2013-03,1
8448147ffffffff-2013-07,1
8448147ffffffff-2013-08,11
8448147ffffffff-2013-09,7
8448147ffffffff-2013-12,2
8448147ffffffff-2014-01,3
8448147ffffffff-2014-02,1
8448147ffffffff-2014-07,7
8448147ffffffff-2014-08,5
8448147ffffffff-2014-09,7
8448147ffffffff-2014-10,3
8448147ffffffff-2014-11,3
8448147ffffffff-2015-01,2
8448147ffffffff-2015-02,2
8448147ffffffff-2015-07,2
8448147ffffffff-2015-08,4
8448147ffffffff-2015-09,4
8448147ffffffff-2015-10,1
8448147ffffffff-2015-11,3
8448147ffffffff-2015-12,2
8448147ffffffff-2016-01,1
8448147ffffffff-2016-02,1
8448147ffffffff-2016-07,4
8448147ffffffff-2016-08,1
8448147ffffffff-2016-09,2
8448147ffffffff-2016-10,3
8448147ffffffff-2016-11,4
8448147ffffffff-2016-12,2
8448147ffffffff-2017-01,1
8448147ffffffff-2017-02,2
8448147ffffffff-2017-07,1
8448147ffffffff-2017-08,1
8448147ffffffff-2017-09,2
8448147ffffffff-2017-10,1
8448147ffffffff-2017-11,1
8448147ffffffff-2017-12,1
8448147ffffffff-2018-02,1
8448147ffffffff-2018-03,2
8448147ffffffff-2018-07,1
8448147ffffffff-2018-08,3
8448147ffffffff-2018-09,3
8448147ffffffff-2018-10,2
8448147ffffffff-2018-11,1
8448147ffffffff-2018-12,4
8448147ffffffff-2019-01,1
8448147ffffffff-2019-07,3
8448147ffffffff-2019-08,3
8448147ffffffff-2019-09,3
8448147ffffffff-2019-10,4
8448147ffffffff-2019-11,1
8448147ffffffff-2019-12,19
8448147ffffffff-2020-01,1
8448147ffffffff-2020-08,2
8448147ffffffff-2020-09,6
8448147ffffffff-2020-10,4
8448147ffffffff-2020-11,1
8448147ffffffff-2020-12,2
8448147ffffffff-2021-01,2
8448147ffffffff-2021-07,2
8448147ffffffff-2021-08,1
8448147ffffffff-2021-09,5
8448147ffffffff-2021-10,6
8448147ffffffff-2021-11,2
8448147ffffffff-2021-12,7
8448147ffffffff-2022-01,4
8448147ffffffff-2022-02,1
8448147ffffffff-2022-05,1
8448147ffffffff-2022-07,2
8448147ffffffff-2022-08,2
8448147ffffffff-2022-09,6
8448147ffffffff-2022-10,3
8448147ffffffff-2022-11,2
8448147ffffffff-2023-01,2
8448147ffffffff-2023-02,2
8448147ffffffff-2023-03,1
8448147ffffffff-2023-04,7
8448147ffffffff-2023-07,9
8448147ffffffff-2023-08,2
8448147ffffffff-2023-09,5
8448147ffffffff-2023-10,7
8448147ffffffff-2023-11,6
8448165ffffffff-2012-10,3
8448169ffffffff-2023-07,1
844816bffffffff-2012-10,1
844816bffffffff-2015-11,1
844816bffffffff-2017-11,1
844816bffffffff-2017-12,1
844816bffffffff-2018-10,1
844816bffffffff-2019-12,2
844816bffffffff-2020-08,1
844816bffffffff-2020-09,4
844816bffffffff-2020-10,1
844816bffffffff-2021-07,1
844816bffffffff-2021-08,2
844816bffffffff-2021-09,4
844816bffffffff-2022-01,3
844816bffffffff-2022-08,3
844816bffffffff-2023-09,2
844819dffffffff-2022-04,1
84481a1ffffffff-2021-04,1
84481a7ffffffff-2012-01,1
84481a7ffffffff-2014-02,1
84481a7ffffffff-2015-03,1
84481a7ffffffff-2015-10,5
84481a7ffffffff-2017-02,2
84481a7ffffffff-2017-03,1
84481a7ffffffff-2017-07,1
84481a7ffffffff-2017-08,3
84481a7ffffffff-2017-09,3
84481a7ffffffff-2017-10,1
84481a7ffffffff-2017-11,1
84481a7ffffffff-2017-12,3
84481a7ffffffff-2018-01,1
84481a7ffffffff-2018-08,1
84481a7ffffffff-2018-09,3
84481a7ffffffff-2018-10,1
84481a7ffffffff-2018-12,1
84481a7ffffffff-2019-01,1
84481a7ffffffff-2019-08,2
84481a7ffffffff-2019-09,4
84481a7ffffffff-2019-10,7
84481a7ffffffff-2019-11,1
84481a7ffffffff-2020-02,2
84481a7ffffffff-2020-09,3
84481a7ffffffff-2020-10,2
84481a7ffffffff-2021-01,2
84481a7ffffffff-2021-04,3
84481a7ffffffff-2021-08,3
84481a7ffffffff-2022-01,1
84481a7ffffffff-2022-03,1
84481a7ffffffff-2022-08,1
84481a7ffffffff-2022-10,2
84481a7ffffffff-2022-11,2
84481a7ffffffff-2022-12,1
84481b1ffffffff-2013-06,1
84481b1ffffffff-2020-08,4
84481b1ffffffff-2022-10,26
84481b1ffffffff-2023-09,1
84481b5ffffffff-2017-08,1
84481b5ffffffff-2017-09,2
84481b5ffffffff-2017-10,1
84481b5ffffffff-2023-04,1
84481b5ffffffff-2023-07,2
84481b5ffffffff-2023-09,2
8448233ffffffff-2012-10,1
8448233ffffffff-2014-04,1
8448233ffffffff-2015-02,1
8448233ffffffff-2015-03,2
8448233ffffffff-2015-12,2
8448233ffffffff-2016-01,1
8448233ffffffff-2016-08,1
8448233ffffffff-2016-11,1
8448233ffffffff-2016-12,1
8448233ffffffff-2017-03,3
8448233ffffffff-2017-12,1
8448233ffffffff-2018-01,2
8448233ffffffff-2018-02,2
8448233ffffffff-2018-03,1
8448233ffffffff-2018-12,2
8448233ffffffff-2019-01,2
8448233ffffffff-2019-02,6
8448233ffffffff-2019-03,6
8448233ffffffff-2019-04,4
8448233ffffffff-2019-08,1
8448233ffffffff-2019-10,3
8448233ffffffff-2019-11,2
8448233ffffffff-2019-12,3
8448233ffffffff-2020-01,13
8448233ffffffff-2020-02,3
8448233ffffffff-2020-03,6
8448233ffffffff-2020-08,1
8448233ffffffff-2020-10,2
8448233ffffffff-2020-12,1
8448233ffffffff-2021-03,3
8448233ffffffff-2022-02,2
8448233ffffffff-2022-03,2
8448233ffffffff-2022-04,1
8448233ffffffff-2022-09,1
8448233ffffffff-2022-10,1
8448233ffffffff-2022-12,2
8448233ffffffff-2023-01,5
8448233ffffffff-2023-02,4
8448233ffffffff-2023-03,3
8448233ffffffff-2023-04,4
8448233ffffffff-2023-10,2
8448233ffffffff-2023-11,19
8448237ffffffff-2017-01,1
8448237ffffffff-2017-03,1
844823bffffffff-2014-01,1
844823bffffffff-2018-01,1
844823bffffffff-2018-03,1
844823bffffffff-2019-01,1
8448287ffffffff-2018-11,1
8448287ffffffff-2019-05,1
8448287ffffffff-2023-01,2
8448295ffffffff-2016-01,1
8448295ffffffff-2017-02,1
8448295ffffffff-2019-01,1
8448295ffffffff-2019-02,2
8448295ffffffff-2019-03,1
8448295ffffffff-2019-04,2
8448295ffffffff-2021-12,2
8448295ffffffff-2023-02,6
8448295ffffffff-2023-03,11
84482a1ffffffff-2018-07,1
84482a3ffffffff-2018-10,1
84482a9ffffffff-2012-02,4
84482a9ffffffff-2012-11,2
84482a9ffffffff-2013-10,2
84482a9ffffffff-2014-01,1
84482a9ffffffff-2014-11,2
84482a9ffffffff-2014-12,2
84482a9ffffffff-2016-01,3
84482a9ffffffff-2016-02,1
84482a9ffffffff-2016-08,2
84482a9ffffffff-2017-02,1
84482a9ffffffff-2018-01,2
84482a9ffffffff-2020-01,1
84482a9ffffffff-2020-12,1
84482a9ffffffff-2021-02,1
84482a9ffffffff-2021-12,1
84482a9ffffffff-2022-02,2
84482a9ffffffff-2022-10,1
84482a9ffffffff-2022-12,2
84482a9ffffffff-2023-02,1
84482adffffffff-2012-02,3
84482adffffffff-2012-03,1
84482adffffffff-2012-11,2
84482adffffffff-2012-12,4
84482adffffffff-2013-01,1
84482adffffffff-2013-02,2
84482adffffffff-2013-07,2
84482adffffffff-2013-08,11
84482adffffffff-2013-09,2
84482adffffffff-2013-10,5
84482adffffffff-2013-11,2
84482adffffffff-2013-12,5
84482adffffffff-2014-02,1
84482adffffffff-2014-03,5
84482adffffffff-2014-07,3
84482adffffffff-2014-08,5
84482adffffffff-2014-09,7
84482adffffffff-2014-11,15
84482adffffffff-2014-12,10
84482adffffffff-2015-01,6
84482adffffffff-2015-02,5
84482adffffffff-2015-03,3
84482adffffffff-2015-10,5
84482adffffffff-2015-11,8
84482adffffffff-2015-12,7
84482adffffffff-2016-01,7
84482adffffffff-2016-02,1
84482adffffffff-2016-08,10
84482adffffffff-2016-10,1
84482adffffffff-2016-11,1
84482adffffffff-2016-12,1
84482adffffffff-2017-02,3
84482adffffffff-2017-03,1
84482adffffffff-2017-08,1
84482adffffffff-2017-09,2
84482adffffffff-2017-10,5
84482adffffffff-2017-11,2
84482adffffffff-2017-12,9
84482adffffffff-2018-01,7
84482adffffffff-2018-02,6
84482adffffffff-2018-03,3
84482adffffffff-2018-05,1
84482adffffffff-2018-07,1
84482adffffffff-2018-08,2
84482adffffffff-2018-09,4
84482adffffffff-2018-11,4
84482adffffffff-2018-12,1
84482adffffffff-2019-01,4
84482adffffffff-2019-02,2
84482adffffffff-2019-03,2
84482adffffffff-2019-08,2
84482adffffffff-2019-09,12
84482adffffffff-2019-10,3
84482adffffffff-2019-11,7
84482adffffffff-2019-12,2
84482adffffffff-2020-01,9
84482adffffffff-2020-02,7
84482adffffffff-2020-03,3
84482adffffffff-2020-07,2
84482adffffffff-2020-08,10
84482adffffffff-2020-09,20
84482adffffffff-2020-10,6
84482adffffffff-2020-11,3
84482adffffffff-2020-12,5
84482adffffffff-2021-01,3
84482adffffffff-2021-02,3
84482adffffffff-2021-03,15
84482adffffffff-2021-04,5
84482adffffffff-2021-05,5
84482adffffffff-2021-07,3
84482adffffffff-2021-08,5
84482adffffffff-2021-09,10
84482adffffffff-2021-10,1
84482adffffffff-2021-11,2
84482adffffffff-2021-12,9
84482adffffffff-2022-01,6
84482adffffffff-2022-02,3
84482adffffffff-2022-03,8
84482adffffffff-2022-08,1
84482adffffffff-2022-09,6
84482adffffffff-2022-10,14
84482adffffffff-2022-11,5
84482adffffffff-2022-12,15
84482adffffffff-2023-01,25
84482adffffffff-2023-02,31
84482adffffffff-2023-03,43
84482adffffffff-2023-04,12
84482adffffffff-2023-07,2
84482adffffffff-2023-08,13
84482adffffffff-2023-09,10
84482adffffffff-2023-10,13
84482adffffffff-2023-11,6
84482b1ffffffff-2012-01,1
84482b3ffffffff-2018-11,1
84482b3ffffffff-2023-03,1
84482b7ffffffff-2016-02,1
84482b7ffffffff-2017-12,3
84482b7ffffffff-2023-01,1
84482b9ffffffff-2016-01,1
84482b9ffffffff-2019-01,1
84482bbffffffff-2016-02,1
84482bbffffffff-2018-02,1
84482bbffffffff-2022-03,1
84482bbffffffff-2023-03,1
84482e3ffffffff-2019-01,2
84482e5ffffffff-2014-04,1
84482e5ffffffff-2017-04,1
84482e5ffffffff-2018-12,2
84482e5ffffffff-2019-02,4
84482e5ffffffff-2019-04,1
84482e5ffffffff-2019-12,2
84482e5ffffffff-2020-02,1
84482e5ffffffff-2020-03,3
84482e5ffffffff-2020-12,2
84482e5ffffffff-2021-01,1
84482edffffffff-2021-01,1
8448305ffffffff-2012-01,2
8448305ffffffff-2016-01,3
8448305ffffffff-2017-01,4
8448305ffffffff-2017-12,2
8448305ffffffff-2019-01,6
8448305ffffffff-2019-04,2
8448305ffffffff-2020-01,6
8448305ffffffff-2020-03,1
8448305ffffffff-2020-11,1
8448305ffffffff-2021-04,1
8448305ffffffff-2022-01,6
8448305ffffffff-2023-01,2
8448305ffffffff-2023-04,1
8448309ffffffff-2022-09,6
8448309ffffffff-2023-02,1
8448309ffffffff-2023-08,3
8448329ffffffff-2012-01,3
8448329ffffffff-2012-02,1
8448329ffffffff-2012-04,2
8448329ffffffff-2012-11,1
8448329ffffffff-2012-12,4
8448329ffffffff-2013-01,4
8448329ffffffff-2013-02,1
8448329ffffffff-2013-03,3
8448329ffffffff-2013-07,8
8448329ffffffff-2013-09,3
8448329ffffffff-2014-02,1
8448329ffffffff-2014-04,1
8448329ffffffff-2014-11,3
8448329ffffffff-2015-01,3
8448329ffffffff-2015-12,6
8448329ffffffff-2016-01,3
8448329ffffffff-2017-01,3
8448329ffffffff-2017-02,2
8448329ffffffff-2017-10,3
8448329ffffffff-2017-12,4
8448329ffffffff-2018-03,1
8448329ffffffff-2018-11,1
8448329ffffffff-2018-12,2
8448329ffffffff-2019-01,4
8448329ffffffff-2019-11,1
8448329ffffffff-2020-01,3
8448329ffffffff-2020-11,2
8448329ffffffff-2021-01,1
8448329ffffffff-2021-02,1
8448329ffffffff-2021-03,2
8448329ffffffff-2021-04,2
8448329ffffffff-2021-08,1
8448329ffffffff-2022-01,5
8448329ffffffff-2022-02,1
8448329ffffffff-2022-09,2
8448329ffffffff-2023-01,1
8448329ffffffff-2023-02,1
8448329ffffffff-2023-09,1
8448329ffffffff-2023-10,1
844832bffffffff-2012-01,2
844832bffffffff-2012-04,1
844832bffffffff-2012-11,5
844832bffffffff-2012-12,1
844832bffffffff-2013-01,9
844832bffffffff-2013-03,8
844832bffffffff-2013-05,1
844832bffffffff-2013-07,3
844832bffffffff-2013-09,5
844832bffffffff-2013-10,1
844832bffffffff-2014-09,1
844832bffffffff-2014-11,3
844832bffffffff-2014-12,2
844832bffffffff-2015-12,1
844832bffffffff-2016-01,4
844832bffffffff-2016-09,4
844832bffffffff-2017-01,3
844832bffffffff-2017-12,4
844832bffffffff-2018-01,2
844832bffffffff-2018-02,2
844832bffffffff-2018-11,1
844832bffffffff-2018-12,2
844832bffffffff-2019-01,9
844832bffffffff-2019-02,1
844832bffffffff-2019-04,1
844832bffffffff-2019-12,2
844832bffffffff-2020-01,6
844832bffffffff-2020-11,1
844832bffffffff-2021-01,1
844832bffffffff-2021-03,2
844832bffffffff-2021-10,3
844832bffffffff-2022-01,2
844832bffffffff-2023-01,4
844832bffffffff-2023-02,2
844832bffffffff-2023-04,1
844832bffffffff-2023-11,1
8448331ffffffff-2015-12,2
8448331ffffffff-2016-03,2
8448331ffffffff-2017-02,1
8448331ffffffff-2018-01,2
8448331ffffffff-2018-08,1
8448331ffffffff-2019-02,1
8448331ffffffff-2019-12,1
8448331ffffffff-2020-04,1
8448331ffffffff-2020-09,4
8448331ffffffff-2020-10,3
8448331ffffffff-2021-11,14
8448331ffffffff-2022-01,16
8448331ffffffff-2022-04,7
8448331ffffffff-2022-05,3
8448331ffffffff-2022-07,2
8448331ffffffff-2022-11,7
8448331ffffffff-2022-12,11
8448331ffffffff-2023-01,3
8448331ffffffff-2023-02,5
8448331ffffffff-2023-04,2
8448331ffffffff-2023-08,4
8448331ffffffff-2023-09,5
8448333ffffffff-2014-01,7
8448333ffffffff-2017-01,3
8448333ffffffff-2018-01,3
8448333ffffffff-2019-03,9
8448333ffffffff-2020-12,1
8448333ffffffff-2021-09,2
8448333ffffffff-2021-10,3
8448333ffffffff-2023-01,5
8448333ffffffff-2023-03,7
844833bffffffff-2012-08,2
844833bffffffff-2014-01,10
844833bffffffff-2015-02,2
844833bffffffff-2015-03,1
844833bffffffff-2015-07,1
844833bffffffff-2016-02,1
844833bffffffff-2016-03,1
844833bffffffff-2017-01,6
844833bffffffff-2017-02,16
844833bffffffff-2017-03,1
844833bffffffff-2018-01,2
844833bffffffff-2018-02,4
844833bffffffff-2018-11,4
844833bffffffff-2019-02,1
844833bffffffff-2019-03,13
844833bffffffff-2019-07,1
844833bffffffff-2019-11,3
844833bffffffff-2020-10,2
844833bffffffff-2020-12,1
844833bffffffff-2021-01,3
844833bffffffff-2021-02,2
844833bffffffff-2021-03,1
844833bffffffff-2021-04,1
844833bffffffff-2021-08,2
844833bffffffff-2021-09,2
844833bffffffff-2021-11,2
844833bffffffff-2021-12,2
844833bffffffff-2022-01,2
844833bffffffff-2022-02,5
844833bffffffff-2022-03,10
844833bffffffff-2022-04,3
844833bffffffff-2023-01,6
844833bffffffff-2023-02,1
844833bffffffff-2023-03,9
844833bffffffff-2023-11,2
844833dffffffff-2014-11,1
844833dffffffff-2019-01,1
844833dffffffff-2019-02,1
844833dffffffff-2020-07,1
844833dffffffff-2020-09,1
8448361ffffffff-2012-01,3
8448361ffffffff-2012-02,2
8448361ffffffff-2012-12,3
8448361ffffffff-2013-01,5
8448361ffffffff-2013-02,3
8448361ffffffff-2013-03,2
8448361ffffffff-2013-11,3
8448361ffffffff-2014-01,6
8448361ffffffff-2014-02,9
8448361ffffffff-2014-03,2
8448361ffffffff-2014-12,14
8448361ffffffff-2015-01,8
8448361ffffffff-2015-03,1
8448361ffffffff-2015-12,2
8448361ffffffff-2016-01,12
8448361ffffffff-2016-03,5
8448361ffffffff-2017-02,3
8448361ffffffff-2017-11,3
8448361ffffffff-2018-11,2
8448361ffffffff-2019-01,11
8448361ffffffff-2019-02,8
8448361ffffffff-2019-03,13
8448361ffffffff-2020-01,4
8448361ffffffff-2020-10,1
8448361ffffffff-2020-11,1
8448361ffffffff-2020-12,5
8448361ffffffff-2021-01,9
8448361ffffffff-2021-03,1
8448361ffffffff-2022-03,7
8448361ffffffff-2023-01,1
8448361ffffffff-2023-03,1
8448363ffffffff-2012-01,15
8448363ffffffff-2012-02,8
8448363ffffffff-2012-03,5
8448363ffffffff-2012-04,5
8448363ffffffff-2012-05,1
8448363ffffffff-2012-10,4
8448363ffffffff-2012-11,6
8448363ffffffff-2012-12,6
8448363ffffffff-2013-01,12
8448363ffffffff-2013-02,30
8448363ffffffff-2013-03,14
8448363ffffffff-2013-04,2
8448363ffffffff-2013-05,1
8448363ffffffff-2013-07,2
8448363ffffffff-2013-10,2
8448363ffffffff-2013-11,3
8448363ffffffff-2013-12,13
8448363ffffffff-2014-01,7
8448363ffffffff-2014-02,17
8448363ffffffff-2014-03,8
8448363ffffffff-2014-04,5
8448363ffffffff-2014-08,3
8448363ffffffff-2014-09,7
8448363ffffffff-2014-10,1
8448363ffffffff-2014-11,5
8448363ffffffff-2014-12,16
8448363ffffffff-2015-01,47
8448363ffffffff-2015-02,17
8448363ffffffff-2015-03,14
8448363ffffffff-2015-04,9
8448363ffffffff-2015-08,2
8448363ffffffff-2015-09,9
8448363ffffffff-2015-10,3
8448363ffffffff-2015-11,6
8448363ffffffff-2015-12,27
8448363ffffffff-2016-01,69
8448363ffffffff-2016-02,21
8448363ffffffff-2016-03,6
8448363ffffffff-2016-04,3
8448363ffffffff-2016-05,5
8448363ffffffff-2016-07,2
8448363ffffffff-2016-08,5
8448363ffffffff-2016-09,8
8448363ffffffff-2016-10,7
8448363ffffffff-2016-11,1
8448363ffffffff-2016-12,23
8448363ffffffff-2017-01,44
8448363ffffffff-2017-02,35
8448363ffffffff-2017-03,30
8448363ffffffff-2017-04,6
8448363ffffffff-2017-09,2
8448363ffffffff-2017-11,6
8448363ffffffff-2017-12,8
8448363ffffffff-2018-01,24
8448363ffffffff-2018-02,14
8448363ffffffff-2018-03,26
8448363ffffffff-2018-04,1
8448363ffffffff-2018-11,12
8448363ffffffff-2018-12,3
8448363ffffffff-2019-01,23
8448363ffffffff-2019-02,17
8448363ffffffff-2019-03,24
8448363ffffffff-2019-04,2
8448363ffffffff-2019-09,1
8448363ffffffff-2019-10,1
8448363ffffffff-2019-11,1
8448363ffffffff-2019-12,5
8448363ffffffff-2020-01,41
8448363ffffffff-2020-02,18
8448363ffffffff-2020-03,13
8448363ffffffff-2020-05,9
8448363ffffffff-2020-11,1
8448363ffffffff-2020-12,7
8448363ffffffff-2021-01,24
8448363ffffffff-2021-02,17
8448363ffffffff-2021-03,10
8448363ffffffff-2021-04,7
8448363ffffffff-2021-10,1
8448363ffffffff-2021-11,19
8448363ffffffff-2021-12,4
8448363ffffffff-2022-01,14
8448363ffffffff-2022-02,15
8448363ffffffff-2022-03,30
8448363ffffffff-2022-04,19
8448363ffffffff-2022-05,5
8448363ffffffff-2022-11,6
8448363ffffffff-2022-12,22
8448363ffffffff-2023-01,20
8448363ffffffff-2023-02,36
8448363ffffffff-2023-03,30
8448363ffffffff-2023-04,18
8448363ffffffff-2023-05,5
8448363ffffffff-2023-10,2
8448365ffffffff-2017-02,1
8448365ffffffff-2017-12,1
8448365ffffffff-2018-03,1
8448365ffffffff-2020-02,2
8448365ffffffff-2021-12,1
8448367ffffffff-2012-01,1
8448367ffffffff-2015-11,1
8448367ffffffff-2016-01,1
8448367ffffffff-2019-12,1
8448369ffffffff-2012-01,4
8448369ffffffff-2012-02,3
8448369ffffffff-2012-03,3
8448369ffffffff-2012-04,6
8448369ffffffff-2012-12,2
8448369ffffffff-2013-01,4
8448369ffffffff-2013-02,3
8448369ffffffff-2013-03,3
8448369ffffffff-2013-12,4
8448369ffffffff-2014-01,5
8448369ffffffff-2014-02,1
8448369ffffffff-2014-03,5
8448369ffffffff-2014-11,9
8448369ffffffff-2014-12,2
8448369ffffffff-2015-01,2
8448369ffffffff-2015-02,1
8448369ffffffff-2015-03,2
8448369ffffffff-2015-08,1
8448369ffffffff-2015-11,1
8448369ffffffff-2016-01,4
8448369ffffffff-2016-02,1
8448369ffffffff-2016-11,2
8448369ffffffff-2016-12,4
8448369ffffffff-2017-01,10
8448369ffffffff-2017-02,4
8448369ffffffff-2017-06,2
8448369ffffffff-2017-11,3
8448369ffffffff-2017-12,3
8448369ffffffff-2018-01,3
8448369ffffffff-2018-03,6
8448369ffffffff-2018-04,2
8448369ffffffff-2018-06,1
8448369ffffffff-2018-12,6
8448369ffffffff-2019-01,8
8448369ffffffff-2019-02,27
8448369ffffffff-2019-03,32
8448369ffffffff-2019-04,4
8448369ffffffff-2019-12,6
8448369ffffffff-2020-01,8
8448369ffffffff-2020-02,3
8448369ffffffff-2020-11,9
8448369ffffffff-2020-12,15
8448369ffffffff-2021-01,10
8448369ffffffff-2021-02,2
8448369ffffffff-2021-03,4
8448369ffffffff-2021-04,1
8448369ffffffff-2021-10,4
8448369ffffffff-2021-12,2
8448369ffffffff-2022-01,8
8448369ffffffff-2022-02,3
8448369ffffffff-2022-03,6
8448369ffffffff-2022-04,1
8448369ffffffff-2022-05,2
8448369ffffffff-2022-09,2
8448369ffffffff-2022-10,1
8448369ffffffff-2022-11,1
8448369ffffffff-2022-12,3
8448369ffffffff-2023-01,6
8448369ffffffff-2023-02,5
8448369ffffffff-2023-03,7
8448369ffffffff-2023-04,3
8448369ffffffff-2023-08,1
8448369ffffffff-2023-09,3
8448369ffffffff-2023-10,1
8448369ffffffff-2023-11,5
8448435ffffffff-2021-10,2
8448437ffffffff-2014-01,2
8448437ffffffff-2014-04,2
8448437ffffffff-2016-12,7
8448437ffffffff-2020-12,3
8448437ffffffff-2021-02,4
8448437ffffffff-2021-11,1
8448437ffffffff-2023-11,1
84484a5ffffffff-2012-07,1
84484a5ffffffff-2012-10,1
84484a5ffffffff-2013-03,1
84484a5ffffffff-2013-05,1
84484a5ffffffff-2013-06,2
84484a5ffffffff-2013-10,1
84484a5ffffffff-2013-11,3
84484a5ffffffff-2013-12,1
84484a5ffffffff-2014-03,2
84484a5ffffffff-2014-11,2
84484a5ffffffff-2014-12,4
84484a5ffffffff-2015-01,8
84484a5ffffffff-2015-07,1
84484a5ffffffff-2015-12,1
84484a5ffffffff-2016-04,1
84484a5ffffffff-2016-09,1
84484a5ffffffff-2017-04,2
84484a5ffffffff-2017-07,1
84484a5ffffffff-2017-08,6
84484a5ffffffff-2017-09,9
84484a5ffffffff-2017-11,1
84484a5ffffffff-2017-12,2
84484a5ffffffff-2018-01,1
84484a5ffffffff-2018-02,5
84484a5ffffffff-2018-03,3
84484a5ffffffff-2018-07,1
84484a5ffffffff-2018-10,6
84484a5ffffffff-2018-11,1
84484a5ffffffff-2018-12,5
84484a5ffffffff-2019-01,1
84484a5ffffffff-2019-02,1
84484a5ffffffff-2019-06,2
84484a5ffffffff-2019-09,2
84484a5ffffffff-2019-10,7
84484a5ffffffff-2019-12,2
84484a5ffffffff-2020-02,2
84484a5ffffffff-2020-05,1
84484a5ffffffff-2020-08,6
84484a5ffffffff-2020-10,3
84484a5ffffffff-2021-02,2
84484a5ffffffff-2021-07,1
84484a5ffffffff-2021-09,10
84484a5ffffffff-2021-10,3
84484a5ffffffff-2021-11,2
84484a5ffffffff-2022-07,3
84484a5ffffffff-2022-08,4
84484a5ffffffff-2022-09,20
84484a5ffffffff-2022-10,6
84484a5ffffffff-2022-12,2
84484a5ffffffff-2023-01,1
84484a5ffffffff-2023-08,4
84484a5ffffffff-2023-09,13
84484a7ffffffff-2016-09,5
84484a7ffffffff-2016-10,3
84484a7ffffffff-2020-09,3
84484a7ffffffff-2022-07,1
84484a7ffffffff-2022-09,1
844850dffffffff-2013-10,1
844850dffffffff-2015-02,1
844850dffffffff-2017-11,1
844850dffffffff-2022-03,1
844850dffffffff-2022-12,1
8448543ffffffff-2023-01,1
8448551ffffffff-2023-05,1
8448555ffffffff-2023-01,1
8448559ffffffff-2021-03,1
844855bffffffff-2022-11,2
8448565ffffffff-2014-09,3
8448565ffffffff-2022-10,1
8448567ffffffff-2012-12,4
8448567ffffffff-2013-11,1
8448567ffffffff-2014-07,2
8448567ffffffff-2014-09,2
8448567ffffffff-2014-12,2
8448567ffffffff-2015-01,7
8448567ffffffff-2015-02,2
8448567ffffffff-2015-08,4
8448567ffffffff-2015-10,1
8448567ffffffff-2016-01,1
8448567ffffffff-2017-01,1
8448567ffffffff-2017-08,6
8448567ffffffff-2017-11,1
8448567ffffffff-2019-01,1
8448567ffffffff-2019-08,1
8448567ffffffff-2020-02,7
8448567ffffffff-2020-09,2
8448567ffffffff-2021-10,1
8448567ffffffff-2022-07,1
8448567ffffffff-2022-08,4
8448567ffffffff-2022-09,1
8448567ffffffff-2022-12,6
8448569ffffffff-2012-03,3
8448569ffffffff-2012-06,3
8448569ffffffff-2013-10,1
8448569ffffffff-2013-11,2
8448569ffffffff-2013-12,1
8448569ffffffff-2014-01,1
8448569ffffffff-2014-02,1
8448569ffffffff-2014-03,1
8448569ffffffff-2014-04,1
8448569ffffffff-2014-06,1
8448569ffffffff-2014-10,3
8448569ffffffff-2014-11,2
8448569ffffffff-2014-12,2
8448569ffffffff-2015-01,2
8448569ffffffff-2015-02,1
8448569ffffffff-2015-03,1
8448569ffffffff-2015-10,3
8448569ffffffff-2015-11,1
8448569ffffffff-2016-09,2
8448569ffffffff-2016-11,2
8448569ffffffff-2017-01,1
8448569ffffffff-2017-04,1
8448569ffffffff-2017-10,1
8448569ffffffff-2022-10,1
8448569ffffffff-2022-11,1
844856bffffffff-2013-10,1
844856bffffffff-2013-11,2
844856bffffffff-2013-12,1
844856bffffffff-2014-01,4
844856bffffffff-2014-02,1
844856bffffffff-2014-03,3
844856bffffffff-2014-10,1
844856bffffffff-2014-11,1
844856bffffffff-2015-02,1
844856bffffffff-2015-03,2
844856bffffffff-2015-10,1
844856bffffffff-2016-11,2
844856bffffffff-2016-12,2
844856bffffffff-2017-02,3
844856bffffffff-2017-03,1
844856bffffffff-2017-04,1
844856bffffffff-2018-02,1
844856bffffffff-2018-03,1
844856bffffffff-2019-03,1
844856bffffffff-2019-11,1
844856bffffffff-2020-11,2
844856bffffffff-2021-03,4
844856bffffffff-2022-02,1
844856bffffffff-2022-12,6
844856bffffffff-2023-10,11
8448583ffffffff-2017-10,3
8448583ffffffff-2018-09,1
8448583ffffffff-2019-07,1
8448583ffffffff-2019-09,1
8448583ffffffff-2020-07,2
8448583ffffffff-2021-03,6
8448583ffffffff-2021-04,7
8448583ffffffff-2021-05,1
8448583ffffffff-2021-08,2
8448583ffffffff-2021-10,1
8448583ffffffff-2022-03,2
8448583ffffffff-2022-08,7
8448583ffffffff-2023-03,3
8448583ffffffff-2023-05,3
8448583ffffffff-2023-08,4
8448585ffffffff-2023-08,3
8448587ffffffff-2013-12,1
8448587ffffffff-2018-10,1
8448587ffffffff-2019-09,2
8448587ffffffff-2021-03,6
8448587ffffffff-2021-04,3
8448587ffffffff-2021-05,2
8448587ffffffff-2021-06,2
8448587ffffffff-2021-10,1
8448587ffffffff-2021-11,1
8448587ffffffff-2022-03,4
8448587ffffffff-2022-04,2
8448587ffffffff-2022-07,1
8448587ffffffff-2022-08,2
8448587ffffffff-2023-03,4
8448587ffffffff-2023-06,1
8448587ffffffff-2023-07,1
8448587ffffffff-2023-10,10
8448595ffffffff-2022-02,1
8448597ffffffff-2012-02,1
8448597ffffffff-2012-09,1
8448597ffffffff-2013-04,1
8448597ffffffff-2016-07,1
8448597ffffffff-2016-09,1
8448597ffffffff-2018-04,1
8448597ffffffff-2019-01,1
8448597ffffffff-2019-04,1
8448599ffffffff-2019-08,2
8448599ffffffff-2022-09,3
844859dffffffff-2021-01,2
844859dffffffff-2022-10,1
84485a3ffffffff-2015-08,2
84485a3ffffffff-2017-08,4
84485a3ffffffff-2017-09,1
84485a3ffffffff-2018-07,2
84485a3ffffffff-2018-08,4
84485a3ffffffff-2018-09,8
84485a3ffffffff-2019-08,2
84485a3ffffffff-2019-10,1
84485a3ffffffff-2020-07,8
84485a3ffffffff-2020-08,11
84485a3ffffffff-2021-08,2
84485a3ffffffff-2023-07,2
84485a3ffffffff-2023-08,2
84485a7ffffffff-2014-08,2
84485a7ffffffff-2014-09,2
84485a7ffffffff-2016-09,3
84485a7ffffffff-2019-04,1
84485a7ffffffff-2019-08,8
84485a7ffffffff-2019-09,4
84485a7ffffffff-2020-03,2
84485a7ffffffff-2020-04,1
84485a7ffffffff-2020-07,6
84485a7ffffffff-2020-08,26
84485a7ffffffff-2020-09,21
84485a7ffffffff-2021-04,1
84485a7ffffffff-2021-09,6
84485a7ffffffff-2022-08,8
84485a7ffffffff-2022-09,11
84485a7ffffffff-2023-03,1
84485a7ffffffff-2023-08,19
84485a7ffffffff-2023-09,5
84485b1ffffffff-2012-04,2
84485b1ffffffff-2013-07,1
84485b1ffffffff-2015-04,1
84485b1ffffffff-2017-06,1
84485b1ffffffff-2017-07,1
84485b1ffffffff-2021-03,1
84485b3ffffffff-2017-09,1
84485b5ffffffff-2013-09,1
84485b5ffffffff-2014-03,1
84485b5ffffffff-2016-01,1
84485b5ffffffff-2017-03,2
84485b5ffffffff-2017-04,1
84485b5ffffffff-2017-06,1
84485b5ffffffff-2017-08,4
84485b5ffffffff-2018-04,3
84485b5ffffffff-2019-10,2
84485b5ffffffff-2019-12,1
84485b5ffffffff-2020-03,2
84485b5ffffffff-2020-07,1
84485b5ffffffff-2020-08,1
84485b5ffffffff-2020-09,1
84485b5ffffffff-2021-08,1
84485b5ffffffff-2023-08,2
84485b7ffffffff-2012-04,1
84485b7ffffffff-2012-08,1
84485b7ffffffff-2012-09,2
84485b7ffffffff-2013-04,3
84485b7ffffffff-2017-04,1
84485b7ffffffff-2018-04,2
84485b7ffffffff-2020-03,1
84485b7ffffffff-2021-04,1
84485b9ffffffff-2019-04,1
84485b9ffffffff-2019-07,1
84485b9ffffffff-2019-08,2
84485b9ffffffff-2020-07,1
84485b9ffffffff-2021-07,1
84485b9ffffffff-2021-08,1
84485b9ffffffff-2022-03,1
84485b9ffffffff-2022-08,1
84485b9ffffffff-2023-03,2
84485b9ffffffff-2023-08,1
84485b9ffffffff-2023-10,10
84485bbffffffff-2013-09,2
84485bbffffffff-2015-08,4
84485bbffffffff-2016-09,5
84485bbffffffff-2016-12,2
84485bbffffffff-2019-02,4
84485bbffffffff-2020-08,1
84485bbffffffff-2022-08,1
84485bbffffffff-2022-09,1
84485bdffffffff-2013-04,2
84485bdffffffff-2013-08,2
84485bdffffffff-2014-01,1
84485bdffffffff-2014-04,1
84485bdffffffff-2014-05,1
84485bdffffffff-2016-01,2
84485bdffffffff-2017-07,7
84485bdffffffff-2018-03,2
84485bdffffffff-2018-04,4
84485bdffffffff-2018-07,2
84485bdffffffff-2018-08,3
84485bdffffffff-2019-04,4
84485bdffffffff-2019-08,10
84485bdffffffff-2020-08,5
84485bdffffffff-2020-09,4
84485bdffffffff-2021-03,1
84485bdffffffff-2021-07,2
84485bdffffffff-2021-08,1
84485bdffffffff-2022-06,2
84485bdffffffff-2022-07,3
84485bdffffffff-2023-07,1
84485d9ffffffff-2012-11,4
84485d9ffffffff-2015-01,2
84485d9ffffffff-2018-10,2
84485d9ffffffff-2018-11,1
84485d9ffffffff-2019-09,2
84485d9ffffffff-2020-01,3
84485d9ffffffff-2020-02,1
84485d9ffffffff-2021-01,1
84485d9ffffffff-2021-10,5
84485d9ffffffff-2023-11,1
84485e1ffffffff-2018-02,1
84485e5ffffffff-2016-02,2
84485e5ffffffff-2017-04,1
84485e5ffffffff-2017-12,1
84485e5ffffffff-2019-02,1
84485e5ffffffff-2020-09,6
84485e5ffffffff-2022-10,3
84485e5ffffffff-2022-11,3
84485e5ffffffff-2023-10,1
84485e7ffffffff-2013-02,1
84485e7ffffffff-2013-09,3
84485e7ffffffff-2014-02,1
84485e7ffffffff-2014-10,1
84485e7ffffffff-2015-10,2
84485e7ffffffff-2016-01,1
84485e7ffffffff-2016-02,5
84485e7ffffffff-2017-09,2
84485e7ffffffff-2018-02,3
84485e7ffffffff-2018-04,2
84485e7ffffffff-2018-09,5
84485e7ffffffff-2018-11,1
84485e7ffffffff-2019-02,1
84485e7ffffffff-2019-09,2
84485e7ffffffff-2019-11,1
84485e7ffffffff-2020-03,1
84485e7ffffffff-2020-09,6
84485e7ffffffff-2021-10,1
84485e7ffffffff-2022-10,1
84485e7ffffffff-2023-02,1
84485e7ffffffff-2023-10,1
8448707ffffffff-2013-12,2
8448707ffffffff-2020-01,1
8448707ffffffff-2021-03,1
8448707ffffffff-2023-05,1
8448723ffffffff-2022-10,1
8448725ffffffff-2023-03,1
844872bffffffff-2014-11,1
844872bffffffff-2015-04,1
844872bffffffff-2018-03,4
844872bffffffff-2018-12,1
844872bffffffff-2019-03,1
844872bffffffff-2020-02,1
844872bffffffff-2023-02,1
844872bffffffff-2023-04,1
8448731ffffffff-2012-02,1
8448731ffffffff-2012-05,1
8448731ffffffff-2012-06,3
8448731ffffffff-2012-09,1
8448731ffffffff-2012-11,3
8448731ffffffff-2013-05,1
8448731ffffffff-2013-07,1
8448731ffffffff-2013-12,1
8448731ffffffff-2014-02,1
8448731ffffffff-2014-12,1
8448731ffffffff-2021-10,3
8448733ffffffff-2012-05,2
8448733ffffffff-2012-09,8
8448733ffffffff-2012-10,2
8448733ffffffff-2012-11,8
8448733ffffffff-2013-01,4
8448733ffffffff-2013-03,4
8448733ffffffff-2013-05,1
8448733ffffffff-2013-07,3
8448733ffffffff-2013-10,1
8448733ffffffff-2014-01,1
8448733ffffffff-2014-03,1
8448733ffffffff-2014-04,1
8448733ffffffff-2014-08,1
8448733ffffffff-2014-10,7
8448733ffffffff-2014-11,1
8448733ffffffff-2014-12,1
8448733ffffffff-2015-02,1
8448733ffffffff-2015-03,4
8448733ffffffff-2015-10,3
8448733ffffffff-2016-02,2
8448733ffffffff-2016-12,1
8448733ffffffff-2018-01,1
8448733ffffffff-2018-08,1
8448733ffffffff-2018-09,1
8448733ffffffff-2018-10,1
8448733ffffffff-2019-03,1
8448733ffffffff-2019-10,3
8448733ffffffff-2019-11,1
8448733ffffffff-2019-12,2
8448733ffffffff-2020-02,2
8448733ffffffff-2020-07,3
8448733ffffffff-2020-08,6
8448733ffffffff-2020-09,20
8448733ffffffff-2020-10,3
8448733ffffffff-2020-11,2
8448733ffffffff-2020-12,2
8448733ffffffff-2021-02,4
8448733ffffffff-2021-03,3
8448733ffffffff-2021-04,1
8448733ffffffff-2021-05,1
8448733ffffffff-2021-08,21
8448733ffffffff-2021-09,25
8448733ffffffff-2021-10,1
8448733ffffffff-2021-11,2
8448733ffffffff-2021-12,1
8448733ffffffff-2022-01,5
8448733ffffffff-2022-02,3
8448733ffffffff-2022-03,3
8448733ffffffff-2022-04,3
8448733ffffffff-2022-05,1
8448733ffffffff-2022-08,2
8448733ffffffff-2022-09,3
8448733ffffffff-2022-10,27
8448733ffffffff-2022-11,2
8448733ffffffff-2022-12,3
8448733ffffffff-2023-01,4
8448733ffffffff-2023-02,3
8448733ffffffff-2023-03,4
8448733ffffffff-2023-04,18
8448733ffffffff-2023-05,1
8448733ffffffff-2023-07,1
8448733ffffffff-2023-08,3
8448733ffffffff-2023-09,11
8448733ffffffff-2023-10,6
8448733ffffffff-2023-11,2
8448735ffffffff-2021-09,1
844873bffffffff-2012-02,1
844873bffffffff-2012-03,1
844873bffffffff-2012-04,1
844873bffffffff-2012-07,1
844873bffffffff-2012-09,1
844873bffffffff-2013-01,1
844873bffffffff-2013-07,2
844873bffffffff-2023-01,5
8448765ffffffff-2018-10,1
8448805ffffffff-2019-02,6
8448807ffffffff-2013-05,1
8448807ffffffff-2016-03,1
8448809ffffffff-2019-02,1
844880bffffffff-2022-09,2
844880dffffffff-2012-03,1
844880dffffffff-2012-05,1
844880dffffffff-2012-09,5
844880dffffffff-2012-11,1
844880dffffffff-2013-01,1
844880dffffffff-2013-02,2
844880dffffffff-2013-03,5
844880dffffffff-2013-04,13
844880dffffffff-2013-05,6
844880dffffffff-2014-02,3
844880dffffffff-2014-03,3
844880dffffffff-2014-08,4
844880dffffffff-2015-10,2
844880dffffffff-2015-11,1
844880dffffffff-2016-02,7
844880dffffffff-2016-03,1
844880dffffffff-2016-09,1
844880dffffffff-2016-11,6
844880dffffffff-2016-12,5
844880dffffffff-2017-01,2
844880dffffffff-2017-02,2
844880dffffffff-2017-09,1
844880dffffffff-2017-12,1
844880dffffffff-2018-02,2
844880dffffffff-2018-03,1
844880dffffffff-2019-04,1
844880dffffffff-2019-11,1
844880dffffffff-2019-12,3
844880dffffffff-2020-01,1
844880dffffffff-2020-02,22
844880dffffffff-2020-12,1
844880dffffffff-2021-03,2
844880dffffffff-2021-04,1
844880dffffffff-2021-10,1
844880dffffffff-2021-12,2
844880dffffffff-2022-01,4
844880dffffffff-2022-02,28
844880dffffffff-2022-03,6
844880dffffffff-2022-04,2
844880dffffffff-2022-05,2
844880dffffffff-2022-10,1
844880dffffffff-2022-11,2
844880dffffffff-2022-12,4
844880dffffffff-2023-03,10
8448815ffffffff-2017-09,1
8448815ffffffff-2018-12,1
8448815ffffffff-2020-03,1
8448821ffffffff-2020-03,1
8448823ffffffff-2018-04,5
8448823ffffffff-2020-11,1
8448823ffffffff-2021-09,2
8448825ffffffff-2012-03,1
8448825ffffffff-2012-04,3
8448825ffffffff-2012-05,1
8448825ffffffff-2012-07,1
8448825ffffffff-2012-10,1
8448825ffffffff-2013-03,1
8448825ffffffff-2013-04,1
8448825ffffffff-2013-08,2
8448825ffffffff-2013-10,1
8448825ffffffff-2013-12,1
8448825ffffffff-2014-01,1
8448825ffffffff-2014-02,1
8448825ffffffff-2014-03,2
8448825ffffffff-2014-04,11
8448825ffffffff-2014-05,4
8448825ffffffff-2015-12,3
8448825ffffffff-2016-05,1
8448825ffffffff-2016-12,1
8448825ffffffff-2017-01,2
8448825ffffffff-2017-02,3
8448825ffffffff-2017-03,1
8448825ffffffff-2017-07,1
8448825ffffffff-2017-08,2
8448825ffffffff-2018-01,2
8448825ffffffff-2018-02,4
8448825ffffffff-2018-03,3
8448825ffffffff-2018-04,8
8448825ffffffff-2018-05,6
8448825ffffffff-2018-08,2
8448825ffffffff-2018-12,1
8448825ffffffff-2019-01,2
8448825ffffffff-2019-02,1
8448825ffffffff-2019-03,2
8448825ffffffff-2019-08,2
8448825ffffffff-2019-12,2
8448825ffffffff-2020-09,1
8448825ffffffff-2020-12,23
8448825ffffffff-2021-01,18
8448825ffffffff-2021-03,6
8448825ffffffff-2021-04,15
8448825ffffffff-2021-12,2
8448825ffffffff-2022-04,3
8448825ffffffff-2022-05,2
8448825ffffffff-2022-07,1
8448825ffffffff-2022-08,1
8448825ffffffff-2022-09,3
8448825ffffffff-2022-10,5
8448825ffffffff-2022-11,1
8448825ffffffff-2023-01,2
8448825ffffffff-2023-04,1
8448825ffffffff-2023-05,2
8448825ffffffff-2023-10,12
8448825ffffffff-2023-11,2
8448827ffffffff-2013-04,1
8448827ffffffff-2014-09,1
8448827ffffffff-2015-02,2
8448827ffffffff-2015-08,3
8448827ffffffff-2015-09,1
8448827ffffffff-2015-11,1
8448827ffffffff-2015-12,2
8448827ffffffff-2017-05,2
8448827ffffffff-2017-08,2
8448827ffffffff-2018-03,2
8448827ffffffff-2018-12,1
8448827ffffffff-2019-03,5
8448827ffffffff-2019-05,13
8448827ffffffff-2020-02,2
8448827ffffffff-2020-09,1
8448827ffffffff-2021-04,1
8448827ffffffff-2022-12,1
8448829ffffffff-2013-02,3
8448829ffffffff-2013-04,4
8448829ffffffff-2013-11,1
844882bffffffff-2013-04,1
844882bffffffff-2015-02,1
844882bffffffff-2015-12,2
844882bffffffff-2016-02,1
844882bffffffff-2016-04,3
844882bffffffff-2017-04,3
844882bffffffff-2018-12,2
844882bffffffff-2019-03,1
844882bffffffff-2020-03,1
844882bffffffff-2020-04,2
844882dffffffff-2018-09,1
844882dffffffff-2020-03,2
844882dffffffff-2020-05,1
8448831ffffffff-2012-04,4
8448831ffffffff-2013-04,23
8448831ffffffff-2014-03,1
8448831ffffffff-2016-04,1
8448831ffffffff-2016-05,1
8448831ffffffff-2017-04,9
8448831ffffffff-2018-04,11
8448831ffffffff-2018-05,1
8448831ffffffff-2019-01,6
8448831ffffffff-2019-04,7
8448831ffffffff-2020-04,1
8448831ffffffff-2021-04,22
8448831ffffffff-2022-05,2
8448831ffffffff-2023-02,1
8448831ffffffff-2023-04,7
8448835ffffffff-2013-01,1
8448835ffffffff-2019-01,1
8448835ffffffff-2021-08,2
8448835ffffffff-2022-04,1
8448835ffffffff-2022-08,2
8448835ffffffff-2023-01,1
8448835ffffffff-2023-04,3
8448837ffffffff-2017-04,2
8448837ffffffff-2018-04,1
8448837ffffffff-2020-04,9
8448839ffffffff-2016-03,3
8448839ffffffff-2016-05,1
8448839ffffffff-2022-08,1
8448843ffffffff-2018-01,1
8448845ffffffff-2023-02,1
8448855ffffffff-2016-12,3
8448855ffffffff-2020-12,2
8448855ffffffff-2021-02,2
8448861ffffffff-2015-08,1
8448863ffffffff-2013-02,4
8448863ffffffff-2013-04,3
8448863ffffffff-2015-02,1
8448863ffffffff-2015-10,2
8448863ffffffff-2018-03,1
8448863ffffffff-2020-02,5
8448865ffffffff-2021-04,3
8448865ffffffff-2023-03,1
8448867ffffffff-2013-04,1
8448867ffffffff-2022-09,2
8448869ffffffff-2012-01,2
8448869ffffffff-2012-10,2
8448869ffffffff-2013-04,2
8448869ffffffff-2018-02,2
8448869ffffffff-2019-02,1
8448869ffffffff-2020-02,7
8448869ffffffff-2020-03,1
8448869ffffffff-2021-01,1
8448869ffffffff-2021-04,1
8448869ffffffff-2022-02,1
8448869ffffffff-2023-03,1
8448869ffffffff-2023-04,3
844886bffffffff-2012-02,1
844886bffffffff-2013-02,4
844886bffffffff-2013-04,5
844886bffffffff-2014-01,1
844886bffffffff-2014-02,1
844886bffffffff-2015-02,2
844886bffffffff-2016-02,7
844886bffffffff-2019-02,12
844886bffffffff-2020-03,1
844886bffffffff-2022-02,2
844886dffffffff-2020-07,1
8448881ffffffff-2014-05,3
8448881ffffffff-2016-04,1
8448881ffffffff-2016-05,1
8448881ffffffff-2017-04,9
8448881ffffffff-2018-04,23
8448881ffffffff-2018-05,27
8448881ffffffff-2019-03,11
8448881ffffffff-2019-04,3
8448881ffffffff-2023-03,5
8448881ffffffff-2023-04,3
8448887ffffffff-2012-03,1
8448887ffffffff-2013-05,1
8448889ffffffff-2018-05,3
8448891ffffffff-2015-12,1
8448891ffffffff-2016-03,1
8448891ffffffff-2017-06,1
8448891ffffffff-2017-07,1
8448891ffffffff-2017-08,1
8448891ffffffff-2018-01,2
8448891ffffffff-2018-08,3
8448891ffffffff-2018-10,1
8448891ffffffff-2019-04,1
8448891ffffffff-2019-06,1
8448891ffffffff-2019-11,3
8448891ffffffff-2021-09,2
8448893ffffffff-2021-05,1
8448895ffffffff-2012-05,1
8448895ffffffff-2018-05,2
8448895ffffffff-2020-07,1
8448895ffffffff-2020-08,1
8448895ffffffff-2020-09,1
8448895ffffffff-2021-09,1
8448897ffffffff-2012-08,1
8448897ffffffff-2014-05,3
8448897ffffffff-2015-05,2
8448897ffffffff-2019-05,1
8448897ffffffff-2020-07,2
8448897ffffffff-2020-08,1
8448897ffffffff-2020-09,7
8448897ffffffff-2021-08,2
8448897ffffffff-2023-09,1
844889bffffffff-2012-04,2
844889bffffffff-2012-08,2
844889bffffffff-2013-04,1
844889bffffffff-2013-05,1
844889bffffffff-2015-04,1
844889bffffffff-2017-04,8
844889bffffffff-2017-05,2
844889bffffffff-2017-08,2
844889bffffffff-2018-04,3
844889bffffffff-2018-08,1
844889bffffffff-2018-09,2
844889bffffffff-2019-03,2
844889bffffffff-2019-04,1
844889bffffffff-2019-05,1
844889bffffffff-2019-06,1
844889bffffffff-2019-08,8
844889bffffffff-2019-09,1
844889bffffffff-2020-04,2
844889bffffffff-2020-05,1
844889bffffffff-2020-06,7
844889bffffffff-2020-07,5
844889bffffffff-2020-08,2
844889bffffffff-2020-09,2
844889bffffffff-2020-10,3
844889bffffffff-2020-11,1
844889bffffffff-2021-04,3
844889bffffffff-2021-08,26
844889bffffffff-2021-09,8
844889bffffffff-2022-08,1
844889bffffffff-2022-09,8
844889bffffffff-2023-05,1
844889bffffffff-2023-08,7
844889bffffffff-2023-09,2
844889dffffffff-2017-04,4
844889dffffffff-2018-08,1
844889dffffffff-2018-09,1
844889dffffffff-2019-08,6
844889dffffffff-2021-08,2
844889dffffffff-2021-09,4
844889dffffffff-2022-08,1
844889dffffffff-2022-09,2
844889dffffffff-2023-04,3
844889dffffffff-2023-05,3
84488a1ffffffff-2012-05,2
84488a1ffffffff-2021-03,1
84488a1ffffffff-2021-08,2
84488a1ffffffff-2021-09,2
84488a1ffffffff-2023-04,2
84488a1ffffffff-2023-05,1
84488a3ffffffff-2021-05,1
84488a7ffffffff-2014-05,2
84488a7ffffffff-2016-04,1
84488a7ffffffff-2018-04,14
84488a7ffffffff-2018-05,2
84488a7ffffffff-2018-08,1
84488a7ffffffff-2019-03,2
84488a7ffffffff-2019-04,1
84488a7ffffffff-2019-05,2
84488a7ffffffff-2019-08,9
84488a7ffffffff-2019-09,1
84488a7ffffffff-2020-04,6
84488a7ffffffff-2020-05,1
84488a7ffffffff-2020-10,2
84488a7ffffffff-2021-03,3
84488a7ffffffff-2021-04,16
84488a7ffffffff-2021-05,2
84488a7ffffffff-2021-06,1
84488a7ffffffff-2021-09,3
84488a7ffffffff-2021-11,1
84488a7ffffffff-2022-03,3
84488a7ffffffff-2022-04,14
84488a7ffffffff-2022-05,10
84488a7ffffffff-2022-06,3
84488a7ffffffff-2022-07,3
84488a7ffffffff-2022-08,12
84488a7ffffffff-2022-09,12
84488a7ffffffff-2023-03,4
84488a7ffffffff-2023-04,16
84488a7ffffffff-2023-05,11
84488a7ffffffff-2023-08,8
84488a7ffffffff-2023-09,11
84488a7ffffffff-2023-10,21
84488a9ffffffff-2019-03,2
84488a9ffffffff-2019-05,1
84488b1ffffffff-2015-10,1
84488b1ffffffff-2018-04,5
84488b1ffffffff-2018-07,1
84488b1ffffffff-2018-10,1
84488b1ffffffff-2019-09,1
84488b1ffffffff-2020-02,2
84488b1ffffffff-2020-05,1
84488b1ffffffff-2020-08,1
84488b1ffffffff-2020-09,1
84488b1ffffffff-2021-09,2
84488b1ffffffff-2022-04,1
84488b1ffffffff-2022-05,1
84488b1ffffffff-2023-04,7
84488b3ffffffff-2012-05,1
84488b3ffffffff-2013-05,2
84488b3ffffffff-2014-05,2
84488b3ffffffff-2014-09,1
84488b3ffffffff-2015-04,4
84488b3ffffffff-2015-05,1
84488b3ffffffff-2016-01,2
84488b3ffffffff-2016-03,1
84488b3ffffffff-2016-04,2
84488b3ffffffff-2016-05,3
84488b3ffffffff-2017-03,2
84488b3ffffffff-2018-01,1
84488b3ffffffff-2018-02,3
84488b3ffffffff-2018-03,10
84488b3ffffffff-2018-04,5
84488b3ffffffff-2018-05,2
84488b3ffffffff-2019-08,1
84488b3ffffffff-2019-09,26
84488b3ffffffff-2019-10,2
84488b3ffffffff-2019-11,1
84488b3ffffffff-2020-02,1
84488b3ffffffff-2020-03,1
84488b3ffffffff-2020-04,7
84488b3ffffffff-2020-08,6
84488b3ffffffff-2020-09,1
84488b3ffffffff-2020-10,1
84488b3ffffffff-2021-04,3
84488b3ffffffff-2021-05,9
84488b3ffffffff-2021-07,1
84488b3ffffffff-2021-09,1
84488b3ffffffff-2021-10,6
84488b3ffffffff-2022-05,1
84488b3ffffffff-2022-07,10
84488b3ffffffff-2023-01,3
84488b3ffffffff-2023-04,7
84488b3ffffffff-2023-05,11
84488b3ffffffff-2023-07,1
84488b3ffffffff-2023-08,1
84488b5ffffffff-2015-04,2
84488b5ffffffff-2017-08,3
84488b5ffffffff-2018-09,1
84488b5ffffffff-2021-04,1
84488b5ffffffff-2023-07,2
84488b7ffffffff-2014-05,4
84488b7ffffffff-2014-09,3
84488b7ffffffff-2014-10,4
84488b7ffffffff-2015-10,1
84488b7ffffffff-2016-10,1
84488b7ffffffff-2018-09,2
84488b7ffffffff-2019-05,1
84488b7ffffffff-2019-09,4
84488b7ffffffff-2023-07,2
84488b7ffffffff-2023-10,4
84488b7ffffffff-2023-11,3
84488b9ffffffff-2020-09,2
84488b9ffffffff-2022-09,2
84488bbffffffff-2015-09,1
84488bbffffffff-2020-09,2
84488bdffffffff-2012-05,1
84488bdffffffff-2018-10,1
84488bdffffffff-2018-11,2
84488bdffffffff-2019-08,2
84488d1ffffffff-2013-03,2
84488d1ffffffff-2013-04,1
84488d1ffffffff-2013-08,8
84488d3ffffffff-2012-05,3
84488d3ffffffff-2013-05,1
84488d3ffffffff-2017-08,2
84488d3ffffffff-2022-07,1
84488d9ffffffff-2020-04,2
84488e1ffffffff-2018-04,1
84488e1ffffffff-2021-04,1
84488e1ffffffff-2023-04,6
84488e3ffffffff-2021-04,1
84488e9ffffffff-2012-09,1
84488e9ffffffff-2016-04,5
84488e9ffffffff-2018-04,1
84488e9ffffffff-2021-04,5
84488e9ffffffff-2022-04,2
84488e9ffffffff-2023-04,21
84488e9ffffffff-2023-05,1
84488e9ffffffff-2023-07,5
84488e9ffffffff-2023-08,4
84488e9ffffffff-2023-09,2
84488ebffffffff-2018-04,15
84488ebffffffff-2021-04,2
84488ebffffffff-2021-09,3
84488ebffffffff-2022-04,9
84488ebffffffff-2022-09,2
84488ebffffffff-2023-04,11
84488edffffffff-2015-12,3
84488edffffffff-2017-11,2
84488edffffffff-2019-01,2
84488edffffffff-2019-08,8
84488edffffffff-2019-09,2
84488edffffffff-2019-10,2
84488edffffffff-2019-11,2
84488edffffffff-2020-03,2
84488edffffffff-2021-03,1
84488edffffffff-2021-09,1
84488edffffffff-2022-11,1
84488edffffffff-2022-12,1
84488edffffffff-2023-04,24
84488edffffffff-2023-05,1
84488edffffffff-2023-08,9
84488edffffffff-2023-09,4
8448901ffffffff-2014-12,1
8448901ffffffff-2015-05,2
8448901ffffffff-2016-04,1
8448901ffffffff-2017-04,1
8448901ffffffff-2018-04,2
8448901ffffffff-2019-04,4
8448901ffffffff-2020-01,1
8448901ffffffff-2021-04,1
8448901ffffffff-2023-03,10
8448903ffffffff-2012-02,4
8448903ffffffff-2012-03,1
8448903ffffffff-2012-04,1
8448903ffffffff-2012-05,1
8448903ffffffff-2012-06,1
8448903ffffffff-2012-09,4
8448903ffffffff-2012-10,1
8448903ffffffff-2012-12,11
8448903ffffffff-2013-01,9
8448903ffffffff-2013-02,20
8448903ffffffff-2013-03,25
8448903ffffffff-2013-04,22
8448903ffffffff-2013-05,1
8448903ffffffff-2013-08,4
8448903ffffffff-2013-09,1
8448903ffffffff-2013-11,6
8448903ffffffff-2013-12,14
8448903ffffffff-2014-01,20
8448903ffffffff-2014-02,20
8448903ffffffff-2014-03,10
8448903ffffffff-2014-04,26
8448903ffffffff-2014-05,8
8448903ffffffff-2014-06,1
8448903ffffffff-2014-07,1
8448903ffffffff-2014-08,1
8448903ffffffff-2014-10,7
8448903ffffffff-2014-12,1
8448903ffffffff-2015-01,2
8448903ffffffff-2015-02,8
8448903ffffffff-2015-03,21
8448903ffffffff-2015-04,21
8448903ffffffff-2015-05,7
8448903ffffffff-2015-06,1
8448903ffffffff-2015-07,11
8448903ffffffff-2015-08,5
8448903ffffffff-2015-09,15
8448903ffffffff-2015-10,4
8448903ffffffff-2015-11,3
8448903ffffffff-2015-12,6
8448903ffffffff-2016-01,23
8448903ffffffff-2016-02,15
8448903ffffffff-2016-03,35
8448903ffffffff-2016-04,30
8448903ffffffff-2016-05,23
8448903ffffffff-2016-07,4
8448903ffffffff-2016-08,7
8448903ffffffff-2016-09,5
8448903ffffffff-2016-10,1
8448903ffffffff-2016-11,4
8448903ffffffff-2016-12,16
8448903ffffffff-2017-01,10
8448903ffffffff-2017-02,21
8448903ffffffff-2017-03,13
8448903ffffffff-2017-04,43
8448903ffffffff-2017-05,43
8448903ffffffff-2017-08,3
8448903ffffffff-2017-11,3
8448903ffffffff-2017-12,5
8448903ffffffff-2018-01,14
8448903ffffffff-2018-02,25
8448903ffffffff-2018-03,27
8448903ffffffff-2018-04,35
8448903ffffffff-2018-05,9
8448903ffffffff-2018-08,5
8448903ffffffff-2018-09,7
8448903ffffffff-2018-11,11
8448903ffffffff-2018-12,26
8448903ffffffff-2019-01,12
8448903ffffffff-2019-02,2
8448903ffffffff-2019-03,7
8448903ffffffff-2019-04,50
8448903ffffffff-2019-05,3
8448903ffffffff-2019-07,2
8448903ffffffff-2019-08,9
8448903ffffffff-2019-09,1
8448903ffffffff-2019-11,19
8448903ffffffff-2019-12,39
8448903ffffffff-2020-01,10
8448903ffffffff-2020-02,13
8448903ffffffff-2020-03,20
8448903ffffffff-2020-04,117
8448903ffffffff-2020-05,9
8448903ffffffff-2020-08,1
8448903ffffffff-2020-09,7
8448903ffffffff-2020-10,1
8448903ffffffff-2020-11,10
8448903ffffffff-2020-12,24
8448903ffffffff-2021-01,15
8448903ffffffff-2021-02,12
8448903ffffffff-2021-03,45
8448903ffffffff-2021-04,88
8448903ffffffff-2021-05,9
8448903ffffffff-2021-06,3
8448903ffffffff-2021-08,5
8448903ffffffff-2021-09,4
8448903ffffffff-2021-10,5
8448903ffffffff-2021-11,5
8448903ffffffff-2021-12,25
8448903ffffffff-2022-01,15
8448903ffffffff-2022-02,19
8448903ffffffff-2022-03,25
8448903ffffffff-2022-04,85
8448903ffffffff-2022-05,29
8448903ffffffff-2022-07,2
8448903ffffffff-2022-08,8
8448903ffffffff-2022-09,8
8448903ffffffff-2022-10,3
8448903ffffffff-2022-11,7
8448903ffffffff-2022-12,28
8448903ffffffff-2023-01,23
8448903ffffffff-2023-02,47
8448903ffffffff-2023-03,41
8448903ffffffff-2023-04,48
8448903ffffffff-2023-05,6
8448903ffffffff-2023-07,1
8448903ffffffff-2023-08,3
8448903ffffffff-2023-09,8
8448903ffffffff-2023-10,12
8448903ffffffff-2023-11,11
8448907ffffffff-2012-03,1
8448907ffffffff-2012-04,1
8448907ffffffff-2013-01,2
8448907ffffffff-2013-02,1
8448907ffffffff-2013-03,4
8448907ffffffff-2013-04,6
8448907ffffffff-2013-05,2
8448907ffffffff-2013-09,1
8448907ffffffff-2013-10,1
8448907ffffffff-2013-11,1
8448907ffffffff-2013-12,2
8448907ffffffff-2014-01,5
8448907ffffffff-2014-02,2
8448907ffffffff-2014-03,22
8448907ffffffff-2014-04,26
8448907ffffffff-2014-05,17
8448907ffffffff-2014-09,1
8448907ffffffff-2014-10,12
8448907ffffffff-2014-11,2
8448907ffffffff-2014-12,3
8448907ffffffff-2015-01,2
8448907ffffffff-2015-02,4
8448907ffffffff-2015-03,8
8448907ffffffff-2015-04,59
8448907ffffffff-2015-05,27
8448907ffffffff-2015-06,1
8448907ffffffff-2015-11,1
8448907ffffffff-2015-12,9
8448907ffffffff-2016-01,1
8448907ffffffff-2016-02,1
8448907ffffffff-2016-03,22
8448907ffffffff-2016-04,21
8448907ffffffff-2016-05,9
8448907ffffffff-2016-10,4
8448907ffffffff-2016-11,11
8448907ffffffff-2017-01,9
8448907ffffffff-2017-02,5
8448907ffffffff-2017-03,50
8448907ffffffff-2017-04,52
8448907ffffffff-2017-05,15
8448907ffffffff-2017-06,1
8448907ffffffff-2017-07,1
8448907ffffffff-2017-10,2
8448907ffffffff-2017-11,1
8448907ffffffff-2017-12,6
8448907ffffffff-2018-01,1
8448907ffffffff-2018-02,3
8448907ffffffff-2018-03,32
8448907ffffffff-2018-04,41
8448907ffffffff-2018-05,13
8448907ffffffff-2018-07,1
8448907ffffffff-2018-10,2
8448907ffffffff-2018-11,2
8448907ffffffff-2018-12,19
8448907ffffffff-2019-02,10
8448907ffffffff-2019-03,13
8448907ffffffff-2019-04,44
8448907ffffffff-2019-05,10
8448907ffffffff-2019-07,1
8448907ffffffff-2019-10,3
8448907ffffffff-2019-12,11
8448907ffffffff-2020-01,2
8448907ffffffff-2020-03,5
8448907ffffffff-2020-04,5
8448907ffffffff-2020-12,2
8448907ffffffff-2021-01,6
8448907ffffffff-2021-03,8
8448907ffffffff-2021-04,20
8448907ffffffff-2021-05,5
8448907ffffffff-2021-11,6
8448907ffffffff-2021-12,7
8448907ffffffff-2022-01,3
8448907ffffffff-2022-02,3
8448907ffffffff-2022-03,4
8448907ffffffff-2022-04,40
8448907ffffffff-2022-05,13
8448907ffffffff-2022-07,1
8448907ffffffff-2022-08,1
8448907ffffffff-2022-09,1
8448907ffffffff-2022-10,1
8448907ffffffff-2022-11,4
8448907ffffffff-2023-02,10
8448907ffffffff-2023-03,15
8448907ffffffff-2023-04,31
8448907ffffffff-2023-05,6
8448907ffffffff-2023-11,4
844890bffffffff-2012-01,13
844890bffffffff-2012-02,27
844890bffffffff-2012-03,14
844890bffffffff-2012-04,8
844890bffffffff-2012-05,3
844890bffffffff-2012-09,10
844890bffffffff-2012-11,6
844890bffffffff-2012-12,6
844890bffffffff-2013-01,11
844890bffffffff-2013-02,20
844890bffffffff-2013-03,37
844890bffffffff-2013-04,10
844890bffffffff-2013-05,6
844890bffffffff-2013-07,2
844890bffffffff-2013-08,1
844890bffffffff-2013-09,8
844890bffffffff-2013-10,2
844890bffffffff-2013-11,7
844890bffffffff-2013-12,5
844890bffffffff-2014-01,13
844890bffffffff-2014-02,33
844890bffffffff-2014-03,19
844890bffffffff-2014-04,64
844890bffffffff-2014-05,4
844890bffffffff-2014-08,3
844890bffffffff-2014-09,3
844890bffffffff-2014-10,5
844890bffffffff-2014-11,4
844890bffffffff-2014-12,9
844890bffffffff-2015-01,18
844890bffffffff-2015-02,38
844890bffffffff-2015-03,43
844890bffffffff-2015-04,39
844890bffffffff-2015-05,4
844890bffffffff-2015-07,1
844890bffffffff-2015-08,17
844890bffffffff-2015-09,13
844890bffffffff-2015-10,11
844890bffffffff-2015-11,30
844890bffffffff-2015-12,28
844890bffffffff-2016-01,21
844890bffffffff-2016-02,35
844890bffffffff-2016-03,90
844890bffffffff-2016-04,67
844890bffffffff-2016-05,9
844890bffffffff-2016-07,2
844890bffffffff-2016-08,12
844890bffffffff-2016-09,4
844890bffffffff-2016-10,10
844890bffffffff-2016-11,11
844890bffffffff-2016-12,14
844890bffffffff-2017-01,39
844890bffffffff-2017-02,38
844890bffffffff-2017-03,75
844890bffffffff-2017-04,99
844890bffffffff-2017-05,25
844890bffffffff-2017-07,9
844890bffffffff-2017-08,4
844890bffffffff-2017-09,1
844890bffffffff-2017-10,3
844890bffffffff-2017-11,16
844890bffffffff-2017-12,31
844890bffffffff-2018-01,55
844890bffffffff-2018-02,39
844890bffffffff-2018-03,131
844890bffffffff-2018-04,169
844890bffffffff-2018-05,26
844890bffffffff-2018-07,3
844890bffffffff-2018-08,2
844890bffffffff-2018-09,9
844890bffffffff-2018-10,3
844890bffffffff-2018-11,14
844890bffffffff-2018-12,30
844890bffffffff-2019-01,44
844890bffffffff-2019-02,89
844890bffffffff-2019-03,92
844890bffffffff-2019-04,116
844890bffffffff-2019-05,3
844890bffffffff-2019-08,6
844890bffffffff-2019-09,1
844890bffffffff-2019-10,4
844890bffffffff-2019-11,50
844890bffffffff-2019-12,29
844890bffffffff-2020-01,47
844890bffffffff-2020-02,35
844890bffffffff-2020-03,55
844890bffffffff-2020-04,47
844890bffffffff-2020-05,6
844890bffffffff-2020-09,1
844890bffffffff-2020-10,9
844890bffffffff-2020-11,18
844890bffffffff-2020-12,23
844890bffffffff-2021-01,32
844890bffffffff-2021-02,32
844890bffffffff-2021-03,53
844890bffffffff-2021-04,77
844890bffffffff-2021-05,11
844890bffffffff-2021-08,2
844890bffffffff-2021-09,1
844890bffffffff-2021-10,6
844890bffffffff-2021-11,84
844890bffffffff-2021-12,27
844890bffffffff-2022-01,29
844890bffffffff-2022-02,47
844890bffffffff-2022-03,55
844890bffffffff-2022-04,101
844890bffffffff-2022-05,19
844890bffffffff-2022-07,7
844890bffffffff-2022-08,5
844890bffffffff-2022-09,4
844890bffffffff-2022-10,2
844890bffffffff-2022-11,42
844890bffffffff-2022-12,49
844890bffffffff-2023-01,81
844890bffffffff-2023-02,127
844890bffffffff-2023-03,103
844890bffffffff-2023-04,127
844890bffffffff-2023-05,10
844890bffffffff-2023-07,2
844890bffffffff-2023-08,2
844890bffffffff-2023-09,6
844890bffffffff-2023-10,9
844890bffffffff-2023-11,96
8448911ffffffff-2016-10,3
8448911ffffffff-2017-02,1
8448911ffffffff-2018-05,2
8448911ffffffff-2022-09,1
8448911ffffffff-2023-03,2
8448911ffffffff-2023-04,4
8448911ffffffff-2023-05,2
8448911ffffffff-2023-08,1
8448913ffffffff-2012-04,1
8448913ffffffff-2013-05,2
8448913ffffffff-2015-04,1
8448913ffffffff-2015-11,1
8448913ffffffff-2016-04,2
8448913ffffffff-2016-05,2
8448913ffffffff-2017-01,1
8448913ffffffff-2017-04,1
8448913ffffffff-2017-10,1
8448913ffffffff-2018-04,9
8448913ffffffff-2018-05,6
8448913ffffffff-2019-02,1
8448913ffffffff-2019-03,1
8448913ffffffff-2019-04,3
8448913ffffffff-2019-05,9
8448913ffffffff-2020-04,5
8448913ffffffff-2020-05,3
8448913ffffffff-2020-11,3
8448913ffffffff-2021-02,2
8448913ffffffff-2021-04,2
8448913ffffffff-2021-07,1
8448913ffffffff-2022-05,3
8448913ffffffff-2023-03,8
8448913ffffffff-2023-04,21
8448913ffffffff-2023-05,2
8448913ffffffff-2023-07,1
8448913ffffffff-2023-08,1
8448913ffffffff-2023-09,1
8448915ffffffff-2012-09,4
8448915ffffffff-2013-04,3
8448915ffffffff-2013-05,2
8448915ffffffff-2013-08,4
8448915ffffffff-2013-09,1
8448915ffffffff-2014-04,2
8448915ffffffff-2014-08,3
8448915ffffffff-2014-10,3
8448915ffffffff-2015-03,1
8448915ffffffff-2015-04,4
8448915ffffffff-2015-05,1
8448915ffffffff-2015-08,2
8448915ffffffff-2015-09,2
8448915ffffffff-2015-10,2
8448915ffffffff-2015-11,1
8448915ffffffff-2016-01,4
8448915ffffffff-2016-03,3
8448915ffffffff-2016-04,20
8448915ffffffff-2016-07,5
8448915ffffffff-2016-08,6
8448915ffffffff-2016-11,1
8448915ffffffff-2017-05,12
8448915ffffffff-2017-07,3
8448915ffffffff-2017-11,1
8448915ffffffff-2018-02,2
8448915ffffffff-2018-03,5
8448915ffffffff-2018-12,1
8448915ffffffff-2019-02,2
8448915ffffffff-2019-03,2
8448915ffffffff-2019-04,4
8448915ffffffff-2019-10,2
8448915ffffffff-2019-12,3
8448915ffffffff-2020-03,1
8448915ffffffff-2020-04,15
8448915ffffffff-2020-12,3
8448915ffffffff-2021-03,5
8448915ffffffff-2021-04,23
8448915ffffffff-2021-05,4
8448915ffffffff-2021-12,2
8448915ffffffff-2022-04,7
8448915ffffffff-2022-05,1
8448915ffffffff-2022-10,2
8448915ffffffff-2023-03,4
8448915ffffffff-2023-04,4
8448917ffffffff-2012-08,1
8448917ffffffff-2014-04,3
8448917ffffffff-2021-04,1
8448917ffffffff-2023-04,5
844891bffffffff-2016-02,1
844891bffffffff-2016-03,1
844891bffffffff-2016-10,2
844891bffffffff-2016-12,1
844891bffffffff-2017-10,1
844891bffffffff-2017-11,1
844891bffffffff-2019-01,1
844891bffffffff-2019-05,10
844891bffffffff-2020-11,1
844891bffffffff-2021-01,1
844891bffffffff-2021-04,6
844891bffffffff-2021-05,5
844891bffffffff-2021-11,2
844891bffffffff-2021-12,4
844891bffffffff-2022-04,1
844891bffffffff-2022-10,1
844891bffffffff-2023-01,3
844891bffffffff-2023-04,4
844891dffffffff-2012-04,2
844891dffffffff-2012-09,3
844891dffffffff-2013-04,2
844891dffffffff-2013-08,1
844891dffffffff-2013-09,2
844891dffffffff-2014-01,1
844891dffffffff-2014-03,2
844891dffffffff-2014-05,2
844891dffffffff-2014-10,2
844891dffffffff-2015-04,1
844891dffffffff-2017-04,8
844891dffffffff-2017-10,1
844891dffffffff-2017-11,1
844891dffffffff-2018-01,1
844891dffffffff-2018-04,1
844891dffffffff-2020-03,1
844891dffffffff-2021-02,1
844891dffffffff-2023-04,1
844891dffffffff-2023-05,5
844891dffffffff-2023-08,1
8448923ffffffff-2012-01,4
8448923ffffffff-2012-02,7
8448923ffffffff-2012-03,18
8448923ffffffff-2012-04,34
8448923ffffffff-2012-05,16
8448923ffffffff-2012-08,9
8448923ffffffff-2012-09,24
8448923ffffffff-2012-10,25
8448923ffffffff-2012-11,12
8448923ffffffff-2012-12,20
8448923ffffffff-2013-01,10
8448923ffffffff-2013-02,2
8448923ffffffff-2013-03,8
8448923ffffffff-2013-04,47
8448923ffffffff-2013-05,6
8448923ffffffff-2013-06,11
8448923ffffffff-2013-07,4
8448923ffffffff-2013-08,19
8448923ffffffff-2013-09,6
8448923ffffffff-2013-10,10
8448923ffffffff-2013-11,10
8448923ffffffff-2013-12,11
8448923ffffffff-2014-01,7
8448923ffffffff-2014-02,11
8448923ffffffff-2014-03,12
8448923ffffffff-2014-04,67
8448923ffffffff-2014-05,6
8448923ffffffff-2014-06,1
8448923ffffffff-2014-07,1
8448923ffffffff-2014-08,4
8448923ffffffff-2014-09,2
8448923ffffffff-2014-10,7
8448923ffffffff-2014-11,1
8448923ffffffff-2014-12,4
8448923ffffffff-2015-01,9
8448923ffffffff-2015-02,3
8448923ffffffff-2015-03,4
8448923ffffffff-2015-04,36
8448923ffffffff-2015-05,5
8448923ffffffff-2015-07,3
8448923ffffffff-2015-08,4
8448923ffffffff-2015-09,1
8448923ffffffff-2015-10,7
8448923ffffffff-2015-11,3
8448923ffffffff-2015-12,8
8448923ffffffff-2016-01,5
8448923ffffffff-2016-02,3
8448923ffffffff-2016-03,3
8448923ffffffff-2016-04,16
8448923ffffffff-2016-05,6
8448923ffffffff-2016-07,7
8448923ffffffff-2016-08,5
8448923ffffffff-2016-09,7
8448923ffffffff-2016-10,13
8448923ffffffff-2016-11,2
8448923ffffffff-2016-12,13
8448923ffffffff-2017-01,2
8448923ffffffff-2017-02,6
8448923ffffffff-2017-03,18
8448923ffffffff-2017-04,26
8448923ffffffff-2017-05,4
8448923ffffffff-2017-07,4
8448923ffffffff-2017-08,2
8448923ffffffff-2017-09,2
8448923ffffffff-2017-12,22
8448923ffffffff-2018-01,21
8448923ffffffff-2018-02,9
8448923ffffffff-2018-03,15
8448923ffffffff-2018-04,52
8448923ffffffff-2018-05,9
8448923ffffffff-2018-07,4
8448923ffffffff-2018-08,7
8448923ffffffff-2018-09,3
8448923ffffffff-2018-10,2
8448923ffffffff-2018-11,5
8448923ffffffff-2018-12,24
8448923ffffffff-2019-01,1
8448923ffffffff-2019-03,9
8448923ffffffff-2019-04,19
8448923ffffffff-2019-05,17
8448923ffffffff-2019-09,3
8448923ffffffff-2019-11,7
8448923ffffffff-2019-12,7
8448923ffffffff-2020-01,19
8448923ffffffff-2020-02,11
8448923ffffffff-2020-03,18
8448923ffffffff-2020-04,58
8448923ffffffff-2020-05,21
8448923ffffffff-2020-06,2
8448923ffffffff-2020-07,26
8448923ffffffff-2020-08,15
8448923ffffffff-2020-09,26
8448923ffffffff-2020-10,28
8448923ffffffff-2020-11,17
8448923ffffffff-2020-12,7
8448923ffffffff-2021-01,10
8448923ffffffff-2021-02,16
8448923ffffffff-2021-03,70
8448923ffffffff-2021-04,131
8448923ffffffff-2021-05,13
8448923ffffffff-2021-07,3
8448923ffffffff-2021-08,53
8448923ffffffff-2021-09,17
8448923ffffffff-2021-10,15
8448923ffffffff-2021-11,6
8448923ffffffff-2021-12,12
8448923ffffffff-2022-01,21
8448923ffffffff-2022-02,5
8448923ffffffff-2022-03,17
8448923ffffffff-2022-04,138
8448923ffffffff-2022-05,27
8448923ffffffff-2022-06,1
8448923ffffffff-2022-07,16
8448923ffffffff-2022-08,8
8448923ffffffff-2022-09,12
8448923ffffffff-2022-10,34
8448923ffffffff-2022-11,8
8448923ffffffff-2022-12,11
8448923ffffffff-2023-01,19
8448923ffffffff-2023-02,7
8448923ffffffff-2023-03,27
8448923ffffffff-2023-04,142
8448923ffffffff-2023-05,9
8448923ffffffff-2023-06,1
8448923ffffffff-2023-07,11
8448923ffffffff-2023-08,47
8448923ffffffff-2023-09,17
8448923ffffffff-2023-10,5
8448923ffffffff-2023-11,7
8448927ffffffff-2012-01,2
8448927ffffffff-2012-02,1
8448927ffffffff-2012-03,2
8448927ffffffff-2012-04,11
8448927ffffffff-2012-05,4
8448927ffffffff-2012-06,1
8448927ffffffff-2012-07,1
8448927ffffffff-2012-08,2
8448927ffffffff-2012-09,3
8448927ffffffff-2012-10,1
8448927ffffffff-2013-01,3
8448927ffffffff-2013-02,2
8448927ffffffff-2013-03,5
8448927ffffffff-2013-04,19
8448927ffffffff-2013-05,2
8448927ffffffff-2013-07,1
8448927ffffffff-2013-09,1
8448927ffffffff-2013-10,1
8448927ffffffff-2013-11,2
8448927ffffffff-2013-12,3
8448927ffffffff-2014-01,2
8448927ffffffff-2014-02,1
8448927ffffffff-2014-03,6
8448927ffffffff-2014-04,28
8448927ffffffff-2014-05,4
8448927ffffffff-2014-08,3
8448927ffffffff-2014-10,2
8448927ffffffff-2014-11,1
8448927ffffffff-2014-12,4
8448927ffffffff-2015-01,3
8448927ffffffff-2015-03,4
8448927ffffffff-2015-04,12
8448927ffffffff-2015-05,4
8448927ffffffff-2015-08,2
8448927ffffffff-2015-10,1
8448927ffffffff-2015-11,5
8448927ffffffff-2015-12,1
8448927ffffffff-2016-01,4
8448927ffffffff-2016-02,1
8448927ffffffff-2016-03,4
8448927ffffffff-2016-04,19
8448927ffffffff-2016-05,5
8448927ffffffff-2016-08,2
8448927ffffffff-2017-03,7
8448927ffffffff-2017-04,10
8448927ffffffff-2017-05,2
8448927ffffffff-2017-11,2
8448927ffffffff-2017-12,3
8448927ffffffff-2018-01,2
8448927ffffffff-2018-02,1
8448927ffffffff-2018-03,15
8448927ffffffff-2018-04,41
8448927ffffffff-2018-05,6
8448927ffffffff-2018-09,1
8448927ffffffff-2018-10,1
8448927ffffffff-2018-11,1
8448927ffffffff-2018-12,1
8448927ffffffff-2019-01,4
8448927ffffffff-2019-03,18
8448927ffffffff-2019-04,23
8448927ffffffff-2019-05,2
8448927ffffffff-2019-07,2
8448927ffffffff-2019-10,1
8448927ffffffff-2019-11,2
8448927ffffffff-2020-01,1
8448927ffffffff-2020-02,1
8448927ffffffff-2020-03,8
8448927ffffffff-2020-04,38
8448927ffffffff-2020-05,3
8448927ffffffff-2020-07,6
8448927ffffffff-2020-08,2
8448927ffffffff-2020-09,3
8448927ffffffff-2020-10,23
8448927ffffffff-2020-11,2
8448927ffffffff-2021-03,11
8448927ffffffff-2021-04,31
8448927ffffffff-2021-05,2
8448927ffffffff-2021-09,4
8448927ffffffff-2021-10,4
8448927ffffffff-2021-11,6
8448927ffffffff-2021-12,1
8448927ffffffff-2022-01,1
8448927ffffffff-2022-02,1
8448927ffffffff-2022-03,8
8448927ffffffff-2022-04,53
8448927ffffffff-2022-05,6
8448927ffffffff-2022-09,6
8448927ffffffff-2022-10,1
8448927ffffffff-2022-11,3
8448927ffffffff-2022-12,6
8448927ffffffff-2023-01,8
8448927ffffffff-2023-02,3
8448927ffffffff-2023-03,14
8448927ffffffff-2023-04,58
8448927ffffffff-2023-05,6
8448927ffffffff-2023-06,1
8448927ffffffff-2023-09,2
8448927ffffffff-2023-10,5
844892bffffffff-2012-05,3
844892bffffffff-2013-02,3
844892bffffffff-2013-04,1
844892bffffffff-2013-08,1
844892bffffffff-2013-12,2
844892bffffffff-2014-01,2
844892bffffffff-2014-02,7
844892bffffffff-2014-04,1
844892bffffffff-2014-10,1
844892bffffffff-2014-12,2
844892bffffffff-2015-02,1
844892bffffffff-2015-03,1
844892bffffffff-2015-04,4
844892bffffffff-2015-08,1
844892bffffffff-2015-11,2
844892bffffffff-2015-12,4
844892bffffffff-2016-01,2
844892bffffffff-2016-02,2
844892bffffffff-2016-03,1
844892bffffffff-2016-04,4
844892bffffffff-2016-07,1
844892bffffffff-2016-10,2
844892bffffffff-2016-11,10
844892bffffffff-2016-12,2
844892bffffffff-2017-01,3
844892bffffffff-2017-02,1
844892bffffffff-2017-03,5
844892bffffffff-2017-04,4
844892bffffffff-2017-09,1
844892bffffffff-2017-10,3
844892bffffffff-2017-12,2
844892bffffffff-2018-01,1
844892bffffffff-2018-02,5
844892bffffffff-2018-03,12
844892bffffffff-2018-04,5
844892bffffffff-2018-05,2
844892bffffffff-2018-07,2
844892bffffffff-2018-11,3
844892bffffffff-2018-12,2
844892bffffffff-2019-01,5
844892bffffffff-2019-02,3
844892bffffffff-2019-03,2
844892bffffffff-2019-04,3
844892bffffffff-2019-09,4
844892bffffffff-2019-10,4
844892bffffffff-2019-12,9
844892bffffffff-2020-04,2
844892bffffffff-2020-05,1
844892bffffffff-2020-10,1
844892bffffffff-2020-11,1
844892bffffffff-2021-03,2
844892bffffffff-2021-04,7
844892bffffffff-2021-08,2
844892bffffffff-2021-11,6
844892bffffffff-2021-12,4
844892bffffffff-2022-01,3
844892bffffffff-2022-02,1
844892bffffffff-2022-03,5
844892bffffffff-2022-04,7
844892bffffffff-2022-05,3
844892bffffffff-2022-07,1
844892bffffffff-2022-08,2
844892bffffffff-2022-09,1
844892bffffffff-2022-10,2
844892bffffffff-2022-11,1
844892bffffffff-2022-12,1
844892bffffffff-2023-02,2
844892bffffffff-2023-03,5
844892bffffffff-2023-04,5
844892bffffffff-2023-10,1
8448931ffffffff-2013-03,2
8448931ffffffff-2013-08,2
8448931ffffffff-2014-02,2
8448931ffffffff-2014-04,3
8448931ffffffff-2016-01,2
8448931ffffffff-2016-02,4
8448931ffffffff-2016-04,6
8448931ffffffff-2016-05,1
8448931ffffffff-2016-07,1
8448931ffffffff-2016-10,2
8448931ffffffff-2016-11,2
8448931ffffffff-2016-12,1
8448931ffffffff-2017-02,1
8448931ffffffff-2017-03,1
8448931ffffffff-2017-04,4
8448931ffffffff-2017-05,1
8448931ffffffff-2017-07,2
8448931ffffffff-2017-09,2
8448931ffffffff-2017-12,2
8448931ffffffff-2018-03,2
8448931ffffffff-2018-04,5
8448931ffffffff-2018-05,2
8448931ffffffff-2018-07,2
8448931ffffffff-2018-11,1
8448931ffffffff-2019-01,5
8448931ffffffff-2019-03,1
8448931ffffffff-2019-04,14
8448931ffffffff-2019-05,14
8448931ffffffff-2020-02,2
8448931ffffffff-2020-04,3
8448931ffffffff-2021-02,3
8448931ffffffff-2021-04,10
8448931ffffffff-2021-05,2
8448931ffffffff-2021-12,1
8448931ffffffff-2022-04,6
8448931ffffffff-2022-05,1
8448931ffffffff-2023-01,3
8448931ffffffff-2023-02,5
8448931ffffffff-2023-03,2
8448931ffffffff-2023-04,12
8448931ffffffff-2023-10,1
8448933ffffffff-2012-04,1
8448933ffffffff-2012-11,1
8448933ffffffff-2012-12,2
8448933ffffffff-2013-03,1
8448933ffffffff-2013-04,5
8448933ffffffff-2013-05,3
8448933ffffffff-2013-08,4
8448933ffffffff-2014-01,2
8448933ffffffff-2014-02,2
8448933ffffffff-2014-05,1
8448933ffffffff-2014-08,1
8448933ffffffff-2014-10,1
8448933ffffffff-2015-04,3
8448933ffffffff-2015-12,2
8448933ffffffff-2016-03,1
8448933ffffffff-2016-08,2
8448933ffffffff-2016-10,2
8448933ffffffff-2016-12,3
8448933ffffffff-2017-04,1
8448933ffffffff-2018-04,6
8448933ffffffff-2018-12,1
8448933ffffffff-2019-04,7
8448933ffffffff-2019-09,2
8448933ffffffff-2019-10,1
8448933ffffffff-2019-11,2
8448933ffffffff-2019-12,9
8448933ffffffff-2020-12,2
8448933ffffffff-2021-04,2
8448933ffffffff-2021-11,1
8448933ffffffff-2021-12,1
8448933ffffffff-2022-04,1
8448933ffffffff-2022-12,4
8448933ffffffff-2023-07,2
8448933ffffffff-2023-08,1
8448935ffffffff-2012-01,3
8448935ffffffff-2012-02,2
8448935ffffffff-2012-05,1
8448935ffffffff-2012-10,1
8448935ffffffff-2012-12,4
8448935ffffffff-2013-03,2
8448935ffffffff-2013-04,1
8448935ffffffff-2013-11,1
8448935ffffffff-2014-03,2
8448935ffffffff-2014-04,27
8448935ffffffff-2014-05,6
8448935ffffffff-2014-11,4
8448935ffffffff-2014-12,2
8448935ffffffff-2015-04,1
8448935ffffffff-2015-05,2
8448935ffffffff-2015-07,1
8448935ffffffff-2015-09,1
8448935ffffffff-2015-12,1
8448935ffffffff-2016-02,1
8448935ffffffff-2016-04,1
8448935ffffffff-2016-05,1
8448935ffffffff-2016-12,4
8448935ffffffff-2017-02,1
8448935ffffffff-2017-06,1
8448935ffffffff-2017-08,1
8448935ffffffff-2017-09,4
8448935ffffffff-2017-12,3
8448935ffffffff-2018-03,6
8448935ffffffff-2018-04,8
8448935ffffffff-2018-05,5
8448935ffffffff-2018-11,5
8448935ffffffff-2019-02,1
8448935ffffffff-2019-03,3
8448935ffffffff-2019-04,6
8448935ffffffff-2019-05,3
8448935ffffffff-2019-07,1
8448935ffffffff-2019-11,3
8448935ffffffff-2019-12,1
8448935ffffffff-2020-02,2
8448935ffffffff-2020-03,3
8448935ffffffff-2020-04,34
8448935ffffffff-2020-05,9
8448935ffffffff-2020-11,4
8448935ffffffff-2020-12,4
8448935ffffffff-2021-03,2
8448935ffffffff-2021-04,27
8448935ffffffff-2021-05,9
8448935ffffffff-2021-07,2
8448935ffffffff-2021-08,1
8448935ffffffff-2021-10,3
8448935ffffffff-2021-12,7
8448935ffffffff-2022-03,7
8448935ffffffff-2022-04,98
8448935ffffffff-2022-05,61
8448935ffffffff-2022-07,1
8448935ffffffff-2022-09,1
8448935ffffffff-2022-10,5
8448935ffffffff-2022-11,6
8448935ffffffff-2022-12,14
8448935ffffffff-2023-01,9
8448935ffffffff-2023-02,7
8448935ffffffff-2023-03,40
8448935ffffffff-2023-04,149
8448935ffffffff-2023-05,21
8448935ffffffff-2023-08,1
8448935ffffffff-2023-09,1
8448935ffffffff-2023-10,2
8448935ffffffff-2023-11,17
8448937ffffffff-2012-01,2
8448937ffffffff-2012-03,6
8448937ffffffff-2012-04,33
8448937ffffffff-2012-05,5
8448937ffffffff-2012-11,2
8448937ffffffff-2012-12,1
8448937ffffffff-2013-02,1
8448937ffffffff-2013-03,1
8448937ffffffff-2013-04,13
8448937ffffffff-2013-05,11
8448937ffffffff-2013-08,1
8448937ffffffff-2013-11,6
8448937ffffffff-2013-12,15
8448937ffffffff-2014-01,11
8448937ffffffff-2014-02,7
8448937ffffffff-2014-03,11
8448937ffffffff-2014-04,18
8448937ffffffff-2014-05,5
8448937ffffffff-2014-07,1
8448937ffffffff-2014-10,1
8448937ffffffff-2014-11,1
8448937ffffffff-2014-12,2
8448937ffffffff-2015-01,4
8448937ffffffff-2015-02,2
8448937ffffffff-2015-03,16
8448937ffffffff-2015-04,12
8448937ffffffff-2015-11,5
8448937ffffffff-2015-12,2
8448937ffffffff-2016-01,6
8448937ffffffff-2016-02,5
8448937ffffffff-2016-03,9
8448937ffffffff-2016-04,21
8448937ffffffff-2016-05,2
8448937ffffffff-2016-07,2
8448937ffffffff-2016-08,2
8448937ffffffff-2016-09,2
8448937ffffffff-2016-10,1
8448937ffffffff-2016-11,2
8448937ffffffff-2016-12,5
8448937ffffffff-2017-01,1
8448937ffffffff-2017-02,3
8448937ffffffff-2017-03,5
8448937ffffffff-2017-04,11
8448937ffffffff-2017-05,3
8448937ffffffff-2017-10,1
8448937ffffffff-2017-12,1
8448937ffffffff-2018-01,2
8448937ffffffff-2018-02,9
8448937ffffffff-2018-03,6
8448937ffffffff-2018-04,19
8448937ffffffff-2018-05,4
8448937ffffffff-2018-08,2
8448937ffffffff-2018-10,4
8448937ffffffff-2018-11,1
8448937ffffffff-2018-12,2
8448937ffffffff-2019-01,2
8448937ffffffff-2019-02,1
8448937ffffffff-2019-03,15
8448937ffffffff-2019-04,16
8448937ffffffff-2019-05,5
8448937ffffffff-2019-09,10
8448937ffffffff-2019-10,12
8448937ffffffff-2019-11,5
8448937ffffffff-2019-12,6
8448937ffffffff-2020-01,7
8448937ffffffff-2020-02,4
8448937ffffffff-2020-03,8
8448937ffffffff-2020-04,14
8448937ffffffff-2020-05,5
8448937ffffffff-2020-08,1
8448937ffffffff-2020-11,1
8448937ffffffff-2020-12,4
8448937ffffffff-2021-01,12
8448937ffffffff-2021-02,1
8448937ffffffff-2021-03,12
8448937ffffffff-2021-04,12
8448937ffffffff-2021-05,1
8448937ffffffff-2021-07,1
8448937ffffffff-2021-09,1
8448937ffffffff-2021-10,5
8448937ffffffff-2021-11,3
8448937ffffffff-2021-12,10
8448937ffffffff-2022-01,11
8448937ffffffff-2022-02,9
8448937ffffffff-2022-03,11
8448937ffffffff-2022-04,24
8448937ffffffff-2022-05,11
8448937ffffffff-2022-07,1
8448937ffffffff-2022-09,4
8448937ffffffff-2022-10,1
8448937ffffffff-2022-12,19
8448937ffffffff-2023-01,2
8448937ffffffff-2023-02,12
8448937ffffffff-2023-03,14
8448937ffffffff-2023-04,20
8448937ffffffff-2023-07,2
8448937ffffffff-2023-10,1
8448939ffffffff-2012-02,1
8448939ffffffff-2012-07,2
8448939ffffffff-2012-10,1
8448939ffffffff-2012-11,8
8448939ffffffff-2012-12,4
8448939ffffffff-2013-01,2
8448939ffffffff-2013-02,3
8448939ffffffff-2013-03,9
8448939ffffffff-2013-04,1
8448939ffffffff-2013-05,1
8448939ffffffff-2013-06,4
8448939ffffffff-2013-07,2
8448939ffffffff-2013-08,3
8448939ffffffff-2013-09,1
8448939ffffffff-2013-10,1
8448939ffffffff-2013-11,1
8448939ffffffff-2014-02,3
8448939ffffffff-2014-03,2
8448939ffffffff-2014-04,2
8448939ffffffff-2014-05,3
8448939ffffffff-2014-07,1
8448939ffffffff-2014-08,2
8448939ffffffff-2014-09,1
8448939ffffffff-2014-10,3
8448939ffffffff-2014-11,1
8448939ffffffff-2015-01,2
8448939ffffffff-2015-02,1
8448939ffffffff-2015-03,2
8448939ffffffff-2015-04,2
8448939ffffffff-2015-05,1
8448939ffffffff-2015-08,16
8448939ffffffff-2015-09,4
8448939ffffffff-2015-11,2
8448939ffffffff-2015-12,3
8448939ffffffff-2016-03,3
8448939ffffffff-2016-04,4
8448939ffffffff-2016-05,5
8448939ffffffff-2016-07,4
8448939ffffffff-2016-08,1
8448939ffffffff-2016-11,5
8448939ffffffff-2016-12,6
8448939ffffffff-2017-02,2
8448939ffffffff-2017-03,5
8448939ffffffff-2017-04,9
8448939ffffffff-2017-08,2
8448939ffffffff-2017-10,1
8448939ffffffff-2017-11,2
8448939ffffffff-2017-12,4
8448939ffffffff-2018-01,1
8448939ffffffff-2018-02,13
8448939ffffffff-2018-03,14
8448939ffffffff-2018-04,17
8448939ffffffff-2018-05,3
8448939ffffffff-2018-08,4
8448939ffffffff-2018-12,1
8448939ffffffff-2019-03,3
8448939ffffffff-2019-04,4
8448939ffffffff-2019-05,21
8448939ffffffff-2019-06,2
8448939ffffffff-2019-07,1
8448939ffffffff-2019-08,1
8448939ffffffff-2019-09,6
8448939ffffffff-2019-10,3
8448939ffffffff-2019-11,3
8448939ffffffff-2019-12,14
8448939ffffffff-2020-01,4
8448939ffffffff-2020-02,5
8448939ffffffff-2020-03,18
8448939ffffffff-2020-04,20
8448939ffffffff-2020-05,14
8448939ffffffff-2020-07,1
8448939ffffffff-2020-08,1
8448939ffffffff-2020-09,1
8448939ffffffff-2020-11,3
8448939ffffffff-2020-12,1
8448939ffffffff-2021-03,9
8448939ffffffff-2021-04,15
8448939ffffffff-2021-07,2
8448939ffffffff-2021-09,4
8448939ffffffff-2021-12,2
8448939ffffffff-2022-03,1
8448939ffffffff-2022-04,23
8448939ffffffff-2022-05,10
8448939ffffffff-2022-09,1
8448939ffffffff-2022-12,3
8448939ffffffff-2023-02,2
8448939ffffffff-2023-03,1
8448939ffffffff-2023-04,2
8448939ffffffff-2023-05,3
8448939ffffffff-2023-08,1
8448939ffffffff-2023-09,4
8448939ffffffff-2023-10,3
844893bffffffff-2012-01,1
844893bffffffff-2012-11,1
844893bffffffff-2013-02,1
844893bffffffff-2013-05,1
844893bffffffff-2014-04,2
844893bffffffff-2014-11,1
844893bffffffff-2015-04,3
844893bffffffff-2015-05,1
844893bffffffff-2015-08,1
844893bffffffff-2016-03,7
844893bffffffff-2016-04,2
844893bffffffff-2016-10,3
844893bffffffff-2017-01,2
844893bffffffff-2017-03,1
844893bffffffff-2017-04,6
844893bffffffff-2017-05,3
844893bffffffff-2017-09,3
844893bffffffff-2018-01,1
844893bffffffff-2018-04,6
844893bffffffff-2018-08,1
844893bffffffff-2018-09,1
844893bffffffff-2018-10,2
844893bffffffff-2018-11,1
844893bffffffff-2019-03,1
844893bffffffff-2019-04,1
844893bffffffff-2019-12,1
844893bffffffff-2020-01,2
844893bffffffff-2020-02,2
844893bffffffff-2020-03,6
844893bffffffff-2020-05,1
844893bffffffff-2020-08,1
844893bffffffff-2020-12,1
844893bffffffff-2021-01,2
844893bffffffff-2021-02,1
844893bffffffff-2021-03,2
844893bffffffff-2021-04,3
844893bffffffff-2021-10,1
844893bffffffff-2021-12,2
844893bffffffff-2022-02,1
844893bffffffff-2022-03,1
844893bffffffff-2022-04,1
844893bffffffff-2022-12,1
844893bffffffff-2023-02,2
844893bffffffff-2023-04,2
844893bffffffff-2023-10,2
844893bffffffff-2023-11,2
844893dffffffff-2012-04,1
844893dffffffff-2012-12,1
844893dffffffff-2013-03,1
844893dffffffff-2013-04,2
844893dffffffff-2013-05,1
844893dffffffff-2013-07,4
844893dffffffff-2013-08,2
844893dffffffff-2013-11,4
844893dffffffff-2013-12,6
844893dffffffff-2014-01,4
844893dffffffff-2014-02,2
844893dffffffff-2014-03,9
844893dffffffff-2014-04,23
844893dffffffff-2014-05,3
844893dffffffff-2014-07,2
844893dffffffff-2014-08,5
844893dffffffff-2014-10,2
844893dffffffff-2014-12,1
844893dffffffff-2015-03,3
844893dffffffff-2015-04,2
844893dffffffff-2015-05,1
844893dffffffff-2015-07,3
844893dffffffff-2015-08,6
844893dffffffff-2015-09,9
844893dffffffff-2015-10,3
844893dffffffff-2015-11,2
844893dffffffff-2015-12,6
844893dffffffff-2016-01,1
844893dffffffff-2016-02,15
844893dffffffff-2016-03,10
844893dffffffff-2016-04,38
844893dffffffff-2016-05,12
844893dffffffff-2016-07,1
844893dffffffff-2016-08,8
844893dffffffff-2016-09,3
844893dffffffff-2016-10,9
844893dffffffff-2016-11,12
844893dffffffff-2016-12,9
844893dffffffff-2017-01,5
844893dffffffff-2017-02,7
844893dffffffff-2017-03,33
844893dffffffff-2017-04,38
844893dffffffff-2017-07,2
844893dffffffff-2017-08,4
844893dffffffff-2017-09,2
844893dffffffff-2017-10,9
844893dffffffff-2017-12,3
844893dffffffff-2018-01,1
844893dffffffff-2018-02,6
844893dffffffff-2018-03,6
844893dffffffff-2018-04,14
844893dffffffff-2018-05,5
844893dffffffff-2018-08,3
844893dffffffff-2018-09,10
844893dffffffff-2018-10,5
844893dffffffff-2018-11,4
844893dffffffff-2018-12,12
844893dffffffff-2019-01,2
844893dffffffff-2019-03,11
844893dffffffff-2019-04,19
844893dffffffff-2019-05,3
844893dffffffff-2019-07,1
844893dffffffff-2019-08,1
844893dffffffff-2019-09,14
844893dffffffff-2019-10,9
844893dffffffff-2019-11,9
844893dffffffff-2019-12,16
844893dffffffff-2020-01,3
844893dffffffff-2020-03,1
844893dffffffff-2020-04,24
844893dffffffff-2020-09,1
844893dffffffff-2020-10,3
844893dffffffff-2020-11,4
844893dffffffff-2020-12,23
844893dffffffff-2021-01,4
844893dffffffff-2021-02,4
844893dffffffff-2021-03,15
844893dffffffff-2021-04,50
844893dffffffff-2021-05,10
844893dffffffff-2021-08,7
844893dffffffff-2021-09,2
844893dffffffff-2021-10,1
844893dffffffff-2021-11,4
844893dffffffff-2021-12,23
844893dffffffff-2022-01,2
844893dffffffff-2022-02,5
844893dffffffff-2022-03,10
844893dffffffff-2022-04,51
844893dffffffff-2022-05,6
844893dffffffff-2022-08,1
844893dffffffff-2022-09,1
844893dffffffff-2022-10,3
844893dffffffff-2022-11,2
844893dffffffff-2022-12,24
844893dffffffff-2023-01,1
844893dffffffff-2023-02,7
844893dffffffff-2023-03,17
844893dffffffff-2023-04,29
844893dffffffff-2023-05,11
844893dffffffff-2023-07,2
844893dffffffff-2023-08,2
844893dffffffff-2023-09,3
844893dffffffff-2023-11,8
844894bffffffff-2019-11,1
8448951ffffffff-2012-01,2
8448951ffffffff-2012-02,4
8448951ffffffff-2012-03,8
8448951ffffffff-2012-04,10
8448951ffffffff-2012-05,3
8448951ffffffff-2012-08,11
8448951ffffffff-2012-09,15
8448951ffffffff-2012-10,1
8448951ffffffff-2012-11,2
8448951ffffffff-2012-12,2
8448951ffffffff-2013-01,11
8448951ffffffff-2013-02,16
8448951ffffffff-2013-03,23
8448951ffffffff-2013-04,37
8448951ffffffff-2013-05,9
8448951ffffffff-2013-07,1
8448951ffffffff-2013-08,26
8448951ffffffff-2013-09,7
8448951ffffffff-2013-10,1
8448951ffffffff-2013-11,6
8448951ffffffff-2013-12,2
8448951ffffffff-2014-01,1
8448951ffffffff-2014-02,3
8448951ffffffff-2014-03,18
8448951ffffffff-2014-04,75
8448951ffffffff-2014-05,4
8448951ffffffff-2014-08,15
8448951ffffffff-2014-09,21
8448951ffffffff-2014-10,6
8448951ffffffff-2014-11,3
8448951ffffffff-2014-12,4
8448951ffffffff-2015-01,4
8448951ffffffff-2015-02,2
8448951ffffffff-2015-03,6
8448951ffffffff-2015-04,31
8448951ffffffff-2015-05,2
8448951ffffffff-2015-07,2
8448951ffffffff-2015-08,9
8448951ffffffff-2015-09,15
8448951ffffffff-2015-10,10
8448951ffffffff-2015-11,5
8448951ffffffff-2015-12,7
8448951ffffffff-2016-01,4
8448951ffffffff-2016-02,13
8448951ffffffff-2016-03,17
8448951ffffffff-2016-04,25
8448951ffffffff-2016-05,6
8448951ffffffff-2016-07,2
8448951ffffffff-2016-08,9
8448951ffffffff-2016-09,18
8448951ffffffff-2016-10,20
8448951ffffffff-2016-11,13
8448951ffffffff-2016-12,5
8448951ffffffff-2017-01,3
8448951ffffffff-2017-02,5
8448951ffffffff-2017-03,12
8448951ffffffff-2017-04,31
8448951ffffffff-2017-05,4
8448951ffffffff-2017-08,4
8448951ffffffff-2017-09,7
8448951ffffffff-2017-10,8
8448951ffffffff-2017-11,11
8448951ffffffff-2017-12,11
8448951ffffffff-2018-01,4
8448951ffffffff-2018-02,12
8448951ffffffff-2018-03,8
8448951ffffffff-2018-04,74
8448951ffffffff-2018-05,1
8448951ffffffff-2018-07,2
8448951ffffffff-2018-08,27
8448951ffffffff-2018-09,23
8448951ffffffff-2018-10,16
8448951ffffffff-2018-11,17
8448951ffffffff-2018-12,1
8448951ffffffff-2019-01,3
8448951ffffffff-2019-02,4
8448951ffffffff-2019-03,5
8448951ffffffff-2019-04,33
8448951ffffffff-2019-05,12
8448951ffffffff-2019-08,15
8448951ffffffff-2019-09,48
8448951ffffffff-2019-10,16
8448951ffffffff-2019-11,11
8448951ffffffff-2019-12,5
8448951ffffffff-2020-01,1
8448951ffffffff-2020-02,2
8448951ffffffff-2020-03,13
8448951ffffffff-2020-04,34
8448951ffffffff-2020-05,9
8448951ffffffff-2020-06,2
8448951ffffffff-2020-08,6
8448951ffffffff-2020-09,24
8448951ffffffff-2020-10,13
8448951ffffffff-2020-11,6
8448951ffffffff-2020-12,1
8448951ffffffff-2021-01,4
8448951ffffffff-2021-02,2
8448951ffffffff-2021-03,6
8448951ffffffff-2021-04,62
8448951ffffffff-2021-05,21
8448951ffffffff-2021-07,3
8448951ffffffff-2021-08,8
8448951ffffffff-2021-09,45
8448951ffffffff-2021-10,11
8448951ffffffff-2021-11,5
8448951ffffffff-2021-12,4
8448951ffffffff-2022-01,2
8448951ffffffff-2022-02,4
8448951ffffffff-2022-03,4
8448951ffffffff-2022-04,64
8448951ffffffff-2022-05,10
8448951ffffffff-2022-07,4
8448951ffffffff-2022-08,19
8448951ffffffff-2022-09,30
8448951ffffffff-2022-10,14
8448951ffffffff-2022-11,27
8448951ffffffff-2022-12,2
8448951ffffffff-2023-01,3
8448951ffffffff-2023-02,2
8448951ffffffff-2023-03,20
8448951ffffffff-2023-04,77
8448951ffffffff-2023-05,21
8448951ffffffff-2023-06,2
8448951ffffffff-2023-08,52
8448951ffffffff-2023-09,53
8448951ffffffff-2023-10,31
8448951ffffffff-2023-11,25
8448953ffffffff-2012-01,1
8448953ffffffff-2012-04,1
8448953ffffffff-2012-05,1
8448953ffffffff-2013-05,1
8448953ffffffff-2014-04,1
8448953ffffffff-2014-05,1
8448953ffffffff-2014-08,1
8448953ffffffff-2015-01,3
8448953ffffffff-2015-02,1
8448953ffffffff-2015-04,1
8448953ffffffff-2015-09,2
8448953ffffffff-2016-02,1
8448953ffffffff-2016-11,1
8448953ffffffff-2017-01,1
8448953ffffffff-2017-04,1
8448953ffffffff-2017-08,1
8448953ffffffff-2018-04,5
8448953ffffffff-2019-02,1
8448953ffffffff-2019-09,1
8448953ffffffff-2019-11,3
8448953ffffffff-2020-03,1
8448953ffffffff-2020-04,11
8448953ffffffff-2020-05,1
8448953ffffffff-2020-10,1
8448953ffffffff-2020-12,2
8448953ffffffff-2021-03,1
8448953ffffffff-2021-04,3
8448953ffffffff-2021-05,1
8448953ffffffff-2021-09,2
8448953ffffffff-2021-10,1
8448953ffffffff-2021-11,7
8448953ffffffff-2021-12,1
8448953ffffffff-2022-03,2
8448953ffffffff-2022-05,1
8448953ffffffff-2022-08,4
8448953ffffffff-2022-09,5
8448953ffffffff-2022-10,1
8448953ffffffff-2022-11,3
8448953ffffffff-2022-12,1
8448953ffffffff-2023-01,1
8448953ffffffff-2023-02,1
8448953ffffffff-2023-04,7
8448953ffffffff-2023-05,2
8448953ffffffff-2023-07,1
8448953ffffffff-2023-08,7
8448953ffffffff-2023-09,5
8448955ffffffff-2012-01,8
8448955ffffffff-2012-02,17
8448955ffffffff-2012-03,60
8448955ffffffff-2012-04,61
8448955ffffffff-2012-05,24
8448955ffffffff-2012-06,1
8448955ffffffff-2012-07,9
8448955ffffffff-2012-08,20
8448955ffffffff-2012-09,8
8448955ffffffff-2012-10,5
8448955ffffffff-2012-11,14
8448955ffffffff-2012-12,11
8448955ffffffff-2013-01,6
8448955ffffffff-2013-02,33
8448955ffffffff-2013-03,60
8448955ffffffff-2013-04,49
8448955ffffffff-2013-05,15
8448955ffffffff-2013-06,1
8448955ffffffff-2013-07,5
8448955ffffffff-2013-08,23
8448955ffffffff-2013-09,15
8448955ffffffff-2013-10,6
8448955ffffffff-2013-11,14
8448955ffffffff-2013-12,17
8448955ffffffff-2014-01,14
8448955ffffffff-2014-02,33
8448955ffffffff-2014-03,83
8448955ffffffff-2014-04,147
8448955ffffffff-2014-05,40
8448955ffffffff-2014-07,5
8448955ffffffff-2014-08,73
8448955ffffffff-2014-09,36
8448955ffffffff-2014-10,23
8448955ffffffff-2014-11,36
8448955ffffffff-2014-12,19
8448955ffffffff-2015-01,25
8448955ffffffff-2015-02,44
8448955ffffffff-2015-03,76
8448955ffffffff-2015-04,214
8448955ffffffff-2015-05,6
8448955ffffffff-2015-06,2
8448955ffffffff-2015-07,13
8448955ffffffff-2015-08,35
8448955ffffffff-2015-09,26
8448955ffffffff-2015-10,40
8448955ffffffff-2015-11,36
8448955ffffffff-2015-12,31
8448955ffffffff-2016-01,50
8448955ffffffff-2016-02,77
8448955ffffffff-2016-03,114
8448955ffffffff-2016-04,198
8448955ffffffff-2016-05,31
8448955ffffffff-2016-06,6
8448955ffffffff-2016-07,21
8448955ffffffff-2016-08,37
8448955ffffffff-2016-09,55
8448955ffffffff-2016-10,52
8448955ffffffff-2016-11,75
8448955ffffffff-2016-12,60
8448955ffffffff-2017-01,31
8448955ffffffff-2017-02,81
8448955ffffffff-2017-03,141
8448955ffffffff-2017-04,321
8448955ffffffff-2017-05,94
8448955ffffffff-2017-06,4
8448955ffffffff-2017-07,16
8448955ffffffff-2017-08,62
8448955ffffffff-2017-09,12
8448955ffffffff-2017-10,6
8448955ffffffff-2017-11,14
8448955ffffffff-2017-12,8
8448955ffffffff-2018-01,21
8448955ffffffff-2018-02,34
8448955ffffffff-2018-03,65
8448955ffffffff-2018-04,306
8448955ffffffff-2018-05,68
8448955ffffffff-2018-06,3
8448955ffffffff-2018-07,6
8448955ffffffff-2018-08,41
8448955ffffffff-2018-09,26
8448955ffffffff-2018-10,14
8448955ffffffff-2018-11,44
8448955ffffffff-2018-12,28
8448955ffffffff-2019-01,28
8448955ffffffff-2019-02,56
8448955ffffffff-2019-03,95
8448955ffffffff-2019-04,342
8448955ffffffff-2019-05,31
8448955ffffffff-2019-06,1
8448955ffffffff-2019-07,21
8448955ffffffff-2019-08,36
8448955ffffffff-2019-09,43
8448955ffffffff-2019-10,63
8448955ffffffff-2019-11,42
8448955ffffffff-2019-12,38
8448955ffffffff-2020-01,59
8448955ffffffff-2020-02,75
8448955ffffffff-2020-03,118
8448955ffffffff-2020-04,90
8448955ffffffff-2020-05,37
8448955ffffffff-2020-07,16
8448955ffffffff-2020-08,25
8448955ffffffff-2020-09,20
8448955ffffffff-2020-10,59
8448955ffffffff-2020-11,39
8448955ffffffff-2020-12,31
8448955ffffffff-2021-01,45
8448955ffffffff-2021-02,46
8448955ffffffff-2021-03,151
8448955ffffffff-2021-04,527
8448955ffffffff-2021-05,51
8448955ffffffff-2021-07,5
8448955ffffffff-2021-08,19
8448955ffffffff-2021-09,45
8448955ffffffff-2021-10,23
8448955ffffffff-2021-11,78
8448955ffffffff-2021-12,52
8448955ffffffff-2022-01,46
8448955ffffffff-2022-02,114
8448955ffffffff-2022-03,168
8448955ffffffff-2022-04,383
8448955ffffffff-2022-05,67
8448955ffffffff-2022-06,9
8448955ffffffff-2022-07,24
8448955ffffffff-2022-08,20
8448955ffffffff-2022-09,89
8448955ffffffff-2022-10,74
8448955ffffffff-2022-11,63
8448955ffffffff-2022-12,78
8448955ffffffff-2023-01,125
8448955ffffffff-2023-02,174
8448955ffffffff-2023-03,268
8448955ffffffff-2023-04,512
8448955ffffffff-2023-05,181
8448955ffffffff-2023-07,30
8448955ffffffff-2023-08,57
8448955ffffffff-2023-09,131
8448955ffffffff-2023-10,156
8448955ffffffff-2023-11,224
8448957ffffffff-2012-01,4
8448957ffffffff-2012-02,2
8448957ffffffff-2012-04,1
8448957ffffffff-2012-05,1
8448957ffffffff-2012-09,2
8448957ffffffff-2013-01,3
8448957ffffffff-2013-02,6
8448957ffffffff-2013-03,3
8448957ffffffff-2013-04,4
8448957ffffffff-2013-05,3
8448957ffffffff-2013-08,1
8448957ffffffff-2013-11,2
8448957ffffffff-2014-01,1
8448957ffffffff-2014-02,2
8448957ffffffff-2014-03,5
8448957ffffffff-2014-05,4
8448957ffffffff-2014-08,2
8448957ffffffff-2014-12,2
8448957ffffffff-2015-02,4
8448957ffffffff-2015-03,6
8448957ffffffff-2015-04,5
8448957ffffffff-2015-05,1
8448957ffffffff-2015-07,4
8448957ffffffff-2015-08,4
8448957ffffffff-2015-09,1
8448957ffffffff-2015-12,2
8448957ffffffff-2016-01,15
8448957ffffffff-2016-02,14
8448957ffffffff-2016-03,12
8448957ffffffff-2016-04,14
8448957ffffffff-2016-05,8
8448957ffffffff-2016-06,3
8448957ffffffff-2016-07,1
8448957ffffffff-2016-08,3
8448957ffffffff-2016-09,3
8448957ffffffff-2016-10,1
8448957ffffffff-2016-11,3
8448957ffffffff-2016-12,12
8448957ffffffff-2017-01,7
8448957ffffffff-2017-02,14
8448957ffffffff-2017-03,29
8448957ffffffff-2017-04,9
8448957ffffffff-2017-05,5
8448957ffffffff-2017-07,10
8448957ffffffff-2017-08,2
8448957ffffffff-2017-10,4
8448957ffffffff-2017-11,4
8448957ffffffff-2017-12,4
8448957ffffffff-2018-01,18
8448957ffffffff-2018-02,14
8448957ffffffff-2018-03,31
8448957ffffffff-2018-04,34
8448957ffffffff-2018-05,7
8448957ffffffff-2018-07,7
8448957ffffffff-2018-08,2
8448957ffffffff-2018-09,5
8448957ffffffff-2018-10,1
8448957ffffffff-2018-12,2
8448957ffffffff-2019-01,10
8448957ffffffff-2019-02,2
8448957ffffffff-2019-03,17
8448957ffffffff-2019-04,17
8448957ffffffff-2019-05,2
8448957ffffffff-2019-06,2
8448957ffffffff-2019-07,2
8448957ffffffff-2019-08,6
8448957ffffffff-2019-09,3
8448957ffffffff-2019-10,4
8448957ffffffff-2019-11,3
8448957ffffffff-2019-12,10
8448957ffffffff-2020-01,1
8448957ffffffff-2020-02,7
8448957ffffffff-2020-03,7
8448957ffffffff-2020-04,3
8448957ffffffff-2020-05,4
8448957ffffffff-2020-08,1
8448957ffffffff-2020-10,1
8448957ffffffff-2020-11,2
8448957ffffffff-2020-12,9
8448957ffffffff-2021-01,3
8448957ffffffff-2021-02,4
8448957ffffffff-2021-03,9
8448957ffffffff-2021-04,16
8448957ffffffff-2021-05,6
8448957ffffffff-2021-09,6
8448957ffffffff-2021-11,1
8448957ffffffff-2021-12,1
8448957ffffffff-2022-01,6
8448957ffffffff-2022-02,13
8448957ffffffff-2022-03,21
8448957ffffffff-2022-04,14
8448957ffffffff-2022-05,5
8448957ffffffff-2022-07,3
8448957ffffffff-2022-08,5
8448957ffffffff-2022-09,2
8448957ffffffff-2022-10,4
8448957ffffffff-2022-11,23
8448957ffffffff-2022-12,14
8448957ffffffff-2023-01,9
8448957ffffffff-2023-02,5
8448957ffffffff-2023-03,8
8448957ffffffff-2023-04,13
8448957ffffffff-2023-05,16
8448957ffffffff-2023-07,1
8448957ffffffff-2023-08,2
8448957ffffffff-2023-09,7
8448957ffffffff-2023-10,11
8448957ffffffff-2023-11,7
8448959ffffffff-2012-01,1
8448959ffffffff-2012-02,2
8448959ffffffff-2012-03,6
8448959ffffffff-2012-04,13
8448959ffffffff-2012-05,8
8448959ffffffff-2012-07,1
8448959ffffffff-2012-08,1
8448959ffffffff-2012-09,1
8448959ffffffff-2012-11,7
8448959ffffffff-2012-12,5
8448959ffffffff-2013-01,2
8448959ffffffff-2013-02,3
8448959ffffffff-2013-03,6
8448959ffffffff-2013-04,13
8448959ffffffff-2013-05,3
8448959ffffffff-2013-07,3
8448959ffffffff-2013-08,2
8448959ffffffff-2013-09,3
8448959ffffffff-2013-10,2
8448959ffffffff-2013-11,1
8448959ffffffff-2013-12,1
8448959ffffffff-2014-02,1
8448959ffffffff-2014-03,1
8448959ffffffff-2014-04,29
8448959ffffffff-2014-05,2
8448959ffffffff-2014-09,4
8448959ffffffff-2015-01,1
8448959ffffffff-2015-03,2
8448959ffffffff-2015-04,16
8448959ffffffff-2015-05,5
8448959ffffffff-2015-08,11
8448959ffffffff-2015-09,4
8448959ffffffff-2015-10,4
8448959ffffffff-2015-11,6
8448959ffffffff-2016-01,5
8448959ffffffff-2016-02,11
8448959ffffffff-2016-03,18
8448959ffffffff-2016-04,4
8448959ffffffff-2016-05,6
8448959ffffffff-2016-07,1
8448959ffffffff-2016-09,6
8448959ffffffff-2016-10,7
8448959ffffffff-2016-11,8
8448959ffffffff-2016-12,3
8448959ffffffff-2017-01,5
8448959ffffffff-2017-02,2
8448959ffffffff-2017-03,1
8448959ffffffff-2017-04,14
8448959ffffffff-2017-07,5
8448959ffffffff-2017-08,1
8448959ffffffff-2017-09,7
8448959ffffffff-2017-11,2
8448959ffffffff-2017-12,3
8448959ffffffff-2018-01,3
8448959ffffffff-2018-02,4
8448959ffffffff-2018-03,2
8448959ffffffff-2018-04,5
8448959ffffffff-2018-05,4
8448959ffffffff-2018-07,1
8448959ffffffff-2018-08,4
8448959ffffffff-2018-09,5
8448959ffffffff-2018-12,4
8448959ffffffff-2019-01,7
8448959ffffffff-2019-02,7
8448959ffffffff-2019-03,4
8448959ffffffff-2019-04,11
8448959ffffffff-2019-05,6
8448959ffffffff-2019-08,2
8448959ffffffff-2019-09,4
8448959ffffffff-2019-10,1
8448959ffffffff-2019-11,3
8448959ffffffff-2020-02,1
8448959ffffffff-2020-03,1
8448959ffffffff-2020-04,1
8448959ffffffff-2020-07,4
8448959ffffffff-2020-08,3
8448959ffffffff-2020-09,1
8448959ffffffff-2020-10,5
8448959ffffffff-2020-12,2
8448959ffffffff-2021-01,1
8448959ffffffff-2021-04,19
8448959ffffffff-2021-05,2
8448959ffffffff-2021-10,3
8448959ffffffff-2021-11,32
8448959ffffffff-2021-12,4
8448959ffffffff-2022-01,9
8448959ffffffff-2022-02,22
8448959ffffffff-2022-03,11
8448959ffffffff-2022-04,27
8448959ffffffff-2022-05,12
8448959ffffffff-2022-06,2
8448959ffffffff-2022-07,4
8448959ffffffff-2022-08,5
8448959ffffffff-2022-09,17
8448959ffffffff-2022-10,3
8448959ffffffff-2022-11,20
8448959ffffffff-2022-12,5
8448959ffffffff-2023-01,10
8448959ffffffff-2023-02,7
8448959ffffffff-2023-03,7
8448959ffffffff-2023-04,35
8448959ffffffff-2023-05,10
8448959ffffffff-2023-08,1
8448959ffffffff-2023-09,2
8448959ffffffff-2023-11,30
844895bffffffff-2013-04,2
844895bffffffff-2014-04,1
844895bffffffff-2014-05,1
844895bffffffff-2014-11,1
844895bffffffff-2017-09,1
844895bffffffff-2018-03,1
844895bffffffff-2018-08,1
844895bffffffff-2018-09,2
844895bffffffff-2019-12,1
844895bffffffff-2020-10,5
844895bffffffff-2020-11,1
844895bffffffff-2021-04,2
844895bffffffff-2022-03,8
844895bffffffff-2022-11,1
844895bffffffff-2023-04,3
844895bffffffff-2023-05,2
844895bffffffff-2023-09,1
844895bffffffff-2023-10,3
844895dffffffff-2012-09,2
844895dffffffff-2013-01,1
844895dffffffff-2013-02,1
844895dffffffff-2013-11,3
844895dffffffff-2013-12,4
844895dffffffff-2014-01,2
844895dffffffff-2014-02,1
844895dffffffff-2014-03,4
844895dffffffff-2014-04,2
844895dffffffff-2014-09,1
844895dffffffff-2014-11,4
844895dffffffff-2014-12,1
844895dffffffff-2015-01,5
844895dffffffff-2015-02,9
844895dffffffff-2015-03,5
844895dffffffff-2015-04,3
844895dffffffff-2015-05,1
844895dffffffff-2015-06,1
844895dffffffff-2015-07,2
844895dffffffff-2015-10,2
844895dffffffff-2015-11,3
844895dffffffff-2015-12,5
844895dffffffff-2016-01,6
844895dffffffff-2016-02,5
844895dffffffff-2016-03,2
844895dffffffff-2016-04,2
844895dffffffff-2016-10,1
844895dffffffff-2016-11,5
844895dffffffff-2016-12,1
844895dffffffff-2017-01,2
844895dffffffff-2017-03,6
844895dffffffff-2017-04,8
844895dffffffff-2017-05,2
844895dffffffff-2017-09,1
844895dffffffff-2017-10,2
844895dffffffff-2017-11,1
844895dffffffff-2017-12,4
844895dffffffff-2018-01,5
844895dffffffff-2018-02,9
844895dffffffff-2018-03,4
844895dffffffff-2018-04,2
844895dffffffff-2018-11,4
844895dffffffff-2018-12,3
844895dffffffff-2019-01,9
844895dffffffff-2019-02,7
844895dffffffff-2019-03,13
844895dffffffff-2019-04,23
844895dffffffff-2019-05,4
844895dffffffff-2019-06,1
844895dffffffff-2019-09,2
844895dffffffff-2019-11,10
844895dffffffff-2019-12,6
844895dffffffff-2020-01,6
844895dffffffff-2020-02,14
844895dffffffff-2020-04,4
844895dffffffff-2020-09,1
844895dffffffff-2020-10,2
844895dffffffff-2021-02,2
844895dffffffff-2021-04,7
844895dffffffff-2021-05,2
844895dffffffff-2021-06,1
844895dffffffff-2021-10,5
844895dffffffff-2021-11,1
844895dffffffff-2021-12,7
844895dffffffff-2022-01,7
844895dffffffff-2022-02,4
844895dffffffff-2022-04,2
844895dffffffff-2022-09,1
844895dffffffff-2022-11,2
844895dffffffff-2022-12,4
844895dffffffff-2023-01,9
844895dffffffff-2023-02,5
844895dffffffff-2023-03,3
844895dffffffff-2023-04,20
844895dffffffff-2023-05,10
844895dffffffff-2023-08,1
844895dffffffff-2023-10,2
844895dffffffff-2023-11,2
8448981ffffffff-2012-04,2
8448981ffffffff-2012-07,3
8448981ffffffff-2012-08,3
8448981ffffffff-2012-09,2
8448981ffffffff-2013-04,1
8448981ffffffff-2013-08,1
8448981ffffffff-2014-03,2
8448981ffffffff-2014-04,2
8448981ffffffff-2014-11,1
8448981ffffffff-2016-09,1
8448981ffffffff-2017-03,1
8448981ffffffff-2017-09,1
8448981ffffffff-2017-11,3
8448981ffffffff-2018-02,2
8448981ffffffff-2018-04,9
8448981ffffffff-2020-10,4
8448981ffffffff-2020-11,2
8448981ffffffff-2021-04,16
8448981ffffffff-2021-09,1
8448981ffffffff-2022-03,4
8448981ffffffff-2022-04,8
8448981ffffffff-2023-03,2
8448981ffffffff-2023-08,1
8448981ffffffff-2023-09,10
8448981ffffffff-2023-10,11
8448983ffffffff-2014-08,1
8448983ffffffff-2015-12,1
8448983ffffffff-2016-05,1
8448983ffffffff-2017-02,3
8448983ffffffff-2018-04,1
8448983ffffffff-2018-09,3
8448983ffffffff-2019-11,12
8448983ffffffff-2019-12,1
8448983ffffffff-2021-11,1
8448983ffffffff-2022-04,2
8448983ffffffff-2022-05,2
8448983ffffffff-2022-08,1
8448983ffffffff-2022-09,2
8448985ffffffff-2012-02,2
8448985ffffffff-2012-08,3
8448985ffffffff-2012-09,4
8448985ffffffff-2012-11,3
8448985ffffffff-2013-03,2
8448985ffffffff-2013-04,6
8448985ffffffff-2013-05,11
8448985ffffffff-2013-07,4
8448985ffffffff-2013-08,4
8448985ffffffff-2013-09,3
8448985ffffffff-2013-10,9
8448985ffffffff-2013-11,3
8448985ffffffff-2014-04,4
8448985ffffffff-2014-05,2
8448985ffffffff-2014-08,3
8448985ffffffff-2014-09,10
8448985ffffffff-2014-10,4
8448985ffffffff-2014-11,2
8448985ffffffff-2014-12,1
8448985ffffffff-2015-04,1
8448985ffffffff-2015-05,1
8448985ffffffff-2015-09,2
8448985ffffffff-2016-03,1
8448985ffffffff-2016-04,5
8448985ffffffff-2016-11,2
8448985ffffffff-2017-03,1
8448985ffffffff-2017-05,2
8448985ffffffff-2017-12,1
8448985ffffffff-2018-02,2
8448985ffffffff-2018-03,4
8448985ffffffff-2018-04,28
8448985ffffffff-2018-05,23
8448985ffffffff-2018-07,3
8448985ffffffff-2018-08,5
8448985ffffffff-2018-09,11
8448985ffffffff-2018-10,1
8448985ffffffff-2019-03,1
8448985ffffffff-2019-04,2
8448985ffffffff-2019-05,3
8448985ffffffff-2019-06,1
8448985ffffffff-2019-09,2
8448985ffffffff-2020-03,8
8448985ffffffff-2020-04,8
8448985ffffffff-2020-05,5
8448985ffffffff-2020-07,1
8448985ffffffff-2020-08,2
8448985ffffffff-2020-09,19
8448985ffffffff-2020-10,8
8448985ffffffff-2021-03,1
8448985ffffffff-2021-04,59
8448985ffffffff-2021-05,14
8448985ffffffff-2021-08,1
8448985ffffffff-2021-09,8
8448985ffffffff-2022-03,1
8448985ffffffff-2022-04,17
8448985ffffffff-2022-05,8
8448985ffffffff-2022-07,2
8448985ffffffff-2022-08,11
8448985ffffffff-2022-09,20
8448985ffffffff-2022-11,4
8448985ffffffff-2023-03,10
8448985ffffffff-2023-04,18
8448985ffffffff-2023-05,1
8448985ffffffff-2023-07,1
8448985ffffffff-2023-08,5
8448985ffffffff-2023-09,2
8448985ffffffff-2023-10,2
8448987ffffffff-2012-09,1
8448987ffffffff-2014-05,1
8448987ffffffff-2017-11,1
8448987ffffffff-2019-11,1
8448989ffffffff-2023-04,5
844898bffffffff-2017-10,1
844898bffffffff-2021-05,1
844898dffffffff-2013-04,2
844898dffffffff-2013-09,4
844898dffffffff-2014-09,1
844898dffffffff-2016-02,3
844898dffffffff-2016-04,1
844898dffffffff-2016-11,1
844898dffffffff-2017-01,3
844898dffffffff-2017-03,7
844898dffffffff-2017-04,2
844898dffffffff-2017-05,1
844898dffffffff-2017-08,3
844898dffffffff-2017-11,1
844898dffffffff-2018-03,3
844898dffffffff-2018-04,4
844898dffffffff-2018-05,4
844898dffffffff-2018-09,1
844898dffffffff-2019-03,1
844898dffffffff-2019-04,1
844898dffffffff-2019-10,1
844898dffffffff-2019-11,1
844898dffffffff-2020-08,1
844898dffffffff-2020-09,1
844898dffffffff-2020-11,2
844898dffffffff-2021-04,11
844898dffffffff-2021-09,1
844898dffffffff-2022-03,2
844898dffffffff-2022-04,5
844898dffffffff-2022-05,2
844898dffffffff-2022-08,11
844898dffffffff-2022-09,3
844898dffffffff-2022-10,1
844898dffffffff-2023-04,9
844898dffffffff-2023-05,6
844898dffffffff-2023-08,24
844898dffffffff-2023-09,4
844898dffffffff-2023-10,3
8448991ffffffff-2023-11,2
8448993ffffffff-2013-10,1
8448993ffffffff-2016-04,1
8448993ffffffff-2017-08,1
8448993ffffffff-2019-04,1
8448993ffffffff-2020-03,1
8448993ffffffff-2021-04,3
8448993ffffffff-2021-09,1
8448993ffffffff-2023-05,3
8448995ffffffff-2013-01,2
8448995ffffffff-2020-09,1
8448997ffffffff-2018-04,2
8448997ffffffff-2023-03,2
8448999ffffffff-2013-05,2
8448999ffffffff-2016-05,1
8448999ffffffff-2020-04,1
844899bffffffff-2015-02,1
844899bffffffff-2018-04,2
844899bffffffff-2019-03,2
844899bffffffff-2019-04,4
844899bffffffff-2021-05,1
844899dffffffff-2012-08,1
844899dffffffff-2012-09,1
844899dffffffff-2013-01,2
844899dffffffff-2013-05,1
844899dffffffff-2014-04,1
844899dffffffff-2015-01,4
844899dffffffff-2015-12,1
844899dffffffff-2016-08,1
844899dffffffff-2020-11,2
844899dffffffff-2022-04,1
84489a1ffffffff-2013-09,1
84489a1ffffffff-2014-02,2
84489a1ffffffff-2014-04,2
84489a1ffffffff-2014-09,2
84489a1ffffffff-2014-11,2
84489a1ffffffff-2017-09,2
84489a1ffffffff-2018-01,1
84489a1ffffffff-2018-02,1
84489a1ffffffff-2018-04,3
84489a1ffffffff-2018-09,2
84489a1ffffffff-2019-03,1
84489a1ffffffff-2019-08,1
84489a1ffffffff-2019-09,2
84489a1ffffffff-2019-10,1
84489a1ffffffff-2020-01,1
84489a1ffffffff-2020-04,2
84489a1ffffffff-2020-08,4
84489a1ffffffff-2020-09,2
84489a1ffffffff-2021-01,1
84489a1ffffffff-2021-03,2
84489a1ffffffff-2021-04,2
84489a1ffffffff-2021-10,1
84489a1ffffffff-2022-01,1
84489a1ffffffff-2022-03,2
84489a1ffffffff-2022-04,3
84489a1ffffffff-2022-07,1
84489a1ffffffff-2022-08,1
84489a1ffffffff-2022-09,1
84489a1ffffffff-2022-12,1
84489a1ffffffff-2023-04,6
84489a1ffffffff-2023-08,5
84489a1ffffffff-2023-09,1
84489a1ffffffff-2023-10,3
84489a3ffffffff-2015-02,1
84489a3ffffffff-2015-12,1
84489a3ffffffff-2016-05,4
84489a3ffffffff-2016-08,1
84489a3ffffffff-2017-02,4
84489a3ffffffff-2017-04,1
84489a3ffffffff-2018-01,2
84489a3ffffffff-2018-04,1
84489a3ffffffff-2018-08,1
84489a3ffffffff-2018-11,1
84489a3ffffffff-2019-03,1
84489a3ffffffff-2019-11,1
84489a3ffffffff-2021-04,21
84489a3ffffffff-2021-05,6
84489a3ffffffff-2022-01,1
84489a3ffffffff-2022-03,3
84489a3ffffffff-2022-04,9
84489a3ffffffff-2022-05,15
84489a3ffffffff-2022-08,7
84489a3ffffffff-2022-09,2
84489a3ffffffff-2022-10,1
84489a3ffffffff-2022-11,1
84489a3ffffffff-2022-12,1
84489a3ffffffff-2023-01,6
84489a3ffffffff-2023-03,1
84489a3ffffffff-2023-04,6
84489a3ffffffff-2023-05,2
84489a3ffffffff-2023-08,1
84489a3ffffffff-2023-09,1
84489a3ffffffff-2023-10,1
84489a3ffffffff-2023-11,3
84489a5ffffffff-2014-02,4
84489a5ffffffff-2014-04,1
84489a5ffffffff-2014-10,1
84489a5ffffffff-2014-12,2
84489a5ffffffff-2015-04,1
84489a5ffffffff-2015-07,1
84489a5ffffffff-2015-08,1
84489a5ffffffff-2015-10,2
84489a5ffffffff-2015-11,3
84489a5ffffffff-2015-12,1
84489a5ffffffff-2016-02,2
84489a5ffffffff-2016-04,4
84489a5ffffffff-2016-05,1
84489a5ffffffff-2016-10,5
84489a5ffffffff-2021-05,6
84489a7ffffffff-2012-05,1
84489a7ffffffff-2012-10,1
84489a7ffffffff-2012-12,1
84489a7ffffffff-2013-04,1
84489a7ffffffff-2017-12,3
84489a7ffffffff-2018-04,4
84489a7ffffffff-2018-09,1
84489a7ffffffff-2019-04,1
84489a7ffffffff-2019-05,1
84489a7ffffffff-2019-10,6
84489a7ffffffff-2019-11,4
84489a7ffffffff-2020-01,2
84489a7ffffffff-2020-03,4
84489a7ffffffff-2020-04,9
84489a7ffffffff-2020-09,2
84489a7ffffffff-2021-01,1
84489a7ffffffff-2021-02,4
84489a7ffffffff-2021-03,2
84489a7ffffffff-2021-04,17
84489a7ffffffff-2021-09,2
84489a7ffffffff-2021-10,2
84489a7ffffffff-2022-01,2
84489a7ffffffff-2022-02,2
84489a7ffffffff-2022-03,3
84489a7ffffffff-2022-04,12
84489a7ffffffff-2022-08,2
84489a7ffffffff-2022-10,2
84489a7ffffffff-2022-11,1
84489a7ffffffff-2023-01,2
84489a7ffffffff-2023-03,1
84489a7ffffffff-2023-04,7
84489a7ffffffff-2023-05,1
84489a7ffffffff-2023-09,1
84489a9ffffffff-2012-03,1
84489a9ffffffff-2012-04,1
84489a9ffffffff-2012-08,3
84489a9ffffffff-2012-09,1
84489a9ffffffff-2012-11,1
84489a9ffffffff-2013-02,2
84489a9ffffffff-2013-03,1
84489a9ffffffff-2013-04,2
84489a9ffffffff-2013-05,1
84489a9ffffffff-2013-07,1
84489a9ffffffff-2013-08,1
84489a9ffffffff-2013-09,5
84489a9ffffffff-2013-11,4
84489a9ffffffff-2014-01,1
84489a9ffffffff-2014-04,1
84489a9ffffffff-2014-05,6
84489a9ffffffff-2014-09,1
84489a9ffffffff-2015-04,1
84489a9ffffffff-2015-10,1
84489a9ffffffff-2015-11,1
84489a9ffffffff-2015-12,1
84489a9ffffffff-2016-01,2
84489a9ffffffff-2016-03,2
84489a9ffffffff-2016-04,5
84489a9ffffffff-2016-05,2
84489a9ffffffff-2017-01,1
84489a9ffffffff-2017-08,1
84489a9ffffffff-2017-09,1
84489a9ffffffff-2017-12,1
84489a9ffffffff-2018-03,3
84489a9ffffffff-2018-04,7
84489a9ffffffff-2018-05,2
84489a9ffffffff-2018-08,1
84489a9ffffffff-2018-10,3
84489a9ffffffff-2019-03,1
84489a9ffffffff-2019-04,2
84489a9ffffffff-2019-05,2
84489a9ffffffff-2019-09,2
84489a9ffffffff-2019-10,4
84489a9ffffffff-2019-11,1
84489a9ffffffff-2020-02,1
84489a9ffffffff-2020-03,1
84489a9ffffffff-2020-04,8
84489a9ffffffff-2020-05,1
84489a9ffffffff-2020-07,3
84489a9ffffffff-2020-08,30
84489a9ffffffff-2020-09,34
84489a9ffffffff-2020-10,14
84489a9ffffffff-2021-01,1
84489a9ffffffff-2021-04,4
84489a9ffffffff-2022-03,1
84489a9ffffffff-2022-04,3
84489a9ffffffff-2022-07,5
84489a9ffffffff-2022-08,26
84489a9ffffffff-2022-09,10
84489a9ffffffff-2022-10,2
84489a9ffffffff-2023-04,7
84489a9ffffffff-2023-05,4
84489a9ffffffff-2023-07,1
84489a9ffffffff-2023-08,15
84489a9ffffffff-2023-09,21
84489a9ffffffff-2023-10,3
84489abffffffff-2012-03,1
84489abffffffff-2012-04,1
84489abffffffff-2012-05,1
84489abffffffff-2012-09,1
84489abffffffff-2012-10,1
84489abffffffff-2013-02,3
84489abffffffff-2013-03,3
84489abffffffff-2013-04,9
84489abffffffff-2013-05,12
84489abffffffff-2013-07,1
84489abffffffff-2013-08,2
84489abffffffff-2014-03,2
84489abffffffff-2014-04,4
84489abffffffff-2014-05,4
84489abffffffff-2014-08,2
84489abffffffff-2014-09,7
84489abffffffff-2015-03,1
84489abffffffff-2015-07,2
84489abffffffff-2015-08,1
84489abffffffff-2015-12,4
84489abffffffff-2016-02,5
84489abffffffff-2016-03,15
84489abffffffff-2016-04,26
84489abffffffff-2016-05,18
84489abffffffff-2016-07,2
84489abffffffff-2016-08,2
84489abffffffff-2016-09,2
84489abffffffff-2016-10,7
84489abffffffff-2016-12,1
84489abffffffff-2017-01,2
84489abffffffff-2017-03,3
84489abffffffff-2017-04,14
84489abffffffff-2017-05,5
84489abffffffff-2017-07,3
84489abffffffff-2017-08,1
84489abffffffff-2017-09,1
84489abffffffff-2017-10,1
84489abffffffff-2018-02,2
84489abffffffff-2018-03,7
84489abffffffff-2018-04,10
84489abffffffff-2018-05,7
84489abffffffff-2018-09,4
84489abffffffff-2019-01,1
84489abffffffff-2019-02,2
84489abffffffff-2019-03,11
84489abffffffff-2019-04,13
84489abffffffff-2019-05,18
84489abffffffff-2019-08,4
84489abffffffff-2019-09,15
84489abffffffff-2019-10,10
84489abffffffff-2019-11,3
84489abffffffff-2019-12,4
84489abffffffff-2020-01,5
84489abffffffff-2020-02,2
84489abffffffff-2020-03,10
84489abffffffff-2020-04,27
84489abffffffff-2020-05,5
84489abffffffff-2020-06,1
84489abffffffff-2020-07,2
84489abffffffff-2020-08,28
84489abffffffff-2020-09,3
84489abffffffff-2020-10,4
84489abffffffff-2020-11,2
84489abffffffff-2020-12,1
84489abffffffff-2021-02,1
84489abffffffff-2021-03,6
84489abffffffff-2021-04,18
84489abffffffff-2021-05,4
84489abffffffff-2021-08,2
84489abffffffff-2021-10,2
84489abffffffff-2021-12,5
84489abffffffff-2022-03,16
84489abffffffff-2022-04,60
84489abffffffff-2022-05,26
84489abffffffff-2022-07,3
84489abffffffff-2022-08,7
84489abffffffff-2022-09,5
84489abffffffff-2022-10,6
84489abffffffff-2022-11,2
84489abffffffff-2023-01,1
84489abffffffff-2023-02,5
84489abffffffff-2023-03,12
84489abffffffff-2023-04,65
84489abffffffff-2023-05,19
84489abffffffff-2023-08,16
84489abffffffff-2023-09,15
84489abffffffff-2023-10,5
84489adffffffff-2014-04,1
84489adffffffff-2016-07,1
84489adffffffff-2018-04,1
84489adffffffff-2018-07,1
84489adffffffff-2019-12,4
84489adffffffff-2023-05,2
84489b1ffffffff-2012-04,1
84489b1ffffffff-2020-09,3
84489b1ffffffff-2021-05,1
84489b1ffffffff-2023-05,1
84489b1ffffffff-2023-11,1
84489b3ffffffff-2013-04,1
84489b3ffffffff-2014-03,1
84489b3ffffffff-2016-05,1
84489b3ffffffff-2017-04,1
84489b3ffffffff-2017-05,1
84489b3ffffffff-2018-04,5
84489b3ffffffff-2018-05,1
84489b3ffffffff-2019-05,1
84489b3ffffffff-2020-09,3
84489b3ffffffff-2020-10,1
84489b3ffffffff-2021-04,2
84489b3ffffffff-2023-04,2
84489b3ffffffff-2023-05,1
84489b5ffffffff-2012-11,1
84489b5ffffffff-2015-05,1
84489b5ffffffff-2017-04,1
84489b5ffffffff-2018-03,3
84489b5ffffffff-2018-10,2
84489b5ffffffff-2019-03,1
84489b5ffffffff-2021-05,1
84489b5ffffffff-2022-04,3
84489b5ffffffff-2023-03,2
84489b5ffffffff-2023-04,2
84489b7ffffffff-2012-05,2
84489b7ffffffff-2013-03,1
84489b7ffffffff-2015-05,1
84489b7ffffffff-2018-05,1
84489b7ffffffff-2019-05,2
84489b7ffffffff-2021-04,1
84489b7ffffffff-2023-04,1
84489b9ffffffff-2013-04,2
84489b9ffffffff-2013-05,1
84489b9ffffffff-2014-05,3
84489b9ffffffff-2016-05,1
84489b9ffffffff-2017-04,1
84489b9ffffffff-2019-04,3
84489b9ffffffff-2022-08,1
84489bbffffffff-2013-04,1
84489bbffffffff-2018-04,7
84489bdffffffff-2018-03,1
84489bdffffffff-2019-04,1
84489bdffffffff-2020-04,3
84489bdffffffff-2020-10,5
84489bdffffffff-2022-04,1
84489bdffffffff-2023-03,1
84489bdffffffff-2023-05,1
84489c1ffffffff-2012-01,43
84489c1ffffffff-2012-02,1
84489c1ffffffff-2012-03,2
84489c1ffffffff-2012-04,20
84489c1ffffffff-2012-05,7
84489c1ffffffff-2012-07,15
84489c1ffffffff-2012-08,17
84489c1ffffffff-2012-09,20
84489c1ffffffff-2012-10,15
84489c1ffffffff-2012-11,60
84489c1ffffffff-2012-12,33
84489c1ffffffff-2013-01,33
84489c1ffffffff-2013-02,20
84489c1ffffffff-2013-03,29
84489c1ffffffff-2013-04,48
84489c1ffffffff-2013-05,26
84489c1ffffffff-2013-07,27
84489c1ffffffff-2013-08,51
84489c1ffffffff-2013-09,32
84489c1ffffffff-2013-10,25
84489c1ffffffff-2013-11,23
84489c1ffffffff-2013-12,49
84489c1ffffffff-2014-01,18
84489c1ffffffff-2014-02,11
84489c1ffffffff-2014-03,36
84489c1ffffffff-2014-04,60
84489c1ffffffff-2014-05,36
84489c1ffffffff-2014-06,2
84489c1ffffffff-2014-07,34
84489c1ffffffff-2014-08,42
84489c1ffffffff-2014-09,26
84489c1ffffffff-2014-10,18
84489c1ffffffff-2014-11,7
84489c1ffffffff-2014-12,10
84489c1ffffffff-2015-01,16
84489c1ffffffff-2015-02,17
84489c1ffffffff-2015-03,8
84489c1ffffffff-2015-04,4
84489c1ffffffff-2015-09,20
84489c1ffffffff-2015-10,35
84489c1ffffffff-2015-11,15
84489c1ffffffff-2015-12,10
84489c1ffffffff-2016-01,10
84489c1ffffffff-2016-02,3
84489c1ffffffff-2016-03,33
84489c1ffffffff-2016-04,23
84489c1ffffffff-2016-05,21
84489c1ffffffff-2016-07,2
84489c1ffffffff-2016-09,1
84489c1ffffffff-2016-10,8
84489c1ffffffff-2016-11,2
84489c1ffffffff-2016-12,2
84489c1ffffffff-2017-01,1
84489c1ffffffff-2017-02,2
84489c1ffffffff-2017-04,3
84489c1ffffffff-2017-05,3
84489c1ffffffff-2017-07,46
84489c1ffffffff-2017-08,69
84489c1ffffffff-2017-09,81
84489c1ffffffff-2017-10,38
84489c1ffffffff-2017-11,42
84489c1ffffffff-2017-12,21
84489c1ffffffff-2018-01,47
84489c1ffffffff-2018-02,44
84489c1ffffffff-2018-03,65
84489c1ffffffff-2018-04,118
84489c1ffffffff-2018-05,55
84489c1ffffffff-2018-07,52
84489c1ffffffff-2018-08,45
84489c1ffffffff-2018-09,6
84489c1ffffffff-2018-10,34
84489c1ffffffff-2018-11,8
84489c1ffffffff-2018-12,12
84489c1ffffffff-2019-01,2
84489c1ffffffff-2019-02,4
84489c1ffffffff-2019-03,48
84489c1ffffffff-2019-04,32
84489c1ffffffff-2019-05,25
84489c1ffffffff-2019-07,3
84489c1ffffffff-2019-08,25
84489c1ffffffff-2019-09,69
84489c1ffffffff-2019-10,54
84489c1ffffffff-2019-11,29
84489c1ffffffff-2019-12,16
84489c1ffffffff-2020-01,28
84489c1ffffffff-2020-02,8
84489c1ffffffff-2020-03,31
84489c1ffffffff-2020-04,4
84489c1ffffffff-2020-07,1
84489c1ffffffff-2020-09,10
84489c1ffffffff-2020-10,6
84489c1ffffffff-2021-01,9
84489c1ffffffff-2021-02,4
84489c1ffffffff-2021-03,27
84489c1ffffffff-2021-04,46
84489c1ffffffff-2021-05,32
84489c1ffffffff-2021-07,1
84489c1ffffffff-2021-08,12
84489c1ffffffff-2021-09,11
84489c1ffffffff-2021-10,14
84489c1ffffffff-2021-11,11
84489c1ffffffff-2021-12,12
84489c1ffffffff-2022-01,20
84489c1ffffffff-2022-02,16
84489c1ffffffff-2022-03,83
84489c1ffffffff-2022-04,148
84489c1ffffffff-2022-05,50
84489c1ffffffff-2022-07,18
84489c1ffffffff-2022-08,80
84489c1ffffffff-2022-09,47
84489c1ffffffff-2022-10,24
84489c1ffffffff-2022-11,6
84489c1ffffffff-2022-12,3
84489c1ffffffff-2023-01,41
84489c1ffffffff-2023-02,25
84489c1ffffffff-2023-03,13
84489c1ffffffff-2023-04,64
84489c1ffffffff-2023-05,36
84489c1ffffffff-2023-06,2
84489c1ffffffff-2023-07,10
84489c1ffffffff-2023-08,75
84489c1ffffffff-2023-09,32
84489c1ffffffff-2023-10,3
84489c1ffffffff-2023-11,13
84489c3ffffffff-2012-03,1
84489c3ffffffff-2013-03,1
84489c3ffffffff-2013-05,3
84489c3ffffffff-2014-04,1
84489c3ffffffff-2015-04,1
84489c3ffffffff-2017-05,1
84489c3ffffffff-2018-08,1
84489c3ffffffff-2019-04,4
84489c3ffffffff-2020-09,3
84489c3ffffffff-2021-04,3
84489c3ffffffff-2021-05,1
84489c3ffffffff-2021-09,14
84489c3ffffffff-2021-11,4
84489c3ffffffff-2021-12,1
84489c3ffffffff-2022-03,5
84489c3ffffffff-2022-05,1
84489c3ffffffff-2022-07,2
84489c3ffffffff-2022-08,2
84489c3ffffffff-2022-09,4
84489c3ffffffff-2022-11,2
84489c3ffffffff-2023-04,15
84489c3ffffffff-2023-05,13
84489c3ffffffff-2023-08,12
84489c3ffffffff-2023-09,8
84489c5ffffffff-2012-04,1
84489c5ffffffff-2013-10,2
84489c5ffffffff-2014-04,4
84489c5ffffffff-2015-11,3
84489c5ffffffff-2016-05,3
84489c5ffffffff-2016-06,1
84489c5ffffffff-2016-09,4
84489c5ffffffff-2016-12,4
84489c5ffffffff-2017-04,1
84489c5ffffffff-2018-04,1
84489c5ffffffff-2018-05,1
84489c5ffffffff-2020-05,1
84489c5ffffffff-2020-09,1
84489c5ffffffff-2021-01,13
84489c5ffffffff-2021-04,2
84489c5ffffffff-2022-05,1
84489c5ffffffff-2022-12,1
84489c5ffffffff-2023-02,1
84489c5ffffffff-2023-07,1
84489c7ffffffff-2013-03,1
84489c7ffffffff-2013-04,1
84489c7ffffffff-2013-09,1
84489c7ffffffff-2013-10,1
84489c7ffffffff-2014-05,1
84489c7ffffffff-2016-04,1
84489c7ffffffff-2018-01,1
84489c7ffffffff-2018-05,6
84489c7ffffffff-2019-05,1
84489c7ffffffff-2019-11,1
84489c7ffffffff-2020-03,1
84489c7ffffffff-2021-01,1
84489c7ffffffff-2021-03,2
84489c7ffffffff-2021-04,5
84489c7ffffffff-2021-05,1
84489c7ffffffff-2021-08,1
84489c7ffffffff-2022-04,2
84489c7ffffffff-2022-11,9
84489c7ffffffff-2022-12,3
84489c7ffffffff-2023-01,6
84489c7ffffffff-2023-02,2
84489c7ffffffff-2023-03,1
84489c7ffffffff-2023-04,8
84489c7ffffffff-2023-05,4
84489c7ffffffff-2023-08,6
84489c7ffffffff-2023-09,5
84489c7ffffffff-2023-10,2
84489c7ffffffff-2023-11,2
84489c9ffffffff-2012-01,6
84489c9ffffffff-2012-02,4
84489c9ffffffff-2012-03,3
84489c9ffffffff-2012-05,5
84489c9ffffffff-2012-08,1
84489c9ffffffff-2012-09,2
84489c9ffffffff-2012-10,1
84489c9ffffffff-2012-11,6
84489c9ffffffff-2013-02,3
84489c9ffffffff-2013-04,1
84489c9ffffffff-2013-10,2
84489c9ffffffff-2013-11,1
84489c9ffffffff-2013-12,6
84489c9ffffffff-2014-01,3
84489c9ffffffff-2014-11,1
84489c9ffffffff-2014-12,7
84489c9ffffffff-2015-01,6
84489c9ffffffff-2015-02,6
84489c9ffffffff-2015-03,9
84489c9ffffffff-2015-04,6
84489c9ffffffff-2015-05,1
84489c9ffffffff-2015-07,2
84489c9ffffffff-2015-09,1
84489c9ffffffff-2015-10,2
84489c9ffffffff-2015-11,1
84489c9ffffffff-2015-12,1
84489c9ffffffff-2016-01,1
84489c9ffffffff-2016-02,1
84489c9ffffffff-2016-03,3
84489c9ffffffff-2016-04,5
84489c9ffffffff-2016-05,10
84489c9ffffffff-2016-08,1
84489c9ffffffff-2016-10,5
84489c9ffffffff-2016-11,3
84489c9ffffffff-2016-12,5
84489c9ffffffff-2017-01,2
84489c9ffffffff-2017-03,8
84489c9ffffffff-2017-04,6
84489c9ffffffff-2017-10,6
84489c9ffffffff-2017-11,1
84489c9ffffffff-2017-12,2
84489c9ffffffff-2018-01,1
84489c9ffffffff-2018-02,2
84489c9ffffffff-2018-04,12
84489c9ffffffff-2018-05,1
84489c9ffffffff-2018-11,1
84489c9ffffffff-2018-12,1
84489c9ffffffff-2019-01,1
84489c9ffffffff-2019-02,3
84489c9ffffffff-2019-03,4
84489c9ffffffff-2019-12,7
84489c9ffffffff-2020-01,2
84489c9ffffffff-2020-04,4
84489c9ffffffff-2020-11,1
84489c9ffffffff-2020-12,1
84489c9ffffffff-2021-03,2
84489c9ffffffff-2021-04,1
84489c9ffffffff-2021-05,6
84489c9ffffffff-2021-09,1
84489c9ffffffff-2021-10,14
84489c9ffffffff-2021-11,1
84489c9ffffffff-2021-12,6
84489c9ffffffff-2022-01,10
84489c9ffffffff-2022-02,1
84489c9ffffffff-2022-03,3
84489c9ffffffff-2022-10,6
84489c9ffffffff-2023-01,1
84489c9ffffffff-2023-02,1
84489c9ffffffff-2023-04,3
84489c9ffffffff-2023-05,2
84489cbffffffff-2015-01,1
84489cbffffffff-2016-12,2
84489cbffffffff-2017-04,1
84489cbffffffff-2018-01,1
84489cbffffffff-2021-04,2
84489cdffffffff-2012-02,1
84489cdffffffff-2012-03,3
84489cdffffffff-2012-05,3
84489cdffffffff-2012-08,1
84489cdffffffff-2012-09,1
84489cdffffffff-2013-04,1
84489cdffffffff-2013-12,2
84489cdffffffff-2014-01,1
84489cdffffffff-2014-03,1
84489cdffffffff-2014-07,1
84489cdffffffff-2014-11,1
84489cdffffffff-2015-04,2
84489cdffffffff-2015-05,1
84489cdffffffff-2015-07,1
84489cdffffffff-2015-08,2
84489cdffffffff-2015-12,3
84489cdffffffff-2016-01,1
84489cdffffffff-2016-03,1
84489cdffffffff-2016-09,1
84489cdffffffff-2017-01,1
84489cdffffffff-2017-04,1
84489cdffffffff-2017-07,10
84489cdffffffff-2017-08,17
84489cdffffffff-2017-09,14
84489cdffffffff-2017-10,3
84489cdffffffff-2017-11,2
84489cdffffffff-2018-01,1
84489cdffffffff-2018-04,8
84489cdffffffff-2018-07,1
84489cdffffffff-2019-02,1
84489cdffffffff-2020-03,2
84489cdffffffff-2020-04,6
84489cdffffffff-2020-08,1
84489cdffffffff-2020-09,1
84489cdffffffff-2021-02,1
84489cdffffffff-2021-09,1
84489cdffffffff-2021-10,2
84489cdffffffff-2021-11,2
84489cdffffffff-2022-02,4
84489cdffffffff-2022-03,1
84489cdffffffff-2022-04,4
84489cdffffffff-2022-07,3
84489cdffffffff-2022-08,3
84489cdffffffff-2022-11,2
84489cdffffffff-2022-12,3
84489cdffffffff-2023-05,5
84489cdffffffff-2023-09,1
84489cdffffffff-2023-10,1
84489cdffffffff-2023-11,2
84489d1ffffffff-2016-04,2
84489d1ffffffff-2016-05,3
84489d1ffffffff-2016-07,1
84489d1ffffffff-2017-04,1
84489d1ffffffff-2017-05,1
84489d1ffffffff-2018-04,8
84489d1ffffffff-2018-05,1
84489d1ffffffff-2018-09,1
84489d1ffffffff-2020-05,1
84489d1ffffffff-2021-04,2
84489d1ffffffff-2022-08,4
84489d3ffffffff-2012-04,1
84489d3ffffffff-2012-05,5
84489d3ffffffff-2013-05,4
84489d3ffffffff-2013-09,6
84489d3ffffffff-2014-04,10
84489d3ffffffff-2014-05,4
84489d3ffffffff-2014-08,1
84489d3ffffffff-2015-04,2
84489d3ffffffff-2015-05,3
84489d3ffffffff-2016-03,2
84489d3ffffffff-2016-04,19
84489d3ffffffff-2016-05,17
84489d3ffffffff-2016-08,1
84489d3ffffffff-2016-09,2
84489d3ffffffff-2017-05,2
84489d3ffffffff-2017-07,1
84489d3ffffffff-2017-08,1
84489d3ffffffff-2018-03,1
84489d3ffffffff-2018-04,10
84489d3ffffffff-2018-05,13
84489d3ffffffff-2018-09,1
84489d3ffffffff-2019-03,1
84489d3ffffffff-2019-04,5
84489d3ffffffff-2019-05,9
84489d3ffffffff-2019-09,1
84489d3ffffffff-2020-03,1
84489d3ffffffff-2020-05,2
84489d3ffffffff-2020-07,1
84489d3ffffffff-2020-09,4
84489d3ffffffff-2021-04,21
84489d3ffffffff-2021-05,3
84489d3ffffffff-2021-09,1
84489d3ffffffff-2022-04,16
84489d3ffffffff-2022-08,1
84489d3ffffffff-2023-04,19
84489d3ffffffff-2023-05,4
84489d3ffffffff-2023-08,1
84489d3ffffffff-2023-09,1
84489d5ffffffff-2018-04,2
84489d5ffffffff-2019-04,1
84489d5ffffffff-2023-04,1
84489d7ffffffff-2022-04,1
84489d9ffffffff-2013-04,1
84489ddffffffff-2012-07,1
84489ddffffffff-2013-05,1
84489ddffffffff-2016-01,1
84489ddffffffff-2017-10,1
84489ddffffffff-2019-10,1
84489ddffffffff-2023-03,1
84489ddffffffff-2023-09,1
84489e1ffffffff-2012-01,1
84489e1ffffffff-2012-03,1
84489e1ffffffff-2012-07,1
84489e1ffffffff-2013-04,3
84489e1ffffffff-2013-05,1
84489e1ffffffff-2013-11,1
84489e1ffffffff-2014-01,1
84489e1ffffffff-2014-03,4
84489e1ffffffff-2014-04,3
84489e1ffffffff-2015-03,1
84489e1ffffffff-2016-02,2
84489e1ffffffff-2016-04,5
84489e1ffffffff-2016-07,2
84489e1ffffffff-2016-08,2
84489e1ffffffff-2016-10,4
84489e1ffffffff-2017-01,1
84489e1ffffffff-2017-02,1
84489e1ffffffff-2017-11,1
84489e1ffffffff-2018-11,1
84489e1ffffffff-2018-12,1
84489e1ffffffff-2019-01,1
84489e1ffffffff-2019-03,2
84489e1ffffffff-2019-04,2
84489e1ffffffff-2019-05,2
84489e1ffffffff-2020-04,3
84489e1ffffffff-2020-05,4
84489e1ffffffff-2020-09,1
84489e1ffffffff-2020-10,3
84489e1ffffffff-2020-11,1
84489e1ffffffff-2020-12,1
84489e1ffffffff-2021-01,1
84489e1ffffffff-2021-03,1
84489e1ffffffff-2021-04,12
84489e1ffffffff-2021-05,2
84489e1ffffffff-2021-09,2
84489e1ffffffff-2021-10,1
84489e1ffffffff-2021-11,4
84489e1ffffffff-2021-12,1
84489e1ffffffff-2022-02,1
84489e1ffffffff-2022-04,3
84489e1ffffffff-2022-05,4
84489e1ffffffff-2022-07,1
84489e1ffffffff-2022-08,2
84489e1ffffffff-2022-09,1
84489e1ffffffff-2022-10,2
84489e1ffffffff-2022-11,3
84489e1ffffffff-2023-01,1
84489e1ffffffff-2023-03,1
84489e1ffffffff-2023-04,7
84489e1ffffffff-2023-10,2
84489e1ffffffff-2023-11,1
84489e3ffffffff-2012-03,7
84489e3ffffffff-2012-04,33
84489e3ffffffff-2012-05,41
84489e3ffffffff-2012-07,17
84489e3ffffffff-2012-08,10
84489e3ffffffff-2012-09,26
84489e3ffffffff-2012-10,44
84489e3ffffffff-2012-11,7
84489e3ffffffff-2012-12,1
84489e3ffffffff-2013-03,14
84489e3ffffffff-2013-04,90
84489e3ffffffff-2013-05,73
84489e3ffffffff-2013-07,11
84489e3ffffffff-2013-08,9
84489e3ffffffff-2013-09,22
84489e3ffffffff-2013-10,22
84489e3ffffffff-2013-11,6
84489e3ffffffff-2013-12,1
84489e3ffffffff-2014-03,6
84489e3ffffffff-2014-04,72
84489e3ffffffff-2014-05,64
84489e3ffffffff-2014-07,4
84489e3ffffffff-2014-08,49
84489e3ffffffff-2014-09,19
84489e3ffffffff-2014-10,7
84489e3ffffffff-2014-11,2
84489e3ffffffff-2015-04,96
84489e3ffffffff-2015-05,23
84489e3ffffffff-2015-07,14
84489e3ffffffff-2015-08,82
84489e3ffffffff-2015-09,42
84489e3ffffffff-2015-10,1
84489e3ffffffff-2015-12,1
84489e3ffffffff-2016-02,4
84489e3ffffffff-2016-03,43
84489e3ffffffff-2016-04,183
84489e3ffffffff-2016-05,131
84489e3ffffffff-2016-06,1
84489e3ffffffff-2016-07,26
84489e3ffffffff-2016-08,70
84489e3ffffffff-2016-09,125
84489e3ffffffff-2016-10,59
84489e3ffffffff-2016-11,9
84489e3ffffffff-2016-12,2
84489e3ffffffff-2017-03,37
84489e3ffffffff-2017-04,139
84489e3ffffffff-2017-05,88
84489e3ffffffff-2017-06,5
84489e3ffffffff-2017-07,12
84489e3ffffffff-2017-08,33
84489e3ffffffff-2017-09,36
84489e3ffffffff-2017-10,13
84489e3ffffffff-2017-11,7
84489e3ffffffff-2017-12,2
84489e3ffffffff-2018-02,2
84489e3ffffffff-2018-03,9
84489e3ffffffff-2018-04,118
84489e3ffffffff-2018-05,84
84489e3ffffffff-2018-07,4
84489e3ffffffff-2018-08,23
84489e3ffffffff-2018-09,51
84489e3ffffffff-2018-10,67
84489e3ffffffff-2018-11,12
84489e3ffffffff-2019-01,9
84489e3ffffffff-2019-03,29
84489e3ffffffff-2019-04,48
84489e3ffffffff-2019-05,89
84489e3ffffffff-2019-06,9
84489e3ffffffff-2019-07,11
84489e3ffffffff-2019-08,97
84489e3ffffffff-2019-09,118
84489e3ffffffff-2019-10,48
84489e3ffffffff-2019-11,9
84489e3ffffffff-2019-12,9
84489e3ffffffff-2020-01,1
84489e3ffffffff-2020-03,22
84489e3ffffffff-2020-04,11
84489e3ffffffff-2020-05,14
84489e3ffffffff-2020-06,8
84489e3ffffffff-2020-07,53
84489e3ffffffff-2020-08,49
84489e3ffffffff-2020-09,65
84489e3ffffffff-2020-10,19
84489e3ffffffff-2020-11,19
84489e3ffffffff-2020-12,1
84489e3ffffffff-2021-01,10
84489e3ffffffff-2021-02,3
84489e3ffffffff-2021-03,11
84489e3ffffffff-2021-04,131
84489e3ffffffff-2021-05,33
84489e3ffffffff-2021-06,2
84489e3ffffffff-2021-07,90
84489e3ffffffff-2021-08,123
84489e3ffffffff-2021-09,97
84489e3ffffffff-2021-10,48
84489e3ffffffff-2021-11,19
84489e3ffffffff-2021-12,7
84489e3ffffffff-2022-01,3
84489e3ffffffff-2022-02,3
84489e3ffffffff-2022-03,32
84489e3ffffffff-2022-04,101
84489e3ffffffff-2022-05,95
84489e3ffffffff-2022-07,19
84489e3ffffffff-2022-08,131
84489e3ffffffff-2022-09,40
84489e3ffffffff-2022-10,11
84489e3ffffffff-2022-11,8
84489e3ffffffff-2022-12,1
84489e3ffffffff-2023-03,57
84489e3ffffffff-2023-04,267
84489e3ffffffff-2023-05,152
84489e3ffffffff-2023-06,1
84489e3ffffffff-2023-07,54
84489e3ffffffff-2023-08,143
84489e3ffffffff-2023-09,94
84489e3ffffffff-2023-10,40
84489e3ffffffff-2023-11,68
84489e5ffffffff-2012-11,2
84489e5ffffffff-2014-03,1
84489e5ffffffff-2014-05,1
84489e5ffffffff-2016-12,1
84489e5ffffffff-2017-03,1
84489e5ffffffff-2017-04,12
84489e5ffffffff-2017-05,4
84489e5ffffffff-2017-07,1
84489e5ffffffff-2017-08,1
84489e5ffffffff-2017-09,3
84489e5ffffffff-2017-10,2
84489e5ffffffff-2017-11,1
84489e5ffffffff-2018-08,8
84489e5ffffffff-2019-09,1
84489e5ffffffff-2021-04,1
84489e5ffffffff-2022-10,2
84489e5ffffffff-2023-04,1
84489e7ffffffff-2013-04,1
84489e7ffffffff-2013-08,1
84489e7ffffffff-2013-09,2
84489e7ffffffff-2013-10,1
84489e7ffffffff-2017-04,4
84489e7ffffffff-2017-05,1
84489e7ffffffff-2018-03,1
84489e7ffffffff-2018-04,2
84489e7ffffffff-2019-02,1
84489e7ffffffff-2019-04,1
84489e7ffffffff-2019-10,1
84489e7ffffffff-2020-05,3
84489e7ffffffff-2020-09,2
84489e7ffffffff-2020-10,1
84489e7ffffffff-2021-01,1
84489e7ffffffff-2021-04,1
84489e7ffffffff-2022-05,1
84489e7ffffffff-2023-03,1
84489e7ffffffff-2023-04,3
84489e7ffffffff-2023-05,3
84489e9ffffffff-2012-04,2
84489e9ffffffff-2012-10,2
84489e9ffffffff-2013-04,5
84489e9ffffffff-2013-08,1
84489e9ffffffff-2014-05,2
84489e9ffffffff-2015-04,1
84489e9ffffffff-2015-08,3
84489e9ffffffff-2016-03,2
84489e9ffffffff-2016-04,3
84489e9ffffffff-2016-05,1
84489e9ffffffff-2016-08,1
84489e9ffffffff-2017-02,4
84489e9ffffffff-2018-02,2
84489e9ffffffff-2018-10,2
84489e9ffffffff-2019-04,1
84489e9ffffffff-2020-01,2
84489e9ffffffff-2020-03,1
84489e9ffffffff-2020-04,1
84489e9ffffffff-2021-04,11
84489e9ffffffff-2022-04,1
84489e9ffffffff-2022-11,2
84489e9ffffffff-2023-01,1
84489e9ffffffff-2023-03,5
84489e9ffffffff-2023-04,13
84489ebffffffff-2013-01,2
84489ebffffffff-2013-03,1
84489ebffffffff-2013-05,2
84489ebffffffff-2013-08,1
84489ebffffffff-2013-09,1
84489ebffffffff-2014-01,3
84489ebffffffff-2014-04,4
84489ebffffffff-2014-05,4
84489ebffffffff-2015-04,10
84489ebffffffff-2015-11,1
84489ebffffffff-2015-12,2
84489ebffffffff-2016-03,1
84489ebffffffff-2016-05,3
84489ebffffffff-2016-10,1
84489ebffffffff-2016-12,3
84489ebffffffff-2017-04,1
84489ebffffffff-2017-05,2
84489ebffffffff-2017-09,1
84489ebffffffff-2018-01,7
84489ebffffffff-2018-02,3
84489ebffffffff-2018-03,7
84489ebffffffff-2018-04,25
84489ebffffffff-2018-05,13
84489ebffffffff-2018-08,1
84489ebffffffff-2018-09,4
84489ebffffffff-2018-10,2
84489ebffffffff-2018-12,2
84489ebffffffff-2019-02,1
84489ebffffffff-2019-03,1
84489ebffffffff-2019-04,4
84489ebffffffff-2019-05,4
84489ebffffffff-2019-08,4
84489ebffffffff-2019-09,12
84489ebffffffff-2019-10,6
84489ebffffffff-2019-11,3
84489ebffffffff-2019-12,8
84489ebffffffff-2020-03,2
84489ebffffffff-2020-04,1
84489ebffffffff-2020-05,3
84489ebffffffff-2020-09,3
84489ebffffffff-2020-11,2
84489ebffffffff-2020-12,7
84489ebffffffff-2021-01,2
84489ebffffffff-2021-03,6
84489ebffffffff-2021-04,26
84489ebffffffff-2021-05,3
84489ebffffffff-2022-02,1
84489ebffffffff-2022-03,6
84489ebffffffff-2022-04,4
84489ebffffffff-2022-05,2
84489ebffffffff-2022-07,9
84489ebffffffff-2022-08,4
84489ebffffffff-2022-09,3
84489ebffffffff-2022-10,1
84489ebffffffff-2022-11,3
84489ebffffffff-2023-03,4
84489ebffffffff-2023-04,6
84489ebffffffff-2023-05,3
84489edffffffff-2014-04,1
84489edffffffff-2014-11,1
84489edffffffff-2019-03,1
84489edffffffff-2019-11,1
84489edffffffff-2022-07,1
84489edffffffff-2023-04,4
8448a07ffffffff-2016-08,8
8448a07ffffffff-2017-03,1
8448a07ffffffff-2019-03,1
8448a07ffffffff-2021-04,1
8448a07ffffffff-2021-09,1
8448a19ffffffff-2021-09,1
8448a21ffffffff-2018-09,1
8448a21ffffffff-2019-02,1
8448a21ffffffff-2020-08,1
8448a21ffffffff-2021-04,3
8448a21ffffffff-2021-08,2
8448a21ffffffff-2021-09,1
8448a21ffffffff-2022-09,1
8448a21ffffffff-2023-01,1
8448a21ffffffff-2023-08,2
8448a21ffffffff-2023-09,2
8448a25ffffffff-2022-12,1
8448a25ffffffff-2023-01,1
8448a27ffffffff-2015-08,6
8448a27ffffffff-2016-10,1
8448a27ffffffff-2017-04,2
8448a27ffffffff-2020-04,2
8448a27ffffffff-2021-04,3
8448a27ffffffff-2022-08,5
8448a27ffffffff-2022-09,3
8448a27ffffffff-2023-02,5
8448a27ffffffff-2023-08,8
8448a2dffffffff-2021-04,2
8448ab7ffffffff-2012-04,3
8448ab7ffffffff-2014-04,1
8448ab7ffffffff-2018-04,2
8448ab7ffffffff-2021-04,2
8448ab7ffffffff-2022-04,2
8448ab7ffffffff-2022-05,2
8448ac3ffffffff-2018-08,1
8448b05ffffffff-2022-03,1
8448b09ffffffff-2017-11,1
8448b13ffffffff-2013-02,1
8448b13ffffffff-2013-04,9
8448b13ffffffff-2013-12,4
8448b13ffffffff-2014-01,4
8448b13ffffffff-2014-02,1
8448b13ffffffff-2014-04,2
8448b13ffffffff-2014-06,1
8448b13ffffffff-2014-09,1
8448b13ffffffff-2014-11,1
8448b13ffffffff-2015-01,2
8448b13ffffffff-2015-02,1
8448b13ffffffff-2015-03,2
8448b13ffffffff-2015-04,4
8448b13ffffffff-2015-09,2
8448b13ffffffff-2015-11,1
8448b13ffffffff-2015-12,1
8448b13ffffffff-2016-11,1
8448b13ffffffff-2017-01,2
8448b13ffffffff-2017-02,3
8448b13ffffffff-2017-03,6
8448b13ffffffff-2017-12,7
8448b13ffffffff-2018-01,3
8448b13ffffffff-2019-03,1
8448b13ffffffff-2019-11,3
8448b13ffffffff-2020-02,2
8448b13ffffffff-2020-07,2
8448b13ffffffff-2021-02,5
8448b13ffffffff-2021-10,3
8448b13ffffffff-2021-11,7
8448b13ffffffff-2021-12,2
8448b13ffffffff-2022-01,6
8448b13ffffffff-2022-02,4
8448b13ffffffff-2022-04,1
8448b13ffffffff-2022-11,5
8448b13ffffffff-2022-12,2
8448b13ffffffff-2023-01,4
8448b13ffffffff-2023-02,2
8448b13ffffffff-2023-03,9
8448b13ffffffff-2023-04,23
8448b13ffffffff-2023-05,2
8448b13ffffffff-2023-11,29
8448b15ffffffff-2012-01,27
8448b15ffffffff-2012-02,12
8448b15ffffffff-2012-03,13
8448b15ffffffff-2012-04,4
8448b15ffffffff-2012-10,1
8448b15ffffffff-2012-11,8
8448b15ffffffff-2012-12,1
8448b15ffffffff-2013-02,1
8448b15ffffffff-2013-03,34
8448b15ffffffff-2013-04,81
8448b15ffffffff-2013-05,4
8448b15ffffffff-2013-08,1
8448b15ffffffff-2014-01,4
8448b15ffffffff-2014-03,6
8448b15ffffffff-2014-04,1
8448b15ffffffff-2014-08,1
8448b15ffffffff-2014-10,1
8448b15ffffffff-2014-11,2
8448b15ffffffff-2015-01,2
8448b15ffffffff-2015-02,1
8448b15ffffffff-2015-03,7
8448b15ffffffff-2015-04,5
8448b15ffffffff-2015-05,1
8448b15ffffffff-2015-11,12
8448b15ffffffff-2016-01,4
8448b15ffffffff-2016-03,1
8448b15ffffffff-2016-04,2
8448b15ffffffff-2016-09,2
8448b15ffffffff-2016-10,2
8448b15ffffffff-2016-11,4
8448b15ffffffff-2016-12,12
8448b15ffffffff-2017-03,4
8448b15ffffffff-2017-04,10
8448b15ffffffff-2017-11,2
8448b15ffffffff-2017-12,8
8448b15ffffffff-2018-02,1
8448b15ffffffff-2018-03,26
8448b15ffffffff-2018-04,9
8448b15ffffffff-2018-05,5
8448b15ffffffff-2018-07,4
8448b15ffffffff-2018-09,2
8448b15ffffffff-2018-10,1
8448b15ffffffff-2018-11,53
8448b15ffffffff-2018-12,12
8448b15ffffffff-2019-01,2
8448b15ffffffff-2019-02,2
8448b15ffffffff-2019-04,1
8448b15ffffffff-2019-08,1
8448b15ffffffff-2019-11,7
8448b15ffffffff-2019-12,15
8448b15ffffffff-2020-01,7
8448b15ffffffff-2020-02,3
8448b15ffffffff-2020-03,6
8448b15ffffffff-2020-05,2
8448b15ffffffff-2020-07,1
8448b15ffffffff-2020-08,2
8448b15ffffffff-2020-09,2
8448b15ffffffff-2020-10,9
8448b15ffffffff-2021-01,3
8448b15ffffffff-2021-02,1
8448b15ffffffff-2021-03,50
8448b15ffffffff-2021-04,108
8448b15ffffffff-2021-05,8
8448b15ffffffff-2021-09,3
8448b15ffffffff-2021-10,1
8448b15ffffffff-2021-11,3
8448b15ffffffff-2021-12,1
8448b15ffffffff-2022-01,1
8448b15ffffffff-2022-02,6
8448b15ffffffff-2022-03,6
8448b15ffffffff-2022-04,21
8448b15ffffffff-2022-05,7
8448b15ffffffff-2022-07,1
8448b15ffffffff-2022-08,2
8448b15ffffffff-2022-09,3
8448b15ffffffff-2022-10,6
8448b15ffffffff-2022-11,5
8448b15ffffffff-2022-12,3
8448b15ffffffff-2023-01,1
8448b15ffffffff-2023-02,1
8448b15ffffffff-2023-03,11
8448b15ffffffff-2023-04,27
8448b15ffffffff-2023-09,2
8448b15ffffffff-2023-11,17
8448b17ffffffff-2017-02,1
8448b17ffffffff-2019-03,2
8448b17ffffffff-2022-11,2
8448b17ffffffff-2023-11,1
8448b19ffffffff-2020-08,2
8448b19ffffffff-2020-09,2
8448b19ffffffff-2022-08,4
8448b19ffffffff-2023-02,1
8448b19ffffffff-2023-08,1
8448b19ffffffff-2023-10,1
8448b19ffffffff-2023-11,1
8448b1bffffffff-2021-03,7
8448b1bffffffff-2021-10,4
8448b1bffffffff-2022-10,2
8448b1bffffffff-2023-01,2
8448b1bffffffff-2023-04,7
8448b1dffffffff-2021-05,1
8448b1dffffffff-2023-09,2
8448b23ffffffff-2012-01,36
8448b23ffffffff-2012-02,14
8448b23ffffffff-2012-03,5
8448b23ffffffff-2012-04,55
8448b23ffffffff-2012-05,6
8448b23ffffffff-2012-06,1
8448b23ffffffff-2012-07,1
8448b23ffffffff-2012-08,1
8448b23ffffffff-2012-09,1
8448b23ffffffff-2012-10,8
8448b23ffffffff-2012-11,31
8448b23ffffffff-2012-12,4
8448b23ffffffff-2013-01,5
8448b23ffffffff-2013-02,8
8448b23ffffffff-2013-03,18
8448b23ffffffff-2013-04,73
8448b23ffffffff-2013-05,6
8448b23ffffffff-2013-06,1
8448b23ffffffff-2013-07,9
8448b23ffffffff-2013-08,2
8448b23ffffffff-2013-10,2
8448b23ffffffff-2013-11,37
8448b23ffffffff-2013-12,2
8448b23ffffffff-2014-01,9
8448b23ffffffff-2014-02,9
8448b23ffffffff-2014-03,27
8448b23ffffffff-2014-04,51
8448b23ffffffff-2014-05,5
8448b23ffffffff-2014-07,2
8448b23ffffffff-2014-08,2
8448b23ffffffff-2014-09,1
8448b23ffffffff-2014-10,2
8448b23ffffffff-2014-11,40
8448b23ffffffff-2014-12,4
8448b23ffffffff-2015-01,9
8448b23ffffffff-2015-02,32
8448b23ffffffff-2015-03,22
8448b23ffffffff-2015-04,84
8448b23ffffffff-2015-05,12
8448b23ffffffff-2015-06,1
8448b23ffffffff-2015-07,2
8448b23ffffffff-2015-08,5
8448b23ffffffff-2015-09,5
8448b23ffffffff-2015-10,7
8448b23ffffffff-2015-11,38
8448b23ffffffff-2015-12,25
8448b23ffffffff-2016-01,52
8448b23ffffffff-2016-02,78
8448b23ffffffff-2016-03,32
8448b23ffffffff-2016-04,78
8448b23ffffffff-2016-05,17
8448b23ffffffff-2016-07,4
8448b23ffffffff-2016-08,7
8448b23ffffffff-2016-09,4
8448b23ffffffff-2016-10,26
8448b23ffffffff-2016-11,68
8448b23ffffffff-2016-12,9
8448b23ffffffff-2017-01,36
8448b23ffffffff-2017-02,32
8448b23ffffffff-2017-03,91
8448b23ffffffff-2017-04,241
8448b23ffffffff-2017-05,32
8448b23ffffffff-2017-06,4
8448b23ffffffff-2017-07,14
8448b23ffffffff-2017-08,19
8448b23ffffffff-2017-09,9
8448b23ffffffff-2017-10,3
8448b23ffffffff-2017-11,125
8448b23ffffffff-2017-12,35
8448b23ffffffff-2018-01,126
8448b23ffffffff-2018-02,122
8448b23ffffffff-2018-03,179
8448b23ffffffff-2018-04,460
8448b23ffffffff-2018-05,58
8448b23ffffffff-2018-06,1
8448b23ffffffff-2018-07,11
8448b23ffffffff-2018-08,16
8448b23ffffffff-2018-09,6
8448b23ffffffff-2018-10,15
8448b23ffffffff-2018-11,119
8448b23ffffffff-2018-12,64
8448b23ffffffff-2019-01,157
8448b23ffffffff-2019-02,164
8448b23ffffffff-2019-03,208
8448b23ffffffff-2019-04,372
8448b23ffffffff-2019-05,64
8448b23ffffffff-2019-06,2
8448b23ffffffff-2019-07,2
8448b23ffffffff-2019-08,13
8448b23ffffffff-2019-09,2
8448b23ffffffff-2019-10,9
8448b23ffffffff-2019-11,146
8448b23ffffffff-2019-12,47
8448b23ffffffff-2020-01,153
8448b23ffffffff-2020-02,158
8448b23ffffffff-2020-03,143
8448b23ffffffff-2020-04,36
8448b23ffffffff-2020-05,2
8448b23ffffffff-2020-07,3
8448b23ffffffff-2020-08,3
8448b23ffffffff-2020-09,4
8448b23ffffffff-2020-10,22
8448b23ffffffff-2020-11,17
8448b23ffffffff-2020-12,47
8448b23ffffffff-2021-01,78
8448b23ffffffff-2021-02,86
8448b23ffffffff-2021-03,118
8448b23ffffffff-2021-04,486
8448b23ffffffff-2021-05,38
8448b23ffffffff-2021-07,4
8448b23ffffffff-2021-08,5
8448b23ffffffff-2021-09,17
8448b23ffffffff-2021-10,13
8448b23ffffffff-2021-11,127
8448b23ffffffff-2021-12,106
8448b23ffffffff-2022-01,112
8448b23ffffffff-2022-02,128
8448b23ffffffff-2022-03,190
8448b23ffffffff-2022-04,475
8448b23ffffffff-2022-05,33
8448b23ffffffff-2022-07,8
8448b23ffffffff-2022-08,14
8448b23ffffffff-2022-09,8
8448b23ffffffff-2022-10,11
8448b23ffffffff-2022-11,134
8448b23ffffffff-2022-12,34
8448b23ffffffff-2023-01,79
8448b23ffffffff-2023-02,101
8448b23ffffffff-2023-03,195
8448b23ffffffff-2023-04,693
8448b23ffffffff-2023-05,47
8448b23ffffffff-2023-07,4
8448b23ffffffff-2023-08,7
8448b23ffffffff-2023-09,8
8448b23ffffffff-2023-10,25
8448b23ffffffff-2023-11,113
8448b2bffffffff-2012-02,2
8448b2bffffffff-2012-03,7
8448b2bffffffff-2012-04,11
8448b2bffffffff-2012-05,2
8448b2bffffffff-2012-07,2
8448b2bffffffff-2012-08,1
8448b2bffffffff-2013-01,16
8448b2bffffffff-2013-02,7
8448b2bffffffff-2013-03,6
8448b2bffffffff-2013-04,5
8448b2bffffffff-2013-05,3
8448b2bffffffff-2013-08,1
8448b2bffffffff-2013-11,42
8448b2bffffffff-2013-12,3
8448b2bffffffff-2014-01,1
8448b2bffffffff-2014-03,3
8448b2bffffffff-2014-04,3
8448b2bffffffff-2014-05,2
8448b2bffffffff-2014-08,2
8448b2bffffffff-2014-10,4
8448b2bffffffff-2014-11,17
8448b2bffffffff-2014-12,1
8448b2bffffffff-2015-01,3
8448b2bffffffff-2015-02,2
8448b2bffffffff-2015-03,4
8448b2bffffffff-2015-04,3
8448b2bffffffff-2015-05,1
8448b2bffffffff-2015-10,2
8448b2bffffffff-2015-11,31
8448b2bffffffff-2015-12,2
8448b2bffffffff-2016-01,5
8448b2bffffffff-2016-02,6
8448b2bffffffff-2016-03,1
8448b2bffffffff-2016-04,27
8448b2bffffffff-2016-05,1
8448b2bffffffff-2016-06,3
8448b2bffffffff-2016-07,1
8448b2bffffffff-2016-08,7
8448b2bffffffff-2016-10,3
8448b2bffffffff-2016-11,37
8448b2bffffffff-2016-12,3
8448b2bffffffff-2017-01,24
8448b2bffffffff-2017-02,7
8448b2bffffffff-2017-03,6
8448b2bffffffff-2017-04,7
8448b2bffffffff-2017-05,3
8448b2bffffffff-2017-06,1
8448b2bffffffff-2017-08,2
8448b2bffffffff-2017-09,2
8448b2bffffffff-2017-11,12
8448b2bffffffff-2017-12,6
8448b2bffffffff-2018-01,15
8448b2bffffffff-2018-02,2
8448b2bffffffff-2018-03,10
8448b2bffffffff-2018-04,51
8448b2bffffffff-2018-05,1
8448b2bffffffff-2018-10,1
8448b2bffffffff-2018-11,28
8448b2bffffffff-2018-12,4
8448b2bffffffff-2019-01,18
8448b2bffffffff-2019-02,14
8448b2bffffffff-2019-03,34
8448b2bffffffff-2019-04,13
8448b2bffffffff-2019-05,4
8448b2bffffffff-2019-10,1
8448b2bffffffff-2019-11,43
8448b2bffffffff-2019-12,18
8448b2bffffffff-2020-01,35
8448b2bffffffff-2020-02,27
8448b2bffffffff-2020-03,41
8448b2bffffffff-2020-04,4
8448b2bffffffff-2020-08,3
8448b2bffffffff-2020-09,3
8448b2bffffffff-2020-10,4
8448b2bffffffff-2020-11,9
8448b2bffffffff-2020-12,11
8448b2bffffffff-2021-01,29
8448b2bffffffff-2021-02,30
8448b2bffffffff-2021-03,19
8448b2bffffffff-2021-04,55
8448b2bffffffff-2021-05,7
8448b2bffffffff-2021-08,3
8448b2bffffffff-2021-09,3
8448b2bffffffff-2021-10,4
8448b2bffffffff-2021-11,21
8448b2bffffffff-2021-12,22
8448b2bffffffff-2022-01,45
8448b2bffffffff-2022-02,22
8448b2bffffffff-2022-03,20
8448b2bffffffff-2022-04,60
8448b2bffffffff-2022-05,3
8448b2bffffffff-2022-10,9
8448b2bffffffff-2022-11,10
8448b2bffffffff-2022-12,11
8448b2bffffffff-2023-01,5
8448b2bffffffff-2023-02,19
8448b2bffffffff-2023-03,30
8448b2bffffffff-2023-04,19
8448b2bffffffff-2023-09,3
8448b2bffffffff-2023-11,11
8448b31ffffffff-2012-01,3
8448b31ffffffff-2012-04,3
8448b31ffffffff-2012-05,4
8448b31ffffffff-2012-07,2
8448b31ffffffff-2012-08,5
8448b31ffffffff-2012-10,2
8448b31ffffffff-2012-11,1
8448b31ffffffff-2012-12,3
8448b31ffffffff-2013-01,5
8448b31ffffffff-2013-03,1
8448b31ffffffff-2013-04,14
8448b31ffffffff-2013-05,2
8448b31ffffffff-2013-07,3
8448b31ffffffff-2013-08,1
8448b31ffffffff-2013-09,3
8448b31ffffffff-2013-10,2
8448b31ffffffff-2013-11,1
8448b31ffffffff-2014-01,2
8448b31ffffffff-2014-02,1
8448b31ffffffff-2014-03,1
8448b31ffffffff-2014-04,10
8448b31ffffffff-2014-05,2
8448b31ffffffff-2014-07,1
8448b31ffffffff-2014-08,58
8448b31ffffffff-2014-11,6
8448b31ffffffff-2014-12,5
8448b31ffffffff-2015-01,9
8448b31ffffffff-2015-02,5
8448b31ffffffff-2015-03,19
8448b31ffffffff-2015-04,8
8448b31ffffffff-2015-07,62
8448b31ffffffff-2015-08,32
8448b31ffffffff-2015-09,16
8448b31ffffffff-2015-10,15
8448b31ffffffff-2015-11,27
8448b31ffffffff-2015-12,5
8448b31ffffffff-2016-01,22
8448b31ffffffff-2016-02,12
8448b31ffffffff-2016-03,17
8448b31ffffffff-2016-04,22
8448b31ffffffff-2016-05,5
8448b31ffffffff-2016-06,1
8448b31ffffffff-2016-07,33
8448b31ffffffff-2016-08,2
8448b31ffffffff-2016-09,1
8448b31ffffffff-2016-10,1
8448b31ffffffff-2016-11,4
8448b31ffffffff-2016-12,1
8448b31ffffffff-2017-01,1
8448b31ffffffff-2017-02,12
8448b31ffffffff-2017-03,4
8448b31ffffffff-2017-04,20
8448b31ffffffff-2017-07,12
8448b31ffffffff-2017-08,5
8448b31ffffffff-2017-09,3
8448b31ffffffff-2017-10,7
8448b31ffffffff-2017-11,5
8448b31ffffffff-2017-12,3
8448b31ffffffff-2018-01,4
8448b31ffffffff-2018-02,3
8448b31ffffffff-2018-03,10
8448b31ffffffff-2018-04,23
8448b31ffffffff-2018-05,3
8448b31ffffffff-2018-07,14
8448b31ffffffff-2018-08,4
8448b31ffffffff-2018-10,3
8448b31ffffffff-2018-11,20
8448b31ffffffff-2018-12,7
8448b31ffffffff-2019-01,11
8448b31ffffffff-2019-02,6
8448b31ffffffff-2019-03,3
8448b31ffffffff-2019-04,10
8448b31ffffffff-2019-05,4
8448b31ffffffff-2019-06,1
8448b31ffffffff-2019-07,5
8448b31ffffffff-2019-08,7
8448b31ffffffff-2019-09,1
8448b31ffffffff-2019-10,1
8448b31ffffffff-2019-11,9
8448b31ffffffff-2019-12,1
8448b31ffffffff-2020-01,8
8448b31ffffffff-2020-02,15
8448b31ffffffff-2020-03,5
8448b31ffffffff-2020-04,2
8448b31ffffffff-2020-05,2
8448b31ffffffff-2020-07,2
8448b31ffffffff-2020-08,1
8448b31ffffffff-2020-09,1
8448b31ffffffff-2020-10,1
8448b31ffffffff-2020-11,10
8448b31ffffffff-2020-12,8
8448b31ffffffff-2021-01,14
8448b31ffffffff-2021-02,5
8448b31ffffffff-2021-03,6
8448b31ffffffff-2021-04,13
8448b31ffffffff-2021-05,3
8448b31ffffffff-2021-07,4
8448b31ffffffff-2021-08,6
8448b31ffffffff-2021-09,2
8448b31ffffffff-2021-10,2
8448b31ffffffff-2021-11,49
8448b31ffffffff-2021-12,12
8448b31ffffffff-2022-01,36
8448b31ffffffff-2022-02,18
8448b31ffffffff-2022-03,17
8448b31ffffffff-2022-04,29
8448b31ffffffff-2022-05,2
8448b31ffffffff-2022-07,4
8448b31ffffffff-2022-08,6
8448b31ffffffff-2022-09,3
8448b31ffffffff-2022-10,2
8448b31ffffffff-2022-11,24
8448b31ffffffff-2022-12,6
8448b31ffffffff-2023-01,7
8448b31ffffffff-2023-02,3
8448b31ffffffff-2023-03,5
8448b31ffffffff-2023-04,22
8448b31ffffffff-2023-05,9
8448b31ffffffff-2023-07,3
8448b31ffffffff-2023-08,2
8448b31ffffffff-2023-09,5
8448b31ffffffff-2023-10,7
8448b31ffffffff-2023-11,3
8448b33ffffffff-2019-03,1
8448b35ffffffff-2012-01,9
8448b35ffffffff-2012-09,1
8448b35ffffffff-2012-11,1
8448b35ffffffff-2013-03,2
8448b35ffffffff-2013-07,2
8448b35ffffffff-2013-08,1
8448b35ffffffff-2014-05,2
8448b35ffffffff-2014-08,3
8448b35ffffffff-2014-12,1
8448b35ffffffff-2015-03,3
8448b35ffffffff-2015-04,2
8448b35ffffffff-2015-12,2
8448b35ffffffff-2016-03,1
8448b35ffffffff-2016-07,3
8448b35ffffffff-2016-10,1
8448b35ffffffff-2016-11,4
8448b35ffffffff-2017-01,7
8448b35ffffffff-2017-03,3
8448b35ffffffff-2017-04,2
8448b35ffffffff-2017-05,1
8448b35ffffffff-2017-07,6
8448b35ffffffff-2017-08,1
8448b35ffffffff-2017-09,2
8448b35ffffffff-2017-11,1
8448b35ffffffff-2017-12,1
8448b35ffffffff-2018-01,1
8448b35ffffffff-2018-02,2
8448b35ffffffff-2018-03,1
8448b35ffffffff-2018-04,4
8448b35ffffffff-2018-05,2
8448b35ffffffff-2018-07,5
8448b35ffffffff-2018-08,1
8448b35ffffffff-2018-10,2
8448b35ffffffff-2018-11,15
8448b35ffffffff-2018-12,1
8448b35ffffffff-2019-01,2
8448b35ffffffff-2019-02,5
8448b35ffffffff-2019-03,9
8448b35ffffffff-2019-04,9
8448b35ffffffff-2019-05,1
8448b35ffffffff-2019-07,1
8448b35ffffffff-2019-08,1
8448b35ffffffff-2019-10,4
8448b35ffffffff-2019-11,66
8448b35ffffffff-2019-12,16
8448b35ffffffff-2020-01,4
8448b35ffffffff-2020-02,2
8448b35ffffffff-2020-03,3
8448b35ffffffff-2020-09,2
8448b35ffffffff-2020-10,2
8448b35ffffffff-2020-11,5
8448b35ffffffff-2020-12,4
8448b35ffffffff-2021-01,4
8448b35ffffffff-2021-02,20
8448b35ffffffff-2021-03,24
8448b35ffffffff-2021-04,21
8448b35ffffffff-2021-08,1
8448b35ffffffff-2021-09,2
8448b35ffffffff-2021-10,2
8448b35ffffffff-2021-11,23
8448b35ffffffff-2021-12,1
8448b35ffffffff-2022-01,2
8448b35ffffffff-2022-02,2
8448b35ffffffff-2022-03,6
8448b35ffffffff-2022-04,9
8448b35ffffffff-2022-05,4
8448b35ffffffff-2022-06,3
8448b35ffffffff-2022-07,2
8448b35ffffffff-2022-08,2
8448b35ffffffff-2022-09,1
8448b35ffffffff-2022-10,1
8448b35ffffffff-2022-11,19
8448b35ffffffff-2022-12,4
8448b35ffffffff-2023-01,4
8448b35ffffffff-2023-02,8
8448b35ffffffff-2023-03,2
8448b35ffffffff-2023-04,5
8448b35ffffffff-2023-05,2
8448b35ffffffff-2023-08,2
8448b35ffffffff-2023-09,9
8448b35ffffffff-2023-10,6
8448b35ffffffff-2023-11,26
8448b37ffffffff-2012-05,2
8448b37ffffffff-2013-02,2
8448b37ffffffff-2013-05,2
8448b37ffffffff-2013-11,5
8448b37ffffffff-2013-12,1
8448b37ffffffff-2014-05,1
8448b37ffffffff-2014-09,2
8448b37ffffffff-2014-12,1
8448b37ffffffff-2015-03,1
8448b37ffffffff-2016-03,1
8448b37ffffffff-2016-11,21
8448b37ffffffff-2017-04,12
8448b37ffffffff-2017-11,1
8448b37ffffffff-2017-12,1
8448b37ffffffff-2018-04,7
8448b37ffffffff-2018-12,2
8448b37ffffffff-2019-04,2
8448b37ffffffff-2019-07,1
8448b37ffffffff-2019-09,1
8448b37ffffffff-2019-11,1
8448b37ffffffff-2021-04,8
8448b37ffffffff-2021-10,1
8448b37ffffffff-2022-01,1
8448b37ffffffff-2022-02,1
8448b37ffffffff-2022-04,15
8448b37ffffffff-2022-11,11
8448b37ffffffff-2023-03,2
8448b37ffffffff-2023-04,14
8448b37ffffffff-2023-11,1
8448b39ffffffff-2012-01,55
8448b39ffffffff-2012-02,49
8448b39ffffffff-2012-03,56
8448b39ffffffff-2012-04,58
8448b39ffffffff-2012-05,50
8448b39ffffffff-2012-06,5
8448b39ffffffff-2012-07,21
8448b39ffffffff-2012-08,67
8448b39ffffffff-2012-09,32
8448b39ffffffff-2012-10,14
8448b39ffffffff-2012-11,115
8448b39ffffffff-2012-12,36
8448b39ffffffff-2013-01,47
8448b39ffffffff-2013-02,71
8448b39ffffffff-2013-03,91
8448b39ffffffff-2013-04,133
8448b39ffffffff-2013-05,30
8448b39ffffffff-2013-07,22
8448b39ffffffff-2013-08,25
8448b39ffffffff-2013-09,26
8448b39ffffffff-2013-10,9
8448b39ffffffff-2013-11,55
8448b39ffffffff-2013-12,20
8448b39ffffffff-2014-01,37
8448b39ffffffff-2014-02,21
8448b39ffffffff-2014-03,86
8448b39ffffffff-2014-04,82
8448b39ffffffff-2014-05,18
8448b39ffffffff-2014-06,1
8448b39ffffffff-2014-07,3
8448b39ffffffff-2014-08,31
8448b39ffffffff-2014-09,14
8448b39ffffffff-2014-10,12
8448b39ffffffff-2014-11,78
8448b39ffffffff-2014-12,12
8448b39ffffffff-2015-01,21
8448b39ffffffff-2015-02,34
8448b39ffffffff-2015-03,21
8448b39ffffffff-2015-04,65
8448b39ffffffff-2015-05,26
8448b39ffffffff-2015-07,14
8448b39ffffffff-2015-08,19
8448b39ffffffff-2015-09,9
8448b39ffffffff-2015-10,4
8448b39ffffffff-2015-11,32
8448b39ffffffff-2015-12,55
8448b39ffffffff-2016-01,162
8448b39ffffffff-2016-02,122
8448b39ffffffff-2016-03,133
8448b39ffffffff-2016-04,190
8448b39ffffffff-2016-05,42
8448b39ffffffff-2016-07,15
8448b39ffffffff-2016-08,19
8448b39ffffffff-2016-09,38
8448b39ffffffff-2016-10,67
8448b39ffffffff-2016-11,150
8448b39ffffffff-2016-12,113
8448b39ffffffff-2017-01,83
8448b39ffffffff-2017-02,69
8448b39ffffffff-2017-03,135
8448b39ffffffff-2017-04,250
8448b39ffffffff-2017-05,32
8448b39ffffffff-2017-06,5
8448b39ffffffff-2017-07,13
8448b39ffffffff-2017-08,14
8448b39ffffffff-2017-09,51
8448b39ffffffff-2017-10,15
8448b39ffffffff-2017-11,103
8448b39ffffffff-2017-12,76
8448b39ffffffff-2018-01,147
8448b39ffffffff-2018-02,96
8448b39ffffffff-2018-03,187
8448b39ffffffff-2018-04,378
8448b39ffffffff-2018-05,65
8448b39ffffffff-2018-07,16
8448b39ffffffff-2018-08,6
8448b39ffffffff-2018-09,15
8448b39ffffffff-2018-10,23
8448b39ffffffff-2018-11,214
8448b39ffffffff-2018-12,99
8448b39ffffffff-2019-01,151
8448b39ffffffff-2019-02,174
8448b39ffffffff-2019-03,173
8448b39ffffffff-2019-04,239
8448b39ffffffff-2019-05,44
8448b39ffffffff-2019-07,8
8448b39ffffffff-2019-08,21
8448b39ffffffff-2019-09,12
8448b39ffffffff-2019-10,43
8448b39ffffffff-2019-11,233
8448b39ffffffff-2019-12,105
8448b39ffffffff-2020-01,220
8448b39ffffffff-2020-02,145
8448b39ffffffff-2020-03,103
8448b39ffffffff-2020-04,62
8448b39ffffffff-2020-05,44
8448b39ffffffff-2020-07,3
8448b39ffffffff-2020-08,6
8448b39ffffffff-2020-09,38
8448b39ffffffff-2020-10,46
8448b39ffffffff-2020-11,28
8448b39ffffffff-2020-12,30
8448b39ffffffff-2021-01,27
8448b39ffffffff-2021-02,16
8448b39ffffffff-2021-03,100
8448b39ffffffff-2021-04,260
8448b39ffffffff-2021-05,26
8448b39ffffffff-2021-07,1
8448b39ffffffff-2021-08,7
8448b39ffffffff-2021-09,27
8448b39ffffffff-2021-10,41
8448b39ffffffff-2021-11,62
8448b39ffffffff-2021-12,112
8448b39ffffffff-2022-01,155
8448b39ffffffff-2022-02,251
8448b39ffffffff-2022-03,165
8448b39ffffffff-2022-04,202
8448b39ffffffff-2022-05,56
8448b39ffffffff-2022-07,21
8448b39ffffffff-2022-08,56
8448b39ffffffff-2022-09,47
8448b39ffffffff-2022-10,104
8448b39ffffffff-2022-11,128
8448b39ffffffff-2022-12,99
8448b39ffffffff-2023-01,99
8448b39ffffffff-2023-02,75
8448b39ffffffff-2023-03,95
8448b39ffffffff-2023-04,520
8448b39ffffffff-2023-05,30
8448b39ffffffff-2023-06,1
8448b39ffffffff-2023-07,13
8448b39ffffffff-2023-08,19
8448b39ffffffff-2023-09,39
8448b39ffffffff-2023-10,93
8448b39ffffffff-2023-11,202
8448b3bffffffff-2012-01,1
8448b3bffffffff-2012-07,1
8448b3bffffffff-2012-08,1
8448b3bffffffff-2013-02,1
8448b3bffffffff-2013-12,1
8448b3bffffffff-2014-04,3
8448b3bffffffff-2014-05,1
8448b3bffffffff-2014-12,2
8448b3bffffffff-2015-02,1
8448b3bffffffff-2015-04,1
8448b3bffffffff-2015-07,2
8448b3bffffffff-2015-08,3
8448b3bffffffff-2015-11,1
8448b3bffffffff-2016-03,1
8448b3bffffffff-2016-04,1
8448b3bffffffff-2017-07,1
8448b3bffffffff-2017-09,5
8448b3bffffffff-2017-12,1
8448b3bffffffff-2018-01,3
8448b3bffffffff-2018-02,1
8448b3bffffffff-2018-03,7
8448b3bffffffff-2018-04,3
8448b3bffffffff-2018-07,1
8448b3bffffffff-2018-10,1
8448b3bffffffff-2018-12,2
8448b3bffffffff-2019-10,2
8448b3bffffffff-2020-02,1
8448b3bffffffff-2020-03,1
8448b3bffffffff-2021-12,1
8448b3bffffffff-2022-01,1
8448b3bffffffff-2022-05,3
8448b3bffffffff-2023-02,1
8448b3dffffffff-2012-01,8
8448b3dffffffff-2012-02,5
8448b3dffffffff-2012-03,6
8448b3dffffffff-2012-04,13
8448b3dffffffff-2012-05,3
8448b3dffffffff-2012-07,5
8448b3dffffffff-2012-08,11
8448b3dffffffff-2012-09,7
8448b3dffffffff-2012-10,2
8448b3dffffffff-2012-11,20
8448b3dffffffff-2012-12,1
8448b3dffffffff-2013-01,4
8448b3dffffffff-2013-02,8
8448b3dffffffff-2013-03,17
8448b3dffffffff-2013-04,28
8448b3dffffffff-2013-05,10
8448b3dffffffff-2013-06,2
8448b3dffffffff-2013-07,2
8448b3dffffffff-2013-08,11
8448b3dffffffff-2013-09,2
8448b3dffffffff-2013-10,1
8448b3dffffffff-2013-11,50
8448b3dffffffff-2013-12,10
8448b3dffffffff-2014-01,5
8448b3dffffffff-2014-02,5
8448b3dffffffff-2014-03,4
8448b3dffffffff-2014-04,13
8448b3dffffffff-2014-05,4
8448b3dffffffff-2014-06,1
8448b3dffffffff-2014-07,3
8448b3dffffffff-2014-08,5
8448b3dffffffff-2014-09,2
8448b3dffffffff-2014-10,3
8448b3dffffffff-2014-11,12
8448b3dffffffff-2014-12,14
8448b3dffffffff-2015-01,20
8448b3dffffffff-2015-02,16
8448b3dffffffff-2015-03,32
8448b3dffffffff-2015-04,42
8448b3dffffffff-2015-06,1
8448b3dffffffff-2015-07,3
8448b3dffffffff-2015-08,4
8448b3dffffffff-2015-10,8
8448b3dffffffff-2015-11,30
8448b3dffffffff-2015-12,4
8448b3dffffffff-2016-01,18
8448b3dffffffff-2016-02,19
8448b3dffffffff-2016-03,23
8448b3dffffffff-2016-04,46
8448b3dffffffff-2016-05,9
8448b3dffffffff-2016-07,4
8448b3dffffffff-2016-08,14
8448b3dffffffff-2016-09,6
8448b3dffffffff-2016-10,4
8448b3dffffffff-2016-11,74
8448b3dffffffff-2016-12,7
8448b3dffffffff-2017-01,8
8448b3dffffffff-2017-02,18
8448b3dffffffff-2017-03,29
8448b3dffffffff-2017-04,41
8448b3dffffffff-2017-05,6
8448b3dffffffff-2017-06,6
8448b3dffffffff-2017-07,12
8448b3dffffffff-2017-08,13
8448b3dffffffff-2017-09,5
8448b3dffffffff-2017-10,4
8448b3dffffffff-2017-11,61
8448b3dffffffff-2017-12,3
8448b3dffffffff-2018-01,5
8448b3dffffffff-2018-02,6
8448b3dffffffff-2018-03,43
8448b3dffffffff-2018-04,66
8448b3dffffffff-2018-05,13
8448b3dffffffff-2018-07,12
8448b3dffffffff-2018-08,6
8448b3dffffffff-2018-09,5
8448b3dffffffff-2018-10,6
8448b3dffffffff-2018-11,19
8448b3dffffffff-2018-12,15
8448b3dffffffff-2019-01,16
8448b3dffffffff-2019-02,20
8448b3dffffffff-2019-03,16
8448b3dffffffff-2019-04,25
8448b3dffffffff-2019-05,10
8448b3dffffffff-2019-07,3
8448b3dffffffff-2019-08,5
8448b3dffffffff-2019-09,3
8448b3dffffffff-2019-10,4
8448b3dffffffff-2019-11,105
8448b3dffffffff-2019-12,26
8448b3dffffffff-2020-01,18
8448b3dffffffff-2020-02,18
8448b3dffffffff-2020-03,94
8448b3dffffffff-2020-04,31
8448b3dffffffff-2020-05,10
8448b3dffffffff-2020-07,3
8448b3dffffffff-2020-08,9
8448b3dffffffff-2020-09,8
8448b3dffffffff-2020-10,12
8448b3dffffffff-2020-11,12
8448b3dffffffff-2020-12,5
8448b3dffffffff-2021-01,6
8448b3dffffffff-2021-02,10
8448b3dffffffff-2021-03,27
8448b3dffffffff-2021-04,57
8448b3dffffffff-2021-05,6
8448b3dffffffff-2021-06,1
8448b3dffffffff-2021-07,6
8448b3dffffffff-2021-08,10
8448b3dffffffff-2021-09,6
8448b3dffffffff-2021-10,43
8448b3dffffffff-2021-11,33
8448b3dffffffff-2021-12,8
8448b3dffffffff-2022-01,29
8448b3dffffffff-2022-02,47
8448b3dffffffff-2022-03,20
8448b3dffffffff-2022-04,106
8448b3dffffffff-2022-05,20
8448b3dffffffff-2022-06,2
8448b3dffffffff-2022-07,5
8448b3dffffffff-2022-08,11
8448b3dffffffff-2022-09,13
8448b3dffffffff-2022-10,29
8448b3dffffffff-2022-11,126
8448b3dffffffff-2022-12,14
8448b3dffffffff-2023-01,18
8448b3dffffffff-2023-02,32
8448b3dffffffff-2023-03,27
8448b3dffffffff-2023-04,115
8448b3dffffffff-2023-05,28
8448b3dffffffff-2023-07,9
8448b3dffffffff-2023-08,14
8448b3dffffffff-2023-09,9
8448b3dffffffff-2023-10,16
8448b3dffffffff-2023-11,77
8448b45ffffffff-2022-10,1
8448b47ffffffff-2018-02,1
8448b4dffffffff-2013-06,1
8448b4dffffffff-2017-04,8
8448b4dffffffff-2019-04,3
8448b4dffffffff-2019-06,4
8448b4dffffffff-2020-08,1
8448b4dffffffff-2021-01,1
8448b4dffffffff-2022-03,16
8448b4dffffffff-2022-11,9
8448b4dffffffff-2022-12,2
8448b4dffffffff-2023-08,9
8448b4dffffffff-2023-09,6
8448b4dffffffff-2023-10,4
8448b51ffffffff-2022-07,8
8448b59ffffffff-2019-02,1
8448b5bffffffff-2018-08,9
8448b5bffffffff-2019-03,1
8448b5bffffffff-2019-04,2
8448b5bffffffff-2020-02,3
8448b5bffffffff-2021-03,2
8448b5bffffffff-2022-08,5
8448b5bffffffff-2023-01,1
8448b5bffffffff-2023-04,4
8448b6bffffffff-2021-11,1
8448c05ffffffff-2013-05,1
8448c05ffffffff-2013-08,1
8448c05ffffffff-2013-09,3
8448c05ffffffff-2015-07,2
8448c05ffffffff-2015-08,2
8448c05ffffffff-2016-03,1
8448c05ffffffff-2016-08,2
8448c05ffffffff-2016-09,2
8448c05ffffffff-2017-09,3
8448c05ffffffff-2019-03,2
8448c05ffffffff-2020-08,5
8448c05ffffffff-2020-09,1
8448c05ffffffff-2021-04,1
8448c05ffffffff-2023-04,1
8448c05ffffffff-2023-08,2
8448c05ffffffff-2023-10,1
8448c07ffffffff-2019-08,1
8448c07ffffffff-2022-08,3
8448c07ffffffff-2023-09,9
8448c07ffffffff-2023-10,1
8448c09ffffffff-2014-09,3
8448c09ffffffff-2018-08,1
8448c0dffffffff-2013-09,1
8448c0dffffffff-2015-08,2
8448c0dffffffff-2015-10,2
8448c13ffffffff-2017-07,1
8448c17ffffffff-2021-04,1
8448c19ffffffff-2022-08,6
8448c1dffffffff-2012-04,1
8448c1dffffffff-2018-04,1
8448c1dffffffff-2023-08,1
8448c25ffffffff-2020-04,4
8448c25ffffffff-2020-05,1
8448c25ffffffff-2020-08,3
8448c25ffffffff-2020-09,1
8448c25ffffffff-2020-10,1
8448c25ffffffff-2021-03,1
8448c25ffffffff-2021-04,1
8448c2bffffffff-2018-08,2
8448c2bffffffff-2018-09,3
8448c2bffffffff-2021-08,3
8448c2bffffffff-2021-09,4
8448c2bffffffff-2022-04,2
8448c2bffffffff-2023-08,1
8448c2bffffffff-2023-09,1
8448c2dffffffff-2012-03,1
8448c2dffffffff-2012-04,3
8448c2dffffffff-2012-05,2
8448c2dffffffff-2012-07,1
8448c2dffffffff-2013-04,1
8448c2dffffffff-2014-09,2
8448c2dffffffff-2015-08,3
8448c2dffffffff-2015-09,3
8448c2dffffffff-2017-08,6
8448c2dffffffff-2017-09,11
8448c2dffffffff-2018-04,1
8448c2dffffffff-2018-10,1
8448c2dffffffff-2019-03,1
8448c2dffffffff-2019-04,6
8448c2dffffffff-2020-04,4
8448c2dffffffff-2020-07,14
8448c2dffffffff-2021-06,2
8448c2dffffffff-2021-07,4
8448c2dffffffff-2021-08,2
8448c2dffffffff-2021-09,18
8448c2dffffffff-2022-07,3
8448c2dffffffff-2022-08,6
8448c2dffffffff-2023-03,1
8448c2dffffffff-2023-04,9
8448c2dffffffff-2023-05,4
8448c2dffffffff-2023-07,9
8448c2dffffffff-2023-08,18
8448c2dffffffff-2023-09,23
8448c2dffffffff-2023-10,10
8448c35ffffffff-2012-03,2
8448c35ffffffff-2012-04,20
8448c35ffffffff-2012-05,6
8448c35ffffffff-2012-07,9
8448c35ffffffff-2012-10,1
8448c35ffffffff-2013-03,1
8448c35ffffffff-2013-04,8
8448c35ffffffff-2013-05,6
8448c35ffffffff-2013-07,38
8448c35ffffffff-2014-03,1
8448c35ffffffff-2014-04,12
8448c35ffffffff-2014-05,5
8448c35ffffffff-2014-07,1
8448c35ffffffff-2014-08,1
8448c35ffffffff-2014-09,1
8448c35ffffffff-2014-11,2
8448c35ffffffff-2014-12,1
8448c35ffffffff-2015-04,4
8448c35ffffffff-2015-11,2
8448c35ffffffff-2016-02,1
8448c35ffffffff-2016-03,1
8448c35ffffffff-2016-04,7
8448c35ffffffff-2016-05,4
8448c35ffffffff-2016-08,1
8448c35ffffffff-2016-09,2
8448c35ffffffff-2016-10,1
8448c35ffffffff-2016-11,4
8448c35ffffffff-2017-04,31
8448c35ffffffff-2017-05,12
8448c35ffffffff-2017-07,2
8448c35ffffffff-2017-08,2
8448c35ffffffff-2017-10,1
8448c35ffffffff-2018-04,20
8448c35ffffffff-2018-05,5
8448c35ffffffff-2018-08,3
8448c35ffffffff-2018-09,3
8448c35ffffffff-2018-10,5
8448c35ffffffff-2018-11,1
8448c35ffffffff-2019-03,2
8448c35ffffffff-2019-04,22
8448c35ffffffff-2019-05,3
8448c35ffffffff-2019-07,9
8448c35ffffffff-2019-08,55
8448c35ffffffff-2019-10,6
8448c35ffffffff-2020-04,1
8448c35ffffffff-2020-07,6
8448c35ffffffff-2020-08,16
8448c35ffffffff-2020-09,8
8448c35ffffffff-2020-11,2
8448c35ffffffff-2021-01,1
8448c35ffffffff-2021-03,15
8448c35ffffffff-2021-04,115
8448c35ffffffff-2021-05,15
8448c35ffffffff-2021-07,3
8448c35ffffffff-2021-08,3
8448c35ffffffff-2021-10,5
8448c35ffffffff-2021-11,4
8448c35ffffffff-2022-03,6
8448c35ffffffff-2022-04,110
8448c35ffffffff-2022-05,11
8448c35ffffffff-2022-07,1
8448c35ffffffff-2022-08,7
8448c35ffffffff-2022-10,2
8448c35ffffffff-2022-11,4
8448c35ffffffff-2022-12,1
8448c35ffffffff-2023-03,10
8448c35ffffffff-2023-04,66
8448c35ffffffff-2023-05,5
8448c35ffffffff-2023-08,13
8448c35ffffffff-2023-09,8
8448c35ffffffff-2023-10,1
8448c35ffffffff-2023-11,4
8448c3dffffffff-2013-05,1
8448c3dffffffff-2013-07,1
8448c3dffffffff-2017-08,1
8448c3dffffffff-2018-08,2
8448c3dffffffff-2019-03,1
8448c3dffffffff-2019-08,1
8448c3dffffffff-2021-07,4
8448c3dffffffff-2021-08,1
8448c3dffffffff-2022-04,7
8448c3dffffffff-2023-08,4
8448c43ffffffff-2017-08,1
8448c43ffffffff-2019-08,1
8448c43ffffffff-2019-09,1
8448c43ffffffff-2019-10,1
8448c43ffffffff-2020-05,1
8448c43ffffffff-2022-08,1
8448c43ffffffff-2023-04,1
8448c47ffffffff-2014-09,1
8448c47ffffffff-2016-09,3
8448c47ffffffff-2017-10,2
8448c47ffffffff-2019-08,2
8448c47ffffffff-2020-03,4
8448c47ffffffff-2020-04,3
8448c47ffffffff-2021-03,2
8448c47ffffffff-2021-09,4
8448c47ffffffff-2022-04,7
8448c47ffffffff-2022-07,3
8448c47ffffffff-2022-08,2
8448c47ffffffff-2022-09,1
8448c47ffffffff-2022-10,2
8448c47ffffffff-2023-04,5
8448c47ffffffff-2023-08,1
8448c51ffffffff-2012-08,1
8448c51ffffffff-2013-09,1
8448c51ffffffff-2014-09,2
8448c51ffffffff-2015-09,1
8448c51ffffffff-2016-08,2
8448c51ffffffff-2016-09,1
8448c51ffffffff-2017-09,2
8448c51ffffffff-2017-10,1
8448c51ffffffff-2019-03,1
8448c51ffffffff-2019-04,1
8448c51ffffffff-2020-01,2
8448c51ffffffff-2020-09,4
8448c51ffffffff-2021-09,1
8448c51ffffffff-2022-08,9
8448c51ffffffff-2023-04,4
8448c51ffffffff-2023-09,4
8448c53ffffffff-2022-08,2
8448c57ffffffff-2014-04,2
8448c57ffffffff-2015-04,1
8448c57ffffffff-2016-07,1
8448c57ffffffff-2016-08,2
8448c57ffffffff-2018-04,3
8448c57ffffffff-2018-05,1
8448c57ffffffff-2018-08,1
8448c57ffffffff-2022-04,1
8448c57ffffffff-2023-04,2
8448c57ffffffff-2023-07,2
8448c57ffffffff-2023-08,4
8448c57ffffffff-2023-09,4
8448c57ffffffff-2023-10,1
8448c59ffffffff-2016-08,11
8448c59ffffffff-2017-08,1
8448c59ffffffff-2018-04,1
8448c59ffffffff-2019-07,1
8448c59ffffffff-2021-08,12
8448c59ffffffff-2023-09,2
8448c5bffffffff-2020-09,1
8448c5dffffffff-2023-04,1
8448c61ffffffff-2012-08,2
8448c61ffffffff-2012-09,4
8448c61ffffffff-2012-10,1
8448c61ffffffff-2013-04,1
8448c61ffffffff-2013-07,1
8448c61ffffffff-2013-08,2
8448c61ffffffff-2013-09,3
8448c61ffffffff-2013-10,3
8448c61ffffffff-2014-07,1
8448c61ffffffff-2014-08,3
8448c61ffffffff-2015-08,1
8448c61ffffffff-2016-10,2
8448c61ffffffff-2017-04,1
8448c61ffffffff-2017-07,3
8448c61ffffffff-2017-08,4
8448c61ffffffff-2017-09,4
8448c61ffffffff-2017-10,2
8448c61ffffffff-2018-09,1
8448c61ffffffff-2019-09,5
8448c61ffffffff-2019-10,1
8448c61ffffffff-2020-08,3
8448c61ffffffff-2020-09,1
8448c61ffffffff-2021-04,1
8448c61ffffffff-2021-08,33
8448c61ffffffff-2021-09,72
8448c61ffffffff-2021-10,6
8448c61ffffffff-2021-11,7
8448c61ffffffff-2021-12,9
8448c61ffffffff-2022-01,4
8448c61ffffffff-2022-03,3
8448c61ffffffff-2022-07,6
8448c61ffffffff-2022-08,6
8448c61ffffffff-2022-09,4
8448c61ffffffff-2022-10,3
8448c61ffffffff-2023-04,1
8448c61ffffffff-2023-08,9
8448c61ffffffff-2023-09,1
8448c63ffffffff-2012-08,1
8448c63ffffffff-2013-05,1
8448c63ffffffff-2013-08,1
8448c63ffffffff-2014-08,1
8448c63ffffffff-2015-04,1
8448c63ffffffff-2015-08,2
8448c63ffffffff-2015-09,2
8448c63ffffffff-2016-01,1
8448c63ffffffff-2016-09,1
8448c63ffffffff-2016-10,1
8448c63ffffffff-2017-08,5
8448c63ffffffff-2017-09,6
8448c63ffffffff-2018-04,3
8448c63ffffffff-2018-09,2
8448c63ffffffff-2019-08,3
8448c63ffffffff-2019-09,2
8448c63ffffffff-2020-08,5
8448c63ffffffff-2020-09,2
8448c63ffffffff-2021-04,19
8448c63ffffffff-2021-08,4
8448c63ffffffff-2021-09,4
8448c63ffffffff-2022-04,2
8448c63ffffffff-2022-08,2
8448c63ffffffff-2022-09,4
8448c63ffffffff-2023-04,11
8448c63ffffffff-2023-08,7
8448c63ffffffff-2023-09,3
8448c63ffffffff-2023-10,1
8448c67ffffffff-2021-09,2
8448c67ffffffff-2022-09,1
8448c69ffffffff-2012-09,1
8448c69ffffffff-2013-08,1
8448c69ffffffff-2013-09,1
8448c69ffffffff-2014-09,4
8448c69ffffffff-2015-04,1
8448c69ffffffff-2015-08,8
8448c69ffffffff-2017-08,3
8448c69ffffffff-2017-09,3
8448c69ffffffff-2019-08,1
8448c69ffffffff-2021-07,2
8448c69ffffffff-2021-08,6
8448c69ffffffff-2022-04,6
8448c69ffffffff-2022-08,4
8448c69ffffffff-2023-09,1
8448c6bffffffff-2021-10,3
8448c6bffffffff-2023-08,2
8448c6bffffffff-2023-09,1
8448c6dffffffff-2012-08,2
8448c6dffffffff-2012-10,4
8448c6dffffffff-2013-05,2
8448c6dffffffff-2013-09,2
8448c6dffffffff-2014-04,1
8448c6dffffffff-2014-10,1
8448c6dffffffff-2015-01,5
8448c6dffffffff-2015-08,1
8448c6dffffffff-2015-09,1
8448c6dffffffff-2017-08,1
8448c6dffffffff-2018-11,1
8448c6dffffffff-2018-12,2
8448c6dffffffff-2019-08,1
8448c6dffffffff-2019-11,1
8448c6dffffffff-2019-12,2
8448c6dffffffff-2021-04,4
8448c6dffffffff-2021-06,1
8448c6dffffffff-2021-07,1
8448c6dffffffff-2021-08,1
8448c6dffffffff-2021-09,2
8448c6dffffffff-2021-10,4
8448c6dffffffff-2022-04,6
8448c6dffffffff-2022-07,4
8448c6dffffffff-2022-09,1
8448c6dffffffff-2022-12,2
8448c6dffffffff-2023-01,1
8448c6dffffffff-2023-04,5
8448c6dffffffff-2023-05,1
8448c6dffffffff-2023-08,8
8448c6dffffffff-2023-09,1
8448c89ffffffff-2012-04,1
8448c89ffffffff-2013-04,1
8448c89ffffffff-2013-08,2
8448c89ffffffff-2019-05,1
8448c89ffffffff-2019-07,2
8448c89ffffffff-2019-08,2
8448c89ffffffff-2020-04,2
8448c89ffffffff-2020-07,8
8448c89ffffffff-2020-08,23
8448c89ffffffff-2020-09,9
8448c89ffffffff-2021-04,1
8448c89ffffffff-2022-04,5
8448c89ffffffff-2022-05,1
8448c89ffffffff-2022-09,2
8448c89ffffffff-2023-08,2
8448c89ffffffff-2023-09,2
8448c8bffffffff-2013-05,2
8448c8bffffffff-2020-09,1
8448c8bffffffff-2022-08,2
8448c93ffffffff-2012-09,1
8448c93ffffffff-2018-08,5
8448c93ffffffff-2019-09,2
8448c97ffffffff-2017-09,1
8448c97ffffffff-2020-04,1
8448c97ffffffff-2020-07,2
8448c99ffffffff-2015-09,1
8448c99ffffffff-2017-04,1
8448c99ffffffff-2017-05,1
8448c99ffffffff-2018-08,4
8448c99ffffffff-2019-07,2
8448c99ffffffff-2021-08,7
8448c99ffffffff-2021-09,2
8448c99ffffffff-2022-08,7
8448c99ffffffff-2023-08,1
8448c9bffffffff-2012-08,3
8448c9bffffffff-2014-07,1
8448c9bffffffff-2016-08,2
8448c9bffffffff-2017-06,1
8448c9dffffffff-2013-09,2
8448c9dffffffff-2014-08,2
8448c9dffffffff-2018-09,1
8448c9dffffffff-2021-07,1
8448c9dffffffff-2021-08,89
8448c9dffffffff-2021-09,6
8448c9dffffffff-2021-10,2
8448c9dffffffff-2022-08,6
8448c9dffffffff-2022-09,8
8448c9dffffffff-2022-10,3
8448c9dffffffff-2023-07,3
8448c9dffffffff-2023-08,17
8448c9dffffffff-2023-09,36
8448ca3ffffffff-2021-06,1
8448cadffffffff-2019-10,1
8448cadffffffff-2020-08,1
8448cadffffffff-2023-08,4
8448cb3ffffffff-2016-09,3
8448cb5ffffffff-2015-07,1
8448cb5ffffffff-2020-09,1
8448cb5ffffffff-2022-08,1
8448cb5ffffffff-2022-09,1
8448cbdffffffff-2016-09,2
8448cbdffffffff-2019-07,1
8448cbdffffffff-2019-09,1
8448cbdffffffff-2021-05,1
8448cc1ffffffff-2020-08,6
8448cc1ffffffff-2020-09,6
8448cc1ffffffff-2023-08,2
8448cc3ffffffff-2018-05,1
8448cc3ffffffff-2022-09,1
8448cc3ffffffff-2022-10,2
8448cc3ffffffff-2022-11,2
8448cc3ffffffff-2023-08,1
8448cc5ffffffff-2013-08,1
8448cc5ffffffff-2018-07,1
8448cc5ffffffff-2021-04,1
8448cc5ffffffff-2023-08,1
8448cc5ffffffff-2023-09,1
8448cc7ffffffff-2014-09,3
8448cc7ffffffff-2017-09,1
8448cc7ffffffff-2018-07,1
8448cc7ffffffff-2020-07,4
8448cc7ffffffff-2020-08,1
8448cc7ffffffff-2021-04,1
8448cc7ffffffff-2021-08,1
8448cc7ffffffff-2022-08,2
8448cc7ffffffff-2023-04,1
8448cc7ffffffff-2023-07,4
8448cc7ffffffff-2023-09,3
8448cc7ffffffff-2023-10,1
8448cd3ffffffff-2012-10,1
8448cd3ffffffff-2014-04,6
8448cd3ffffffff-2014-07,1
8448cd3ffffffff-2014-08,7
8448cd3ffffffff-2016-08,2
8448cd3ffffffff-2016-09,1
8448cd3ffffffff-2017-08,28
8448cd3ffffffff-2017-09,24
8448cd3ffffffff-2017-10,27
8448cd3ffffffff-2018-03,3
8448cd3ffffffff-2018-04,6
8448cd3ffffffff-2018-07,1
8448cd3ffffffff-2018-08,4
8448cd3ffffffff-2019-04,1
8448cd3ffffffff-2019-08,4
8448cd3ffffffff-2019-09,2
8448cd3ffffffff-2020-04,5
8448cd3ffffffff-2020-05,3
8448cd3ffffffff-2020-07,9
8448cd3ffffffff-2020-08,11
8448cd3ffffffff-2020-09,3
8448cd3ffffffff-2020-10,1
8448cd3ffffffff-2021-04,3
8448cd3ffffffff-2022-04,6
8448cd3ffffffff-2022-07,1
8448cd3ffffffff-2023-08,3
8448cd3ffffffff-2023-09,1
8448cd7ffffffff-2017-08,1
8448cd7ffffffff-2022-09,2
8448cd7ffffffff-2023-04,3
8448cd7ffffffff-2023-08,4
8448cd7ffffffff-2023-09,2
8448cd9ffffffff-2012-08,1
8448cd9ffffffff-2018-04,1
8448cdbffffffff-2016-08,1
8448cdbffffffff-2017-03,1
8448cdbffffffff-2017-09,1
8448cdbffffffff-2021-04,1
8448cdbffffffff-2023-08,1
8448cebffffffff-2014-09,3
8448cebffffffff-2016-09,2
8448cebffffffff-2021-08,2
8448cebffffffff-2021-09,7
8448cebffffffff-2022-10,3
8448cebffffffff-2023-09,12
8448cedffffffff-2022-04,1
8448d03ffffffff-2012-03,2
8448d03ffffffff-2012-04,4
8448d03ffffffff-2012-05,7
8448d03ffffffff-2012-06,1
8448d03ffffffff-2012-07,5
8448d03ffffffff-2012-08,4
8448d03ffffffff-2012-09,4
8448d03ffffffff-2013-04,15
8448d03ffffffff-2013-05,6
8448d03ffffffff-2013-06,1
8448d03ffffffff-2013-07,4
8448d03ffffffff-2013-08,9
8448d03ffffffff-2013-09,2
8448d03ffffffff-2014-03,4
8448d03ffffffff-2014-04,18
8448d03ffffffff-2014-08,5
8448d03ffffffff-2014-09,1
8448d03ffffffff-2014-10,3
8448d03ffffffff-2014-12,7
8448d03ffffffff-2015-01,1
8448d03ffffffff-2015-02,3
8448d03ffffffff-2015-04,12
8448d03ffffffff-2015-05,7
8448d03ffffffff-2015-06,1
8448d03ffffffff-2015-07,6
8448d03ffffffff-2015-08,7
8448d03ffffffff-2015-09,3
8448d03ffffffff-2016-03,3
8448d03ffffffff-2016-04,3
8448d03ffffffff-2016-05,3
8448d03ffffffff-2016-06,2
8448d03ffffffff-2016-07,9
8448d03ffffffff-2016-08,4
8448d03ffffffff-2016-09,5
8448d03ffffffff-2016-10,12
8448d03ffffffff-2017-03,14
8448d03ffffffff-2017-04,2
8448d03ffffffff-2017-05,3
8448d03ffffffff-2017-06,3
8448d03ffffffff-2017-07,6
8448d03ffffffff-2017-08,11
8448d03ffffffff-2017-09,33
8448d03ffffffff-2017-10,2
8448d03ffffffff-2017-11,1
8448d03ffffffff-2018-03,9
8448d03ffffffff-2018-04,13
8448d03ffffffff-2018-05,11
8448d03ffffffff-2018-06,2
8448d03ffffffff-2018-07,2
8448d03ffffffff-2018-08,5
8448d03ffffffff-2018-09,7
8448d03ffffffff-2018-10,6
8448d03ffffffff-2019-03,4
8448d03ffffffff-2019-04,13
8448d03ffffffff-2019-05,8
8448d03ffffffff-2019-06,2
8448d03ffffffff-2019-07,4
8448d03ffffffff-2019-08,61
8448d03ffffffff-2019-09,9
8448d03ffffffff-2019-12,1
8448d03ffffffff-2020-01,4
8448d03ffffffff-2020-02,18
8448d03ffffffff-2020-03,3
8448d03ffffffff-2020-04,4
8448d03ffffffff-2020-05,4
8448d03ffffffff-2020-06,1
8448d03ffffffff-2020-07,10
8448d03ffffffff-2020-08,23
8448d03ffffffff-2020-09,12
8448d03ffffffff-2020-10,11
8448d03ffffffff-2021-02,3
8448d03ffffffff-2021-03,4
8448d03ffffffff-2021-04,40
8448d03ffffffff-2021-05,20
8448d03ffffffff-2021-07,1
8448d03ffffffff-2021-08,22
8448d03ffffffff-2021-09,31
8448d03ffffffff-2021-10,7
8448d03ffffffff-2021-11,2
8448d03ffffffff-2022-03,3
8448d03ffffffff-2022-04,11
8448d03ffffffff-2022-05,8
8448d03ffffffff-2022-06,3
8448d03ffffffff-2022-07,18
8448d03ffffffff-2022-08,21
8448d03ffffffff-2022-09,5
8448d03ffffffff-2022-10,10
8448d03ffffffff-2023-03,16
8448d03ffffffff-2023-04,62
8448d03ffffffff-2023-05,24
8448d03ffffffff-2023-06,5
8448d03ffffffff-2023-07,9
8448d03ffffffff-2023-08,14
8448d03ffffffff-2023-09,15
8448d03ffffffff-2023-10,13
8448d05ffffffff-2022-04,1
8448d05ffffffff-2023-08,1
8448d07ffffffff-2017-10,1
8448d07ffffffff-2021-09,1
8448d09ffffffff-2012-04,1
8448d09ffffffff-2012-06,1
8448d09ffffffff-2012-08,3
8448d09ffffffff-2012-09,5
8448d09ffffffff-2013-03,1
8448d09ffffffff-2013-04,1
8448d09ffffffff-2013-05,7
8448d09ffffffff-2013-08,5
8448d09ffffffff-2013-11,1
8448d09ffffffff-2014-03,2
8448d09ffffffff-2014-04,1
8448d09ffffffff-2014-08,5
8448d09ffffffff-2014-09,5
8448d09ffffffff-2015-08,2
8448d09ffffffff-2015-09,2
8448d09ffffffff-2015-10,1
8448d09ffffffff-2016-05,1
8448d09ffffffff-2016-07,3
8448d09ffffffff-2016-09,2
8448d09ffffffff-2017-04,1
8448d09ffffffff-2017-07,3
8448d09ffffffff-2017-08,3
8448d09ffffffff-2018-04,7
8448d09ffffffff-2018-05,1
8448d09ffffffff-2018-07,1
8448d09ffffffff-2018-08,1
8448d09ffffffff-2018-09,2
8448d09ffffffff-2019-08,2
8448d09ffffffff-2019-09,1
8448d09ffffffff-2020-04,3
8448d09ffffffff-2020-05,5
8448d09ffffffff-2020-07,1
8448d09ffffffff-2020-08,8
8448d09ffffffff-2021-04,10
8448d09ffffffff-2021-07,1
8448d09ffffffff-2021-08,3
8448d09ffffffff-2021-09,23
8448d09ffffffff-2021-10,2
8448d09ffffffff-2021-11,1
8448d09ffffffff-2022-04,1
8448d09ffffffff-2022-05,1
8448d09ffffffff-2022-08,1
8448d09ffffffff-2022-09,13
8448d09ffffffff-2022-10,1
8448d09ffffffff-2022-11,1
8448d09ffffffff-2023-04,12
8448d09ffffffff-2023-05,5
8448d09ffffffff-2023-07,7
8448d09ffffffff-2023-08,6
8448d0bffffffff-2016-09,3
8448d0bffffffff-2018-04,2
8448d0dffffffff-2018-08,4
8448d0dffffffff-2019-03,1
8448d0dffffffff-2019-04,1
8448d0dffffffff-2019-08,1
8448d0dffffffff-2021-04,3
8448d0dffffffff-2021-08,2
8448d0dffffffff-2021-09,5
8448d0dffffffff-2022-04,3
8448d0dffffffff-2022-08,3
8448d0dffffffff-2022-09,7
8448d19ffffffff-2023-04,2
8448d1bffffffff-2013-05,2
8448d1bffffffff-2019-04,2
8448d21ffffffff-2014-04,2
8448d21ffffffff-2015-09,1
8448d21ffffffff-2016-04,1
8448d21ffffffff-2016-07,1
8448d21ffffffff-2016-08,1
8448d21ffffffff-2017-08,2
8448d21ffffffff-2017-09,1
8448d21ffffffff-2019-03,2
8448d21ffffffff-2019-04,2
8448d21ffffffff-2021-04,1
8448d21ffffffff-2021-09,2
8448d21ffffffff-2023-05,1
8448d23ffffffff-2020-09,1
8448d25ffffffff-2012-08,16
8448d25ffffffff-2012-09,1
8448d25ffffffff-2013-04,15
8448d25ffffffff-2013-05,6
8448d25ffffffff-2013-07,1
8448d25ffffffff-2014-07,1
8448d25ffffffff-2014-08,4
8448d25ffffffff-2014-09,1
8448d25ffffffff-2015-04,1
8448d25ffffffff-2015-11,1
8448d25ffffffff-2016-03,1
8448d25ffffffff-2016-04,7
8448d25ffffffff-2016-05,4
8448d25ffffffff-2016-07,1
8448d25ffffffff-2016-08,3
8448d25ffffffff-2016-10,4
8448d25ffffffff-2016-11,1
8448d25ffffffff-2017-09,2
8448d25ffffffff-2018-09,1
8448d25ffffffff-2018-10,2
8448d25ffffffff-2019-03,2
8448d25ffffffff-2019-09,1
8448d25ffffffff-2020-04,1
8448d25ffffffff-2021-04,1
8448d25ffffffff-2021-08,1
8448d25ffffffff-2021-09,3
8448d25ffffffff-2022-07,8
8448d25ffffffff-2022-08,11
8448d25ffffffff-2022-09,1
8448d25ffffffff-2023-08,12
8448d25ffffffff-2023-09,4
8448d25ffffffff-2023-10,6
8448d25ffffffff-2023-11,1
8448d27ffffffff-2012-07,5
8448d27ffffffff-2012-08,3
8448d27ffffffff-2012-10,1
8448d27ffffffff-2013-08,1
8448d27ffffffff-2013-10,7
8448d27ffffffff-2014-09,5
8448d27ffffffff-2015-07,1
8448d27ffffffff-2015-09,1
8448d27ffffffff-2015-12,2
8448d27ffffffff-2016-10,1
8448d27ffffffff-2017-06,1
8448d27ffffffff-2017-09,1
8448d27ffffffff-2017-10,1
8448d27ffffffff-2018-10,1
8448d27ffffffff-2019-07,3
8448d27ffffffff-2019-08,1
8448d27ffffffff-2019-09,4
8448d27ffffffff-2020-05,1
8448d27ffffffff-2021-05,1
8448d27ffffffff-2021-07,2
8448d27ffffffff-2021-08,1
8448d27ffffffff-2021-09,5
8448d27ffffffff-2021-10,1
8448d27ffffffff-2022-08,1
8448d27ffffffff-2022-09,3
8448d27ffffffff-2022-10,2
8448d27ffffffff-2022-11,1
8448d27ffffffff-2023-05,2
8448d29ffffffff-2021-04,1
8448d2bffffffff-2012-08,1
8448d2bffffffff-2017-08,1
8448d2bffffffff-2018-09,3
8448d2dffffffff-2013-08,2
8448d2dffffffff-2014-09,1
8448d2dffffffff-2018-05,2
8448d2dffffffff-2022-10,1
8448d33ffffffff-2012-04,3
8448d33ffffffff-2012-05,2
8448d33ffffffff-2012-08,1
8448d33ffffffff-2014-04,2
8448d33ffffffff-2018-04,1
8448d33ffffffff-2019-05,2
8448d33ffffffff-2020-05,2
8448d33ffffffff-2020-08,1
8448d33ffffffff-2020-09,2
8448d33ffffffff-2021-04,1
8448d33ffffffff-2021-09,1
8448d33ffffffff-2022-04,2
8448d33ffffffff-2023-04,3
8448d33ffffffff-2023-05,3
8448d33ffffffff-2023-09,1
8448d35ffffffff-2012-04,9
8448d35ffffffff-2012-05,8
8448d35ffffffff-2012-07,6
8448d35ffffffff-2012-08,4
8448d35ffffffff-2012-09,3
8448d35ffffffff-2012-10,1
8448d35ffffffff-2013-04,2
8448d35ffffffff-2013-05,1
8448d35ffffffff-2013-07,1
8448d35ffffffff-2013-09,3
8448d35ffffffff-2013-10,8
8448d35ffffffff-2014-05,2
8448d35ffffffff-2014-08,2
8448d35ffffffff-2015-07,3
8448d35ffffffff-2015-08,1
8448d35ffffffff-2015-09,1
8448d35ffffffff-2016-09,5
8448d35ffffffff-2016-10,2
8448d35ffffffff-2017-04,1
8448d35ffffffff-2017-08,1
8448d35ffffffff-2017-09,6
8448d35ffffffff-2017-10,3
8448d35ffffffff-2018-04,1
8448d35ffffffff-2018-08,1
8448d35ffffffff-2018-09,5
8448d35ffffffff-2019-04,1
8448d35ffffffff-2019-05,2
8448d35ffffffff-2019-07,1
8448d35ffffffff-2019-08,2
8448d35ffffffff-2019-09,9
8448d35ffffffff-2020-05,2
8448d35ffffffff-2020-07,1
8448d35ffffffff-2020-08,16
8448d35ffffffff-2020-09,22
8448d35ffffffff-2020-10,6
8448d35ffffffff-2021-04,2
8448d35ffffffff-2021-05,12
8448d35ffffffff-2021-08,2
8448d35ffffffff-2021-09,10
8448d35ffffffff-2021-10,6
8448d35ffffffff-2022-04,2
8448d35ffffffff-2022-05,8
8448d35ffffffff-2022-06,1
8448d35ffffffff-2022-07,8
8448d35ffffffff-2022-08,1
8448d35ffffffff-2022-09,5
8448d35ffffffff-2022-10,1
8448d35ffffffff-2023-08,7
8448d35ffffffff-2023-09,6
8448d35ffffffff-2023-10,1
8448d37ffffffff-2020-09,4
8448d39ffffffff-2018-04,3
8448d41ffffffff-2013-01,1
8448d41ffffffff-2020-09,1
8448d43ffffffff-2022-05,2
8448d45ffffffff-2017-09,1
8448d45ffffffff-2021-08,1
8448d47ffffffff-2012-03,1
8448d47ffffffff-2012-04,5
8448d47ffffffff-2012-08,1
8448d47ffffffff-2013-03,4
8448d47ffffffff-2013-04,8
8448d47ffffffff-2013-05,3
8448d47ffffffff-2013-08,5
8448d47ffffffff-2013-09,4
8448d47ffffffff-2013-10,7
8448d47ffffffff-2013-11,1
8448d47ffffffff-2013-12,3
8448d47ffffffff-2014-01,1
8448d47ffffffff-2014-02,1
8448d47ffffffff-2014-03,2
8448d47ffffffff-2014-04,1
8448d47ffffffff-2014-09,1
8448d47ffffffff-2015-07,1
8448d47ffffffff-2015-09,2
8448d47ffffffff-2015-12,1
8448d47ffffffff-2016-05,1
8448d47ffffffff-2016-11,1
8448d47ffffffff-2021-04,1
8448d61ffffffff-2022-08,2
8448d63ffffffff-2022-04,1
8448d63ffffffff-2023-04,1
8448d63ffffffff-2023-05,6
8448d65ffffffff-2019-08,1
8448d65ffffffff-2020-08,3
8448d65ffffffff-2021-04,4
8448d65ffffffff-2023-08,1
8448d67ffffffff-2019-09,1
8448d6dffffffff-2013-04,3
8448d6dffffffff-2014-05,2
8448d6dffffffff-2016-01,1
8448d81ffffffff-2012-05,2
8448d81ffffffff-2013-04,1
8448d81ffffffff-2013-09,2
8448d81ffffffff-2013-10,8
8448d81ffffffff-2014-08,1
8448d81ffffffff-2015-08,1
8448d81ffffffff-2020-04,1
8448d81ffffffff-2020-08,3
8448d81ffffffff-2021-04,2
8448d81ffffffff-2022-04,4
8448d81ffffffff-2022-08,7
8448d81ffffffff-2022-09,6
8448d83ffffffff-2013-05,8
8448d83ffffffff-2016-08,18
8448d83ffffffff-2017-04,9
8448d87ffffffff-2012-04,4
8448d87ffffffff-2012-09,2
8448d87ffffffff-2013-04,1
8448d87ffffffff-2013-05,3
8448d87ffffffff-2014-05,2
8448d87ffffffff-2017-08,2
8448d87ffffffff-2018-05,1
8448d87ffffffff-2019-05,2
8448d87ffffffff-2019-08,8
8448d87ffffffff-2020-09,2
8448d87ffffffff-2021-04,11
8448d87ffffffff-2022-05,1
8448d87ffffffff-2023-08,2
8448d89ffffffff-2012-04,5
8448d89ffffffff-2012-05,2
8448d89ffffffff-2012-07,1
8448d89ffffffff-2012-08,12
8448d89ffffffff-2012-09,25
8448d89ffffffff-2012-10,2
8448d89ffffffff-2013-04,7
8448d89ffffffff-2013-05,15
8448d89ffffffff-2013-07,1
8448d89ffffffff-2013-08,13
8448d89ffffffff-2013-09,19
8448d89ffffffff-2014-04,10
8448d89ffffffff-2014-07,2
8448d89ffffffff-2014-08,4
8448d89ffffffff-2014-09,1
8448d89ffffffff-2015-04,26
8448d89ffffffff-2015-05,1
8448d89ffffffff-2015-08,75
8448d89ffffffff-2015-09,17
8448d89ffffffff-2015-10,1
8448d89ffffffff-2016-04,13
8448d89ffffffff-2016-05,11
8448d89ffffffff-2016-07,1
8448d89ffffffff-2016-08,20
8448d89ffffffff-2016-09,29
8448d89ffffffff-2017-03,9
8448d89ffffffff-2017-04,11
8448d89ffffffff-2017-05,11
8448d89ffffffff-2017-07,1
8448d89ffffffff-2017-08,29
8448d89ffffffff-2017-09,10
8448d89ffffffff-2018-04,31
8448d89ffffffff-2018-06,1
8448d89ffffffff-2018-08,4
8448d89ffffffff-2018-09,10
8448d89ffffffff-2018-10,9
8448d89ffffffff-2019-04,7
8448d89ffffffff-2019-05,8
8448d89ffffffff-2019-06,1
8448d89ffffffff-2019-07,6
8448d89ffffffff-2019-08,109
8448d89ffffffff-2019-09,36
8448d89ffffffff-2019-10,2
8448d89ffffffff-2020-03,1
8448d89ffffffff-2020-04,2
8448d89ffffffff-2020-05,1
8448d89ffffffff-2020-06,1
8448d89ffffffff-2020-07,1
8448d89ffffffff-2020-08,35
8448d89ffffffff-2020-09,17
8448d89ffffffff-2020-10,1
8448d89ffffffff-2020-11,1
8448d89ffffffff-2021-04,6
8448d89ffffffff-2021-05,6
8448d89ffffffff-2021-08,45
8448d89ffffffff-2021-09,3
8448d89ffffffff-2021-10,2
8448d89ffffffff-2022-04,13
8448d89ffffffff-2022-05,2
8448d89ffffffff-2022-08,16
8448d89ffffffff-2022-09,18
8448d89ffffffff-2022-10,2
8448d89ffffffff-2023-04,11
8448d89ffffffff-2023-05,2
8448d89ffffffff-2023-07,1
8448d89ffffffff-2023-08,29
8448d89ffffffff-2023-09,19
8448d89ffffffff-2023-10,11
8448d8bffffffff-2012-08,1
8448d8bffffffff-2016-04,1
8448d8bffffffff-2017-09,1
8448d8bffffffff-2020-09,3
8448d8bffffffff-2020-10,3
8448d8bffffffff-2021-08,1
8448d8bffffffff-2023-05,1
8448d8bffffffff-2023-08,1
8448d8dffffffff-2012-04,1
8448d8dffffffff-2012-05,1
8448d8dffffffff-2013-05,1
8448d8dffffffff-2013-08,4
8448d8dffffffff-2013-09,1
8448d8dffffffff-2014-05,2
8448d8dffffffff-2014-08,2
8448d8dffffffff-2016-08,1
8448d8dffffffff-2020-04,1
8448d8dffffffff-2021-08,2
8448d8dffffffff-2022-04,2
8448d8dffffffff-2023-08,9
8448d95ffffffff-2023-08,1
8448da1ffffffff-2017-08,3
8448da1ffffffff-2017-09,1
8448da1ffffffff-2020-04,1
8448da1ffffffff-2020-07,1
8448da1ffffffff-2020-08,6
8448da1ffffffff-2020-09,3
8448da1ffffffff-2020-10,1
8448da1ffffffff-2022-08,2
8448da3ffffffff-2021-08,1
8448da5ffffffff-2019-08,1
8448da5ffffffff-2020-07,1
8448da5ffffffff-2020-08,3
8448da7ffffffff-2012-07,3
8448da7ffffffff-2017-05,1
8448da7ffffffff-2020-08,4
8448da7ffffffff-2021-04,3
8448da9ffffffff-2012-08,1
8448da9ffffffff-2014-08,1
8448da9ffffffff-2014-10,1
8448da9ffffffff-2015-08,1
8448da9ffffffff-2016-04,6
8448da9ffffffff-2016-05,5
8448da9ffffffff-2016-07,1
8448da9ffffffff-2016-08,1
8448da9ffffffff-2016-09,1
8448da9ffffffff-2017-04,3
8448da9ffffffff-2017-05,3
8448da9ffffffff-2017-08,1
8448da9ffffffff-2017-10,1
8448da9ffffffff-2018-04,1
8448da9ffffffff-2018-07,3
8448da9ffffffff-2019-04,1
8448da9ffffffff-2019-08,2
8448da9ffffffff-2019-10,2
8448da9ffffffff-2020-04,3
8448da9ffffffff-2020-05,4
8448da9ffffffff-2020-08,4
8448da9ffffffff-2021-05,1
8448da9ffffffff-2021-08,2
8448da9ffffffff-2022-03,1
8448da9ffffffff-2022-05,2
8448da9ffffffff-2023-04,3
8448da9ffffffff-2023-05,2
8448da9ffffffff-2023-09,3
8448db9ffffffff-2019-08,1
8448dbbffffffff-2014-09,1
8448dbbffffffff-2022-08,2
8448dbdffffffff-2020-04,1
8448dbdffffffff-2023-04,1
8448dbdffffffff-2023-08,1
8448dc1ffffffff-2020-08,1
8448dc1ffffffff-2021-08,1
8448dc1ffffffff-2022-04,1
8448dc3ffffffff-2012-05,2
8448dc3ffffffff-2012-07,2
8448dc3ffffffff-2012-08,3
8448dc3ffffffff-2012-09,3
8448dc3ffffffff-2013-03,1
8448dc3ffffffff-2013-04,1
8448dc3ffffffff-2013-07,1
8448dc3ffffffff-2013-09,1
8448dc3ffffffff-2014-04,1
8448dc3ffffffff-2014-08,4
8448dc3ffffffff-2014-09,2
8448dc3ffffffff-2015-04,1
8448dc3ffffffff-2015-08,1
8448dc3ffffffff-2015-09,2
8448dc3ffffffff-2016-08,6
8448dc3ffffffff-2016-09,23
8448dc3ffffffff-2016-10,1
8448dc3ffffffff-2017-04,7
8448dc3ffffffff-2017-05,1
8448dc3ffffffff-2017-08,7
8448dc3ffffffff-2017-09,3
8448dc3ffffffff-2018-04,4
8448dc3ffffffff-2019-07,2
8448dc3ffffffff-2019-08,5
8448dc3ffffffff-2019-09,17
8448dc3ffffffff-2020-04,2
8448dc3ffffffff-2020-07,3
8448dc3ffffffff-2020-08,11
8448dc3ffffffff-2020-09,37
8448dc3ffffffff-2020-10,2
8448dc3ffffffff-2020-11,9
8448dc3ffffffff-2021-04,7
8448dc3ffffffff-2021-07,2
8448dc3ffffffff-2021-08,25
8448dc3ffffffff-2022-03,3
8448dc3ffffffff-2023-03,3
8448dc3ffffffff-2023-04,2
8448dc3ffffffff-2023-05,2
8448dc3ffffffff-2023-08,24
8448dc3ffffffff-2023-09,15
8448dc5ffffffff-2022-09,1
8448dc7ffffffff-2014-09,1
8448dc7ffffffff-2020-08,5
8448dc7ffffffff-2021-08,1
8448dcbffffffff-2013-05,1
8448dcbffffffff-2013-11,1
8448dcbffffffff-2014-02,2
8448dcbffffffff-2020-07,1
8448dcbffffffff-2021-03,1
8448dcbffffffff-2021-04,1
8448dcbffffffff-2021-10,4
8448dcbffffffff-2023-10,1
8448dcbffffffff-2023-11,3
8448dd1ffffffff-2014-04,1
8448dd1ffffffff-2014-05,1
8448dd1ffffffff-2023-09,1
8448dd3ffffffff-2013-04,1
8448dd3ffffffff-2013-05,1
8448dd3ffffffff-2013-08,1
8448dd3ffffffff-2015-04,1
8448dd3ffffffff-2018-04,7
8448dd3ffffffff-2019-04,1
8448dd3ffffffff-2019-08,1
8448dd3ffffffff-2020-08,1
8448dd3ffffffff-2022-05,1
8448dd5ffffffff-2014-03,1
8448dd5ffffffff-2014-04,1
8448dd5ffffffff-2015-04,2
8448dd5ffffffff-2015-05,2
8448dd5ffffffff-2015-07,1
8448dd5ffffffff-2015-08,1
8448dd5ffffffff-2017-09,2
8448dd5ffffffff-2020-04,1
8448dd5ffffffff-2020-07,15
8448dd5ffffffff-2020-08,11
8448dd5ffffffff-2020-09,45
8448dd5ffffffff-2021-04,1
8448dd5ffffffff-2021-07,1
8448dd5ffffffff-2021-08,10
8448dd5ffffffff-2021-09,2
8448dd5ffffffff-2022-07,3
8448dd5ffffffff-2022-08,14
8448dd5ffffffff-2022-09,1
8448dd5ffffffff-2023-08,1
8448dd5ffffffff-2023-09,2
8448ddbffffffff-2022-04,1
8448de1ffffffff-2021-08,5
8448de1ffffffff-2022-09,1
8448de1ffffffff-2023-08,2
8448de1ffffffff-2023-09,1
8448de3ffffffff-2017-09,4
8448de3ffffffff-2020-08,4
8448de5ffffffff-2021-04,1
8448de5ffffffff-2021-09,2
8448de5ffffffff-2022-04,3
8448de5ffffffff-2022-08,1
8448de5ffffffff-2023-09,1
8448de9ffffffff-2015-04,1
8448de9ffffffff-2017-08,1
8448de9ffffffff-2022-04,1
8448e21ffffffff-2012-09,2
8448e21ffffffff-2015-03,1
8448e21ffffffff-2015-08,1
8448e21ffffffff-2016-08,5
8448e21ffffffff-2019-10,2
8448e21ffffffff-2019-11,1
8448e2dffffffff-2019-08,6
8448e35ffffffff-2016-08,5
8448e5bffffffff-2014-09,1
8448e5bffffffff-2014-12,3
8448e5bffffffff-2015-01,1
8448e5bffffffff-2015-10,2
8448e5bffffffff-2015-12,2
8448e5bffffffff-2016-12,1
8448e5bffffffff-2021-04,2
8448e5bffffffff-2021-09,5
8448e5bffffffff-2021-10,2
8448e5bffffffff-2022-03,1
8448e5bffffffff-2022-09,2
8448e5bffffffff-2022-11,2
8448e5bffffffff-2022-12,2
8448e5bffffffff-2023-03,2
8448e61ffffffff-2015-10,1
8448e61ffffffff-2016-01,1
8448e61ffffffff-2016-11,1
8448e61ffffffff-2017-09,1
8448e61ffffffff-2020-08,1
8448e61ffffffff-2023-01,1
8448e65ffffffff-2020-12,2
8448e65ffffffff-2022-11,1
8448e67ffffffff-2014-08,2
8448e81ffffffff-2012-04,2
8448e81ffffffff-2012-07,2
8448e81ffffffff-2012-08,5
8448e81ffffffff-2012-09,2
8448e81ffffffff-2013-04,1
8448e81ffffffff-2013-09,2
8448e81ffffffff-2014-08,4
8448e81ffffffff-2015-04,6
8448e81ffffffff-2015-05,4
8448e81ffffffff-2015-09,6
8448e81ffffffff-2015-10,1
8448e81ffffffff-2016-08,1
8448e81ffffffff-2017-04,1
8448e81ffffffff-2018-08,1
8448e81ffffffff-2018-09,3
8448e81ffffffff-2018-10,2
8448e81ffffffff-2019-04,2
8448e81ffffffff-2019-08,45
8448e81ffffffff-2020-08,47
8448e81ffffffff-2020-09,4
8448e81ffffffff-2021-03,5
8448e81ffffffff-2021-04,31
8448e81ffffffff-2021-08,1
8448e81ffffffff-2021-09,2
8448e81ffffffff-2022-04,3
8448e81ffffffff-2022-07,3
8448e81ffffffff-2022-08,4
8448e81ffffffff-2023-04,3
8448e81ffffffff-2023-07,2
8448e81ffffffff-2023-08,28
8448e81ffffffff-2023-09,12
8448e83ffffffff-2012-02,2
8448e83ffffffff-2012-03,1
8448e83ffffffff-2012-08,2
8448e83ffffffff-2012-09,1
8448e83ffffffff-2014-01,1
8448e83ffffffff-2014-08,1
8448e83ffffffff-2014-09,1
8448e83ffffffff-2015-01,2
8448e83ffffffff-2015-08,2
8448e83ffffffff-2015-09,1
8448e83ffffffff-2015-10,2
8448e83ffffffff-2015-11,10
8448e83ffffffff-2016-01,2
8448e83ffffffff-2016-02,2
8448e83ffffffff-2016-08,2
8448e83ffffffff-2017-07,3
8448e83ffffffff-2017-08,25
8448e83ffffffff-2017-09,20
8448e83ffffffff-2017-10,3
8448e83ffffffff-2018-04,1
8448e83ffffffff-2018-08,12
8448e83ffffffff-2018-09,4
8448e83ffffffff-2018-10,1
8448e83ffffffff-2019-07,1
8448e83ffffffff-2019-08,13
8448e83ffffffff-2019-09,1
8448e83ffffffff-2019-10,1
8448e83ffffffff-2019-11,1
8448e83ffffffff-2020-03,3
8448e83ffffffff-2020-07,2
8448e83ffffffff-2020-08,13
8448e83ffffffff-2020-09,9
8448e83ffffffff-2020-10,1
8448e83ffffffff-2020-12,3
8448e83ffffffff-2021-03,2
8448e83ffffffff-2021-07,1
8448e83ffffffff-2021-08,6
8448e83ffffffff-2021-09,10
8448e83ffffffff-2021-10,29
8448e83ffffffff-2021-11,1
8448e83ffffffff-2022-07,2
8448e83ffffffff-2022-08,5
8448e83ffffffff-2022-09,2
8448e83ffffffff-2022-10,1
8448e83ffffffff-2023-01,3
8448e83ffffffff-2023-08,19
8448e83ffffffff-2023-09,1
8448e85ffffffff-2012-04,22
8448e85ffffffff-2012-05,1
8448e85ffffffff-2012-08,4
8448e85ffffffff-2012-10,1
8448e85ffffffff-2013-04,6
8448e85ffffffff-2013-05,8
8448e85ffffffff-2013-08,2
8448e85ffffffff-2013-09,1
8448e85ffffffff-2014-07,4
8448e85ffffffff-2015-08,3
8448e85ffffffff-2016-04,7
8448e85ffffffff-2016-08,2
8448e85ffffffff-2016-09,1
8448e85ffffffff-2017-04,3
8448e85ffffffff-2020-06,1
8448e85ffffffff-2021-03,5
8448e85ffffffff-2021-04,14
8448e85ffffffff-2022-04,4
8448e85ffffffff-2022-08,2
8448e85ffffffff-2023-04,2
8448e85ffffffff-2023-08,2
8448e85ffffffff-2023-09,7
8448e85ffffffff-2023-10,1
8448e87ffffffff-2017-08,1
8448e87ffffffff-2017-09,1
8448e87ffffffff-2019-08,2
8448e87ffffffff-2020-08,3
8448e87ffffffff-2021-03,2
8448e87ffffffff-2021-08,1
8448e87ffffffff-2021-09,1
8448e87ffffffff-2022-09,1
8448e87ffffffff-2023-07,1
8448e87ffffffff-2023-08,6
8448e87ffffffff-2023-09,2
8448e89ffffffff-2022-09,1
8448e8dffffffff-2012-08,6
8448e8dffffffff-2012-09,6
8448e8dffffffff-2012-10,1
8448e8dffffffff-2013-05,2
8448e8dffffffff-2013-08,5
8448e8dffffffff-2014-04,1
8448e8dffffffff-2014-07,1
8448e8dffffffff-2017-08,12
8448e8dffffffff-2017-09,21
8448e8dffffffff-2017-10,1
8448e8dffffffff-2018-04,1
8448e8dffffffff-2018-08,5
8448e8dffffffff-2018-09,2
8448e8dffffffff-2019-07,1
8448e8dffffffff-2019-08,18
8448e8dffffffff-2019-09,1
8448e8dffffffff-2020-08,3
8448e8dffffffff-2020-09,1
8448e8dffffffff-2021-08,37
8448e8dffffffff-2021-09,13
8448e8dffffffff-2022-04,6
8448e8dffffffff-2022-07,2
8448e8dffffffff-2022-08,42
8448e8dffffffff-2022-09,43
8448e8dffffffff-2022-10,2
8448e8dffffffff-2023-08,32
8448e8dffffffff-2023-09,12
8448e93ffffffff-2012-02,1
8448e93ffffffff-2013-03,1
8448e93ffffffff-2013-08,1
8448e93ffffffff-2013-10,1
8448e93ffffffff-2013-11,2
8448e93ffffffff-2013-12,2
8448e93ffffffff-2014-05,2
8448e93ffffffff-2014-08,2
8448e93ffffffff-2014-11,2
8448e93ffffffff-2015-08,2
8448e93ffffffff-2015-09,1
8448e93ffffffff-2015-12,1
8448e93ffffffff-2016-02,1
8448e93ffffffff-2016-07,29
8448e93ffffffff-2016-08,31
8448e93ffffffff-2016-09,8
8448e93ffffffff-2017-03,2
8448e93ffffffff-2017-08,3
8448e93ffffffff-2017-10,3
8448e93ffffffff-2017-11,1
8448e93ffffffff-2018-01,1
8448e93ffffffff-2018-04,2
8448e93ffffffff-2018-08,4
8448e93ffffffff-2018-09,5
8448e93ffffffff-2018-10,2
8448e93ffffffff-2018-12,3
8448e93ffffffff-2019-01,1
8448e93ffffffff-2019-07,3
8448e93ffffffff-2019-08,16
8448e93ffffffff-2019-11,1
8448e93ffffffff-2020-02,3
8448e93ffffffff-2020-08,2
8448e93ffffffff-2020-09,4
8448e93ffffffff-2020-11,4
8448e93ffffffff-2021-01,1
8448e93ffffffff-2021-02,1
8448e93ffffffff-2021-03,2
8448e93ffffffff-2021-04,4
8448e93ffffffff-2021-08,11
8448e93ffffffff-2021-10,1
8448e93ffffffff-2022-04,2
8448e93ffffffff-2022-08,12
8448e93ffffffff-2022-09,3
8448e93ffffffff-2022-11,2
8448e93ffffffff-2023-04,1
8448e93ffffffff-2023-05,4
8448e93ffffffff-2023-07,8
8448e93ffffffff-2023-08,7
8448e93ffffffff-2023-09,3
8448e93ffffffff-2023-11,2
8448e95ffffffff-2013-09,1
8448e95ffffffff-2015-11,2
8448e95ffffffff-2016-09,1
8448e95ffffffff-2017-04,1
8448e95ffffffff-2017-08,13
8448e95ffffffff-2017-09,17
8448e95ffffffff-2018-03,1
8448e95ffffffff-2018-07,8
8448e95ffffffff-2018-08,25
8448e95ffffffff-2018-09,8
8448e95ffffffff-2018-10,11
8448e95ffffffff-2018-11,1
8448e95ffffffff-2019-04,3
8448e95ffffffff-2019-08,17
8448e95ffffffff-2019-09,14
8448e95ffffffff-2019-10,3
8448e95ffffffff-2020-05,1
8448e95ffffffff-2020-06,3
8448e95ffffffff-2020-07,12
8448e95ffffffff-2020-08,24
8448e95ffffffff-2020-09,80
8448e95ffffffff-2020-10,29
8448e95ffffffff-2021-04,1
8448e95ffffffff-2021-07,24
8448e95ffffffff-2021-08,30
8448e95ffffffff-2021-09,20
8448e95ffffffff-2021-10,7
8448e95ffffffff-2021-11,1
8448e95ffffffff-2022-04,1
8448e95ffffffff-2022-05,1
8448e95ffffffff-2022-07,34
8448e95ffffffff-2022-08,46
8448e95ffffffff-2022-09,19
8448e95ffffffff-2022-10,8
8448e95ffffffff-2022-11,1
8448e95ffffffff-2022-12,1
8448e95ffffffff-2023-01,3
8448e95ffffffff-2023-07,9
8448e95ffffffff-2023-08,86
8448e95ffffffff-2023-09,49
8448e95ffffffff-2023-10,46
8448e97ffffffff-2012-03,5
8448e97ffffffff-2012-04,3
8448e97ffffffff-2013-04,2
8448e97ffffffff-2013-09,1
8448e97ffffffff-2013-11,1
8448e97ffffffff-2014-08,1
8448e97ffffffff-2015-03,2
8448e97ffffffff-2015-04,3
8448e97ffffffff-2015-09,3
8448e97ffffffff-2015-10,1
8448e97ffffffff-2016-01,3
8448e97ffffffff-2016-03,1
8448e97ffffffff-2016-04,9
8448e97ffffffff-2016-07,4
8448e97ffffffff-2016-08,17
8448e97ffffffff-2016-09,4
8448e97ffffffff-2016-10,7
8448e97ffffffff-2017-04,2
8448e97ffffffff-2017-08,1
8448e97ffffffff-2017-09,1
8448e97ffffffff-2017-10,3
8448e97ffffffff-2018-07,2
8448e97ffffffff-2018-08,1
8448e97ffffffff-2018-09,3
8448e97ffffffff-2019-01,1
8448e97ffffffff-2019-04,1
8448e97ffffffff-2019-07,4
8448e97ffffffff-2019-08,4
8448e97ffffffff-2019-09,3
8448e97ffffffff-2019-10,1
8448e97ffffffff-2019-11,6
8448e97ffffffff-2020-02,2
8448e97ffffffff-2020-04,2
8448e97ffffffff-2020-06,2
8448e97ffffffff-2020-07,3
8448e97ffffffff-2020-08,2
8448e97ffffffff-2020-09,6
8448e97ffffffff-2020-10,5
8448e97ffffffff-2020-11,2
8448e97ffffffff-2021-04,5
8448e97ffffffff-2021-05,1
8448e97ffffffff-2021-08,1
8448e97ffffffff-2021-09,8
8448e97ffffffff-2021-10,3
8448e97ffffffff-2021-11,2
8448e97ffffffff-2021-12,6
8448e97ffffffff-2022-02,1
8448e97ffffffff-2022-03,3
8448e97ffffffff-2022-04,3
8448e97ffffffff-2022-06,2
8448e97ffffffff-2022-07,7
8448e97ffffffff-2022-08,9
8448e97ffffffff-2022-09,6
8448e97ffffffff-2022-10,4
8448e97ffffffff-2022-11,3
8448e97ffffffff-2023-07,1
8448e97ffffffff-2023-09,1
8448e97ffffffff-2023-10,1
8448e97ffffffff-2023-11,1
8448e99ffffffff-2013-04,1
8448e99ffffffff-2013-10,2
8448e99ffffffff-2014-08,1
8448e99ffffffff-2015-07,2
8448e99ffffffff-2015-08,1
8448e99ffffffff-2016-04,4
8448e99ffffffff-2016-08,3
8448e99ffffffff-2016-09,1
8448e99ffffffff-2016-10,2
8448e99ffffffff-2017-04,6
8448e99ffffffff-2017-08,2
8448e99ffffffff-2018-03,1
8448e99ffffffff-2018-04,11
8448e99ffffffff-2018-08,1
8448e99ffffffff-2018-09,1
8448e99ffffffff-2019-08,1
8448e99ffffffff-2019-09,1
8448e99ffffffff-2020-09,3
8448e99ffffffff-2021-04,3
8448e99ffffffff-2021-08,3
8448e99ffffffff-2021-10,1
8448e99ffffffff-2022-04,2
8448e99ffffffff-2023-04,7
8448e99ffffffff-2023-08,7
8448e9bffffffff-2013-10,1
8448e9bffffffff-2014-09,3
8448e9bffffffff-2016-08,42
8448e9bffffffff-2016-09,36
8448e9bffffffff-2016-10,1
8448e9bffffffff-2017-07,5
8448e9bffffffff-2017-08,3
8448e9bffffffff-2017-09,6
8448e9bffffffff-2018-03,1
8448e9bffffffff-2018-08,2
8448e9bffffffff-2018-09,8
8448e9bffffffff-2018-10,11
8448e9bffffffff-2019-01,1
8448e9bffffffff-2019-07,4
8448e9bffffffff-2019-08,19
8448e9bffffffff-2020-04,2
8448e9bffffffff-2020-07,7
8448e9bffffffff-2020-08,10
8448e9bffffffff-2020-09,10
8448e9bffffffff-2021-01,1
8448e9bffffffff-2021-07,2
8448e9bffffffff-2021-08,30
8448e9bffffffff-2021-09,8
8448e9bffffffff-2022-04,3
8448e9bffffffff-2022-08,1
8448e9bffffffff-2022-09,5
8448e9bffffffff-2022-10,1
8448e9bffffffff-2023-07,3
8448e9bffffffff-2023-08,17
8448e9bffffffff-2023-09,25
8448e9bffffffff-2023-10,2
8448e9dffffffff-2013-10,1
8448e9dffffffff-2014-05,2
8448e9dffffffff-2015-08,2
8448e9dffffffff-2019-08,2
8448e9dffffffff-2021-08,2
8448e9dffffffff-2022-10,2
8448ea3ffffffff-2014-04,1
8448ea3ffffffff-2014-08,5
8448ea3ffffffff-2015-08,1
8448ea3ffffffff-2017-08,4
8448ea3ffffffff-2018-07,2
8448ea3ffffffff-2018-08,2
8448ea3ffffffff-2019-08,2
8448ea3ffffffff-2019-09,2
8448ea3ffffffff-2021-04,1
8448ea3ffffffff-2022-09,1
8448ea5ffffffff-2012-09,5
8448ea5ffffffff-2013-04,5
8448ea5ffffffff-2013-05,4
8448ea5ffffffff-2013-07,1
8448ea5ffffffff-2013-08,4
8448ea5ffffffff-2013-09,2
8448ea5ffffffff-2014-03,1
8448ea5ffffffff-2014-04,1
8448ea5ffffffff-2014-05,3
8448ea5ffffffff-2014-07,1
8448ea5ffffffff-2014-09,3
8448ea5ffffffff-2016-08,1
8448ea5ffffffff-2017-04,2
8448ea5ffffffff-2020-08,3
8448ea5ffffffff-2020-10,2
8448ea5ffffffff-2021-09,1
8448ea5ffffffff-2022-08,6
8448ea5ffffffff-2022-09,9
8448ea5ffffffff-2023-07,1
8448ea5ffffffff-2023-08,3
8448ea5ffffffff-2023-09,2
8448eabffffffff-2015-09,1
8448eadffffffff-2013-08,1
8448eadffffffff-2016-08,7
8448eadffffffff-2017-09,1
8448eadffffffff-2018-08,1
8448eadffffffff-2019-09,1
8448eadffffffff-2021-10,1
8448eb1ffffffff-2022-04,1
8448eb1ffffffff-2022-05,1
8448eb3ffffffff-2012-11,2
8448eb3ffffffff-2013-03,1
8448eb3ffffffff-2013-11,1
8448eb3ffffffff-2013-12,1
8448eb3ffffffff-2014-02,1
8448eb3ffffffff-2014-11,1
8448eb3ffffffff-2015-01,3
8448eb3ffffffff-2015-09,1
8448eb3ffffffff-2015-10,5
8448eb3ffffffff-2015-11,2
8448eb3ffffffff-2015-12,4
8448eb3ffffffff-2016-01,1
8448eb3ffffffff-2016-02,8
8448eb3ffffffff-2016-03,5
8448eb3ffffffff-2016-09,1
8448eb3ffffffff-2016-10,1
8448eb3ffffffff-2016-11,3
8448eb3ffffffff-2017-02,2
8448eb3ffffffff-2017-04,1
8448eb3ffffffff-2017-09,1
8448eb3ffffffff-2017-10,5
8448eb3ffffffff-2017-11,2
8448eb3ffffffff-2018-03,2
8448eb3ffffffff-2018-10,2
8448eb3ffffffff-2018-11,4
8448eb3ffffffff-2019-10,1
8448eb3ffffffff-2019-11,1
8448eb3ffffffff-2020-03,3
8448eb3ffffffff-2020-10,6
8448eb3ffffffff-2020-11,8
8448eb3ffffffff-2020-12,1
8448eb3ffffffff-2021-04,1
8448eb3ffffffff-2021-11,1
8448eb3ffffffff-2022-03,3
8448eb3ffffffff-2022-09,3
8448eb3ffffffff-2022-11,1
8448eb3ffffffff-2023-01,1
8448eb3ffffffff-2023-11,2
8448eb5ffffffff-2021-10,3
8448eb7ffffffff-2015-08,2
8448eb7ffffffff-2016-08,1
8448eb7ffffffff-2016-09,1
8448eb7ffffffff-2018-08,1
8448eb7ffffffff-2023-10,1
8448eb9ffffffff-2012-08,1
8448eb9ffffffff-2013-03,1
8448eb9ffffffff-2013-08,2
8448eb9ffffffff-2013-09,1
8448eb9ffffffff-2014-08,2
8448eb9ffffffff-2015-03,2
8448eb9ffffffff-2016-03,3
8448eb9ffffffff-2016-04,1
8448eb9ffffffff-2016-08,5
8448eb9ffffffff-2016-09,16
8448eb9ffffffff-2016-10,1
8448eb9ffffffff-2017-08,9
8448eb9ffffffff-2017-09,19
8448eb9ffffffff-2017-10,1
8448eb9ffffffff-2018-02,1
8448eb9ffffffff-2018-07,1
8448eb9ffffffff-2018-08,1
8448eb9ffffffff-2018-09,2
8448eb9ffffffff-2019-08,4
8448eb9ffffffff-2019-09,6
8448eb9ffffffff-2020-07,1
8448eb9ffffffff-2020-08,2
8448eb9ffffffff-2020-09,13
8448eb9ffffffff-2020-10,3
8448eb9ffffffff-2021-08,13
8448eb9ffffffff-2021-09,5
8448eb9ffffffff-2021-10,1
8448eb9ffffffff-2022-07,2
8448eb9ffffffff-2022-08,16
8448eb9ffffffff-2022-09,2
8448eb9ffffffff-2022-11,1
8448eb9ffffffff-2022-12,2
8448eb9ffffffff-2023-02,1
8448eb9ffffffff-2023-07,4
8448eb9ffffffff-2023-08,7
8448eb9ffffffff-2023-09,6
8448ebbffffffff-2012-01,4
8448ebbffffffff-2012-02,1
8448ebbffffffff-2012-03,5
8448ebbffffffff-2012-04,5
8448ebbffffffff-2012-05,3
8448ebbffffffff-2012-07,2
8448ebbffffffff-2012-08,8
8448ebbffffffff-2012-09,9
8448ebbffffffff-2012-10,4
8448ebbffffffff-2012-11,2
8448ebbffffffff-2012-12,4
8448ebbffffffff-2013-01,8
8448ebbffffffff-2013-02,7
8448ebbffffffff-2013-03,7
8448ebbffffffff-2013-04,15
8448ebbffffffff-2013-05,2
8448ebbffffffff-2013-07,7
8448ebbffffffff-2013-08,7
8448ebbffffffff-2013-09,14
8448ebbffffffff-2013-10,5
8448ebbffffffff-2013-11,3
8448ebbffffffff-2013-12,2
8448ebbffffffff-2014-01,2
8448ebbffffffff-2014-03,4
8448ebbffffffff-2014-04,8
8448ebbffffffff-2014-09,9
8448ebbffffffff-2014-10,14
8448ebbffffffff-2014-11,5
8448ebbffffffff-2014-12,5
8448ebbffffffff-2015-01,2
8448ebbffffffff-2015-02,9
8448ebbffffffff-2015-03,27
8448ebbffffffff-2015-04,25
8448ebbffffffff-2015-07,3
8448ebbffffffff-2015-08,31
8448ebbffffffff-2015-09,29
8448ebbffffffff-2015-10,26
8448ebbffffffff-2015-11,14
8448ebbffffffff-2015-12,4
8448ebbffffffff-2016-01,15
8448ebbffffffff-2016-02,17
8448ebbffffffff-2016-03,33
8448ebbffffffff-2016-04,47
8448ebbffffffff-2016-06,1
8448ebbffffffff-2016-07,11
8448ebbffffffff-2016-08,31
8448ebbffffffff-2016-09,25
8448ebbffffffff-2016-10,2
8448ebbffffffff-2016-11,5
8448ebbffffffff-2017-01,9
8448ebbffffffff-2017-02,7
8448ebbffffffff-2017-03,14
8448ebbffffffff-2017-04,21
8448ebbffffffff-2017-05,3
8448ebbffffffff-2017-07,1
8448ebbffffffff-2017-08,15
8448ebbffffffff-2017-09,12
8448ebbffffffff-2017-10,24
8448ebbffffffff-2017-11,6
8448ebbffffffff-2017-12,2
8448ebbffffffff-2018-01,3
8448ebbffffffff-2018-02,13
8448ebbffffffff-2018-03,52
8448ebbffffffff-2018-04,53
8448ebbffffffff-2018-05,1
8448ebbffffffff-2018-07,4
8448ebbffffffff-2018-08,43
8448ebbffffffff-2018-09,31
8448ebbffffffff-2018-10,27
8448ebbffffffff-2018-11,9
8448ebbffffffff-2018-12,5
8448ebbffffffff-2019-01,4
8448ebbffffffff-2019-02,4
8448ebbffffffff-2019-03,17
8448ebbffffffff-2019-04,21
8448ebbffffffff-2019-05,3
8448ebbffffffff-2019-07,10
8448ebbffffffff-2019-08,5
8448ebbffffffff-2019-09,18
8448ebbffffffff-2019-10,26
8448ebbffffffff-2019-11,14
8448ebbffffffff-2019-12,29
8448ebbffffffff-2020-01,32
8448ebbffffffff-2020-02,38
8448ebbffffffff-2020-03,42
8448ebbffffffff-2020-04,14
8448ebbffffffff-2020-05,1
8448ebbffffffff-2020-07,4
8448ebbffffffff-2020-08,5
8448ebbffffffff-2020-09,54
8448ebbffffffff-2020-10,64
8448ebbffffffff-2020-11,31
8448ebbffffffff-2020-12,6
8448ebbffffffff-2021-01,26
8448ebbffffffff-2021-02,40
8448ebbffffffff-2021-03,49
8448ebbffffffff-2021-04,43
8448ebbffffffff-2021-05,1
8448ebbffffffff-2021-07,1
8448ebbffffffff-2021-08,53
8448ebbffffffff-2021-09,93
8448ebbffffffff-2021-10,72
8448ebbffffffff-2021-11,67
8448ebbffffffff-2021-12,31
8448ebbffffffff-2022-01,57
8448ebbffffffff-2022-02,35
8448ebbffffffff-2022-03,73
8448ebbffffffff-2022-04,67
8448ebbffffffff-2022-07,5
8448ebbffffffff-2022-08,72
8448ebbffffffff-2022-09,48
8448ebbffffffff-2022-10,32
8448ebbffffffff-2022-11,35
8448ebbffffffff-2022-12,23
8448ebbffffffff-2023-01,32
8448ebbffffffff-2023-02,12
8448ebbffffffff-2023-03,20
8448ebbffffffff-2023-04,31
8448ebbffffffff-2023-06,1
8448ebbffffffff-2023-08,17
8448ebbffffffff-2023-09,46
8448ebbffffffff-2023-10,39
8448ebbffffffff-2023-11,29
8448ebdffffffff-2021-07,1
8448ec3ffffffff-2017-09,1
8448ec3ffffffff-2018-08,1
8448ec3ffffffff-2021-07,3
8448ec3ffffffff-2021-08,65
8448ec3ffffffff-2021-09,41
8448ec7ffffffff-2013-04,2
8448ec7ffffffff-2013-08,2
8448ec7ffffffff-2014-05,3
8448ec7ffffffff-2018-04,1
8448ec7ffffffff-2020-06,1
8448ec7ffffffff-2020-08,2
8448ec7ffffffff-2021-03,9
8448ec7ffffffff-2023-08,12
8448ec7ffffffff-2023-09,3
8448ec7ffffffff-2023-10,2
8448ee1ffffffff-2013-05,5
8448ee1ffffffff-2014-08,3
8448ee1ffffffff-2015-08,4
8448ee1ffffffff-2016-08,1
8448ee1ffffffff-2017-08,5
8448ee1ffffffff-2017-09,1
8448ee1ffffffff-2018-04,12
8448ee1ffffffff-2018-08,7
8448ee1ffffffff-2018-09,6
8448ee1ffffffff-2019-08,13
8448ee1ffffffff-2021-04,2
8448ee1ffffffff-2021-08,6
8448ee1ffffffff-2022-08,9
8448ee1ffffffff-2023-04,14
8448ee3ffffffff-2013-08,2
8448ee3ffffffff-2013-09,2
8448ee3ffffffff-2015-08,18
8448ee3ffffffff-2015-09,4
8448ee3ffffffff-2015-10,1
8448ee3ffffffff-2016-05,1
8448ee3ffffffff-2016-08,10
8448ee3ffffffff-2016-09,1
8448ee3ffffffff-2019-04,5
8448ee3ffffffff-2019-10,1
8448ee3ffffffff-2020-07,1
8448ee3ffffffff-2020-09,7
8448ee3ffffffff-2021-07,3
8448ee3ffffffff-2021-08,44
8448ee3ffffffff-2022-05,1
8448ee3ffffffff-2022-07,4
8448ee3ffffffff-2022-08,13
8448ee3ffffffff-2022-09,17
8448ee3ffffffff-2022-10,1
8448ee3ffffffff-2023-05,1
8448ee3ffffffff-2023-07,1
8448ee3ffffffff-2023-10,1
8448ee5ffffffff-2012-02,1
8448ee5ffffffff-2012-04,1
8448ee5ffffffff-2012-07,3
8448ee5ffffffff-2012-09,1
8448ee5ffffffff-2012-10,1
8448ee5ffffffff-2013-03,3
8448ee5ffffffff-2014-04,1
8448ee5ffffffff-2014-09,3
8448ee5ffffffff-2015-04,1
8448ee5ffffffff-2015-08,1
8448ee5ffffffff-2016-02,2
8448ee5ffffffff-2016-03,4
8448ee5ffffffff-2016-08,3
8448ee5ffffffff-2016-09,2
8448ee5ffffffff-2017-03,1
8448ee5ffffffff-2017-04,1
8448ee5ffffffff-2017-07,4
8448ee5ffffffff-2017-08,8
8448ee5ffffffff-2017-09,16
8448ee5ffffffff-2017-10,9
8448ee5ffffffff-2017-11,12
8448ee5ffffffff-2018-08,9
8448ee5ffffffff-2018-09,5
8448ee5ffffffff-2019-03,3
8448ee5ffffffff-2020-03,6
8448ee5ffffffff-2020-04,20
8448ee5ffffffff-2020-10,5
8448ee5ffffffff-2021-03,3
8448ee5ffffffff-2021-04,14
8448ee5ffffffff-2021-05,1
8448ee5ffffffff-2021-07,1
8448ee5ffffffff-2021-08,13
8448ee5ffffffff-2021-09,14
8448ee5ffffffff-2021-10,5
8448ee5ffffffff-2022-03,3
8448ee5ffffffff-2022-04,26
8448ee5ffffffff-2022-08,34
8448ee5ffffffff-2022-09,28
8448ee5ffffffff-2023-01,1
8448ee5ffffffff-2023-04,2
8448ee5ffffffff-2023-08,5
8448ee5ffffffff-2023-09,9
8448ee5ffffffff-2023-10,1
8448ee7ffffffff-2012-04,2
8448ee7ffffffff-2012-05,2
8448ee7ffffffff-2012-07,45
8448ee7ffffffff-2012-08,47
8448ee7ffffffff-2012-09,43
8448ee7ffffffff-2012-10,8
8448ee7ffffffff-2013-04,17
8448ee7ffffffff-2013-05,18
8448ee7ffffffff-2013-07,21
8448ee7ffffffff-2013-08,51
8448ee7ffffffff-2013-09,14
8448ee7ffffffff-2013-10,5
8448ee7ffffffff-2014-04,6
8448ee7ffffffff-2014-05,17
8448ee7ffffffff-2014-07,5
8448ee7ffffffff-2014-08,21
8448ee7ffffffff-2014-09,35
8448ee7ffffffff-2014-10,19
8448ee7ffffffff-2014-11,2
8448ee7ffffffff-2015-04,18
8448ee7ffffffff-2015-05,1
8448ee7ffffffff-2015-06,2
8448ee7ffffffff-2015-07,44
8448ee7ffffffff-2015-08,42
8448ee7ffffffff-2015-09,27
8448ee7ffffffff-2015-10,1
8448ee7ffffffff-2016-04,29
8448ee7ffffffff-2016-05,3
8448ee7ffffffff-2016-07,20
8448ee7ffffffff-2016-08,79
8448ee7ffffffff-2016-09,28
8448ee7ffffffff-2016-10,5
8448ee7ffffffff-2016-11,1
8448ee7ffffffff-2017-04,54
8448ee7ffffffff-2017-05,4
8448ee7ffffffff-2017-07,8
8448ee7ffffffff-2017-08,47
8448ee7ffffffff-2017-09,44
8448ee7ffffffff-2017-10,4
8448ee7ffffffff-2018-04,19
8448ee7ffffffff-2018-05,26
8448ee7ffffffff-2018-07,99
8448ee7ffffffff-2018-08,145
8448ee7ffffffff-2018-09,17
8448ee7ffffffff-2018-10,11
8448ee7ffffffff-2019-04,25
8448ee7ffffffff-2019-05,4
8448ee7ffffffff-2019-06,6
8448ee7ffffffff-2019-07,66
8448ee7ffffffff-2019-08,115
8448ee7ffffffff-2019-09,13
8448ee7ffffffff-2020-04,19
8448ee7ffffffff-2020-05,1
8448ee7ffffffff-2020-07,49
8448ee7ffffffff-2020-08,94
8448ee7ffffffff-2020-09,138
8448ee7ffffffff-2020-10,45
8448ee7ffffffff-2021-04,53
8448ee7ffffffff-2021-05,11
8448ee7ffffffff-2021-07,34
8448ee7ffffffff-2021-08,188
8448ee7ffffffff-2021-09,55
8448ee7ffffffff-2021-10,4
8448ee7ffffffff-2022-04,100
8448ee7ffffffff-2022-05,3
8448ee7ffffffff-2022-06,4
8448ee7ffffffff-2022-07,4
8448ee7ffffffff-2022-08,162
8448ee7ffffffff-2022-09,87
8448ee7ffffffff-2022-10,17
8448ee7ffffffff-2023-04,132
8448ee7ffffffff-2023-05,42
8448ee7ffffffff-2023-06,2
8448ee7ffffffff-2023-07,45
8448ee7ffffffff-2023-08,228
8448ee7ffffffff-2023-09,92
8448ee7ffffffff-2023-10,9
8448eebffffffff-2012-04,2
8448eebffffffff-2012-05,1
8448eebffffffff-2013-10,1
8448eebffffffff-2014-08,1
8448eebffffffff-2016-08,2
8448eebffffffff-2017-04,3
8448eebffffffff-2017-09,2
8448eebffffffff-2018-04,2
8448eebffffffff-2018-08,6
8448eebffffffff-2020-04,2
8448eebffffffff-2021-03,4
8448eebffffffff-2021-08,9
8448eebffffffff-2021-09,3
8448eebffffffff-2021-10,1
8448eebffffffff-2022-04,23
8448eebffffffff-2022-05,2
8448eebffffffff-2023-04,11
8448eebffffffff-2023-07,2
8448eebffffffff-2023-09,2
8448f0bffffffff-2021-04,2
8448f21ffffffff-2012-08,2
8448f21ffffffff-2014-08,1
8448f25ffffffff-2012-04,2
8448f25ffffffff-2012-05,2
8448f25ffffffff-2012-08,4
8448f25ffffffff-2012-10,1
8448f25ffffffff-2013-04,4
8448f25ffffffff-2013-05,4
8448f25ffffffff-2013-08,4
8448f25ffffffff-2013-09,1
8448f25ffffffff-2013-11,1
8448f25ffffffff-2014-04,9
8448f25ffffffff-2014-08,2
8448f25ffffffff-2014-09,2
8448f25ffffffff-2015-08,10
8448f25ffffffff-2016-05,3
8448f25ffffffff-2016-07,12
8448f25ffffffff-2016-08,4
8448f25ffffffff-2017-04,1
8448f25ffffffff-2017-05,1
8448f25ffffffff-2017-07,2
8448f25ffffffff-2017-08,4
8448f25ffffffff-2018-04,12
8448f25ffffffff-2018-05,12
8448f25ffffffff-2018-07,3
8448f25ffffffff-2018-08,1
8448f25ffffffff-2019-08,13
8448f25ffffffff-2019-09,6
8448f25ffffffff-2020-06,2
8448f25ffffffff-2020-07,4
8448f25ffffffff-2020-08,8
8448f25ffffffff-2020-09,2
8448f25ffffffff-2020-10,6
8448f25ffffffff-2020-11,3
8448f25ffffffff-2021-04,26
8448f25ffffffff-2021-07,5
8448f25ffffffff-2021-08,11
8448f25ffffffff-2021-09,5
8448f25ffffffff-2021-10,1
8448f25ffffffff-2022-03,1
8448f25ffffffff-2022-04,4
8448f25ffffffff-2022-07,1
8448f25ffffffff-2022-08,18
8448f25ffffffff-2022-09,1
8448f25ffffffff-2022-11,2
8448f25ffffffff-2022-12,3
8448f25ffffffff-2023-04,12
8448f25ffffffff-2023-05,3
8448f25ffffffff-2023-08,14
8448f2dffffffff-2012-03,1
8448f2dffffffff-2021-09,2
8448f2dffffffff-2022-08,1
8448f33ffffffff-2019-08,1
8448f37ffffffff-2015-10,1
8448f37ffffffff-2020-09,2
8448f37ffffffff-2023-04,3
8448f37ffffffff-2023-08,1
8448f37ffffffff-2023-10,1
8448f39ffffffff-2017-11,2
8448f39ffffffff-2019-05,2
8448f39ffffffff-2019-07,1
8448f39ffffffff-2019-08,2
8448f39ffffffff-2020-08,2
8448f39ffffffff-2020-10,2
8448f39ffffffff-2021-11,3
8448f3bffffffff-2012-09,2
8448f3bffffffff-2012-10,4
8448f3bffffffff-2013-07,1
8448f3bffffffff-2013-08,11
8448f3bffffffff-2013-09,5
8448f3bffffffff-2014-08,2
8448f3bffffffff-2015-06,1
8448f3bffffffff-2015-08,3
8448f3bffffffff-2017-11,1
8448f3bffffffff-2019-08,5
8448f3bffffffff-2019-10,1
8448f3bffffffff-2020-10,8
8448f3bffffffff-2021-08,1
8448f3bffffffff-2021-10,1
8448f3bffffffff-2021-11,2
8448f3bffffffff-2022-08,4
8448f3bffffffff-2022-10,8
8448f3bffffffff-2022-12,3
8448f3dffffffff-2012-09,1
8448f3dffffffff-2020-08,7
8448f3dffffffff-2020-09,3
8448f3dffffffff-2021-04,1
8448f3dffffffff-2021-05,3
8448f3dffffffff-2021-08,3
8448f3dffffffff-2021-09,1
8448f49ffffffff-2018-11,1
8448f49ffffffff-2020-08,1
8448f55ffffffff-2014-09,1
8448f61ffffffff-2015-08,3
8448f61ffffffff-2017-09,2
8448f61ffffffff-2018-03,1
8448f61ffffffff-2018-04,1
8448f61ffffffff-2019-05,2
8448f61ffffffff-2021-04,5
8448f61ffffffff-2022-07,5
8448f61ffffffff-2023-04,2
8448f61ffffffff-2023-05,7
8448f63ffffffff-2022-08,2
8448f63ffffffff-2022-10,1
8448f63ffffffff-2023-10,1
8448f63ffffffff-2023-11,3
8449801ffffffff-2013-08,2
8449801ffffffff-2014-04,1
8449801ffffffff-2014-12,1
8449801ffffffff-2015-02,1
8449801ffffffff-2015-04,5
8449801ffffffff-2015-08,1
8449801ffffffff-2015-09,2
8449801ffffffff-2015-10,2
8449801ffffffff-2015-11,1
8449801ffffffff-2015-12,3
8449801ffffffff-2016-01,3
8449801ffffffff-2016-02,2
8449801ffffffff-2016-03,4
8449801ffffffff-2016-07,2
8449801ffffffff-2016-09,3
8449801ffffffff-2016-10,2
8449801ffffffff-2016-11,5
8449801ffffffff-2016-12,1
8449801ffffffff-2017-01,1
8449801ffffffff-2017-08,1
8449801ffffffff-2017-11,5
8449801ffffffff-2017-12,1
8449801ffffffff-2018-01,2
8449801ffffffff-2018-02,3
8449801ffffffff-2018-03,3
8449801ffffffff-2018-08,2
8449801ffffffff-2018-09,1
8449801ffffffff-2018-10,1
8449801ffffffff-2018-11,1
8449801ffffffff-2019-02,1
8449801ffffffff-2019-03,1
8449801ffffffff-2019-04,2
8449801ffffffff-2019-09,2
8449801ffffffff-2020-02,3
8449801ffffffff-2020-11,2
8449801ffffffff-2021-01,2
8449801ffffffff-2021-02,2
8449801ffffffff-2021-04,2
8449801ffffffff-2021-10,2
8449801ffffffff-2021-11,9
8449801ffffffff-2022-02,2
8449801ffffffff-2023-01,2
8449801ffffffff-2023-09,1
8449801ffffffff-2023-10,4
8449803ffffffff-2014-02,1
8449803ffffffff-2014-12,2
8449803ffffffff-2015-04,2
8449803ffffffff-2015-09,1
8449803ffffffff-2016-01,1
8449803ffffffff-2016-09,2
8449803ffffffff-2018-02,1
8449803ffffffff-2019-01,4
8449803ffffffff-2019-04,3
8449803ffffffff-2019-07,1
8449803ffffffff-2019-11,2
8449803ffffffff-2020-02,4
8449803ffffffff-2020-03,3
8449803ffffffff-2020-04,1
8449803ffffffff-2020-09,3
8449803ffffffff-2020-10,2
8449803ffffffff-2021-10,2
8449803ffffffff-2021-11,4
8449803ffffffff-2022-01,6
8449803ffffffff-2022-02,5
8449803ffffffff-2022-08,1
8449803ffffffff-2022-10,3
8449803ffffffff-2022-12,2
8449803ffffffff-2023-01,2
8449803ffffffff-2023-02,2
8449803ffffffff-2023-03,1
8449803ffffffff-2023-10,3
8449803ffffffff-2023-11,1
844980bffffffff-2017-08,1
844980bffffffff-2018-12,1
844980bffffffff-2023-09,8
8449815ffffffff-2020-10,7
8449815ffffffff-2022-07,2
8449817ffffffff-2020-01,1
8449819ffffffff-2017-12,1
8449819ffffffff-2019-11,1
8449819ffffffff-2021-05,1
8449821ffffffff-2019-09,2
8449821ffffffff-2022-09,1
8449821ffffffff-2022-10,1
8449821ffffffff-2022-11,4
8449821ffffffff-2023-03,1
8449821ffffffff-2023-09,3
8449821ffffffff-2023-10,13
8449821ffffffff-2023-11,7
8449823ffffffff-2012-12,1
8449823ffffffff-2014-01,1
8449823ffffffff-2014-02,1
8449823ffffffff-2014-04,1
8449823ffffffff-2014-08,2
8449823ffffffff-2014-09,3
8449823ffffffff-2014-12,1
8449823ffffffff-2015-01,1
8449823ffffffff-2015-04,4
8449823ffffffff-2015-05,2
8449823ffffffff-2015-07,1
8449823ffffffff-2015-08,2
8449823ffffffff-2015-09,2
8449823ffffffff-2015-10,1
8449823ffffffff-2016-01,1
8449823ffffffff-2016-04,1
8449823ffffffff-2016-08,2
8449823ffffffff-2016-11,2
8449823ffffffff-2016-12,1
8449823ffffffff-2017-01,1
8449823ffffffff-2017-03,4
8449823ffffffff-2017-04,3
8449823ffffffff-2017-09,3
8449823ffffffff-2017-11,2
8449823ffffffff-2018-01,1
8449823ffffffff-2018-03,2
8449823ffffffff-2018-04,2
8449823ffffffff-2019-02,1
8449823ffffffff-2019-09,1
8449823ffffffff-2019-11,1
8449823ffffffff-2020-01,10
8449823ffffffff-2020-02,6
8449823ffffffff-2020-03,1
8449823ffffffff-2020-04,5
8449823ffffffff-2020-09,3
8449823ffffffff-2021-01,1
8449823ffffffff-2021-03,1
8449823ffffffff-2021-04,5
8449823ffffffff-2021-08,3
8449823ffffffff-2021-10,2
8449823ffffffff-2022-01,1
8449823ffffffff-2022-02,1
8449823ffffffff-2022-04,2
8449823ffffffff-2022-08,2
8449823ffffffff-2022-09,10
8449823ffffffff-2022-10,14
8449823ffffffff-2022-11,6
8449823ffffffff-2023-01,4
8449823ffffffff-2023-03,1
8449823ffffffff-2023-04,7
8449823ffffffff-2023-05,1
8449823ffffffff-2023-07,1
8449823ffffffff-2023-08,8
8449823ffffffff-2023-09,10
8449823ffffffff-2023-10,4
8449823ffffffff-2023-11,1
8449825ffffffff-2018-01,2
8449827ffffffff-2021-03,1
8449829ffffffff-2020-02,7
8449829ffffffff-2020-03,2
8449829ffffffff-2020-12,1
8449829ffffffff-2022-11,1
8449829ffffffff-2022-12,8
8449829ffffffff-2023-01,1
844982bffffffff-2017-05,1
844982bffffffff-2023-07,1
844982dffffffff-2019-09,3
844982dffffffff-2022-01,1
844982dffffffff-2022-02,4
8449831ffffffff-2012-01,1
8449831ffffffff-2012-03,1
8449831ffffffff-2012-04,1
8449831ffffffff-2013-09,2
8449831ffffffff-2013-10,1
8449831ffffffff-2014-02,2
8449831ffffffff-2015-03,1
8449831ffffffff-2015-04,1
8449831ffffffff-2017-01,1
8449831ffffffff-2018-03,1
8449831ffffffff-2018-04,2
8449831ffffffff-2019-01,1
8449831ffffffff-2019-02,2
8449831ffffffff-2019-03,1
8449831ffffffff-2020-01,3
8449831ffffffff-2021-01,2
8449831ffffffff-2021-02,2
8449831ffffffff-2022-01,2
8449831ffffffff-2022-02,3
8449831ffffffff-2023-02,1
8449831ffffffff-2023-03,1
8449831ffffffff-2023-04,3
844983bffffffff-2012-12,1
844983bffffffff-2014-12,1
844983bffffffff-2017-01,1
844983bffffffff-2017-02,1
844983bffffffff-2017-03,1
844983bffffffff-2017-04,1
844983bffffffff-2017-09,2
844983bffffffff-2017-11,1
844983bffffffff-2017-12,2
844983bffffffff-2018-03,1
844983bffffffff-2019-03,1
844983bffffffff-2020-10,4
844983bffffffff-2021-01,1
844983bffffffff-2021-02,2
844983bffffffff-2021-04,4
844983bffffffff-2022-03,3
844983bffffffff-2022-08,1
844983bffffffff-2022-12,1
844983bffffffff-2023-09,1
844983bffffffff-2023-10,1
844983dffffffff-2017-03,2
844983dffffffff-2017-04,2
844983dffffffff-2018-11,2
844983dffffffff-2019-04,1
844983dffffffff-2020-10,2
844983dffffffff-2022-02,1
844983dffffffff-2022-11,1
844983dffffffff-2023-01,7
844983dffffffff-2023-10,2
844984dffffffff-2019-02,3
844984dffffffff-2020-04,1
8449855ffffffff-2016-01,1
8449855ffffffff-2016-02,2
8449855ffffffff-2016-03,1
8449855ffffffff-2018-01,4
8449857ffffffff-2019-01,1
8449865ffffffff-2012-02,4
8449865ffffffff-2014-08,3
8449865ffffffff-2015-03,2
8449865ffffffff-2016-02,1
8449865ffffffff-2017-01,2
8449865ffffffff-2017-02,5
8449865ffffffff-2017-03,2
8449865ffffffff-2017-09,4
8449865ffffffff-2017-12,2
8449865ffffffff-2018-02,1
8449865ffffffff-2018-04,3
8449865ffffffff-2019-01,5
8449865ffffffff-2019-03,7
8449865ffffffff-2019-05,3
8449865ffffffff-2019-08,1
8449865ffffffff-2019-11,1
8449865ffffffff-2019-12,2
8449865ffffffff-2020-01,2
8449865ffffffff-2020-02,8
8449865ffffffff-2020-03,2
8449865ffffffff-2020-10,2
8449865ffffffff-2020-12,5
8449865ffffffff-2021-01,3
8449865ffffffff-2021-03,6
8449865ffffffff-2021-04,4
8449865ffffffff-2021-11,4
8449865ffffffff-2021-12,1
8449865ffffffff-2022-01,8
8449865ffffffff-2022-02,1
8449865ffffffff-2022-03,16
8449865ffffffff-2022-04,9
8449865ffffffff-2022-05,3
8449865ffffffff-2023-02,1
8449865ffffffff-2023-03,1
8449865ffffffff-2023-04,1
8449867ffffffff-2015-02,1
8449867ffffffff-2017-08,1
8449867ffffffff-2017-09,1
8449867ffffffff-2019-12,1
8449867ffffffff-2020-04,1
8449867ffffffff-2020-08,1
8449867ffffffff-2020-11,2
8449867ffffffff-2021-02,5
8449867ffffffff-2021-03,1
8449867ffffffff-2021-11,2
8449867ffffffff-2022-01,4
8449867ffffffff-2022-03,1
8449867ffffffff-2022-04,1
8449867ffffffff-2022-09,1
8449867ffffffff-2022-11,1
8449867ffffffff-2023-02,1
8449867ffffffff-2023-03,2
8449867ffffffff-2023-05,2
8449885ffffffff-2019-09,1
8449887ffffffff-2021-12,2
844988dffffffff-2012-11,1
844988dffffffff-2019-03,1
844988dffffffff-2021-01,1
84498a1ffffffff-2019-07,1
84498c9ffffffff-2016-03,1
84498c9ffffffff-2019-11,1
84498c9ffffffff-2019-12,3
84498c9ffffffff-2020-02,1
84498c9ffffffff-2020-03,1
84498c9ffffffff-2020-12,1
84498c9ffffffff-2021-03,1
84498c9ffffffff-2021-11,1
84498c9ffffffff-2021-12,1
84498c9ffffffff-2022-12,2
84498c9ffffffff-2023-01,1
84498c9ffffffff-2023-08,1
84498cdffffffff-2021-04,1
84498e1ffffffff-2018-02,4
84498e3ffffffff-2012-11,1
84498e3ffffffff-2015-02,2
84498e3ffffffff-2019-09,1
84498e3ffffffff-2021-03,2
84498e3ffffffff-2022-03,2
84498e3ffffffff-2023-02,7
84498e7ffffffff-2023-11,1
84498e9ffffffff-2015-11,2
84498e9ffffffff-2016-03,1
84498e9ffffffff-2020-01,1
84498e9ffffffff-2023-03,1
84498ebffffffff-2015-11,2
84498ebffffffff-2016-02,1
84498ebffffffff-2016-03,2
84498ebffffffff-2016-04,1
84498ebffffffff-2018-02,1
84498ebffffffff-2019-03,6
84498ebffffffff-2019-11,1
84498ebffffffff-2020-04,1
84498ebffffffff-2020-10,10
84498ebffffffff-2021-04,1
84498edffffffff-2012-01,1
84498edffffffff-2013-01,1
84498edffffffff-2015-03,1
84498edffffffff-2016-12,2
84498edffffffff-2018-01,1
84498edffffffff-2019-02,1
84498edffffffff-2019-05,2
84498edffffffff-2020-10,2
84498edffffffff-2020-12,1
84498edffffffff-2021-01,1
84498edffffffff-2021-02,1
84498edffffffff-2021-03,3
84498edffffffff-2021-04,1
84498edffffffff-2021-05,1
84498edffffffff-2021-12,1
84498edffffffff-2022-04,1
84498edffffffff-2022-10,4
84498edffffffff-2022-11,1
84498edffffffff-2022-12,1
84498edffffffff-2023-01,3
84498edffffffff-2023-07,2
84498edffffffff-2023-10,1
844990bffffffff-2023-04,1
8449929ffffffff-2017-02,1
8449929ffffffff-2022-03,1
844992bffffffff-2014-12,1
8449939ffffffff-2022-02,1
8449939ffffffff-2023-04,2
844993dffffffff-2013-05,1
844993dffffffff-2017-01,6
844993dffffffff-2017-05,2
844993dffffffff-2017-08,2
844993dffffffff-2018-05,1
844993dffffffff-2019-11,1
844993dffffffff-2021-02,2
844993dffffffff-2022-04,1
844993dffffffff-2022-08,1
844993dffffffff-2023-04,1
844993dffffffff-2023-10,1
8449943ffffffff-2018-01,2
8449943ffffffff-2018-03,1
8449943ffffffff-2019-05,1
8449943ffffffff-2020-03,4
8449943ffffffff-2020-10,2
8449943ffffffff-2022-10,1
8449947ffffffff-2016-12,2
8449947ffffffff-2017-12,2
8449947ffffffff-2018-09,5
8449947ffffffff-2019-09,5
8449947ffffffff-2020-01,5
8449947ffffffff-2021-09,5
8449947ffffffff-2023-03,2
844994bffffffff-2012-03,2
844994bffffffff-2012-04,1
844994bffffffff-2012-11,1
844994bffffffff-2012-12,1
844994bffffffff-2013-04,1
844994bffffffff-2017-03,5
844994bffffffff-2018-05,1
844994bffffffff-2020-03,1
844994bffffffff-2023-05,1
8449951ffffffff-2014-12,1
8449951ffffffff-2015-12,3
8449951ffffffff-2016-08,1
8449951ffffffff-2016-09,6
8449951ffffffff-2016-11,1
8449951ffffffff-2016-12,1
8449951ffffffff-2017-01,2
8449951ffffffff-2017-02,1
8449951ffffffff-2017-05,2
8449951ffffffff-2017-07,1
8449951ffffffff-2017-09,2
8449951ffffffff-2017-11,1
8449951ffffffff-2018-01,7
8449951ffffffff-2018-02,2
8449951ffffffff-2018-03,1
8449951ffffffff-2018-04,2
8449951ffffffff-2018-07,4
8449951ffffffff-2018-08,4
8449951ffffffff-2018-09,9
8449951ffffffff-2019-01,10
8449951ffffffff-2019-02,11
8449951ffffffff-2019-03,5
8449951ffffffff-2019-04,4
8449951ffffffff-2019-05,3
8449951ffffffff-2019-07,13
8449951ffffffff-2019-08,1
8449951ffffffff-2019-10,4
8449951ffffffff-2020-01,1
8449951ffffffff-2020-02,5
8449951ffffffff-2020-03,5
8449951ffffffff-2020-04,1
8449951ffffffff-2020-07,10
8449951ffffffff-2020-08,17
8449951ffffffff-2020-09,3
8449951ffffffff-2020-10,4
8449951ffffffff-2020-11,6
8449951ffffffff-2020-12,5
8449951ffffffff-2021-02,7
8449951ffffffff-2021-03,12
8449951ffffffff-2021-04,8
8449951ffffffff-2021-05,10
8449951ffffffff-2021-06,1
8449951ffffffff-2021-07,10
8449951ffffffff-2021-08,8
8449951ffffffff-2021-09,5
8449951ffffffff-2021-10,8
8449951ffffffff-2021-11,3
8449951ffffffff-2021-12,5
8449951ffffffff-2022-01,3
8449951ffffffff-2022-02,3
8449951ffffffff-2022-03,18
8449951ffffffff-2022-04,19
8449951ffffffff-2022-05,6
8449951ffffffff-2022-07,5
8449951ffffffff-2022-08,15
8449951ffffffff-2022-09,27
8449951ffffffff-2022-10,9
8449951ffffffff-2022-11,12
8449951ffffffff-2022-12,15
8449951ffffffff-2023-01,7
8449951ffffffff-2023-03,3
8449951ffffffff-2023-04,5
8449951ffffffff-2023-05,14
8449951ffffffff-2023-07,10
8449951ffffffff-2023-08,11
8449951ffffffff-2023-09,8
8449951ffffffff-2023-10,23
8449951ffffffff-2023-11,15
8449953ffffffff-2014-07,2
8449953ffffffff-2015-02,1
8449953ffffffff-2015-12,1
8449953ffffffff-2016-07,2
8449953ffffffff-2017-09,1
8449953ffffffff-2018-01,2
8449953ffffffff-2018-12,1
8449953ffffffff-2019-02,1
8449953ffffffff-2019-05,2
8449953ffffffff-2019-07,2
8449953ffffffff-2019-12,1
8449953ffffffff-2020-01,11
8449953ffffffff-2020-11,2
8449953ffffffff-2020-12,7
8449953ffffffff-2021-01,6
8449953ffffffff-2021-02,2
8449953ffffffff-2021-10,3
8449953ffffffff-2021-12,1
8449953ffffffff-2022-01,3
8449953ffffffff-2022-10,1
8449953ffffffff-2022-12,6
8449953ffffffff-2023-02,1
8449953ffffffff-2023-03,3
8449955ffffffff-2021-01,2
8449955ffffffff-2021-03,4
8449955ffffffff-2023-10,3
8449955ffffffff-2023-11,3
8449957ffffffff-2014-07,2
8449957ffffffff-2015-02,2
8449957ffffffff-2015-04,2
8449957ffffffff-2015-05,2
8449957ffffffff-2015-08,2
8449957ffffffff-2015-10,1
8449957ffffffff-2016-09,3
8449957ffffffff-2017-02,4
8449957ffffffff-2017-04,1
8449957ffffffff-2017-05,1
8449957ffffffff-2017-11,1
8449957ffffffff-2018-02,1
8449957ffffffff-2021-03,2
8449957ffffffff-2022-12,3
8449959ffffffff-2012-01,2
8449959ffffffff-2012-02,1
8449959ffffffff-2012-03,1
8449959ffffffff-2012-09,1
8449959ffffffff-2012-11,4
8449959ffffffff-2012-12,1
8449959ffffffff-2013-01,2
8449959ffffffff-2013-02,2
8449959ffffffff-2013-03,4
8449959ffffffff-2013-11,2
8449959ffffffff-2013-12,6
8449959ffffffff-2014-01,16
8449959ffffffff-2014-02,2
8449959ffffffff-2014-03,6
8449959ffffffff-2014-04,8
8449959ffffffff-2014-05,4
8449959ffffffff-2014-09,2
8449959ffffffff-2014-10,1
8449959ffffffff-2014-11,4
8449959ffffffff-2014-12,14
8449959ffffffff-2015-01,4
8449959ffffffff-2015-02,8
8449959ffffffff-2015-03,4
8449959ffffffff-2015-04,9
8449959ffffffff-2015-09,19
8449959ffffffff-2015-10,9
8449959ffffffff-2015-11,8
8449959ffffffff-2015-12,5
8449959ffffffff-2016-01,15
8449959ffffffff-2016-02,11
8449959ffffffff-2016-03,3
8449959ffffffff-2016-05,1
8449959ffffffff-2016-08,6
8449959ffffffff-2016-09,14
8449959ffffffff-2016-10,8
8449959ffffffff-2016-11,1
8449959ffffffff-2016-12,5
8449959ffffffff-2017-01,13
8449959ffffffff-2017-02,10
8449959ffffffff-2017-03,18
8449959ffffffff-2017-04,11
8449959ffffffff-2017-05,1
8449959ffffffff-2017-08,1
8449959ffffffff-2017-09,4
8449959ffffffff-2017-10,14
8449959ffffffff-2017-11,5
8449959ffffffff-2017-12,15
8449959ffffffff-2018-01,12
8449959ffffffff-2018-02,23
8449959ffffffff-2018-03,21
8449959ffffffff-2018-04,10
8449959ffffffff-2018-05,24
8449959ffffffff-2018-08,1
8449959ffffffff-2018-09,6
8449959ffffffff-2018-10,2
8449959ffffffff-2018-11,8
8449959ffffffff-2018-12,4
8449959ffffffff-2019-01,29
8449959ffffffff-2019-02,36
8449959ffffffff-2019-03,54
8449959ffffffff-2019-04,17
8449959ffffffff-2019-05,23
8449959ffffffff-2019-08,5
8449959ffffffff-2019-09,10
8449959ffffffff-2019-10,30
8449959ffffffff-2019-11,2
8449959ffffffff-2019-12,3
8449959ffffffff-2020-01,33
8449959ffffffff-2020-02,10
8449959ffffffff-2020-03,37
8449959ffffffff-2020-04,9
8449959ffffffff-2020-05,3
8449959ffffffff-2020-08,8
8449959ffffffff-2020-09,12
8449959ffffffff-2020-10,10
8449959ffffffff-2020-11,5
8449959ffffffff-2020-12,2
8449959ffffffff-2021-01,18
8449959ffffffff-2021-02,4
8449959ffffffff-2021-03,18
8449959ffffffff-2021-04,37
8449959ffffffff-2021-05,9
8449959ffffffff-2021-09,2
8449959ffffffff-2021-10,1
8449959ffffffff-2021-11,6
8449959ffffffff-2021-12,9
8449959ffffffff-2022-01,31
8449959ffffffff-2022-02,39
8449959ffffffff-2022-03,11
8449959ffffffff-2022-04,25
8449959ffffffff-2022-08,4
8449959ffffffff-2022-09,2
8449959ffffffff-2022-10,14
8449959ffffffff-2022-11,8
8449959ffffffff-2022-12,15
8449959ffffffff-2023-01,17
8449959ffffffff-2023-02,22
8449959ffffffff-2023-03,38
8449959ffffffff-2023-04,36
8449959ffffffff-2023-05,4
8449959ffffffff-2023-08,8
8449959ffffffff-2023-09,20
8449959ffffffff-2023-10,24
8449959ffffffff-2023-11,14
844995bffffffff-2013-03,1
844995bffffffff-2018-02,2
844995bffffffff-2020-02,1
844995bffffffff-2021-11,4
844995bffffffff-2022-03,1
844995bffffffff-2022-08,5
844995bffffffff-2022-09,4
844995bffffffff-2022-10,1
844995bffffffff-2022-11,1
844995bffffffff-2022-12,1
844995bffffffff-2023-03,2
844995bffffffff-2023-09,2
844995bffffffff-2023-11,1
8449961ffffffff-2014-05,2
8449961ffffffff-2014-11,3
8449961ffffffff-2015-11,1
8449961ffffffff-2015-12,1
8449961ffffffff-2016-05,4
8449961ffffffff-2017-01,1
8449961ffffffff-2017-09,4
8449961ffffffff-2018-01,1
8449961ffffffff-2018-03,2
8449961ffffffff-2019-11,4
8449961ffffffff-2021-03,2
8449961ffffffff-2021-04,4
8449961ffffffff-2023-04,1
8449961ffffffff-2023-05,1
8449961ffffffff-2023-11,1
8449965ffffffff-2012-12,3
8449965ffffffff-2013-12,2
8449965ffffffff-2014-04,3
8449965ffffffff-2014-10,3
8449965ffffffff-2015-03,3
8449965ffffffff-2015-10,1
8449965ffffffff-2015-12,4
8449965ffffffff-2016-09,14
8449965ffffffff-2016-10,10
8449965ffffffff-2016-11,7
8449965ffffffff-2016-12,4
8449965ffffffff-2017-01,1
8449965ffffffff-2017-02,6
8449965ffffffff-2017-03,2
8449965ffffffff-2017-04,3
8449965ffffffff-2017-05,2
8449965ffffffff-2017-08,5
8449965ffffffff-2017-09,28
8449965ffffffff-2017-10,6
8449965ffffffff-2017-11,1
8449965ffffffff-2017-12,1
8449965ffffffff-2018-01,1
8449965ffffffff-2018-02,4
8449965ffffffff-2018-03,6
8449965ffffffff-2018-04,1
8449965ffffffff-2018-08,1
8449965ffffffff-2018-09,11
8449965ffffffff-2018-10,10
8449965ffffffff-2018-12,6
8449965ffffffff-2019-01,2
8449965ffffffff-2019-03,5
8449965ffffffff-2019-04,7
8449965ffffffff-2019-05,3
8449965ffffffff-2019-08,4
8449965ffffffff-2019-09,25
8449965ffffffff-2019-10,12
8449965ffffffff-2019-11,3
8449965ffffffff-2020-01,11
8449965ffffffff-2020-03,8
8449965ffffffff-2020-04,1
8449965ffffffff-2020-05,1
8449965ffffffff-2020-09,7
8449965ffffffff-2020-10,8
8449965ffffffff-2020-11,4
8449965ffffffff-2020-12,16
8449965ffffffff-2021-01,3
8449965ffffffff-2021-02,2
8449965ffffffff-2021-03,6
8449965ffffffff-2021-04,7
8449965ffffffff-2021-05,1
8449965ffffffff-2021-09,5
8449965ffffffff-2021-10,4
8449965ffffffff-2021-11,1
8449965ffffffff-2021-12,4
8449965ffffffff-2022-01,2
8449965ffffffff-2022-02,3
8449965ffffffff-2022-03,2
8449965ffffffff-2022-04,3
8449965ffffffff-2022-05,9
8449965ffffffff-2022-09,22
8449965ffffffff-2022-10,52
8449965ffffffff-2022-11,2
8449965ffffffff-2022-12,10
8449965ffffffff-2023-01,7
8449965ffffffff-2023-02,13
8449965ffffffff-2023-03,10
8449965ffffffff-2023-04,7
8449965ffffffff-2023-05,8
8449965ffffffff-2023-09,8
8449965ffffffff-2023-10,37
8449967ffffffff-2016-10,1
8449967ffffffff-2017-02,1
8449967ffffffff-2017-08,2
8449967ffffffff-2017-09,1
8449967ffffffff-2017-11,2
8449967ffffffff-2018-03,1
8449967ffffffff-2018-10,3
8449967ffffffff-2019-09,7
8449967ffffffff-2019-10,2
8449967ffffffff-2019-12,2
8449967ffffffff-2020-12,1
8449967ffffffff-2021-03,2
8449967ffffffff-2021-04,5
8449967ffffffff-2021-05,7
8449967ffffffff-2022-02,3
8449967ffffffff-2022-03,2
8449967ffffffff-2022-09,8
8449967ffffffff-2022-11,1
8449967ffffffff-2022-12,4
8449967ffffffff-2023-01,3
8449967ffffffff-2023-02,2
8449969ffffffff-2020-12,1
8449969ffffffff-2021-03,1
8449969ffffffff-2021-04,4
8449969ffffffff-2022-03,2
8449969ffffffff-2023-02,1
844996bffffffff-2012-03,1
844996dffffffff-2023-04,2
84499adffffffff-2023-11,3
84499cdffffffff-2023-01,3
84499d1ffffffff-2020-11,1
84499d1ffffffff-2020-12,1
84499d1ffffffff-2021-01,2
84499d1ffffffff-2021-02,2
84499dbffffffff-2021-04,4
84499dbffffffff-2021-12,1
84499dbffffffff-2023-01,1
84499ebffffffff-2013-08,2
84499ebffffffff-2020-12,1
84499ebffffffff-2021-01,2
84499ebffffffff-2023-03,1
8449a21ffffffff-2016-12,2
8449a21ffffffff-2017-12,3
8449a21ffffffff-2018-03,1
8449a21ffffffff-2019-02,1
8449a21ffffffff-2019-12,2
8449a21ffffffff-2020-02,1
8449a21ffffffff-2020-03,3
8449a21ffffffff-2020-05,1
8449a21ffffffff-2021-03,1
8449a21ffffffff-2021-11,1
8449a21ffffffff-2022-12,2
8449a21ffffffff-2023-01,2
8449a21ffffffff-2023-08,3
8449a21ffffffff-2023-09,2
8449a21ffffffff-2023-11,2
8449a23ffffffff-2016-11,1
8449a23ffffffff-2018-01,3
8449a23ffffffff-2018-03,2
8449a23ffffffff-2018-04,2
8449a23ffffffff-2018-05,1
8449a23ffffffff-2021-03,3
8449a23ffffffff-2022-04,2
8449a2bffffffff-2013-03,1
8449a2bffffffff-2014-04,1
8449a2bffffffff-2015-02,1
8449a2bffffffff-2015-03,1
8449a2bffffffff-2018-04,1
8449a2bffffffff-2018-05,1
8449a2bffffffff-2018-12,2
8449a2bffffffff-2019-03,1
8449a2bffffffff-2019-05,1
8449a2bffffffff-2020-02,2
8449a2bffffffff-2020-05,1
8449a2bffffffff-2022-03,2
8449a2bffffffff-2022-12,1
8449a2bffffffff-2023-04,1
8449a2bffffffff-2023-11,1
8449a31ffffffff-2012-11,2
8449a39ffffffff-2019-08,2
8449a3bffffffff-2019-02,1
8449a3dffffffff-2017-11,1
8449a3dffffffff-2018-12,1
8449a3dffffffff-2020-12,1
8449a3dffffffff-2021-03,1
8449a89ffffffff-2013-03,1
8449a89ffffffff-2013-08,2
8449a89ffffffff-2014-02,2
8449a89ffffffff-2014-03,3
8449a89ffffffff-2014-12,1
8449a89ffffffff-2015-12,1
8449a89ffffffff-2017-01,1
8449a89ffffffff-2017-03,6
8449a89ffffffff-2019-01,1
8449a89ffffffff-2019-03,1
8449a89ffffffff-2020-01,2
8449a89ffffffff-2020-02,3
8449a89ffffffff-2020-03,3
8449a89ffffffff-2021-02,1
8449a89ffffffff-2022-03,2
8449a89ffffffff-2022-11,1
8449a89ffffffff-2023-01,1
8449a8bffffffff-2012-03,2
8449a8bffffffff-2012-09,1
8449a8bffffffff-2014-01,1
8449a8bffffffff-2015-01,1
8449a8bffffffff-2015-02,2
8449a8bffffffff-2015-12,1
8449a8bffffffff-2017-12,1
8449a8bffffffff-2018-01,1
8449a8bffffffff-2018-02,1
8449a8bffffffff-2019-02,6
8449a8bffffffff-2022-11,1
8449a8bffffffff-2022-12,2
8449a8bffffffff-2023-01,1
8449a8bffffffff-2023-02,1
8449a8bffffffff-2023-11,1
8449a8dffffffff-2014-03,1
8449a8dffffffff-2016-12,1
8449a8dffffffff-2017-01,2
8449a8dffffffff-2017-02,3
8449a8dffffffff-2017-03,1
8449a8dffffffff-2018-02,1
8449a8dffffffff-2018-09,10
8449a8dffffffff-2018-10,1
8449a8dffffffff-2018-12,4
8449a8dffffffff-2019-03,2
8449a8dffffffff-2019-08,2
8449a8dffffffff-2019-09,2
8449a8dffffffff-2019-12,1
8449a8dffffffff-2020-01,2
8449a8dffffffff-2020-02,3
8449a8dffffffff-2020-12,2
8449a8dffffffff-2021-09,2
8449a8dffffffff-2022-01,4
8449a8dffffffff-2022-05,1
8449a8dffffffff-2022-12,1
8449a8dffffffff-2023-01,2
8449a91ffffffff-2015-01,4
8449a91ffffffff-2017-01,1
8449a91ffffffff-2020-12,1
8449a91ffffffff-2021-02,2
8449a91ffffffff-2021-03,2
8449a91ffffffff-2021-04,4
8449a91ffffffff-2022-02,4
8449a91ffffffff-2023-03,2
8449a93ffffffff-2012-02,1
8449a93ffffffff-2013-11,1
8449a93ffffffff-2014-12,1
8449a93ffffffff-2016-12,1
8449a93ffffffff-2017-08,1
8449a93ffffffff-2018-04,1
8449a97ffffffff-2013-11,2
8449a97ffffffff-2013-12,1
8449a97ffffffff-2014-01,1
8449a97ffffffff-2014-12,2
8449a97ffffffff-2015-02,4
8449a97ffffffff-2015-12,1
8449a97ffffffff-2016-01,3
8449a97ffffffff-2016-02,2
8449a97ffffffff-2016-12,3
8449a97ffffffff-2017-01,1
8449a97ffffffff-2017-02,1
8449a97ffffffff-2017-03,6
8449a97ffffffff-2017-11,5
8449a97ffffffff-2017-12,6
8449a97ffffffff-2018-01,1
8449a97ffffffff-2018-02,4
8449a97ffffffff-2018-04,1
8449a97ffffffff-2018-12,5
8449a97ffffffff-2019-01,4
8449a97ffffffff-2019-02,1
8449a97ffffffff-2019-10,3
8449a97ffffffff-2019-11,2
8449a97ffffffff-2019-12,2
8449a97ffffffff-2020-01,7
8449a97ffffffff-2020-02,1
8449a97ffffffff-2020-11,1
8449a97ffffffff-2020-12,2
8449a97ffffffff-2021-01,1
8449a97ffffffff-2021-02,4
8449a97ffffffff-2021-03,1
8449a97ffffffff-2021-10,5
8449a97ffffffff-2021-11,5
8449a97ffffffff-2021-12,9
8449a97ffffffff-2022-01,5
8449a97ffffffff-2022-02,3
8449a97ffffffff-2022-03,4
8449a97ffffffff-2022-04,5
8449a97ffffffff-2022-11,7
8449a97ffffffff-2023-01,4
8449a97ffffffff-2023-02,7
8449a97ffffffff-2023-03,8
8449a97ffffffff-2023-04,9
8449a97ffffffff-2023-09,1
8449a97ffffffff-2023-11,4
8449a99ffffffff-2014-03,1
8449a99ffffffff-2015-12,2
8449a99ffffffff-2017-12,1
8449a99ffffffff-2021-11,2
8449a9bffffffff-2013-08,2
8449a9bffffffff-2015-03,1
8449a9bffffffff-2017-01,2
8449a9bffffffff-2017-03,2
8449a9bffffffff-2018-01,1
8449a9bffffffff-2019-02,7
8449a9bffffffff-2021-01,1
8449a9bffffffff-2021-02,1
8449a9bffffffff-2022-02,4
8449aa1ffffffff-2012-01,1
8449aa1ffffffff-2012-03,2
8449aa1ffffffff-2013-02,1
8449aa1ffffffff-2013-03,2
8449aa1ffffffff-2016-03,3
8449aa1ffffffff-2016-12,3
8449aa1ffffffff-2017-03,3
8449aa1ffffffff-2018-11,4
8449aa1ffffffff-2019-01,5
8449aa1ffffffff-2019-11,5
8449aa1ffffffff-2021-01,2
8449aa1ffffffff-2022-02,6
8449aa1ffffffff-2022-10,1
8449aa1ffffffff-2022-11,3
8449aa1ffffffff-2023-03,5
8449aa3ffffffff-2013-12,1
8449aa3ffffffff-2016-10,4
8449aa3ffffffff-2018-05,1
8449aa3ffffffff-2018-09,1
8449aa3ffffffff-2019-02,4
8449aa3ffffffff-2019-05,3
8449aa3ffffffff-2019-09,1
8449aa3ffffffff-2020-12,1
8449aa3ffffffff-2021-01,1
8449aa3ffffffff-2021-02,4
8449aa3ffffffff-2021-03,3
8449aa3ffffffff-2021-05,2
8449aa3ffffffff-2022-03,7
8449aa3ffffffff-2022-04,1
8449aa3ffffffff-2022-09,1
8449aa3ffffffff-2023-09,15
8449aa3ffffffff-2023-10,1
8449aa3ffffffff-2023-11,2
8449aa5ffffffff-2019-04,3
8449aa5ffffffff-2019-09,1
8449aa5ffffffff-2019-10,1
8449aa5ffffffff-2019-12,1
8449aa5ffffffff-2020-01,1
8449aa5ffffffff-2020-08,1
8449aa5ffffffff-2020-10,1
8449aa5ffffffff-2021-03,1
8449aa5ffffffff-2022-04,1
8449aa5ffffffff-2023-09,3
8449aa7ffffffff-2023-01,1
8449aa7ffffffff-2023-08,3
8449aabffffffff-2014-04,4
8449aabffffffff-2017-12,2
8449aabffffffff-2019-02,1
8449aabffffffff-2019-03,3
8449aabffffffff-2019-04,1
8449aabffffffff-2019-12,1
8449aabffffffff-2020-02,1
8449aabffffffff-2021-03,2
8449aabffffffff-2021-11,1
8449aabffffffff-2022-04,1
8449aabffffffff-2022-07,1
8449aabffffffff-2023-04,4
8449aabffffffff-2023-10,3
8449ab1ffffffff-2015-02,2
8449ab1ffffffff-2015-04,2
8449ab1ffffffff-2016-02,1
8449ab1ffffffff-2017-03,1
8449ab1ffffffff-2017-04,1
8449ab1ffffffff-2018-04,1
8449ab1ffffffff-2018-05,2
8449ab1ffffffff-2020-01,1
8449ab1ffffffff-2020-02,1
8449ab1ffffffff-2021-04,2
8449ab1ffffffff-2022-01,1
8449ab1ffffffff-2022-03,7
8449ab1ffffffff-2022-04,2
8449ab1ffffffff-2023-01,1
8449ab1ffffffff-2023-11,2
8449ab5ffffffff-2013-12,1
8449ab5ffffffff-2014-03,1
8449ab5ffffffff-2014-04,1
8449ab5ffffffff-2014-05,2
8449ab5ffffffff-2014-11,1
8449ab5ffffffff-2015-01,2
8449ab5ffffffff-2015-02,3
8449ab5ffffffff-2015-04,3
8449ab5ffffffff-2015-09,3
8449ab5ffffffff-2015-11,1
8449ab5ffffffff-2015-12,2
8449ab5ffffffff-2016-01,3
8449ab5ffffffff-2016-03,2
8449ab5ffffffff-2017-01,2
8449ab5ffffffff-2017-02,4
8449ab5ffffffff-2017-03,8
8449ab5ffffffff-2017-04,1
8449ab5ffffffff-2017-09,1
8449ab5ffffffff-2017-11,1
8449ab5ffffffff-2017-12,3
8449ab5ffffffff-2018-01,3
8449ab5ffffffff-2018-02,3
8449ab5ffffffff-2018-03,6
8449ab5ffffffff-2018-04,1
8449ab5ffffffff-2018-11,1
8449ab5ffffffff-2019-01,1
8449ab5ffffffff-2019-02,2
8449ab5ffffffff-2019-04,2
8449ab5ffffffff-2019-09,2
8449ab5ffffffff-2019-11,1
8449ab5ffffffff-2019-12,3
8449ab5ffffffff-2020-01,5
8449ab5ffffffff-2020-02,6
8449ab5ffffffff-2020-03,2
8449ab5ffffffff-2020-08,1
8449ab5ffffffff-2020-09,2
8449ab5ffffffff-2020-11,1
8449ab5ffffffff-2020-12,2
8449ab5ffffffff-2021-01,3
8449ab5ffffffff-2021-02,1
8449ab5ffffffff-2021-03,1
8449ab5ffffffff-2021-09,1
8449ab5ffffffff-2022-01,2
8449ab5ffffffff-2022-02,4
8449ab5ffffffff-2022-03,2
8449ab5ffffffff-2022-04,3
8449ab5ffffffff-2022-07,1
8449ab5ffffffff-2022-09,1
8449ab5ffffffff-2022-11,3
8449ab5ffffffff-2023-01,10
8449ab5ffffffff-2023-02,5
8449ab5ffffffff-2023-03,1
8449ab5ffffffff-2023-04,5
8449ab5ffffffff-2023-08,1
8449ab5ffffffff-2023-10,1
8449ab5ffffffff-2023-11,1
8449ab7ffffffff-2014-12,1
8449ab7ffffffff-2019-11,1
8449ab7ffffffff-2020-01,2
8449ab7ffffffff-2021-01,1
8449ab7ffffffff-2021-02,1
8449ab7ffffffff-2021-03,1
8449ab7ffffffff-2022-02,1
8449ab7ffffffff-2022-10,1
8449ab7ffffffff-2023-09,2
8449ab7ffffffff-2023-11,1
8449abdffffffff-2012-01,3
8449abdffffffff-2013-11,1
8449abdffffffff-2014-01,1
8449abdffffffff-2015-09,6
8449abdffffffff-2016-02,1
8449abdffffffff-2016-03,1
8449abdffffffff-2016-12,2
8449abdffffffff-2017-01,2
8449abdffffffff-2017-03,5
8449abdffffffff-2017-07,3
8449abdffffffff-2017-11,2
8449abdffffffff-2017-12,10
8449abdffffffff-2018-04,1
8449abdffffffff-2018-09,4
8449abdffffffff-2018-10,3
8449abdffffffff-2018-11,1
8449abdffffffff-2020-09,3
8449abdffffffff-2020-10,2
8449abdffffffff-2020-11,6
8449abdffffffff-2021-02,2
8449abdffffffff-2021-05,1
8449abdffffffff-2021-07,1
8449abdffffffff-2021-12,1
8449abdffffffff-2022-04,4
8449abdffffffff-2022-07,6
8449abdffffffff-2023-02,1
8449abdffffffff-2023-03,4
8449abdffffffff-2023-04,2
8449abdffffffff-2023-05,1
8449abdffffffff-2023-07,1
8449abdffffffff-2023-10,6
8449ac7ffffffff-2012-04,1
8449ac7ffffffff-2013-03,1
8449ac7ffffffff-2016-03,3
8449ac7ffffffff-2017-12,1
8449ac7ffffffff-2018-02,3
8449ac7ffffffff-2018-03,1
8449ac7ffffffff-2018-12,3
8449ac7ffffffff-2019-01,2
8449ac7ffffffff-2019-10,1
8449ac7ffffffff-2019-11,2
8449ac7ffffffff-2019-12,2
8449ac7ffffffff-2021-05,1
8449ac7ffffffff-2021-08,1
8449ac7ffffffff-2021-10,1
8449ac7ffffffff-2022-01,1
8449ac7ffffffff-2023-01,1
8449ac7ffffffff-2023-11,1
8449ad5ffffffff-2012-03,1
8449ad5ffffffff-2012-11,3
8449ad5ffffffff-2013-03,1
8449ad5ffffffff-2014-02,1
8449ad5ffffffff-2014-03,4
8449ad5ffffffff-2016-02,1
8449ad5ffffffff-2018-03,3
8449ad5ffffffff-2019-02,5
8449ad5ffffffff-2019-12,1
8449ad5ffffffff-2020-03,1
8449ad5ffffffff-2020-12,2
8449ad5ffffffff-2021-02,2
8449ad5ffffffff-2023-02,2
8449ad5ffffffff-2023-03,1
8449ad5ffffffff-2023-11,1
8449ad7ffffffff-2013-02,4
8449ad7ffffffff-2013-03,3
8449ad7ffffffff-2014-02,1
8449ad7ffffffff-2015-03,1
8449ad7ffffffff-2016-01,5
8449ad7ffffffff-2016-11,1
8449ad7ffffffff-2017-11,1
8449ad7ffffffff-2018-01,1
8449ad7ffffffff-2018-09,1
8449ad7ffffffff-2018-12,5
8449ad7ffffffff-2021-11,2
8449ad7ffffffff-2021-12,1
8449b31ffffffff-2023-01,1
8449b33ffffffff-2016-04,4
8449b33ffffffff-2017-02,3
8449b33ffffffff-2018-03,3
8449b33ffffffff-2018-04,4
8449b33ffffffff-2019-03,3
8449b33ffffffff-2019-12,1
8449b33ffffffff-2020-03,1
8449b33ffffffff-2020-10,1
8449b33ffffffff-2021-01,1
8449b33ffffffff-2021-03,2
8449b33ffffffff-2021-04,4
8449b33ffffffff-2022-02,3
8449b33ffffffff-2023-02,12
8449b33ffffffff-2023-03,3
8449b33ffffffff-2023-04,2
8449b33ffffffff-2023-07,4
8449b33ffffffff-2023-11,1
8449b37ffffffff-2017-10,1
8449b37ffffffff-2018-04,2
8449b37ffffffff-2023-04,2
8449b3bffffffff-2018-04,2
8449b3bffffffff-2020-03,1
8449b3bffffffff-2022-04,8
8449b3bffffffff-2023-04,2
8449b43ffffffff-2018-12,1
8449b43ffffffff-2023-03,1
8449b47ffffffff-2021-04,1
8449b47ffffffff-2023-09,2
8449b51ffffffff-2021-04,1
8449b51ffffffff-2022-04,6
8449b55ffffffff-2016-12,2
8449b55ffffffff-2017-12,3
8449b55ffffffff-2019-12,2
8449b55ffffffff-2020-12,5
8449b55ffffffff-2021-02,1
8449b55ffffffff-2021-08,3
8449b55ffffffff-2021-12,1
8449b55ffffffff-2022-01,10
8449b55ffffffff-2022-03,8
8449b55ffffffff-2022-09,2
8449b55ffffffff-2022-12,1
8449b57ffffffff-2018-02,1
8449b57ffffffff-2018-04,2
8449b57ffffffff-2022-04,4
8449b6bffffffff-2019-02,1
8449b6bffffffff-2023-08,3
8449b6dffffffff-2017-08,1
8449b6dffffffff-2017-09,1
844c819ffffffff-2012-01,1
844c819ffffffff-2012-02,5
844c819ffffffff-2013-01,2
844c819ffffffff-2013-03,1
844c819ffffffff-2013-09,2
844c819ffffffff-2013-10,1
844c819ffffffff-2014-02,1
844c819ffffffff-2014-12,1
844c819ffffffff-2015-04,1
844c819ffffffff-2016-01,3
844c819ffffffff-2016-02,1
844c819ffffffff-2016-04,1
844c819ffffffff-2016-11,1
844c819ffffffff-2017-06,1
844c819ffffffff-2018-01,2
844c819ffffffff-2018-03,1
844c819ffffffff-2019-03,3
844c819ffffffff-2020-01,9
844c819ffffffff-2021-05,1
844c819ffffffff-2021-08,3
844c819ffffffff-2021-09,3
844c819ffffffff-2021-10,1
844c819ffffffff-2021-11,4
844c819ffffffff-2021-12,4
844c819ffffffff-2022-01,2
844c819ffffffff-2022-02,3
844c819ffffffff-2022-05,3
844c819ffffffff-2022-08,2
844c819ffffffff-2022-09,7
844c819ffffffff-2022-10,10
844c819ffffffff-2022-11,5
844c819ffffffff-2022-12,4
844c819ffffffff-2023-01,3
844c819ffffffff-2023-02,1
844c819ffffffff-2023-03,1
844c819ffffffff-2023-05,1
844c819ffffffff-2023-08,3
844c819ffffffff-2023-09,2
844c819ffffffff-2023-10,16
844c819ffffffff-2023-11,6
844c82dffffffff-2022-04,1
844c833ffffffff-2014-11,1
844c833ffffffff-2015-11,1
844c833ffffffff-2016-03,1
844c833ffffffff-2017-01,2
844c833ffffffff-2017-02,1
844c833ffffffff-2022-05,1
844c833ffffffff-2023-01,2
844c837ffffffff-2014-10,3
844c837ffffffff-2014-11,5
844c837ffffffff-2015-07,2
844c837ffffffff-2015-09,5
844c837ffffffff-2015-11,2
844c837ffffffff-2016-02,7
844c837ffffffff-2016-03,15
844c837ffffffff-2016-04,10
844c837ffffffff-2016-05,9
844c837ffffffff-2016-08,12
844c837ffffffff-2016-09,10
844c837ffffffff-2016-10,8
844c837ffffffff-2017-01,23
844c837ffffffff-2017-02,28
844c837ffffffff-2017-03,56
844c837ffffffff-2017-04,2
844c837ffffffff-2017-05,1
844c837ffffffff-2017-07,2
844c837ffffffff-2017-10,13
844c837ffffffff-2017-11,2
844c837ffffffff-2017-12,1
844c837ffffffff-2018-01,18
844c837ffffffff-2018-02,3
844c837ffffffff-2018-03,4
844c837ffffffff-2018-04,11
844c837ffffffff-2018-05,13
844c837ffffffff-2018-08,4
844c837ffffffff-2018-09,18
844c837ffffffff-2018-10,12
844c837ffffffff-2018-11,3
844c837ffffffff-2019-01,2
844c837ffffffff-2019-03,3
844c837ffffffff-2019-04,1
844c837ffffffff-2019-05,4
844c837ffffffff-2019-07,2
844c837ffffffff-2019-09,12
844c837ffffffff-2019-10,4
844c837ffffffff-2020-03,3
844c837ffffffff-2020-04,3
844c837ffffffff-2020-05,3
844c837ffffffff-2020-07,2
844c837ffffffff-2020-08,10
844c837ffffffff-2020-10,4
844c837ffffffff-2020-11,3
844c837ffffffff-2020-12,2
844c837ffffffff-2021-05,9
844c837ffffffff-2021-07,9
844c837ffffffff-2021-08,3
844c837ffffffff-2021-09,3
844c837ffffffff-2021-10,8
844c837ffffffff-2021-11,1
844c837ffffffff-2021-12,2
844c837ffffffff-2022-01,1
844c837ffffffff-2022-04,1
844c837ffffffff-2022-05,8
844c837ffffffff-2022-08,1
844c837ffffffff-2022-10,3
844c837ffffffff-2023-01,9
844c837ffffffff-2023-03,3
844c837ffffffff-2023-05,1
844c837ffffffff-2023-09,1
844c837ffffffff-2023-10,3
844c883ffffffff-2012-10,2
844c883ffffffff-2013-12,1
844c883ffffffff-2015-01,2
844c883ffffffff-2015-09,2
844c883ffffffff-2015-10,8
844c883ffffffff-2015-11,9
844c883ffffffff-2017-02,4
844c883ffffffff-2018-04,7
844c883ffffffff-2018-10,3
844c883ffffffff-2018-12,11
844c883ffffffff-2019-01,6
844c883ffffffff-2019-03,1
844c883ffffffff-2019-11,2
844c883ffffffff-2020-04,3
844c883ffffffff-2020-11,2
844c883ffffffff-2021-04,12
844c883ffffffff-2021-09,9
844c883ffffffff-2021-12,1
844c883ffffffff-2022-02,2
844c883ffffffff-2022-09,6
844c883ffffffff-2022-10,21
844c883ffffffff-2022-12,2
844c883ffffffff-2023-04,5
844c883ffffffff-2023-10,1
844c887ffffffff-2012-10,2
844c887ffffffff-2015-11,8
844c887ffffffff-2018-10,2
844c887ffffffff-2018-12,2
844c887ffffffff-2019-01,2
844c887ffffffff-2019-02,1
844c887ffffffff-2019-08,2
844c88bffffffff-2022-02,2
844c88bffffffff-2022-10,3
844c891ffffffff-2023-10,1
844c893ffffffff-2015-10,1
844c893ffffffff-2015-11,1
844c895ffffffff-2022-10,3
844c897ffffffff-2023-01,1
844c899ffffffff-2022-11,2
844c899ffffffff-2022-12,2
844c899ffffffff-2023-03,1
844c89dffffffff-2018-11,1
844c8abffffffff-2018-12,2
844c8abffffffff-2019-01,2
844c8abffffffff-2020-03,4
844c8b9ffffffff-2015-11,2
844c8c9ffffffff-2017-01,2
844c8c9ffffffff-2021-07,2
844c8c9ffffffff-2021-10,1
844c8c9ffffffff-2022-08,1
844c8c9ffffffff-2022-10,1
844c8c9ffffffff-2023-09,1
844c901ffffffff-2022-02,1
844c905ffffffff-2021-02,1
844c907ffffffff-2017-12,3
844c907ffffffff-2021-04,3
844c907ffffffff-2021-12,1
844c933ffffffff-2013-01,1
844c933ffffffff-2013-04,1
844c933ffffffff-2013-10,2
844c933ffffffff-2014-02,1
844c933ffffffff-2014-12,3
844c933ffffffff-2015-01,8
844c933ffffffff-2015-02,2
844c933ffffffff-2015-04,2
844c933ffffffff-2015-11,28
844c933ffffffff-2017-01,2
844c933ffffffff-2017-03,1
844c933ffffffff-2017-04,3
844c933ffffffff-2017-11,10
844c933ffffffff-2017-12,1
844c933ffffffff-2018-02,25
844c933ffffffff-2018-03,1
844c933ffffffff-2018-04,5
844c933ffffffff-2018-12,3
844c933ffffffff-2019-03,6
844c933ffffffff-2019-11,2
844c933ffffffff-2019-12,20
844c933ffffffff-2020-01,5
844c933ffffffff-2020-02,3
844c933ffffffff-2020-03,2
844c933ffffffff-2022-02,1
844c933ffffffff-2022-11,4
844c933ffffffff-2022-12,6
844c933ffffffff-2023-01,4
844c933ffffffff-2023-02,9
844c937ffffffff-2015-02,1
844c937ffffffff-2016-03,1
844c937ffffffff-2017-12,2
844c937ffffffff-2018-04,1
844c937ffffffff-2021-09,1
844c937ffffffff-2023-09,2
844c937ffffffff-2023-10,7
844c937ffffffff-2023-11,1
844c941ffffffff-2012-04,1
844c941ffffffff-2014-03,1
844c941ffffffff-2014-04,1
844c941ffffffff-2016-01,2
844c941ffffffff-2018-10,9
844c941ffffffff-2019-10,4
844c941ffffffff-2020-09,2
844c941ffffffff-2020-10,3
844c941ffffffff-2021-12,1
844c941ffffffff-2022-04,1
844c941ffffffff-2022-10,2
844c941ffffffff-2022-12,1
844c941ffffffff-2023-02,1
844c943ffffffff-2018-10,4
844c943ffffffff-2018-11,5
844c943ffffffff-2018-12,1
844c943ffffffff-2019-01,1
844c943ffffffff-2019-10,3
844c943ffffffff-2020-05,1
844c943ffffffff-2020-06,1
844c943ffffffff-2020-07,9
844c943ffffffff-2020-08,20
844c943ffffffff-2020-09,22
844c943ffffffff-2020-10,9
844c943ffffffff-2020-11,13
844c943ffffffff-2020-12,4
844c943ffffffff-2021-08,5
844c943ffffffff-2021-09,2
844c943ffffffff-2022-01,1
844c943ffffffff-2022-12,2
844c943ffffffff-2023-01,3
844c943ffffffff-2023-02,1
844c943ffffffff-2023-03,1
844c943ffffffff-2023-04,1
844c943ffffffff-2023-08,1
844c943ffffffff-2023-09,3
844c943ffffffff-2023-10,2
844c945ffffffff-2018-11,1
844c945ffffffff-2019-01,1
844c945ffffffff-2023-02,1
844c94bffffffff-2016-01,4
844c94bffffffff-2019-02,1
844c94bffffffff-2019-10,3
844c94bffffffff-2019-11,2
844c94bffffffff-2023-10,2
844c94dffffffff-2017-10,1
844c94dffffffff-2018-11,1
844c94dffffffff-2021-10,5
844c94dffffffff-2021-11,5
844c94dffffffff-2022-11,2
844c94dffffffff-2023-01,3
844c94dffffffff-2023-02,1
844c94dffffffff-2023-10,2
844c95dffffffff-2012-04,1
844c95dffffffff-2013-01,1
844c95dffffffff-2016-01,2
844c95dffffffff-2018-10,7
844c95dffffffff-2018-12,2
844c95dffffffff-2019-01,1
844c95dffffffff-2019-05,1
844c95dffffffff-2020-02,1
844c95dffffffff-2020-09,1
844c95dffffffff-2020-10,1
844c95dffffffff-2021-04,3
844c95dffffffff-2021-09,1
844c95dffffffff-2021-11,1
844c95dffffffff-2022-09,1
844c95dffffffff-2022-10,5
844c95dffffffff-2022-11,2
844c95dffffffff-2022-12,6
844c95dffffffff-2023-01,1
844c95dffffffff-2023-10,1
844c969ffffffff-2022-03,3
844c985ffffffff-2015-01,6
844c985ffffffff-2017-01,2
844c985ffffffff-2017-03,1
844c985ffffffff-2017-09,4
844c985ffffffff-2017-10,6
844c985ffffffff-2017-11,6
844c985ffffffff-2017-12,4
844c985ffffffff-2018-01,9
844c985ffffffff-2018-02,4
844c985ffffffff-2018-03,3
844c985ffffffff-2018-04,7
844c985ffffffff-2018-09,4
844c985ffffffff-2018-10,2
844c985ffffffff-2018-12,1
844c985ffffffff-2019-01,3
844c985ffffffff-2019-03,2
844c985ffffffff-2019-10,1
844c985ffffffff-2019-12,1
844c985ffffffff-2020-02,1
844c985ffffffff-2020-08,2
844c985ffffffff-2021-09,1
844c985ffffffff-2022-01,2
844c985ffffffff-2022-02,8
844c985ffffffff-2022-09,4
844c985ffffffff-2023-01,3
844c985ffffffff-2023-04,2
844c985ffffffff-2023-05,1
844c989ffffffff-2023-03,2
844c9a1ffffffff-2015-11,3
844c9a1ffffffff-2016-02,1
844c9a1ffffffff-2018-02,1
844c9abffffffff-2016-01,1
844c9abffffffff-2017-10,1
844c9abffffffff-2017-11,7
844c9abffffffff-2017-12,1
844c9abffffffff-2018-01,2
844c9abffffffff-2018-03,1
844c9adffffffff-2022-08,4
844c9adffffffff-2022-10,5
844c9adffffffff-2022-11,8
844c9adffffffff-2022-12,4
844c9adffffffff-2023-01,2
844c9adffffffff-2023-02,1
844c9adffffffff-2023-03,3
844c9adffffffff-2023-04,1
844c9adffffffff-2023-08,4
844c9adffffffff-2023-09,12
844c9adffffffff-2023-10,7
844c9adffffffff-2023-11,2
844c9e5ffffffff-2023-03,2
844caa1ffffffff-2020-01,2
844caa1ffffffff-2021-05,2
844caa1ffffffff-2021-11,1
844caa1ffffffff-2022-02,2
844caa1ffffffff-2022-11,1
844caa3ffffffff-2014-11,2
844caa3ffffffff-2016-01,4
844caa3ffffffff-2017-01,7
844caa3ffffffff-2017-02,1
844caa3ffffffff-2017-03,4
844caa3ffffffff-2017-04,9
844caa3ffffffff-2017-05,1
844caa3ffffffff-2019-01,1
844caa3ffffffff-2019-12,2
844caa3ffffffff-2020-01,4
844caa3ffffffff-2021-11,1
844caa3ffffffff-2022-01,4
844caa3ffffffff-2022-09,1
844caa3ffffffff-2022-10,1
844caa3ffffffff-2022-12,4
844caa3ffffffff-2023-01,1
844caa3ffffffff-2023-02,1
844caa5ffffffff-2012-02,1
844caa5ffffffff-2013-01,1
844caa5ffffffff-2013-03,1
844caa5ffffffff-2013-04,1
844caa5ffffffff-2013-11,3
844caa5ffffffff-2014-01,2
844caa5ffffffff-2014-02,1
844caa5ffffffff-2014-09,2
844caa5ffffffff-2015-04,1
844caa5ffffffff-2015-09,1
844caa5ffffffff-2015-11,2
844caa5ffffffff-2016-01,3
844caa5ffffffff-2016-02,1
844caa5ffffffff-2016-03,1
844caa5ffffffff-2017-04,2
844caa5ffffffff-2017-07,4
844caa5ffffffff-2017-09,2
844caa5ffffffff-2018-03,1
844caa5ffffffff-2018-07,1
844caa5ffffffff-2018-09,1
844caa5ffffffff-2019-02,3
844caa5ffffffff-2019-03,1
844caa5ffffffff-2019-04,1
844caa5ffffffff-2020-01,7
844caa5ffffffff-2021-02,3
844caa5ffffffff-2021-04,1
844caa5ffffffff-2021-09,7
844caa5ffffffff-2021-10,1
844caa5ffffffff-2021-12,2
844caa5ffffffff-2022-02,2
844caa5ffffffff-2022-08,2
844caa5ffffffff-2022-09,2
844caa5ffffffff-2022-10,3
844caa5ffffffff-2022-11,2
844caa5ffffffff-2022-12,1
844caa5ffffffff-2023-02,1
844caa5ffffffff-2023-04,2
844caa5ffffffff-2023-05,4
844caa5ffffffff-2023-08,8
844caa5ffffffff-2023-09,4
844caa5ffffffff-2023-10,4
844caabffffffff-2017-01,2
844cabdffffffff-2012-03,3
844cabdffffffff-2013-01,3
844cabdffffffff-2013-11,6
844cabdffffffff-2014-01,2
844cabdffffffff-2014-11,1
844cabdffffffff-2015-04,1
844cabdffffffff-2015-12,1
844cabdffffffff-2016-02,1
844cabdffffffff-2016-04,1
844cabdffffffff-2016-08,1
844cabdffffffff-2016-12,1
844cabdffffffff-2017-11,1
844cabdffffffff-2017-12,1
844cabdffffffff-2018-01,1
844cabdffffffff-2018-11,1
844cabdffffffff-2018-12,3
844cabdffffffff-2019-03,5
844cabdffffffff-2019-04,2
844cabdffffffff-2019-05,1
844cabdffffffff-2019-10,1
844cabdffffffff-2019-11,6
844cabdffffffff-2019-12,3
844cabdffffffff-2020-01,1
844cabdffffffff-2020-02,3
844cabdffffffff-2021-03,1
844cabdffffffff-2021-11,2
844cabdffffffff-2022-06,1
844cabdffffffff-2022-11,7
844cabdffffffff-2022-12,1
844cabdffffffff-2023-02,10
844cabdffffffff-2023-03,15
844cb25ffffffff-2019-03,1
844cb27ffffffff-2017-03,8
844cb3dffffffff-2012-03,3
844cb3dffffffff-2013-01,1
844cb3dffffffff-2013-02,1
844cb3dffffffff-2013-03,4
844cb3dffffffff-2015-01,1
844cb3dffffffff-2016-03,1
844cb3dffffffff-2016-04,2
844cb3dffffffff-2017-03,3
844cb3dffffffff-2018-10,3
844cb3dffffffff-2018-11,19
844cb3dffffffff-2018-12,13
844cb3dffffffff-2019-01,2
844cb3dffffffff-2019-02,3
844cb3dffffffff-2019-03,3
844cb3dffffffff-2019-04,3
844cb3dffffffff-2019-10,4
844cb3dffffffff-2019-11,2
844cb3dffffffff-2020-02,5
844cb3dffffffff-2020-03,27
844cb3dffffffff-2020-04,12
844cb3dffffffff-2020-09,3
844cb3dffffffff-2020-10,17
844cb3dffffffff-2021-01,2
844cb3dffffffff-2021-02,5
844cb3dffffffff-2021-11,1
844cb3dffffffff-2021-12,3
844cb3dffffffff-2022-01,7
844cb3dffffffff-2022-03,2
844cb3dffffffff-2022-04,6
844cb3dffffffff-2022-05,3
844cb3dffffffff-2022-08,3
844cb3dffffffff-2022-09,11
844cb3dffffffff-2022-10,4
844cb3dffffffff-2022-11,4
844cb3dffffffff-2022-12,1
844cb3dffffffff-2023-01,10
844cb3dffffffff-2023-02,8
844cb3dffffffff-2023-03,9
844cb3dffffffff-2023-04,6
844cb3dffffffff-2023-09,7
844cb3dffffffff-2023-10,6
844cb3dffffffff-2023-11,3
844cc05ffffffff-2016-09,1
844cc05ffffffff-2017-09,2
844cc05ffffffff-2019-09,2
844cc05ffffffff-2019-10,1
844cc0bffffffff-2012-01,9
844cc0bffffffff-2012-02,12
844cc0bffffffff-2012-03,10
844cc0bffffffff-2012-04,4
844cc0bffffffff-2012-05,9
844cc0bffffffff-2012-06,1
844cc0bffffffff-2012-07,1
844cc0bffffffff-2012-08,18
844cc0bffffffff-2012-09,10
844cc0bffffffff-2012-10,30
844cc0bffffffff-2012-11,16
844cc0bffffffff-2012-12,39
844cc0bffffffff-2013-01,20
844cc0bffffffff-2013-02,9
844cc0bffffffff-2013-03,18
844cc0bffffffff-2013-04,3
844cc0bffffffff-2013-06,4
844cc0bffffffff-2013-07,12
844cc0bffffffff-2013-08,2
844cc0bffffffff-2013-09,24
844cc0bffffffff-2013-10,34
844cc0bffffffff-2013-11,17
844cc0bffffffff-2013-12,62
844cc0bffffffff-2014-01,15
844cc0bffffffff-2014-02,22
844cc0bffffffff-2014-03,15
844cc0bffffffff-2014-04,6
844cc0bffffffff-2014-05,2
844cc0bffffffff-2014-06,1
844cc0bffffffff-2014-07,2
844cc0bffffffff-2014-08,9
844cc0bffffffff-2014-09,40
844cc0bffffffff-2014-10,28
844cc0bffffffff-2014-11,9
844cc0bffffffff-2014-12,59
844cc0bffffffff-2015-01,45
844cc0bffffffff-2015-02,14
844cc0bffffffff-2015-03,33
844cc0bffffffff-2015-04,8
844cc0bffffffff-2015-05,29
844cc0bffffffff-2015-06,5
844cc0bffffffff-2015-07,31
844cc0bffffffff-2015-08,14
844cc0bffffffff-2015-09,30
844cc0bffffffff-2015-10,26
844cc0bffffffff-2015-11,24
844cc0bffffffff-2015-12,50
844cc0bffffffff-2016-01,60
844cc0bffffffff-2016-02,46
844cc0bffffffff-2016-03,56
844cc0bffffffff-2016-04,17
844cc0bffffffff-2016-05,6
844cc0bffffffff-2016-07,8
844cc0bffffffff-2016-08,19
844cc0bffffffff-2016-09,31
844cc0bffffffff-2016-10,31
844cc0bffffffff-2016-11,23
844cc0bffffffff-2016-12,51
844cc0bffffffff-2017-01,52
844cc0bffffffff-2017-02,20
844cc0bffffffff-2017-03,53
844cc0bffffffff-2017-04,24
844cc0bffffffff-2017-05,4
844cc0bffffffff-2017-06,2
844cc0bffffffff-2017-07,5
844cc0bffffffff-2017-08,8
844cc0bffffffff-2017-09,21
844cc0bffffffff-2017-10,13
844cc0bffffffff-2017-11,16
844cc0bffffffff-2017-12,45
844cc0bffffffff-2018-01,36
844cc0bffffffff-2018-02,31
844cc0bffffffff-2018-03,21
844cc0bffffffff-2018-04,18
844cc0bffffffff-2018-05,17
844cc0bffffffff-2018-06,2
844cc0bffffffff-2018-07,17
844cc0bffffffff-2018-08,30
844cc0bffffffff-2018-09,62
844cc0bffffffff-2018-10,42
844cc0bffffffff-2018-11,19
844cc0bffffffff-2018-12,54
844cc0bffffffff-2019-01,22
844cc0bffffffff-2019-02,43
844cc0bffffffff-2019-03,82
844cc0bffffffff-2019-04,20
844cc0bffffffff-2019-05,17
844cc0bffffffff-2019-06,3
844cc0bffffffff-2019-07,22
844cc0bffffffff-2019-08,10
844cc0bffffffff-2019-09,42
844cc0bffffffff-2019-10,88
844cc0bffffffff-2019-11,34
844cc0bffffffff-2019-12,59
844cc0bffffffff-2020-01,50
844cc0bffffffff-2020-02,78
844cc0bffffffff-2020-03,103
844cc0bffffffff-2020-04,3
844cc0bffffffff-2020-05,3
844cc0bffffffff-2020-06,4
844cc0bffffffff-2020-07,11
844cc0bffffffff-2020-08,22
844cc0bffffffff-2020-09,51
844cc0bffffffff-2020-10,56
844cc0bffffffff-2020-11,11
844cc0bffffffff-2020-12,63
844cc0bffffffff-2021-01,86
844cc0bffffffff-2021-02,79
844cc0bffffffff-2021-03,40
844cc0bffffffff-2021-04,17
844cc0bffffffff-2021-05,19
844cc0bffffffff-2021-06,13
844cc0bffffffff-2021-07,46
844cc0bffffffff-2021-08,24
844cc0bffffffff-2021-09,116
844cc0bffffffff-2021-10,85
844cc0bffffffff-2021-11,42
844cc0bffffffff-2021-12,161
844cc0bffffffff-2022-01,92
844cc0bffffffff-2022-02,117
844cc0bffffffff-2022-03,92
844cc0bffffffff-2022-04,40
844cc0bffffffff-2022-05,5
844cc0bffffffff-2022-06,24
844cc0bffffffff-2022-07,41
844cc0bffffffff-2022-08,24
844cc0bffffffff-2022-09,37
844cc0bffffffff-2022-10,40
844cc0bffffffff-2022-11,54
844cc0bffffffff-2022-12,140
844cc0bffffffff-2023-01,106
844cc0bffffffff-2023-02,96
844cc0bffffffff-2023-03,103
844cc0bffffffff-2023-04,28
844cc0bffffffff-2023-05,17
844cc0bffffffff-2023-06,10
844cc0bffffffff-2023-07,17
844cc0bffffffff-2023-08,32
844cc0bffffffff-2023-09,76
844cc0bffffffff-2023-10,43
844cc0bffffffff-2023-11,47
844cc2dffffffff-2015-01,2
844cc2dffffffff-2018-10,1
844cc2dffffffff-2021-01,1
844cc2dffffffff-2021-03,4
844cc2dffffffff-2021-08,1
844cc2dffffffff-2023-04,1
844cc43ffffffff-2013-01,1
844cc43ffffffff-2014-08,1
844cc43ffffffff-2014-10,4
844cc43ffffffff-2014-11,1
844cc43ffffffff-2015-01,1
844cc43ffffffff-2017-10,4
844cc43ffffffff-2022-04,1
844cc51ffffffff-2012-01,2
844cc51ffffffff-2015-04,7
844cc51ffffffff-2015-05,4
844cc51ffffffff-2016-01,2
844cc51ffffffff-2016-04,4
844cc51ffffffff-2017-03,16
844cc51ffffffff-2018-02,2
844cc51ffffffff-2018-11,2
844cc51ffffffff-2019-01,1
844cc51ffffffff-2019-04,3
844cc51ffffffff-2019-10,3
844cc51ffffffff-2019-11,1
844cc51ffffffff-2019-12,1
844cc51ffffffff-2020-01,2
844cc51ffffffff-2020-02,6
844cc51ffffffff-2020-03,10
844cc51ffffffff-2021-01,1
844cc51ffffffff-2021-03,5
844cc51ffffffff-2021-06,2
844cc51ffffffff-2021-10,8
844cc51ffffffff-2021-12,23
844cc51ffffffff-2022-01,1
844cc51ffffffff-2022-02,14
844cc51ffffffff-2022-03,17
844cc51ffffffff-2022-05,3
844cc51ffffffff-2022-09,1
844cc51ffffffff-2022-10,3
844cc51ffffffff-2022-11,8
844cc51ffffffff-2022-12,9
844cc51ffffffff-2023-01,4
844cc51ffffffff-2023-03,12
844cc51ffffffff-2023-04,2
844cc51ffffffff-2023-10,3
844cc51ffffffff-2023-11,3
844cc53ffffffff-2012-07,1
844cc53ffffffff-2012-08,8
844cc53ffffffff-2012-09,2
844cc53ffffffff-2013-01,3
844cc53ffffffff-2013-11,3
844cc53ffffffff-2014-03,1
844cc53ffffffff-2014-04,1
844cc53ffffffff-2014-08,2
844cc53ffffffff-2014-09,4
844cc53ffffffff-2014-10,1
844cc53ffffffff-2014-11,1
844cc53ffffffff-2015-02,2
844cc53ffffffff-2015-08,2
844cc53ffffffff-2015-09,1
844cc53ffffffff-2015-10,2
844cc53ffffffff-2015-11,3
844cc53ffffffff-2015-12,2
844cc53ffffffff-2016-01,2
844cc53ffffffff-2016-08,2
844cc53ffffffff-2016-11,1
844cc53ffffffff-2016-12,7
844cc53ffffffff-2017-01,1
844cc53ffffffff-2017-09,1
844cc53ffffffff-2017-12,1
844cc53ffffffff-2018-02,1
844cc53ffffffff-2018-05,1
844cc53ffffffff-2018-09,1
844cc53ffffffff-2019-02,4
844cc53ffffffff-2019-08,2
844cc53ffffffff-2019-09,3
844cc53ffffffff-2019-10,3
844cc53ffffffff-2019-12,3
844cc53ffffffff-2020-01,2
844cc53ffffffff-2020-07,1
844cc53ffffffff-2020-09,6
844cc53ffffffff-2020-11,1
844cc53ffffffff-2020-12,1
844cc53ffffffff-2021-01,4
844cc53ffffffff-2021-03,1
844cc53ffffffff-2021-07,3
844cc53ffffffff-2021-08,2
844cc53ffffffff-2021-10,5
844cc53ffffffff-2021-12,4
844cc53ffffffff-2022-01,4
844cc53ffffffff-2022-05,6
844cc53ffffffff-2022-08,2
844cc53ffffffff-2022-09,10
844cc53ffffffff-2022-10,12
844cc53ffffffff-2022-11,9
844cc53ffffffff-2022-12,6
844cc53ffffffff-2023-01,2
844cc53ffffffff-2023-02,3
844cc53ffffffff-2023-03,5
844cc53ffffffff-2023-04,5
844cc53ffffffff-2023-05,4
844cc53ffffffff-2023-08,1
844cc53ffffffff-2023-09,4
844cc53ffffffff-2023-10,1
844cc53ffffffff-2023-11,1
844cc55ffffffff-2012-01,2
844cc55ffffffff-2012-02,2
844cc55ffffffff-2012-03,2
844cc55ffffffff-2012-04,4
844cc55ffffffff-2012-05,1
844cc55ffffffff-2012-12,3
844cc55ffffffff-2013-01,5
844cc55ffffffff-2013-04,1
844cc55ffffffff-2013-05,3
844cc55ffffffff-2013-08,1
844cc55ffffffff-2013-10,2
844cc55ffffffff-2013-12,3
844cc55ffffffff-2014-08,2
844cc55ffffffff-2014-12,2
844cc55ffffffff-2015-01,5
844cc55ffffffff-2015-09,1
844cc55ffffffff-2015-11,1
844cc55ffffffff-2016-01,2
844cc55ffffffff-2016-02,1
844cc55ffffffff-2016-08,1
844cc55ffffffff-2017-03,2
844cc55ffffffff-2017-07,2
844cc55ffffffff-2017-09,2
844cc55ffffffff-2017-11,1
844cc55ffffffff-2019-04,1
844cc55ffffffff-2019-07,2
844cc55ffffffff-2019-09,15
844cc55ffffffff-2019-10,2
844cc55ffffffff-2020-10,2
844cc55ffffffff-2020-11,1
844cc55ffffffff-2021-03,2
844cc55ffffffff-2021-05,2
844cc55ffffffff-2021-10,2
844cc55ffffffff-2022-03,2
844cc55ffffffff-2023-02,1
844cc55ffffffff-2023-04,1
844cc55ffffffff-2023-09,1
844cc55ffffffff-2023-10,2
844cc57ffffffff-2012-01,4
844cc57ffffffff-2012-02,5
844cc57ffffffff-2012-03,6
844cc57ffffffff-2012-04,3
844cc57ffffffff-2012-05,1
844cc57ffffffff-2012-08,10
844cc57ffffffff-2012-09,2
844cc57ffffffff-2012-10,6
844cc57ffffffff-2012-11,2
844cc57ffffffff-2013-01,3
844cc57ffffffff-2013-02,1
844cc57ffffffff-2013-03,5
844cc57ffffffff-2013-05,1
844cc57ffffffff-2013-06,1
844cc57ffffffff-2013-08,2
844cc57ffffffff-2013-09,2
844cc57ffffffff-2013-10,2
844cc57ffffffff-2013-11,3
844cc57ffffffff-2013-12,5
844cc57ffffffff-2014-02,2
844cc57ffffffff-2014-03,1
844cc57ffffffff-2014-04,7
844cc57ffffffff-2014-07,2
844cc57ffffffff-2014-08,4
844cc57ffffffff-2014-09,38
844cc57ffffffff-2014-10,5
844cc57ffffffff-2014-11,6
844cc57ffffffff-2014-12,3
844cc57ffffffff-2015-01,3
844cc57ffffffff-2015-02,4
844cc57ffffffff-2015-03,7
844cc57ffffffff-2015-05,1
844cc57ffffffff-2015-08,6
844cc57ffffffff-2015-09,6
844cc57ffffffff-2015-11,1
844cc57ffffffff-2015-12,7
844cc57ffffffff-2016-01,17
844cc57ffffffff-2016-02,8
844cc57ffffffff-2016-03,8
844cc57ffffffff-2016-04,1
844cc57ffffffff-2016-08,2
844cc57ffffffff-2016-09,5
844cc57ffffffff-2016-10,1
844cc57ffffffff-2016-11,2
844cc57ffffffff-2016-12,13
844cc57ffffffff-2017-01,2
844cc57ffffffff-2017-02,10
844cc57ffffffff-2017-03,7
844cc57ffffffff-2017-04,3
844cc57ffffffff-2017-08,1
844cc57ffffffff-2017-09,1
844cc57ffffffff-2017-12,3
844cc57ffffffff-2018-01,2
844cc57ffffffff-2018-02,5
844cc57ffffffff-2018-03,3
844cc57ffffffff-2018-04,1
844cc57ffffffff-2018-07,2
844cc57ffffffff-2018-09,11
844cc57ffffffff-2018-10,2
844cc57ffffffff-2018-12,26
844cc57ffffffff-2019-01,11
844cc57ffffffff-2019-02,32
844cc57ffffffff-2019-03,16
844cc57ffffffff-2019-04,2
844cc57ffffffff-2019-05,1
844cc57ffffffff-2019-07,1
844cc57ffffffff-2019-08,8
844cc57ffffffff-2019-09,8
844cc57ffffffff-2019-10,10
844cc57ffffffff-2019-11,4
844cc57ffffffff-2019-12,7
844cc57ffffffff-2020-01,6
844cc57ffffffff-2020-02,9
844cc57ffffffff-2020-03,2
844cc57ffffffff-2020-04,1
844cc57ffffffff-2020-07,5
844cc57ffffffff-2020-08,7
844cc57ffffffff-2020-09,17
844cc57ffffffff-2020-10,2
844cc57ffffffff-2020-11,1
844cc57ffffffff-2020-12,11
844cc57ffffffff-2021-01,18
844cc57ffffffff-2021-02,12
844cc57ffffffff-2021-03,7
844cc57ffffffff-2021-04,3
844cc57ffffffff-2021-05,12
844cc57ffffffff-2021-06,3
844cc57ffffffff-2021-07,4
844cc57ffffffff-2021-08,4
844cc57ffffffff-2021-09,11
844cc57ffffffff-2021-10,12
844cc57ffffffff-2021-11,15
844cc57ffffffff-2021-12,19
844cc57ffffffff-2022-01,15
844cc57ffffffff-2022-02,26
844cc57ffffffff-2022-03,18
844cc57ffffffff-2022-04,8
844cc57ffffffff-2022-07,7
844cc57ffffffff-2022-08,18
844cc57ffffffff-2022-10,7
844cc57ffffffff-2022-11,4
844cc57ffffffff-2022-12,18
844cc57ffffffff-2023-01,33
844cc57ffffffff-2023-02,17
844cc57ffffffff-2023-03,13
844cc57ffffffff-2023-04,4
844cc57ffffffff-2023-05,6
844cc57ffffffff-2023-07,7
844cc57ffffffff-2023-08,3
844cc57ffffffff-2023-09,8
844cc57ffffffff-2023-10,2
844cc57ffffffff-2023-11,6
844cc59ffffffff-2012-01,4
844cc59ffffffff-2012-03,8
844cc59ffffffff-2012-04,5
844cc59ffffffff-2012-06,3
844cc59ffffffff-2012-07,4
844cc59ffffffff-2012-08,14
844cc59ffffffff-2012-09,17
844cc59ffffffff-2012-10,1
844cc59ffffffff-2012-11,6
844cc59ffffffff-2012-12,9
844cc59ffffffff-2013-01,5
844cc59ffffffff-2013-02,9
844cc59ffffffff-2013-03,6
844cc59ffffffff-2013-04,13
844cc59ffffffff-2013-07,6
844cc59ffffffff-2013-08,13
844cc59ffffffff-2013-09,30
844cc59ffffffff-2013-10,5
844cc59ffffffff-2013-11,8
844cc59ffffffff-2013-12,8
844cc59ffffffff-2014-01,7
844cc59ffffffff-2014-02,11
844cc59ffffffff-2014-03,6
844cc59ffffffff-2014-04,4
844cc59ffffffff-2014-07,4
844cc59ffffffff-2014-08,20
844cc59ffffffff-2014-09,71
844cc59ffffffff-2014-10,2
844cc59ffffffff-2014-11,8
844cc59ffffffff-2014-12,7
844cc59ffffffff-2015-01,9
844cc59ffffffff-2015-02,9
844cc59ffffffff-2015-03,1
844cc59ffffffff-2015-04,3
844cc59ffffffff-2015-07,2
844cc59ffffffff-2015-08,5
844cc59ffffffff-2015-09,19
844cc59ffffffff-2015-10,11
844cc59ffffffff-2015-11,7
844cc59ffffffff-2015-12,8
844cc59ffffffff-2016-01,13
844cc59ffffffff-2016-02,4
844cc59ffffffff-2016-03,2
844cc59ffffffff-2016-04,2
844cc59ffffffff-2016-08,2
844cc59ffffffff-2016-09,12
844cc59ffffffff-2016-11,3
844cc59ffffffff-2016-12,6
844cc59ffffffff-2017-01,21
844cc59ffffffff-2017-03,1
844cc59ffffffff-2017-07,3
844cc59ffffffff-2017-08,8
844cc59ffffffff-2017-09,39
844cc59ffffffff-2017-10,11
844cc59ffffffff-2017-11,5
844cc59ffffffff-2017-12,32
844cc59ffffffff-2018-01,27
844cc59ffffffff-2018-02,36
844cc59ffffffff-2018-03,8
844cc59ffffffff-2018-04,1
844cc59ffffffff-2018-07,4
844cc59ffffffff-2018-08,14
844cc59ffffffff-2018-09,12
844cc59ffffffff-2018-10,11
844cc59ffffffff-2018-12,12
844cc59ffffffff-2019-01,3
844cc59ffffffff-2019-02,3
844cc59ffffffff-2019-03,2
844cc59ffffffff-2019-04,8
844cc59ffffffff-2019-05,5
844cc59ffffffff-2019-06,1
844cc59ffffffff-2019-07,6
844cc59ffffffff-2019-08,17
844cc59ffffffff-2019-09,42
844cc59ffffffff-2019-10,41
844cc59ffffffff-2019-11,3
844cc59ffffffff-2019-12,11
844cc59ffffffff-2020-01,2
844cc59ffffffff-2020-02,16
844cc59ffffffff-2020-03,3
844cc59ffffffff-2020-04,1
844cc59ffffffff-2020-05,3
844cc59ffffffff-2020-07,1
844cc59ffffffff-2020-08,29
844cc59ffffffff-2020-09,21
844cc59ffffffff-2020-10,5
844cc59ffffffff-2020-11,4
844cc59ffffffff-2020-12,8
844cc59ffffffff-2021-01,13
844cc59ffffffff-2021-02,13
844cc59ffffffff-2021-04,6
844cc59ffffffff-2021-07,5
844cc59ffffffff-2021-09,18
844cc59ffffffff-2021-10,47
844cc59ffffffff-2021-11,6
844cc59ffffffff-2021-12,51
844cc59ffffffff-2022-01,29
844cc59ffffffff-2022-02,15
844cc59ffffffff-2022-03,19
844cc59ffffffff-2022-04,22
844cc59ffffffff-2022-06,1
844cc59ffffffff-2022-09,30
844cc59ffffffff-2022-10,14
844cc59ffffffff-2022-11,3
844cc59ffffffff-2022-12,10
844cc59ffffffff-2023-01,2
844cc59ffffffff-2023-02,3
844cc59ffffffff-2023-03,1
844cc59ffffffff-2023-04,1
844cc59ffffffff-2023-08,3
844cc59ffffffff-2023-10,2
844cc59ffffffff-2023-11,3
844cc5bffffffff-2013-03,1
844cc5bffffffff-2014-12,1
844cc5bffffffff-2015-09,1
844cc5bffffffff-2016-01,1
844cc5bffffffff-2017-01,1
844cc5bffffffff-2019-05,2
844cc5bffffffff-2019-10,2
844cc5bffffffff-2020-03,1
844cc5bffffffff-2020-04,1
844cc5bffffffff-2021-04,5
844cc5bffffffff-2021-08,2
844cc5bffffffff-2021-10,1
844cc5bffffffff-2021-12,2
844cc5bffffffff-2022-01,2
844cc5bffffffff-2022-03,3
844cc5bffffffff-2023-01,1
844cc5bffffffff-2023-08,1
844cc5dffffffff-2012-01,2
844cc5dffffffff-2012-02,5
844cc5dffffffff-2012-03,6
844cc5dffffffff-2012-04,5
844cc5dffffffff-2012-08,2
844cc5dffffffff-2012-09,20
844cc5dffffffff-2012-10,2
844cc5dffffffff-2012-11,6
844cc5dffffffff-2012-12,5
844cc5dffffffff-2013-01,9
844cc5dffffffff-2013-02,4
844cc5dffffffff-2013-03,4
844cc5dffffffff-2013-04,4
844cc5dffffffff-2013-05,2
844cc5dffffffff-2013-07,3
844cc5dffffffff-2013-08,5
844cc5dffffffff-2013-09,12
844cc5dffffffff-2013-10,3
844cc5dffffffff-2013-11,42
844cc5dffffffff-2013-12,7
844cc5dffffffff-2014-01,1
844cc5dffffffff-2014-02,1
844cc5dffffffff-2014-03,5
844cc5dffffffff-2014-05,2
844cc5dffffffff-2014-08,10
844cc5dffffffff-2014-09,17
844cc5dffffffff-2014-10,9
844cc5dffffffff-2014-11,8
844cc5dffffffff-2014-12,8
844cc5dffffffff-2015-01,19
844cc5dffffffff-2015-02,7
844cc5dffffffff-2015-03,6
844cc5dffffffff-2015-04,1
844cc5dffffffff-2015-07,5
844cc5dffffffff-2015-08,19
844cc5dffffffff-2015-09,12
844cc5dffffffff-2015-10,35
844cc5dffffffff-2015-11,2
844cc5dffffffff-2016-01,8
844cc5dffffffff-2016-02,1
844cc5dffffffff-2016-03,7
844cc5dffffffff-2016-04,4
844cc5dffffffff-2016-05,5
844cc5dffffffff-2016-06,1
844cc5dffffffff-2016-07,3
844cc5dffffffff-2016-08,12
844cc5dffffffff-2016-09,19
844cc5dffffffff-2016-10,6
844cc5dffffffff-2016-12,5
844cc5dffffffff-2017-01,8
844cc5dffffffff-2017-02,5
844cc5dffffffff-2017-03,18
844cc5dffffffff-2017-04,5
844cc5dffffffff-2017-05,1
844cc5dffffffff-2017-07,2
844cc5dffffffff-2017-08,9
844cc5dffffffff-2017-09,3
844cc5dffffffff-2017-11,6
844cc5dffffffff-2017-12,8
844cc5dffffffff-2018-01,12
844cc5dffffffff-2018-02,4
844cc5dffffffff-2018-03,32
844cc5dffffffff-2018-04,6
844cc5dffffffff-2018-05,1
844cc5dffffffff-2018-06,2
844cc5dffffffff-2018-07,7
844cc5dffffffff-2018-08,36
844cc5dffffffff-2018-09,21
844cc5dffffffff-2018-10,15
844cc5dffffffff-2018-11,11
844cc5dffffffff-2018-12,8
844cc5dffffffff-2019-01,18
844cc5dffffffff-2019-02,21
844cc5dffffffff-2019-03,14
844cc5dffffffff-2019-04,6
844cc5dffffffff-2019-05,1
844cc5dffffffff-2019-07,8
844cc5dffffffff-2019-08,40
844cc5dffffffff-2019-09,10
844cc5dffffffff-2019-10,21
844cc5dffffffff-2019-11,11
844cc5dffffffff-2019-12,15
844cc5dffffffff-2020-01,23
844cc5dffffffff-2020-02,32
844cc5dffffffff-2020-03,5
844cc5dffffffff-2020-05,3
844cc5dffffffff-2020-07,14
844cc5dffffffff-2020-08,3
844cc5dffffffff-2020-09,20
844cc5dffffffff-2020-10,28
844cc5dffffffff-2020-11,6
844cc5dffffffff-2020-12,2
844cc5dffffffff-2021-01,12
844cc5dffffffff-2021-02,6
844cc5dffffffff-2021-03,2
844cc5dffffffff-2021-04,2
844cc5dffffffff-2021-05,1
844cc5dffffffff-2021-07,7
844cc5dffffffff-2021-08,22
844cc5dffffffff-2021-09,7
844cc5dffffffff-2021-11,2
844cc5dffffffff-2021-12,3
844cc5dffffffff-2022-02,12
844cc5dffffffff-2022-03,3
844cc5dffffffff-2022-04,4
844cc5dffffffff-2022-05,1
844cc5dffffffff-2022-07,1
844cc5dffffffff-2022-08,2
844cc5dffffffff-2022-09,9
844cc5dffffffff-2022-10,20
844cc5dffffffff-2022-11,4
844cc5dffffffff-2022-12,13
844cc5dffffffff-2023-01,11
844cc5dffffffff-2023-02,3
844cc5dffffffff-2023-08,7
844cc5dffffffff-2023-09,13
844cc5dffffffff-2023-10,5
844cc5dffffffff-2023-11,15
844cc61ffffffff-2012-07,3
844cc61ffffffff-2012-08,2
844cc61ffffffff-2012-09,2
844cc61ffffffff-2012-12,1
844cc61ffffffff-2013-01,2
844cc61ffffffff-2013-09,1
844cc61ffffffff-2014-01,36
844cc61ffffffff-2015-01,1
844cc61ffffffff-2015-03,2
844cc61ffffffff-2015-04,1
844cc61ffffffff-2016-01,1
844cc61ffffffff-2016-09,1
844cc61ffffffff-2016-11,1
844cc61ffffffff-2017-01,2
844cc61ffffffff-2017-02,1
844cc61ffffffff-2017-09,1
844cc61ffffffff-2018-01,5
844cc61ffffffff-2018-03,2
844cc61ffffffff-2019-01,30
844cc61ffffffff-2019-02,1
844cc61ffffffff-2019-03,2
844cc61ffffffff-2019-04,1
844cc61ffffffff-2019-10,2
844cc61ffffffff-2020-01,4
844cc61ffffffff-2020-02,2
844cc61ffffffff-2020-11,4
844cc61ffffffff-2021-03,1
844cc61ffffffff-2021-10,2
844cc61ffffffff-2022-01,1
844cc61ffffffff-2022-04,1
844cc61ffffffff-2022-05,1
844cc61ffffffff-2022-11,2
844cc61ffffffff-2023-01,28
844cc61ffffffff-2023-02,9
844cc61ffffffff-2023-03,3
844cc61ffffffff-2023-04,5
844cc67ffffffff-2013-08,1
844cc67ffffffff-2021-03,1
844cc6dffffffff-2013-04,1
844cc6dffffffff-2015-01,1
844cc6dffffffff-2020-12,1
844cc6dffffffff-2021-09,2
844cc6dffffffff-2021-12,4
844cc6dffffffff-2022-02,1
844cc6dffffffff-2022-03,1
844cc6dffffffff-2023-02,1
844cc6dffffffff-2023-04,2
844cc6dffffffff-2023-11,4
844cd09ffffffff-2012-02,2
844cd09ffffffff-2013-01,2
844cd09ffffffff-2013-03,1
844cd09ffffffff-2013-08,1
844cd09ffffffff-2014-01,6
844cd09ffffffff-2014-08,2
844cd09ffffffff-2015-01,7
844cd09ffffffff-2015-02,3
844cd09ffffffff-2015-08,1
844cd09ffffffff-2015-09,6
844cd09ffffffff-2016-03,1
844cd09ffffffff-2016-09,2
844cd09ffffffff-2018-02,2
844cd09ffffffff-2019-03,1
844cd09ffffffff-2019-10,4
844cd09ffffffff-2019-11,3
844cd09ffffffff-2020-09,3
844cd09ffffffff-2020-10,2
844cd09ffffffff-2020-12,4
844cd09ffffffff-2021-12,1
844cd09ffffffff-2022-01,4
844cd09ffffffff-2022-12,2
844cd09ffffffff-2023-03,1
844cd0dffffffff-2012-04,1
844cd0dffffffff-2013-09,3
844cd0dffffffff-2013-12,1
844cd0dffffffff-2014-03,4
844cd0dffffffff-2015-08,2
844cd0dffffffff-2015-09,4
844cd0dffffffff-2016-02,1
844cd0dffffffff-2016-03,2
844cd0dffffffff-2016-09,3
844cd0dffffffff-2016-11,2
844cd0dffffffff-2016-12,1
844cd0dffffffff-2017-02,4
844cd0dffffffff-2018-02,2
844cd0dffffffff-2018-03,2
844cd0dffffffff-2018-09,1
844cd0dffffffff-2018-12,1
844cd0dffffffff-2019-10,14
844cd0dffffffff-2019-12,2
844cd0dffffffff-2020-01,10
844cd0dffffffff-2020-03,8
844cd0dffffffff-2020-08,2
844cd0dffffffff-2020-09,5
844cd0dffffffff-2020-10,5
844cd0dffffffff-2020-12,10
844cd0dffffffff-2021-02,1
844cd0dffffffff-2021-04,7
844cd0dffffffff-2021-09,6
844cd0dffffffff-2021-10,1
844cd0dffffffff-2021-11,4
844cd0dffffffff-2021-12,8
844cd0dffffffff-2022-02,13
844cd0dffffffff-2022-03,25
844cd0dffffffff-2022-04,16
844cd0dffffffff-2022-07,4
844cd0dffffffff-2022-09,1
844cd0dffffffff-2022-10,1
844cd0dffffffff-2022-11,10
844cd0dffffffff-2022-12,3
844cd0dffffffff-2023-01,49
844cd0dffffffff-2023-02,54
844cd0dffffffff-2023-03,17
844cd0dffffffff-2023-04,36
844cd0dffffffff-2023-05,4
844cd0dffffffff-2023-06,1
844cd0dffffffff-2023-07,1
844cd0dffffffff-2023-08,1
844cd0dffffffff-2023-09,2
844cd0dffffffff-2023-10,1
844cd0dffffffff-2023-11,1
844cd21ffffffff-2013-02,2
844cd21ffffffff-2013-10,3
844cd21ffffffff-2013-12,1
844cd21ffffffff-2014-03,1
844cd21ffffffff-2015-01,1
844cd21ffffffff-2015-02,3
844cd21ffffffff-2015-09,2
844cd21ffffffff-2016-01,2
844cd21ffffffff-2017-02,2
844cd21ffffffff-2017-03,6
844cd21ffffffff-2018-01,5
844cd21ffffffff-2018-11,1
844cd21ffffffff-2019-03,1
844cd21ffffffff-2019-04,2
844cd21ffffffff-2019-11,2
844cd21ffffffff-2020-02,2
844cd21ffffffff-2020-10,5
844cd21ffffffff-2020-11,4
844cd21ffffffff-2021-02,2
844cd21ffffffff-2021-03,1
844cd21ffffffff-2021-05,3
844cd21ffffffff-2021-12,1
844cd21ffffffff-2022-02,1
844cd21ffffffff-2022-03,6
844cd21ffffffff-2022-04,4
844cd21ffffffff-2022-08,1
844cd21ffffffff-2022-10,3
844cd21ffffffff-2023-02,3
844cd21ffffffff-2023-03,6
844cd25ffffffff-2013-11,5
844cd25ffffffff-2018-01,4
844cd29ffffffff-2015-02,1
844cd2dffffffff-2015-03,1
844cd2dffffffff-2022-12,1
844cd43ffffffff-2017-01,1
844cd43ffffffff-2018-01,1
844cd43ffffffff-2018-11,2
844cd43ffffffff-2020-12,1
844cd45ffffffff-2019-10,1
844cd45ffffffff-2020-09,2
844cd4bffffffff-2016-01,2
844cd4dffffffff-2017-04,1
844cd4dffffffff-2021-01,2
844cd4dffffffff-2021-09,1
844cd4dffffffff-2022-04,1
844cd4dffffffff-2022-08,1
844cd4dffffffff-2022-09,1
844cd4dffffffff-2022-11,2
844cd4dffffffff-2023-03,1
844cd59ffffffff-2015-05,2
844cd59ffffffff-2017-09,1
844cd59ffffffff-2022-09,2
844cd5bffffffff-2012-01,2
844cd5bffffffff-2012-04,2
844cd5bffffffff-2015-01,1
844cd5bffffffff-2021-03,1
844cd5bffffffff-2021-04,1
844cd5bffffffff-2021-08,1
844cd5bffffffff-2022-12,1
844cd5dffffffff-2016-02,1
844cd5dffffffff-2017-01,2
844cd5dffffffff-2022-09,1
844cd5dffffffff-2023-04,1
844cd61ffffffff-2023-02,1
844cd61ffffffff-2023-03,1
844cd63ffffffff-2015-01,3
844cd63ffffffff-2019-12,2
844cd63ffffffff-2021-03,1
844cd63ffffffff-2022-03,2
844cd63ffffffff-2023-09,1
844cd65ffffffff-2022-04,4
844cd67ffffffff-2013-10,11
844cd67ffffffff-2017-03,4
844cd67ffffffff-2018-03,1
844cd67ffffffff-2019-01,1
844cd67ffffffff-2019-02,2
844cd67ffffffff-2019-03,2
844cd67ffffffff-2021-03,4
844cd67ffffffff-2021-05,4
844cd67ffffffff-2021-12,2
844cd67ffffffff-2022-01,1
844cd67ffffffff-2022-03,6
844cd67ffffffff-2022-04,1
844cd67ffffffff-2023-10,1
844ce81ffffffff-2012-08,1
844ce81ffffffff-2015-04,1
844ce81ffffffff-2015-10,1
844ce81ffffffff-2015-11,2
844ce81ffffffff-2016-10,1
844ce81ffffffff-2016-11,1
844ce81ffffffff-2017-01,4
844ce81ffffffff-2017-02,4
844ce81ffffffff-2018-10,1
844ce81ffffffff-2019-10,1
844ce81ffffffff-2020-01,1
844ce81ffffffff-2020-10,2
844ce81ffffffff-2021-05,2
844ce81ffffffff-2021-10,1
844ce81ffffffff-2022-01,1
844ce81ffffffff-2022-02,1
844ce81ffffffff-2022-03,1
844ce81ffffffff-2022-10,2
844ce81ffffffff-2022-12,3
844ce81ffffffff-2023-01,3
844ce85ffffffff-2012-08,1
844ce85ffffffff-2012-10,8
844ce85ffffffff-2013-02,2
844ce85ffffffff-2013-03,7
844ce85ffffffff-2013-07,2
844ce85ffffffff-2013-08,2
844ce85ffffffff-2013-10,1
844ce85ffffffff-2013-12,2
844ce85ffffffff-2014-01,4
844ce85ffffffff-2014-02,1
844ce85ffffffff-2014-04,8
844ce85ffffffff-2015-01,4
844ce85ffffffff-2015-03,7
844ce85ffffffff-2015-04,1
844ce85ffffffff-2015-08,1
844ce85ffffffff-2015-12,1
844ce85ffffffff-2016-02,2
844ce85ffffffff-2016-04,2
844ce85ffffffff-2016-05,1
844ce85ffffffff-2016-11,1
844ce85ffffffff-2016-12,2
844ce85ffffffff-2017-01,1
844ce85ffffffff-2017-02,3
844ce85ffffffff-2017-03,10
844ce85ffffffff-2017-07,9
844ce85ffffffff-2018-01,1
844ce85ffffffff-2018-03,1
844ce85ffffffff-2018-05,2
844ce85ffffffff-2018-08,2
844ce85ffffffff-2019-01,4
844ce85ffffffff-2019-02,6
844ce85ffffffff-2019-03,2
844ce85ffffffff-2019-05,1
844ce85ffffffff-2019-09,6
844ce85ffffffff-2019-10,3
844ce85ffffffff-2019-11,9
844ce85ffffffff-2019-12,4
844ce85ffffffff-2020-01,3
844ce85ffffffff-2020-02,11
844ce85ffffffff-2020-03,2
844ce85ffffffff-2020-07,2
844ce85ffffffff-2020-08,2
844ce85ffffffff-2020-09,12
844ce85ffffffff-2020-10,3
844ce85ffffffff-2020-12,3
844ce85ffffffff-2021-01,4
844ce85ffffffff-2021-02,3
844ce85ffffffff-2021-03,8
844ce85ffffffff-2021-04,2
844ce85ffffffff-2021-05,2
844ce85ffffffff-2021-07,3
844ce85ffffffff-2021-08,4
844ce85ffffffff-2021-09,3
844ce85ffffffff-2021-11,23
844ce85ffffffff-2021-12,7
844ce85ffffffff-2022-01,21
844ce85ffffffff-2022-02,32
844ce85ffffffff-2022-03,10
844ce85ffffffff-2022-04,7
844ce85ffffffff-2022-06,2
844ce85ffffffff-2022-07,3
844ce85ffffffff-2022-08,15
844ce85ffffffff-2022-09,7
844ce85ffffffff-2022-10,10
844ce85ffffffff-2022-11,27
844ce85ffffffff-2022-12,17
844ce85ffffffff-2023-01,56
844ce85ffffffff-2023-02,27
844ce85ffffffff-2023-03,13
844ce85ffffffff-2023-04,5
844ce85ffffffff-2023-05,5
844ce85ffffffff-2023-07,7
844ce85ffffffff-2023-08,12
844ce85ffffffff-2023-09,7
844ce85ffffffff-2023-10,13
844ce85ffffffff-2023-11,3
844ce8bffffffff-2012-01,18
844ce8bffffffff-2012-02,4
844ce8bffffffff-2012-03,8
844ce8bffffffff-2012-04,4
844ce8bffffffff-2012-07,2
844ce8bffffffff-2012-08,5
844ce8bffffffff-2012-10,3
844ce8bffffffff-2012-11,1
844ce8bffffffff-2013-01,5
844ce8bffffffff-2013-02,3
844ce8bffffffff-2013-03,2
844ce8bffffffff-2013-04,3
844ce8bffffffff-2013-05,1
844ce8bffffffff-2013-10,2
844ce8bffffffff-2013-12,5
844ce8bffffffff-2014-01,12
844ce8bffffffff-2014-02,8
844ce8bffffffff-2014-03,5
844ce8bffffffff-2014-04,7
844ce8bffffffff-2014-06,1
844ce8bffffffff-2014-07,2
844ce8bffffffff-2014-08,3
844ce8bffffffff-2014-09,1
844ce8bffffffff-2014-10,1
844ce8bffffffff-2014-11,3
844ce8bffffffff-2014-12,4
844ce8bffffffff-2015-01,1
844ce8bffffffff-2015-02,7
844ce8bffffffff-2015-03,2
844ce8bffffffff-2015-04,1
844ce8bffffffff-2015-09,1
844ce8bffffffff-2015-11,1
844ce8bffffffff-2015-12,4
844ce8bffffffff-2016-02,1
844ce8bffffffff-2016-03,17
844ce8bffffffff-2016-04,9
844ce8bffffffff-2016-07,1
844ce8bffffffff-2016-08,4
844ce8bffffffff-2016-10,1
844ce8bffffffff-2016-11,1
844ce8bffffffff-2016-12,8
844ce8bffffffff-2017-01,7
844ce8bffffffff-2017-02,5
844ce8bffffffff-2017-03,2
844ce8bffffffff-2017-04,9
844ce8bffffffff-2017-05,1
844ce8bffffffff-2017-08,6
844ce8bffffffff-2018-03,2
844ce8bffffffff-2018-09,1
844ce8bffffffff-2018-11,10
844ce8bffffffff-2018-12,1
844ce8bffffffff-2019-01,13
844ce8bffffffff-2019-04,3
844ce8bffffffff-2019-08,1
844ce8bffffffff-2019-10,1
844ce8bffffffff-2019-12,6
844ce8bffffffff-2020-01,9
844ce8bffffffff-2020-02,1
844ce8bffffffff-2020-03,3
844ce8bffffffff-2020-11,1
844ce8bffffffff-2020-12,5
844ce8bffffffff-2021-01,14
844ce8bffffffff-2021-02,5
844ce8bffffffff-2021-03,13
844ce8bffffffff-2021-04,9
844ce8bffffffff-2021-05,2
844ce8bffffffff-2021-07,3
844ce8bffffffff-2021-08,10
844ce8bffffffff-2021-09,10
844ce8bffffffff-2021-10,5
844ce8bffffffff-2021-11,8
844ce8bffffffff-2021-12,15
844ce8bffffffff-2022-01,17
844ce8bffffffff-2022-02,14
844ce8bffffffff-2022-03,10
844ce8bffffffff-2022-04,18
844ce8bffffffff-2022-07,1
844ce8bffffffff-2022-08,7
844ce8bffffffff-2022-10,15
844ce8bffffffff-2022-11,5
844ce8bffffffff-2022-12,23
844ce8bffffffff-2023-01,29
844ce8bffffffff-2023-02,24
844ce8bffffffff-2023-03,30
844ce8bffffffff-2023-04,30
844ce8bffffffff-2023-05,1
844ce8bffffffff-2023-07,2
844ce8bffffffff-2023-10,4
844ce95ffffffff-2012-01,31
844ce95ffffffff-2012-02,1
844ce95ffffffff-2012-03,2
844ce95ffffffff-2012-04,1
844ce95ffffffff-2012-05,1
844ce95ffffffff-2012-06,2
844ce95ffffffff-2012-07,15
844ce95ffffffff-2012-08,12
844ce95ffffffff-2012-09,4
844ce95ffffffff-2012-10,3
844ce95ffffffff-2012-11,2
844ce95ffffffff-2012-12,1
844ce95ffffffff-2013-01,24
844ce95ffffffff-2013-02,2
844ce95ffffffff-2013-03,3
844ce95ffffffff-2013-04,2
844ce95ffffffff-2013-05,2
844ce95ffffffff-2013-08,22
844ce95ffffffff-2013-09,17
844ce95ffffffff-2014-01,30
844ce95ffffffff-2014-02,1
844ce95ffffffff-2014-07,2
844ce95ffffffff-2014-08,24
844ce95ffffffff-2014-09,8
844ce95ffffffff-2015-01,44
844ce95ffffffff-2015-03,4
844ce95ffffffff-2015-04,2
844ce95ffffffff-2015-05,2
844ce95ffffffff-2015-09,41
844ce95ffffffff-2015-11,1
844ce95ffffffff-2015-12,1
844ce95ffffffff-2016-01,37
844ce95ffffffff-2016-07,1
844ce95ffffffff-2016-09,5
844ce95ffffffff-2016-11,3
844ce95ffffffff-2016-12,3
844ce95ffffffff-2017-01,2
844ce95ffffffff-2017-02,1
844ce95ffffffff-2017-03,2
844ce95ffffffff-2017-04,1
844ce95ffffffff-2017-05,3
844ce95ffffffff-2017-09,2
844ce95ffffffff-2017-12,1
844ce95ffffffff-2018-01,1
844ce95ffffffff-2018-04,2
844ce95ffffffff-2018-05,3
844ce95ffffffff-2018-07,1
844ce95ffffffff-2018-08,4
844ce95ffffffff-2018-09,4
844ce95ffffffff-2018-11,2
844ce95ffffffff-2019-02,3
844ce95ffffffff-2019-03,1
844ce95ffffffff-2019-04,2
844ce95ffffffff-2019-05,1
844ce95ffffffff-2019-08,3
844ce95ffffffff-2019-09,2
844ce95ffffffff-2019-10,2
844ce95ffffffff-2019-12,5
844ce95ffffffff-2020-01,2
844ce95ffffffff-2020-02,1
844ce95ffffffff-2020-03,1
844ce95ffffffff-2020-04,2
844ce95ffffffff-2020-07,1
844ce95ffffffff-2020-08,2
844ce95ffffffff-2020-09,1
844ce95ffffffff-2020-10,2
844ce95ffffffff-2020-11,2
844ce95ffffffff-2020-12,2
844ce95ffffffff-2021-01,2
844ce95ffffffff-2021-03,5
844ce95ffffffff-2021-04,8
844ce95ffffffff-2021-07,1
844ce95ffffffff-2021-09,4
844ce95ffffffff-2021-10,6
844ce95ffffffff-2021-11,1
844ce95ffffffff-2021-12,2
844ce95ffffffff-2022-01,10
844ce95ffffffff-2022-02,5
844ce95ffffffff-2022-03,4
844ce95ffffffff-2022-06,1
844ce95ffffffff-2022-07,2
844ce95ffffffff-2022-08,4
844ce95ffffffff-2022-09,19
844ce95ffffffff-2022-10,4
844ce95ffffffff-2022-12,2
844ce95ffffffff-2023-01,2
844ce95ffffffff-2023-02,6
844ce95ffffffff-2023-03,11
844ce95ffffffff-2023-04,8
844ce95ffffffff-2023-05,2
844ce95ffffffff-2023-07,1
844ce95ffffffff-2023-08,4
844ce95ffffffff-2023-09,5
844ce95ffffffff-2023-10,3
844ce95ffffffff-2023-11,1
844cea9ffffffff-2012-11,1
844cea9ffffffff-2012-12,2
844cea9ffffffff-2013-03,2
844cea9ffffffff-2013-10,1
844cea9ffffffff-2013-11,1
844cea9ffffffff-2014-09,2
844cea9ffffffff-2014-12,1
844cea9ffffffff-2015-01,1
844cea9ffffffff-2015-02,3
844cea9ffffffff-2015-07,1
844cea9ffffffff-2015-08,2
844cea9ffffffff-2015-09,5
844cea9ffffffff-2015-12,4
844cea9ffffffff-2016-01,1
844cea9ffffffff-2016-04,1
844cea9ffffffff-2016-09,9
844cea9ffffffff-2016-12,1
844cea9ffffffff-2017-01,5
844cea9ffffffff-2017-03,4
844cea9ffffffff-2017-06,1
844cea9ffffffff-2017-08,5
844cea9ffffffff-2017-09,1
844cea9ffffffff-2017-12,2
844cea9ffffffff-2018-01,1
844cea9ffffffff-2018-02,4
844cea9ffffffff-2018-03,4
844cea9ffffffff-2018-06,1
844cea9ffffffff-2018-08,5
844cea9ffffffff-2018-09,4
844cea9ffffffff-2018-11,2
844cea9ffffffff-2018-12,2
844cea9ffffffff-2019-01,1
844cea9ffffffff-2019-02,1
844cea9ffffffff-2019-03,1
844cea9ffffffff-2019-06,1
844cea9ffffffff-2019-07,4
844cea9ffffffff-2019-08,9
844cea9ffffffff-2019-09,20
844cea9ffffffff-2019-10,2
844cea9ffffffff-2020-02,4
844cea9ffffffff-2020-03,5
844cea9ffffffff-2020-05,3
844cea9ffffffff-2020-07,2
844cea9ffffffff-2020-08,3
844cea9ffffffff-2020-09,8
844cea9ffffffff-2020-10,5
844cea9ffffffff-2020-12,1
844cea9ffffffff-2021-01,14
844cea9ffffffff-2021-02,19
844cea9ffffffff-2021-03,3
844cea9ffffffff-2021-04,21
844cea9ffffffff-2021-05,1
844cea9ffffffff-2021-06,4
844cea9ffffffff-2021-07,13
844cea9ffffffff-2021-08,30
844cea9ffffffff-2021-09,35
844cea9ffffffff-2021-10,7
844cea9ffffffff-2021-12,2
844cea9ffffffff-2022-01,5
844cea9ffffffff-2022-02,8
844cea9ffffffff-2022-04,1
844cea9ffffffff-2022-07,1
844cea9ffffffff-2022-08,10
844cea9ffffffff-2022-09,13
844cea9ffffffff-2022-10,5
844cea9ffffffff-2022-11,2
844cea9ffffffff-2022-12,2
844cea9ffffffff-2023-01,12
844cea9ffffffff-2023-02,25
844cea9ffffffff-2023-03,11
844cea9ffffffff-2023-04,10
844cea9ffffffff-2023-07,5
844cea9ffffffff-2023-08,13
844cea9ffffffff-2023-09,12
844cea9ffffffff-2023-10,8
844cea9ffffffff-2023-11,6
844ceadffffffff-2012-01,1
844ceadffffffff-2012-05,1
844ceadffffffff-2012-07,2
844ceadffffffff-2012-08,4
844ceadffffffff-2012-09,5
844ceadffffffff-2012-10,2
844ceadffffffff-2013-08,1
844ceadffffffff-2013-09,7
844ceadffffffff-2013-10,3
844ceadffffffff-2013-11,2
844ceadffffffff-2014-03,5
844ceadffffffff-2014-06,5
844ceadffffffff-2014-07,1
844ceadffffffff-2014-08,4
844ceadffffffff-2014-09,23
844ceadffffffff-2015-01,2
844ceadffffffff-2015-02,6
844ceadffffffff-2015-03,2
844ceadffffffff-2015-07,3
844ceadffffffff-2015-08,3
844ceadffffffff-2015-09,17
844ceadffffffff-2015-10,5
844ceadffffffff-2015-12,2
844ceadffffffff-2016-03,1
844ceadffffffff-2016-08,2
844ceadffffffff-2016-09,4
844ceadffffffff-2016-10,3
844ceadffffffff-2016-11,1
844ceadffffffff-2017-01,2
844ceadffffffff-2017-02,3
844ceadffffffff-2017-07,2
844ceadffffffff-2017-08,2
844ceadffffffff-2017-12,3
844ceadffffffff-2018-01,7
844ceadffffffff-2018-03,3
844ceadffffffff-2018-08,6
844ceadffffffff-2018-09,6
844ceadffffffff-2018-10,5
844ceadffffffff-2018-11,3
844ceadffffffff-2019-01,2
844ceadffffffff-2019-05,3
844ceadffffffff-2019-07,6
844ceadffffffff-2019-08,22
844ceadffffffff-2019-09,16
844ceadffffffff-2019-10,3
844ceadffffffff-2019-11,6
844ceadffffffff-2019-12,2
844ceadffffffff-2020-03,4
844ceadffffffff-2020-08,12
844ceadffffffff-2020-09,33
844ceadffffffff-2020-10,8
844ceadffffffff-2020-11,2
844ceadffffffff-2020-12,1
844ceadffffffff-2021-01,4
844ceadffffffff-2021-02,4
844ceadffffffff-2021-03,3
844ceadffffffff-2021-04,7
844ceadffffffff-2021-05,2
844ceadffffffff-2021-06,2
844ceadffffffff-2021-07,19
844ceadffffffff-2021-08,25
844ceadffffffff-2021-09,70
844ceadffffffff-2021-10,52
844ceadffffffff-2021-11,9
844ceadffffffff-2021-12,4
844ceadffffffff-2022-01,41
844ceadffffffff-2022-02,14
844ceadffffffff-2022-03,9
844ceadffffffff-2022-04,31
844ceadffffffff-2022-05,8
844ceadffffffff-2022-07,28
844ceadffffffff-2022-08,45
844ceadffffffff-2022-09,36
844ceadffffffff-2022-10,46
844ceadffffffff-2022-11,25
844ceadffffffff-2022-12,15
844ceadffffffff-2023-01,49
844ceadffffffff-2023-02,9
844ceadffffffff-2023-03,20
844ceadffffffff-2023-04,35
844ceadffffffff-2023-06,1
844ceadffffffff-2023-07,25
844ceadffffffff-2023-08,21
844ceadffffffff-2023-09,37
844ceadffffffff-2023-10,41
844ceadffffffff-2023-11,7
844ceb9ffffffff-2012-11,1
844ceb9ffffffff-2013-09,5
844ceb9ffffffff-2013-12,1
844ceb9ffffffff-2014-01,1
844ceb9ffffffff-2014-11,3
844ceb9ffffffff-2015-03,1
844ceb9ffffffff-2015-05,1
844ceb9ffffffff-2015-09,1
844ceb9ffffffff-2015-10,6
844ceb9ffffffff-2015-12,1
844ceb9ffffffff-2016-01,2
844ceb9ffffffff-2016-04,1
844ceb9ffffffff-2016-09,14
844ceb9ffffffff-2016-11,1
844ceb9ffffffff-2016-12,2
844ceb9ffffffff-2017-01,1
844ceb9ffffffff-2017-02,2
844ceb9ffffffff-2017-03,1
844ceb9ffffffff-2017-04,2
844ceb9ffffffff-2017-05,1
844ceb9ffffffff-2017-08,1
844ceb9ffffffff-2017-09,2
844ceb9ffffffff-2017-10,8
844ceb9ffffffff-2017-11,2
844ceb9ffffffff-2017-12,1
844ceb9ffffffff-2018-02,4
844ceb9ffffffff-2018-03,2
844ceb9ffffffff-2018-04,1
844ceb9ffffffff-2018-05,1
844ceb9ffffffff-2018-09,2
844ceb9ffffffff-2018-10,2
844ceb9ffffffff-2019-01,3
844ceb9ffffffff-2019-03,1
844ceb9ffffffff-2019-04,6
844ceb9ffffffff-2019-09,3
844ceb9ffffffff-2019-12,1
844ceb9ffffffff-2020-01,1
844ceb9ffffffff-2020-02,1
844ceb9ffffffff-2020-04,1
844ceb9ffffffff-2020-08,5
844ceb9ffffffff-2020-09,2
844ceb9ffffffff-2020-11,1
844ceb9ffffffff-2021-01,2
844ceb9ffffffff-2021-04,1
844ceb9ffffffff-2021-09,7
844ceb9ffffffff-2021-10,1
844ceb9ffffffff-2021-11,1
844ceb9ffffffff-2022-01,4
844ceb9ffffffff-2022-02,3
844ceb9ffffffff-2022-03,3
844ceb9ffffffff-2022-04,2
844ceb9ffffffff-2022-06,1
844ceb9ffffffff-2022-08,9
844ceb9ffffffff-2022-09,27
844ceb9ffffffff-2022-12,4
844ceb9ffffffff-2023-01,4
844ceb9ffffffff-2023-03,1
844ceb9ffffffff-2023-05,1
844ceb9ffffffff-2023-06,1
844ceb9ffffffff-2023-08,8
844ceb9ffffffff-2023-09,7
844ceb9ffffffff-2023-10,5
844ced5ffffffff-2013-04,1
844ced5ffffffff-2014-03,2
844ced5ffffffff-2017-04,4
844ced5ffffffff-2019-03,1
844ced5ffffffff-2020-03,3
844ced5ffffffff-2021-08,2
844ced5ffffffff-2022-01,1
844ced5ffffffff-2022-03,3
844ced5ffffffff-2022-04,1
844ced5ffffffff-2022-12,2
844ced5ffffffff-2023-02,1
844ced5ffffffff-2023-08,1
844ced5ffffffff-2023-09,1
844ced5ffffffff-2023-10,1
844ced7ffffffff-2012-11,1
844ced7ffffffff-2021-10,1
844ced7ffffffff-2022-02,1
844ced7ffffffff-2022-03,1
844ced7ffffffff-2023-10,1
844cee3ffffffff-2012-01,2
844cee3ffffffff-2012-02,6
844cee3ffffffff-2012-04,1
844cee3ffffffff-2012-09,2
844cee3ffffffff-2012-10,1
844cee3ffffffff-2013-01,1
844cee3ffffffff-2013-09,1
844cee3ffffffff-2014-03,1
844cee3ffffffff-2014-10,6
844cee3ffffffff-2014-11,2
844cee3ffffffff-2016-01,3
844cee3ffffffff-2018-04,1
844cee3ffffffff-2018-09,1
844cee3ffffffff-2018-11,2
844cee3ffffffff-2019-03,1
844cee3ffffffff-2019-08,1
844cee3ffffffff-2019-09,1
844cee3ffffffff-2020-03,2
844cee3ffffffff-2021-01,3
844cee3ffffffff-2021-07,2
844cee3ffffffff-2021-08,2
844cee3ffffffff-2021-09,1
844cee3ffffffff-2021-10,3
844cee3ffffffff-2021-12,1
844cee3ffffffff-2022-01,1
844cee3ffffffff-2022-05,1
844cee3ffffffff-2022-08,2
844cee3ffffffff-2022-10,1
844cee3ffffffff-2022-11,2
844cee3ffffffff-2022-12,3
844cee3ffffffff-2023-01,3
844cee3ffffffff-2023-02,2
844cee3ffffffff-2023-03,1
844cee3ffffffff-2023-07,2
844cee3ffffffff-2023-08,1
844cee3ffffffff-2023-11,2
844cee5ffffffff-2012-03,4
844cee5ffffffff-2012-05,1
844cee5ffffffff-2012-09,2
844cee5ffffffff-2013-05,3
844cee5ffffffff-2013-07,14
844cee5ffffffff-2013-08,13
844cee5ffffffff-2013-09,4
844cee5ffffffff-2014-05,2
844cee5ffffffff-2014-08,6
844cee5ffffffff-2014-09,27
844cee5ffffffff-2014-10,5
844cee5ffffffff-2014-11,10
844cee5ffffffff-2015-01,2
844cee5ffffffff-2015-09,10
844cee5ffffffff-2015-10,2
844cee5ffffffff-2015-11,3
844cee5ffffffff-2015-12,2
844cee5ffffffff-2016-01,1
844cee5ffffffff-2016-02,1
844cee5ffffffff-2016-04,2
844cee5ffffffff-2016-07,8
844cee5ffffffff-2016-08,13
844cee5ffffffff-2016-09,10
844cee5ffffffff-2016-11,1
844cee5ffffffff-2017-02,3
844cee5ffffffff-2017-07,12
844cee5ffffffff-2017-08,8
844cee5ffffffff-2017-09,9
844cee5ffffffff-2017-10,2
844cee5ffffffff-2018-01,1
844cee5ffffffff-2018-02,1
844cee5ffffffff-2018-07,1
844cee5ffffffff-2018-08,2
844cee5ffffffff-2018-09,25
844cee5ffffffff-2018-10,2
844cee5ffffffff-2018-11,1
844cee5ffffffff-2019-01,3
844cee5ffffffff-2019-09,21
844cee5ffffffff-2019-10,3
844cee5ffffffff-2019-12,1
844cee5ffffffff-2020-02,3
844cee5ffffffff-2020-07,2
844cee5ffffffff-2020-08,26
844cee5ffffffff-2020-09,9
844cee5ffffffff-2020-10,28
844cee5ffffffff-2020-11,9
844cee5ffffffff-2020-12,3
844cee5ffffffff-2021-01,4
844cee5ffffffff-2021-02,9
844cee5ffffffff-2021-03,1
844cee5ffffffff-2021-04,6
844cee5ffffffff-2021-05,4
844cee5ffffffff-2021-07,11
844cee5ffffffff-2021-08,9
844cee5ffffffff-2021-09,24
844cee5ffffffff-2021-10,6
844cee5ffffffff-2021-11,5
844cee5ffffffff-2021-12,10
844cee5ffffffff-2022-01,4
844cee5ffffffff-2022-04,2
844cee5ffffffff-2022-05,5
844cee5ffffffff-2022-07,2
844cee5ffffffff-2022-08,11
844cee5ffffffff-2022-09,95
844cee5ffffffff-2022-10,19
844cee5ffffffff-2022-12,3
844cee5ffffffff-2023-01,4
844cee5ffffffff-2023-02,1
844cee5ffffffff-2023-08,10
844cee5ffffffff-2023-09,29
844cee5ffffffff-2023-10,13
844cee7ffffffff-2012-09,2
844cee7ffffffff-2012-12,2
844cee7ffffffff-2013-01,7
844cee7ffffffff-2013-02,1
844cee7ffffffff-2013-03,3
844cee7ffffffff-2013-10,2
844cee7ffffffff-2013-11,3
844cee7ffffffff-2014-01,5
844cee7ffffffff-2014-02,6
844cee7ffffffff-2014-09,1
844cee7ffffffff-2014-12,2
844cee7ffffffff-2015-01,4
844cee7ffffffff-2015-02,1
844cee7ffffffff-2015-08,1
844cee7ffffffff-2015-09,6
844cee7ffffffff-2015-10,2
844cee7ffffffff-2015-11,1
844cee7ffffffff-2015-12,11
844cee7ffffffff-2016-01,4
844cee7ffffffff-2016-03,1
844cee7ffffffff-2016-04,1
844cee7ffffffff-2016-05,1
844cee7ffffffff-2016-08,1
844cee7ffffffff-2016-12,2
844cee7ffffffff-2017-01,3
844cee7ffffffff-2017-02,5
844cee7ffffffff-2017-03,4
844cee7ffffffff-2017-04,1
844cee7ffffffff-2017-07,1
844cee7ffffffff-2017-08,3
844cee7ffffffff-2017-09,2
844cee7ffffffff-2017-12,2
844cee7ffffffff-2018-01,1
844cee7ffffffff-2018-04,2
844cee7ffffffff-2018-07,1
844cee7ffffffff-2018-08,1
844cee7ffffffff-2018-10,3
844cee7ffffffff-2018-12,5
844cee7ffffffff-2019-01,1
844cee7ffffffff-2019-03,3
844cee7ffffffff-2019-04,2
844cee7ffffffff-2019-08,3
844cee7ffffffff-2019-10,9
844cee7ffffffff-2019-12,5
844cee7ffffffff-2020-01,3
844cee7ffffffff-2020-02,3
844cee7ffffffff-2020-03,2
844cee7ffffffff-2020-04,5
844cee7ffffffff-2020-09,2
844cee7ffffffff-2020-10,2
844cee7ffffffff-2020-12,1
844cee7ffffffff-2021-01,7
844cee7ffffffff-2021-02,1
844cee7ffffffff-2021-03,1
844cee7ffffffff-2021-05,2
844cee7ffffffff-2021-07,1
844cee7ffffffff-2021-08,7
844cee7ffffffff-2021-09,14
844cee7ffffffff-2021-10,6
844cee7ffffffff-2021-11,12
844cee7ffffffff-2021-12,4
844cee7ffffffff-2022-01,10
844cee7ffffffff-2022-02,9
844cee7ffffffff-2022-03,3
844cee7ffffffff-2022-04,6
844cee7ffffffff-2022-05,6
844cee7ffffffff-2022-07,5
844cee7ffffffff-2022-08,4
844cee7ffffffff-2022-09,9
844cee7ffffffff-2022-10,2
844cee7ffffffff-2022-11,6
844cee7ffffffff-2022-12,4
844cee7ffffffff-2023-01,13
844cee7ffffffff-2023-02,11
844cee7ffffffff-2023-03,5
844cee7ffffffff-2023-04,4
844cee7ffffffff-2023-05,3
844cee7ffffffff-2023-07,4
844cee7ffffffff-2023-08,8
844cee7ffffffff-2023-09,27
844cee7ffffffff-2023-10,20
844cee7ffffffff-2023-11,8
844cf21ffffffff-2023-01,1
844cf23ffffffff-2019-05,3
844cf23ffffffff-2020-09,2
844cf23ffffffff-2022-09,5
844cf23ffffffff-2022-10,2
844cf23ffffffff-2023-01,2
844cf23ffffffff-2023-03,2
844cf23ffffffff-2023-08,2
844cf23ffffffff-2023-09,2
844cf25ffffffff-2019-03,1
844cf25ffffffff-2023-01,1
844cf25ffffffff-2023-09,1
844cf27ffffffff-2019-04,1
844cf27ffffffff-2020-01,1
844cf27ffffffff-2021-01,1
844cf31ffffffff-2020-02,1
844cf31ffffffff-2023-04,1
844cf33ffffffff-2015-03,2
844cf33ffffffff-2021-02,1
844cf33ffffffff-2022-04,3
844cf33ffffffff-2022-10,1
844cf35ffffffff-2018-01,1
844cf35ffffffff-2019-03,3
844cf35ffffffff-2019-08,1
844cf35ffffffff-2019-11,3
844cf35ffffffff-2020-08,4
844cf35ffffffff-2020-09,2
844cf35ffffffff-2020-10,2
844cf35ffffffff-2021-04,1
844cf35ffffffff-2021-09,3
844cf35ffffffff-2021-10,6
844cf35ffffffff-2023-08,6
844cf37ffffffff-2022-03,2
844d497ffffffff-2012-10,4
844d497ffffffff-2013-11,2
844d497ffffffff-2014-02,2
844d497ffffffff-2014-10,3
844d497ffffffff-2014-11,3
844d497ffffffff-2014-12,2
844d497ffffffff-2015-01,2
844d497ffffffff-2015-02,2
844d497ffffffff-2015-03,6
844d497ffffffff-2015-04,1
844d497ffffffff-2015-05,1
844d497ffffffff-2015-08,1
844d497ffffffff-2015-09,2
844d497ffffffff-2015-10,1
844d497ffffffff-2015-11,4
844d497ffffffff-2016-01,1
844d497ffffffff-2016-02,1
844d497ffffffff-2016-04,3
844d497ffffffff-2016-08,5
844d497ffffffff-2016-12,1
844d497ffffffff-2017-01,12
844d497ffffffff-2017-02,17
844d497ffffffff-2017-03,10
844d497ffffffff-2017-04,6
844d497ffffffff-2017-08,2
844d497ffffffff-2017-09,5
844d497ffffffff-2018-09,3
844d497ffffffff-2018-10,1
844d497ffffffff-2018-11,2
844d497ffffffff-2019-01,3
844d497ffffffff-2019-02,6
844d497ffffffff-2019-03,3
844d497ffffffff-2019-04,2
844d497ffffffff-2019-08,1
844d497ffffffff-2019-11,3
844d497ffffffff-2020-01,8
844d497ffffffff-2020-02,9
844d497ffffffff-2020-03,3
844d497ffffffff-2020-09,1
844d497ffffffff-2020-10,1
844d497ffffffff-2020-11,1
844d497ffffffff-2021-02,3
844d497ffffffff-2021-04,1
844d497ffffffff-2021-08,3
844d497ffffffff-2021-09,9
844d497ffffffff-2021-10,8
844d497ffffffff-2021-11,4
844d497ffffffff-2021-12,6
844d497ffffffff-2022-01,4
844d497ffffffff-2022-02,11
844d497ffffffff-2022-03,3
844d497ffffffff-2022-04,3
844d497ffffffff-2022-07,2
844d497ffffffff-2022-09,5
844d497ffffffff-2022-10,4
844d497ffffffff-2022-12,8
844d497ffffffff-2023-01,5
844d497ffffffff-2023-02,5
844d497ffffffff-2023-03,28
844d497ffffffff-2023-04,8
844d497ffffffff-2023-05,4
844d497ffffffff-2023-07,6
844d497ffffffff-2023-08,1
844d497ffffffff-2023-09,17
844d497ffffffff-2023-10,2
844d497ffffffff-2023-11,1
844d4bbffffffff-2012-12,2
844d4bbffffffff-2013-01,2
844d4bbffffffff-2013-11,2
844d4bbffffffff-2013-12,2
844d4bbffffffff-2014-01,2
844d4bbffffffff-2014-02,2
844d4bbffffffff-2014-05,2
844d4bbffffffff-2014-09,6
844d4bbffffffff-2014-10,3
844d4bbffffffff-2014-11,2
844d4bbffffffff-2014-12,9
844d4bbffffffff-2015-01,6
844d4bbffffffff-2015-02,5
844d4bbffffffff-2015-03,3
844d4bbffffffff-2015-04,3
844d4bbffffffff-2015-05,4
844d4bbffffffff-2015-09,4
844d4bbffffffff-2015-10,1
844d4bbffffffff-2015-11,3
844d4bbffffffff-2015-12,9
844d4bbffffffff-2016-01,3
844d4bbffffffff-2016-02,3
844d4bbffffffff-2016-03,1
844d4bbffffffff-2016-04,2
844d4bbffffffff-2016-05,1
844d4bbffffffff-2016-08,1
844d4bbffffffff-2016-09,7
844d4bbffffffff-2016-10,1
844d4bbffffffff-2016-12,2
844d4bbffffffff-2017-01,11
844d4bbffffffff-2017-02,22
844d4bbffffffff-2017-03,5
844d4bbffffffff-2017-04,1
844d4bbffffffff-2017-05,3
844d4bbffffffff-2017-06,1
844d4bbffffffff-2017-08,13
844d4bbffffffff-2017-09,4
844d4bbffffffff-2018-02,2
844d4bbffffffff-2018-03,70
844d4bbffffffff-2018-04,12
844d4bbffffffff-2018-05,4
844d4bbffffffff-2018-06,8
844d4bbffffffff-2018-09,18
844d4bbffffffff-2018-10,2
844d4bbffffffff-2018-11,7
844d4bbffffffff-2018-12,5
844d4bbffffffff-2019-01,24
844d4bbffffffff-2019-02,15
844d4bbffffffff-2019-03,27
844d4bbffffffff-2019-04,7
844d4bbffffffff-2019-05,5
844d4bbffffffff-2019-06,1
844d4bbffffffff-2019-07,6
844d4bbffffffff-2019-08,2
844d4bbffffffff-2019-09,30
844d4bbffffffff-2019-10,6
844d4bbffffffff-2019-11,6
844d4bbffffffff-2020-01,11
844d4bbffffffff-2020-02,14
844d4bbffffffff-2020-03,8
844d4bbffffffff-2020-04,6
844d4bbffffffff-2020-05,3
844d4bbffffffff-2020-07,6
844d4bbffffffff-2020-08,12
844d4bbffffffff-2020-09,43
844d4bbffffffff-2020-10,16
844d4bbffffffff-2020-11,5
844d4bbffffffff-2020-12,3
844d4bbffffffff-2021-01,11
844d4bbffffffff-2021-02,19
844d4bbffffffff-2021-03,10
844d4bbffffffff-2021-04,5
844d4bbffffffff-2021-05,3
844d4bbffffffff-2021-06,8
844d4bbffffffff-2021-07,13
844d4bbffffffff-2021-08,17
844d4bbffffffff-2021-09,43
844d4bbffffffff-2021-10,24
844d4bbffffffff-2021-11,14
844d4bbffffffff-2021-12,9
844d4bbffffffff-2022-01,29
844d4bbffffffff-2022-02,8
844d4bbffffffff-2022-03,5
844d4bbffffffff-2022-04,19
844d4bbffffffff-2022-05,7
844d4bbffffffff-2022-06,1
844d4bbffffffff-2022-07,2
844d4bbffffffff-2022-08,3
844d4bbffffffff-2022-09,30
844d4bbffffffff-2022-10,50
844d4bbffffffff-2022-11,21
844d4bbffffffff-2022-12,17
844d4bbffffffff-2023-01,28
844d4bbffffffff-2023-02,19
844d4bbffffffff-2023-03,8
844d4bbffffffff-2023-04,8
844d4bbffffffff-2023-05,7
844d4bbffffffff-2023-07,19
844d4bbffffffff-2023-08,5
844d4bbffffffff-2023-09,21
844d4bbffffffff-2023-10,49
844d4bbffffffff-2023-11,23
8454149ffffffff-2014-02,1
8454ac3ffffffff-2018-02,1
8454ac3ffffffff-2019-01,2
8454ac3ffffffff-2019-02,3
8454ac3ffffffff-2019-03,4
8454ac3ffffffff-2019-04,1
8454ad5ffffffff-2017-11,1
8454b05ffffffff-2014-11,2
8454b07ffffffff-2015-12,2
8454b07ffffffff-2016-04,4
8454b0dffffffff-2014-09,1
8454b0dffffffff-2016-04,1
84574ddffffffff-2019-01,1
845d105ffffffff-2015-12,4
845d105ffffffff-2021-11,3
845d105ffffffff-2023-08,4
845d105ffffffff-2023-09,1
845d107ffffffff-2013-10,1
845d107ffffffff-2014-01,1
845d107ffffffff-2016-10,6
845d107ffffffff-2016-11,7
845d107ffffffff-2016-12,4
845d107ffffffff-2017-01,22
845d107ffffffff-2017-02,4
845d107ffffffff-2017-09,2
845d107ffffffff-2018-08,2
845d107ffffffff-2018-11,1
845d107ffffffff-2018-12,1
845d107ffffffff-2019-04,14
845d107ffffffff-2020-01,1
845d107ffffffff-2020-08,11
845d107ffffffff-2020-09,18
845d107ffffffff-2020-10,3
845d107ffffffff-2021-10,16
845d107ffffffff-2022-08,1
845d107ffffffff-2023-08,1
845d107ffffffff-2023-09,30
845d107ffffffff-2023-10,39
845d107ffffffff-2023-11,17
845d145ffffffff-2012-02,1
845d145ffffffff-2021-12,1
845d145ffffffff-2022-01,1
845d145ffffffff-2022-09,1
845d145ffffffff-2023-09,3
845d145ffffffff-2023-10,1
845d16bffffffff-2012-08,4
845d16bffffffff-2013-05,1
845d16bffffffff-2017-08,3
845d16bffffffff-2017-12,1
845d16bffffffff-2018-08,1
845d16bffffffff-2019-02,1
845d16bffffffff-2019-03,2
845d16bffffffff-2021-05,1
845d16bffffffff-2022-09,1
845e42bffffffff-2021-04,2
845e433ffffffff-2015-11,2
845e433ffffffff-2021-09,2
845e433ffffffff-2023-09,1
845e435ffffffff-2021-09,1
845e435ffffffff-2022-04,1
845e435ffffffff-2022-10,1
845e435ffffffff-2022-11,4
845e435ffffffff-2023-09,2
845e435ffffffff-2023-10,1
845e437ffffffff-2012-07,2
845e437ffffffff-2012-09,1
845e437ffffffff-2013-10,1
845e437ffffffff-2013-11,1
845e437ffffffff-2014-03,1
845e437ffffffff-2014-08,5
845e437ffffffff-2014-09,8
845e437ffffffff-2014-11,1
845e437ffffffff-2015-07,1
845e437ffffffff-2015-09,1
845e437ffffffff-2015-10,7
845e437ffffffff-2016-10,1
845e437ffffffff-2016-12,1
845e437ffffffff-2017-01,1
845e437ffffffff-2017-04,1
845e437ffffffff-2017-08,7
845e437ffffffff-2017-09,16
845e437ffffffff-2017-10,3
845e437ffffffff-2018-04,1
845e437ffffffff-2018-09,2
845e437ffffffff-2018-11,6
845e437ffffffff-2018-12,1
845e437ffffffff-2019-03,3
845e437ffffffff-2019-04,1
845e437ffffffff-2019-07,4
845e437ffffffff-2019-09,1
845e437ffffffff-2019-10,1
845e437ffffffff-2020-01,1
845e437ffffffff-2020-02,2
845e437ffffffff-2020-08,7
845e437ffffffff-2020-09,1
845e437ffffffff-2020-10,3
845e437ffffffff-2020-11,1
845e437ffffffff-2021-02,1
845e437ffffffff-2021-04,3
845e437ffffffff-2021-05,2
845e437ffffffff-2021-07,5
845e437ffffffff-2021-09,4
845e437ffffffff-2021-10,8
845e437ffffffff-2021-11,3
845e437ffffffff-2021-12,1
845e437ffffffff-2022-01,2
845e437ffffffff-2022-02,1
845e437ffffffff-2022-03,1
845e437ffffffff-2022-04,2
845e437ffffffff-2022-08,1
845e437ffffffff-2022-09,7
845e437ffffffff-2022-10,1
845e437ffffffff-2022-11,1
845e437ffffffff-2023-01,2
845e437ffffffff-2023-03,21
845e437ffffffff-2023-08,5
845e437ffffffff-2023-09,24
845e437ffffffff-2023-10,1
845e43dffffffff-2013-10,1
845e43dffffffff-2014-10,1
845e43dffffffff-2015-08,4
845e43dffffffff-2019-07,2
845e43dffffffff-2019-12,4
845e43dffffffff-2021-03,2
845e43dffffffff-2021-05,2
845e43dffffffff-2021-06,2
845e43dffffffff-2021-08,2
845e461ffffffff-2014-08,4
845e461ffffffff-2014-09,1
845e461ffffffff-2015-01,1
845e461ffffffff-2015-08,2
845e461ffffffff-2016-12,1
845e461ffffffff-2017-09,2
845e461ffffffff-2020-07,5
845e461ffffffff-2020-08,3
845e461ffffffff-2020-09,12
845e461ffffffff-2020-10,2
845e461ffffffff-2021-01,1
845e461ffffffff-2021-04,1
845e461ffffffff-2021-09,4
845e461ffffffff-2022-08,1
845e461ffffffff-2022-11,1
845e461ffffffff-2023-03,1
845e461ffffffff-2023-04,1
845e461ffffffff-2023-11,1
845e463ffffffff-2012-11,1
845e463ffffffff-2014-08,2
845e463ffffffff-2014-09,1
845e463ffffffff-2020-07,4
845e463ffffffff-2020-08,3
845e463ffffffff-2020-09,7
845e463ffffffff-2020-10,7
845e463ffffffff-2020-11,5
845e463ffffffff-2021-07,1
845e463ffffffff-2021-09,7
845e463ffffffff-2021-10,1
845e463ffffffff-2022-07,1
845e463ffffffff-2022-08,2
845e463ffffffff-2022-10,2
845e467ffffffff-2017-09,2
845e467ffffffff-2021-09,2
845e467ffffffff-2023-07,2
845e469ffffffff-2015-11,1
845e469ffffffff-2018-02,3
845e469ffffffff-2019-09,2
845e469ffffffff-2020-08,1
845e469ffffffff-2020-09,2
845e469ffffffff-2020-10,2
845e469ffffffff-2020-11,1
845e469ffffffff-2021-07,1
845e469ffffffff-2021-08,2
845e469ffffffff-2021-09,1
845e469ffffffff-2021-10,3
845e469ffffffff-2022-09,3
845e469ffffffff-2022-10,1
845e469ffffffff-2023-04,1
845e4a1ffffffff-2012-11,2
845e4a1ffffffff-2013-02,2
845e4a1ffffffff-2013-03,1
845e4a1ffffffff-2014-09,1
845e4a1ffffffff-2015-10,1
845e4a1ffffffff-2017-12,4
845e4a1ffffffff-2018-01,4
845e4a1ffffffff-2018-03,7
845e4a1ffffffff-2018-04,1
845e4a1ffffffff-2018-11,2
845e4a1ffffffff-2018-12,1
845e4a1ffffffff-2019-01,1
845e4a1ffffffff-2019-09,1
845e4a1ffffffff-2019-12,1
845e4a1ffffffff-2020-10,3
845e4a1ffffffff-2020-12,1
845e4a1ffffffff-2021-02,3
845e4a1ffffffff-2021-03,12
845e4a1ffffffff-2021-04,3
845e4a1ffffffff-2021-05,8
845e4a1ffffffff-2022-02,2
845e4a1ffffffff-2022-03,1
845e4a1ffffffff-2022-05,1
845e4a1ffffffff-2022-07,1
845e4a1ffffffff-2022-08,1
845e4a1ffffffff-2022-09,1
845e4a1ffffffff-2022-10,1
845e4a1ffffffff-2023-01,1
845e4a1ffffffff-2023-08,1
845e4a1ffffffff-2023-10,2
845e4a1ffffffff-2023-11,1
845e4a3ffffffff-2012-11,1
845e4a3ffffffff-2013-08,2
845e4a3ffffffff-2013-10,2
845e4a3ffffffff-2014-03,1
845e4a3ffffffff-2014-04,1
845e4a3ffffffff-2014-09,2
845e4a3ffffffff-2015-01,2
845e4a3ffffffff-2015-04,3
845e4a3ffffffff-2016-01,2
845e4a3ffffffff-2016-02,1
845e4a3ffffffff-2017-03,2
845e4a3ffffffff-2017-12,5
845e4a3ffffffff-2018-01,3
845e4a3ffffffff-2018-03,6
845e4a3ffffffff-2018-04,7
845e4a3ffffffff-2018-11,2
845e4a3ffffffff-2018-12,1
845e4a3ffffffff-2019-01,1
845e4a3ffffffff-2019-04,2
845e4a3ffffffff-2019-11,1
845e4a3ffffffff-2020-02,1
845e4a3ffffffff-2021-02,8
845e4a3ffffffff-2021-03,4
845e4a3ffffffff-2021-05,13
845e4a3ffffffff-2021-07,12
845e4a3ffffffff-2021-10,6
845e4a3ffffffff-2022-02,2
845e4a3ffffffff-2022-03,5
845e4a3ffffffff-2022-07,13
845e4a3ffffffff-2022-09,4
845e4a3ffffffff-2022-10,3
845e4a3ffffffff-2022-11,3
845e4a3ffffffff-2022-12,4
845e4a3ffffffff-2023-01,2
845e4a3ffffffff-2023-02,2
845e4a3ffffffff-2023-03,5
845e4a3ffffffff-2023-04,3
845e4a3ffffffff-2023-05,4
845e4a3ffffffff-2023-08,6
845e4a3ffffffff-2023-09,15
845e4a3ffffffff-2023-10,10
845e4adffffffff-2013-09,1
845e4adffffffff-2015-09,1
845e4adffffffff-2015-10,3
845e4adffffffff-2016-06,2
845e4adffffffff-2016-08,4
845e4adffffffff-2016-09,4
845e4adffffffff-2016-10,6
845e4adffffffff-2016-11,1
845e4adffffffff-2017-08,2
845e4adffffffff-2017-09,2
845e4adffffffff-2017-10,3
845e4adffffffff-2017-11,1
845e4adffffffff-2018-09,16
845e4adffffffff-2019-09,14
845e4adffffffff-2019-10,1
845e4adffffffff-2020-09,6
845e4adffffffff-2020-10,8
845e4adffffffff-2020-11,1
845e4adffffffff-2021-04,2
845e4adffffffff-2021-08,4
845e4adffffffff-2021-09,44
845e4adffffffff-2021-10,10
845e4adffffffff-2021-12,1
845e4adffffffff-2022-01,1
845e4adffffffff-2022-08,3
845e4adffffffff-2022-09,42
845e4adffffffff-2022-10,4
845e4adffffffff-2023-07,2
845e4adffffffff-2023-08,8
845e4adffffffff-2023-09,44
845e4adffffffff-2023-10,6
845e4adffffffff-2023-11,3
845e4b5ffffffff-2021-09,2
845e4b5ffffffff-2022-09,2
845e4b7ffffffff-2012-03,1
845e4b7ffffffff-2013-01,1
845e4b7ffffffff-2013-10,1
845e4b7ffffffff-2013-11,4
845e4b7ffffffff-2014-02,1
845e4b7ffffffff-2015-02,1
845e4b7ffffffff-2015-03,1
845e4b7ffffffff-2015-08,1
845e4b7ffffffff-2015-09,3
845e4b7ffffffff-2015-11,3
845e4b7ffffffff-2016-02,1
845e4b7ffffffff-2016-03,2
845e4b7ffffffff-2016-04,1
845e4b7ffffffff-2016-09,1
845e4b7ffffffff-2016-11,1
845e4b7ffffffff-2016-12,1
845e4b7ffffffff-2017-03,1
845e4b7ffffffff-2017-08,1
845e4b7ffffffff-2018-05,2
845e4b7ffffffff-2018-10,1
845e4b7ffffffff-2019-01,2
845e4b7ffffffff-2019-07,1
845e4b7ffffffff-2020-11,2
845e4b7ffffffff-2021-08,2
845e4b7ffffffff-2021-11,7
845e4b7ffffffff-2022-04,1
845e4b7ffffffff-2022-05,2
845e4b7ffffffff-2022-09,4
845e4b7ffffffff-2023-01,1
845e4b7ffffffff-2023-04,1
845e4b7ffffffff-2023-08,1
845e591ffffffff-2017-10,1
845e591ffffffff-2023-08,1
845e599ffffffff-2014-04,1
845e599ffffffff-2017-10,1
845e599ffffffff-2021-10,1
845e599ffffffff-2023-03,3
845e599ffffffff-2023-11,1
845e59bffffffff-2017-10,6
845e59bffffffff-2019-04,1
845e59bffffffff-2021-10,1
845e59bffffffff-2022-11,1
845e59bffffffff-2023-01,2
845e59bffffffff-2023-03,3
845e59bffffffff-2023-09,2
845e59bffffffff-2023-10,1
845e59bffffffff-2023-11,6
845e5cbffffffff-2012-01,1
845e5cbffffffff-2012-04,2
845e5cbffffffff-2012-05,2
845e5cbffffffff-2012-08,2
845e5cbffffffff-2012-09,3
845e5cbffffffff-2012-10,4
845e5cbffffffff-2012-12,1
845e5cbffffffff-2013-01,2
845e5cbffffffff-2013-03,2
845e5cbffffffff-2013-04,1
845e5cbffffffff-2013-08,20
845e5cbffffffff-2013-09,30
845e5cbffffffff-2013-10,39
845e5cbffffffff-2013-11,17
845e5cbffffffff-2013-12,15
845e5cbffffffff-2014-01,23
845e5cbffffffff-2014-02,16
845e5cbffffffff-2014-03,5
845e5cbffffffff-2014-04,1
845e5cbffffffff-2014-05,1
845e5cbffffffff-2014-07,9
845e5cbffffffff-2014-08,23
845e5cbffffffff-2014-09,24
845e5cbffffffff-2014-10,63
845e5cbffffffff-2014-11,15
845e5cbffffffff-2014-12,12
845e5cbffffffff-2015-01,12
845e5cbffffffff-2015-02,7
845e5cbffffffff-2015-03,6
845e5cbffffffff-2015-04,3
845e5cbffffffff-2015-05,3
845e5cbffffffff-2015-06,2
845e5cbffffffff-2015-07,4
845e5cbffffffff-2015-08,11
845e5cbffffffff-2015-09,27
845e5cbffffffff-2015-10,46
845e5cbffffffff-2015-11,12
845e5cbffffffff-2015-12,22
845e5cbffffffff-2016-01,4
845e5cbffffffff-2016-02,1
845e5cbffffffff-2016-05,3
845e5cbffffffff-2016-06,1
845e5cbffffffff-2016-08,13
845e5cbffffffff-2016-09,18
845e5cbffffffff-2016-10,10
845e5cbffffffff-2016-11,2
845e5cbffffffff-2016-12,4
845e5cbffffffff-2017-01,12
845e5cbffffffff-2017-02,4
845e5cbffffffff-2017-03,8
845e5cbffffffff-2017-04,1
845e5cbffffffff-2017-05,1
845e5cbffffffff-2017-07,1
845e5cbffffffff-2017-08,22
845e5cbffffffff-2017-09,38
845e5cbffffffff-2017-10,9
845e5cbffffffff-2017-11,5
845e5cbffffffff-2017-12,8
845e5cbffffffff-2018-01,9
845e5cbffffffff-2018-02,16
845e5cbffffffff-2018-03,12
845e5cbffffffff-2018-04,11
845e5cbffffffff-2018-05,5
845e5cbffffffff-2018-06,1
845e5cbffffffff-2018-07,3
845e5cbffffffff-2018-08,4
845e5cbffffffff-2018-09,17
845e5cbffffffff-2018-10,9
845e5cbffffffff-2018-11,7
845e5cbffffffff-2018-12,8
845e5cbffffffff-2019-01,12
845e5cbffffffff-2019-02,4
845e5cbffffffff-2019-03,3
845e5cbffffffff-2019-04,5
845e5cbffffffff-2019-07,9
845e5cbffffffff-2019-08,21
845e5cbffffffff-2019-09,37
845e5cbffffffff-2019-10,31
845e5cbffffffff-2019-11,17
845e5cbffffffff-2019-12,16
845e5cbffffffff-2020-01,30
845e5cbffffffff-2020-02,22
845e5cbffffffff-2020-03,15
845e5cbffffffff-2020-04,10
845e5cbffffffff-2020-05,1
845e5cbffffffff-2020-06,1
845e5cbffffffff-2020-07,6
845e5cbffffffff-2020-08,55
845e5cbffffffff-2020-09,24
845e5cbffffffff-2020-10,21
845e5cbffffffff-2020-11,23
845e5cbffffffff-2020-12,26
845e5cbffffffff-2021-01,80
845e5cbffffffff-2021-02,46
845e5cbffffffff-2021-03,22
845e5cbffffffff-2021-04,13
845e5cbffffffff-2021-05,2
845e5cbffffffff-2021-07,4
845e5cbffffffff-2021-08,15
845e5cbffffffff-2021-09,28
845e5cbffffffff-2021-10,20
845e5cbffffffff-2021-11,23
845e5cbffffffff-2021-12,8
845e5cbffffffff-2022-01,19
845e5cbffffffff-2022-02,5
845e5cbffffffff-2022-03,15
845e5cbffffffff-2022-04,9
845e5cbffffffff-2022-05,2
845e5cbffffffff-2022-06,1
845e5cbffffffff-2022-07,6
845e5cbffffffff-2022-08,11
845e5cbffffffff-2022-09,46
845e5cbffffffff-2022-10,48
845e5cbffffffff-2022-11,39
845e5cbffffffff-2022-12,42
845e5cbffffffff-2023-01,8
845e5cbffffffff-2023-02,16
845e5cbffffffff-2023-03,11
845e5cbffffffff-2023-04,10
845e5cbffffffff-2023-05,12
845e5cbffffffff-2023-06,1
845e5cbffffffff-2023-07,5
845e5cbffffffff-2023-08,13
845e5cbffffffff-2023-09,39
845e5cbffffffff-2023-10,31
845e5cbffffffff-2023-11,16
845e5d3ffffffff-2012-01,3
845e5d3ffffffff-2012-03,3
845e5d3ffffffff-2012-12,2
845e5d3ffffffff-2013-01,5
845e5d3ffffffff-2013-02,3
845e5d3ffffffff-2013-04,1
845e5d3ffffffff-2013-10,1
845e5d3ffffffff-2013-11,2
845e5d3ffffffff-2013-12,1
845e5d3ffffffff-2014-01,1
845e5d3ffffffff-2014-02,1
845e5d3ffffffff-2014-03,8
845e5d3ffffffff-2015-02,2
845e5d3ffffffff-2015-10,4
845e5d3ffffffff-2016-01,5
845e5d3ffffffff-2016-02,1
845e5d3ffffffff-2016-04,2
845e5d3ffffffff-2016-06,1
845e5d3ffffffff-2016-11,8
845e5d3ffffffff-2016-12,2
845e5d3ffffffff-2017-01,1
845e5d3ffffffff-2017-02,2
845e5d3ffffffff-2017-07,4
845e5d3ffffffff-2017-10,1
845e5d3ffffffff-2017-11,1
845e5d3ffffffff-2018-01,1
845e5d3ffffffff-2018-02,3
845e5d3ffffffff-2018-11,1
845e5d3ffffffff-2019-01,6
845e5d3ffffffff-2019-02,5
845e5d3ffffffff-2019-03,10
845e5d3ffffffff-2019-04,7
845e5d3ffffffff-2019-05,4
845e5d3ffffffff-2019-11,4
845e5d3ffffffff-2019-12,4
845e5d3ffffffff-2020-01,1
845e5d3ffffffff-2020-02,4
845e5d3ffffffff-2020-03,2
845e5d3ffffffff-2020-05,1
845e5d3ffffffff-2020-06,1
845e5d3ffffffff-2020-08,4
845e5d3ffffffff-2020-09,8
845e5d3ffffffff-2020-10,6
845e5d3ffffffff-2021-01,6
845e5d3ffffffff-2021-02,2
845e5d3ffffffff-2021-03,5
845e5d3ffffffff-2021-04,7
845e5d3ffffffff-2021-05,7
845e5d3ffffffff-2021-06,1
845e5d3ffffffff-2021-07,1
845e5d3ffffffff-2021-08,6
845e5d3ffffffff-2021-09,24
845e5d3ffffffff-2021-10,24
845e5d3ffffffff-2021-11,24
845e5d3ffffffff-2021-12,8
845e5d3ffffffff-2022-01,29
845e5d3ffffffff-2022-02,5
845e5d3ffffffff-2022-03,8
845e5d3ffffffff-2022-04,7
845e5d3ffffffff-2022-05,3
845e5d3ffffffff-2022-07,3
845e5d3ffffffff-2022-08,3
845e5d3ffffffff-2022-09,2
845e5d3ffffffff-2022-10,7
845e5d3ffffffff-2022-11,18
845e5d3ffffffff-2022-12,12
845e5d3ffffffff-2023-01,9
845e5d3ffffffff-2023-02,10
845e5d3ffffffff-2023-03,15
845e5d3ffffffff-2023-04,10
845e5d3ffffffff-2023-05,2
845e5d3ffffffff-2023-07,1
845e5d3ffffffff-2023-08,3
845e5d3ffffffff-2023-09,7
845e5d3ffffffff-2023-10,2
845e5d3ffffffff-2023-11,16
845e5d7ffffffff-2022-02,1
845e5d9ffffffff-2014-07,1
845e5d9ffffffff-2014-08,2
845e5d9ffffffff-2018-03,2
845e5d9ffffffff-2019-01,1
845e5d9ffffffff-2019-04,2
845e5d9ffffffff-2019-09,1
845e5d9ffffffff-2019-10,2
845e5d9ffffffff-2020-09,2
845e5d9ffffffff-2021-08,1
845e5d9ffffffff-2021-09,3
845e5d9ffffffff-2021-10,6
845e5d9ffffffff-2021-11,2
845e5d9ffffffff-2022-02,1
845e5d9ffffffff-2022-09,7
845e5d9ffffffff-2022-10,5
845e5d9ffffffff-2023-02,3
845e5d9ffffffff-2023-03,5
845e5d9ffffffff-2023-08,3
845e5d9ffffffff-2023-09,13
845e5d9ffffffff-2023-10,11
845e5d9ffffffff-2023-11,1
845e5ddffffffff-2012-09,2
845e5ddffffffff-2012-10,1
845e5ddffffffff-2012-11,2
845e5ddffffffff-2013-01,1
845e5ddffffffff-2013-08,1
845e5ddffffffff-2013-09,4
845e5ddffffffff-2013-12,3
845e5ddffffffff-2014-01,5
845e5ddffffffff-2014-04,2
845e5ddffffffff-2014-07,1
845e5ddffffffff-2014-09,1
845e5ddffffffff-2014-10,2
845e5ddffffffff-2014-11,3
845e5ddffffffff-2015-01,1
845e5ddffffffff-2015-02,2
845e5ddffffffff-2015-03,1
845e5ddffffffff-2015-06,2
845e5ddffffffff-2015-07,5
845e5ddffffffff-2015-08,3
845e5ddffffffff-2015-09,3
845e5ddffffffff-2015-10,9
845e5ddffffffff-2015-12,1
845e5ddffffffff-2016-01,1
845e5ddffffffff-2016-02,2
845e5ddffffffff-2016-05,1
845e5ddffffffff-2016-08,4
845e5ddffffffff-2016-10,1
845e5ddffffffff-2017-01,1
845e5ddffffffff-2017-03,1
845e5ddffffffff-2017-07,10
845e5ddffffffff-2017-08,40
845e5ddffffffff-2017-09,36
845e5ddffffffff-2017-10,10
845e5ddffffffff-2018-01,2
845e5ddffffffff-2018-04,3
845e5ddffffffff-2018-07,1
845e5ddffffffff-2018-09,2
845e5ddffffffff-2018-12,1
845e5ddffffffff-2019-01,1
845e5ddffffffff-2019-04,1
845e5ddffffffff-2019-07,22
845e5ddffffffff-2019-08,2
845e5ddffffffff-2019-09,8
845e5ddffffffff-2020-02,1
845e5ddffffffff-2020-03,1
845e5ddffffffff-2020-07,1
845e5ddffffffff-2020-08,7
845e5ddffffffff-2020-09,10
845e5ddffffffff-2020-10,4
845e5ddffffffff-2020-11,2
845e5ddffffffff-2021-01,7
845e5ddffffffff-2021-04,1
845e5ddffffffff-2021-07,2
845e5ddffffffff-2021-08,4
845e5ddffffffff-2021-09,15
845e5ddffffffff-2021-10,1
845e5ddffffffff-2021-11,6
845e5ddffffffff-2022-01,10
845e5ddffffffff-2022-02,2
845e5ddffffffff-2022-05,1
845e5ddffffffff-2022-06,1
845e5ddffffffff-2022-08,8
845e5ddffffffff-2022-09,1
845e5ddffffffff-2022-10,3
845e5ddffffffff-2022-12,2
845e5ddffffffff-2023-01,15
845e5ddffffffff-2023-03,6
845e5ddffffffff-2023-04,2
845e5ddffffffff-2023-05,1
845e5ddffffffff-2023-06,2
845e5ddffffffff-2023-07,12
845e5ddffffffff-2023-08,13
845e5ddffffffff-2023-09,12
845e5ddffffffff-2023-10,16
845e5ddffffffff-2023-11,2
845e62dffffffff-2012-01,2
845e62dffffffff-2012-06,4
845e62dffffffff-2013-06,2
845e62dffffffff-2013-10,1
845e62dffffffff-2013-11,1
845e62dffffffff-2014-09,1
845e62dffffffff-2015-01,2
845e62dffffffff-2015-04,2
845e62dffffffff-2015-07,1
845e62dffffffff-2015-11,2
845e62dffffffff-2018-07,1
845e62dffffffff-2018-10,2
845e62dffffffff-2019-01,2
845e62dffffffff-2019-04,1
845e62dffffffff-2019-05,2
845e62dffffffff-2019-07,1
845e62dffffffff-2019-08,1
845e62dffffffff-2019-09,4
845e62dffffffff-2019-10,4
845e62dffffffff-2020-03,1
845e62dffffffff-2020-07,3
845e62dffffffff-2020-09,26
845e62dffffffff-2020-12,4
845e62dffffffff-2021-02,4
845e62dffffffff-2021-08,2
845e62dffffffff-2021-11,6
845e62dffffffff-2022-03,1
845e62dffffffff-2022-07,3
845e62dffffffff-2022-08,2
845e62dffffffff-2022-10,19
845e62dffffffff-2023-01,3
845e62dffffffff-2023-03,1
845e62dffffffff-2023-04,1
845e62dffffffff-2023-08,9
845e62dffffffff-2023-10,12
845e659ffffffff-2021-08,1
845e667ffffffff-2012-01,2
845e667ffffffff-2012-02,1
845e667ffffffff-2012-04,3
845e667ffffffff-2013-01,2
845e667ffffffff-2013-03,1
845e667ffffffff-2013-04,2
845e667ffffffff-2013-06,1
845e667ffffffff-2013-07,27
845e667ffffffff-2013-08,7
845e667ffffffff-2013-09,16
845e667ffffffff-2013-10,2
845e667ffffffff-2014-02,5
845e667ffffffff-2014-03,2
845e667ffffffff-2014-04,2
845e667ffffffff-2014-06,1
845e667ffffffff-2014-07,1
845e667ffffffff-2014-08,1
845e667ffffffff-2014-11,1
845e667ffffffff-2014-12,1
845e667ffffffff-2015-01,2
845e667ffffffff-2015-03,1
845e667ffffffff-2015-04,3
845e667ffffffff-2015-05,1
845e667ffffffff-2015-08,1
845e667ffffffff-2015-12,1
845e667ffffffff-2016-06,1
845e667ffffffff-2016-11,10
845e667ffffffff-2017-02,2
845e667ffffffff-2017-03,4
845e667ffffffff-2017-04,1
845e667ffffffff-2017-09,3
845e667ffffffff-2017-10,3
845e667ffffffff-2017-11,1
845e667ffffffff-2018-01,4
845e667ffffffff-2018-02,1
845e667ffffffff-2018-03,18
845e667ffffffff-2018-04,1
845e667ffffffff-2018-07,1
845e667ffffffff-2018-08,1
845e667ffffffff-2018-09,1
845e667ffffffff-2018-10,6
845e667ffffffff-2018-12,1
845e667ffffffff-2019-01,2
845e667ffffffff-2019-03,2
845e667ffffffff-2019-08,1
845e667ffffffff-2019-09,11
845e667ffffffff-2019-10,32
845e667ffffffff-2019-12,2
845e667ffffffff-2020-01,4
845e667ffffffff-2020-02,4
845e667ffffffff-2020-03,5
845e667ffffffff-2020-05,1
845e667ffffffff-2020-07,5
845e667ffffffff-2020-08,19
845e667ffffffff-2020-09,52
845e667ffffffff-2020-10,25
845e667ffffffff-2020-11,3
845e667ffffffff-2021-01,22
845e667ffffffff-2021-02,3
845e667ffffffff-2021-03,1
845e667ffffffff-2021-04,1
845e667ffffffff-2021-07,1
845e667ffffffff-2021-08,8
845e667ffffffff-2021-09,52
845e667ffffffff-2021-10,73
845e667ffffffff-2021-11,2
845e667ffffffff-2021-12,4
845e667ffffffff-2022-01,8
845e667ffffffff-2022-02,2
845e667ffffffff-2022-03,2
845e667ffffffff-2022-04,1
845e667ffffffff-2022-05,7
845e667ffffffff-2022-08,28
845e667ffffffff-2022-09,54
845e667ffffffff-2022-10,85
845e667ffffffff-2022-11,10
845e667ffffffff-2022-12,15
845e667ffffffff-2023-01,7
845e667ffffffff-2023-02,3
845e667ffffffff-2023-07,3
845e667ffffffff-2023-08,8
845e667ffffffff-2023-09,16
845e667ffffffff-2023-10,14
845e667ffffffff-2023-11,27
845e705ffffffff-2013-01,2
845e705ffffffff-2013-06,1
845e705ffffffff-2013-09,2
845e705ffffffff-2013-10,1
845e705ffffffff-2013-12,1
845e705ffffffff-2014-01,1
845e705ffffffff-2014-02,4
845e705ffffffff-2014-08,2
845e705ffffffff-2014-09,1
845e705ffffffff-2014-10,1
845e705ffffffff-2014-11,1
845e705ffffffff-2015-01,1
845e705ffffffff-2015-02,1
845e705ffffffff-2015-03,2
845e705ffffffff-2015-04,2
845e705ffffffff-2015-05,2
845e705ffffffff-2015-07,11
845e705ffffffff-2015-10,1
845e705ffffffff-2015-11,2
845e705ffffffff-2016-01,4
845e705ffffffff-2016-02,2
845e705ffffffff-2016-03,6
845e705ffffffff-2016-07,7
845e705ffffffff-2016-09,1
845e705ffffffff-2016-10,10
845e705ffffffff-2016-11,7
845e705ffffffff-2017-01,1
845e705ffffffff-2017-02,4
845e705ffffffff-2017-03,3
845e705ffffffff-2017-04,4
845e705ffffffff-2017-05,1
845e705ffffffff-2017-06,3
845e705ffffffff-2017-07,10
845e705ffffffff-2017-08,2
845e705ffffffff-2017-09,6
845e705ffffffff-2017-10,6
845e705ffffffff-2017-11,13
845e705ffffffff-2017-12,10
845e705ffffffff-2018-01,20
845e705ffffffff-2018-02,9
845e705ffffffff-2018-03,17
845e705ffffffff-2018-04,12
845e705ffffffff-2018-05,2
845e705ffffffff-2018-07,5
845e705ffffffff-2018-08,8
845e705ffffffff-2018-09,16
845e705ffffffff-2018-10,12
845e705ffffffff-2018-11,16
845e705ffffffff-2018-12,5
845e705ffffffff-2019-01,10
845e705ffffffff-2019-02,8
845e705ffffffff-2019-03,9
845e705ffffffff-2019-04,4
845e705ffffffff-2019-05,5
845e705ffffffff-2019-08,6
845e705ffffffff-2019-09,4
845e705ffffffff-2019-10,10
845e705ffffffff-2019-11,6
845e705ffffffff-2019-12,5
845e705ffffffff-2020-01,2
845e705ffffffff-2020-03,1
845e705ffffffff-2020-08,7
845e705ffffffff-2020-09,17
845e705ffffffff-2020-10,10
845e705ffffffff-2020-11,1
845e705ffffffff-2020-12,11
845e705ffffffff-2021-01,7
845e705ffffffff-2021-02,2
845e705ffffffff-2021-03,13
845e705ffffffff-2021-04,11
845e705ffffffff-2021-05,10
845e705ffffffff-2021-07,3
845e705ffffffff-2021-08,14
845e705ffffffff-2021-09,18
845e705ffffffff-2021-10,37
845e705ffffffff-2021-11,8
845e705ffffffff-2021-12,2
845e705ffffffff-2022-01,4
845e705ffffffff-2022-03,1
845e705ffffffff-2022-05,4
845e705ffffffff-2022-07,1
845e705ffffffff-2022-08,11
845e705ffffffff-2022-09,6
845e705ffffffff-2022-10,15
845e705ffffffff-2022-11,10
845e705ffffffff-2022-12,10
845e705ffffffff-2023-01,8
845e705ffffffff-2023-02,6
845e705ffffffff-2023-03,13
845e705ffffffff-2023-04,4
845e705ffffffff-2023-07,9
845e705ffffffff-2023-08,15
845e705ffffffff-2023-09,11
845e705ffffffff-2023-10,1
845e717ffffffff-2012-01,3
845e717ffffffff-2012-08,1
845e717ffffffff-2012-10,2
845e717ffffffff-2012-11,3
845e717ffffffff-2013-02,1
845e717ffffffff-2014-03,1
845e717ffffffff-2014-11,1
845e717ffffffff-2015-04,1
845e717ffffffff-2015-11,1
845e717ffffffff-2016-02,1
845e717ffffffff-2016-03,1
845e717ffffffff-2017-01,3
845e717ffffffff-2017-03,2
845e717ffffffff-2017-04,2
845e717ffffffff-2017-07,1
845e717ffffffff-2017-08,3
845e717ffffffff-2017-10,1
845e717ffffffff-2017-11,3
845e717ffffffff-2017-12,1
845e717ffffffff-2018-02,7
845e717ffffffff-2018-03,3
845e717ffffffff-2018-09,2
845e717ffffffff-2018-10,3
845e717ffffffff-2018-12,1
845e717ffffffff-2019-01,4
845e717ffffffff-2019-04,1
845e717ffffffff-2019-08,1
845e717ffffffff-2019-09,5
845e717ffffffff-2019-10,2
845e717ffffffff-2019-11,1
845e717ffffffff-2020-01,5
845e717ffffffff-2020-10,4
845e717ffffffff-2021-01,3
845e717ffffffff-2021-03,1
845e717ffffffff-2021-07,1
845e717ffffffff-2021-08,1
845e717ffffffff-2021-10,6
845e717ffffffff-2021-11,2
845e717ffffffff-2021-12,1
845e717ffffffff-2022-08,2
845e717ffffffff-2022-09,3
845e717ffffffff-2022-10,3
845e717ffffffff-2022-12,1
845e717ffffffff-2023-02,2
845e717ffffffff-2023-03,3
845e717ffffffff-2023-04,1
845e719ffffffff-2017-10,4
845e719ffffffff-2018-02,1
845e719ffffffff-2019-09,2
845e719ffffffff-2020-08,2
845e719ffffffff-2020-09,8
845e719ffffffff-2020-10,2
845e719ffffffff-2020-11,2
845e719ffffffff-2021-09,2
845e719ffffffff-2021-10,2
845e719ffffffff-2022-08,1
845e719ffffffff-2022-09,2
845e719ffffffff-2022-10,4
845e719ffffffff-2022-12,1
845e719ffffffff-2023-08,3
845e719ffffffff-2023-09,1
845e71bffffffff-2018-01,1
845e71bffffffff-2020-08,2
845e71bffffffff-2022-09,3
845e71bffffffff-2022-10,1
845e729ffffffff-2013-02,2
845e729ffffffff-2013-04,1
845e729ffffffff-2013-09,2
845e729ffffffff-2013-11,2
845e729ffffffff-2013-12,1
845e729ffffffff-2014-01,1
845e729ffffffff-2014-02,2
845e729ffffffff-2014-05,1
845e729ffffffff-2014-06,1
845e729ffffffff-2014-09,3
845e729ffffffff-2015-01,2
845e729ffffffff-2015-07,6
845e729ffffffff-2015-08,1
845e729ffffffff-2015-09,7
845e729ffffffff-2015-10,7
845e729ffffffff-2015-11,3
845e729ffffffff-2015-12,1
845e729ffffffff-2016-01,1
845e729ffffffff-2016-02,1
845e729ffffffff-2016-03,2
845e729ffffffff-2016-04,1
845e729ffffffff-2016-06,4
845e729ffffffff-2016-07,9
845e729ffffffff-2016-08,19
845e729ffffffff-2016-09,24
845e729ffffffff-2016-10,16
845e729ffffffff-2016-11,1
845e729ffffffff-2017-02,4
845e729ffffffff-2017-03,6
845e729ffffffff-2017-04,1
845e729ffffffff-2017-05,5
845e729ffffffff-2017-07,8
845e729ffffffff-2017-08,19
845e729ffffffff-2017-09,22
845e729ffffffff-2017-10,5
845e729ffffffff-2017-11,2
845e729ffffffff-2017-12,1
845e729ffffffff-2018-01,6
845e729ffffffff-2018-02,5
845e729ffffffff-2018-03,1
845e729ffffffff-2018-04,3
845e729ffffffff-2018-07,13
845e729ffffffff-2018-08,16
845e729ffffffff-2018-09,20
845e729ffffffff-2018-10,13
845e729ffffffff-2018-11,7
845e729ffffffff-2018-12,1
845e729ffffffff-2019-01,4
845e729ffffffff-2019-02,6
845e729ffffffff-2019-03,11
845e729ffffffff-2019-04,12
845e729ffffffff-2019-05,3
845e729ffffffff-2019-06,2
845e729ffffffff-2019-07,5
845e729ffffffff-2019-08,21
845e729ffffffff-2019-09,22
845e729ffffffff-2019-10,8
845e729ffffffff-2019-11,11
845e729ffffffff-2019-12,11
845e729ffffffff-2020-01,15
845e729ffffffff-2020-02,18
845e729ffffffff-2020-03,9
845e729ffffffff-2020-04,1
845e729ffffffff-2020-07,5
845e729ffffffff-2020-08,10
845e729ffffffff-2020-09,10
845e729ffffffff-2020-10,6
845e729ffffffff-2020-11,1
845e729ffffffff-2020-12,2
845e729ffffffff-2021-01,6
845e729ffffffff-2021-02,2
845e729ffffffff-2021-03,7
845e729ffffffff-2021-04,4
845e729ffffffff-2021-07,4
845e729ffffffff-2021-08,14
845e729ffffffff-2021-09,27
845e729ffffffff-2021-10,21
845e729ffffffff-2021-11,7
845e729ffffffff-2021-12,1
845e729ffffffff-2022-01,1
845e729ffffffff-2022-02,3
845e729ffffffff-2022-03,7
845e729ffffffff-2022-07,15
845e729ffffffff-2022-08,16
845e729ffffffff-2022-09,25
845e729ffffffff-2022-10,16
845e729ffffffff-2022-11,4
845e729ffffffff-2022-12,3
845e729ffffffff-2023-01,5
845e729ffffffff-2023-02,6
845e729ffffffff-2023-03,9
845e729ffffffff-2023-04,16
845e729ffffffff-2023-05,4
845e729ffffffff-2023-06,4
845e729ffffffff-2023-07,14
845e729ffffffff-2023-08,26
845e729ffffffff-2023-09,33
845e729ffffffff-2023-10,21
845e729ffffffff-2023-11,8
845e72bffffffff-2013-01,1
845e72bffffffff-2013-02,4
845e72bffffffff-2013-09,5
845e72bffffffff-2013-10,2
845e72bffffffff-2013-11,4
845e72bffffffff-2014-01,1
845e72bffffffff-2014-02,2
845e72bffffffff-2014-03,3
845e72bffffffff-2014-08,2
845e72bffffffff-2014-10,1
845e72bffffffff-2014-11,7
845e72bffffffff-2015-01,2
845e72bffffffff-2015-02,2
845e72bffffffff-2015-08,2
845e72bffffffff-2015-09,2
845e72bffffffff-2015-10,3
845e72bffffffff-2015-11,3
845e72bffffffff-2015-12,3
845e72bffffffff-2016-02,5
845e72bffffffff-2016-07,1
845e72bffffffff-2016-08,3
845e72bffffffff-2016-10,4
845e72bffffffff-2016-11,2
845e72bffffffff-2016-12,1
845e72bffffffff-2017-01,6
845e72bffffffff-2017-02,1
845e72bffffffff-2017-07,4
845e72bffffffff-2017-08,2
845e72bffffffff-2017-09,2
845e72bffffffff-2017-10,5
845e72bffffffff-2017-11,2
845e72bffffffff-2017-12,5
845e72bffffffff-2018-01,2
845e72bffffffff-2018-02,2
845e72bffffffff-2018-07,3
845e72bffffffff-2018-08,7
845e72bffffffff-2018-09,10
845e72bffffffff-2018-10,13
845e72bffffffff-2018-11,8
845e72bffffffff-2018-12,1
845e72bffffffff-2019-04,2
845e72bffffffff-2019-07,8
845e72bffffffff-2019-09,7
845e72bffffffff-2019-10,16
845e72bffffffff-2019-11,5
845e72bffffffff-2019-12,5
845e72bffffffff-2020-01,4
845e72bffffffff-2020-02,4
845e72bffffffff-2020-03,1
845e72bffffffff-2020-07,3
845e72bffffffff-2020-08,11
845e72bffffffff-2020-09,15
845e72bffffffff-2020-10,15
845e72bffffffff-2020-11,13
845e72bffffffff-2020-12,14
845e72bffffffff-2021-01,8
845e72bffffffff-2021-04,1
845e72bffffffff-2021-05,3
845e72bffffffff-2021-07,1
845e72bffffffff-2021-08,5
845e72bffffffff-2021-09,2
845e72bffffffff-2021-10,16
845e72bffffffff-2021-11,5
845e72bffffffff-2021-12,3
845e72bffffffff-2022-01,1
845e72bffffffff-2022-03,1
845e72bffffffff-2022-07,5
845e72bffffffff-2022-08,8
845e72bffffffff-2022-09,27
845e72bffffffff-2022-10,12
845e72bffffffff-2022-11,3
845e72bffffffff-2022-12,3
845e72bffffffff-2023-03,9
845e72bffffffff-2023-04,5
845e72bffffffff-2023-05,3
845e72bffffffff-2023-06,1
845e72bffffffff-2023-07,18
845e72bffffffff-2023-08,17
845e72bffffffff-2023-09,43
845e72bffffffff-2023-10,8
845e72bffffffff-2023-11,3
845e753ffffffff-2014-01,1
845e753ffffffff-2014-02,1
845e753ffffffff-2015-01,1
845e753ffffffff-2015-03,1
845e753ffffffff-2015-09,1
845e753ffffffff-2015-10,1
845e753ffffffff-2017-01,1
845e753ffffffff-2018-08,1
845e753ffffffff-2018-10,1
845e753ffffffff-2019-01,1
845e753ffffffff-2019-02,1
845e753ffffffff-2019-07,1
845e753ffffffff-2019-08,2
845e753ffffffff-2019-12,1
845e753ffffffff-2020-01,1
845e753ffffffff-2022-03,1
845e753ffffffff-2022-07,2
845e753ffffffff-2022-09,1
845e753ffffffff-2023-03,1
845e753ffffffff-2023-08,1
845f005ffffffff-2017-11,1
845f081ffffffff-2019-04,1
845f083ffffffff-2015-01,1
845f083ffffffff-2016-08,2
845f083ffffffff-2017-01,2
845f083ffffffff-2017-09,1
845f083ffffffff-2019-04,1
845f083ffffffff-2020-02,1
845f083ffffffff-2021-05,2
845f083ffffffff-2021-10,3
845f083ffffffff-2021-11,1
845f083ffffffff-2022-12,1
845f083ffffffff-2023-01,1
845f083ffffffff-2023-10,3
845f083ffffffff-2023-11,3
845f085ffffffff-2017-08,1
845f085ffffffff-2018-09,1
845f085ffffffff-2020-10,2
845f085ffffffff-2023-02,2
845f087ffffffff-2018-04,1
845f087ffffffff-2022-09,3
845f087ffffffff-2023-08,1
845f095ffffffff-2012-01,1
845f095ffffffff-2012-10,6
845f095ffffffff-2013-10,1
845f095ffffffff-2013-12,1
845f095ffffffff-2014-01,2
845f095ffffffff-2014-04,2
845f095ffffffff-2014-10,1
845f095ffffffff-2014-11,1
845f095ffffffff-2014-12,2
845f095ffffffff-2015-01,3
845f095ffffffff-2015-10,1
845f095ffffffff-2015-11,3
845f095ffffffff-2015-12,2
845f095ffffffff-2016-01,2
845f095ffffffff-2016-11,2
845f095ffffffff-2017-01,6
845f095ffffffff-2017-02,2
845f095ffffffff-2017-04,1
845f095ffffffff-2017-08,2
845f095ffffffff-2017-09,7
845f095ffffffff-2017-10,10
845f095ffffffff-2017-11,5
845f095ffffffff-2018-01,7
845f095ffffffff-2018-03,1
845f095ffffffff-2018-06,1
845f095ffffffff-2018-08,3
845f095ffffffff-2018-09,5
845f095ffffffff-2018-10,2
845f095ffffffff-2018-12,1
845f095ffffffff-2019-01,2
845f095ffffffff-2019-02,3
845f095ffffffff-2019-03,5
845f095ffffffff-2019-04,1
845f095ffffffff-2019-09,7
845f095ffffffff-2019-10,12
845f095ffffffff-2019-11,3
845f095ffffffff-2020-01,1
845f095ffffffff-2020-05,1
845f095ffffffff-2020-08,10
845f095ffffffff-2020-10,17
845f095ffffffff-2020-11,1
845f095ffffffff-2021-01,2
845f095ffffffff-2021-04,1
845f095ffffffff-2021-05,3
845f095ffffffff-2021-08,2
845f095ffffffff-2021-09,7
845f095ffffffff-2021-10,7
845f095ffffffff-2021-11,11
845f095ffffffff-2021-12,2
845f095ffffffff-2022-01,5
845f095ffffffff-2022-02,24
845f095ffffffff-2022-03,4
845f095ffffffff-2022-05,5
845f095ffffffff-2022-08,3
845f095ffffffff-2022-09,19
845f095ffffffff-2022-10,11
845f095ffffffff-2022-11,11
845f095ffffffff-2022-12,13
845f095ffffffff-2023-01,1
845f095ffffffff-2023-02,36
845f095ffffffff-2023-03,10
845f095ffffffff-2023-04,2
845f095ffffffff-2023-08,3
845f095ffffffff-2023-09,23
845f095ffffffff-2023-10,12
845f095ffffffff-2023-11,9
845f097ffffffff-2017-08,2
845f097ffffffff-2017-10,1
845f097ffffffff-2018-10,1
845f0b9ffffffff-2012-10,1
845f0b9ffffffff-2014-01,1
845f0b9ffffffff-2020-10,2
845f0d7ffffffff-2014-10,2
845f0d7ffffffff-2015-09,5
845f0d7ffffffff-2016-09,1
845f0d7ffffffff-2016-11,2
845f0d7ffffffff-2017-03,8
845f0d7ffffffff-2017-10,6
845f0d7ffffffff-2018-08,1
845f0d7ffffffff-2020-08,1
845f0d7ffffffff-2020-10,7
845f0d7ffffffff-2021-02,1
845f0d7ffffffff-2022-09,2
845f0e3ffffffff-2016-03,7
845f0e3ffffffff-2016-11,6
845f0e3ffffffff-2017-02,2
845f0e3ffffffff-2017-04,2
845f0e3ffffffff-2017-12,8
845f0e3ffffffff-2018-11,2
845f0e3ffffffff-2019-02,3
845f0e3ffffffff-2019-11,2
845f0e3ffffffff-2020-02,1
845f0e3ffffffff-2022-01,1
845f0e3ffffffff-2022-07,1
845f0e3ffffffff-2023-01,3
845f0e3ffffffff-2023-03,1
845f0e3ffffffff-2023-04,2
845f0e3ffffffff-2023-09,5
845f0e3ffffffff-2023-10,1
845f0e7ffffffff-2023-01,1
845f0e7ffffffff-2023-08,1
845f129ffffffff-2022-10,2
845f12bffffffff-2019-01,2
845f12bffffffff-2019-03,4
845f12bffffffff-2019-08,1
845f12bffffffff-2019-09,2
845f12bffffffff-2019-10,2
845f12bffffffff-2020-02,1
845f12bffffffff-2020-07,1
845f12bffffffff-2020-08,2
845f12bffffffff-2020-09,2
845f12bffffffff-2020-10,7
845f12bffffffff-2021-01,3
845f12bffffffff-2021-02,3
845f12bffffffff-2021-03,1
845f12bffffffff-2021-05,2
845f12bffffffff-2021-08,2
845f12bffffffff-2021-09,1
845f12bffffffff-2021-10,1
845f12bffffffff-2021-11,10
845f12bffffffff-2021-12,2
845f12bffffffff-2022-01,10
845f12bffffffff-2022-02,2
845f12bffffffff-2022-04,2
845f12bffffffff-2022-09,2
845f12bffffffff-2022-10,2
845f12bffffffff-2022-12,2
845f12bffffffff-2023-01,2
845f12bffffffff-2023-02,2
845f12bffffffff-2023-03,2
845f12bffffffff-2023-04,5
845f12bffffffff-2023-07,1
845f12bffffffff-2023-08,9
845f12bffffffff-2023-09,6
845f12bffffffff-2023-10,5
845f13dffffffff-2014-12,4
845f13dffffffff-2016-12,1
845f13dffffffff-2017-08,1
845f13dffffffff-2017-09,3
845f13dffffffff-2017-11,1
845f13dffffffff-2017-12,1
845f13dffffffff-2018-03,1
845f13dffffffff-2018-04,1
845f13dffffffff-2019-01,1
845f13dffffffff-2019-02,1
845f13dffffffff-2019-04,1
845f13dffffffff-2019-08,3
845f13dffffffff-2019-09,2
845f13dffffffff-2019-10,1
845f13dffffffff-2019-12,3
845f13dffffffff-2020-01,1
845f13dffffffff-2020-02,1
845f13dffffffff-2020-04,2
845f13dffffffff-2020-05,1
845f13dffffffff-2020-08,2
845f13dffffffff-2020-09,6
845f13dffffffff-2020-10,4
845f13dffffffff-2020-11,8
845f13dffffffff-2020-12,5
845f13dffffffff-2021-01,1
845f13dffffffff-2021-08,1
845f13dffffffff-2021-09,5
845f13dffffffff-2021-10,2
845f13dffffffff-2021-11,8
845f13dffffffff-2021-12,5
845f13dffffffff-2022-01,2
845f13dffffffff-2022-02,5
845f13dffffffff-2022-03,4
845f13dffffffff-2022-04,1
845f13dffffffff-2022-08,1
845f13dffffffff-2022-09,1
845f13dffffffff-2022-11,1
845f13dffffffff-2022-12,1
845f13dffffffff-2023-01,2
845f13dffffffff-2023-02,2
845f13dffffffff-2023-03,1
845f13dffffffff-2023-04,1
845f13dffffffff-2023-05,1
845f13dffffffff-2023-09,1
845f13dffffffff-2023-10,2
845f13dffffffff-2023-11,1
845f161ffffffff-2023-09,2
845f16bffffffff-2023-08,1
845f1c3ffffffff-2012-04,5
845f1c3ffffffff-2013-04,1
845f1c3ffffffff-2014-10,1
845f1c3ffffffff-2015-03,1
845f1c3ffffffff-2016-03,1
845f1c3ffffffff-2016-12,3
845f1c3ffffffff-2017-02,1
845f1c3ffffffff-2018-10,1
845f1c3ffffffff-2019-01,2
845f1c3ffffffff-2019-11,1
845f1c3ffffffff-2020-01,12
845f1c3ffffffff-2020-02,1
845f1c3ffffffff-2020-12,1
845f1c3ffffffff-2021-02,3
845f1c3ffffffff-2021-03,2
845f1c3ffffffff-2021-07,1
845f1c3ffffffff-2021-12,1
845f1c3ffffffff-2022-02,2
845f1c3ffffffff-2022-03,1
845f1c3ffffffff-2022-07,1
845f1c3ffffffff-2022-08,1
845f1c3ffffffff-2022-10,3
845f1c3ffffffff-2023-01,8
845f1c3ffffffff-2023-02,1
845f1c3ffffffff-2023-09,3
845f1c3ffffffff-2023-10,3
845f1d5ffffffff-2021-03,1
845f1d9ffffffff-2023-10,1
845f1dbffffffff-2021-02,1
845f1dbffffffff-2022-04,1
845f1e9ffffffff-2014-04,1
845f1e9ffffffff-2014-12,4
845f1e9ffffffff-2016-10,2
845f1e9ffffffff-2017-11,4
845f1e9ffffffff-2017-12,4
845f1e9ffffffff-2018-09,2
845f1e9ffffffff-2021-12,2
845f1e9ffffffff-2022-05,1
845f1e9ffffffff-2023-09,2
845f1edffffffff-2016-10,4
845f1edffffffff-2017-10,1
845f1edffffffff-2018-09,2
845f1edffffffff-2020-10,3
845f1edffffffff-2021-11,6
845f1edffffffff-2021-12,6
845f1edffffffff-2022-02,1
845f1edffffffff-2022-03,1
845f1edffffffff-2023-02,2
845f1edffffffff-2023-07,1
845f1edffffffff-2023-08,4
845f295ffffffff-2023-09,8
845f299ffffffff-2014-01,1
845f299ffffffff-2015-11,3
845f299ffffffff-2017-03,1
845f299ffffffff-2022-09,1
845f299ffffffff-2023-03,5
845f299ffffffff-2023-10,5
845f29dffffffff-2016-02,1
845f29dffffffff-2023-10,2
845f2b3ffffffff-2015-11,3
845f2d3ffffffff-2019-10,1
845f2d3ffffffff-2022-12,5
845f485ffffffff-2020-05,1
845f485ffffffff-2022-05,1
845f491ffffffff-2015-08,3
845f491ffffffff-2018-08,1
845f491ffffffff-2018-09,5
845f491ffffffff-2020-09,1
845f491ffffffff-2020-10,3
845f491ffffffff-2021-02,2
845f491ffffffff-2021-03,9
845f491ffffffff-2021-04,2
845f491ffffffff-2021-05,15
845f491ffffffff-2021-08,2
845f491ffffffff-2021-09,1
845f491ffffffff-2021-10,26
845f491ffffffff-2021-11,9
845f491ffffffff-2021-12,6
845f491ffffffff-2022-01,13
845f491ffffffff-2022-02,1
845f491ffffffff-2022-04,8
845f491ffffffff-2022-05,6
845f491ffffffff-2022-07,4
845f491ffffffff-2022-08,24
845f491ffffffff-2022-09,17
845f491ffffffff-2022-10,26
845f491ffffffff-2022-11,1
845f491ffffffff-2023-04,9
845f491ffffffff-2023-05,9
845f491ffffffff-2023-07,4
845f491ffffffff-2023-08,20
845f491ffffffff-2023-09,3
845f491ffffffff-2023-10,3
845f491ffffffff-2023-11,2
845f49bffffffff-2021-03,3
845f49bffffffff-2021-04,2
845f49bffffffff-2021-10,2
845f49bffffffff-2021-11,5
845f49bffffffff-2021-12,2
845f49bffffffff-2022-01,1
845f49bffffffff-2022-05,4
845f49bffffffff-2022-08,1
845f49bffffffff-2022-10,1
845f49bffffffff-2023-05,2
845f49bffffffff-2023-09,2
845f4b1ffffffff-2023-09,1
845f4b3ffffffff-2013-09,1
845f4b3ffffffff-2015-02,1
845f4b3ffffffff-2016-02,1
845f4b3ffffffff-2016-05,4
845f4b3ffffffff-2016-07,1
845f4b3ffffffff-2016-09,3
845f4b3ffffffff-2016-10,1
845f4b3ffffffff-2017-01,2
845f4b3ffffffff-2017-05,2
845f4b3ffffffff-2017-07,4
845f4b3ffffffff-2017-09,8
845f4b3ffffffff-2017-10,1
845f4b3ffffffff-2018-01,1
845f4b3ffffffff-2018-05,5
845f4b3ffffffff-2018-07,1
845f4b3ffffffff-2018-08,1
845f4b3ffffffff-2018-09,1
845f4b3ffffffff-2018-10,2
845f4b3ffffffff-2018-11,11
845f4b3ffffffff-2018-12,2
845f4b3ffffffff-2019-02,7
845f4b3ffffffff-2019-05,2
845f4b3ffffffff-2019-06,1
845f4b3ffffffff-2019-08,5
845f4b3ffffffff-2019-09,3
845f4b3ffffffff-2019-10,2
845f4b3ffffffff-2019-11,1
845f4b3ffffffff-2019-12,5
845f4b3ffffffff-2020-01,3
845f4b3ffffffff-2020-02,2
845f4b3ffffffff-2020-03,1
845f4b3ffffffff-2020-04,1
845f4b3ffffffff-2020-05,7
845f4b3ffffffff-2020-08,1
845f4b3ffffffff-2020-09,13
845f4b3ffffffff-2020-10,7
845f4b3ffffffff-2020-11,5
845f4b3ffffffff-2020-12,4
845f4b3ffffffff-2021-01,20
845f4b3ffffffff-2021-02,25
845f4b3ffffffff-2021-03,1
845f4b3ffffffff-2021-04,2
845f4b3ffffffff-2021-05,19
845f4b3ffffffff-2021-06,5
845f4b3ffffffff-2021-07,10
845f4b3ffffffff-2021-08,10
845f4b3ffffffff-2021-09,14
845f4b3ffffffff-2021-10,32
845f4b3ffffffff-2021-11,31
845f4b3ffffffff-2021-12,4
845f4b3ffffffff-2022-01,20
845f4b3ffffffff-2022-02,5
845f4b3ffffffff-2022-03,9
845f4b3ffffffff-2022-04,3
845f4b3ffffffff-2022-05,47
845f4b3ffffffff-2022-06,3
845f4b3ffffffff-2022-07,2
845f4b3ffffffff-2022-08,9
845f4b3ffffffff-2022-09,17
845f4b3ffffffff-2022-10,52
845f4b3ffffffff-2022-11,4
845f4b3ffffffff-2022-12,8
845f4b3ffffffff-2023-01,9
845f4b3ffffffff-2023-02,2
845f4b3ffffffff-2023-04,6
845f4b3ffffffff-2023-05,16
845f4b3ffffffff-2023-06,3
845f4b3ffffffff-2023-07,4
845f4b3ffffffff-2023-08,7
845f4b3ffffffff-2023-09,16
845f4b3ffffffff-2023-10,33
845f4b3ffffffff-2023-11,4
845f4bbffffffff-2018-05,1
845f569ffffffff-2017-08,2
845f569ffffffff-2017-09,1
845f569ffffffff-2017-10,2
845f569ffffffff-2019-01,2
845f569ffffffff-2021-10,4
845f581ffffffff-2012-08,1
845f581ffffffff-2013-09,2
845f581ffffffff-2014-01,1
845f581ffffffff-2014-02,2
845f581ffffffff-2014-07,1
845f581ffffffff-2015-09,1
845f581ffffffff-2016-07,1
845f581ffffffff-2016-08,1
845f581ffffffff-2016-09,1
845f581ffffffff-2017-04,1
845f581ffffffff-2017-07,2
845f581ffffffff-2017-10,7
845f581ffffffff-2018-08,2
845f581ffffffff-2018-09,2
845f581ffffffff-2021-08,1
845f581ffffffff-2022-09,2
845f583ffffffff-2012-01,1
845f583ffffffff-2012-03,1
845f583ffffffff-2012-04,2
845f583ffffffff-2012-07,1
845f583ffffffff-2012-08,2
845f583ffffffff-2012-09,2
845f583ffffffff-2013-01,4
845f583ffffffff-2013-03,1
845f583ffffffff-2013-04,2
845f583ffffffff-2013-07,1
845f583ffffffff-2013-08,2
845f583ffffffff-2013-09,6
845f583ffffffff-2013-10,6
845f583ffffffff-2013-11,3
845f583ffffffff-2013-12,2
845f583ffffffff-2014-01,2
845f583ffffffff-2014-05,1
845f583ffffffff-2014-08,8
845f583ffffffff-2014-09,6
845f583ffffffff-2014-10,9
845f583ffffffff-2014-11,1
845f583ffffffff-2014-12,2
845f583ffffffff-2015-02,3
845f583ffffffff-2015-03,4
845f583ffffffff-2015-05,1
845f583ffffffff-2015-07,8
845f583ffffffff-2015-08,6
845f583ffffffff-2015-09,10
845f583ffffffff-2015-10,19
845f583ffffffff-2015-11,1
845f583ffffffff-2015-12,3
845f583ffffffff-2016-01,2
845f583ffffffff-2016-02,8
845f583ffffffff-2016-03,3
845f583ffffffff-2016-04,2
845f583ffffffff-2016-05,3
845f583ffffffff-2016-06,5
845f583ffffffff-2016-07,1
845f583ffffffff-2016-08,5
845f583ffffffff-2016-09,3
845f583ffffffff-2016-10,17
845f583ffffffff-2016-11,3
845f583ffffffff-2016-12,6
845f583ffffffff-2017-01,9
845f583ffffffff-2017-02,15
845f583ffffffff-2017-03,3
845f583ffffffff-2017-04,5
845f583ffffffff-2017-05,8
845f583ffffffff-2017-06,1
845f583ffffffff-2017-07,7
845f583ffffffff-2017-08,19
845f583ffffffff-2017-09,13
845f583ffffffff-2017-10,15
845f583ffffffff-2017-11,14
845f583ffffffff-2017-12,7
845f583ffffffff-2018-01,10
845f583ffffffff-2018-02,7
845f583ffffffff-2018-03,9
845f583ffffffff-2018-04,3
845f583ffffffff-2018-05,13
845f583ffffffff-2018-06,4
845f583ffffffff-2018-07,12
845f583ffffffff-2018-08,13
845f583ffffffff-2018-09,23
845f583ffffffff-2018-10,12
845f583ffffffff-2018-11,12
845f583ffffffff-2018-12,22
845f583ffffffff-2019-01,14
845f583ffffffff-2019-02,13
845f583ffffffff-2019-03,3
845f583ffffffff-2019-04,1
845f583ffffffff-2019-05,2
845f583ffffffff-2019-06,2
845f583ffffffff-2019-08,6
845f583ffffffff-2019-09,21
845f583ffffffff-2019-10,12
845f583ffffffff-2019-11,22
845f583ffffffff-2019-12,4
845f583ffffffff-2020-01,10
845f583ffffffff-2020-02,12
845f583ffffffff-2020-03,17
845f583ffffffff-2020-04,1
845f583ffffffff-2020-06,2
845f583ffffffff-2020-07,6
845f583ffffffff-2020-08,5
845f583ffffffff-2020-09,21
845f583ffffffff-2020-10,16
845f583ffffffff-2020-11,3
845f583ffffffff-2020-12,1
845f583ffffffff-2021-04,2
845f583ffffffff-2021-05,1
845f583ffffffff-2021-07,4
845f583ffffffff-2021-08,5
845f583ffffffff-2021-09,16
845f583ffffffff-2021-10,40
845f583ffffffff-2021-11,9
845f583ffffffff-2021-12,6
845f583ffffffff-2022-01,4
845f583ffffffff-2022-02,9
845f583ffffffff-2022-03,3
845f583ffffffff-2022-04,7
845f583ffffffff-2022-05,2
845f583ffffffff-2022-06,5
845f583ffffffff-2022-07,8
845f583ffffffff-2022-08,11
845f583ffffffff-2022-09,31
845f583ffffffff-2022-10,12
845f583ffffffff-2022-11,6
845f583ffffffff-2022-12,11
845f583ffffffff-2023-01,20
845f583ffffffff-2023-02,2
845f583ffffffff-2023-03,3
845f583ffffffff-2023-04,2
845f583ffffffff-2023-05,1
845f583ffffffff-2023-06,2
845f583ffffffff-2023-07,4
845f583ffffffff-2023-08,9
845f583ffffffff-2023-09,27
845f583ffffffff-2023-10,8
845f583ffffffff-2023-11,17
845f587ffffffff-2014-01,1
845f587ffffffff-2018-09,2
845f587ffffffff-2018-12,1
845f587ffffffff-2021-08,1
845f589ffffffff-2022-04,1
845f589ffffffff-2023-10,1
845f58bffffffff-2014-08,2
845f58bffffffff-2014-10,1
845f58bffffffff-2014-11,1
845f58bffffffff-2015-08,2
845f58bffffffff-2015-10,2
845f58bffffffff-2016-02,1
845f58bffffffff-2016-08,1
845f58bffffffff-2016-09,9
845f58bffffffff-2016-10,1
845f58bffffffff-2016-11,1
845f58bffffffff-2017-01,2
845f58bffffffff-2017-02,1
845f58bffffffff-2017-03,1
845f58bffffffff-2017-07,6
845f58bffffffff-2017-08,5
845f58bffffffff-2017-09,3
845f58bffffffff-2017-11,1
845f58bffffffff-2018-02,4
845f58bffffffff-2018-03,6
845f58bffffffff-2018-08,1
845f58bffffffff-2018-09,1
845f58bffffffff-2019-03,1
845f58bffffffff-2019-06,1
845f58bffffffff-2019-07,5
845f58bffffffff-2019-08,5
845f58bffffffff-2019-09,19
845f58bffffffff-2019-10,11
845f58bffffffff-2019-12,1
845f58bffffffff-2020-01,1
845f58bffffffff-2020-07,3
845f58bffffffff-2020-08,7
845f58bffffffff-2020-09,22
845f58bffffffff-2020-10,6
845f58bffffffff-2021-08,3
845f58bffffffff-2021-09,4
845f58bffffffff-2021-10,17
845f58bffffffff-2022-01,1
845f58bffffffff-2022-07,1
845f58bffffffff-2022-09,8
845f58bffffffff-2022-10,6
845f58bffffffff-2022-12,1
845f58bffffffff-2023-02,1
845f58bffffffff-2023-03,1
845f58bffffffff-2023-07,3
845f58bffffffff-2023-09,7
845f58bffffffff-2023-10,2
845f595ffffffff-2013-02,1
845f595ffffffff-2013-09,1
845f595ffffffff-2014-03,1
845f595ffffffff-2014-07,1
845f595ffffffff-2014-09,2
845f595ffffffff-2014-11,2
845f595ffffffff-2015-01,1
845f595ffffffff-2015-09,1
845f595ffffffff-2015-11,1
845f595ffffffff-2016-09,1
845f595ffffffff-2018-04,1
845f595ffffffff-2018-09,1
845f595ffffffff-2019-01,1
845f595ffffffff-2020-08,1
845f5b5ffffffff-2016-11,1
845f5b5ffffffff-2017-12,2
845f5b5ffffffff-2021-08,1
845f5b5ffffffff-2022-10,2
845f5b5ffffffff-2022-12,1
845f5b5ffffffff-2023-03,1
845f5b9ffffffff-2017-10,1
845f5b9ffffffff-2018-08,1
845f5bdffffffff-2012-02,1
845f5bdffffffff-2013-03,2
845f5bdffffffff-2013-04,2
845f5bdffffffff-2013-12,9
845f5bdffffffff-2014-01,7
845f5bdffffffff-2014-02,8
845f5bdffffffff-2014-03,4
845f5bdffffffff-2014-12,1
845f5bdffffffff-2015-01,3
845f5bdffffffff-2015-02,7
845f5bdffffffff-2015-03,4
845f5bdffffffff-2015-09,4
845f5bdffffffff-2015-10,9
845f5bdffffffff-2015-11,5
845f5bdffffffff-2015-12,11
845f5bdffffffff-2016-01,10
845f5bdffffffff-2016-02,9
845f5bdffffffff-2016-03,6
845f5bdffffffff-2016-05,1
845f5bdffffffff-2016-07,1
845f5bdffffffff-2016-11,6
845f5bdffffffff-2016-12,3
845f5bdffffffff-2017-01,5
845f5bdffffffff-2017-02,10
845f5bdffffffff-2017-03,9
845f5bdffffffff-2017-04,4
845f5bdffffffff-2017-05,3
845f5bdffffffff-2017-10,7
845f5bdffffffff-2017-11,16
845f5bdffffffff-2017-12,2
845f5bdffffffff-2018-01,17
845f5bdffffffff-2018-02,6
845f5bdffffffff-2018-03,6
845f5bdffffffff-2018-04,2
845f5bdffffffff-2018-08,1
845f5bdffffffff-2018-09,1
845f5bdffffffff-2018-10,2
845f5bdffffffff-2018-11,4
845f5bdffffffff-2018-12,19
845f5bdffffffff-2019-01,22
845f5bdffffffff-2019-02,10
845f5bdffffffff-2019-03,13
845f5bdffffffff-2019-04,1
845f5bdffffffff-2019-06,2
845f5bdffffffff-2019-09,1
845f5bdffffffff-2019-10,4
845f5bdffffffff-2019-11,24
845f5bdffffffff-2019-12,17
845f5bdffffffff-2020-01,32
845f5bdffffffff-2020-02,21
845f5bdffffffff-2020-03,13
845f5bdffffffff-2020-08,5
845f5bdffffffff-2020-11,1
845f5bdffffffff-2021-01,1
845f5bdffffffff-2021-06,2
845f5bdffffffff-2021-09,1
845f5bdffffffff-2021-11,4
845f5bdffffffff-2021-12,3
845f5bdffffffff-2022-01,5
845f5bdffffffff-2022-02,13
845f5bdffffffff-2022-03,26
845f5bdffffffff-2022-04,1
845f5bdffffffff-2022-09,5
845f5bdffffffff-2022-10,20
845f5bdffffffff-2022-11,12
845f5bdffffffff-2022-12,16
845f5bdffffffff-2023-01,23
845f5bdffffffff-2023-02,7
845f5bdffffffff-2023-03,10
845f5bdffffffff-2023-04,3
845f5bdffffffff-2023-09,1
845f5bdffffffff-2023-10,1
845f5bdffffffff-2023-11,3
845f5d7ffffffff-2015-06,1
845f5d7ffffffff-2016-04,1
845f5d7ffffffff-2016-08,1
845f5d7ffffffff-2018-09,1
845f5d7ffffffff-2022-06,1
8466007ffffffff-2019-11,2
8466007ffffffff-2020-11,1
8466007ffffffff-2020-12,1
8466007ffffffff-2022-01,2
8466007ffffffff-2022-12,1
8466009ffffffff-2021-04,1
8466009ffffffff-2023-08,2
846600dffffffff-2020-12,1
8466013ffffffff-2021-04,1
8466015ffffffff-2015-09,1
8466019ffffffff-2021-02,1
8466021ffffffff-2019-12,1
8466021ffffffff-2020-10,2
8466021ffffffff-2020-12,2
8466021ffffffff-2021-02,3
8466021ffffffff-2022-06,1
8466021ffffffff-2022-12,12
8466021ffffffff-2023-01,4
8466021ffffffff-2023-09,2
8466023ffffffff-2018-12,1
8466025ffffffff-2019-03,5
8466027ffffffff-2016-10,2
8466027ffffffff-2019-04,1
8466027ffffffff-2021-01,1
8466027ffffffff-2021-04,2
8466027ffffffff-2022-04,1
8466027ffffffff-2022-09,1
8466027ffffffff-2023-01,2
8466029ffffffff-2019-05,5
8466029ffffffff-2022-12,10
8466029ffffffff-2023-02,1
846602bffffffff-2020-01,1
8466033ffffffff-2017-05,2
8466035ffffffff-2022-11,1
8466039ffffffff-2022-11,1
846603dffffffff-2018-01,1
8466047ffffffff-2018-08,5
846604bffffffff-2016-04,1
846604dffffffff-2012-10,1
846604dffffffff-2023-10,2
8466051ffffffff-2015-02,1
8466053ffffffff-2015-03,2
8466059ffffffff-2022-10,1
846605dffffffff-2016-04,1
8466061ffffffff-2016-12,2
8466061ffffffff-2018-03,1
8466061ffffffff-2018-12,2
8466061ffffffff-2021-01,1
8466061ffffffff-2021-10,1
8466061ffffffff-2022-01,1
8466061ffffffff-2022-02,2
8466061ffffffff-2022-11,1
8466061ffffffff-2023-02,2
8466061ffffffff-2023-03,1
8466061ffffffff-2023-04,2
8466061ffffffff-2023-05,1
8466061ffffffff-2023-10,1
8466061ffffffff-2023-11,1
8466063ffffffff-2018-10,1
8466063ffffffff-2018-12,1
8466063ffffffff-2020-12,1
8466063ffffffff-2023-08,1
8466063ffffffff-2023-11,1
8466067ffffffff-2014-12,2
8466067ffffffff-2015-03,2
8466067ffffffff-2015-08,1
8466067ffffffff-2016-09,2
8466067ffffffff-2018-02,1
8466067ffffffff-2018-05,6
8466067ffffffff-2018-09,2
8466067ffffffff-2018-12,2
8466067ffffffff-2019-02,3
8466067ffffffff-2019-07,3
8466067ffffffff-2019-08,5
8466067ffffffff-2021-09,4
8466067ffffffff-2021-11,1
8466067ffffffff-2021-12,1
8466067ffffffff-2022-03,7
8466067ffffffff-2022-06,1
8466067ffffffff-2022-10,5
8466067ffffffff-2022-12,2
8466067ffffffff-2023-02,5
8466067ffffffff-2023-08,19
8466069ffffffff-2018-11,1
8466069ffffffff-2019-10,2
8466069ffffffff-2022-11,1
8466069ffffffff-2023-02,1
8466069ffffffff-2023-04,3
8466069ffffffff-2023-05,2
8466069ffffffff-2023-10,1
846606dffffffff-2017-01,1
8466081ffffffff-2012-02,1
8466081ffffffff-2019-10,1
8466081ffffffff-2023-04,2
8466089ffffffff-2020-10,1
8466089ffffffff-2023-03,2
8466089ffffffff-2023-04,2
846608dffffffff-2022-11,2
8466093ffffffff-2015-03,1
8466093ffffffff-2018-03,1
8466093ffffffff-2022-01,1
84660a1ffffffff-2023-02,7
84660a5ffffffff-2020-10,2
84660a5ffffffff-2020-11,1
84660a5ffffffff-2020-12,1
84660a5ffffffff-2021-12,4
84660a5ffffffff-2022-10,1
84660a5ffffffff-2023-01,7
84660a5ffffffff-2023-03,4
84660a7ffffffff-2014-12,1
84660a7ffffffff-2017-11,1
84660a7ffffffff-2020-02,3
84660a7ffffffff-2023-01,5
84660adffffffff-2017-10,1
84660adffffffff-2020-11,1
84660adffffffff-2021-12,3
84660b1ffffffff-2016-01,1
84660b1ffffffff-2016-04,1
84660b1ffffffff-2016-08,2
84660b1ffffffff-2016-09,1
84660b1ffffffff-2016-11,1
84660b1ffffffff-2017-02,2
84660b1ffffffff-2018-02,3
84660b1ffffffff-2018-12,2
84660b1ffffffff-2019-02,4
84660b5ffffffff-2016-01,1
84660b5ffffffff-2016-04,1
84660b5ffffffff-2019-08,1
84660b5ffffffff-2020-01,1
84660b5ffffffff-2020-12,1
84660b5ffffffff-2021-10,5
84660b5ffffffff-2021-11,2
84660b5ffffffff-2021-12,3
84660b5ffffffff-2022-02,3
84660b5ffffffff-2022-08,5
84660b5ffffffff-2022-09,2
84660b5ffffffff-2022-12,2
84660b5ffffffff-2023-02,2
84660b5ffffffff-2023-11,1
84660b9ffffffff-2017-03,1
84660b9ffffffff-2019-09,2
84660b9ffffffff-2020-11,1
84660b9ffffffff-2021-03,1
84660b9ffffffff-2022-03,2
84660b9ffffffff-2022-05,1
84660bbffffffff-2017-01,2
84660bbffffffff-2018-10,1
84660bbffffffff-2019-03,1
84660bbffffffff-2021-04,2
84660bbffffffff-2021-12,4
84660bbffffffff-2022-10,1
84660bbffffffff-2022-12,3
84660bbffffffff-2023-11,5
84660bdffffffff-2021-12,1
84660c3ffffffff-2020-02,3
84660cbffffffff-2023-02,2
84660cbffffffff-2023-04,4
84660cbffffffff-2023-08,2
84660e1ffffffff-2016-02,1
84660e1ffffffff-2021-11,2
84660e1ffffffff-2021-12,2
84660e3ffffffff-2019-01,1
84660e3ffffffff-2021-08,1
84660e3ffffffff-2023-02,2
84660e3ffffffff-2023-03,1
84660e3ffffffff-2023-11,1
84660e9ffffffff-2013-10,1
84660ebffffffff-2017-02,6
84660ebffffffff-2021-04,1
84660ebffffffff-2023-03,1
8466107ffffffff-2016-03,2
8466107ffffffff-2018-12,8
8466107ffffffff-2019-01,3
8466107ffffffff-2019-02,1
8466107ffffffff-2019-03,4
8466107ffffffff-2019-05,3
8466107ffffffff-2019-09,1
8466107ffffffff-2020-02,7
8466107ffffffff-2021-11,1
8466107ffffffff-2022-02,9
8466107ffffffff-2022-11,1
8466107ffffffff-2023-03,4
846610bffffffff-2015-08,1
8466111ffffffff-2014-09,1
8466111ffffffff-2016-08,1
8466111ffffffff-2020-10,1
8466111ffffffff-2022-09,2
8466113ffffffff-2013-12,1
8466113ffffffff-2017-10,1
8466113ffffffff-2017-11,1
8466113ffffffff-2018-02,4
8466113ffffffff-2018-07,2
8466113ffffffff-2019-03,1
8466113ffffffff-2019-10,1
8466113ffffffff-2022-09,1
8466113ffffffff-2023-03,1
8466113ffffffff-2023-09,1
8466117ffffffff-2014-02,1
8466119ffffffff-2019-01,4
8466119ffffffff-2019-03,4
8466129ffffffff-2019-05,1
8466139ffffffff-2017-11,1
8466139ffffffff-2019-02,1
8466139ffffffff-2019-10,1
8466139ffffffff-2021-08,9
8466139ffffffff-2021-09,19
8466139ffffffff-2021-10,9
8466139ffffffff-2022-02,3
8466139ffffffff-2022-04,1
846613dffffffff-2017-03,1
846615bffffffff-2021-10,1
8466163ffffffff-2017-02,2
8466163ffffffff-2017-04,1
8466163ffffffff-2018-03,4
8466163ffffffff-2018-04,3
8466163ffffffff-2019-01,1
8466163ffffffff-2019-02,5
8466163ffffffff-2019-04,3
8466163ffffffff-2019-05,8
8466163ffffffff-2020-03,1
8466163ffffffff-2021-03,1
8466163ffffffff-2021-04,2
8466163ffffffff-2021-09,1
8466163ffffffff-2022-03,2
8466163ffffffff-2023-03,17
8466163ffffffff-2023-04,1
8466167ffffffff-2018-01,1
8466183ffffffff-2020-10,1
846618bffffffff-2019-03,1
846618bffffffff-2019-05,1
8466193ffffffff-2013-07,1
8466193ffffffff-2023-01,1
8466199ffffffff-2019-05,1
8466199ffffffff-2019-11,1
8466199ffffffff-2020-02,1
8466199ffffffff-2020-10,1
8466199ffffffff-2020-11,1
8466199ffffffff-2021-11,1
8466199ffffffff-2022-09,1
846619bffffffff-2014-12,2
846619bffffffff-2016-05,1
846619bffffffff-2017-10,1
846619bffffffff-2017-12,3
846619bffffffff-2018-02,1
846619bffffffff-2018-10,3
846619bffffffff-2019-03,10
846619bffffffff-2019-04,1
846619bffffffff-2019-12,1
846619bffffffff-2020-01,1
846619bffffffff-2020-02,2
846619bffffffff-2020-03,3
846619bffffffff-2021-02,1
846619bffffffff-2021-03,2
846619bffffffff-2022-01,1
846619bffffffff-2022-02,6
846619bffffffff-2022-11,2
846619dffffffff-2016-01,1
846619dffffffff-2017-12,2
846619dffffffff-2018-01,2
846619dffffffff-2018-02,1
846619dffffffff-2018-09,1
846619dffffffff-2018-12,2
846619dffffffff-2019-09,2
846619dffffffff-2019-12,1
846619dffffffff-2020-02,4
846619dffffffff-2020-09,1
846619dffffffff-2020-10,1
846619dffffffff-2021-05,1
846619dffffffff-2021-10,3
846619dffffffff-2022-01,2
846619dffffffff-2022-05,1
846619dffffffff-2022-10,2
846619dffffffff-2022-11,1
846619dffffffff-2022-12,3
846619dffffffff-2023-08,3
846619dffffffff-2023-09,33
846619dffffffff-2023-10,10
846619dffffffff-2023-11,6
84661a5ffffffff-2014-08,3
84661a5ffffffff-2016-08,1
84661a5ffffffff-2018-12,1
84661a5ffffffff-2020-11,1
84661a5ffffffff-2021-03,14
84661a5ffffffff-2021-04,3
84661a5ffffffff-2021-07,2
84661a5ffffffff-2021-08,1
84661a5ffffffff-2021-09,3
84661a5ffffffff-2021-10,1
84661a5ffffffff-2022-08,5
84661a5ffffffff-2022-09,1
84661a5ffffffff-2023-02,1
84661a5ffffffff-2023-04,3
84661a5ffffffff-2023-08,3
84661a5ffffffff-2023-09,2
84661a5ffffffff-2023-10,2
84661a7ffffffff-2022-09,1
84661adffffffff-2019-09,1
84661adffffffff-2021-04,1
84661adffffffff-2021-10,1
84661adffffffff-2022-03,10
84661adffffffff-2022-08,3
84661adffffffff-2022-11,1
84661adffffffff-2023-01,1
84661adffffffff-2023-02,2
84661b1ffffffff-2012-09,1
84661b1ffffffff-2022-10,2
84661b3ffffffff-2014-12,1
84661b3ffffffff-2015-12,1
84661b3ffffffff-2016-01,2
84661b3ffffffff-2016-05,1
84661b3ffffffff-2016-10,1
84661b3ffffffff-2020-01,1
84661b3ffffffff-2020-02,5
84661b3ffffffff-2021-02,2
84661b3ffffffff-2021-09,1
84661b3ffffffff-2021-10,1
84661b3ffffffff-2021-11,5
84661b3ffffffff-2022-02,3
84661b3ffffffff-2023-01,1
84661b3ffffffff-2023-09,6
84661b3ffffffff-2023-11,1
84661bbffffffff-2015-10,1
84661bbffffffff-2016-02,1
84661d7ffffffff-2016-05,1
84661d7ffffffff-2022-05,2
84661e9ffffffff-2015-03,1
8466201ffffffff-2018-01,4
8466201ffffffff-2018-03,1
8466201ffffffff-2019-01,3
8466201ffffffff-2019-04,1
8466201ffffffff-2020-02,3
8466201ffffffff-2020-03,1
8466201ffffffff-2021-04,1
8466201ffffffff-2021-07,2
8466201ffffffff-2023-02,5
8466201ffffffff-2023-03,8
8466201ffffffff-2023-08,1
8466201ffffffff-2023-10,4
8466203ffffffff-2017-01,1
8466203ffffffff-2019-03,1
8466205ffffffff-2013-09,2
8466205ffffffff-2015-10,1
8466205ffffffff-2016-02,2
8466205ffffffff-2016-03,1
8466205ffffffff-2017-03,1
8466205ffffffff-2017-08,1
8466205ffffffff-2018-02,1
8466205ffffffff-2018-10,2
8466205ffffffff-2018-11,1
8466207ffffffff-2020-03,1
8466207ffffffff-2020-11,1
8466207ffffffff-2021-09,2
846620bffffffff-2012-01,1
846620bffffffff-2012-02,3
846620bffffffff-2012-03,2
846620bffffffff-2012-05,2
846620bffffffff-2012-06,1
846620bffffffff-2013-02,6
846620bffffffff-2013-05,1
846620bffffffff-2013-07,1
846620bffffffff-2013-09,4
846620bffffffff-2014-01,1
846620bffffffff-2014-02,6
846620bffffffff-2014-03,6
846620bffffffff-2014-06,1
846620bffffffff-2014-07,1
846620bffffffff-2014-09,2
846620bffffffff-2014-10,1
846620bffffffff-2014-11,2
846620bffffffff-2014-12,3
846620bffffffff-2015-01,6
846620bffffffff-2015-02,7
846620bffffffff-2015-03,3
846620bffffffff-2015-10,3
846620bffffffff-2015-11,5
846620bffffffff-2015-12,1
846620bffffffff-2016-01,7
846620bffffffff-2016-02,11
846620bffffffff-2016-03,11
846620bffffffff-2016-04,4
846620bffffffff-2016-05,2
846620bffffffff-2016-07,3
846620bffffffff-2016-08,3
846620bffffffff-2016-09,2
846620bffffffff-2016-10,2
846620bffffffff-2016-11,4
846620bffffffff-2016-12,2
846620bffffffff-2017-01,16
846620bffffffff-2017-02,16
846620bffffffff-2017-03,14
846620bffffffff-2017-04,1
846620bffffffff-2017-05,1
846620bffffffff-2017-07,16
846620bffffffff-2017-08,8
846620bffffffff-2017-09,2
846620bffffffff-2017-10,7
846620bffffffff-2017-11,15
846620bffffffff-2017-12,3
846620bffffffff-2018-01,5
846620bffffffff-2018-02,25
846620bffffffff-2018-03,4
846620bffffffff-2018-04,8
846620bffffffff-2018-05,8
846620bffffffff-2018-06,4
846620bffffffff-2018-07,4
846620bffffffff-2018-08,9
846620bffffffff-2018-09,16
846620bffffffff-2018-10,6
846620bffffffff-2018-11,1
846620bffffffff-2018-12,2
846620bffffffff-2019-01,10
846620bffffffff-2019-02,39
846620bffffffff-2019-03,20
846620bffffffff-2019-04,9
846620bffffffff-2019-05,6
846620bffffffff-2019-06,2
846620bffffffff-2019-07,31
846620bffffffff-2019-08,13
846620bffffffff-2019-09,9
846620bffffffff-2019-10,9
846620bffffffff-2019-11,23
846620bffffffff-2019-12,17
846620bffffffff-2020-01,11
846620bffffffff-2020-02,19
846620bffffffff-2020-03,24
846620bffffffff-2020-05,4
846620bffffffff-2020-07,1
846620bffffffff-2020-08,1
846620bffffffff-2020-09,7
846620bffffffff-2020-10,7
846620bffffffff-2020-11,2
846620bffffffff-2021-02,2
846620bffffffff-2021-04,11
846620bffffffff-2021-05,3
846620bffffffff-2021-06,6
846620bffffffff-2021-08,5
846620bffffffff-2021-09,11
846620bffffffff-2021-10,4
846620bffffffff-2021-11,22
846620bffffffff-2021-12,52
846620bffffffff-2022-01,78
846620bffffffff-2022-02,20
846620bffffffff-2022-03,23
846620bffffffff-2022-04,5
846620bffffffff-2022-05,6
846620bffffffff-2022-06,4
846620bffffffff-2022-07,4
846620bffffffff-2022-08,14
846620bffffffff-2022-09,4
846620bffffffff-2022-10,13
846620bffffffff-2022-11,46
846620bffffffff-2022-12,22
846620bffffffff-2023-01,16
846620bffffffff-2023-02,54
846620bffffffff-2023-03,20
846620bffffffff-2023-04,21
846620bffffffff-2023-05,11
846620bffffffff-2023-06,7
846620bffffffff-2023-07,21
846620bffffffff-2023-08,16
846620bffffffff-2023-09,24
846620bffffffff-2023-10,32
846620bffffffff-2023-11,4
8466211ffffffff-2014-04,1
8466219ffffffff-2019-09,1
8466219ffffffff-2020-10,1
846621dffffffff-2019-01,1
8466221ffffffff-2012-01,2
8466221ffffffff-2012-02,1
8466221ffffffff-2012-03,1
8466221ffffffff-2012-07,1
8466221ffffffff-2013-02,5
8466221ffffffff-2013-03,1
8466221ffffffff-2013-09,5
8466221ffffffff-2013-12,1
8466221ffffffff-2014-01,4
8466221ffffffff-2014-02,2
8466221ffffffff-2014-03,3
8466221ffffffff-2014-04,1
8466221ffffffff-2014-09,1
8466221ffffffff-2014-10,2
8466221ffffffff-2014-11,5
8466221ffffffff-2015-01,4
8466221ffffffff-2015-02,11
8466221ffffffff-2015-03,9
8466221ffffffff-2015-04,12
8466221ffffffff-2015-08,3
8466221ffffffff-2015-09,2
8466221ffffffff-2015-10,1
8466221ffffffff-2015-11,5
8466221ffffffff-2016-03,3
8466221ffffffff-2016-04,5
8466221ffffffff-2016-08,1
8466221ffffffff-2016-10,2
8466221ffffffff-2016-11,7
8466221ffffffff-2016-12,1
8466221ffffffff-2017-01,4
8466221ffffffff-2017-03,8
8466221ffffffff-2017-04,2
8466221ffffffff-2017-07,4
8466221ffffffff-2017-08,6
8466221ffffffff-2017-09,1
8466221ffffffff-2017-10,2
8466221ffffffff-2017-11,5
8466221ffffffff-2017-12,2
8466221ffffffff-2018-01,15
8466221ffffffff-2018-02,2
8466221ffffffff-2018-03,20
8466221ffffffff-2018-04,1
8466221ffffffff-2018-05,20
8466221ffffffff-2018-09,15
8466221ffffffff-2018-11,14
8466221ffffffff-2018-12,4
8466221ffffffff-2019-01,6
8466221ffffffff-2019-02,24
8466221ffffffff-2019-03,34
8466221ffffffff-2019-07,7
8466221ffffffff-2019-08,8
8466221ffffffff-2019-09,12
8466221ffffffff-2019-10,30
8466221ffffffff-2019-11,40
8466221ffffffff-2019-12,11
8466221ffffffff-2020-01,30
8466221ffffffff-2020-02,48
8466221ffffffff-2020-03,25
8466221ffffffff-2020-07,1
8466221ffffffff-2020-08,4
8466221ffffffff-2020-09,4
8466221ffffffff-2020-10,2
8466221ffffffff-2020-11,1
8466221ffffffff-2020-12,5
8466221ffffffff-2021-01,2
8466221ffffffff-2021-02,3
8466221ffffffff-2021-03,3
8466221ffffffff-2021-06,4
8466221ffffffff-2021-08,5
8466221ffffffff-2021-09,5
8466221ffffffff-2021-10,4
8466221ffffffff-2021-11,2
8466221ffffffff-2021-12,27
8466221ffffffff-2022-01,51
8466221ffffffff-2022-02,34
8466221ffffffff-2022-03,23
8466221ffffffff-2022-04,5
8466221ffffffff-2022-06,3
8466221ffffffff-2022-07,3
8466221ffffffff-2022-08,5
8466221ffffffff-2022-09,12
8466221ffffffff-2022-10,9
8466221ffffffff-2022-11,26
8466221ffffffff-2022-12,12
8466221ffffffff-2023-01,18
8466221ffffffff-2023-02,27
8466221ffffffff-2023-03,10
8466221ffffffff-2023-04,25
8466221ffffffff-2023-06,2
8466221ffffffff-2023-08,7
8466221ffffffff-2023-09,8
8466221ffffffff-2023-10,9
8466221ffffffff-2023-11,10
8466223ffffffff-2014-03,1
8466223ffffffff-2014-09,1
8466223ffffffff-2019-02,1
8466223ffffffff-2019-05,2
8466223ffffffff-2020-03,5
8466223ffffffff-2022-01,1
8466223ffffffff-2022-03,3
8466225ffffffff-2014-02,2
8466225ffffffff-2014-03,1
8466225ffffffff-2014-11,1
8466225ffffffff-2014-12,1
8466225ffffffff-2016-02,1
8466225ffffffff-2016-03,1
8466225ffffffff-2017-10,1
8466225ffffffff-2017-11,1
8466225ffffffff-2017-12,2
8466225ffffffff-2018-03,2
8466225ffffffff-2018-09,3
8466225ffffffff-2018-11,2
8466225ffffffff-2019-02,2
8466225ffffffff-2019-04,2
8466225ffffffff-2019-10,8
8466225ffffffff-2019-11,2
8466225ffffffff-2020-01,5
8466225ffffffff-2020-03,1
8466225ffffffff-2020-09,3
8466225ffffffff-2020-10,1
8466225ffffffff-2021-08,1
8466225ffffffff-2021-10,1
8466225ffffffff-2023-01,2
8466225ffffffff-2023-10,1
8466227ffffffff-2014-02,1
8466227ffffffff-2016-09,1
8466227ffffffff-2018-04,3
8466227ffffffff-2018-10,1
8466227ffffffff-2020-10,1
8466227ffffffff-2021-03,2
8466227ffffffff-2022-01,1
8466227ffffffff-2022-04,1
8466227ffffffff-2023-01,1
846622bffffffff-2012-02,1
846622bffffffff-2012-10,1
846622bffffffff-2014-03,1
846622bffffffff-2014-11,1
846622bffffffff-2015-01,1
846622bffffffff-2015-02,5
846622bffffffff-2015-03,1
846622bffffffff-2015-04,1
846622bffffffff-2015-11,1
846622bffffffff-2015-12,1
846622bffffffff-2016-02,2
846622bffffffff-2017-07,2
846622bffffffff-2018-01,1
846622bffffffff-2018-05,7
846622bffffffff-2018-09,5
846622bffffffff-2018-10,2
846622bffffffff-2019-02,3
846622bffffffff-2019-03,1
846622bffffffff-2019-07,3
846622bffffffff-2019-11,3
846622bffffffff-2019-12,4
846622bffffffff-2020-01,1
846622bffffffff-2020-02,9
846622bffffffff-2021-08,4
846622bffffffff-2021-10,1
846622bffffffff-2021-12,1
846622bffffffff-2022-01,3
846622bffffffff-2022-02,4
846622bffffffff-2022-03,1
846622bffffffff-2022-07,1
846622bffffffff-2022-08,1
846622bffffffff-2022-09,2
846622bffffffff-2022-10,2
846622bffffffff-2022-11,2
846622bffffffff-2022-12,4
846622bffffffff-2023-01,1
846622bffffffff-2023-02,6
846622bffffffff-2023-07,1
846622bffffffff-2023-08,11
846622bffffffff-2023-09,8
846622bffffffff-2023-10,27
846622bffffffff-2023-11,10
8466237ffffffff-2015-12,2
8466237ffffffff-2017-09,1
8466237ffffffff-2021-01,1
8466251ffffffff-2015-09,2
8466251ffffffff-2016-11,2
8466251ffffffff-2017-11,6
8466251ffffffff-2018-03,1
8466251ffffffff-2018-05,1
8466251ffffffff-2018-07,1
8466251ffffffff-2019-04,1
8466251ffffffff-2019-05,2
8466251ffffffff-2019-10,1
8466251ffffffff-2020-07,2
8466251ffffffff-2021-03,1
8466251ffffffff-2021-10,1
8466251ffffffff-2022-04,3
8466251ffffffff-2022-05,2
8466251ffffffff-2022-09,2
8466251ffffffff-2022-11,3
8466251ffffffff-2023-02,1
8466253ffffffff-2020-10,2
8466253ffffffff-2022-11,3
8466257ffffffff-2017-01,1
8466257ffffffff-2017-07,1
8466257ffffffff-2019-05,2
8466257ffffffff-2019-10,1
8466257ffffffff-2020-03,1
8466257ffffffff-2020-10,1
8466257ffffffff-2022-02,1
8466257ffffffff-2022-09,1
8466257ffffffff-2022-10,4
8466257ffffffff-2022-11,2
846625bffffffff-2017-11,8
846625bffffffff-2019-04,2
846625bffffffff-2022-05,2
846625bffffffff-2023-02,1
8466299ffffffff-2017-10,1
84662b5ffffffff-2015-12,2
84662b5ffffffff-2016-02,2
84662b5ffffffff-2016-03,2
84662b5ffffffff-2017-05,2
84662b5ffffffff-2017-10,2
84662b5ffffffff-2021-10,11
84662b5ffffffff-2021-11,1
84662b5ffffffff-2021-12,2
84662b5ffffffff-2022-01,2
84662b5ffffffff-2022-08,1
84662b5ffffffff-2022-11,3
84662b5ffffffff-2023-08,1
84662bdffffffff-2023-04,3
84662c1ffffffff-2022-01,7
84662c1ffffffff-2022-02,3
84662c1ffffffff-2022-03,2
84662c1ffffffff-2022-04,2
84662c1ffffffff-2022-05,2
84662c1ffffffff-2022-08,13
84662c1ffffffff-2022-09,7
84662c1ffffffff-2023-01,2
84662c1ffffffff-2023-02,1
84662c1ffffffff-2023-03,3
84662c1ffffffff-2023-04,5
84662c1ffffffff-2023-08,3
84662c1ffffffff-2023-09,1
84662c1ffffffff-2023-10,1
84662c1ffffffff-2023-11,4
84662c9ffffffff-2014-04,1
84662c9ffffffff-2015-03,1
84662c9ffffffff-2017-11,2
8466311ffffffff-2014-01,2
8466311ffffffff-2014-12,1
8466311ffffffff-2016-12,2
8466311ffffffff-2017-03,1
8466311ffffffff-2018-01,1
8466311ffffffff-2018-05,1
8466311ffffffff-2018-11,5
8466311ffffffff-2019-01,1
8466311ffffffff-2019-02,3
8466311ffffffff-2019-09,3
8466311ffffffff-2019-10,5
8466311ffffffff-2019-11,1
8466311ffffffff-2019-12,5
8466311ffffffff-2020-01,1
8466311ffffffff-2020-03,3
8466311ffffffff-2020-09,4
8466311ffffffff-2020-10,1
8466311ffffffff-2020-12,5
8466311ffffffff-2021-02,1
8466311ffffffff-2021-03,1
8466311ffffffff-2021-04,1
8466311ffffffff-2021-09,1
8466311ffffffff-2021-11,1
8466311ffffffff-2021-12,12
8466311ffffffff-2022-01,15
8466311ffffffff-2022-02,2
8466311ffffffff-2022-03,2
8466311ffffffff-2022-04,2
8466311ffffffff-2022-05,2
8466311ffffffff-2022-06,3
8466311ffffffff-2022-10,6
8466311ffffffff-2022-11,5
8466311ffffffff-2022-12,13
8466311ffffffff-2023-01,2
8466311ffffffff-2023-02,1
8466311ffffffff-2023-03,2
8466311ffffffff-2023-06,1
8466311ffffffff-2023-10,1
8466311ffffffff-2023-11,8
8466313ffffffff-2013-09,1
8466313ffffffff-2013-12,1
8466313ffffffff-2014-01,1
8466313ffffffff-2014-03,3
8466313ffffffff-2014-08,1
8466313ffffffff-2014-10,2
8466313ffffffff-2014-11,2
8466313ffffffff-2015-02,4
8466313ffffffff-2016-02,1
8466313ffffffff-2016-03,1
8466313ffffffff-2016-05,1
8466313ffffffff-2017-01,1
8466313ffffffff-2017-02,1
8466313ffffffff-2017-05,1
8466313ffffffff-2017-10,1
8466313ffffffff-2018-02,1
8466313ffffffff-2018-11,3
8466313ffffffff-2018-12,2
8466313ffffffff-2019-01,3
8466313ffffffff-2019-02,4
8466313ffffffff-2019-04,2
8466313ffffffff-2019-06,1
8466313ffffffff-2019-07,3
8466313ffffffff-2019-09,2
8466313ffffffff-2019-10,1
8466313ffffffff-2019-11,3
8466313ffffffff-2019-12,1
8466313ffffffff-2020-01,6
8466313ffffffff-2020-02,4
8466313ffffffff-2020-03,3
8466313ffffffff-2020-10,3
8466313ffffffff-2020-11,2
8466313ffffffff-2020-12,1
8466313ffffffff-2021-01,2
8466313ffffffff-2021-02,1
8466313ffffffff-2021-03,2
8466313ffffffff-2021-04,1
8466313ffffffff-2021-09,1
8466313ffffffff-2021-10,3
8466313ffffffff-2022-01,2
8466313ffffffff-2022-02,2
8466313ffffffff-2022-04,3
8466313ffffffff-2022-05,1
8466313ffffffff-2022-07,1
8466313ffffffff-2022-09,2
8466313ffffffff-2022-10,3
8466313ffffffff-2022-12,1
8466313ffffffff-2023-01,5
8466313ffffffff-2023-02,3
8466313ffffffff-2023-03,4
8466313ffffffff-2023-07,2
8466313ffffffff-2023-10,1
8466317ffffffff-2021-11,2
8466317ffffffff-2021-12,2
8466317ffffffff-2022-08,1
8466317ffffffff-2023-10,2
846631bffffffff-2014-11,2
846631bffffffff-2016-03,5
846631bffffffff-2017-07,1
846631bffffffff-2018-05,1
846631bffffffff-2019-05,2
846631bffffffff-2019-07,1
846631bffffffff-2019-08,1
846631bffffffff-2019-11,2
846631bffffffff-2020-01,1
846631bffffffff-2020-02,1
846631bffffffff-2020-03,2
846631bffffffff-2020-07,1
846631bffffffff-2020-09,6
846631bffffffff-2020-10,3
846631bffffffff-2020-12,4
846631bffffffff-2021-01,4
846631bffffffff-2021-02,1
846631bffffffff-2021-03,4
846631bffffffff-2021-04,5
846631bffffffff-2021-05,1
846631bffffffff-2021-09,1
846631bffffffff-2021-10,1
846631bffffffff-2021-11,1
846631bffffffff-2021-12,1
846631bffffffff-2022-01,2
846631bffffffff-2022-02,1
846631bffffffff-2022-03,2
846631bffffffff-2022-04,2
846631bffffffff-2022-10,3
846631bffffffff-2022-12,3
846631bffffffff-2023-01,8
846631bffffffff-2023-02,10
846631bffffffff-2023-03,5
846631bffffffff-2023-04,2
846631bffffffff-2023-05,1
846631bffffffff-2023-06,3
846631bffffffff-2023-09,2
846631bffffffff-2023-10,3
846631bffffffff-2023-11,6
8466411ffffffff-2023-01,3
8466415ffffffff-2017-12,1
8466415ffffffff-2023-04,2
8466415ffffffff-2023-10,3
8466415ffffffff-2023-11,1
8466417ffffffff-2019-12,1
846641dffffffff-2019-02,1
846641dffffffff-2019-11,2
846641dffffffff-2019-12,3
846641dffffffff-2022-02,24
846641dffffffff-2022-03,1
846641dffffffff-2023-02,7
846641dffffffff-2023-04,8
846641dffffffff-2023-11,1
8466427ffffffff-2021-10,1
8466481ffffffff-2023-09,2
8466509ffffffff-2019-12,1
8466527ffffffff-2018-02,2
8466529ffffffff-2016-03,2
8466529ffffffff-2017-03,2
8466529ffffffff-2018-02,17
8466529ffffffff-2021-10,4
8466529ffffffff-2022-03,3
8466529ffffffff-2022-04,3
8466529ffffffff-2023-01,4
8466529ffffffff-2023-02,6
846652dffffffff-2013-03,1
846652dffffffff-2018-02,1
846652dffffffff-2018-04,6
846652dffffffff-2018-12,2
846652dffffffff-2019-02,5
846652dffffffff-2020-01,4
8466541ffffffff-2015-02,1
8466541ffffffff-2020-11,1
8466541ffffffff-2021-02,2
8466541ffffffff-2023-11,2
8466543ffffffff-2023-11,1
8466545ffffffff-2013-01,2
8466545ffffffff-2016-11,1
8466545ffffffff-2016-12,2
8466545ffffffff-2017-03,1
8466545ffffffff-2017-08,1
8466545ffffffff-2017-11,1
8466545ffffffff-2018-01,12
8466545ffffffff-2018-08,1
8466545ffffffff-2018-09,1
8466545ffffffff-2018-10,1
8466545ffffffff-2019-01,4
8466545ffffffff-2019-02,2
8466545ffffffff-2019-10,2
8466545ffffffff-2019-11,2
8466545ffffffff-2019-12,1
8466545ffffffff-2020-01,7
8466545ffffffff-2020-02,10
8466545ffffffff-2021-02,1
8466545ffffffff-2021-03,2
8466545ffffffff-2021-10,1
8466545ffffffff-2022-01,3
8466545ffffffff-2022-02,2
8466545ffffffff-2022-03,3
8466545ffffffff-2022-08,1
8466545ffffffff-2022-11,5
8466545ffffffff-2022-12,3
8466545ffffffff-2023-01,5
8466545ffffffff-2023-02,4
8466545ffffffff-2023-05,1
8466545ffffffff-2023-11,2
8466547ffffffff-2018-03,3
8466549ffffffff-2014-10,1
8466549ffffffff-2016-11,3
8466549ffffffff-2019-01,1
8466549ffffffff-2019-02,2
8466549ffffffff-2019-03,2
8466549ffffffff-2020-11,6
8466549ffffffff-2021-02,3
8466549ffffffff-2022-01,2
8466549ffffffff-2023-11,2
846654bffffffff-2016-01,1
846654bffffffff-2017-01,3
846654bffffffff-2018-01,1
846654bffffffff-2018-02,2
846654bffffffff-2018-03,1
846654bffffffff-2019-01,11
846654bffffffff-2019-02,7
846654bffffffff-2019-03,1
846654bffffffff-2019-05,1
846654bffffffff-2019-12,4
846654bffffffff-2020-01,16
846654bffffffff-2020-02,2
846654bffffffff-2021-01,1
846654bffffffff-2021-02,13
846654bffffffff-2021-03,8
846654bffffffff-2021-05,2
846654bffffffff-2021-10,2
846654bffffffff-2021-11,2
846654bffffffff-2022-01,9
846654bffffffff-2022-02,1
846654bffffffff-2022-03,2
846654bffffffff-2022-11,1
846654bffffffff-2023-04,1
846654bffffffff-2023-11,2
8466561ffffffff-2018-01,1
8466561ffffffff-2019-11,1
8466561ffffffff-2020-11,1
8466561ffffffff-2023-02,1
8466561ffffffff-2023-05,5
8466563ffffffff-2021-10,1
8466563ffffffff-2022-01,2
8466565ffffffff-2017-10,1
8466565ffffffff-2019-10,2
8466565ffffffff-2020-03,1
8466565ffffffff-2022-05,1
8466565ffffffff-2022-10,5
8466565ffffffff-2022-12,2
8466565ffffffff-2023-01,6
8466565ffffffff-2023-05,3
8466565ffffffff-2023-10,4
8466567ffffffff-2022-12,1
846656bffffffff-2018-01,2
846656bffffffff-2021-02,5
846656dffffffff-2021-02,3
846656dffffffff-2023-04,1
84665abffffffff-2023-03,1
84665bdffffffff-2022-12,1
84665e9ffffffff-2023-03,2
84665e9ffffffff-2023-11,1
846660dffffffff-2019-08,2
8466623ffffffff-2017-04,1
8466623ffffffff-2022-03,1
8466631ffffffff-2018-02,2
8466631ffffffff-2019-05,2
8466637ffffffff-2023-10,2
8466639ffffffff-2015-02,1
8466639ffffffff-2019-01,4
8466639ffffffff-2019-04,1
8466639ffffffff-2019-05,1
8466639ffffffff-2022-01,1
846663dffffffff-2019-01,4
846663dffffffff-2019-05,1
8466647ffffffff-2018-03,4
8466647ffffffff-2022-04,9
846664dffffffff-2020-02,4
8466701ffffffff-2020-12,1
8466703ffffffff-2021-09,1
8466703ffffffff-2023-05,1
8466705ffffffff-2021-10,1
8466707ffffffff-2020-12,3
8466707ffffffff-2021-06,1
8466707ffffffff-2022-05,1
846670dffffffff-2014-02,2
846670dffffffff-2018-09,6
846670dffffffff-2023-01,1
8466727ffffffff-2013-01,2
8466727ffffffff-2014-01,9
8466727ffffffff-2015-02,5
8466727ffffffff-2015-10,2
8466727ffffffff-2015-11,1
8466727ffffffff-2017-01,2
8466727ffffffff-2017-02,1
8466727ffffffff-2017-03,4
8466727ffffffff-2018-01,1
8466727ffffffff-2018-02,1
8466727ffffffff-2018-03,2
8466727ffffffff-2018-11,3
8466727ffffffff-2019-01,17
8466727ffffffff-2019-02,3
8466727ffffffff-2019-11,5
8466727ffffffff-2020-01,10
8466727ffffffff-2020-02,24
8466727ffffffff-2021-03,2
8466727ffffffff-2021-09,1
8466727ffffffff-2022-01,10
8466727ffffffff-2022-02,14
8466727ffffffff-2022-03,4
8466727ffffffff-2023-01,32
8466727ffffffff-2023-02,10
8466727ffffffff-2023-03,10
8466727ffffffff-2023-09,1
8466727ffffffff-2023-10,5
8466727ffffffff-2023-11,3
8466735ffffffff-2017-03,2
8466735ffffffff-2018-03,5
8466735ffffffff-2018-05,2
8466735ffffffff-2018-11,1
8466735ffffffff-2019-03,1
8466735ffffffff-2020-11,2
8466737ffffffff-2022-02,10
8466737ffffffff-2022-03,6
846674bffffffff-2017-02,4
846675dffffffff-2012-12,1
846675dffffffff-2013-01,7
846675dffffffff-2013-10,1
846675dffffffff-2013-12,2
846675dffffffff-2014-01,5
846675dffffffff-2014-02,3
846675dffffffff-2014-12,8
846675dffffffff-2015-01,2
846675dffffffff-2015-02,7
846675dffffffff-2015-03,3
846675dffffffff-2015-05,1
846675dffffffff-2016-05,1
846675dffffffff-2017-02,5
846675dffffffff-2017-10,1
846675dffffffff-2022-01,9
846675dffffffff-2023-02,1
846675dffffffff-2023-11,1
8466763ffffffff-2014-02,1
8466849ffffffff-2015-04,1
8466849ffffffff-2015-09,1
8466849ffffffff-2015-12,1
8466849ffffffff-2016-09,2
8466849ffffffff-2017-09,1
8466849ffffffff-2018-03,1
8466849ffffffff-2018-11,1
8466849ffffffff-2019-05,2
8466a03ffffffff-2013-01,1
8466a03ffffffff-2013-04,2
8466a03ffffffff-2013-06,2
8466a03ffffffff-2013-08,1
8466a03ffffffff-2013-09,3
8466a03ffffffff-2014-01,2
8466a03ffffffff-2014-02,4
8466a03ffffffff-2014-04,1
8466a03ffffffff-2014-11,1
8466a03ffffffff-2015-02,1
8466a03ffffffff-2015-06,1
8466a03ffffffff-2015-07,4
8466a03ffffffff-2015-08,2
8466a03ffffffff-2015-09,7
8466a03ffffffff-2015-10,5
8466a03ffffffff-2016-01,1
8466a03ffffffff-2016-04,4
8466a03ffffffff-2016-05,1
8466a03ffffffff-2016-08,1
8466a03ffffffff-2016-09,5
8466a03ffffffff-2016-10,5
8466a03ffffffff-2016-11,2
8466a03ffffffff-2017-04,1
8466a03ffffffff-2017-06,1
8466a03ffffffff-2017-10,2
8466a03ffffffff-2017-12,3
8466a03ffffffff-2018-01,1
8466a03ffffffff-2018-04,2
8466a03ffffffff-2018-08,1
8466a03ffffffff-2018-09,11
8466a03ffffffff-2019-01,2
8466a03ffffffff-2019-02,1
8466a03ffffffff-2019-03,1
8466a03ffffffff-2019-07,2
8466a03ffffffff-2019-08,1
8466a03ffffffff-2019-09,5
8466a03ffffffff-2019-10,1
8466a03ffffffff-2019-11,1
8466a03ffffffff-2020-02,8
8466a03ffffffff-2020-08,1
8466a03ffffffff-2020-09,1
8466a03ffffffff-2020-10,5
8466a03ffffffff-2020-11,5
8466a03ffffffff-2021-04,1
8466a03ffffffff-2021-05,7
8466a03ffffffff-2021-08,4
8466a03ffffffff-2021-09,16
8466a03ffffffff-2021-10,15
8466a03ffffffff-2021-11,4
8466a03ffffffff-2021-12,6
8466a03ffffffff-2022-02,4
8466a03ffffffff-2022-03,2
8466a03ffffffff-2022-08,3
8466a03ffffffff-2022-09,10
8466a03ffffffff-2022-10,5
8466a03ffffffff-2022-11,1
8466a03ffffffff-2022-12,3
8466a03ffffffff-2023-05,4
8466a03ffffffff-2023-08,3
8466a03ffffffff-2023-09,19
8466a03ffffffff-2023-10,1
8466a0bffffffff-2022-03,4
8466a15ffffffff-2012-12,1
8466a15ffffffff-2014-11,1
8466a15ffffffff-2016-02,4
8466a15ffffffff-2016-10,7
8466a15ffffffff-2018-09,10
8466a15ffffffff-2018-10,1
8466a15ffffffff-2018-12,2
8466a15ffffffff-2019-02,5
8466a15ffffffff-2019-04,3
8466a15ffffffff-2019-10,1
8466a15ffffffff-2019-11,4
8466a15ffffffff-2019-12,2
8466a15ffffffff-2020-01,1
8466a15ffffffff-2020-02,6
8466a15ffffffff-2020-05,2
8466a15ffffffff-2020-07,1
8466a15ffffffff-2020-08,2
8466a15ffffffff-2020-09,18
8466a15ffffffff-2020-10,8
8466a15ffffffff-2020-12,2
8466a15ffffffff-2021-01,2
8466a15ffffffff-2021-02,1
8466a15ffffffff-2021-04,5
8466a15ffffffff-2021-08,2
8466a15ffffffff-2021-09,4
8466a15ffffffff-2021-10,8
8466a15ffffffff-2021-11,2
8466a15ffffffff-2021-12,2
8466a15ffffffff-2022-01,4
8466a15ffffffff-2022-02,6
8466a15ffffffff-2022-08,2
8466a15ffffffff-2023-02,1
8466a15ffffffff-2023-03,1
8466a15ffffffff-2023-05,4
8466a15ffffffff-2023-07,2
8466a15ffffffff-2023-09,3
8466a15ffffffff-2023-11,1
8466a17ffffffff-2016-04,2
8466a17ffffffff-2019-01,1
8466a17ffffffff-2019-02,2
8466a17ffffffff-2023-02,1
8466a1dffffffff-2012-02,1
8466a1dffffffff-2012-10,1
8466a1dffffffff-2012-12,1
8466a1dffffffff-2014-03,3
8466a1dffffffff-2014-11,4
8466a1dffffffff-2014-12,1
8466a1dffffffff-2015-03,1
8466a1dffffffff-2015-10,3
8466a1dffffffff-2015-12,1
8466a1dffffffff-2016-01,4
8466a1dffffffff-2016-03,1
8466a1dffffffff-2016-09,1
8466a1dffffffff-2016-12,1
8466a1dffffffff-2017-02,3
8466a1dffffffff-2017-09,3
8466a1dffffffff-2017-12,1
8466a1dffffffff-2018-03,3
8466a1dffffffff-2018-11,2
8466a1dffffffff-2019-01,1
8466a1dffffffff-2019-03,9
8466a1dffffffff-2019-08,2
8466a1dffffffff-2019-11,2
8466a1dffffffff-2020-01,1
8466a1dffffffff-2020-03,1
8466a1dffffffff-2021-02,2
8466a1dffffffff-2021-09,6
8466a1dffffffff-2021-11,1
8466a1dffffffff-2021-12,1
8466a1dffffffff-2022-03,2
8466a1dffffffff-2022-05,3
8466a1dffffffff-2022-08,2
8466a1dffffffff-2022-09,14
8466a1dffffffff-2022-10,5
8466a1dffffffff-2022-11,1
8466a1dffffffff-2023-01,4
8466a1dffffffff-2023-09,4
8466a1dffffffff-2023-10,1
8466a21ffffffff-2013-11,1
8466a21ffffffff-2014-01,2
8466a21ffffffff-2014-03,1
8466a21ffffffff-2015-02,3
8466a21ffffffff-2016-01,1
8466a21ffffffff-2017-01,1
8466a21ffffffff-2018-01,1
8466a21ffffffff-2018-05,2
8466a21ffffffff-2018-12,3
8466a21ffffffff-2019-01,2
8466a21ffffffff-2019-02,1
8466a21ffffffff-2019-03,3
8466a21ffffffff-2019-05,2
8466a21ffffffff-2019-08,1
8466a21ffffffff-2019-12,3
8466a21ffffffff-2020-02,1
8466a21ffffffff-2021-01,1
8466a21ffffffff-2021-02,1
8466a21ffffffff-2021-04,3
8466a21ffffffff-2021-12,1
8466a21ffffffff-2022-01,9
8466a21ffffffff-2022-04,1
8466a21ffffffff-2022-05,1
8466a21ffffffff-2023-01,5
8466a21ffffffff-2023-02,1
8466a31ffffffff-2014-02,1
8466a31ffffffff-2016-01,1
8466a31ffffffff-2017-02,1
8466a31ffffffff-2019-01,1
8466a31ffffffff-2022-01,1
8466a37ffffffff-2021-03,1
8466a39ffffffff-2013-01,1
8466a39ffffffff-2015-07,4
8466a39ffffffff-2016-02,3
8466a39ffffffff-2016-09,4
8466a39ffffffff-2018-09,4
8466a39ffffffff-2019-08,2
8466a39ffffffff-2020-02,1
8466a39ffffffff-2020-11,1
8466a39ffffffff-2021-01,1
8466a39ffffffff-2021-05,2
8466a39ffffffff-2021-10,1
8466a39ffffffff-2022-02,5
8466a39ffffffff-2022-04,2
8466a39ffffffff-2022-08,2
8466a39ffffffff-2022-11,1
8466a39ffffffff-2023-02,1
8466a3dffffffff-2023-03,1
8466a51ffffffff-2012-02,1
8466a51ffffffff-2012-08,1
8466a51ffffffff-2012-09,4
8466a51ffffffff-2013-01,1
8466a51ffffffff-2013-02,9
8466a51ffffffff-2013-11,1
8466a51ffffffff-2014-01,1
8466a51ffffffff-2014-02,2
8466a51ffffffff-2014-04,1
8466a51ffffffff-2014-07,1
8466a51ffffffff-2014-09,3
8466a51ffffffff-2014-10,4
8466a51ffffffff-2014-11,3
8466a51ffffffff-2014-12,3
8466a51ffffffff-2015-01,5
8466a51ffffffff-2015-03,3
8466a51ffffffff-2015-07,3
8466a51ffffffff-2015-09,4
8466a51ffffffff-2015-10,4
8466a51ffffffff-2015-11,1
8466a51ffffffff-2015-12,3
8466a51ffffffff-2016-01,9
8466a51ffffffff-2016-02,2
8466a51ffffffff-2016-03,1
8466a51ffffffff-2016-04,1
8466a51ffffffff-2016-09,2
8466a51ffffffff-2016-11,1
8466a51ffffffff-2016-12,4
8466a51ffffffff-2017-02,5
8466a51ffffffff-2017-03,8
8466a51ffffffff-2017-04,2
8466a51ffffffff-2017-05,2
8466a51ffffffff-2017-09,2
8466a51ffffffff-2017-10,8
8466a51ffffffff-2017-11,1
8466a51ffffffff-2017-12,1
8466a51ffffffff-2018-01,1
8466a51ffffffff-2018-03,6
8466a51ffffffff-2018-07,1
8466a51ffffffff-2018-08,1
8466a51ffffffff-2018-11,5
8466a51ffffffff-2018-12,3
8466a51ffffffff-2019-01,5
8466a51ffffffff-2019-02,3
8466a51ffffffff-2019-03,6
8466a51ffffffff-2019-04,3
8466a51ffffffff-2019-09,3
8466a51ffffffff-2019-10,6
8466a51ffffffff-2019-11,1
8466a51ffffffff-2019-12,3
8466a51ffffffff-2020-01,6
8466a51ffffffff-2020-02,8
8466a51ffffffff-2020-12,9
8466a51ffffffff-2021-01,2
8466a51ffffffff-2021-02,4
8466a51ffffffff-2021-03,1
8466a51ffffffff-2021-04,1
8466a51ffffffff-2021-07,1
8466a51ffffffff-2021-09,14
8466a51ffffffff-2021-10,4
8466a51ffffffff-2021-12,4
8466a51ffffffff-2022-01,21
8466a51ffffffff-2022-02,10
8466a51ffffffff-2022-03,8
8466a51ffffffff-2022-04,10
8466a51ffffffff-2022-07,1
8466a51ffffffff-2022-09,4
8466a51ffffffff-2022-10,2
8466a51ffffffff-2022-11,6
8466a51ffffffff-2022-12,3
8466a51ffffffff-2023-01,17
8466a51ffffffff-2023-02,6
8466a51ffffffff-2023-03,18
8466a51ffffffff-2023-04,6
8466a51ffffffff-2023-05,15
8466a51ffffffff-2023-07,3
8466a51ffffffff-2023-08,26
8466a51ffffffff-2023-09,22
8466a51ffffffff-2023-10,11
8466a51ffffffff-2023-11,7
8466a53ffffffff-2023-03,1
8466a57ffffffff-2014-11,1
8466a57ffffffff-2015-01,1
8466a57ffffffff-2015-08,1
8466a57ffffffff-2016-03,3
8466a57ffffffff-2016-04,8
8466a57ffffffff-2016-09,2
8466a57ffffffff-2016-10,2
8466a57ffffffff-2016-11,1
8466a57ffffffff-2016-12,2
8466a57ffffffff-2017-03,1
8466a57ffffffff-2017-12,1
8466a57ffffffff-2018-01,1
8466a57ffffffff-2018-03,1
8466a57ffffffff-2018-05,6
8466a57ffffffff-2018-09,2
8466a57ffffffff-2018-10,2
8466a57ffffffff-2019-01,1
8466a57ffffffff-2019-02,2
8466a57ffffffff-2019-03,1
8466a57ffffffff-2019-09,2
8466a57ffffffff-2019-11,10
8466a57ffffffff-2019-12,7
8466a57ffffffff-2020-01,2
8466a57ffffffff-2020-02,2
8466a57ffffffff-2020-03,4
8466a57ffffffff-2020-10,2
8466a57ffffffff-2020-11,2
8466a57ffffffff-2021-04,1
8466a57ffffffff-2021-07,2
8466a57ffffffff-2021-09,17
8466a57ffffffff-2022-01,11
8466a57ffffffff-2022-02,14
8466a57ffffffff-2022-03,4
8466a57ffffffff-2022-11,5
8466a57ffffffff-2023-02,4
8466a57ffffffff-2023-03,3
8466a57ffffffff-2023-05,4
8466a57ffffffff-2023-08,1
8466a57ffffffff-2023-09,1
8466a57ffffffff-2023-11,2
8466a59ffffffff-2016-02,1
8466a59ffffffff-2020-02,1
8466a5bffffffff-2012-01,1
8466a5bffffffff-2012-03,3
8466a5bffffffff-2012-04,1
8466a5bffffffff-2013-02,2
8466a5bffffffff-2013-09,1
8466a5bffffffff-2013-10,1
8466a5bffffffff-2013-11,1
8466a5bffffffff-2014-02,4
8466a5bffffffff-2014-03,2
8466a5bffffffff-2014-04,4
8466a5bffffffff-2014-07,1
8466a5bffffffff-2014-08,4
8466a5bffffffff-2014-09,2
8466a5bffffffff-2014-11,3
8466a5bffffffff-2015-01,15
8466a5bffffffff-2015-03,1
8466a5bffffffff-2015-09,3
8466a5bffffffff-2015-12,1
8466a5bffffffff-2016-01,4
8466a5bffffffff-2016-02,12
8466a5bffffffff-2016-03,3
8466a5bffffffff-2016-04,1
8466a5bffffffff-2016-07,3
8466a5bffffffff-2016-08,8
8466a5bffffffff-2016-09,3
8466a5bffffffff-2016-10,7
8466a5bffffffff-2016-11,23
8466a5bffffffff-2016-12,5
8466a5bffffffff-2017-02,3
8466a5bffffffff-2017-08,5
8466a5bffffffff-2017-09,6
8466a5bffffffff-2017-10,2
8466a5bffffffff-2017-11,1
8466a5bffffffff-2018-01,9
8466a5bffffffff-2018-02,3
8466a5bffffffff-2018-03,14
8466a5bffffffff-2018-04,1
8466a5bffffffff-2018-08,1
8466a5bffffffff-2018-09,9
8466a5bffffffff-2018-10,1
8466a5bffffffff-2018-11,3
8466a5bffffffff-2018-12,3
8466a5bffffffff-2019-01,24
8466a5bffffffff-2019-02,3
8466a5bffffffff-2019-03,3
8466a5bffffffff-2019-04,3
8466a5bffffffff-2019-08,4
8466a5bffffffff-2019-09,5
8466a5bffffffff-2019-10,4
8466a5bffffffff-2019-11,1
8466a5bffffffff-2019-12,3
8466a5bffffffff-2020-01,4
8466a5bffffffff-2020-02,11
8466a5bffffffff-2020-03,1
8466a5bffffffff-2020-09,4
8466a5bffffffff-2020-11,3
8466a5bffffffff-2020-12,1
8466a5bffffffff-2021-01,3
8466a5bffffffff-2021-02,3
8466a5bffffffff-2021-03,3
8466a5bffffffff-2021-04,2
8466a5bffffffff-2021-08,2
8466a5bffffffff-2021-09,5
8466a5bffffffff-2021-10,9
8466a5bffffffff-2021-11,7
8466a5bffffffff-2021-12,6
8466a5bffffffff-2022-01,19
8466a5bffffffff-2022-02,9
8466a5bffffffff-2022-03,9
8466a5bffffffff-2022-04,1
8466a5bffffffff-2022-09,2
8466a5bffffffff-2022-10,10
8466a5bffffffff-2022-11,4
8466a5bffffffff-2022-12,14
8466a5bffffffff-2023-01,19
8466a5bffffffff-2023-02,33
8466a5bffffffff-2023-03,3
8466a5bffffffff-2023-04,3
8466a5bffffffff-2023-05,3
8466a5bffffffff-2023-07,1
8466a5bffffffff-2023-08,3
8466a5bffffffff-2023-09,10
8466a5bffffffff-2023-10,5
8466a5bffffffff-2023-11,4
8466a5dffffffff-2017-01,2
8466a5dffffffff-2018-10,1
8466a5dffffffff-2022-10,3
8466a5dffffffff-2022-11,1
8466a65ffffffff-2022-09,1
8466a65ffffffff-2022-10,2
8466adbffffffff-2017-07,1
8466aedffffffff-2016-05,1
8466b01ffffffff-2014-01,1
8466b01ffffffff-2017-12,1
8466b01ffffffff-2018-02,2
8466b01ffffffff-2019-01,1
8466b01ffffffff-2020-12,1
8466b01ffffffff-2021-03,1
8466b01ffffffff-2021-12,1
8466b01ffffffff-2022-01,1
8466b01ffffffff-2022-08,1
8466b01ffffffff-2022-12,3
8466b01ffffffff-2023-02,1
8466b01ffffffff-2023-04,2
8466b01ffffffff-2023-08,4
8466b09ffffffff-2012-02,3
8466b09ffffffff-2012-03,1
8466b09ffffffff-2015-02,2
8466b09ffffffff-2016-01,2
8466b09ffffffff-2016-02,1
8466b09ffffffff-2016-03,2
8466b09ffffffff-2016-11,2
8466b09ffffffff-2016-12,1
8466b09ffffffff-2017-02,1
8466b09ffffffff-2017-12,1
8466b09ffffffff-2018-02,4
8466b09ffffffff-2018-03,1
8466b09ffffffff-2018-04,2
8466b09ffffffff-2018-09,1
8466b09ffffffff-2018-10,2
8466b09ffffffff-2018-11,3
8466b09ffffffff-2019-02,19
8466b09ffffffff-2019-03,14
8466b09ffffffff-2019-04,5
8466b09ffffffff-2019-09,1
8466b09ffffffff-2019-11,2
8466b09ffffffff-2019-12,6
8466b09ffffffff-2020-01,5
8466b09ffffffff-2020-02,12
8466b09ffffffff-2020-03,7
8466b09ffffffff-2020-10,1
8466b09ffffffff-2021-02,1
8466b09ffffffff-2021-03,2
8466b09ffffffff-2021-12,5
8466b09ffffffff-2022-02,1
8466b09ffffffff-2022-03,3
8466b09ffffffff-2022-04,6
8466b09ffffffff-2022-12,4
8466b09ffffffff-2023-01,11
8466b09ffffffff-2023-02,2
8466b09ffffffff-2023-03,1
8466b09ffffffff-2023-05,6
8466b0bffffffff-2013-12,1
8466b0bffffffff-2015-01,1
8466b0bffffffff-2015-02,1
8466b0bffffffff-2015-03,2
8466b0bffffffff-2015-08,2
8466b0bffffffff-2015-10,2
8466b0bffffffff-2016-02,1
8466b0bffffffff-2016-12,1
8466b0bffffffff-2017-03,6
8466b0bffffffff-2017-05,1
8466b0bffffffff-2017-12,3
8466b0bffffffff-2018-01,3
8466b0bffffffff-2018-03,3
8466b0bffffffff-2018-11,1
8466b0bffffffff-2019-01,3
8466b0bffffffff-2019-03,1
8466b0bffffffff-2019-04,1
8466b0bffffffff-2019-09,1
8466b0bffffffff-2019-12,2
8466b0bffffffff-2020-01,2
8466b0bffffffff-2020-03,6
8466b0bffffffff-2021-03,6
8466b0bffffffff-2021-09,3
8466b0bffffffff-2021-10,1
8466b0bffffffff-2021-11,1
8466b0bffffffff-2021-12,2
8466b0bffffffff-2022-01,4
8466b0bffffffff-2022-02,3
8466b0bffffffff-2022-03,3
8466b0bffffffff-2022-04,1
8466b0bffffffff-2022-06,2
8466b0bffffffff-2022-08,2
8466b0bffffffff-2022-09,1
8466b0bffffffff-2022-12,8
8466b0bffffffff-2023-01,1
8466b0bffffffff-2023-03,5
8466b0bffffffff-2023-04,3
8466b0bffffffff-2023-10,1
8466b0bffffffff-2023-11,1
8466b19ffffffff-2016-09,6
8466b19ffffffff-2017-05,1
8466b19ffffffff-2017-08,3
8466b19ffffffff-2017-11,2
8466b19ffffffff-2017-12,1
8466b19ffffffff-2018-08,1
8466b19ffffffff-2018-09,2
8466b19ffffffff-2018-11,4
8466b19ffffffff-2018-12,1
8466b19ffffffff-2019-01,1
8466b19ffffffff-2019-03,1
8466b19ffffffff-2019-04,1
8466b19ffffffff-2019-05,3
8466b19ffffffff-2019-08,1
8466b19ffffffff-2019-09,46
8466b19ffffffff-2019-10,5
8466b19ffffffff-2019-12,5
8466b19ffffffff-2020-01,1
8466b19ffffffff-2020-02,1
8466b19ffffffff-2020-09,13
8466b19ffffffff-2020-10,13
8466b19ffffffff-2020-11,15
8466b19ffffffff-2020-12,9
8466b19ffffffff-2021-01,6
8466b19ffffffff-2021-02,1
8466b19ffffffff-2021-04,6
8466b19ffffffff-2021-05,5
8466b19ffffffff-2021-08,16
8466b19ffffffff-2021-09,35
8466b19ffffffff-2021-10,14
8466b19ffffffff-2021-11,20
8466b19ffffffff-2021-12,9
8466b19ffffffff-2022-01,3
8466b19ffffffff-2022-02,3
8466b19ffffffff-2022-03,4
8466b19ffffffff-2022-04,4
8466b19ffffffff-2022-05,15
8466b19ffffffff-2022-08,2
8466b19ffffffff-2022-09,17
8466b19ffffffff-2022-10,6
8466b19ffffffff-2022-11,14
8466b19ffffffff-2022-12,3
8466b19ffffffff-2023-02,1
8466b19ffffffff-2023-03,1
8466b19ffffffff-2023-04,3
8466b19ffffffff-2023-05,2
8466b19ffffffff-2023-06,2
8466b19ffffffff-2023-08,1
8466b19ffffffff-2023-09,28
8466b19ffffffff-2023-10,6
8466b19ffffffff-2023-11,1
8466b1dffffffff-2016-03,1
8466b1dffffffff-2021-04,2
8466b1dffffffff-2021-10,2
8466b41ffffffff-2019-01,1
8466b41ffffffff-2020-02,1
8466b41ffffffff-2021-01,1
8466b41ffffffff-2021-03,2
8466b41ffffffff-2021-04,2
8466b41ffffffff-2021-12,4
8466b41ffffffff-2022-01,1
8466b41ffffffff-2023-02,1
8466b41ffffffff-2023-04,1
8466b41ffffffff-2023-10,1
8466b45ffffffff-2012-02,1
8466b45ffffffff-2013-09,2
8466b45ffffffff-2013-12,1
8466b45ffffffff-2014-11,1
8466b45ffffffff-2014-12,1
8466b45ffffffff-2015-02,1
8466b45ffffffff-2015-03,1
8466b45ffffffff-2015-07,2
8466b45ffffffff-2015-09,1
8466b45ffffffff-2015-10,2
8466b45ffffffff-2015-12,2
8466b45ffffffff-2016-01,2
8466b45ffffffff-2016-03,1
8466b45ffffffff-2016-04,3
8466b45ffffffff-2016-12,2
8466b45ffffffff-2017-01,2
8466b45ffffffff-2017-02,2
8466b45ffffffff-2017-12,1
8466b45ffffffff-2018-01,5
8466b45ffffffff-2018-02,5
8466b45ffffffff-2018-03,6
8466b45ffffffff-2018-04,2
8466b45ffffffff-2019-01,4
8466b45ffffffff-2019-02,3
8466b45ffffffff-2019-03,2
8466b45ffffffff-2019-04,2
8466b45ffffffff-2019-09,1
8466b45ffffffff-2019-10,2
8466b45ffffffff-2020-01,2
8466b45ffffffff-2020-02,6
8466b45ffffffff-2020-09,3
8466b45ffffffff-2020-10,5
8466b45ffffffff-2020-11,1
8466b45ffffffff-2021-03,1
8466b45ffffffff-2021-05,1
8466b45ffffffff-2021-09,3
8466b45ffffffff-2021-10,1
8466b45ffffffff-2022-01,4
8466b45ffffffff-2022-02,8
8466b45ffffffff-2022-08,7
8466b45ffffffff-2022-09,8
8466b45ffffffff-2023-01,1
8466b45ffffffff-2023-02,1
8466b45ffffffff-2023-06,1
8466b45ffffffff-2023-09,3
8466b47ffffffff-2012-03,1
8466b47ffffffff-2013-02,1
8466b47ffffffff-2013-12,2
8466b47ffffffff-2014-02,3
8466b47ffffffff-2015-08,1
8466b47ffffffff-2016-01,1
8466b47ffffffff-2016-03,1
8466b47ffffffff-2016-08,4
8466b47ffffffff-2017-01,1
8466b47ffffffff-2017-09,2
8466b47ffffffff-2017-12,3
8466b47ffffffff-2018-02,2
8466b47ffffffff-2018-09,4
8466b47ffffffff-2018-12,4
8466b47ffffffff-2019-01,2
8466b47ffffffff-2019-02,1
8466b47ffffffff-2019-03,2
8466b47ffffffff-2019-04,2
8466b47ffffffff-2019-05,1
8466b47ffffffff-2019-07,3
8466b47ffffffff-2019-09,9
8466b47ffffffff-2019-11,1
8466b47ffffffff-2020-01,5
8466b47ffffffff-2020-02,3
8466b47ffffffff-2020-03,2
8466b47ffffffff-2020-07,1
8466b47ffffffff-2020-08,2
8466b47ffffffff-2020-09,9
8466b47ffffffff-2020-10,1
8466b47ffffffff-2020-11,1
8466b47ffffffff-2021-09,7
8466b47ffffffff-2021-10,1
8466b47ffffffff-2021-11,1
8466b47ffffffff-2021-12,1
8466b47ffffffff-2022-01,1
8466b47ffffffff-2022-05,1
8466b47ffffffff-2022-09,6
8466b47ffffffff-2022-10,1
8466b47ffffffff-2022-12,2
8466b47ffffffff-2023-02,4
8466b47ffffffff-2023-03,2
8466b47ffffffff-2023-04,1
8466b47ffffffff-2023-08,1
8466b47ffffffff-2023-11,1
8466b49ffffffff-2019-12,1
8466b49ffffffff-2020-04,1
8466b4dffffffff-2013-01,1
8466b4dffffffff-2013-03,1
8466b4dffffffff-2013-12,1
8466b4dffffffff-2014-02,1
8466b4dffffffff-2014-12,1
8466b4dffffffff-2015-01,1
8466b4dffffffff-2015-02,3
8466b4dffffffff-2015-03,1
8466b4dffffffff-2015-08,2
8466b4dffffffff-2015-09,1
8466b4dffffffff-2015-10,1
8466b4dffffffff-2015-11,3
8466b4dffffffff-2015-12,3
8466b4dffffffff-2016-01,1
8466b4dffffffff-2016-02,1
8466b4dffffffff-2016-04,1
8466b4dffffffff-2016-05,2
8466b4dffffffff-2016-08,1
8466b4dffffffff-2016-09,11
8466b4dffffffff-2016-10,3
8466b4dffffffff-2016-11,8
8466b4dffffffff-2016-12,2
8466b4dffffffff-2017-01,1
8466b4dffffffff-2017-02,13
8466b4dffffffff-2017-08,5
8466b4dffffffff-2017-09,2
8466b4dffffffff-2017-10,5
8466b4dffffffff-2017-12,2
8466b4dffffffff-2018-02,1
8466b4dffffffff-2018-03,2
8466b4dffffffff-2018-04,1
8466b4dffffffff-2018-09,3
8466b4dffffffff-2018-10,7
8466b4dffffffff-2018-11,1
8466b4dffffffff-2019-01,9
8466b4dffffffff-2019-02,5
8466b4dffffffff-2019-03,1
8466b4dffffffff-2019-04,1
8466b4dffffffff-2019-10,4
8466b4dffffffff-2019-11,3
8466b4dffffffff-2019-12,4
8466b4dffffffff-2020-01,1
8466b4dffffffff-2020-02,4
8466b4dffffffff-2020-03,1
8466b4dffffffff-2020-10,2
8466b4dffffffff-2020-11,2
8466b4dffffffff-2020-12,1
8466b4dffffffff-2021-01,3
8466b4dffffffff-2021-02,5
8466b4dffffffff-2021-03,9
8466b4dffffffff-2021-04,1
8466b4dffffffff-2021-09,3
8466b4dffffffff-2021-10,7
8466b4dffffffff-2021-11,2
8466b4dffffffff-2021-12,5
8466b4dffffffff-2022-01,3
8466b4dffffffff-2022-02,7
8466b4dffffffff-2022-03,5
8466b4dffffffff-2022-04,1
8466b4dffffffff-2022-10,6
8466b4dffffffff-2022-11,3
8466b4dffffffff-2022-12,8
8466b4dffffffff-2023-01,2
8466b4dffffffff-2023-02,9
8466b4dffffffff-2023-03,8
8466b4dffffffff-2023-04,52
8466b4dffffffff-2023-05,3
8466b4dffffffff-2023-08,10
8466b4dffffffff-2023-09,6
8466b4dffffffff-2023-10,6
8466b4dffffffff-2023-11,11
8466b51ffffffff-2019-10,1
8466b51ffffffff-2019-12,1
8466b53ffffffff-2018-09,4
8466b53ffffffff-2018-10,1
8466b53ffffffff-2018-12,1
8466b53ffffffff-2019-05,3
8466b53ffffffff-2019-12,4
8466b53ffffffff-2020-11,2
8466b53ffffffff-2022-09,2
8466b53ffffffff-2023-10,4
8466b55ffffffff-2012-02,1
8466b55ffffffff-2014-01,1
8466b55ffffffff-2014-02,3
8466b55ffffffff-2014-09,1
8466b55ffffffff-2014-10,1
8466b55ffffffff-2015-01,3
8466b55ffffffff-2015-02,6
8466b55ffffffff-2015-03,1
8466b55ffffffff-2016-01,1
8466b55ffffffff-2016-02,1
8466b55ffffffff-2016-03,1
8466b55ffffffff-2016-04,1
8466b55ffffffff-2016-12,1
8466b55ffffffff-2017-01,5
8466b55ffffffff-2018-01,1
8466b55ffffffff-2018-04,2
8466b55ffffffff-2018-05,4
8466b55ffffffff-2018-11,2
8466b55ffffffff-2018-12,1
8466b55ffffffff-2019-02,4
8466b55ffffffff-2019-10,1
8466b55ffffffff-2019-12,3
8466b55ffffffff-2020-02,3
8466b55ffffffff-2020-03,3
8466b55ffffffff-2020-11,1
8466b55ffffffff-2021-01,10
8466b55ffffffff-2021-03,1
8466b55ffffffff-2021-04,1
8466b55ffffffff-2022-01,1
8466b55ffffffff-2022-02,1
8466b55ffffffff-2022-12,4
8466b55ffffffff-2023-03,1
8466b55ffffffff-2023-04,1
8466b57ffffffff-2014-09,12
8466b57ffffffff-2014-10,1
8466b57ffffffff-2015-09,6
8466b57ffffffff-2016-03,1
8466b57ffffffff-2016-09,3
8466b57ffffffff-2016-10,3
8466b57ffffffff-2016-12,2
8466b57ffffffff-2017-01,10
8466b57ffffffff-2017-05,2
8466b57ffffffff-2017-08,3
8466b57ffffffff-2017-09,9
8466b57ffffffff-2017-10,3
8466b57ffffffff-2017-11,1
8466b57ffffffff-2017-12,4
8466b57ffffffff-2018-01,15
8466b57ffffffff-2018-02,3
8466b57ffffffff-2018-03,7
8466b57ffffffff-2018-04,2
8466b57ffffffff-2018-05,3
8466b57ffffffff-2018-07,2
8466b57ffffffff-2018-08,1
8466b57ffffffff-2018-09,2
8466b57ffffffff-2018-10,4
8466b57ffffffff-2018-11,9
8466b57ffffffff-2018-12,11
8466b57ffffffff-2019-01,17
8466b57ffffffff-2019-02,10
8466b57ffffffff-2019-03,5
8466b57ffffffff-2019-04,1
8466b57ffffffff-2019-05,7
8466b57ffffffff-2019-07,2
8466b57ffffffff-2019-08,4
8466b57ffffffff-2019-09,23
8466b57ffffffff-2019-10,29
8466b57ffffffff-2019-11,8
8466b57ffffffff-2019-12,20
8466b57ffffffff-2020-01,19
8466b57ffffffff-2020-02,48
8466b57ffffffff-2020-03,17
8466b57ffffffff-2020-04,5
8466b57ffffffff-2020-05,6
8466b57ffffffff-2020-08,17
8466b57ffffffff-2020-09,9
8466b57ffffffff-2020-10,10
8466b57ffffffff-2020-11,9
8466b57ffffffff-2020-12,20
8466b57ffffffff-2021-01,37
8466b57ffffffff-2021-02,35
8466b57ffffffff-2021-03,1
8466b57ffffffff-2021-04,1
8466b57ffffffff-2021-05,7
8466b57ffffffff-2021-06,2
8466b57ffffffff-2021-07,2
8466b57ffffffff-2021-08,6
8466b57ffffffff-2021-09,9
8466b57ffffffff-2021-10,27
8466b57ffffffff-2021-11,17
8466b57ffffffff-2021-12,20
8466b57ffffffff-2022-01,40
8466b57ffffffff-2022-02,19
8466b57ffffffff-2022-03,6
8466b57ffffffff-2022-04,9
8466b57ffffffff-2022-05,6
8466b57ffffffff-2022-06,6
8466b57ffffffff-2022-07,1
8466b57ffffffff-2022-08,1
8466b57ffffffff-2022-09,3
8466b57ffffffff-2022-10,13
8466b57ffffffff-2022-11,12
8466b57ffffffff-2022-12,40
8466b57ffffffff-2023-01,37
8466b57ffffffff-2023-02,10
8466b57ffffffff-2023-03,15
8466b57ffffffff-2023-04,3
8466b57ffffffff-2023-07,3
8466b57ffffffff-2023-08,9
8466b57ffffffff-2023-09,2
8466b57ffffffff-2023-10,11
8466b57ffffffff-2023-11,11
8466b59ffffffff-2018-10,1
8466b59ffffffff-2021-02,4
8466b59ffffffff-2021-09,2
8466b59ffffffff-2021-10,3
8466b59ffffffff-2022-01,2
8466b59ffffffff-2022-11,1
8466b59ffffffff-2023-09,4
8466b59ffffffff-2023-10,2
8466b5bffffffff-2021-05,1
8466b5bffffffff-2022-04,5
8466b69ffffffff-2012-01,1
8466b69ffffffff-2012-04,1
8466b69ffffffff-2013-02,1
8466b69ffffffff-2013-11,1
8466b69ffffffff-2014-05,1
8466b69ffffffff-2014-06,1
8466b69ffffffff-2014-08,3
8466b69ffffffff-2015-04,1
8466b69ffffffff-2016-04,1
8466b69ffffffff-2016-08,2
8466b69ffffffff-2016-09,2
8466b69ffffffff-2017-12,1
8466b69ffffffff-2018-02,2
8466b69ffffffff-2018-10,1
8466b69ffffffff-2019-08,1
8466b69ffffffff-2020-01,1
8466b69ffffffff-2020-02,2
8466b69ffffffff-2020-10,4
8466b69ffffffff-2020-12,1
8466b69ffffffff-2021-05,21
8466b69ffffffff-2021-10,1
8466b69ffffffff-2022-01,2
8466b69ffffffff-2022-03,3
8466b69ffffffff-2022-09,1
8466b69ffffffff-2023-01,2
8466b69ffffffff-2023-03,2
8466b69ffffffff-2023-10,1
8466c01ffffffff-2018-09,1
8466c01ffffffff-2020-05,1
8466c01ffffffff-2021-12,1
8466c01ffffffff-2023-10,2
8466c07ffffffff-2021-09,1
8466c1dffffffff-2020-11,1
8466c21ffffffff-2019-09,1
8466c21ffffffff-2019-10,11
8466c21ffffffff-2021-12,1
8466c23ffffffff-2017-12,1
8466c23ffffffff-2018-04,2
8466c23ffffffff-2018-11,1
8466c23ffffffff-2018-12,1
8466c23ffffffff-2020-10,1
8466c23ffffffff-2022-09,1
8466c25ffffffff-2012-09,2
8466c25ffffffff-2020-08,2
8466c25ffffffff-2020-12,1
8466c25ffffffff-2022-03,1
8466c25ffffffff-2023-05,1
8466c25ffffffff-2023-11,8
8466c27ffffffff-2020-01,1
8466c27ffffffff-2022-10,1
8466c2bffffffff-2016-12,1
8466c2dffffffff-2012-09,1
8466c2dffffffff-2015-08,1
8466c37ffffffff-2017-01,4
8466c37ffffffff-2023-11,1
8466c39ffffffff-2015-11,1
8466c39ffffffff-2022-09,1
8466c41ffffffff-2020-04,1
8466c41ffffffff-2021-10,4
8466c41ffffffff-2022-09,1
8466c41ffffffff-2023-10,8
8466c45ffffffff-2019-10,2
8466c47ffffffff-2018-08,2
8466c47ffffffff-2022-09,1
8466c47ffffffff-2023-08,1
8466c47ffffffff-2023-11,13
8466c49ffffffff-2018-03,1
8466c49ffffffff-2018-05,1
8466c49ffffffff-2021-11,4
8466c49ffffffff-2022-09,2
8466c49ffffffff-2023-02,11
8466c49ffffffff-2023-09,2
8466c49ffffffff-2023-10,1
8466c63ffffffff-2017-09,1
8466c63ffffffff-2017-11,2
8466c63ffffffff-2018-12,1
8466c63ffffffff-2019-02,1
8466c63ffffffff-2019-03,5
8466c63ffffffff-2019-08,2
8466c63ffffffff-2019-10,1
8466c63ffffffff-2021-10,1
8466c63ffffffff-2021-11,1
8466c63ffffffff-2022-08,4
8466c63ffffffff-2022-09,1
8466c63ffffffff-2022-10,2
8466c63ffffffff-2023-05,1
8466c63ffffffff-2023-10,2
8466c65ffffffff-2013-02,1
8466c65ffffffff-2019-08,1
8466c65ffffffff-2022-10,1
8466c69ffffffff-2019-10,3
8466c6bffffffff-2018-10,2
8466c6bffffffff-2020-10,4
8466c6dffffffff-2018-12,3
8466c6dffffffff-2020-10,8
8466c6dffffffff-2020-11,8
8466c6dffffffff-2020-12,6
8466c6dffffffff-2021-02,1
8466c6dffffffff-2023-01,1
8466c6dffffffff-2023-09,1
8466ce1ffffffff-2019-09,1
8466ce9ffffffff-2017-03,4
8466cedffffffff-2020-04,1
8466d05ffffffff-2012-11,1
8466d05ffffffff-2014-11,2
8466d05ffffffff-2015-04,1
8466d05ffffffff-2015-09,1
8466d05ffffffff-2016-01,1
8466d05ffffffff-2016-04,1
8466d05ffffffff-2016-10,2
8466d05ffffffff-2016-11,3
8466d05ffffffff-2016-12,4
8466d05ffffffff-2017-02,1
8466d05ffffffff-2017-10,11
8466d05ffffffff-2017-11,1
8466d05ffffffff-2018-01,1
8466d05ffffffff-2018-09,1
8466d05ffffffff-2018-12,2
8466d05ffffffff-2019-02,2
8466d05ffffffff-2019-03,1
8466d05ffffffff-2019-11,12
8466d05ffffffff-2020-02,2
8466d05ffffffff-2020-09,1
8466d05ffffffff-2021-03,26
8466d05ffffffff-2021-09,9
8466d05ffffffff-2021-10,6
8466d05ffffffff-2021-12,5
8466d05ffffffff-2022-01,2
8466d05ffffffff-2022-03,2
8466d05ffffffff-2022-12,2
8466d05ffffffff-2023-01,4
8466d05ffffffff-2023-02,3
8466d05ffffffff-2023-10,1
8466d0dffffffff-2015-03,3
8466d0dffffffff-2015-09,1
8466d0dffffffff-2017-11,1
8466d0dffffffff-2017-12,2
8466d0dffffffff-2018-02,2
8466d0dffffffff-2018-05,5
8466d0dffffffff-2018-06,1
8466d0dffffffff-2018-07,4
8466d0dffffffff-2018-08,1
8466d0dffffffff-2018-09,1
8466d0dffffffff-2018-10,10
8466d0dffffffff-2018-12,1
8466d0dffffffff-2019-05,2
8466d0dffffffff-2019-07,1
8466d0dffffffff-2019-08,30
8466d0dffffffff-2019-10,6
8466d0dffffffff-2019-11,13
8466d0dffffffff-2019-12,1
8466d0dffffffff-2020-01,9
8466d0dffffffff-2020-02,6
8466d0dffffffff-2020-12,1
8466d0dffffffff-2021-01,7
8466d0dffffffff-2021-02,3
8466d0dffffffff-2021-08,4
8466d0dffffffff-2021-09,2
8466d0dffffffff-2022-01,2
8466d0dffffffff-2022-02,9
8466d0dffffffff-2022-03,15
8466d0dffffffff-2022-05,5
8466d0dffffffff-2022-07,11
8466d0dffffffff-2022-08,2
8466d0dffffffff-2023-02,1
8466d0dffffffff-2023-07,2
8466d0dffffffff-2023-08,3
8466d0dffffffff-2023-11,3
8466d11ffffffff-2019-03,1
8466d11ffffffff-2020-09,1
8466d15ffffffff-2014-10,2
8466d15ffffffff-2015-02,1
8466d15ffffffff-2015-09,1
8466d15ffffffff-2016-09,1
8466d15ffffffff-2016-10,1
8466d15ffffffff-2016-12,2
8466d15ffffffff-2017-02,1
8466d15ffffffff-2018-01,2
8466d15ffffffff-2018-10,3
8466d15ffffffff-2019-01,1
8466d15ffffffff-2019-02,1
8466d15ffffffff-2019-05,1
8466d15ffffffff-2019-10,2
8466d15ffffffff-2020-10,2
8466d15ffffffff-2021-10,1
8466d15ffffffff-2022-02,1
8466d15ffffffff-2023-09,9
8466d15ffffffff-2023-10,1
8466d15ffffffff-2023-11,1
8466d1dffffffff-2016-03,1
8466d23ffffffff-2018-09,1
8466d25ffffffff-2014-11,1
8466d25ffffffff-2015-02,1
8466d25ffffffff-2016-01,1
8466d25ffffffff-2019-11,1
8466d25ffffffff-2020-12,3
8466d25ffffffff-2021-09,3
8466d25ffffffff-2022-08,2
8466d27ffffffff-2021-09,2
8466d29ffffffff-2014-11,1
8466d29ffffffff-2020-02,2
8466d29ffffffff-2021-03,2
8466d33ffffffff-2014-09,2
8466d33ffffffff-2014-10,2
8466d33ffffffff-2014-11,7
8466d33ffffffff-2015-01,6
8466d33ffffffff-2015-02,4
8466d33ffffffff-2015-03,1
8466d33ffffffff-2015-08,3
8466d33ffffffff-2015-09,6
8466d33ffffffff-2015-11,4
8466d33ffffffff-2015-12,2
8466d33ffffffff-2016-07,2
8466d33ffffffff-2016-08,6
8466d33ffffffff-2016-09,4
8466d33ffffffff-2016-10,1
8466d33ffffffff-2016-11,5
8466d33ffffffff-2017-01,2
8466d33ffffffff-2017-09,4
8466d33ffffffff-2017-10,14
8466d33ffffffff-2017-11,11
8466d33ffffffff-2018-01,1
8466d33ffffffff-2018-02,5
8466d33ffffffff-2018-03,13
8466d33ffffffff-2018-04,3
8466d33ffffffff-2018-10,7
8466d33ffffffff-2018-11,5
8466d33ffffffff-2019-01,6
8466d33ffffffff-2019-02,22
8466d33ffffffff-2019-03,21
8466d33ffffffff-2019-04,2
8466d33ffffffff-2019-10,2
8466d33ffffffff-2019-12,2
8466d33ffffffff-2020-02,2
8466d33ffffffff-2020-09,3
8466d33ffffffff-2020-10,6
8466d33ffffffff-2020-12,1
8466d33ffffffff-2021-08,4
8466d33ffffffff-2021-09,3
8466d33ffffffff-2021-10,1
8466d33ffffffff-2021-11,9
8466d33ffffffff-2022-01,1
8466d33ffffffff-2022-02,1
8466d33ffffffff-2022-08,2
8466d33ffffffff-2022-10,7
8466d33ffffffff-2022-11,2
8466d33ffffffff-2023-07,3
8466d33ffffffff-2023-08,2
8466d33ffffffff-2023-09,13
8466d33ffffffff-2023-10,3
8466d33ffffffff-2023-11,4
8466d39ffffffff-2018-10,1
8466d3bffffffff-2012-02,3
8466d3bffffffff-2012-11,2
8466d3bffffffff-2013-02,1
8466d3bffffffff-2014-02,2
8466d3bffffffff-2014-09,2
8466d3bffffffff-2014-10,1
8466d3bffffffff-2014-11,6
8466d3bffffffff-2015-09,2
8466d3bffffffff-2015-10,3
8466d3bffffffff-2015-11,3
8466d3bffffffff-2015-12,1
8466d3bffffffff-2016-01,1
8466d3bffffffff-2016-03,1
8466d3bffffffff-2016-10,1
8466d3bffffffff-2016-11,3
8466d3bffffffff-2016-12,2
8466d3bffffffff-2017-02,2
8466d3bffffffff-2017-03,1
8466d3bffffffff-2017-07,1
8466d3bffffffff-2017-10,16
8466d3bffffffff-2018-01,1
8466d3bffffffff-2018-02,7
8466d3bffffffff-2018-03,1
8466d3bffffffff-2018-10,1
8466d3bffffffff-2019-01,7
8466d3bffffffff-2019-02,3
8466d3bffffffff-2019-03,1
8466d3bffffffff-2019-09,6
8466d3bffffffff-2019-10,6
8466d3bffffffff-2019-11,2
8466d3bffffffff-2020-09,1
8466d3bffffffff-2020-10,2
8466d3bffffffff-2020-12,3
8466d3bffffffff-2021-01,19
8466d3bffffffff-2021-02,4
8466d3bffffffff-2021-03,9
8466d3bffffffff-2021-04,6
8466d3bffffffff-2021-08,4
8466d3bffffffff-2021-09,11
8466d3bffffffff-2021-10,6
8466d3bffffffff-2021-11,4
8466d3bffffffff-2021-12,6
8466d3bffffffff-2022-01,14
8466d3bffffffff-2022-02,12
8466d3bffffffff-2022-03,5
8466d3bffffffff-2022-05,1
8466d3bffffffff-2022-08,6
8466d3bffffffff-2022-09,2
8466d3bffffffff-2022-10,6
8466d3bffffffff-2022-11,8
8466d3bffffffff-2022-12,17
8466d3bffffffff-2023-01,4
8466d3bffffffff-2023-02,35
8466d3bffffffff-2023-03,1
8466d3bffffffff-2023-09,9
8466d3bffffffff-2023-10,1
8466d3bffffffff-2023-11,4
8466d47ffffffff-2015-09,1
8466d47ffffffff-2019-05,2
8466d47ffffffff-2021-03,1
8466d47ffffffff-2021-07,3
8466d47ffffffff-2021-12,1
8466d47ffffffff-2023-07,2
8466d49ffffffff-2017-11,1
8466d49ffffffff-2019-09,3
8466d49ffffffff-2023-07,1
8466d53ffffffff-2019-01,1
8466d53ffffffff-2021-09,1
8466d53ffffffff-2022-02,1
8466d8dffffffff-2019-09,3
8466da1ffffffff-2023-10,1
8466dadffffffff-2020-02,1
8466db1ffffffff-2019-11,1
8466db1ffffffff-2023-09,1
8466dc3ffffffff-2012-06,1
8466dc3ffffffff-2012-08,1
8466dc3ffffffff-2012-09,1
8466dc3ffffffff-2013-01,1
8466dc3ffffffff-2013-11,2
8466dc3ffffffff-2014-01,1
8466dc3ffffffff-2014-09,3
8466dc3ffffffff-2015-02,2
8466dc3ffffffff-2016-01,1
8466dc3ffffffff-2016-03,3
8466dc3ffffffff-2016-07,2
8466dc3ffffffff-2016-08,1
8466dc3ffffffff-2016-11,1
8466dc3ffffffff-2017-08,1
8466dc3ffffffff-2017-12,2
8466dc3ffffffff-2018-08,1
8466dc3ffffffff-2018-12,5
8466dc3ffffffff-2019-03,2
8466dc3ffffffff-2019-09,1
8466dc3ffffffff-2019-12,4
8466dc3ffffffff-2020-02,9
8466dc3ffffffff-2020-03,1
8466dc3ffffffff-2020-10,2
8466dc3ffffffff-2020-12,2
8466dc3ffffffff-2021-10,5
8466dc3ffffffff-2021-11,1
8466dc3ffffffff-2021-12,2
8466dc3ffffffff-2022-01,5
8466dc3ffffffff-2022-02,1
8466dc3ffffffff-2022-08,5
8466dc3ffffffff-2022-10,8
8466dc3ffffffff-2022-11,1
8466dc3ffffffff-2023-08,2
8466dc3ffffffff-2023-09,20
8466dc3ffffffff-2023-10,7
8466dc3ffffffff-2023-11,5
8466dc7ffffffff-2016-02,2
8466dc7ffffffff-2016-10,2
8466dc7ffffffff-2017-10,1
8466dc7ffffffff-2020-12,2
8466dc7ffffffff-2021-10,1
8466dc7ffffffff-2023-10,6
8466dc9ffffffff-2018-05,1
8466dc9ffffffff-2019-10,11
8466dcbffffffff-2012-10,3
8466dcbffffffff-2017-08,1
8466dcbffffffff-2017-09,2
8466dcbffffffff-2018-11,1
8466dcbffffffff-2020-10,1
8466dcbffffffff-2020-11,1
8466dcbffffffff-2023-09,1
8466dcdffffffff-2014-12,1
8466dd3ffffffff-2019-12,2
8466dd3ffffffff-2023-09,1
8466dd5ffffffff-2018-01,2
8466ddbffffffff-2019-11,1
8466dddffffffff-2012-11,1
8466dddffffffff-2017-09,2
8466dddffffffff-2020-01,1
8466dddffffffff-2021-10,1
8466dddffffffff-2022-08,2
8466de1ffffffff-2019-11,1
8466de3ffffffff-2013-09,1
8466de3ffffffff-2018-03,1
8466de3ffffffff-2021-09,1
8466de3ffffffff-2022-02,1
8466de3ffffffff-2022-10,4
8466de3ffffffff-2022-11,2
8466de3ffffffff-2023-08,1
8466de3ffffffff-2023-10,1
8466de5ffffffff-2012-02,3
8466de5ffffffff-2013-02,1
8466de5ffffffff-2014-10,2
8466de5ffffffff-2014-11,1
8466de5ffffffff-2015-01,1
8466de5ffffffff-2015-02,2
8466de5ffffffff-2015-04,1
8466de5ffffffff-2015-11,3
8466de5ffffffff-2016-01,1
8466de5ffffffff-2016-11,3
8466de5ffffffff-2017-09,3
8466de5ffffffff-2017-11,8
8466de5ffffffff-2018-11,3
8466de5ffffffff-2019-01,1
8466de5ffffffff-2019-02,6
8466de5ffffffff-2019-03,1
8466de5ffffffff-2019-04,3
8466de5ffffffff-2019-09,1
8466de5ffffffff-2019-11,2
8466de5ffffffff-2019-12,4
8466de5ffffffff-2020-02,11
8466de5ffffffff-2020-03,4
8466de5ffffffff-2020-11,2
8466de5ffffffff-2021-02,2
8466de5ffffffff-2021-07,1
8466de5ffffffff-2021-10,2
8466de5ffffffff-2021-12,2
8466de5ffffffff-2022-01,2
8466de5ffffffff-2022-02,2
8466de5ffffffff-2022-03,1
8466de5ffffffff-2022-09,2
8466de5ffffffff-2022-10,1
8466de5ffffffff-2022-12,8
8466de5ffffffff-2023-01,8
8466de5ffffffff-2023-02,4
8466de5ffffffff-2023-03,10
8466de5ffffffff-2023-04,7
8466de5ffffffff-2023-09,11
8466de5ffffffff-2023-10,13
8466de5ffffffff-2023-11,1
8466de7ffffffff-2022-09,1
8466debffffffff-2022-01,1
8466debffffffff-2023-11,1
8466dedffffffff-2018-01,1
8466dedffffffff-2018-02,1
8466dedffffffff-2019-04,1
8466dedffffffff-2019-10,1
8466dedffffffff-2019-11,2
8466dedffffffff-2020-01,2
8466dedffffffff-2022-02,1
8466dedffffffff-2023-01,3
8466dedffffffff-2023-03,1
8466dedffffffff-2023-10,1
8466e01ffffffff-2013-11,1
8466e05ffffffff-2022-09,1
8466e07ffffffff-2019-02,1
8466e07ffffffff-2020-03,5
8466e07ffffffff-2023-11,2
8466e09ffffffff-2013-02,1
8466e09ffffffff-2013-04,1
8466e09ffffffff-2014-10,4
8466e09ffffffff-2015-02,2
8466e09ffffffff-2015-03,1
8466e09ffffffff-2015-10,1
8466e09ffffffff-2015-11,2
8466e09ffffffff-2015-12,1
8466e09ffffffff-2016-01,1
8466e09ffffffff-2016-02,7
8466e09ffffffff-2016-05,1
8466e09ffffffff-2016-10,3
8466e09ffffffff-2016-11,1
8466e09ffffffff-2016-12,1
8466e09ffffffff-2017-01,1
8466e09ffffffff-2017-02,10
8466e09ffffffff-2017-08,2
8466e09ffffffff-2017-10,1
8466e09ffffffff-2018-04,2
8466e09ffffffff-2018-05,1
8466e09ffffffff-2018-09,4
8466e09ffffffff-2018-12,5
8466e09ffffffff-2019-01,3
8466e09ffffffff-2019-02,2
8466e09ffffffff-2019-03,1
8466e09ffffffff-2019-07,10
8466e09ffffffff-2019-10,4
8466e09ffffffff-2019-11,5
8466e09ffffffff-2019-12,6
8466e09ffffffff-2020-01,8
8466e09ffffffff-2020-02,1
8466e09ffffffff-2020-03,2
8466e09ffffffff-2020-08,1
8466e09ffffffff-2020-10,9
8466e09ffffffff-2020-11,2
8466e09ffffffff-2020-12,4
8466e09ffffffff-2021-02,5
8466e09ffffffff-2021-03,2
8466e09ffffffff-2021-04,1
8466e09ffffffff-2021-09,5
8466e09ffffffff-2021-10,1
8466e09ffffffff-2021-11,2
8466e09ffffffff-2022-01,3
8466e09ffffffff-2022-03,5
8466e09ffffffff-2022-08,3
8466e09ffffffff-2022-09,4
8466e09ffffffff-2022-10,2
8466e09ffffffff-2022-11,5
8466e09ffffffff-2022-12,3
8466e09ffffffff-2023-01,8
8466e09ffffffff-2023-02,17
8466e09ffffffff-2023-03,10
8466e09ffffffff-2023-04,6
8466e09ffffffff-2023-07,3
8466e09ffffffff-2023-08,1
8466e09ffffffff-2023-09,10
8466e09ffffffff-2023-10,5
8466e09ffffffff-2023-11,4
8466e0bffffffff-2018-04,1
8466e0bffffffff-2018-12,1
8466e0bffffffff-2019-01,1
8466e0bffffffff-2019-03,5
8466e0bffffffff-2019-04,2
8466e0bffffffff-2020-03,1
8466e0bffffffff-2020-04,1
8466e0bffffffff-2021-03,1
8466e0bffffffff-2021-12,1
8466e0bffffffff-2022-01,7
8466e0dffffffff-2017-03,1
8466e0dffffffff-2020-04,1
8466e15ffffffff-2019-03,1
8466e15ffffffff-2020-01,2
8466e15ffffffff-2020-10,2
8466e15ffffffff-2021-01,3
8466e15ffffffff-2022-05,1
8466e1dffffffff-2018-11,3
8466e1dffffffff-2021-01,2
8466e1dffffffff-2021-04,2
8466e23ffffffff-2022-09,1
8466e29ffffffff-2012-11,1
8466e29ffffffff-2018-05,1
8466e29ffffffff-2019-10,2
8466e2bffffffff-2015-09,1
8466e41ffffffff-2023-03,3
8466e43ffffffff-2012-03,4
8466e43ffffffff-2012-09,1
8466e43ffffffff-2012-12,3
8466e43ffffffff-2013-01,3
8466e43ffffffff-2013-02,1
8466e43ffffffff-2013-03,2
8466e43ffffffff-2013-11,1
8466e43ffffffff-2014-01,1
8466e43ffffffff-2014-02,2
8466e43ffffffff-2014-03,1
8466e43ffffffff-2014-08,3
8466e43ffffffff-2014-10,2
8466e43ffffffff-2014-11,1
8466e43ffffffff-2014-12,2
8466e43ffffffff-2015-01,2
8466e43ffffffff-2015-02,6
8466e43ffffffff-2015-03,7
8466e43ffffffff-2015-08,8
8466e43ffffffff-2015-09,11
8466e43ffffffff-2015-10,5
8466e43ffffffff-2015-11,5
8466e43ffffffff-2015-12,5
8466e43ffffffff-2016-01,14
8466e43ffffffff-2016-02,8
8466e43ffffffff-2016-03,8
8466e43ffffffff-2016-11,5
8466e43ffffffff-2016-12,8
8466e43ffffffff-2017-01,14
8466e43ffffffff-2017-02,14
8466e43ffffffff-2017-03,4
8466e43ffffffff-2017-09,4
8466e43ffffffff-2017-10,4
8466e43ffffffff-2017-11,1
8466e43ffffffff-2017-12,10
8466e43ffffffff-2018-01,25
8466e43ffffffff-2018-02,19
8466e43ffffffff-2018-03,9
8466e43ffffffff-2018-04,4
8466e43ffffffff-2018-09,10
8466e43ffffffff-2018-10,21
8466e43ffffffff-2018-11,1
8466e43ffffffff-2018-12,17
8466e43ffffffff-2019-01,11
8466e43ffffffff-2019-02,15
8466e43ffffffff-2019-03,8
8466e43ffffffff-2019-04,6
8466e43ffffffff-2019-05,2
8466e43ffffffff-2019-06,1
8466e43ffffffff-2019-09,1
8466e43ffffffff-2019-10,11
8466e43ffffffff-2019-11,1
8466e43ffffffff-2019-12,21
8466e43ffffffff-2020-01,38
8466e43ffffffff-2020-02,35
8466e43ffffffff-2020-03,14
8466e43ffffffff-2020-08,6
8466e43ffffffff-2020-09,14
8466e43ffffffff-2020-10,25
8466e43ffffffff-2020-11,6
8466e43ffffffff-2020-12,18
8466e43ffffffff-2021-01,5
8466e43ffffffff-2021-02,22
8466e43ffffffff-2021-03,17
8466e43ffffffff-2021-04,7
8466e43ffffffff-2021-08,16
8466e43ffffffff-2021-09,6
8466e43ffffffff-2021-10,6
8466e43ffffffff-2021-11,21
8466e43ffffffff-2021-12,23
8466e43ffffffff-2022-01,50
8466e43ffffffff-2022-02,21
8466e43ffffffff-2022-03,19
8466e43ffffffff-2022-04,8
8466e43ffffffff-2022-09,7
8466e43ffffffff-2022-10,2
8466e43ffffffff-2022-11,11
8466e43ffffffff-2022-12,11
8466e43ffffffff-2023-01,10
8466e43ffffffff-2023-02,18
8466e43ffffffff-2023-03,10
8466e43ffffffff-2023-04,2
8466e43ffffffff-2023-07,1
8466e43ffffffff-2023-08,2
8466e43ffffffff-2023-09,17
8466e43ffffffff-2023-10,12
8466e43ffffffff-2023-11,5
8466e45ffffffff-2018-03,2
8466e45ffffffff-2019-12,5
8466e45ffffffff-2022-01,1
8466e45ffffffff-2022-02,3
8466e47ffffffff-2015-04,1
8466e47ffffffff-2016-02,1
8466e47ffffffff-2017-04,1
8466e47ffffffff-2018-02,1
8466e47ffffffff-2019-10,1
8466e47ffffffff-2020-01,1
8466e47ffffffff-2022-11,1
8466e47ffffffff-2023-02,3
8466e47ffffffff-2023-09,3
8466e47ffffffff-2023-10,2
8466e47ffffffff-2023-11,1
8466e4bffffffff-2019-01,1
8466e4bffffffff-2020-09,1
8466e4bffffffff-2021-01,1
8466e4bffffffff-2022-08,4
8466e4bffffffff-2023-01,1
8466e4bffffffff-2023-02,4
8466e4dffffffff-2019-02,1
8466e4dffffffff-2019-10,1
8466e51ffffffff-2022-05,10
8466e53ffffffff-2015-03,4
8466e53ffffffff-2017-02,1
8466e53ffffffff-2018-04,4
8466e53ffffffff-2019-01,1
8466e53ffffffff-2022-02,3
8466e53ffffffff-2022-03,3
8466e53ffffffff-2022-07,4
8466e57ffffffff-2017-12,1
8466e57ffffffff-2018-01,7
8466e57ffffffff-2018-04,12
8466e57ffffffff-2018-05,3
8466e57ffffffff-2018-10,5
8466e57ffffffff-2018-11,1
8466e57ffffffff-2019-01,6
8466e57ffffffff-2019-02,3
8466e57ffffffff-2019-03,11
8466e57ffffffff-2020-01,16
8466e57ffffffff-2020-02,1
8466e57ffffffff-2020-06,1
8466e57ffffffff-2021-01,1
8466e57ffffffff-2021-02,6
8466e57ffffffff-2021-03,8
8466e57ffffffff-2021-04,2
8466e57ffffffff-2021-12,2
8466e57ffffffff-2022-01,3
8466e57ffffffff-2022-02,2
8466e57ffffffff-2022-03,2
8466e57ffffffff-2022-11,3
8466e57ffffffff-2023-01,3
8466e57ffffffff-2023-02,6
8466e57ffffffff-2023-03,1
8466e57ffffffff-2023-09,2
8466e5bffffffff-2020-02,2
8466e61ffffffff-2017-03,1
8466e61ffffffff-2017-04,1
8466e61ffffffff-2019-02,1
8466e63ffffffff-2013-01,1
8466e63ffffffff-2013-12,1
8466e63ffffffff-2015-08,1
8466e63ffffffff-2015-09,1
8466e63ffffffff-2015-10,1
8466e63ffffffff-2016-01,1
8466e63ffffffff-2016-02,6
8466e63ffffffff-2017-01,1
8466e63ffffffff-2017-05,2
8466e63ffffffff-2018-02,4
8466e63ffffffff-2018-12,5
8466e63ffffffff-2019-02,3
8466e63ffffffff-2019-03,2
8466e63ffffffff-2019-10,17
8466e63ffffffff-2019-12,2
8466e63ffffffff-2020-03,8
8466e63ffffffff-2020-11,5
8466e63ffffffff-2021-02,10
8466e63ffffffff-2021-03,9
8466e63ffffffff-2021-12,1
8466e63ffffffff-2022-01,1
8466e63ffffffff-2022-03,4
8466e63ffffffff-2023-02,3
8466e63ffffffff-2023-03,32
8466e63ffffffff-2023-04,8
8466e63ffffffff-2023-09,7
8466e65ffffffff-2016-11,1
8466e65ffffffff-2017-02,2
8466e65ffffffff-2018-10,1
8466e65ffffffff-2018-11,1
8466e65ffffffff-2018-12,1
8466e65ffffffff-2019-01,1
8466e65ffffffff-2019-04,1
8466e65ffffffff-2020-12,1
8466e65ffffffff-2021-01,3
8466e67ffffffff-2018-08,1
8466e67ffffffff-2023-02,2
8466e69ffffffff-2015-01,1
8466e69ffffffff-2018-01,1
8466e69ffffffff-2019-01,1
8466e6bffffffff-2015-01,1
8466e6bffffffff-2018-09,1
8466e6bffffffff-2018-11,2
8466e6bffffffff-2021-04,1
8466e6bffffffff-2022-09,1
8466e6bffffffff-2023-11,1
8466e6dffffffff-2012-02,2
8466e6dffffffff-2012-10,2
8466e6dffffffff-2015-11,3
8466e6dffffffff-2016-02,1
8466e6dffffffff-2016-03,1
8466e6dffffffff-2016-04,3
8466e6dffffffff-2016-09,6
8466e6dffffffff-2016-10,1
8466e6dffffffff-2016-11,10
8466e6dffffffff-2017-01,4
8466e6dffffffff-2017-02,12
8466e6dffffffff-2017-03,4
8466e6dffffffff-2017-04,5
8466e6dffffffff-2017-07,11
8466e6dffffffff-2017-08,5
8466e6dffffffff-2017-09,9
8466e6dffffffff-2017-10,10
8466e6dffffffff-2017-11,18
8466e6dffffffff-2017-12,4
8466e6dffffffff-2018-02,6
8466e6dffffffff-2018-08,15
8466e6dffffffff-2018-09,3
8466e6dffffffff-2018-10,3
8466e6dffffffff-2018-11,28
8466e6dffffffff-2018-12,3
8466e6dffffffff-2019-01,8
8466e6dffffffff-2019-02,11
8466e6dffffffff-2019-03,6
8466e6dffffffff-2019-04,1
8466e6dffffffff-2019-05,1
8466e6dffffffff-2020-12,2
8466e6dffffffff-2021-01,2
8466e6dffffffff-2021-02,4
8466e6dffffffff-2021-05,2
8466e6dffffffff-2021-09,4
8466e6dffffffff-2021-10,7
8466e6dffffffff-2021-11,28
8466e6dffffffff-2021-12,7
8466e6dffffffff-2022-02,9
8466e6dffffffff-2022-07,14
8466e6dffffffff-2022-08,2
8466e6dffffffff-2022-09,5
8466e6dffffffff-2022-10,35
8466e6dffffffff-2022-11,6
8466e6dffffffff-2023-01,2
8466e6dffffffff-2023-03,16
8466e6dffffffff-2023-08,11
8466e6dffffffff-2023-09,16
8466e6dffffffff-2023-10,6
8466e6dffffffff-2023-11,11
8466e8dffffffff-2022-12,1
8466e9bffffffff-2019-05,1
8466ec1ffffffff-2015-12,1
8466ec1ffffffff-2021-02,1
8466ec1ffffffff-2023-02,15
8466ec1ffffffff-2023-10,4
8466ec5ffffffff-2023-01,2
8466ec5ffffffff-2023-02,2
8466ec7ffffffff-2014-01,1
8466ec7ffffffff-2016-02,1
8466ec7ffffffff-2021-02,1
8466ec7ffffffff-2022-01,2
8466ec7ffffffff-2022-09,1
8466ecbffffffff-2021-02,1
8466ee5ffffffff-2018-11,2
8466ee5ffffffff-2019-04,2
8466ee5ffffffff-2022-04,2
8466ee7ffffffff-2023-04,1
8466f01ffffffff-2014-04,1
8466f01ffffffff-2015-10,1
8466f01ffffffff-2018-03,3
8466f01ffffffff-2018-05,1
8466f01ffffffff-2019-03,2
8466f01ffffffff-2019-11,3
8466f01ffffffff-2020-12,4
8466f01ffffffff-2021-03,4
8466f01ffffffff-2021-09,1
8466f01ffffffff-2021-10,7
8466f01ffffffff-2022-03,1
8466f01ffffffff-2023-08,3
8466f01ffffffff-2023-10,6
8466f03ffffffff-2019-04,2
8466f11ffffffff-2013-11,1
8466f11ffffffff-2015-02,1
8466f11ffffffff-2016-01,2
8466f11ffffffff-2016-02,1
8466f11ffffffff-2016-06,1
8466f11ffffffff-2016-11,6
8466f11ffffffff-2017-02,6
8466f11ffffffff-2017-12,2
8466f11ffffffff-2018-01,1
8466f11ffffffff-2018-02,1
8466f11ffffffff-2018-09,2
8466f11ffffffff-2019-05,2
8466f11ffffffff-2020-01,7
8466f11ffffffff-2020-09,38
8466f11ffffffff-2020-10,22
8466f11ffffffff-2020-11,10
8466f11ffffffff-2020-12,31
8466f11ffffffff-2021-01,5
8466f11ffffffff-2021-03,4
8466f11ffffffff-2021-09,17
8466f11ffffffff-2021-10,6
8466f11ffffffff-2021-11,3
8466f11ffffffff-2022-01,20
8466f11ffffffff-2022-02,17
8466f11ffffffff-2022-03,6
8466f11ffffffff-2022-04,24
8466f11ffffffff-2022-09,2
8466f11ffffffff-2022-10,11
8466f11ffffffff-2022-12,7
8466f11ffffffff-2023-01,3
8466f11ffffffff-2023-02,24
8466f11ffffffff-2023-03,3
8466f11ffffffff-2023-04,9
8466f11ffffffff-2023-09,15
8466f11ffffffff-2023-10,6
8466f11ffffffff-2023-11,6
8466f15ffffffff-2012-03,1
8466f15ffffffff-2014-03,2
8466f15ffffffff-2014-09,2
8466f15ffffffff-2015-10,4
8466f15ffffffff-2016-02,1
8466f15ffffffff-2017-02,2
8466f15ffffffff-2017-09,20
8466f15ffffffff-2017-11,1
8466f15ffffffff-2018-02,1
8466f15ffffffff-2018-03,4
8466f15ffffffff-2018-07,1
8466f15ffffffff-2018-09,6
8466f15ffffffff-2019-11,3
8466f15ffffffff-2020-01,1
8466f15ffffffff-2020-02,6
8466f15ffffffff-2020-09,4
8466f15ffffffff-2020-10,1
8466f15ffffffff-2020-12,4
8466f15ffffffff-2021-01,1
8466f15ffffffff-2021-02,1
8466f15ffffffff-2021-10,2
8466f15ffffffff-2021-11,9
8466f15ffffffff-2022-01,9
8466f15ffffffff-2022-04,1
8466f15ffffffff-2022-10,2
8466f15ffffffff-2022-11,8
8466f15ffffffff-2023-03,1
8466f15ffffffff-2023-09,1
8466f19ffffffff-2013-12,1
8466f19ffffffff-2015-10,1
8466f19ffffffff-2015-12,2
8466f19ffffffff-2016-02,2
8466f19ffffffff-2016-07,1
8466f19ffffffff-2016-08,1
8466f19ffffffff-2017-01,1
8466f19ffffffff-2017-03,1
8466f19ffffffff-2018-07,1
8466f19ffffffff-2018-12,2
8466f19ffffffff-2019-08,1
8466f19ffffffff-2019-09,2
8466f19ffffffff-2020-02,2
8466f19ffffffff-2020-10,1
8466f19ffffffff-2020-11,3
8466f19ffffffff-2021-02,2
8466f19ffffffff-2022-02,6
8466f19ffffffff-2022-07,1
8466f19ffffffff-2022-08,2
8466f19ffffffff-2022-10,9
8466f19ffffffff-2022-11,2
8466f19ffffffff-2023-07,4
8466f19ffffffff-2023-10,6
8466f1dffffffff-2014-10,1
8466f1dffffffff-2015-02,1
8466f1dffffffff-2015-10,4
8466f1dffffffff-2016-02,1
8466f1dffffffff-2016-03,1
8466f1dffffffff-2018-05,1
8466f1dffffffff-2018-10,4
8466f1dffffffff-2021-01,1
8466f1dffffffff-2021-10,2
8466f1dffffffff-2022-02,2
8466f1dffffffff-2022-10,3
8466f1dffffffff-2022-12,2
8466f1dffffffff-2023-01,1
8466f1dffffffff-2023-02,8
8466f1dffffffff-2023-03,4
8466f1dffffffff-2023-04,4
8466f1dffffffff-2023-10,18
8466f1dffffffff-2023-11,6
8466f23ffffffff-2017-10,1
8466f35ffffffff-2015-09,1
8466f51ffffffff-2019-10,1
8466f51ffffffff-2021-02,1
8466f51ffffffff-2021-07,1
8466f51ffffffff-2021-10,2
8466f51ffffffff-2023-01,1
8466f51ffffffff-2023-02,2
8466f53ffffffff-2017-05,1
8466f57ffffffff-2013-01,1
8466f57ffffffff-2013-02,2
8466f57ffffffff-2013-11,1
8466f57ffffffff-2014-01,5
8466f57ffffffff-2014-02,2
8466f57ffffffff-2014-04,1
8466f57ffffffff-2014-08,11
8466f57ffffffff-2014-09,1
8466f57ffffffff-2014-10,5
8466f57ffffffff-2014-12,1
8466f57ffffffff-2015-01,5
8466f57ffffffff-2015-02,8
8466f57ffffffff-2015-04,1
8466f57ffffffff-2015-08,3
8466f57ffffffff-2015-10,2
8466f57ffffffff-2015-12,1
8466f57ffffffff-2016-01,4
8466f57ffffffff-2016-02,10
8466f57ffffffff-2016-03,4
8466f57ffffffff-2016-08,1
8466f57ffffffff-2016-09,4
8466f57ffffffff-2016-10,1
8466f57ffffffff-2016-12,2
8466f57ffffffff-2017-01,2
8466f57ffffffff-2017-02,18
8466f57ffffffff-2017-03,14
8466f57ffffffff-2017-07,2
8466f57ffffffff-2017-08,2
8466f57ffffffff-2017-09,9
8466f57ffffffff-2017-10,6
8466f57ffffffff-2017-11,2
8466f57ffffffff-2017-12,3
8466f57ffffffff-2018-02,19
8466f57ffffffff-2018-03,8
8466f57ffffffff-2018-04,1
8466f57ffffffff-2018-06,5
8466f57ffffffff-2018-07,1
8466f57ffffffff-2018-08,3
8466f57ffffffff-2018-09,4
8466f57ffffffff-2018-10,1
8466f57ffffffff-2018-11,1
8466f57ffffffff-2018-12,2
8466f57ffffffff-2019-01,18
8466f57ffffffff-2019-02,36
8466f57ffffffff-2019-03,9
8466f57ffffffff-2019-04,1
8466f57ffffffff-2019-05,2
8466f57ffffffff-2019-07,1
8466f57ffffffff-2019-09,20
8466f57ffffffff-2019-10,13
8466f57ffffffff-2019-11,20
8466f57ffffffff-2019-12,1
8466f57ffffffff-2020-01,9
8466f57ffffffff-2020-02,36
8466f57ffffffff-2020-03,20
8466f57ffffffff-2020-10,13
8466f57ffffffff-2020-11,4
8466f57ffffffff-2020-12,1
8466f57ffffffff-2021-01,8
8466f57ffffffff-2021-02,6
8466f57ffffffff-2021-03,1
8466f57ffffffff-2021-06,2
8466f57ffffffff-2021-08,6
8466f57ffffffff-2021-09,6
8466f57ffffffff-2021-10,14
8466f57ffffffff-2021-11,10
8466f57ffffffff-2021-12,3
8466f57ffffffff-2022-01,9
8466f57ffffffff-2022-02,26
8466f57ffffffff-2022-05,3
8466f57ffffffff-2022-08,24
8466f57ffffffff-2022-09,18
8466f57ffffffff-2022-10,10
8466f57ffffffff-2022-11,4
8466f57ffffffff-2022-12,7
8466f57ffffffff-2023-01,30
8466f57ffffffff-2023-02,71
8466f57ffffffff-2023-03,10
8466f57ffffffff-2023-04,10
8466f57ffffffff-2023-05,10
8466f57ffffffff-2023-06,1
8466f57ffffffff-2023-07,2
8466f57ffffffff-2023-08,23
8466f57ffffffff-2023-09,25
8466f57ffffffff-2023-10,22
8466f57ffffffff-2023-11,24
8466f59ffffffff-2012-10,2
8466f59ffffffff-2012-11,2
8466f59ffffffff-2017-01,2
8466f59ffffffff-2018-11,3
8466f59ffffffff-2019-01,2
8466f59ffffffff-2019-02,7
8466f59ffffffff-2019-03,3
8466f59ffffffff-2019-11,2
8466f59ffffffff-2019-12,6
8466f59ffffffff-2020-02,13
8466f59ffffffff-2020-10,3
8466f59ffffffff-2020-11,8
8466f59ffffffff-2020-12,4
8466f59ffffffff-2021-03,1
8466f59ffffffff-2022-02,2
8466f59ffffffff-2022-04,4
8466f59ffffffff-2022-08,9
8466f59ffffffff-2022-10,3
8466f59ffffffff-2023-01,4
8466f59ffffffff-2023-02,4
8466f59ffffffff-2023-04,1
8466f59ffffffff-2023-10,7
8466f59ffffffff-2023-11,1
8466f5bffffffff-2015-12,1
8466f5bffffffff-2016-11,1
8466f5bffffffff-2017-11,1
8466f5bffffffff-2018-02,5
8466f5bffffffff-2018-10,4
8466f5bffffffff-2019-09,3
8466f5bffffffff-2020-01,3
8466f5bffffffff-2022-12,1
8466f5bffffffff-2023-02,3
8466f5bffffffff-2023-04,1
8467205ffffffff-2014-04,1
8467209ffffffff-2014-04,4
846720dffffffff-2021-01,1
8467229ffffffff-2012-04,1
8467229ffffffff-2013-08,1
8467229ffffffff-2013-12,2
8467229ffffffff-2020-10,3
8467243ffffffff-2018-09,1
8467243ffffffff-2018-10,1
8467247ffffffff-2020-12,1
8467249ffffffff-2015-12,1
8467249ffffffff-2017-02,2
846724bffffffff-2012-02,1
846724bffffffff-2013-02,1
846724bffffffff-2015-02,1
846724bffffffff-2016-02,1
846724bffffffff-2022-02,9
846724bffffffff-2022-08,2
8467251ffffffff-2013-02,2
8467251ffffffff-2019-01,2
8467251ffffffff-2019-02,5
8467251ffffffff-2019-04,2
8467251ffffffff-2019-05,3
8467251ffffffff-2019-08,2
8467251ffffffff-2019-09,2
8467251ffffffff-2019-10,4
8467251ffffffff-2019-11,1
8467251ffffffff-2019-12,2
8467251ffffffff-2020-01,2
8467251ffffffff-2020-11,1
8467251ffffffff-2021-01,3
8467251ffffffff-2021-02,2
8467251ffffffff-2021-03,6
8467251ffffffff-2021-04,11
8467251ffffffff-2021-05,3
8467251ffffffff-2021-12,1
8467251ffffffff-2022-01,10
8467251ffffffff-2022-02,2
8467251ffffffff-2022-03,2
8467251ffffffff-2022-04,4
8467251ffffffff-2022-12,2
8467253ffffffff-2012-03,2
8467253ffffffff-2012-12,1
8467253ffffffff-2013-02,1
8467253ffffffff-2013-09,1
8467253ffffffff-2013-11,3
8467253ffffffff-2014-02,1
8467253ffffffff-2014-11,2
8467253ffffffff-2014-12,3
8467253ffffffff-2015-01,11
8467253ffffffff-2015-03,1
8467253ffffffff-2015-09,2
8467253ffffffff-2016-01,6
8467253ffffffff-2016-02,3
8467253ffffffff-2016-03,4
8467253ffffffff-2017-01,1
8467253ffffffff-2017-02,4
8467253ffffffff-2017-03,6
8467253ffffffff-2017-04,1
8467253ffffffff-2018-02,8
8467253ffffffff-2018-12,4
8467253ffffffff-2019-01,5
8467253ffffffff-2019-02,2
8467253ffffffff-2019-03,6
8467253ffffffff-2019-04,2
8467253ffffffff-2019-10,2
8467253ffffffff-2019-11,4
8467253ffffffff-2020-01,13
8467253ffffffff-2020-02,1
8467253ffffffff-2020-03,2
8467253ffffffff-2020-10,2
8467253ffffffff-2020-11,4
8467253ffffffff-2020-12,1
8467253ffffffff-2021-07,3
8467253ffffffff-2021-08,1
8467253ffffffff-2021-09,1
8467253ffffffff-2021-11,4
8467253ffffffff-2021-12,3
8467253ffffffff-2022-01,8
8467253ffffffff-2022-02,5
8467253ffffffff-2022-03,16
8467253ffffffff-2022-04,4
8467253ffffffff-2023-01,10
8467253ffffffff-2023-02,16
8467253ffffffff-2023-03,13
8467253ffffffff-2023-04,6
8467253ffffffff-2023-08,1
8467253ffffffff-2023-11,3
8467259ffffffff-2012-10,3
8467259ffffffff-2017-02,2
8467259ffffffff-2018-08,2
8467259ffffffff-2020-03,4
8467259ffffffff-2022-03,2
8467259ffffffff-2022-04,4
8467259ffffffff-2023-04,1
846725bffffffff-2012-04,1
846725bffffffff-2015-02,2
846725bffffffff-2015-12,2
846725bffffffff-2017-03,2
846725bffffffff-2020-01,4
846725bffffffff-2022-03,5
846725dffffffff-2012-01,1
846725dffffffff-2013-01,3
846725dffffffff-2014-02,3
846725dffffffff-2014-03,1
846725dffffffff-2015-02,6
846725dffffffff-2015-03,6
846725dffffffff-2016-12,1
846725dffffffff-2017-02,4
8467261ffffffff-2022-03,3
8467263ffffffff-2012-03,1
8467263ffffffff-2012-08,1
8467263ffffffff-2012-10,2
8467263ffffffff-2012-12,2
8467263ffffffff-2013-01,1
8467263ffffffff-2013-08,1
8467263ffffffff-2013-09,2
8467263ffffffff-2013-10,1
8467263ffffffff-2013-12,5
8467263ffffffff-2014-02,2
8467263ffffffff-2014-03,1
8467263ffffffff-2014-04,9
8467263ffffffff-2014-12,5
8467263ffffffff-2015-12,2
8467263ffffffff-2016-01,2
8467263ffffffff-2016-02,1
8467263ffffffff-2017-01,2
8467263ffffffff-2017-06,1
8467263ffffffff-2017-12,5
8467263ffffffff-2018-01,2
8467263ffffffff-2018-03,1
8467263ffffffff-2018-12,7
8467263ffffffff-2019-02,1
8467263ffffffff-2019-03,2
8467263ffffffff-2019-12,6
8467263ffffffff-2020-01,11
8467263ffffffff-2020-03,1
8467263ffffffff-2020-04,1
8467263ffffffff-2020-05,1
8467263ffffffff-2020-12,6
8467263ffffffff-2021-01,1
8467263ffffffff-2021-03,1
8467263ffffffff-2021-12,1
8467263ffffffff-2022-01,2
8467263ffffffff-2022-12,2
8467267ffffffff-2014-02,2
846726bffffffff-2021-01,2
8467325ffffffff-2013-01,2
8467325ffffffff-2013-03,2
8467325ffffffff-2014-04,2
8467325ffffffff-2017-11,1
8467325ffffffff-2017-12,2
8467325ffffffff-2018-03,5
8467325ffffffff-2019-04,5
8467325ffffffff-2019-10,2
8467325ffffffff-2020-01,4
8467325ffffffff-2020-02,1
8467325ffffffff-2020-03,4
8467325ffffffff-2020-10,1
8467325ffffffff-2020-11,6
8467325ffffffff-2021-12,3
8467325ffffffff-2022-09,1
8467325ffffffff-2023-02,4
8467329ffffffff-2012-02,1
8467329ffffffff-2014-04,4
8467329ffffffff-2015-04,4
8467329ffffffff-2019-04,1
8467329ffffffff-2022-10,1
8467329ffffffff-2022-11,1
8467329ffffffff-2023-03,3
8467329ffffffff-2023-06,1
8467329ffffffff-2023-09,1
8467329ffffffff-2023-11,1
846732dffffffff-2012-02,1
846732dffffffff-2013-02,1
846732dffffffff-2014-04,1
846732dffffffff-2014-09,8
846732dffffffff-2015-07,3
846732dffffffff-2015-09,2
846732dffffffff-2016-03,3
846732dffffffff-2016-04,4
846732dffffffff-2016-11,2
846732dffffffff-2017-01,4
846732dffffffff-2017-03,6
846732dffffffff-2017-11,2
846732dffffffff-2017-12,4
846732dffffffff-2018-01,3
846732dffffffff-2018-10,4
846732dffffffff-2018-11,8
846732dffffffff-2018-12,7
846732dffffffff-2019-01,14
846732dffffffff-2019-02,22
846732dffffffff-2019-03,1
846732dffffffff-2019-09,1
846732dffffffff-2019-10,4
846732dffffffff-2019-11,3
846732dffffffff-2019-12,4
846732dffffffff-2020-01,8
846732dffffffff-2020-02,2
846732dffffffff-2020-03,9
846732dffffffff-2020-09,4
846732dffffffff-2021-01,1
846732dffffffff-2021-02,4
846732dffffffff-2021-12,3
846732dffffffff-2022-01,8
846732dffffffff-2022-02,6
846732dffffffff-2022-03,1
846732dffffffff-2022-04,4
846732dffffffff-2022-07,1
846732dffffffff-2022-08,3
846732dffffffff-2022-09,2
846732dffffffff-2022-10,2
846732dffffffff-2022-11,4
846732dffffffff-2022-12,9
846732dffffffff-2023-01,18
846732dffffffff-2023-02,15
846732dffffffff-2023-03,41
846732dffffffff-2023-04,15
846732dffffffff-2023-05,2
846732dffffffff-2023-08,8
846732dffffffff-2023-09,1
846732dffffffff-2023-10,1
846732dffffffff-2023-11,5
846735bffffffff-2019-03,1
846735bffffffff-2019-12,4
846735bffffffff-2020-11,1
846735bffffffff-2021-02,4
8467363ffffffff-2017-03,1
8467363ffffffff-2019-01,1
8467363ffffffff-2019-02,2
8467363ffffffff-2019-12,4
8467363ffffffff-2020-11,1
8467363ffffffff-2021-01,2
8467363ffffffff-2022-03,3
8467363ffffffff-2023-02,1
8467363ffffffff-2023-03,1
8467365ffffffff-2018-01,2
8467365ffffffff-2018-02,1
8467365ffffffff-2018-11,5
8467365ffffffff-2022-04,3
8467365ffffffff-2022-11,9
8467365ffffffff-2022-12,3
8467365ffffffff-2023-01,5
8467367ffffffff-2012-03,1
8467367ffffffff-2012-04,2
8467367ffffffff-2016-03,1
8467367ffffffff-2017-10,2
8467367ffffffff-2022-03,1
8467367ffffffff-2023-11,2
846740dffffffff-2016-02,3
846740dffffffff-2019-02,1
846740dffffffff-2021-06,1
846740dffffffff-2021-10,1
846740dffffffff-2022-01,1
8467413ffffffff-2015-11,1
8467413ffffffff-2018-08,4
8467413ffffffff-2019-09,1
8467413ffffffff-2021-08,3
8467413ffffffff-2021-09,7
8467413ffffffff-2021-10,99
8467413ffffffff-2021-11,15
8467413ffffffff-2022-09,23
8467413ffffffff-2022-10,1
8467413ffffffff-2023-07,4
8467413ffffffff-2023-10,16
8467413ffffffff-2023-11,4
846742bffffffff-2016-03,4
846742bffffffff-2017-09,1
846742bffffffff-2020-02,2
846742dffffffff-2013-09,2
846742dffffffff-2014-08,1
846742dffffffff-2015-02,1
846742dffffffff-2020-03,2
846742dffffffff-2021-04,2
8467431ffffffff-2012-12,2
8467431ffffffff-2013-04,2
8467431ffffffff-2018-10,1
8467431ffffffff-2018-11,3
8467431ffffffff-2023-01,2
8467433ffffffff-2018-09,1
8467433ffffffff-2019-12,1
8467433ffffffff-2020-08,2
8467433ffffffff-2023-05,3
8467433ffffffff-2023-08,9
846743bffffffff-2012-01,1
846743bffffffff-2018-10,2
846743bffffffff-2018-11,7
846743bffffffff-2018-12,8
846743bffffffff-2020-02,1
846743bffffffff-2020-12,2
846743bffffffff-2021-03,3
846743bffffffff-2021-11,9
846743bffffffff-2021-12,5
846743bffffffff-2022-01,1
846743bffffffff-2022-09,1
846743bffffffff-2023-01,3
846743bffffffff-2023-03,2
846743dffffffff-2015-01,7
846743dffffffff-2015-02,3
846743dffffffff-2015-04,1
846743dffffffff-2016-05,5
846743dffffffff-2017-09,6
846743dffffffff-2018-03,6
846743dffffffff-2018-12,1
846743dffffffff-2019-10,2
846743dffffffff-2019-11,4
846743dffffffff-2020-01,1
846743dffffffff-2020-02,2
846743dffffffff-2020-09,6
846743dffffffff-2020-10,1
846743dffffffff-2021-01,6
846743dffffffff-2021-06,9
846743dffffffff-2021-08,5
846743dffffffff-2021-09,1
846743dffffffff-2021-12,2
846743dffffffff-2022-01,3
846743dffffffff-2022-02,26
846743dffffffff-2022-03,5
846743dffffffff-2022-05,5
846743dffffffff-2022-06,2
846743dffffffff-2022-08,2
846743dffffffff-2022-09,10
846743dffffffff-2022-10,10
846743dffffffff-2022-11,4
846743dffffffff-2022-12,3
846743dffffffff-2023-01,4
846743dffffffff-2023-02,13
846743dffffffff-2023-03,1
846743dffffffff-2023-04,3
846743dffffffff-2023-05,5
846743dffffffff-2023-06,3
846743dffffffff-2023-07,10
846743dffffffff-2023-08,15
846743dffffffff-2023-09,28
846743dffffffff-2023-10,10
846743dffffffff-2023-11,14
8467445ffffffff-2022-12,1
8467445ffffffff-2023-11,1
8467447ffffffff-2013-08,1
8467447ffffffff-2013-12,1
8467447ffffffff-2014-01,14
8467447ffffffff-2014-02,3
8467447ffffffff-2014-11,1
8467447ffffffff-2014-12,5
8467447ffffffff-2015-01,2
8467447ffffffff-2015-02,2
8467447ffffffff-2015-03,1
8467447ffffffff-2015-04,1
8467447ffffffff-2015-08,4
8467447ffffffff-2015-09,2
8467447ffffffff-2015-11,1
8467447ffffffff-2015-12,5
8467447ffffffff-2016-02,16
8467447ffffffff-2016-03,22
8467447ffffffff-2016-05,3
8467447ffffffff-2016-09,5
8467447ffffffff-2016-10,18
8467447ffffffff-2016-11,2
8467447ffffffff-2016-12,14
8467447ffffffff-2017-01,1
8467447ffffffff-2017-02,8
8467447ffffffff-2017-03,1
8467447ffffffff-2017-04,1
8467447ffffffff-2017-09,5
8467447ffffffff-2017-11,1
8467447ffffffff-2017-12,13
8467447ffffffff-2018-01,21
8467447ffffffff-2018-02,2
8467447ffffffff-2018-03,6
8467447ffffffff-2018-04,3
8467447ffffffff-2018-05,3
8467447ffffffff-2018-06,1
8467447ffffffff-2018-08,1
8467447ffffffff-2018-09,2
8467447ffffffff-2018-10,6
8467447ffffffff-2018-11,4
8467447ffffffff-2018-12,4
8467447ffffffff-2019-01,7
8467447ffffffff-2019-02,32
8467447ffffffff-2019-03,14
8467447ffffffff-2019-04,2
8467447ffffffff-2019-05,4
8467447ffffffff-2019-06,1
8467447ffffffff-2019-07,3
8467447ffffffff-2019-08,2
8467447ffffffff-2019-09,13
8467447ffffffff-2019-10,26
8467447ffffffff-2019-11,11
8467447ffffffff-2019-12,5
8467447ffffffff-2020-01,17
8467447ffffffff-2020-02,15
8467447ffffffff-2020-03,15
8467447ffffffff-2020-04,8
8467447ffffffff-2020-05,1
8467447ffffffff-2020-07,3
8467447ffffffff-2020-08,6
8467447ffffffff-2020-09,15
8467447ffffffff-2020-10,40
8467447ffffffff-2020-11,11
8467447ffffffff-2020-12,13
8467447ffffffff-2021-01,15
8467447ffffffff-2021-02,10
8467447ffffffff-2021-03,26
8467447ffffffff-2021-04,24
8467447ffffffff-2021-05,15
8467447ffffffff-2021-06,3
8467447ffffffff-2021-07,10
8467447ffffffff-2021-08,26
8467447ffffffff-2021-09,37
8467447ffffffff-2021-10,31
8467447ffffffff-2021-11,66
8467447ffffffff-2021-12,40
8467447ffffffff-2022-01,37
8467447ffffffff-2022-02,45
8467447ffffffff-2022-03,39
8467447ffffffff-2022-04,28
8467447ffffffff-2022-05,19
8467447ffffffff-2022-06,3
8467447ffffffff-2022-07,9
8467447ffffffff-2022-08,17
8467447ffffffff-2022-09,58
8467447ffffffff-2022-10,30
8467447ffffffff-2022-11,21
8467447ffffffff-2022-12,22
8467447ffffffff-2023-01,29
8467447ffffffff-2023-02,28
8467447ffffffff-2023-03,62
8467447ffffffff-2023-04,35
8467447ffffffff-2023-05,6
8467447ffffffff-2023-06,2
8467447ffffffff-2023-07,2
8467447ffffffff-2023-08,16
8467447ffffffff-2023-09,33
8467447ffffffff-2023-10,20
8467447ffffffff-2023-11,19
846745bffffffff-2013-10,1
846745bffffffff-2017-02,1
846745bffffffff-2019-08,1
846745bffffffff-2020-01,9
846745bffffffff-2021-05,1
846745bffffffff-2021-06,1
846745bffffffff-2023-01,2
8467461ffffffff-2013-10,1
8467461ffffffff-2014-02,1
8467461ffffffff-2014-11,2
8467461ffffffff-2014-12,8
8467461ffffffff-2015-01,48
8467461ffffffff-2015-02,2
8467461ffffffff-2015-03,4
8467461ffffffff-2015-11,3
8467461ffffffff-2015-12,1
8467461ffffffff-2016-02,1
8467461ffffffff-2016-03,3
8467461ffffffff-2016-04,3
8467461ffffffff-2016-05,2
8467461ffffffff-2016-06,3
8467461ffffffff-2016-08,10
8467461ffffffff-2016-09,14
8467461ffffffff-2016-10,18
8467461ffffffff-2016-11,18
8467461ffffffff-2016-12,4
8467461ffffffff-2017-01,9
8467461ffffffff-2017-02,10
8467461ffffffff-2017-03,9
8467461ffffffff-2017-04,6
8467461ffffffff-2017-05,6
8467461ffffffff-2017-06,3
8467461ffffffff-2017-07,1
8467461ffffffff-2017-08,21
8467461ffffffff-2017-09,75
8467461ffffffff-2017-10,80
8467461ffffffff-2017-11,81
8467461ffffffff-2017-12,85
8467461ffffffff-2018-01,56
8467461ffffffff-2018-02,38
8467461ffffffff-2018-03,32
8467461ffffffff-2018-04,58
8467461ffffffff-2018-05,21
8467461ffffffff-2018-06,6
8467461ffffffff-2018-07,21
8467461ffffffff-2018-08,43
8467461ffffffff-2018-09,51
8467461ffffffff-2018-10,35
8467461ffffffff-2018-11,12
8467461ffffffff-2018-12,31
8467461ffffffff-2019-01,64
8467461ffffffff-2019-02,96
8467461ffffffff-2019-03,56
8467461ffffffff-2019-04,57
8467461ffffffff-2019-05,21
8467461ffffffff-2019-06,7
8467461ffffffff-2019-07,19
8467461ffffffff-2019-08,34
8467461ffffffff-2019-09,61
8467461ffffffff-2019-10,89
8467461ffffffff-2019-11,75
8467461ffffffff-2019-12,76
8467461ffffffff-2020-01,67
8467461ffffffff-2020-02,58
8467461ffffffff-2020-03,40
8467461ffffffff-2020-04,1
8467461ffffffff-2020-05,5
8467461ffffffff-2020-06,1
8467461ffffffff-2020-07,15
8467461ffffffff-2020-08,36
8467461ffffffff-2020-09,39
8467461ffffffff-2020-10,35
8467461ffffffff-2020-11,21
8467461ffffffff-2020-12,26
8467461ffffffff-2021-01,24
8467461ffffffff-2021-02,27
8467461ffffffff-2021-03,28
8467461ffffffff-2021-04,20
8467461ffffffff-2021-05,2
8467461ffffffff-2021-06,12
8467461ffffffff-2021-07,5
8467461ffffffff-2021-08,27
8467461ffffffff-2021-09,58
8467461ffffffff-2021-10,63
8467461ffffffff-2021-11,43
8467461ffffffff-2021-12,34
8467461ffffffff-2022-01,66
8467461ffffffff-2022-02,64
8467461ffffffff-2022-03,70
8467461ffffffff-2022-04,52
8467461ffffffff-2022-05,9
8467461ffffffff-2022-06,2
8467461ffffffff-2022-07,7
8467461ffffffff-2022-08,29
8467461ffffffff-2022-09,59
8467461ffffffff-2022-10,41
8467461ffffffff-2022-11,44
8467461ffffffff-2022-12,37
8467461ffffffff-2023-01,27
8467461ffffffff-2023-02,33
8467461ffffffff-2023-03,42
8467461ffffffff-2023-04,25
8467461ffffffff-2023-05,13
8467461ffffffff-2023-06,5
8467461ffffffff-2023-07,25
8467461ffffffff-2023-08,57
8467461ffffffff-2023-09,43
8467461ffffffff-2023-10,20
8467461ffffffff-2023-11,32
8467463ffffffff-2018-10,2
8467463ffffffff-2019-10,5
8467463ffffffff-2020-08,1
8467463ffffffff-2020-09,2
8467463ffffffff-2020-10,3
8467463ffffffff-2020-11,4
8467463ffffffff-2020-12,8
8467463ffffffff-2021-01,6
8467463ffffffff-2021-02,7
8467463ffffffff-2021-03,9
8467463ffffffff-2021-04,2
8467463ffffffff-2021-08,5
8467463ffffffff-2021-09,1
8467463ffffffff-2021-10,1
8467463ffffffff-2021-12,3
8467463ffffffff-2022-02,1
8467463ffffffff-2022-08,2
8467463ffffffff-2022-12,1
8467463ffffffff-2023-03,4
8467463ffffffff-2023-08,2
8467463ffffffff-2023-09,1
8467463ffffffff-2023-10,5
8467463ffffffff-2023-11,2
846746bffffffff-2012-02,2
846746bffffffff-2012-07,15
846746bffffffff-2012-10,6
846746bffffffff-2013-01,26
846746bffffffff-2013-02,10
846746bffffffff-2013-03,1
846746bffffffff-2014-01,2
846746bffffffff-2014-04,1
846746bffffffff-2014-05,1
846746bffffffff-2015-01,15
846746bffffffff-2015-02,10
846746bffffffff-2015-03,3
846746bffffffff-2015-04,15
846746bffffffff-2015-05,6
846746bffffffff-2015-08,4
846746bffffffff-2015-09,1
846746bffffffff-2015-10,47
846746bffffffff-2016-01,42
846746bffffffff-2016-02,21
846746bffffffff-2016-03,2
846746bffffffff-2016-04,24
846746bffffffff-2016-05,2
846746bffffffff-2016-07,8
846746bffffffff-2016-09,3
846746bffffffff-2016-10,51
846746bffffffff-2016-11,2
846746bffffffff-2016-12,1
846746bffffffff-2017-01,17
846746bffffffff-2017-02,1
846746bffffffff-2017-03,9
846746bffffffff-2017-04,17
846746bffffffff-2017-07,3
846746bffffffff-2017-08,7
846746bffffffff-2017-10,69
846746bffffffff-2017-11,6
846746bffffffff-2018-01,31
846746bffffffff-2018-02,1
846746bffffffff-2018-05,2
846746bffffffff-2018-08,3
846746bffffffff-2018-09,1
846746bffffffff-2018-10,60
846746bffffffff-2018-11,28
846746bffffffff-2019-01,63
846746bffffffff-2019-04,16
846746bffffffff-2019-05,1
846746bffffffff-2019-06,1
846746bffffffff-2019-07,27
846746bffffffff-2019-08,1
846746bffffffff-2019-09,1
846746bffffffff-2019-10,83
846746bffffffff-2019-12,1
846746bffffffff-2020-01,24
846746bffffffff-2020-03,2
846746bffffffff-2020-04,25
846746bffffffff-2020-05,2
846746bffffffff-2020-07,1
846746bffffffff-2020-08,2
846746bffffffff-2020-09,1
846746bffffffff-2020-10,30
846746bffffffff-2020-12,2
846746bffffffff-2021-01,9
846746bffffffff-2021-02,5
846746bffffffff-2021-03,2
846746bffffffff-2021-04,20
846746bffffffff-2021-05,7
846746bffffffff-2021-07,5
846746bffffffff-2021-08,3
846746bffffffff-2021-09,3
846746bffffffff-2021-10,10
846746bffffffff-2021-11,3
846746bffffffff-2021-12,8
846746bffffffff-2022-01,19
846746bffffffff-2022-02,29
846746bffffffff-2022-03,12
846746bffffffff-2022-04,18
846746bffffffff-2022-05,9
846746bffffffff-2022-06,3
846746bffffffff-2022-07,6
846746bffffffff-2022-08,5
846746bffffffff-2022-09,23
846746bffffffff-2022-10,33
846746bffffffff-2022-11,4
846746bffffffff-2022-12,8
846746bffffffff-2023-01,2
846746bffffffff-2023-02,3
846746bffffffff-2023-03,7
846746bffffffff-2023-04,9
846746bffffffff-2023-05,3
846746bffffffff-2023-06,1
846746bffffffff-2023-07,12
846746bffffffff-2023-08,11
846746bffffffff-2023-09,14
846746bffffffff-2023-10,27
846746bffffffff-2023-11,8
846746dffffffff-2016-12,2
846746dffffffff-2017-02,2
846746dffffffff-2017-03,2
846746dffffffff-2017-08,2
846746dffffffff-2017-09,6
846746dffffffff-2017-10,1
846746dffffffff-2020-01,4
846746dffffffff-2020-08,4
846746dffffffff-2021-08,2
846746dffffffff-2021-09,3
846746dffffffff-2023-02,2
846746dffffffff-2023-05,1
84674a1ffffffff-2023-02,2
84674a5ffffffff-2023-02,4
84674a7ffffffff-2018-03,3
84674c5ffffffff-2021-11,1
84674c5ffffffff-2021-12,6
84674c5ffffffff-2023-04,2
84674c9ffffffff-2013-12,2
84674c9ffffffff-2022-06,8
84674c9ffffffff-2022-08,9
84674c9ffffffff-2022-09,4
84674c9ffffffff-2022-10,15
84674c9ffffffff-2023-03,14
84674c9ffffffff-2023-05,1
84674c9ffffffff-2023-08,13
84674c9ffffffff-2023-10,13
84674cbffffffff-2013-07,4
84674cbffffffff-2015-01,4
84674cbffffffff-2015-11,1
84674cbffffffff-2016-02,1
84674cbffffffff-2017-09,2
84674cbffffffff-2018-02,2
84674cbffffffff-2019-07,1
84674cbffffffff-2023-10,12
84674d9ffffffff-2013-09,3
84674d9ffffffff-2015-12,3
84674d9ffffffff-2017-09,2
84674d9ffffffff-2018-08,4
84674d9ffffffff-2019-05,1
84674d9ffffffff-2019-10,4
84674d9ffffffff-2021-07,1
84674d9ffffffff-2021-09,6
84674d9ffffffff-2021-10,6
84674d9ffffffff-2021-11,1
84674d9ffffffff-2022-04,1
84674d9ffffffff-2022-05,5
84674d9ffffffff-2022-09,23
84674d9ffffffff-2022-10,30
84674d9ffffffff-2023-08,7
84674d9ffffffff-2023-09,16
84674edffffffff-2019-09,2
84674edffffffff-2019-12,3
84674edffffffff-2020-01,3
84674edffffffff-2020-08,4
84674edffffffff-2020-09,2
84674edffffffff-2020-10,1
84674edffffffff-2020-11,1
84674edffffffff-2021-01,2
84674edffffffff-2021-02,1
84674edffffffff-2021-05,3
84674edffffffff-2021-07,1
84674edffffffff-2021-08,2
84674edffffffff-2021-09,14
84674edffffffff-2021-10,9
84674edffffffff-2021-11,8
84674edffffffff-2022-01,5
84674edffffffff-2022-02,9
84674edffffffff-2022-05,3
84674edffffffff-2022-07,1
84674edffffffff-2022-08,14
84674edffffffff-2022-09,7
84674edffffffff-2022-10,7
84674edffffffff-2022-11,3
84674edffffffff-2022-12,7
84674edffffffff-2023-01,2
84674edffffffff-2023-02,2
84674edffffffff-2023-04,1
84674edffffffff-2023-05,11
84674edffffffff-2023-07,6
84674edffffffff-2023-08,33
84674edffffffff-2023-09,10
84674edffffffff-2023-10,10
84674edffffffff-2023-11,7
8467503ffffffff-2018-11,3
8467503ffffffff-2020-03,2
8467507ffffffff-2021-12,2
8467507ffffffff-2022-10,1
8467507ffffffff-2023-03,2
8467507ffffffff-2023-09,1
8467519ffffffff-2019-05,1
846751dffffffff-2018-11,6
8467521ffffffff-2017-12,1
8467521ffffffff-2018-02,1
8467521ffffffff-2021-10,46
8467521ffffffff-2021-11,10
8467521ffffffff-2022-07,3
8467521ffffffff-2022-09,2
8467521ffffffff-2022-11,13
8467521ffffffff-2023-02,17
8467521ffffffff-2023-03,12
8467521ffffffff-2023-09,2
8467521ffffffff-2023-10,8
8467523ffffffff-2012-07,1
8467523ffffffff-2012-11,4
8467523ffffffff-2014-11,1
8467523ffffffff-2015-01,1
8467523ffffffff-2015-02,6
8467523ffffffff-2015-09,4
8467523ffffffff-2015-10,1
8467523ffffffff-2015-11,1
8467523ffffffff-2015-12,1
8467523ffffffff-2016-01,3
8467523ffffffff-2016-02,8
8467523ffffffff-2016-07,1
8467523ffffffff-2016-09,22
8467523ffffffff-2016-11,3
8467523ffffffff-2016-12,8
8467523ffffffff-2017-01,2
8467523ffffffff-2017-02,5
8467523ffffffff-2017-03,13
8467523ffffffff-2017-04,2
8467523ffffffff-2017-05,4
8467523ffffffff-2017-08,1
8467523ffffffff-2017-09,5
8467523ffffffff-2017-11,4
8467523ffffffff-2017-12,1
8467523ffffffff-2018-02,6
8467523ffffffff-2018-03,4
8467523ffffffff-2018-04,2
8467523ffffffff-2018-05,2
8467523ffffffff-2018-07,3
8467523ffffffff-2018-08,3
8467523ffffffff-2018-09,1
8467523ffffffff-2018-10,14
8467523ffffffff-2018-11,16
8467523ffffffff-2018-12,1
8467523ffffffff-2019-01,2
8467523ffffffff-2019-02,1
8467523ffffffff-2019-05,7
8467523ffffffff-2019-07,1
8467523ffffffff-2019-09,7
8467523ffffffff-2020-01,3
8467523ffffffff-2020-02,8
8467523ffffffff-2020-10,19
8467523ffffffff-2021-01,12
8467523ffffffff-2021-02,25
8467523ffffffff-2021-05,3
8467523ffffffff-2021-07,4
8467523ffffffff-2021-08,1
8467523ffffffff-2021-09,1
8467523ffffffff-2021-10,46
8467523ffffffff-2021-11,1
8467523ffffffff-2021-12,2
8467523ffffffff-2022-01,1
8467523ffffffff-2022-02,7
8467523ffffffff-2022-03,2
8467523ffffffff-2022-04,4
8467523ffffffff-2022-05,14
8467523ffffffff-2022-06,3
8467523ffffffff-2022-07,1
8467523ffffffff-2022-08,1
8467523ffffffff-2022-09,33
8467523ffffffff-2022-10,67
8467523ffffffff-2022-11,6
8467523ffffffff-2022-12,7
8467523ffffffff-2023-01,14
8467523ffffffff-2023-02,15
8467523ffffffff-2023-04,3
8467523ffffffff-2023-05,3
8467523ffffffff-2023-07,27
8467523ffffffff-2023-08,7
8467523ffffffff-2023-09,5
8467523ffffffff-2023-10,59
846752dffffffff-2021-10,40
846752dffffffff-2021-11,17
846752dffffffff-2022-02,15
846752dffffffff-2022-03,7
846752dffffffff-2022-11,22
846752dffffffff-2023-02,16
846752dffffffff-2023-03,26
8467535ffffffff-2015-08,3
8467535ffffffff-2023-02,4
8467535ffffffff-2023-04,7
8467535ffffffff-2023-08,5
8467537ffffffff-2015-07,3
846753dffffffff-2022-02,1
846753dffffffff-2023-01,4
846753dffffffff-2023-02,1
846753dffffffff-2023-09,4
8467551ffffffff-2014-02,1
8467551ffffffff-2015-02,1
8467551ffffffff-2017-02,9
8467551ffffffff-2017-11,1
8467551ffffffff-2018-02,14
8467551ffffffff-2018-03,3
8467551ffffffff-2020-03,2
8467551ffffffff-2021-01,17
8467551ffffffff-2021-02,4
8467551ffffffff-2021-03,9
8467551ffffffff-2021-04,5
8467551ffffffff-2021-07,6
8467551ffffffff-2021-08,1
8467551ffffffff-2021-09,7
8467551ffffffff-2021-10,1
8467551ffffffff-2021-12,1
8467551ffffffff-2022-07,2
8467551ffffffff-2022-12,12
8467551ffffffff-2023-01,2
8467551ffffffff-2023-02,2
8467551ffffffff-2023-08,10
8467553ffffffff-2014-05,3
8467553ffffffff-2019-04,1
8467553ffffffff-2019-10,2
8467553ffffffff-2019-11,9
8467553ffffffff-2019-12,2
8467553ffffffff-2020-02,15
8467553ffffffff-2020-03,14
8467553ffffffff-2020-04,1
8467553ffffffff-2020-08,4
8467553ffffffff-2020-09,9
8467553ffffffff-2020-10,3
8467553ffffffff-2020-11,8
8467553ffffffff-2020-12,15
8467553ffffffff-2021-01,21
8467553ffffffff-2021-02,50
8467553ffffffff-2021-03,16
8467553ffffffff-2021-04,32
8467553ffffffff-2021-05,2
8467553ffffffff-2021-07,2
8467553ffffffff-2021-08,8
8467553ffffffff-2021-09,33
8467553ffffffff-2021-10,26
8467553ffffffff-2021-11,34
8467553ffffffff-2021-12,42
8467553ffffffff-2022-01,11
8467553ffffffff-2022-02,30
8467553ffffffff-2022-03,21
8467553ffffffff-2022-04,31
8467553ffffffff-2022-05,2
8467553ffffffff-2022-08,4
8467553ffffffff-2022-09,28
8467553ffffffff-2022-10,32
8467553ffffffff-2022-11,10
8467553ffffffff-2022-12,5
8467553ffffffff-2023-01,2
8467553ffffffff-2023-02,1
8467553ffffffff-2023-03,1
8467553ffffffff-2023-04,2
8467553ffffffff-2023-07,5
8467553ffffffff-2023-08,8
8467553ffffffff-2023-09,11
8467553ffffffff-2023-10,24
8467553ffffffff-2023-11,6
8467555ffffffff-2021-09,14
8467555ffffffff-2022-09,5
8467555ffffffff-2022-10,2
8467557ffffffff-2019-03,1
8467557ffffffff-2021-03,1
8467557ffffffff-2022-03,1
8467559ffffffff-2012-07,1
8467559ffffffff-2014-07,1
8467559ffffffff-2015-02,1
8467559ffffffff-2017-11,1
8467559ffffffff-2018-02,14
8467559ffffffff-2019-11,1
8467559ffffffff-2019-12,4
8467559ffffffff-2021-01,4
8467559ffffffff-2021-02,4
8467559ffffffff-2021-04,5
8467559ffffffff-2021-07,5
8467559ffffffff-2021-09,3
8467559ffffffff-2021-12,5
8467559ffffffff-2022-02,4
8467559ffffffff-2022-03,2
8467559ffffffff-2023-07,1
846755dffffffff-2018-02,5
846755dffffffff-2021-05,2
846755dffffffff-2021-09,5
846755dffffffff-2021-10,7
846755dffffffff-2021-12,1
846755dffffffff-2022-02,4
846755dffffffff-2023-04,1
8467561ffffffff-2022-02,1
8467565ffffffff-2018-03,1
8467565ffffffff-2019-05,3
8467565ffffffff-2019-10,1
8467565ffffffff-2022-09,2
8467565ffffffff-2023-04,1
8467567ffffffff-2017-12,1
8467569ffffffff-2018-09,2
8467569ffffffff-2019-07,1
8467569ffffffff-2022-02,1
846756dffffffff-2014-04,1
846756dffffffff-2019-08,2
8467581ffffffff-2015-03,1
8467581ffffffff-2016-04,2
8467581ffffffff-2016-12,3
8467581ffffffff-2017-03,17
8467581ffffffff-2017-08,1
8467581ffffffff-2017-11,2
8467581ffffffff-2022-05,3
8467585ffffffff-2016-03,1
8467585ffffffff-2020-01,1
8467589ffffffff-2016-12,3
846758bffffffff-2023-02,2
846758dffffffff-2017-03,7
846758dffffffff-2017-11,2
8467599ffffffff-2012-12,4
8467599ffffffff-2013-12,6
8467599ffffffff-2014-09,1
8467599ffffffff-2014-12,1
846759bffffffff-2023-02,2
84675b1ffffffff-2015-01,2
84675b7ffffffff-2021-05,1
84675c1ffffffff-2022-04,3
84675c5ffffffff-2015-12,1
84675c5ffffffff-2017-04,1
84675c5ffffffff-2017-09,4
84675c5ffffffff-2018-05,1
84675c5ffffffff-2018-11,2
84675c5ffffffff-2018-12,2
84675c5ffffffff-2019-01,2
84675c5ffffffff-2019-02,1
84675c5ffffffff-2019-12,3
84675c5ffffffff-2021-10,2
84675c5ffffffff-2022-09,1
84675c5ffffffff-2023-01,1
84675c5ffffffff-2023-03,5
84675c5ffffffff-2023-05,1
84675c7ffffffff-2018-09,1
84675c7ffffffff-2019-02,1
84675c7ffffffff-2020-10,4
84675c9ffffffff-2022-01,1
84675cbffffffff-2018-09,2
84675cbffffffff-2018-12,3
84675cbffffffff-2021-03,5
84675cbffffffff-2021-04,1
84675d5ffffffff-2021-01,3
84675d9ffffffff-2016-02,1
84675e9ffffffff-2023-02,1
84675ebffffffff-2015-10,1
84675ebffffffff-2023-08,1
8467693ffffffff-2014-10,1
8467693ffffffff-2018-01,1
8467693ffffffff-2018-02,2
8467693ffffffff-2018-03,1
8467693ffffffff-2018-12,2
8467693ffffffff-2019-08,3
8467693ffffffff-2019-11,1
8467693ffffffff-2019-12,3
8467693ffffffff-2020-07,1
8467693ffffffff-2020-10,4
8467693ffffffff-2021-01,4
8467693ffffffff-2021-06,2
8467693ffffffff-2021-07,4
8467693ffffffff-2021-08,1
8467693ffffffff-2022-01,2
8467693ffffffff-2022-02,2
8467693ffffffff-2022-07,3
8467693ffffffff-2022-09,2
8467693ffffffff-2022-10,10
8467693ffffffff-2022-11,2
8467693ffffffff-2023-01,3
8467693ffffffff-2023-02,1
8467693ffffffff-2023-04,1
8467693ffffffff-2023-05,4
8467693ffffffff-2023-09,1
8467693ffffffff-2023-10,6
846769bffffffff-2021-11,2
846769bffffffff-2022-01,5
846769bffffffff-2022-07,2
846769bffffffff-2023-09,1
84676b9ffffffff-2020-01,6
84676b9ffffffff-2021-01,10
84676b9ffffffff-2021-10,1
84676b9ffffffff-2022-09,6
8467737ffffffff-2012-03,10
8467737ffffffff-2013-01,3
8467737ffffffff-2013-02,5
8467737ffffffff-2013-03,4
8467737ffffffff-2013-04,16
8467737ffffffff-2013-07,2
8467737ffffffff-2013-08,1
8467737ffffffff-2013-11,3
8467737ffffffff-2013-12,1
8467737ffffffff-2014-02,16
8467737ffffffff-2014-04,7
8467737ffffffff-2014-05,3
8467737ffffffff-2014-06,1
8467737ffffffff-2014-07,3
8467737ffffffff-2014-08,4
8467737ffffffff-2014-09,1
8467737ffffffff-2014-10,2
8467737ffffffff-2014-11,2
8467737ffffffff-2015-01,3
8467737ffffffff-2015-02,2
8467737ffffffff-2015-03,6
8467737ffffffff-2015-04,15
8467737ffffffff-2015-05,3
8467737ffffffff-2015-06,5
8467737ffffffff-2015-07,2
8467737ffffffff-2015-08,14
8467737ffffffff-2015-09,37
8467737ffffffff-2015-10,43
8467737ffffffff-2015-11,40
8467737ffffffff-2015-12,28
8467737ffffffff-2016-01,24
8467737ffffffff-2016-02,32
8467737ffffffff-2016-03,28
8467737ffffffff-2016-04,16
8467737ffffffff-2016-05,11
8467737ffffffff-2016-06,6
8467737ffffffff-2016-07,1
8467737ffffffff-2016-08,15
8467737ffffffff-2016-09,19
8467737ffffffff-2016-10,27
8467737ffffffff-2016-11,19
8467737ffffffff-2016-12,22
8467737ffffffff-2017-01,21
8467737ffffffff-2017-02,28
8467737ffffffff-2017-03,38
8467737ffffffff-2017-04,80
8467737ffffffff-2017-05,16
8467737ffffffff-2017-06,4
8467737ffffffff-2017-07,5
8467737ffffffff-2017-08,30
8467737ffffffff-2017-09,41
8467737ffffffff-2017-10,76
8467737ffffffff-2017-11,19
8467737ffffffff-2017-12,25
8467737ffffffff-2018-01,24
8467737ffffffff-2018-02,28
8467737ffffffff-2018-03,25
8467737ffffffff-2018-04,26
8467737ffffffff-2018-05,6
8467737ffffffff-2018-06,6
8467737ffffffff-2018-07,12
8467737ffffffff-2018-08,42
8467737ffffffff-2018-09,44
8467737ffffffff-2018-10,44
8467737ffffffff-2018-11,35
8467737ffffffff-2018-12,23
8467737ffffffff-2019-01,34
8467737ffffffff-2019-02,31
8467737ffffffff-2019-03,37
8467737ffffffff-2019-04,45
8467737ffffffff-2019-05,16
8467737ffffffff-2019-06,11
8467737ffffffff-2019-07,27
8467737ffffffff-2019-08,34
8467737ffffffff-2019-09,53
8467737ffffffff-2019-10,88
8467737ffffffff-2019-11,60
8467737ffffffff-2019-12,49
8467737ffffffff-2020-01,48
8467737ffffffff-2020-02,44
8467737ffffffff-2020-03,34
8467737ffffffff-2020-04,28
8467737ffffffff-2020-05,36
8467737ffffffff-2020-06,2
8467737ffffffff-2020-07,4
8467737ffffffff-2020-08,42
8467737ffffffff-2020-09,45
8467737ffffffff-2020-10,88
8467737ffffffff-2020-11,46
8467737ffffffff-2020-12,17
8467737ffffffff-2021-01,35
8467737ffffffff-2021-02,36
8467737ffffffff-2021-03,51
8467737ffffffff-2021-04,40
8467737ffffffff-2021-05,15
8467737ffffffff-2021-06,1
8467737ffffffff-2021-07,4
8467737ffffffff-2021-08,49
8467737ffffffff-2021-09,60
8467737ffffffff-2021-10,101
8467737ffffffff-2021-11,76
8467737ffffffff-2021-12,47
8467737ffffffff-2022-01,36
8467737ffffffff-2022-02,40
8467737ffffffff-2022-03,41
8467737ffffffff-2022-04,13
8467737ffffffff-2022-05,4
8467737ffffffff-2022-06,10
8467737ffffffff-2022-07,8
8467737ffffffff-2022-08,20
8467737ffffffff-2022-09,127
8467737ffffffff-2022-10,91
8467737ffffffff-2022-11,66
8467737ffffffff-2022-12,14
8467737ffffffff-2023-01,21
8467737ffffffff-2023-02,41
8467737ffffffff-2023-03,68
8467737ffffffff-2023-04,43
8467737ffffffff-2023-05,4
8467737ffffffff-2023-07,4
8467737ffffffff-2023-08,33
8467737ffffffff-2023-09,72
8467737ffffffff-2023-10,64
8467737ffffffff-2023-11,37
8467801ffffffff-2017-10,1
8467801ffffffff-2019-05,2
8467801ffffffff-2021-10,2
8467805ffffffff-2015-09,2
8467805ffffffff-2016-08,2
8467805ffffffff-2019-05,1
8467805ffffffff-2019-09,1
8467805ffffffff-2020-10,1
8467805ffffffff-2021-10,1
8467805ffffffff-2022-12,1
8467805ffffffff-2023-10,2
8467835ffffffff-2014-04,1
8467835ffffffff-2014-10,1
8467835ffffffff-2016-10,4
8467835ffffffff-2017-05,1
8467835ffffffff-2017-07,1
8467835ffffffff-2017-09,4
8467835ffffffff-2017-10,7
8467835ffffffff-2017-11,4
8467835ffffffff-2017-12,3
8467835ffffffff-2018-02,1
8467835ffffffff-2018-03,2
8467835ffffffff-2018-05,1
8467835ffffffff-2018-10,4
8467835ffffffff-2018-11,1
8467835ffffffff-2019-05,1
8467835ffffffff-2019-09,1
8467835ffffffff-2019-10,1
8467835ffffffff-2019-12,1
8467835ffffffff-2020-02,2
8467835ffffffff-2020-03,1
8467835ffffffff-2020-11,2
8467835ffffffff-2020-12,1
8467835ffffffff-2021-04,2
8467835ffffffff-2021-10,10
8467835ffffffff-2021-12,1
8467835ffffffff-2022-01,1
8467835ffffffff-2022-04,2
8467835ffffffff-2022-08,2
8467835ffffffff-2022-10,2
8467835ffffffff-2022-11,1
8467835ffffffff-2022-12,1
8467835ffffffff-2023-04,2
8467835ffffffff-2023-08,23
8467835ffffffff-2023-10,1
8467835ffffffff-2023-11,2
846783dffffffff-2017-10,1
846783dffffffff-2021-10,1
846783dffffffff-2022-04,1
846783dffffffff-2022-09,2
846783dffffffff-2023-07,2
846783dffffffff-2023-08,6
846783dffffffff-2023-09,1
846783dffffffff-2023-10,3
84678b3ffffffff-2021-09,2
8467909ffffffff-2018-03,5
8467915ffffffff-2012-08,3
84679a1ffffffff-2012-03,1
84679a1ffffffff-2015-01,1
84679a1ffffffff-2015-12,1
84679a1ffffffff-2018-12,1
84679a1ffffffff-2019-01,2
84679a1ffffffff-2019-03,1
84679a1ffffffff-2019-08,1
84679a1ffffffff-2020-02,2
84679a1ffffffff-2020-03,2
84679a1ffffffff-2020-07,4
84679a1ffffffff-2020-08,5
84679a1ffffffff-2020-09,1
84679a1ffffffff-2020-10,2
84679a1ffffffff-2021-05,1
84679a1ffffffff-2021-12,1
84679a1ffffffff-2022-08,1
84679a1ffffffff-2022-11,3
84679a1ffffffff-2023-01,2
84679a1ffffffff-2023-02,2
84679a1ffffffff-2023-11,1
84679a3ffffffff-2019-03,6
84679a3ffffffff-2020-02,3
84679a3ffffffff-2020-08,1
84679a3ffffffff-2020-11,2
84679a3ffffffff-2020-12,1
84679a3ffffffff-2021-01,9
84679a3ffffffff-2021-02,4
84679a3ffffffff-2021-03,2
84679a3ffffffff-2021-04,1
84679a3ffffffff-2021-09,4
84679a3ffffffff-2021-10,7
84679a3ffffffff-2021-11,1
84679a3ffffffff-2022-01,2
84679a3ffffffff-2022-07,1
84679a3ffffffff-2022-09,1
84679a3ffffffff-2023-01,5
84679a3ffffffff-2023-03,2
84679a3ffffffff-2023-04,1
84679a3ffffffff-2023-05,3
84679a3ffffffff-2023-06,1
84679a3ffffffff-2023-07,1
84679a3ffffffff-2023-08,2
84679a3ffffffff-2023-10,5
84679a3ffffffff-2023-11,1
84679a5ffffffff-2015-07,1
84679a5ffffffff-2018-10,3
84679a5ffffffff-2021-11,1
84679a5ffffffff-2022-01,1
84679a5ffffffff-2022-03,1
84679a5ffffffff-2022-10,1
84679a5ffffffff-2023-01,1
84679a7ffffffff-2019-10,1
84679adffffffff-2012-08,1
84679adffffffff-2017-10,1
84679adffffffff-2020-02,1
84679adffffffff-2020-10,4
84679adffffffff-2021-01,2
84679adffffffff-2021-09,1
84679adffffffff-2021-10,3
84679adffffffff-2022-03,1
84679adffffffff-2022-10,13
84679adffffffff-2022-11,1
84679adffffffff-2023-04,6
84679adffffffff-2023-07,1
84679adffffffff-2023-08,6
84679adffffffff-2023-10,5
84679b3ffffffff-2016-08,4
84679b3ffffffff-2017-11,2
84679b3ffffffff-2018-08,1
84679b3ffffffff-2018-09,4
84679b3ffffffff-2018-10,2
84679b3ffffffff-2018-11,4
84679b3ffffffff-2021-10,2
84679b3ffffffff-2021-11,5
84679b3ffffffff-2022-04,5
84679b3ffffffff-2022-09,7
84679b3ffffffff-2023-03,2
84679b3ffffffff-2023-04,2
84679b3ffffffff-2023-09,13
84679b3ffffffff-2023-10,2
84679b3ffffffff-2023-11,2
84679b5ffffffff-2015-04,4
84679b5ffffffff-2015-11,1
84679b5ffffffff-2017-02,2
84679b5ffffffff-2017-05,1
84679b5ffffffff-2017-10,6
84679b5ffffffff-2017-11,1
84679b5ffffffff-2018-08,2
84679b5ffffffff-2019-03,1
84679b5ffffffff-2019-05,2
84679b5ffffffff-2019-08,1
84679b5ffffffff-2019-10,1
84679b5ffffffff-2019-11,2
84679b5ffffffff-2019-12,2
84679b5ffffffff-2020-01,1
84679b5ffffffff-2020-05,1
84679b5ffffffff-2020-08,6
84679b5ffffffff-2020-10,9
84679b5ffffffff-2020-11,4
84679b5ffffffff-2021-03,1
84679b5ffffffff-2021-04,10
84679b5ffffffff-2021-05,8
84679b5ffffffff-2021-08,2
84679b5ffffffff-2021-09,4
84679b5ffffffff-2021-10,14
84679b5ffffffff-2021-11,4
84679b5ffffffff-2021-12,3
84679b5ffffffff-2022-01,3
84679b5ffffffff-2022-10,3
84679b5ffffffff-2022-11,1
84679b5ffffffff-2023-02,5
84679b5ffffffff-2023-08,1
84679b5ffffffff-2023-09,2
84679b5ffffffff-2023-10,21
84679b7ffffffff-2015-03,1
84679b7ffffffff-2015-10,1
84679b7ffffffff-2018-04,1
84679b7ffffffff-2020-02,1
84679b7ffffffff-2020-08,1
84679b7ffffffff-2021-02,1
84679b7ffffffff-2021-03,1
84679b7ffffffff-2021-04,2
84679b7ffffffff-2021-05,3
84679b7ffffffff-2021-08,2
84679b7ffffffff-2021-09,20
84679b7ffffffff-2021-10,23
84679b7ffffffff-2021-11,24
84679b7ffffffff-2021-12,7
84679b7ffffffff-2022-01,10
84679b7ffffffff-2022-02,1
84679b7ffffffff-2022-03,1
84679b7ffffffff-2022-08,11
84679b7ffffffff-2022-10,3
84679b7ffffffff-2022-11,1
84679b7ffffffff-2023-01,3
84679b7ffffffff-2023-02,2
84679b7ffffffff-2023-07,4
84679b7ffffffff-2023-09,2
84679b7ffffffff-2023-10,5
8467a85ffffffff-2015-09,1
846c587ffffffff-2014-03,1
846c587ffffffff-2016-11,2
846c593ffffffff-2012-11,1
846c593ffffffff-2015-10,2
846c593ffffffff-2018-08,1
846c593ffffffff-2021-05,1
846c593ffffffff-2021-11,1
846c593ffffffff-2022-01,3
846c593ffffffff-2023-03,1
846c593ffffffff-2023-04,1
846c593ffffffff-2023-05,1
846c593ffffffff-2023-10,11
846c595ffffffff-2019-02,3
846c597ffffffff-2012-11,1
846c597ffffffff-2017-02,1
846c597ffffffff-2021-10,1
846c597ffffffff-2022-01,1
846c5abffffffff-2015-11,1
846c5abffffffff-2019-03,3
846c5abffffffff-2019-11,2
846c5b1ffffffff-2012-03,1
846c5b1ffffffff-2013-10,1
846c5b1ffffffff-2014-11,2
846c5b1ffffffff-2015-11,1
846c5b1ffffffff-2017-01,2
846c5b1ffffffff-2017-02,3
846c5b1ffffffff-2017-03,2
846c5b1ffffffff-2017-04,1
846c5b1ffffffff-2018-02,1
846c5b1ffffffff-2019-10,1
846c5b1ffffffff-2020-03,2
846c5b1ffffffff-2022-02,1
846c5b1ffffffff-2022-03,1
846c5b1ffffffff-2022-12,2
846c5b1ffffffff-2023-09,2
846c5b1ffffffff-2023-10,1
846c5b1ffffffff-2023-11,11
846c5b3ffffffff-2017-02,5
846c5b5ffffffff-2017-04,1
846c5b5ffffffff-2017-12,1
846c5b7ffffffff-2022-01,1
846c5b9ffffffff-2015-11,1
846c5b9ffffffff-2016-11,2
846c5b9ffffffff-2017-02,4
846c5b9ffffffff-2019-03,3
846c5b9ffffffff-2019-04,2
846c5b9ffffffff-2019-08,1
846c5b9ffffffff-2021-11,1
846c5b9ffffffff-2022-04,1
846c5bbffffffff-2012-04,1
846c5bbffffffff-2017-03,1
846c5bbffffffff-2019-02,3
846c5bbffffffff-2019-03,1
846c5bbffffffff-2021-11,1
846c5bbffffffff-2022-11,4
846c5bbffffffff-2023-03,1
846c5bbffffffff-2023-10,2
846c5d7ffffffff-2020-01,1
846c619ffffffff-2018-05,1
846c619ffffffff-2019-09,2
846c619ffffffff-2019-10,2
846c619ffffffff-2020-09,2
846c619ffffffff-2023-03,1
846c619ffffffff-2023-05,1
846c619ffffffff-2023-09,8
846d041ffffffff-2013-02,1
846d041ffffffff-2013-04,1
846d041ffffffff-2013-05,1
846d041ffffffff-2013-08,1
846d041ffffffff-2013-09,1
846d041ffffffff-2014-01,1
846d041ffffffff-2016-04,2
846d041ffffffff-2016-10,4
846d041ffffffff-2017-07,1
846d041ffffffff-2017-08,6
846d041ffffffff-2017-10,1
846d041ffffffff-2018-05,2
846d041ffffffff-2018-12,1
846d041ffffffff-2020-09,5
846d041ffffffff-2021-04,1
846d041ffffffff-2021-10,5
846d041ffffffff-2022-04,3
846d041ffffffff-2023-01,2
846d041ffffffff-2023-03,4
846d041ffffffff-2023-04,6
846d041ffffffff-2023-08,1
846d041ffffffff-2023-09,5
846d043ffffffff-2014-01,5
846d043ffffffff-2014-10,2
846d043ffffffff-2015-03,4
846d043ffffffff-2015-09,2
846d043ffffffff-2015-11,2
846d043ffffffff-2016-02,2
846d043ffffffff-2016-05,3
846d043ffffffff-2016-10,1
846d043ffffffff-2016-11,2
846d043ffffffff-2017-03,2
846d043ffffffff-2017-10,1
846d043ffffffff-2018-01,2
846d043ffffffff-2018-03,1
846d043ffffffff-2018-05,2
846d043ffffffff-2018-09,2
846d043ffffffff-2018-12,4
846d043ffffffff-2019-02,3
846d043ffffffff-2019-03,3
846d043ffffffff-2019-09,2
846d043ffffffff-2020-01,5
846d043ffffffff-2020-10,3
846d043ffffffff-2021-01,5
846d043ffffffff-2021-09,2
846d043ffffffff-2021-11,2
846d043ffffffff-2022-01,3
846d043ffffffff-2022-03,5
846d043ffffffff-2022-11,1
846d043ffffffff-2023-02,4
846d043ffffffff-2023-03,7
846d043ffffffff-2023-04,8
846d043ffffffff-2023-05,2
846d043ffffffff-2023-09,5
846d045ffffffff-2013-01,2
846d045ffffffff-2013-03,3
846d045ffffffff-2013-10,2
846d045ffffffff-2014-02,2
846d045ffffffff-2014-04,2
846d045ffffffff-2015-01,5
846d045ffffffff-2015-02,3
846d045ffffffff-2015-03,3
846d045ffffffff-2016-01,9
846d045ffffffff-2016-02,2
846d045ffffffff-2017-01,2
846d045ffffffff-2017-02,6
846d045ffffffff-2017-03,2
846d045ffffffff-2018-11,2
846d045ffffffff-2019-01,11
846d045ffffffff-2019-02,13
846d045ffffffff-2019-03,3
846d045ffffffff-2020-01,1
846d045ffffffff-2020-03,3
846d045ffffffff-2022-01,2
846d045ffffffff-2022-02,4
846d045ffffffff-2022-03,4
846d045ffffffff-2023-01,3
846d045ffffffff-2023-02,8
846d045ffffffff-2023-04,24
846d04bffffffff-2015-11,4
846d04bffffffff-2016-10,1
846d04bffffffff-2017-10,1
846d04bffffffff-2018-05,1
846d04bffffffff-2018-12,1
846d04bffffffff-2019-01,6
846d04bffffffff-2019-12,4
846d04bffffffff-2022-09,3
846d051ffffffff-2014-01,1
846d051ffffffff-2018-04,3
846d051ffffffff-2019-04,2
846d051ffffffff-2020-01,1
846d051ffffffff-2020-03,4
846d053ffffffff-2015-01,1
846d053ffffffff-2016-01,2
846d053ffffffff-2016-02,4
846d053ffffffff-2017-01,5
846d053ffffffff-2017-02,2
846d053ffffffff-2018-02,4
846d053ffffffff-2019-02,2
846d053ffffffff-2020-01,1
846d053ffffffff-2023-02,6
846d053ffffffff-2023-03,2
846d05bffffffff-2023-04,4
846d05dffffffff-2023-03,1
846d069ffffffff-2012-03,2
846d069ffffffff-2013-01,2
846d069ffffffff-2013-03,2
846d069ffffffff-2013-08,2
846d069ffffffff-2014-03,1
846d069ffffffff-2015-02,3
846d069ffffffff-2015-03,1
846d069ffffffff-2015-10,3
846d069ffffffff-2015-11,2
846d069ffffffff-2016-01,2
846d069ffffffff-2016-03,2
846d069ffffffff-2016-04,2
846d069ffffffff-2016-09,2
846d069ffffffff-2017-01,1
846d069ffffffff-2017-02,3
846d069ffffffff-2017-04,4
846d069ffffffff-2017-08,4
846d069ffffffff-2018-01,1
846d069ffffffff-2018-03,2
846d069ffffffff-2018-04,4
846d069ffffffff-2018-12,2
846d069ffffffff-2019-01,5
846d069ffffffff-2019-03,1
846d069ffffffff-2019-05,1
846d069ffffffff-2019-08,3
846d069ffffffff-2019-10,2
846d069ffffffff-2019-11,7
846d069ffffffff-2020-01,6
846d069ffffffff-2020-03,3
846d069ffffffff-2020-10,8
846d069ffffffff-2020-11,5
846d069ffffffff-2020-12,2
846d069ffffffff-2021-01,4
846d069ffffffff-2021-02,4
846d069ffffffff-2021-05,7
846d069ffffffff-2021-07,10
846d069ffffffff-2021-08,4
846d069ffffffff-2021-10,11
846d069ffffffff-2021-11,7
846d069ffffffff-2021-12,1
846d069ffffffff-2022-01,15
846d069ffffffff-2022-02,3
846d069ffffffff-2022-04,3
846d069ffffffff-2022-05,2
846d069ffffffff-2022-07,1
846d069ffffffff-2022-08,1
846d069ffffffff-2022-10,6
846d069ffffffff-2022-11,9
846d069ffffffff-2022-12,10
846d069ffffffff-2023-01,2
846d069ffffffff-2023-03,7
846d069ffffffff-2023-04,1
846d069ffffffff-2023-08,1
846d069ffffffff-2023-11,2
846d06dffffffff-2013-04,1
846d06dffffffff-2016-04,4
846d06dffffffff-2017-03,4
846d06dffffffff-2023-04,2
846d141ffffffff-2014-01,1
846d141ffffffff-2016-02,2
846d141ffffffff-2017-03,2
846d141ffffffff-2017-04,1
846d141ffffffff-2018-01,2
846d141ffffffff-2018-02,1
846d141ffffffff-2019-02,2
846d141ffffffff-2019-04,1
846d141ffffffff-2020-01,1
846d141ffffffff-2021-01,1
846d141ffffffff-2021-02,1
846d141ffffffff-2021-03,1
846d141ffffffff-2021-12,1
846d141ffffffff-2022-04,1
846d141ffffffff-2022-10,4
846d141ffffffff-2022-11,1
846d141ffffffff-2022-12,1
846d141ffffffff-2023-02,2
846d141ffffffff-2023-03,1
846d141ffffffff-2023-04,2
846d141ffffffff-2023-08,1
846d141ffffffff-2023-10,1
846d141ffffffff-2023-11,2
846d143ffffffff-2012-12,2
846d143ffffffff-2018-02,3
846d143ffffffff-2018-11,1
846d143ffffffff-2018-12,3
846d143ffffffff-2019-02,2
846d143ffffffff-2019-03,1
846d143ffffffff-2020-09,2
846d143ffffffff-2020-12,4
846d143ffffffff-2021-10,3
846d143ffffffff-2021-12,2
846d143ffffffff-2022-01,3
846d143ffffffff-2022-03,1
846d143ffffffff-2022-11,1
846d143ffffffff-2022-12,8
846d143ffffffff-2023-01,1
846d143ffffffff-2023-02,2
846d143ffffffff-2023-03,2
846d143ffffffff-2023-04,3
846d145ffffffff-2014-03,1
846d145ffffffff-2018-01,2
846d159ffffffff-2013-01,1
846d159ffffffff-2013-03,1
846d159ffffffff-2013-11,2
846d159ffffffff-2015-01,1
846d159ffffffff-2016-03,1
846d159ffffffff-2016-08,4
846d159ffffffff-2016-12,4
846d159ffffffff-2017-01,2
846d159ffffffff-2017-02,1
846d159ffffffff-2017-03,1
846d159ffffffff-2017-05,1
846d159ffffffff-2017-11,2
846d159ffffffff-2017-12,1
846d159ffffffff-2018-02,1
846d159ffffffff-2018-03,6
846d159ffffffff-2018-04,1
846d159ffffffff-2018-09,1
846d159ffffffff-2018-12,2
846d159ffffffff-2019-02,2
846d159ffffffff-2019-03,1
846d159ffffffff-2019-10,1
846d159ffffffff-2019-11,4
846d159ffffffff-2019-12,5
846d159ffffffff-2020-02,3
846d159ffffffff-2020-03,2
846d159ffffffff-2020-12,3
846d159ffffffff-2021-01,1
846d159ffffffff-2021-04,1
846d159ffffffff-2021-11,2
846d159ffffffff-2021-12,1
846d159ffffffff-2022-01,8
846d159ffffffff-2022-02,2
846d159ffffffff-2022-03,2
846d159ffffffff-2022-04,6
846d159ffffffff-2022-07,1
846d159ffffffff-2022-10,2
846d159ffffffff-2022-12,1
846d159ffffffff-2023-02,1
846d159ffffffff-2023-04,1
846d159ffffffff-2023-09,1
846d15dffffffff-2012-03,4
846d15dffffffff-2022-02,4
846d15dffffffff-2022-11,1
846d15dffffffff-2022-12,1
846d15dffffffff-2023-02,1
846d15dffffffff-2023-03,1
846d15dffffffff-2023-04,5
846d201ffffffff-2019-02,5
846d20bffffffff-2013-05,1
846d20bffffffff-2013-12,2
846d20dffffffff-2020-12,1
846d20dffffffff-2022-12,1
846d233ffffffff-2023-07,1
846d23bffffffff-2012-04,2
846d23bffffffff-2023-04,1
846d23bffffffff-2023-05,10
846d241ffffffff-2018-09,4
846d241ffffffff-2019-09,4
846d243ffffffff-2012-01,1
846d243ffffffff-2013-02,1
846d243ffffffff-2016-11,1
846d243ffffffff-2017-05,1
846d243ffffffff-2021-05,2
846d243ffffffff-2022-12,4
846d247ffffffff-2015-12,4
846d247ffffffff-2016-01,2
846d247ffffffff-2016-05,1
846d247ffffffff-2017-11,2
846d247ffffffff-2019-01,1
846d247ffffffff-2021-03,4
846d247ffffffff-2021-04,4
846d247ffffffff-2022-02,1
846d247ffffffff-2022-03,1
846d247ffffffff-2022-07,1
846d247ffffffff-2022-12,1
846d247ffffffff-2023-01,3
846d247ffffffff-2023-02,4
846d247ffffffff-2023-03,5
846d247ffffffff-2023-04,1
846d247ffffffff-2023-10,1
846d247ffffffff-2023-11,1
846d24bffffffff-2019-04,1
846d24bffffffff-2019-12,2
846d24bffffffff-2023-04,1
846d251ffffffff-2012-01,3
846d251ffffffff-2014-02,5
846d251ffffffff-2014-11,1
846d251ffffffff-2015-11,10
846d251ffffffff-2015-12,2
846d251ffffffff-2016-01,3
846d251ffffffff-2016-07,1
846d251ffffffff-2017-12,3
846d251ffffffff-2019-10,4
846d251ffffffff-2019-12,1
846d251ffffffff-2020-10,1
846d251ffffffff-2020-11,1
846d251ffffffff-2021-01,4
846d251ffffffff-2021-10,3
846d251ffffffff-2021-11,5
846d251ffffffff-2021-12,4
846d251ffffffff-2022-01,4
846d251ffffffff-2022-03,6
846d251ffffffff-2022-10,4
846d251ffffffff-2022-12,4
846d251ffffffff-2023-01,9
846d251ffffffff-2023-02,2
846d251ffffffff-2023-03,4
846d253ffffffff-2012-01,1
846d253ffffffff-2015-01,2
846d253ffffffff-2015-04,6
846d253ffffffff-2015-12,1
846d253ffffffff-2016-01,2
846d253ffffffff-2016-09,5
846d253ffffffff-2016-10,1
846d253ffffffff-2016-11,2
846d253ffffffff-2016-12,4
846d253ffffffff-2017-10,1
846d253ffffffff-2017-11,1
846d253ffffffff-2018-11,1
846d253ffffffff-2019-01,1
846d253ffffffff-2020-01,2
846d253ffffffff-2021-02,1
846d253ffffffff-2022-02,7
846d253ffffffff-2022-03,1
846d253ffffffff-2022-04,1
846d253ffffffff-2023-02,1
846d253ffffffff-2023-03,2
846d253ffffffff-2023-04,2
846d253ffffffff-2023-05,2
846d255ffffffff-2013-01,1
846d255ffffffff-2013-12,1
846d255ffffffff-2015-01,2
846d255ffffffff-2015-03,4
846d255ffffffff-2015-09,3
846d255ffffffff-2016-04,4
846d255ffffffff-2017-12,3
846d255ffffffff-2018-12,1
846d255ffffffff-2020-01,4
846d255ffffffff-2021-12,4
846d255ffffffff-2023-03,4
846d255ffffffff-2023-11,1
846d257ffffffff-2012-01,2
846d257ffffffff-2012-04,1
846d257ffffffff-2012-12,1
846d257ffffffff-2014-09,1
846d257ffffffff-2015-03,2
846d257ffffffff-2015-05,2
846d257ffffffff-2016-11,2
846d257ffffffff-2017-09,1
846d257ffffffff-2018-12,1
846d257ffffffff-2019-05,3
846d257ffffffff-2020-02,7
846d257ffffffff-2020-10,2
846d257ffffffff-2021-04,2
846d257ffffffff-2022-11,4
846d257ffffffff-2022-12,1
846d257ffffffff-2023-10,1
846d25bffffffff-2020-11,8
846d25dffffffff-2021-04,3
846d26bffffffff-2012-07,1
846d26bffffffff-2015-09,2
846d281ffffffff-2020-05,1
846d281ffffffff-2021-03,3
846d281ffffffff-2021-04,1
846d283ffffffff-2017-04,1
846d283ffffffff-2022-05,1
846d285ffffffff-2017-05,1
846d285ffffffff-2017-11,2
846d285ffffffff-2018-09,1
846d285ffffffff-2019-04,2
846d285ffffffff-2019-05,3
846d28dffffffff-2021-05,1
846d291ffffffff-2015-02,1
846d291ffffffff-2020-12,2
846d291ffffffff-2023-02,1
846d291ffffffff-2023-03,16
846d291ffffffff-2023-05,2
846d299ffffffff-2018-03,2
846d2a1ffffffff-2013-08,3
846d2a1ffffffff-2018-09,2
846d2a1ffffffff-2021-12,2
846d2a1ffffffff-2022-01,1
846d2a1ffffffff-2022-02,1
846d2a1ffffffff-2022-03,5
846d2a1ffffffff-2022-04,4
846d2a3ffffffff-2012-12,2
846d2a3ffffffff-2014-03,4
846d2a3ffffffff-2014-04,5
846d2a3ffffffff-2014-10,6
846d2a3ffffffff-2014-11,2
846d2a3ffffffff-2014-12,3
846d2a3ffffffff-2015-02,2
846d2a3ffffffff-2015-03,5
846d2a3ffffffff-2015-08,3
846d2a3ffffffff-2015-09,3
846d2a3ffffffff-2015-12,1
846d2a3ffffffff-2016-01,3
846d2a3ffffffff-2016-02,5
846d2a3ffffffff-2016-03,5
846d2a3ffffffff-2016-04,5
846d2a3ffffffff-2016-05,1
846d2a3ffffffff-2016-09,9
846d2a3ffffffff-2016-10,3
846d2a3ffffffff-2016-11,6
846d2a3ffffffff-2017-01,3
846d2a3ffffffff-2017-02,9
846d2a3ffffffff-2017-03,4
846d2a3ffffffff-2017-04,2
846d2a3ffffffff-2017-05,4
846d2a3ffffffff-2017-09,4
846d2a3ffffffff-2017-11,2
846d2a3ffffffff-2017-12,3
846d2a3ffffffff-2018-02,2
846d2a3ffffffff-2018-03,5
846d2a3ffffffff-2018-05,2
846d2a3ffffffff-2018-11,1
846d2a3ffffffff-2018-12,5
846d2a3ffffffff-2019-02,9
846d2a3ffffffff-2019-04,4
846d2a3ffffffff-2019-11,2
846d2a3ffffffff-2020-08,1
846d2a3ffffffff-2021-02,4
846d2a3ffffffff-2021-11,2
846d2a3ffffffff-2021-12,4
846d2a3ffffffff-2023-03,8
846d2a3ffffffff-2023-04,13
846d2a3ffffffff-2023-09,8
846d2adffffffff-2023-10,1
846d2b1ffffffff-2019-01,3
846d2b1ffffffff-2019-02,12
846d2b1ffffffff-2019-10,2
846d2b1ffffffff-2020-10,1
846d2b1ffffffff-2020-12,4
846d2b1ffffffff-2021-01,3
846d2b1ffffffff-2021-02,2
846d2b1ffffffff-2021-10,1
846d2b1ffffffff-2022-01,15
846d2b1ffffffff-2022-03,3
846d2b1ffffffff-2023-04,9
846d2b3ffffffff-2013-04,1
846d2b3ffffffff-2017-02,1
846d2b3ffffffff-2019-01,3
846d2b3ffffffff-2019-02,4
846d2b3ffffffff-2019-04,13
846d2b3ffffffff-2019-05,4
846d2b3ffffffff-2019-09,4
846d2b3ffffffff-2020-01,7
846d2b3ffffffff-2020-02,20
846d2b3ffffffff-2020-03,7
846d2b3ffffffff-2020-09,5
846d2b3ffffffff-2021-02,14
846d2b3ffffffff-2021-03,11
846d2b3ffffffff-2021-04,3
846d2b3ffffffff-2021-10,4
846d2b3ffffffff-2021-11,6
846d2b3ffffffff-2021-12,2
846d2b3ffffffff-2022-01,22
846d2b3ffffffff-2022-02,2
846d2b3ffffffff-2022-03,6
846d2b3ffffffff-2022-04,1
846d2b3ffffffff-2022-11,1
846d2b3ffffffff-2022-12,9
846d2b3ffffffff-2023-02,6
846d2b3ffffffff-2023-04,8
846d2b3ffffffff-2023-10,2
846d2b3ffffffff-2023-11,1
846d2b5ffffffff-2019-02,3
846d2b9ffffffff-2018-05,3
846d2b9ffffffff-2020-04,1
846d2b9ffffffff-2022-04,4
846d2b9ffffffff-2023-04,7
846d2b9ffffffff-2023-05,2
846d2bbffffffff-2012-09,1
846d2bbffffffff-2013-11,2
846d2bbffffffff-2014-01,1
846d2bbffffffff-2019-01,3
846d2bbffffffff-2019-02,4
846d2bbffffffff-2019-04,22
846d2bbffffffff-2019-05,5
846d2bbffffffff-2019-08,7
846d2bbffffffff-2019-09,11
846d2bbffffffff-2019-12,6
846d2bbffffffff-2020-01,11
846d2bbffffffff-2020-02,34
846d2bbffffffff-2020-03,35
846d2bbffffffff-2020-08,2
846d2bbffffffff-2020-09,5
846d2bbffffffff-2020-10,6
846d2bbffffffff-2020-12,2
846d2bbffffffff-2021-01,43
846d2bbffffffff-2021-02,3
846d2bbffffffff-2021-03,4
846d2bbffffffff-2021-04,2
846d2bbffffffff-2021-05,4
846d2bbffffffff-2021-08,2
846d2bbffffffff-2021-10,8
846d2bbffffffff-2021-11,4
846d2bbffffffff-2021-12,4
846d2bbffffffff-2022-01,52
846d2bbffffffff-2022-02,14
846d2bbffffffff-2022-03,9
846d2bbffffffff-2022-04,2
846d2bbffffffff-2022-09,3
846d2bbffffffff-2022-12,2
846d2bbffffffff-2023-02,9
846d2bbffffffff-2023-03,3
846d2bbffffffff-2023-04,4
846d2bbffffffff-2023-05,13
846d2bbffffffff-2023-08,1
846d2bbffffffff-2023-09,3
846d2bbffffffff-2023-10,2
846d2bbffffffff-2023-11,2
846d2c1ffffffff-2015-12,3
846d2c1ffffffff-2017-02,1
846d2c3ffffffff-2022-01,3
846d2c9ffffffff-2013-02,2
846d2c9ffffffff-2019-04,11
846d2c9ffffffff-2019-11,1
846d2c9ffffffff-2020-12,1
846d2c9ffffffff-2021-01,7
846d2c9ffffffff-2021-04,1
846d2c9ffffffff-2022-04,6
846d2c9ffffffff-2022-05,2
846d2c9ffffffff-2022-10,1
846d2c9ffffffff-2022-12,1
846d2c9ffffffff-2023-02,1
846d2c9ffffffff-2023-04,3
846d2c9ffffffff-2023-11,4
846d2cbffffffff-2015-02,1
846d2cbffffffff-2019-05,2
846d2cbffffffff-2021-02,1
846d2cbffffffff-2023-03,1
846d2cbffffffff-2023-05,1
846d2cdffffffff-2023-03,1
846d2d7ffffffff-2012-05,3
846d2d7ffffffff-2018-05,1
846d2d7ffffffff-2019-04,2
846d2d7ffffffff-2019-05,7
846d2d7ffffffff-2021-03,3
846d2d7ffffffff-2021-04,2
846d2d7ffffffff-2022-03,1
846d2d7ffffffff-2022-04,3
846d2d7ffffffff-2022-05,21
846d2d7ffffffff-2023-03,5
846d2d7ffffffff-2023-04,25
846d2d7ffffffff-2023-05,5
846d2dbffffffff-2022-12,1
846d2e5ffffffff-2014-02,1
846d2ebffffffff-2023-05,4
846d30dffffffff-2015-04,2
846d30dffffffff-2017-01,3
846d30dffffffff-2019-03,2
846d30dffffffff-2019-05,2
846d30dffffffff-2023-03,1
846d30dffffffff-2023-04,1
846d313ffffffff-2012-04,2
846d313ffffffff-2014-02,1
846d313ffffffff-2015-04,3
846d313ffffffff-2015-08,1
846d313ffffffff-2015-10,4
846d313ffffffff-2016-02,3
846d313ffffffff-2016-10,1
846d313ffffffff-2017-01,1
846d313ffffffff-2017-03,3
846d313ffffffff-2017-04,15
846d313ffffffff-2017-05,1
846d313ffffffff-2017-08,1
846d313ffffffff-2017-09,1
846d313ffffffff-2018-03,1
846d313ffffffff-2018-04,6
846d313ffffffff-2018-05,2
846d313ffffffff-2018-09,4
846d313ffffffff-2019-10,1
846d313ffffffff-2020-08,2
846d313ffffffff-2021-03,1
846d313ffffffff-2021-04,6
846d313ffffffff-2021-05,2
846d313ffffffff-2022-04,5
846d313ffffffff-2022-05,6
846d313ffffffff-2023-03,7
846d313ffffffff-2023-04,1
846d317ffffffff-2015-04,1
846d317ffffffff-2020-12,1
846d317ffffffff-2023-01,3
846d32bffffffff-2016-10,1
846d32bffffffff-2017-03,2
846d32bffffffff-2017-04,1
846d32bffffffff-2019-01,1
846d32bffffffff-2021-03,2
846d32bffffffff-2022-01,5
846d32bffffffff-2022-02,4
846d32bffffffff-2022-03,1
846d32bffffffff-2022-04,6
846d32bffffffff-2022-05,2
846d32bffffffff-2022-11,1
846d32bffffffff-2022-12,1
846d32bffffffff-2023-02,1
846d32bffffffff-2023-03,2
846d32bffffffff-2023-09,1
846d32bffffffff-2023-11,3
846d333ffffffff-2016-02,1
846d333ffffffff-2019-03,2
846d333ffffffff-2023-02,2
846d341ffffffff-2013-01,2
846d341ffffffff-2016-11,4
846d341ffffffff-2018-04,3
846d341ffffffff-2018-05,3
846d341ffffffff-2022-03,1
846d341ffffffff-2023-01,5
846d341ffffffff-2023-04,1
846d341ffffffff-2023-10,18
846d341ffffffff-2023-11,2
846d343ffffffff-2013-01,1
846d343ffffffff-2019-03,1
846d343ffffffff-2019-05,4
846d343ffffffff-2020-01,1
846d343ffffffff-2020-03,1
846d343ffffffff-2021-05,2
846d343ffffffff-2022-01,1
846d343ffffffff-2022-03,3
846d343ffffffff-2022-04,4
846d343ffffffff-2022-05,2
846d343ffffffff-2023-04,4
846d347ffffffff-2019-03,1
846d347ffffffff-2019-11,2
846d347ffffffff-2020-01,1
846d347ffffffff-2022-05,3
846d347ffffffff-2023-11,1
846d34bffffffff-2018-04,2
846d34bffffffff-2019-01,1
846d34bffffffff-2019-03,1
846d34bffffffff-2021-03,3
846d34dffffffff-2013-01,1
846d34dffffffff-2013-11,2
846d34dffffffff-2014-01,1
846d34dffffffff-2015-01,5
846d34dffffffff-2016-11,2
846d34dffffffff-2017-11,2
846d34dffffffff-2017-12,4
846d34dffffffff-2018-03,2
846d34dffffffff-2019-01,2
846d34dffffffff-2019-03,1
846d34dffffffff-2019-04,2
846d34dffffffff-2019-05,6
846d34dffffffff-2019-09,2
846d34dffffffff-2019-11,1
846d34dffffffff-2019-12,7
846d34dffffffff-2020-01,5
846d34dffffffff-2020-03,1
846d34dffffffff-2020-05,1
846d34dffffffff-2020-09,1
846d34dffffffff-2020-12,4
846d34dffffffff-2021-01,12
846d34dffffffff-2021-02,20
846d34dffffffff-2021-03,6
846d34dffffffff-2021-04,16
846d34dffffffff-2021-05,3
846d34dffffffff-2021-07,1
846d34dffffffff-2021-09,2
846d34dffffffff-2021-10,3
846d34dffffffff-2021-12,8
846d34dffffffff-2022-01,17
846d34dffffffff-2022-02,8
846d34dffffffff-2022-03,15
846d34dffffffff-2022-04,14
846d34dffffffff-2022-05,32
846d34dffffffff-2022-09,4
846d34dffffffff-2022-10,1
846d34dffffffff-2022-12,6
846d34dffffffff-2023-01,19
846d34dffffffff-2023-02,33
846d34dffffffff-2023-03,30
846d34dffffffff-2023-04,30
846d34dffffffff-2023-05,35
846d34dffffffff-2023-10,1
846d34dffffffff-2023-11,15
846d351ffffffff-2020-11,1
846d351ffffffff-2022-05,1
846d353ffffffff-2013-04,1
846d359ffffffff-2018-01,1
846d35bffffffff-2012-01,9
846d35bffffffff-2012-02,13
846d35bffffffff-2012-03,16
846d35bffffffff-2012-04,32
846d35bffffffff-2012-05,36
846d35bffffffff-2012-06,22
846d35bffffffff-2012-08,2
846d35bffffffff-2012-09,4
846d35bffffffff-2012-10,11
846d35bffffffff-2012-11,4
846d35bffffffff-2013-04,1
846d35bffffffff-2013-10,6
846d35bffffffff-2014-11,2
846d35bffffffff-2015-01,6
846d35bffffffff-2015-02,3
846d35bffffffff-2015-03,6
846d35bffffffff-2015-04,13
846d35bffffffff-2015-05,2
846d35bffffffff-2015-07,20
846d35bffffffff-2015-08,11
846d35bffffffff-2015-12,6
846d35bffffffff-2016-05,17
846d35bffffffff-2018-01,2
846d35bffffffff-2020-03,4
846d35bffffffff-2020-05,2
846d35bffffffff-2021-01,4
846d35bffffffff-2021-02,3
846d35bffffffff-2021-03,2
846d35bffffffff-2023-05,1
846d35dffffffff-2012-05,1
846d35dffffffff-2012-11,1
846d35dffffffff-2015-05,1
846d35dffffffff-2018-03,1
846d35dffffffff-2019-05,3
846d49dffffffff-2023-09,4
846d601ffffffff-2013-02,2
846d601ffffffff-2013-03,4
846d601ffffffff-2013-08,1
846d601ffffffff-2013-11,1
846d601ffffffff-2013-12,2
846d601ffffffff-2014-01,3
846d601ffffffff-2014-07,3
846d601ffffffff-2014-08,2
846d601ffffffff-2014-11,2
846d601ffffffff-2014-12,7
846d601ffffffff-2015-01,2
846d601ffffffff-2015-02,4
846d601ffffffff-2015-08,10
846d601ffffffff-2015-10,5
846d601ffffffff-2015-11,1
846d601ffffffff-2015-12,16
846d601ffffffff-2016-01,8
846d601ffffffff-2016-02,4
846d601ffffffff-2016-03,3
846d601ffffffff-2016-05,2
846d601ffffffff-2016-06,1
846d601ffffffff-2016-08,1
846d601ffffffff-2016-09,6
846d601ffffffff-2016-10,2
846d601ffffffff-2016-11,1
846d601ffffffff-2017-01,10
846d601ffffffff-2017-02,3
846d601ffffffff-2017-08,1
846d601ffffffff-2017-09,8
846d601ffffffff-2017-11,1
846d601ffffffff-2017-12,5
846d601ffffffff-2018-01,16
846d601ffffffff-2018-02,4
846d601ffffffff-2018-04,1
846d601ffffffff-2018-05,3
846d601ffffffff-2018-07,12
846d601ffffffff-2018-09,3
846d601ffffffff-2018-10,4
846d601ffffffff-2019-01,10
846d601ffffffff-2019-02,5
846d601ffffffff-2019-05,6
846d601ffffffff-2019-08,6
846d601ffffffff-2019-09,4
846d601ffffffff-2019-10,6
846d601ffffffff-2020-01,3
846d601ffffffff-2020-02,1
846d601ffffffff-2020-04,1
846d601ffffffff-2020-08,2
846d601ffffffff-2020-10,2
846d601ffffffff-2020-12,2
846d601ffffffff-2021-01,2
846d601ffffffff-2021-03,14
846d601ffffffff-2021-04,5
846d601ffffffff-2021-05,4
846d601ffffffff-2021-07,1
846d601ffffffff-2021-08,2
846d601ffffffff-2021-10,6
846d601ffffffff-2021-11,9
846d601ffffffff-2021-12,6
846d601ffffffff-2022-01,13
846d601ffffffff-2022-02,10
846d601ffffffff-2022-08,2
846d601ffffffff-2022-09,3
846d601ffffffff-2022-10,1
846d601ffffffff-2022-11,3
846d601ffffffff-2022-12,4
846d601ffffffff-2023-01,11
846d601ffffffff-2023-02,7
846d601ffffffff-2023-04,6
846d601ffffffff-2023-05,3
846d601ffffffff-2023-09,5
846d601ffffffff-2023-10,7
846d601ffffffff-2023-11,9
846d603ffffffff-2023-10,1
846d605ffffffff-2012-01,1
846d605ffffffff-2013-01,3
846d605ffffffff-2013-02,2
846d605ffffffff-2013-03,11
846d605ffffffff-2014-01,3
846d605ffffffff-2014-02,9
846d605ffffffff-2014-07,2
846d605ffffffff-2014-09,2
846d605ffffffff-2015-01,3
846d605ffffffff-2015-08,2
846d605ffffffff-2016-01,1
846d605ffffffff-2016-02,2
846d605ffffffff-2016-04,1
846d605ffffffff-2016-09,3
846d605ffffffff-2016-10,2
846d605ffffffff-2017-01,5
846d605ffffffff-2017-04,1
846d605ffffffff-2017-08,1
846d605ffffffff-2018-01,5
846d605ffffffff-2018-02,1
846d605ffffffff-2018-03,1
846d605ffffffff-2018-05,4
846d605ffffffff-2018-07,3
846d605ffffffff-2018-09,2
846d605ffffffff-2018-10,1
846d605ffffffff-2018-11,2
846d605ffffffff-2019-03,1
846d605ffffffff-2019-07,1
846d605ffffffff-2019-09,15
846d605ffffffff-2019-10,3
846d605ffffffff-2020-01,1
846d605ffffffff-2020-02,2
846d605ffffffff-2020-03,1
846d605ffffffff-2020-09,1
846d605ffffffff-2020-10,3
846d605ffffffff-2021-01,4
846d605ffffffff-2021-03,6
846d605ffffffff-2021-11,7
846d605ffffffff-2022-01,4
846d605ffffffff-2022-10,15
846d605ffffffff-2023-02,11
846d605ffffffff-2023-03,8
846d605ffffffff-2023-04,2
846d605ffffffff-2023-05,5
846d605ffffffff-2023-07,2
846d605ffffffff-2023-09,1
846d605ffffffff-2023-10,11
846d607ffffffff-2012-03,1
846d607ffffffff-2013-09,1
846d607ffffffff-2013-12,1
846d607ffffffff-2014-08,1
846d607ffffffff-2015-08,1
846d607ffffffff-2016-09,3
846d607ffffffff-2017-02,2
846d607ffffffff-2018-05,2
846d607ffffffff-2019-05,1
846d607ffffffff-2019-07,1
846d607ffffffff-2019-08,1
846d607ffffffff-2019-12,3
846d607ffffffff-2020-03,1
846d607ffffffff-2020-07,1
846d607ffffffff-2020-10,1
846d607ffffffff-2021-03,2
846d607ffffffff-2021-04,1
846d607ffffffff-2021-05,1
846d607ffffffff-2021-09,2
846d607ffffffff-2021-12,2
846d607ffffffff-2022-02,2
846d607ffffffff-2022-04,3
846d607ffffffff-2022-05,2
846d607ffffffff-2022-08,2
846d607ffffffff-2022-09,5
846d607ffffffff-2022-10,8
846d607ffffffff-2022-11,4
846d607ffffffff-2022-12,9
846d607ffffffff-2023-01,4
846d607ffffffff-2023-02,13
846d607ffffffff-2023-03,3
846d607ffffffff-2023-05,4
846d607ffffffff-2023-09,5
846d607ffffffff-2023-10,5
846d607ffffffff-2023-11,1
846d60dffffffff-2012-03,2
846d60dffffffff-2012-11,2
846d60dffffffff-2013-02,1
846d60dffffffff-2013-03,2
846d60dffffffff-2013-08,10
846d60dffffffff-2013-12,5
846d60dffffffff-2014-01,4
846d60dffffffff-2014-02,2
846d60dffffffff-2014-04,3
846d60dffffffff-2014-05,2
846d60dffffffff-2014-07,3
846d60dffffffff-2014-08,4
846d60dffffffff-2014-09,2
846d60dffffffff-2014-10,2
846d60dffffffff-2014-11,4
846d60dffffffff-2014-12,1
846d60dffffffff-2015-01,4
846d60dffffffff-2015-02,1
846d60dffffffff-2015-03,4
846d60dffffffff-2015-04,2
846d60dffffffff-2015-05,2
846d60dffffffff-2015-07,1
846d60dffffffff-2015-08,6
846d60dffffffff-2015-09,3
846d60dffffffff-2015-10,3
846d60dffffffff-2015-12,5
846d60dffffffff-2016-01,29
846d60dffffffff-2016-02,6
846d60dffffffff-2016-03,3
846d60dffffffff-2016-04,8
846d60dffffffff-2016-05,2
846d60dffffffff-2016-08,3
846d60dffffffff-2016-09,15
846d60dffffffff-2016-10,5
846d60dffffffff-2016-11,1
846d60dffffffff-2016-12,7
846d60dffffffff-2017-01,21
846d60dffffffff-2017-02,16
846d60dffffffff-2017-03,1
846d60dffffffff-2017-04,2
846d60dffffffff-2017-05,1
846d60dffffffff-2017-08,2
846d60dffffffff-2017-09,10
846d60dffffffff-2017-10,2
846d60dffffffff-2017-11,2
846d60dffffffff-2017-12,2
846d60dffffffff-2018-01,26
846d60dffffffff-2018-02,10
846d60dffffffff-2018-04,2
846d60dffffffff-2018-05,56
846d60dffffffff-2018-07,19
846d60dffffffff-2018-08,4
846d60dffffffff-2018-09,36
846d60dffffffff-2018-10,2
846d60dffffffff-2018-12,4
846d60dffffffff-2019-01,15
846d60dffffffff-2019-02,16
846d60dffffffff-2019-03,1
846d60dffffffff-2019-04,2
846d60dffffffff-2019-05,17
846d60dffffffff-2019-07,1
846d60dffffffff-2019-08,10
846d60dffffffff-2019-09,25
846d60dffffffff-2019-10,9
846d60dffffffff-2019-11,3
846d60dffffffff-2019-12,5
846d60dffffffff-2020-02,7
846d60dffffffff-2020-03,3
846d60dffffffff-2020-09,2
846d60dffffffff-2020-10,2
846d60dffffffff-2021-01,29
846d60dffffffff-2021-02,6
846d60dffffffff-2021-03,23
846d60dffffffff-2021-04,6
846d60dffffffff-2021-05,2
846d60dffffffff-2021-09,1
846d60dffffffff-2021-10,5
846d60dffffffff-2021-11,9
846d60dffffffff-2021-12,5
846d60dffffffff-2022-01,25
846d60dffffffff-2022-02,27
846d60dffffffff-2022-03,8
846d60dffffffff-2022-04,8
846d60dffffffff-2022-05,6
846d60dffffffff-2022-07,3
846d60dffffffff-2022-09,2
846d60dffffffff-2022-10,13
846d60dffffffff-2022-11,2
846d60dffffffff-2022-12,10
846d60dffffffff-2023-01,6
846d60dffffffff-2023-02,3
846d60dffffffff-2023-04,5
846d60dffffffff-2023-05,4
846d60dffffffff-2023-06,4
846d60dffffffff-2023-08,2
846d60dffffffff-2023-09,4
846d60dffffffff-2023-10,2
846d60dffffffff-2023-11,23
846d611ffffffff-2017-03,4
846d611ffffffff-2019-02,1
846d611ffffffff-2019-11,3
846d611ffffffff-2021-01,5
846d611ffffffff-2021-03,1
846d611ffffffff-2021-04,3
846d611ffffffff-2021-10,1
846d611ffffffff-2022-01,1
846d611ffffffff-2022-02,1
846d611ffffffff-2022-09,2
846d611ffffffff-2023-09,3
846d613ffffffff-2012-01,1
846d613ffffffff-2012-02,7
846d613ffffffff-2012-03,3
846d613ffffffff-2012-04,4
846d613ffffffff-2012-09,1
846d613ffffffff-2012-11,1
846d613ffffffff-2012-12,1
846d613ffffffff-2013-01,2
846d613ffffffff-2013-02,1
846d613ffffffff-2013-03,1
846d613ffffffff-2013-04,1
846d613ffffffff-2013-05,5
846d613ffffffff-2013-08,2
846d613ffffffff-2013-09,2
846d613ffffffff-2013-10,1
846d613ffffffff-2013-11,1
846d613ffffffff-2014-02,3
846d613ffffffff-2014-03,2
846d613ffffffff-2014-04,1
846d613ffffffff-2014-09,3
846d613ffffffff-2014-10,2
846d613ffffffff-2014-11,2
846d613ffffffff-2014-12,1
846d613ffffffff-2015-02,2
846d613ffffffff-2015-09,3
846d613ffffffff-2015-12,1
846d613ffffffff-2016-02,6
846d613ffffffff-2016-09,7
846d613ffffffff-2017-01,3
846d613ffffffff-2017-04,1
846d613ffffffff-2017-05,6
846d613ffffffff-2017-10,1
846d613ffffffff-2017-11,1
846d613ffffffff-2018-02,2
846d613ffffffff-2018-04,7
846d613ffffffff-2018-05,2
846d613ffffffff-2018-09,1
846d613ffffffff-2019-03,5
846d613ffffffff-2019-05,3
846d613ffffffff-2019-10,8
846d613ffffffff-2019-11,1
846d613ffffffff-2019-12,5
846d613ffffffff-2020-01,1
846d613ffffffff-2020-02,1
846d613ffffffff-2020-10,3
846d613ffffffff-2020-11,12
846d613ffffffff-2020-12,4
846d613ffffffff-2021-01,15
846d613ffffffff-2021-02,10
846d613ffffffff-2021-03,1
846d613ffffffff-2021-04,4
846d613ffffffff-2021-05,11
846d613ffffffff-2021-10,12
846d613ffffffff-2021-11,5
846d613ffffffff-2021-12,6
846d613ffffffff-2022-01,7
846d613ffffffff-2022-02,1
846d613ffffffff-2022-03,1
846d613ffffffff-2022-04,2
846d613ffffffff-2022-05,12
846d613ffffffff-2022-08,1
846d613ffffffff-2022-09,6
846d613ffffffff-2022-10,18
846d613ffffffff-2022-11,6
846d613ffffffff-2022-12,12
846d613ffffffff-2023-01,31
846d613ffffffff-2023-02,30
846d613ffffffff-2023-03,17
846d613ffffffff-2023-04,5
846d613ffffffff-2023-05,9
846d613ffffffff-2023-08,3
846d613ffffffff-2023-09,2
846d613ffffffff-2023-10,24
846d613ffffffff-2023-11,5
846d615ffffffff-2012-01,1
846d615ffffffff-2012-12,1
846d615ffffffff-2013-02,1
846d615ffffffff-2016-04,1
846d615ffffffff-2018-11,1
846d615ffffffff-2019-10,2
846d615ffffffff-2019-11,1
846d615ffffffff-2023-04,3
846d617ffffffff-2013-02,4
846d617ffffffff-2013-03,2
846d617ffffffff-2013-04,3
846d617ffffffff-2013-05,1
846d617ffffffff-2014-01,2
846d617ffffffff-2014-02,1
846d617ffffffff-2019-02,1
846d617ffffffff-2019-03,1
846d617ffffffff-2019-10,1
846d617ffffffff-2020-01,1
846d617ffffffff-2020-03,1
846d617ffffffff-2021-08,2
846d617ffffffff-2022-03,1
846d617ffffffff-2022-04,1
846d617ffffffff-2022-05,3
846d617ffffffff-2023-04,1
846d619ffffffff-2015-05,2
846d619ffffffff-2015-10,1
846d619ffffffff-2016-05,1
846d619ffffffff-2018-03,1
846d619ffffffff-2018-04,1
846d619ffffffff-2018-11,5
846d619ffffffff-2019-10,1
846d619ffffffff-2020-01,1
846d619ffffffff-2022-01,1
846d61dffffffff-2017-12,2
846d61dffffffff-2019-12,2
846d61dffffffff-2020-09,2
846d61dffffffff-2023-10,2
846d61dffffffff-2023-11,2
846d639ffffffff-2012-01,1
846d639ffffffff-2012-02,2
846d639ffffffff-2012-03,1
846d639ffffffff-2012-05,1
846d639ffffffff-2012-07,2
846d639ffffffff-2012-08,1
846d639ffffffff-2012-09,1
846d639ffffffff-2012-10,1
846d639ffffffff-2012-11,1
846d639ffffffff-2012-12,3
846d639ffffffff-2013-01,3
846d639ffffffff-2013-02,1
846d639ffffffff-2013-03,2
846d639ffffffff-2013-04,1
846d639ffffffff-2013-07,1
846d639ffffffff-2013-08,1
846d639ffffffff-2013-09,1
846d639ffffffff-2013-11,1
846d639ffffffff-2013-12,1
846d639ffffffff-2014-01,3
846d639ffffffff-2014-02,1
846d639ffffffff-2014-03,7
846d639ffffffff-2014-04,1
846d639ffffffff-2014-10,3
846d639ffffffff-2014-11,3
846d639ffffffff-2014-12,1
846d639ffffffff-2015-09,1
846d639ffffffff-2015-10,1
846d639ffffffff-2015-12,2
846d639ffffffff-2016-01,2
846d639ffffffff-2016-03,2
846d639ffffffff-2016-07,2
846d639ffffffff-2017-02,2
846d639ffffffff-2017-10,4
846d639ffffffff-2017-12,3
846d639ffffffff-2018-02,1
846d639ffffffff-2018-03,1
846d639ffffffff-2018-07,1
846d639ffffffff-2018-10,1
846d639ffffffff-2019-02,1
846d639ffffffff-2019-05,1
846d639ffffffff-2019-06,1
846d639ffffffff-2019-08,1
846d639ffffffff-2019-09,10
846d639ffffffff-2019-10,3
846d639ffffffff-2019-11,1
846d639ffffffff-2020-01,4
846d639ffffffff-2020-02,1
846d639ffffffff-2020-08,3
846d639ffffffff-2020-09,1
846d639ffffffff-2020-10,3
846d639ffffffff-2021-01,4
846d639ffffffff-2021-03,3
846d639ffffffff-2021-04,1
846d639ffffffff-2021-07,12
846d639ffffffff-2021-08,3
846d639ffffffff-2021-10,5
846d639ffffffff-2021-11,3
846d639ffffffff-2022-01,4
846d639ffffffff-2022-03,1
846d639ffffffff-2022-04,2
846d639ffffffff-2022-08,8
846d639ffffffff-2022-09,4
846d639ffffffff-2022-10,8
846d639ffffffff-2022-11,14
846d639ffffffff-2022-12,8
846d639ffffffff-2023-01,10
846d639ffffffff-2023-02,2
846d639ffffffff-2023-03,3
846d639ffffffff-2023-05,23
846d639ffffffff-2023-07,11
846d639ffffffff-2023-08,4
846d639ffffffff-2023-09,2
846d639ffffffff-2023-10,15
846d639ffffffff-2023-11,10
846d63bffffffff-2022-10,1
846d63bffffffff-2023-01,4
846d63bffffffff-2023-05,2
846d641ffffffff-2012-04,1
846d641ffffffff-2013-04,1
846d641ffffffff-2013-05,3
846d641ffffffff-2014-05,3
846d641ffffffff-2015-05,1
846d641ffffffff-2017-04,9
846d641ffffffff-2020-04,7
846d641ffffffff-2021-04,1
846d641ffffffff-2022-05,4
846d641ffffffff-2023-04,1
846d641ffffffff-2023-05,4
846d645ffffffff-2012-05,2
846d649ffffffff-2018-05,4
846d64dffffffff-2013-05,2
846d653ffffffff-2016-05,1
846d655ffffffff-2021-03,1
846d657ffffffff-2012-10,1
846d657ffffffff-2012-11,1
846d657ffffffff-2014-10,1
846d657ffffffff-2016-12,3
846d657ffffffff-2017-02,3
846d657ffffffff-2017-12,4
846d657ffffffff-2018-01,1
846d657ffffffff-2018-05,2
846d657ffffffff-2018-10,3
846d657ffffffff-2018-11,5
846d657ffffffff-2018-12,1
846d657ffffffff-2019-01,3
846d657ffffffff-2019-05,2
846d657ffffffff-2019-07,4
846d657ffffffff-2019-08,1
846d657ffffffff-2019-09,3
846d657ffffffff-2019-10,5
846d657ffffffff-2019-11,4
846d657ffffffff-2019-12,9
846d657ffffffff-2020-01,5
846d657ffffffff-2020-02,4
846d657ffffffff-2020-10,12
846d657ffffffff-2020-11,5
846d657ffffffff-2020-12,4
846d657ffffffff-2021-01,21
846d657ffffffff-2021-02,1
846d657ffffffff-2021-03,2
846d657ffffffff-2021-04,2
846d657ffffffff-2021-05,1
846d657ffffffff-2021-08,3
846d657ffffffff-2021-09,14
846d657ffffffff-2021-10,16
846d657ffffffff-2021-11,7
846d657ffffffff-2021-12,6
846d657ffffffff-2022-01,9
846d657ffffffff-2022-02,6
846d657ffffffff-2022-03,4
846d657ffffffff-2022-04,6
846d657ffffffff-2022-05,5
846d657ffffffff-2022-08,4
846d657ffffffff-2022-09,28
846d657ffffffff-2022-10,30
846d657ffffffff-2022-11,4
846d657ffffffff-2022-12,3
846d657ffffffff-2023-01,2
846d657ffffffff-2023-02,22
846d657ffffffff-2023-03,44
846d657ffffffff-2023-04,50
846d657ffffffff-2023-05,18
846d657ffffffff-2023-07,5
846d657ffffffff-2023-08,13
846d657ffffffff-2023-09,5
846d657ffffffff-2023-10,31
846d657ffffffff-2023-11,13
846d661ffffffff-2013-02,3
846d661ffffffff-2014-02,1
846d661ffffffff-2017-01,3
846d661ffffffff-2018-02,7
846d661ffffffff-2018-05,17
846d661ffffffff-2019-02,7
846d661ffffffff-2019-11,7
846d661ffffffff-2020-02,21
846d661ffffffff-2020-10,1
846d661ffffffff-2021-02,20
846d661ffffffff-2021-03,12
846d661ffffffff-2021-05,4
846d661ffffffff-2021-10,3
846d661ffffffff-2022-02,7
846d661ffffffff-2022-05,3
846d661ffffffff-2022-10,3
846d661ffffffff-2023-02,7
846d661ffffffff-2023-04,3
846d663ffffffff-2012-09,6
846d663ffffffff-2012-10,2
846d663ffffffff-2013-01,3
846d663ffffffff-2013-03,3
846d663ffffffff-2013-04,7
846d663ffffffff-2013-05,8
846d663ffffffff-2013-07,9
846d663ffffffff-2013-08,6
846d663ffffffff-2013-10,2
846d663ffffffff-2013-11,1
846d663ffffffff-2014-01,3
846d663ffffffff-2014-02,6
846d663ffffffff-2014-03,1
846d663ffffffff-2014-04,5
846d663ffffffff-2014-05,9
846d663ffffffff-2014-07,1
846d663ffffffff-2014-09,4
846d663ffffffff-2014-10,5
846d663ffffffff-2014-11,1
846d663ffffffff-2015-01,1
846d663ffffffff-2015-02,1
846d663ffffffff-2015-03,2
846d663ffffffff-2015-04,3
846d663ffffffff-2015-05,2
846d663ffffffff-2015-08,4
846d663ffffffff-2015-10,1
846d663ffffffff-2015-12,4
846d663ffffffff-2016-01,2
846d663ffffffff-2016-02,5
846d663ffffffff-2016-04,1
846d663ffffffff-2016-05,3
846d663ffffffff-2016-09,1
846d663ffffffff-2016-10,1
846d663ffffffff-2016-12,2
846d663ffffffff-2017-01,13
846d663ffffffff-2017-02,6
846d663ffffffff-2017-04,1
846d663ffffffff-2017-05,2
846d663ffffffff-2018-01,12
846d663ffffffff-2018-04,2
846d663ffffffff-2018-05,12
846d663ffffffff-2018-09,15
846d663ffffffff-2019-01,6
846d663ffffffff-2019-02,13
846d663ffffffff-2019-04,1
846d663ffffffff-2019-05,5
846d663ffffffff-2019-09,10
846d663ffffffff-2019-11,2
846d663ffffffff-2019-12,2
846d663ffffffff-2020-02,2
846d663ffffffff-2020-08,1
846d663ffffffff-2020-11,1
846d663ffffffff-2020-12,5
846d663ffffffff-2021-04,5
846d663ffffffff-2021-10,1
846d663ffffffff-2021-11,3
846d663ffffffff-2022-01,2
846d663ffffffff-2022-02,9
846d663ffffffff-2022-03,4
846d663ffffffff-2022-05,3
846d663ffffffff-2022-09,4
846d663ffffffff-2022-10,2
846d663ffffffff-2022-11,1
846d663ffffffff-2023-01,3
846d663ffffffff-2023-02,6
846d663ffffffff-2023-03,1
846d663ffffffff-2023-04,1
846d663ffffffff-2023-05,2
846d667ffffffff-2012-02,1
846d667ffffffff-2013-02,3
846d667ffffffff-2013-03,2
846d667ffffffff-2013-04,6
846d667ffffffff-2017-01,11
846d667ffffffff-2018-02,6
846d667ffffffff-2018-05,12
846d667ffffffff-2019-02,8
846d667ffffffff-2019-03,1
846d667ffffffff-2020-11,2
846d667ffffffff-2021-01,10
846d667ffffffff-2021-02,16
846d667ffffffff-2021-12,3
846d667ffffffff-2022-03,1
846d667ffffffff-2022-11,2
846d667ffffffff-2022-12,3
846d667ffffffff-2023-01,3
846d667ffffffff-2023-02,7
846d667ffffffff-2023-04,10
846d667ffffffff-2023-11,3
846d66bffffffff-2022-04,1
846d681ffffffff-2013-12,1
846d681ffffffff-2014-01,3
846d681ffffffff-2014-02,1
846d681ffffffff-2014-03,1
846d681ffffffff-2015-01,1
846d681ffffffff-2016-10,1
846d681ffffffff-2017-01,1
846d681ffffffff-2017-12,3
846d681ffffffff-2018-01,3
846d681ffffffff-2018-03,1
846d681ffffffff-2018-10,9
846d681ffffffff-2019-01,3
846d681ffffffff-2019-02,4
846d681ffffffff-2019-03,4
846d681ffffffff-2019-11,1
846d681ffffffff-2023-04,6
846d683ffffffff-2012-01,2
846d683ffffffff-2012-03,1
846d683ffffffff-2012-11,2
846d683ffffffff-2013-02,1
846d683ffffffff-2013-08,1
846d683ffffffff-2014-02,2
846d683ffffffff-2014-11,2
846d683ffffffff-2015-02,2
846d683ffffffff-2015-09,1
846d683ffffffff-2015-10,1
846d683ffffffff-2015-12,2
846d683ffffffff-2016-01,2
846d683ffffffff-2016-02,3
846d683ffffffff-2016-03,10
846d683ffffffff-2016-04,1
846d683ffffffff-2016-09,1
846d683ffffffff-2017-01,3
846d683ffffffff-2017-02,4
846d683ffffffff-2017-03,1
846d683ffffffff-2017-04,2
846d683ffffffff-2017-05,7
846d683ffffffff-2017-11,5
846d683ffffffff-2017-12,3
846d683ffffffff-2018-01,8
846d683ffffffff-2018-02,3
846d683ffffffff-2018-03,4
846d683ffffffff-2018-04,1
846d683ffffffff-2018-05,2
846d683ffffffff-2018-09,3
846d683ffffffff-2018-10,2
846d683ffffffff-2018-11,1
846d683ffffffff-2018-12,2
846d683ffffffff-2019-02,3
846d683ffffffff-2019-03,4
846d683ffffffff-2019-04,4
846d683ffffffff-2019-05,1
846d683ffffffff-2019-07,1
846d683ffffffff-2019-09,1
846d683ffffffff-2019-10,17
846d683ffffffff-2019-11,177
846d683ffffffff-2019-12,22
846d683ffffffff-2020-01,7
846d683ffffffff-2020-05,2
846d683ffffffff-2020-08,3
846d683ffffffff-2020-09,2
846d683ffffffff-2020-10,50
846d683ffffffff-2020-11,12
846d683ffffffff-2020-12,29
846d683ffffffff-2021-01,2
846d683ffffffff-2021-02,2
846d683ffffffff-2021-04,5
846d683ffffffff-2021-05,1
846d683ffffffff-2021-07,8
846d683ffffffff-2021-08,1
846d683ffffffff-2021-09,30
846d683ffffffff-2021-10,12
846d683ffffffff-2021-11,10
846d683ffffffff-2022-01,3
846d683ffffffff-2022-05,8
846d683ffffffff-2022-07,1
846d683ffffffff-2022-08,1
846d683ffffffff-2022-09,6
846d683ffffffff-2022-10,39
846d683ffffffff-2022-11,11
846d683ffffffff-2022-12,11
846d683ffffffff-2023-03,2
846d683ffffffff-2023-04,10
846d683ffffffff-2023-05,10
846d683ffffffff-2023-06,2
846d683ffffffff-2023-07,3
846d683ffffffff-2023-08,47
846d683ffffffff-2023-09,12
846d683ffffffff-2023-10,25
846d683ffffffff-2023-11,11
846d685ffffffff-2015-02,1
846d685ffffffff-2017-12,1
846d685ffffffff-2018-02,1
846d685ffffffff-2019-11,1
846d685ffffffff-2020-01,1
846d685ffffffff-2020-03,1
846d685ffffffff-2022-01,1
846d685ffffffff-2022-12,1
846d685ffffffff-2023-05,1
846d687ffffffff-2012-01,2
846d687ffffffff-2012-11,2
846d687ffffffff-2014-07,8
846d687ffffffff-2014-08,1
846d687ffffffff-2014-11,2
846d687ffffffff-2014-12,2
846d687ffffffff-2015-02,2
846d687ffffffff-2015-11,1
846d687ffffffff-2016-09,6
846d687ffffffff-2016-12,3
846d687ffffffff-2017-07,2
846d687ffffffff-2017-09,2
846d687ffffffff-2018-01,1
846d687ffffffff-2018-04,2
846d687ffffffff-2019-01,3
846d687ffffffff-2019-04,1
846d687ffffffff-2019-10,12
846d687ffffffff-2019-11,27
846d687ffffffff-2019-12,4
846d687ffffffff-2020-01,6
846d687ffffffff-2020-03,5
846d687ffffffff-2020-05,7
846d687ffffffff-2020-09,1
846d687ffffffff-2020-10,29
846d687ffffffff-2020-11,57
846d687ffffffff-2020-12,2
846d687ffffffff-2021-01,5
846d687ffffffff-2021-02,3
846d687ffffffff-2021-03,1
846d687ffffffff-2021-04,3
846d687ffffffff-2021-05,1
846d687ffffffff-2021-07,1
846d687ffffffff-2021-08,5
846d687ffffffff-2021-09,15
846d687ffffffff-2021-10,2
846d687ffffffff-2021-11,18
846d687ffffffff-2021-12,74
846d687ffffffff-2022-01,8
846d687ffffffff-2022-02,4
846d687ffffffff-2022-05,5
846d687ffffffff-2022-08,3
846d687ffffffff-2022-09,3
846d687ffffffff-2022-10,9
846d687ffffffff-2022-11,12
846d687ffffffff-2022-12,8
846d687ffffffff-2023-01,6
846d687ffffffff-2023-02,2
846d687ffffffff-2023-03,3
846d687ffffffff-2023-04,12
846d687ffffffff-2023-05,9
846d687ffffffff-2023-08,10
846d687ffffffff-2023-09,35
846d687ffffffff-2023-10,11
846d687ffffffff-2023-11,18
846d689ffffffff-2021-10,2
846d68bffffffff-2012-02,2
846d68bffffffff-2012-05,1
846d68bffffffff-2013-02,3
846d68bffffffff-2013-03,1
846d68bffffffff-2013-04,1
846d68bffffffff-2014-03,8
846d68bffffffff-2015-02,3
846d68bffffffff-2015-03,8
846d68bffffffff-2015-04,9
846d68bffffffff-2015-11,1
846d68bffffffff-2016-01,1
846d68bffffffff-2016-02,8
846d68bffffffff-2016-03,5
846d68bffffffff-2016-04,11
846d68bffffffff-2017-01,3
846d68bffffffff-2017-02,25
846d68bffffffff-2017-03,16
846d68bffffffff-2017-04,13
846d68bffffffff-2017-05,1
846d68bffffffff-2017-10,1
846d68bffffffff-2017-11,2
846d68bffffffff-2018-01,5
846d68bffffffff-2018-02,3
846d68bffffffff-2018-03,34
846d68bffffffff-2018-04,31
846d68bffffffff-2018-05,5
846d68bffffffff-2018-11,1
846d68bffffffff-2019-01,31
846d68bffffffff-2019-02,44
846d68bffffffff-2019-03,45
846d68bffffffff-2019-04,21
846d68bffffffff-2019-05,2
846d68bffffffff-2020-01,11
846d68bffffffff-2020-02,8
846d68bffffffff-2020-03,28
846d68bffffffff-2020-04,4
846d68bffffffff-2020-05,2
846d68bffffffff-2020-10,4
846d68bffffffff-2020-11,1
846d68bffffffff-2020-12,5
846d68bffffffff-2021-01,7
846d68bffffffff-2021-02,7
846d68bffffffff-2021-03,33
846d68bffffffff-2021-04,7
846d68bffffffff-2021-05,10
846d68bffffffff-2021-10,2
846d68bffffffff-2021-11,5
846d68bffffffff-2021-12,2
846d68bffffffff-2022-01,41
846d68bffffffff-2022-02,70
846d68bffffffff-2022-03,53
846d68bffffffff-2022-04,26
846d68bffffffff-2022-05,14
846d68bffffffff-2022-09,3
846d68bffffffff-2022-10,4
846d68bffffffff-2022-11,22
846d68bffffffff-2022-12,1
846d68bffffffff-2023-01,25
846d68bffffffff-2023-02,14
846d68bffffffff-2023-03,67
846d68bffffffff-2023-04,33
846d68bffffffff-2023-05,42
846d68bffffffff-2023-09,3
846d68bffffffff-2023-10,1
846d68bffffffff-2023-11,2
846d68dffffffff-2016-10,1
846d68dffffffff-2018-04,3
846d68dffffffff-2018-07,1
846d68dffffffff-2018-12,1
846d68dffffffff-2019-02,1
846d68dffffffff-2019-08,3
846d68dffffffff-2019-09,3
846d68dffffffff-2019-10,2
846d68dffffffff-2019-11,1
846d68dffffffff-2019-12,14
846d68dffffffff-2020-01,1
846d68dffffffff-2020-02,1
846d68dffffffff-2020-09,2
846d68dffffffff-2020-10,3
846d68dffffffff-2020-11,1
846d68dffffffff-2021-01,1
846d68dffffffff-2021-05,4
846d68dffffffff-2021-09,2
846d68dffffffff-2021-10,5
846d68dffffffff-2021-11,6
846d68dffffffff-2021-12,2
846d68dffffffff-2022-02,2
846d68dffffffff-2022-06,1
846d68dffffffff-2022-09,2
846d68dffffffff-2022-10,2
846d68dffffffff-2022-11,1
846d68dffffffff-2023-03,1
846d68dffffffff-2023-05,4
846d68dffffffff-2023-09,1
846d68dffffffff-2023-10,4
846d68dffffffff-2023-11,1
846d691ffffffff-2021-10,1
846d693ffffffff-2015-01,2
846d693ffffffff-2015-04,4
846d693ffffffff-2016-10,3
846d693ffffffff-2017-04,1
846d693ffffffff-2017-05,1
846d693ffffffff-2017-10,4
846d693ffffffff-2018-04,3
846d693ffffffff-2018-12,4
846d693ffffffff-2019-01,1
846d693ffffffff-2019-02,1
846d693ffffffff-2019-10,4
846d693ffffffff-2019-12,4
846d693ffffffff-2020-10,2
846d693ffffffff-2020-11,1
846d693ffffffff-2021-09,7
846d693ffffffff-2022-02,1
846d693ffffffff-2022-05,6
846d693ffffffff-2022-09,2
846d693ffffffff-2022-10,6
846d693ffffffff-2023-01,1
846d693ffffffff-2023-02,1
846d695ffffffff-2012-01,7
846d695ffffffff-2012-02,1
846d695ffffffff-2012-03,1
846d695ffffffff-2012-05,1
846d695ffffffff-2012-10,1
846d695ffffffff-2012-11,2
846d695ffffffff-2012-12,3
846d695ffffffff-2013-01,4
846d695ffffffff-2013-02,5
846d695ffffffff-2013-03,8
846d695ffffffff-2013-04,6
846d695ffffffff-2013-08,2
846d695ffffffff-2013-09,3
846d695ffffffff-2013-12,5
846d695ffffffff-2014-01,4
846d695ffffffff-2014-02,3
846d695ffffffff-2014-03,4
846d695ffffffff-2014-04,3
846d695ffffffff-2014-08,1
846d695ffffffff-2014-09,5
846d695ffffffff-2014-10,3
846d695ffffffff-2014-11,9
846d695ffffffff-2014-12,6
846d695ffffffff-2015-01,5
846d695ffffffff-2015-02,15
846d695ffffffff-2015-03,10
846d695ffffffff-2015-04,12
846d695ffffffff-2015-05,1
846d695ffffffff-2015-07,2
846d695ffffffff-2015-08,4
846d695ffffffff-2015-09,11
846d695ffffffff-2015-10,12
846d695ffffffff-2015-11,8
846d695ffffffff-2015-12,3
846d695ffffffff-2016-01,7
846d695ffffffff-2016-02,21
846d695ffffffff-2016-03,18
846d695ffffffff-2016-04,9
846d695ffffffff-2016-06,2
846d695ffffffff-2016-07,1
846d695ffffffff-2016-08,5
846d695ffffffff-2016-09,18
846d695ffffffff-2016-10,37
846d695ffffffff-2016-11,6
846d695ffffffff-2016-12,2
846d695ffffffff-2017-01,5
846d695ffffffff-2017-02,20
846d695ffffffff-2017-03,18
846d695ffffffff-2017-04,20
846d695ffffffff-2017-05,7
846d695ffffffff-2017-07,7
846d695ffffffff-2017-08,1
846d695ffffffff-2017-09,25
846d695ffffffff-2017-10,22
846d695ffffffff-2017-11,21
846d695ffffffff-2017-12,14
846d695ffffffff-2018-01,12
846d695ffffffff-2018-02,16
846d695ffffffff-2018-03,25
846d695ffffffff-2018-04,38
846d695ffffffff-2018-05,1
846d695ffffffff-2018-09,26
846d695ffffffff-2018-10,52
846d695ffffffff-2018-11,24
846d695ffffffff-2018-12,5
846d695ffffffff-2019-01,27
846d695ffffffff-2019-02,32
846d695ffffffff-2019-03,18
846d695ffffffff-2019-04,16
846d695ffffffff-2019-05,10
846d695ffffffff-2019-08,1
846d695ffffffff-2019-09,28
846d695ffffffff-2019-10,18
846d695ffffffff-2019-11,56
846d695ffffffff-2019-12,8
846d695ffffffff-2020-01,38
846d695ffffffff-2020-02,36
846d695ffffffff-2020-03,14
846d695ffffffff-2020-06,2
846d695ffffffff-2020-08,8
846d695ffffffff-2020-09,96
846d695ffffffff-2020-10,38
846d695ffffffff-2020-11,20
846d695ffffffff-2020-12,22
846d695ffffffff-2021-01,16
846d695ffffffff-2021-02,1
846d695ffffffff-2021-03,41
846d695ffffffff-2021-04,5
846d695ffffffff-2021-05,7
846d695ffffffff-2021-06,1
846d695ffffffff-2021-07,6
846d695ffffffff-2021-08,6
846d695ffffffff-2021-09,70
846d695ffffffff-2021-10,94
846d695ffffffff-2021-11,30
846d695ffffffff-2021-12,26
846d695ffffffff-2022-01,49
846d695ffffffff-2022-02,59
846d695ffffffff-2022-03,42
846d695ffffffff-2022-04,58
846d695ffffffff-2022-05,53
846d695ffffffff-2022-06,2
846d695ffffffff-2022-07,3
846d695ffffffff-2022-08,24
846d695ffffffff-2022-09,33
846d695ffffffff-2022-10,69
846d695ffffffff-2022-11,24
846d695ffffffff-2022-12,25
846d695ffffffff-2023-01,45
846d695ffffffff-2023-02,37
846d695ffffffff-2023-03,118
846d695ffffffff-2023-04,37
846d695ffffffff-2023-05,28
846d695ffffffff-2023-07,13
846d695ffffffff-2023-08,24
846d695ffffffff-2023-09,26
846d695ffffffff-2023-10,40
846d695ffffffff-2023-11,185
846d697ffffffff-2012-01,3
846d697ffffffff-2012-03,1
846d697ffffffff-2012-05,1
846d697ffffffff-2013-02,2
846d697ffffffff-2013-03,5
846d697ffffffff-2013-08,1
846d697ffffffff-2014-04,1
846d697ffffffff-2014-12,2
846d697ffffffff-2015-02,2
846d697ffffffff-2015-04,1
846d697ffffffff-2015-07,1
846d697ffffffff-2015-11,1
846d697ffffffff-2015-12,1
846d697ffffffff-2016-01,5
846d697ffffffff-2016-03,4
846d697ffffffff-2016-04,4
846d697ffffffff-2016-07,4
846d697ffffffff-2016-08,1
846d697ffffffff-2016-12,3
846d697ffffffff-2017-01,6
846d697ffffffff-2017-02,7
846d697ffffffff-2017-03,4
846d697ffffffff-2017-09,1
846d697ffffffff-2017-12,1
846d697ffffffff-2018-01,4
846d697ffffffff-2018-02,2
846d697ffffffff-2018-03,7
846d697ffffffff-2018-05,1
846d697ffffffff-2018-07,1
846d697ffffffff-2018-10,1
846d697ffffffff-2018-11,1
846d697ffffffff-2018-12,1
846d697ffffffff-2019-01,5
846d697ffffffff-2019-02,4
846d697ffffffff-2019-03,18
846d697ffffffff-2019-04,8
846d697ffffffff-2019-05,5
846d697ffffffff-2019-07,3
846d697ffffffff-2019-08,3
846d697ffffffff-2019-09,1
846d697ffffffff-2019-11,9
846d697ffffffff-2019-12,2
846d697ffffffff-2020-01,12
846d697ffffffff-2020-02,3
846d697ffffffff-2020-03,9
846d697ffffffff-2020-04,3
846d697ffffffff-2020-10,1
846d697ffffffff-2020-11,1
846d697ffffffff-2020-12,2
846d697ffffffff-2021-01,3
846d697ffffffff-2021-03,3
846d697ffffffff-2021-04,2
846d697ffffffff-2021-10,1
846d697ffffffff-2021-12,1
846d697ffffffff-2022-02,2
846d697ffffffff-2022-03,4
846d697ffffffff-2022-04,1
846d697ffffffff-2022-06,3
846d697ffffffff-2022-08,1
846d697ffffffff-2022-09,2
846d697ffffffff-2022-11,19
846d697ffffffff-2022-12,17
846d697ffffffff-2023-01,11
846d697ffffffff-2023-02,4
846d697ffffffff-2023-03,7
846d697ffffffff-2023-04,13
846d697ffffffff-2023-05,11
846d697ffffffff-2023-10,3
846d697ffffffff-2023-11,18
846d699ffffffff-2016-12,5
846d699ffffffff-2023-04,1
846d69bffffffff-2015-07,3
846d69dffffffff-2018-03,1
846d69dffffffff-2022-05,5
846d6abffffffff-2013-03,1
846d6abffffffff-2015-11,1
846d6abffffffff-2016-02,1
846d6abffffffff-2018-01,3
846d6abffffffff-2018-03,1
846d6abffffffff-2019-03,2
846d6abffffffff-2020-01,5
846d6abffffffff-2020-08,1
846d6abffffffff-2021-12,3
846d6abffffffff-2022-03,2
846d6abffffffff-2022-09,1
846d6abffffffff-2023-03,5
846d6abffffffff-2023-04,8
846d6b9ffffffff-2012-03,1
846d6b9ffffffff-2012-09,1
846d6b9ffffffff-2013-09,1
846d6b9ffffffff-2014-11,1
846d6b9ffffffff-2015-08,1
846d6b9ffffffff-2016-10,2
846d6b9ffffffff-2017-02,1
846d6b9ffffffff-2017-03,2
846d6b9ffffffff-2017-08,1
846d6b9ffffffff-2017-09,1
846d6b9ffffffff-2017-12,2
846d6b9ffffffff-2018-01,2
846d6b9ffffffff-2018-04,3
846d6b9ffffffff-2018-05,2
846d6b9ffffffff-2018-10,1
846d6b9ffffffff-2018-11,1
846d6b9ffffffff-2018-12,2
846d6b9ffffffff-2019-01,6
846d6b9ffffffff-2019-12,2
846d6b9ffffffff-2020-02,1
846d6b9ffffffff-2020-08,1
846d6b9ffffffff-2020-10,2
846d6b9ffffffff-2020-12,2
846d6b9ffffffff-2021-03,8
846d6b9ffffffff-2021-05,2
846d6b9ffffffff-2021-08,2
846d6b9ffffffff-2021-10,9
846d6b9ffffffff-2021-12,1
846d6b9ffffffff-2022-03,1
846d6b9ffffffff-2022-04,4
846d6b9ffffffff-2022-05,10
846d6b9ffffffff-2022-10,9
846d6b9ffffffff-2023-01,4
846d6b9ffffffff-2023-02,2
846d6b9ffffffff-2023-03,1
846d6b9ffffffff-2023-04,1
846d6b9ffffffff-2023-05,10
846d6b9ffffffff-2023-08,1
846d6b9ffffffff-2023-09,1
846d6b9ffffffff-2023-10,5
846d6b9ffffffff-2023-11,4
846d6bbffffffff-2013-02,1
846d6bbffffffff-2013-09,1
846d6bbffffffff-2016-01,1
846d6bbffffffff-2016-02,4
846d6bbffffffff-2016-03,2
846d6bbffffffff-2016-09,1
846d6bbffffffff-2016-10,2
846d6bbffffffff-2017-01,4
846d6bbffffffff-2017-02,5
846d6bbffffffff-2018-02,4
846d6bbffffffff-2018-03,2
846d6bbffffffff-2018-07,1
846d6bbffffffff-2018-12,3
846d6bbffffffff-2019-01,2
846d6bbffffffff-2019-02,4
846d6bbffffffff-2019-05,3
846d6bbffffffff-2019-08,4
846d6bbffffffff-2019-09,1
846d6bbffffffff-2019-11,1
846d6bbffffffff-2019-12,1
846d6bbffffffff-2020-01,2
846d6bbffffffff-2020-05,31
846d6bbffffffff-2020-08,2
846d6bbffffffff-2020-09,3
846d6bbffffffff-2020-10,3
846d6bbffffffff-2020-12,2
846d6bbffffffff-2021-01,14
846d6bbffffffff-2021-02,1
846d6bbffffffff-2021-03,2
846d6bbffffffff-2021-04,2
846d6bbffffffff-2021-05,5
846d6bbffffffff-2021-08,3
846d6bbffffffff-2021-09,3
846d6bbffffffff-2021-10,5
846d6bbffffffff-2021-11,4
846d6bbffffffff-2022-01,2
846d6bbffffffff-2022-05,2
846d6bbffffffff-2022-08,1
846d6bbffffffff-2022-09,1
846d6bbffffffff-2023-02,2
846d6bbffffffff-2023-03,2
846d6bbffffffff-2023-04,1
846d6bbffffffff-2023-09,1
846d6bbffffffff-2023-11,2
846d6bdffffffff-2013-05,2
846d6bdffffffff-2014-01,1
846d6bdffffffff-2014-02,1
846d6bdffffffff-2016-03,1
846d6bdffffffff-2016-04,1
846d6bdffffffff-2017-11,1
846d6bdffffffff-2020-01,2
846d6bdffffffff-2020-02,1
846d6bdffffffff-2021-09,2
846d6bdffffffff-2023-05,1
846d6c1ffffffff-2023-04,1
846d6c3ffffffff-2021-05,3
846d6c3ffffffff-2022-05,2
846d6c5ffffffff-2023-05,2
846d6c7ffffffff-2023-04,1
846d6d3ffffffff-2018-01,1
846d6d3ffffffff-2019-04,1
846d6d3ffffffff-2022-04,1
846d6d3ffffffff-2023-03,1
846d6d3ffffffff-2023-04,5
846d6d5ffffffff-2012-04,2
846d6d5ffffffff-2012-05,1
846d6d5ffffffff-2013-01,1
846d6d5ffffffff-2013-02,4
846d6d5ffffffff-2013-04,1
846d6d5ffffffff-2013-12,1
846d6d5ffffffff-2014-02,1
846d6d5ffffffff-2014-12,1
846d6d5ffffffff-2015-02,2
846d6d5ffffffff-2015-03,1
846d6d5ffffffff-2015-04,1
846d6d5ffffffff-2015-11,1
846d6d5ffffffff-2016-01,1
846d6d5ffffffff-2016-02,7
846d6d5ffffffff-2016-04,2
846d6d5ffffffff-2016-09,2
846d6d5ffffffff-2017-01,5
846d6d5ffffffff-2017-02,3
846d6d5ffffffff-2017-03,1
846d6d5ffffffff-2017-04,1
846d6d5ffffffff-2017-09,1
846d6d5ffffffff-2018-02,2
846d6d5ffffffff-2018-03,8
846d6d5ffffffff-2018-04,3
846d6d5ffffffff-2018-10,5
846d6d5ffffffff-2019-01,8
846d6d5ffffffff-2019-02,17
846d6d5ffffffff-2019-03,15
846d6d5ffffffff-2019-04,5
846d6d5ffffffff-2019-05,1
846d6d5ffffffff-2019-09,1
846d6d5ffffffff-2020-01,12
846d6d5ffffffff-2020-02,2
846d6d5ffffffff-2020-09,1
846d6d5ffffffff-2021-01,4
846d6d5ffffffff-2021-03,4
846d6d5ffffffff-2021-04,1
846d6d5ffffffff-2021-05,1
846d6d5ffffffff-2021-09,2
846d6d5ffffffff-2021-11,2
846d6d5ffffffff-2021-12,7
846d6d5ffffffff-2022-01,14
846d6d5ffffffff-2022-02,3
846d6d5ffffffff-2022-03,4
846d6d5ffffffff-2022-08,7
846d6d5ffffffff-2022-09,4
846d6d5ffffffff-2023-01,11
846d6d5ffffffff-2023-02,23
846d6d5ffffffff-2023-03,9
846d6d5ffffffff-2023-04,14
846d6d5ffffffff-2023-05,2
846d6d5ffffffff-2023-11,4
846d6d7ffffffff-2018-04,1
846d6d7ffffffff-2019-03,1
846d6d7ffffffff-2021-03,2
846d6d7ffffffff-2022-02,2
846d6d7ffffffff-2022-04,1
846d6d7ffffffff-2023-03,1
846d6d7ffffffff-2023-04,1
846d6e1ffffffff-2014-11,1
846d6e1ffffffff-2017-02,1
846d6e1ffffffff-2019-04,2
846d6e1ffffffff-2019-09,1
846d6e1ffffffff-2020-01,2
846d6e1ffffffff-2020-12,2
846d6e1ffffffff-2021-02,1
846d6e1ffffffff-2022-03,1
846d6e1ffffffff-2022-09,1
846d6e1ffffffff-2023-02,5
846d6e1ffffffff-2023-08,3
846d6e1ffffffff-2023-10,7
846d6ebffffffff-2013-11,1
846d6ebffffffff-2021-03,1
846d6ebffffffff-2023-02,1
846d6ebffffffff-2023-04,3
846d6edffffffff-2017-10,2
846d6edffffffff-2018-01,2
846d745ffffffff-2013-02,1
846d745ffffffff-2013-03,1
846d745ffffffff-2013-07,1
846d745ffffffff-2015-02,3
846d745ffffffff-2016-02,2
846d745ffffffff-2017-01,2
846d745ffffffff-2017-09,1
846d745ffffffff-2018-08,1
846d745ffffffff-2018-11,1
846d745ffffffff-2019-01,2
846d745ffffffff-2019-03,1
846d745ffffffff-2019-04,1
846d745ffffffff-2019-05,7
846d745ffffffff-2019-08,1
846d745ffffffff-2019-10,1
846d745ffffffff-2019-11,1
846d745ffffffff-2019-12,1
846d745ffffffff-2020-01,2
846d745ffffffff-2020-09,12
846d745ffffffff-2020-11,1
846d745ffffffff-2020-12,9
846d745ffffffff-2021-04,19
846d745ffffffff-2021-05,1
846d745ffffffff-2021-09,9
846d745ffffffff-2021-11,2
846d745ffffffff-2021-12,4
846d745ffffffff-2022-03,2
846d745ffffffff-2022-04,4
846d745ffffffff-2022-05,2
846d745ffffffff-2022-09,2
846d745ffffffff-2022-10,8
846d745ffffffff-2022-11,8
846d745ffffffff-2023-01,6
846d745ffffffff-2023-02,3
846d745ffffffff-2023-03,21
846d745ffffffff-2023-04,5
846d745ffffffff-2023-05,2
846d745ffffffff-2023-07,5
846d745ffffffff-2023-08,5
846d745ffffffff-2023-09,5
846d745ffffffff-2023-10,4
846d745ffffffff-2023-11,4
846d747ffffffff-2012-12,1
846d747ffffffff-2016-04,7
846d747ffffffff-2018-05,2
846d747ffffffff-2021-10,2
846d747ffffffff-2022-09,1
846d747ffffffff-2022-10,5
846d747ffffffff-2022-11,2
846d747ffffffff-2023-01,1
846d747ffffffff-2023-04,1
846d747ffffffff-2023-05,3
846d747ffffffff-2023-08,2
846d747ffffffff-2023-10,1
846d749ffffffff-2016-02,12
846d749ffffffff-2016-03,8
846d749ffffffff-2017-02,1
846d749ffffffff-2018-01,2
846d749ffffffff-2021-02,2
846d749ffffffff-2021-04,2
846d749ffffffff-2021-05,3
846d749ffffffff-2022-02,3
846d749ffffffff-2022-03,5
846d749ffffffff-2022-05,2
846d749ffffffff-2023-02,3
846d749ffffffff-2023-03,4
846d74bffffffff-2012-04,2
846d74bffffffff-2014-04,1
846d74bffffffff-2014-10,3
846d74bffffffff-2014-12,1
846d74bffffffff-2015-05,3
846d74bffffffff-2015-11,2
846d74bffffffff-2016-01,1
846d74bffffffff-2018-03,4
846d74bffffffff-2018-04,1
846d74bffffffff-2018-12,2
846d74bffffffff-2020-02,3
846d74bffffffff-2021-01,1
846d74bffffffff-2021-02,2
846d74bffffffff-2021-05,2
846d74bffffffff-2021-10,1
846d74bffffffff-2022-02,19
846d74bffffffff-2022-03,3
846d74bffffffff-2022-05,3
846d74bffffffff-2023-01,7
846d74bffffffff-2023-02,5
846d74bffffffff-2023-04,2
846d751ffffffff-2014-01,4
846d751ffffffff-2016-03,1
846d751ffffffff-2016-12,1
846d751ffffffff-2017-09,2
846d751ffffffff-2018-02,4
846d751ffffffff-2018-05,1
846d751ffffffff-2018-09,3
846d751ffffffff-2019-01,8
846d751ffffffff-2019-02,14
846d751ffffffff-2019-04,3
846d751ffffffff-2019-09,1
846d751ffffffff-2020-02,19
846d751ffffffff-2020-12,2
846d751ffffffff-2021-02,12
846d751ffffffff-2021-04,2
846d751ffffffff-2021-05,5
846d751ffffffff-2021-08,6
846d751ffffffff-2021-09,9
846d751ffffffff-2021-11,9
846d751ffffffff-2021-12,3
846d751ffffffff-2022-02,5
846d751ffffffff-2022-07,7
846d751ffffffff-2022-10,4
846d751ffffffff-2022-11,4
846d751ffffffff-2023-02,6
846d751ffffffff-2023-04,1
846d751ffffffff-2023-09,5
846d759ffffffff-2023-03,2
846d75bffffffff-2012-07,2
846d75bffffffff-2012-10,1
846d75bffffffff-2013-04,2
846d75bffffffff-2013-05,4
846d75bffffffff-2014-09,4
846d75bffffffff-2014-12,5
846d75bffffffff-2015-02,4
846d75bffffffff-2015-04,1
846d75bffffffff-2015-08,1
846d75bffffffff-2016-01,1
846d75bffffffff-2016-02,1
846d75bffffffff-2016-09,4
846d75bffffffff-2016-10,3
846d75bffffffff-2016-11,1
846d75bffffffff-2016-12,2
846d75bffffffff-2017-01,2
846d75bffffffff-2017-02,11
846d75bffffffff-2017-11,1
846d75bffffffff-2017-12,3
846d75bffffffff-2018-02,8
846d75bffffffff-2018-04,2
846d75bffffffff-2018-05,2
846d75bffffffff-2018-09,1
846d75bffffffff-2018-10,9
846d75bffffffff-2018-11,3
846d75bffffffff-2019-01,4
846d75bffffffff-2019-02,12
846d75bffffffff-2019-04,6
846d75bffffffff-2019-06,2
846d75bffffffff-2019-07,14
846d75bffffffff-2019-08,8
846d75bffffffff-2019-09,8
846d75bffffffff-2019-10,2
846d75bffffffff-2019-11,17
846d75bffffffff-2019-12,3
846d75bffffffff-2020-01,12
846d75bffffffff-2020-02,8
846d75bffffffff-2020-09,4
846d75bffffffff-2020-10,6
846d75bffffffff-2020-11,4
846d75bffffffff-2020-12,5
846d75bffffffff-2021-01,1
846d75bffffffff-2021-02,5
846d75bffffffff-2021-03,10
846d75bffffffff-2021-04,3
846d75bffffffff-2021-05,6
846d75bffffffff-2021-06,2
846d75bffffffff-2021-08,1
846d75bffffffff-2021-09,1
846d75bffffffff-2021-11,3
846d75bffffffff-2021-12,4
846d75bffffffff-2022-01,1
846d75bffffffff-2022-05,7
846d75bffffffff-2022-08,1
846d75bffffffff-2022-10,3
846d75bffffffff-2022-11,3
846d75bffffffff-2022-12,5
846d75bffffffff-2023-01,5
846d75bffffffff-2023-02,10
846d75bffffffff-2023-03,5
846d75bffffffff-2023-04,5
846d75bffffffff-2023-05,4
846d75bffffffff-2023-09,3
846d75bffffffff-2023-10,7
846d75dffffffff-2012-01,1
846d75dffffffff-2012-04,1
846d75dffffffff-2012-05,4
846d75dffffffff-2012-07,2
846d75dffffffff-2012-09,7
846d75dffffffff-2012-12,3
846d75dffffffff-2013-01,2
846d75dffffffff-2013-07,1
846d75dffffffff-2013-09,2
846d75dffffffff-2013-12,3
846d75dffffffff-2014-01,1
846d75dffffffff-2014-09,11
846d75dffffffff-2014-11,1
846d75dffffffff-2014-12,1
846d75dffffffff-2015-02,2
846d75dffffffff-2015-03,5
846d75dffffffff-2015-05,3
846d75dffffffff-2015-07,3
846d75dffffffff-2015-08,1
846d75dffffffff-2015-12,7
846d75dffffffff-2016-01,3
846d75dffffffff-2016-05,2
846d75dffffffff-2016-09,2
846d75dffffffff-2016-10,3
846d75dffffffff-2016-11,1
846d75dffffffff-2016-12,4
846d75dffffffff-2017-01,10
846d75dffffffff-2017-04,7
846d75dffffffff-2017-09,5
846d75dffffffff-2017-11,1
846d75dffffffff-2017-12,4
846d75dffffffff-2018-01,15
846d75dffffffff-2018-04,2
846d75dffffffff-2018-05,3
846d75dffffffff-2018-07,1
846d75dffffffff-2018-09,4
846d75dffffffff-2018-11,1
846d75dffffffff-2018-12,2
846d75dffffffff-2019-01,1
846d75dffffffff-2019-02,4
846d75dffffffff-2019-04,1
846d75dffffffff-2019-05,1
846d75dffffffff-2019-08,1
846d75dffffffff-2019-09,4
846d75dffffffff-2019-10,11
846d75dffffffff-2019-11,2
846d75dffffffff-2019-12,6
846d75dffffffff-2020-01,2
846d75dffffffff-2020-02,2
846d75dffffffff-2020-03,1
846d75dffffffff-2020-09,5
846d75dffffffff-2020-10,1
846d75dffffffff-2020-12,1
846d75dffffffff-2021-01,6
846d75dffffffff-2021-02,3
846d75dffffffff-2021-03,1
846d75dffffffff-2021-04,1
846d75dffffffff-2021-05,1
846d75dffffffff-2021-08,2
846d75dffffffff-2021-09,5
846d75dffffffff-2021-11,22
846d75dffffffff-2021-12,5
846d75dffffffff-2022-01,1
846d75dffffffff-2022-02,9
846d75dffffffff-2022-03,2
846d75dffffffff-2022-05,2
846d75dffffffff-2022-07,10
846d75dffffffff-2022-08,1
846d75dffffffff-2022-09,3
846d75dffffffff-2022-10,4
846d75dffffffff-2022-11,1
846d75dffffffff-2022-12,1
846d75dffffffff-2023-03,2
846d75dffffffff-2023-05,7
846d75dffffffff-2023-07,2
846d75dffffffff-2023-08,2
846d75dffffffff-2023-09,8
846d75dffffffff-2023-10,4
846d75dffffffff-2023-11,3
846d769ffffffff-2012-09,1
846d769ffffffff-2014-01,1
846d769ffffffff-2014-04,1
846d769ffffffff-2014-05,1
846d769ffffffff-2014-08,2
846d769ffffffff-2015-02,1
846d769ffffffff-2015-11,2
846d769ffffffff-2015-12,3
846d769ffffffff-2016-10,20
846d769ffffffff-2017-01,1
846d769ffffffff-2017-02,4
846d769ffffffff-2017-03,2
846d769ffffffff-2018-01,2
846d769ffffffff-2018-02,6
846d769ffffffff-2018-03,1
846d769ffffffff-2018-10,3
846d769ffffffff-2019-01,14
846d769ffffffff-2019-03,1
846d769ffffffff-2019-04,4
846d769ffffffff-2019-09,5
846d769ffffffff-2019-10,5
846d769ffffffff-2019-11,1
846d769ffffffff-2020-01,3
846d769ffffffff-2020-02,4
846d769ffffffff-2020-12,2
846d769ffffffff-2021-01,5
846d769ffffffff-2021-02,4
846d769ffffffff-2021-03,4
846d769ffffffff-2021-12,2
846d769ffffffff-2022-01,3
846d769ffffffff-2022-11,1
846d769ffffffff-2022-12,5
846d769ffffffff-2023-01,21
846d769ffffffff-2023-04,11
846d769ffffffff-2023-05,17
846d769ffffffff-2023-08,1
846d769ffffffff-2023-10,1
846d769ffffffff-2023-11,3
846d76dffffffff-2012-03,2
846d76dffffffff-2012-09,1
846d76dffffffff-2013-04,1
846d76dffffffff-2015-01,1
846d76dffffffff-2015-03,2
846d76dffffffff-2016-11,1
846d76dffffffff-2017-01,3
846d76dffffffff-2017-03,3
846d76dffffffff-2018-02,2
846d76dffffffff-2018-10,2
846d76dffffffff-2019-01,6
846d76dffffffff-2019-02,4
846d76dffffffff-2019-04,1
846d76dffffffff-2019-08,1
846d76dffffffff-2019-09,13
846d76dffffffff-2019-10,3
846d76dffffffff-2019-12,4
846d76dffffffff-2020-01,8
846d76dffffffff-2020-02,20
846d76dffffffff-2020-03,1
846d76dffffffff-2020-05,3
846d76dffffffff-2020-09,2
846d76dffffffff-2021-01,7
846d76dffffffff-2021-02,2
846d76dffffffff-2021-04,2
846d76dffffffff-2021-05,2
846d76dffffffff-2021-08,3
846d76dffffffff-2021-10,3
846d76dffffffff-2021-12,2
846d76dffffffff-2022-01,11
846d76dffffffff-2022-02,11
846d76dffffffff-2022-04,2
846d76dffffffff-2022-09,1
846d76dffffffff-2023-01,15
846d76dffffffff-2023-03,3
846d76dffffffff-2023-04,4
846d76dffffffff-2023-09,2
846d76dffffffff-2023-10,1
846d76dffffffff-2023-11,1
8470657ffffffff-2023-10,1
8480025ffffffff-2022-02,1
8480025ffffffff-2022-03,1
8480025ffffffff-2023-09,2
8480037ffffffff-2020-10,2
848004bffffffff-2018-01,1
8480053ffffffff-2022-11,2
8480055ffffffff-2020-12,1
8480089ffffffff-2012-01,1
8480089ffffffff-2014-01,4
8480089ffffffff-2015-03,3
8480089ffffffff-2016-02,1
8480089ffffffff-2016-03,2
8480089ffffffff-2016-10,5
8480089ffffffff-2019-03,2
8480089ffffffff-2020-09,2
8480089ffffffff-2020-10,3
8480089ffffffff-2020-11,1
8480089ffffffff-2021-12,1
8480089ffffffff-2022-01,1
8480089ffffffff-2022-03,1
8480089ffffffff-2022-07,1
8480089ffffffff-2022-11,2
8480089ffffffff-2023-01,2
8480089ffffffff-2023-08,3
8480089ffffffff-2023-10,5
8480089ffffffff-2023-11,1
8480091ffffffff-2014-01,1
8480095ffffffff-2018-10,1
8480097ffffffff-2018-06,2
84800e1ffffffff-2022-09,2
84800e3ffffffff-2023-08,1
84800e3ffffffff-2023-10,1
84800e5ffffffff-2022-12,1
8480105ffffffff-2013-03,1
8480105ffffffff-2015-10,2
8480105ffffffff-2016-11,1
8480105ffffffff-2016-12,2
8480105ffffffff-2017-01,1
8480105ffffffff-2017-03,1
8480105ffffffff-2017-09,2
8480105ffffffff-2018-02,1
8480105ffffffff-2018-03,1
8480105ffffffff-2018-04,3
8480105ffffffff-2018-10,1
8480105ffffffff-2019-02,3
8480105ffffffff-2019-08,2
8480105ffffffff-2020-01,6
8480105ffffffff-2020-03,1
8480105ffffffff-2020-10,1
8480105ffffffff-2021-01,1
8480105ffffffff-2021-02,2
8480105ffffffff-2022-01,2
8480105ffffffff-2022-02,3
8480105ffffffff-2022-03,7
8480105ffffffff-2022-08,6
8480105ffffffff-2022-10,6
8480105ffffffff-2023-01,5
8480105ffffffff-2023-02,3
8480105ffffffff-2023-04,1
8480105ffffffff-2023-06,1
8480105ffffffff-2023-09,1
8480107ffffffff-2023-03,2
8480107ffffffff-2023-11,1
848010dffffffff-2015-01,1
8480117ffffffff-2016-02,2
8480117ffffffff-2017-10,2
8480117ffffffff-2017-11,2
8480117ffffffff-2017-12,1
8480117ffffffff-2020-12,1
8480117ffffffff-2021-04,1
8480117ffffffff-2021-05,1
8480117ffffffff-2021-09,1
8480117ffffffff-2022-08,1
8480117ffffffff-2023-04,1
8480117ffffffff-2023-05,1
8480119ffffffff-2022-01,1
8480119ffffffff-2023-03,1
848011bffffffff-2014-10,1
848011bffffffff-2017-04,1
848011bffffffff-2017-12,1
848011bffffffff-2018-03,1
848011bffffffff-2020-12,2
848011bffffffff-2021-02,3
848011bffffffff-2021-03,13
848011bffffffff-2021-04,9
848011bffffffff-2021-10,1
848011bffffffff-2021-11,2
848011bffffffff-2021-12,1
848011bffffffff-2022-01,6
848011bffffffff-2022-02,10
848011bffffffff-2022-03,20
848011bffffffff-2022-04,9
848011bffffffff-2022-11,3
848011bffffffff-2023-01,4
848011bffffffff-2023-02,4
848011bffffffff-2023-03,5
8480139ffffffff-2020-08,1
8480139ffffffff-2021-02,2
8480139ffffffff-2021-03,1
8480139ffffffff-2022-03,1
8480143ffffffff-2014-01,2
8480147ffffffff-2023-02,2
8480149ffffffff-2016-03,1
8480153ffffffff-2021-12,1
8480153ffffffff-2022-01,2
8480153ffffffff-2023-01,1
8480161ffffffff-2017-11,1
8480165ffffffff-2015-11,1
8480165ffffffff-2016-01,1
8480165ffffffff-2016-03,1
8480165ffffffff-2016-04,1
8480165ffffffff-2016-09,12
8480165ffffffff-2017-01,4
8480165ffffffff-2017-12,1
8480165ffffffff-2018-03,1
8480165ffffffff-2018-10,1
8480165ffffffff-2019-11,2
8480165ffffffff-2019-12,4
8480165ffffffff-2020-01,9
8480165ffffffff-2021-10,2
8480165ffffffff-2021-12,2
8480165ffffffff-2023-01,2
8480165ffffffff-2023-02,4
8480165ffffffff-2023-09,1
8480165ffffffff-2023-11,2
84801c5ffffffff-2021-01,3
84801c5ffffffff-2022-07,1
84801c5ffffffff-2022-08,1
84801c5ffffffff-2023-01,2
84801c5ffffffff-2023-02,3
84801c5ffffffff-2023-04,4
84801cbffffffff-2017-12,3
84801cbffffffff-2019-03,1
84801cdffffffff-2022-05,1
84802b7ffffffff-2016-01,1
84802b7ffffffff-2019-10,1
84802b7ffffffff-2021-10,1
84802b7ffffffff-2021-11,1
84802b7ffffffff-2021-12,1
84802b7ffffffff-2023-10,6
84802b7ffffffff-2023-11,1
8480301ffffffff-2017-12,2
8480323ffffffff-2016-02,3
8480323ffffffff-2017-01,1
8480327ffffffff-2016-01,1
8480327ffffffff-2017-01,1
848032bffffffff-2019-03,1
848032bffffffff-2019-10,1
848032bffffffff-2023-02,1
8480361ffffffff-2015-01,1
8480463ffffffff-2012-01,1
8480463ffffffff-2023-11,2
8480465ffffffff-2022-05,2
8480481ffffffff-2018-09,2
8480487ffffffff-2016-10,1
8480487ffffffff-2016-11,1
8480487ffffffff-2018-09,2
8480487ffffffff-2018-11,1
8480487ffffffff-2022-12,1
848048dffffffff-2021-10,1
84804b9ffffffff-2022-09,1
84804e9ffffffff-2023-05,1
8480541ffffffff-2018-12,4
848054bffffffff-2013-09,3
848054bffffffff-2013-10,2
848054bffffffff-2014-04,2
848054bffffffff-2014-05,1
848054bffffffff-2014-09,2
848054bffffffff-2015-02,3
848054bffffffff-2015-10,3
848054bffffffff-2016-05,3
848054bffffffff-2017-02,2
848054bffffffff-2017-04,6
848054bffffffff-2017-09,4
848054bffffffff-2018-12,2
848054bffffffff-2019-01,1
848054bffffffff-2019-09,1
848054bffffffff-2019-11,5
848054bffffffff-2022-02,1
848054bffffffff-2023-09,1
848054bffffffff-2023-11,1
848054dffffffff-2021-02,1
848054dffffffff-2021-08,1
848054dffffffff-2021-09,1
848054dffffffff-2022-07,1
848054dffffffff-2022-09,1
848054dffffffff-2022-10,3
8480559ffffffff-2014-12,4
8480559ffffffff-2016-08,3
8480559ffffffff-2017-04,1
8480559ffffffff-2017-08,5
8480559ffffffff-2020-01,1
84806a7ffffffff-2014-03,1
84806a7ffffffff-2014-10,2
84806a7ffffffff-2016-09,1
8480737ffffffff-2013-09,4
8480737ffffffff-2013-10,2
8480737ffffffff-2014-09,2
8480737ffffffff-2014-12,4
8480737ffffffff-2015-02,3
8480737ffffffff-2015-10,3
8480737ffffffff-2016-10,1
8480737ffffffff-2017-09,3
8480737ffffffff-2018-06,1
8480737ffffffff-2019-10,4
8480739ffffffff-2013-07,1
8480a4dffffffff-2015-01,3
8480b45ffffffff-2022-10,1
848110dffffffff-2015-11,1
848110dffffffff-2016-01,2
848110dffffffff-2016-02,1
848110dffffffff-2021-09,1
8481125ffffffff-2015-03,2
8481125ffffffff-2016-09,6
8481125ffffffff-2018-10,1
8481125ffffffff-2021-01,2
8481125ffffffff-2022-12,1
8481133ffffffff-2020-03,3
8481147ffffffff-2019-11,2
8481161ffffffff-2021-10,1
8481161ffffffff-2022-07,1
84811a1ffffffff-2017-05,1
84811a3ffffffff-2019-01,4
84811abffffffff-2015-01,1
84811abffffffff-2015-05,1
84811abffffffff-2016-01,1
84811abffffffff-2017-01,1
84811adffffffff-2022-03,6
848121dffffffff-2017-08,2
8481235ffffffff-2019-11,3
848124bffffffff-2020-10,1
848124bffffffff-2021-10,1
8481255ffffffff-2017-01,1
84812bbffffffff-2015-10,1
8481309ffffffff-2022-11,1
848131dffffffff-2023-05,1
8481401ffffffff-2021-10,3
8481401ffffffff-2023-09,1
8481401ffffffff-2023-10,1
8481439ffffffff-2018-11,1
84814e5ffffffff-2018-10,1
848162bffffffff-2019-10,1
848162bffffffff-2021-12,3
848162bffffffff-2022-03,1
848162bffffffff-2023-09,2
8481635ffffffff-2021-10,1
8481663ffffffff-2023-07,1
8481711ffffffff-2019-09,1
8481711ffffffff-2021-09,2
8481711ffffffff-2022-10,1
8481743ffffffff-2022-09,1
8481801ffffffff-2016-12,1
8481801ffffffff-2022-03,1
8481801ffffffff-2023-02,1
8481803ffffffff-2014-03,1
8481803ffffffff-2017-01,3
8481803ffffffff-2018-02,1
8481803ffffffff-2018-10,1
8481803ffffffff-2018-11,1
8481803ffffffff-2019-02,1
8481803ffffffff-2020-01,1
8481803ffffffff-2020-02,1
8481803ffffffff-2020-11,1
8481803ffffffff-2021-10,2
8481803ffffffff-2022-03,2
8481837ffffffff-2022-10,1
8481839ffffffff-2015-08,1
8481839ffffffff-2016-01,1
8481839ffffffff-2020-03,1
8481839ffffffff-2020-04,4
8481839ffffffff-2022-01,1
84818a7ffffffff-2015-01,3
84818b1ffffffff-2016-09,4
84818b1ffffffff-2020-10,2
84818b3ffffffff-2012-02,1
84818b3ffffffff-2016-01,3
84818b3ffffffff-2016-03,1
84818b3ffffffff-2016-04,1
84818b3ffffffff-2016-09,1
84818b3ffffffff-2016-11,1
84818b3ffffffff-2016-12,1
84818b3ffffffff-2018-01,1
84818b3ffffffff-2018-09,3
84818b3ffffffff-2018-12,2
84818b3ffffffff-2019-10,1
84818b3ffffffff-2019-11,3
84818b3ffffffff-2019-12,2
84818b3ffffffff-2020-01,1
84818b3ffffffff-2020-09,1
84818b3ffffffff-2020-11,1
84818b3ffffffff-2021-10,2
84818b3ffffffff-2022-01,2
84818b3ffffffff-2022-09,1
84818b3ffffffff-2022-12,6
84818b3ffffffff-2023-08,4
84818b3ffffffff-2023-11,4
84818b5ffffffff-2015-12,1
84818b5ffffffff-2016-06,1
84818b5ffffffff-2019-03,1
84818b5ffffffff-2019-10,3
84818e3ffffffff-2021-05,2
84818e9ffffffff-2015-01,1
84818e9ffffffff-2023-03,1
84819d1ffffffff-2016-11,1
8481a95ffffffff-2015-01,1
8481a9bffffffff-2019-02,1
8481ac3ffffffff-2016-04,1
8481ad1ffffffff-2013-10,1
8481ad1ffffffff-2016-01,1
8481ad1ffffffff-2017-11,2
8481ae7ffffffff-2022-11,2
848a003ffffffff-2017-09,2
848a04bffffffff-2022-10,3
848a04bffffffff-2023-10,4
848a04bffffffff-2023-11,16
848a059ffffffff-2022-10,1
848a05dffffffff-2023-10,1
848a1b1ffffffff-2023-09,14
848a1b7ffffffff-2023-09,2
848a213ffffffff-2022-07,2
848a237ffffffff-2022-10,2
848a23bffffffff-2023-10,1
848a2cdffffffff-2015-08,2
848a313ffffffff-2023-04,4
848a337ffffffff-2017-10,1
848a33bffffffff-2017-07,3
848a35dffffffff-2022-10,1
848a35dffffffff-2023-10,1
848a41dffffffff-2020-09,1
848a41dffffffff-2020-10,2
848a451ffffffff-2023-05,1
848a459ffffffff-2019-07,1
848a45bffffffff-2016-09,3
848a45bffffffff-2018-09,3
848a45bffffffff-2022-09,3
848a45bffffffff-2023-08,1
848a45bffffffff-2023-10,1
848a45dffffffff-2014-08,1
848a45dffffffff-2018-04,1
848a45dffffffff-2018-10,1
848a45dffffffff-2019-06,2
848a45dffffffff-2022-10,1
848a45dffffffff-2022-11,1
848a45dffffffff-2023-10,2
848a681ffffffff-2019-08,1
848a68bffffffff-2019-07,1
848a68bffffffff-2022-08,1
848a68bffffffff-2023-10,8
848a697ffffffff-2016-02,1
848a6b5ffffffff-2016-02,1
848a6d1ffffffff-2013-09,1
848a6d3ffffffff-2012-09,2
848a6d3ffffffff-2012-10,1
848a6d3ffffffff-2013-11,1
848a6d3ffffffff-2014-10,2
848a6d3ffffffff-2016-05,1
848a6d3ffffffff-2017-08,1
848a6d3ffffffff-2018-07,3
848a6d3ffffffff-2018-09,3
848a6d3ffffffff-2019-08,1
848a6d3ffffffff-2019-09,2
848a6d3ffffffff-2019-10,2
848a6d3ffffffff-2020-08,4
848a6d3ffffffff-2020-09,15
848a6d3ffffffff-2020-10,15
848a6d3ffffffff-2020-11,1
848a6d3ffffffff-2021-08,1
848a6d3ffffffff-2021-09,18
848a6d3ffffffff-2021-10,5
848a6d3ffffffff-2022-09,12
848a6d3ffffffff-2022-10,1
848a6d3ffffffff-2023-08,3
848a6d3ffffffff-2023-09,3
848a6d3ffffffff-2023-10,14
848a6d7ffffffff-2018-09,1
848a6d7ffffffff-2023-10,1
848a6d9ffffffff-2018-09,1
848a6d9ffffffff-2022-10,1
848a6d9ffffffff-2023-09,1
848a6d9ffffffff-2023-10,46
848a703ffffffff-2019-08,2
848a8cdffffffff-2019-08,17
848a8e5ffffffff-2017-03,3
848a9c5ffffffff-2013-10,1
848a9c5ffffffff-2014-11,1
848a9c5ffffffff-2015-01,1
848aa97ffffffff-2012-09,2
848aa97ffffffff-2021-10,1
848aab1ffffffff-2015-09,1
848aab1ffffffff-2019-08,9
848aab1ffffffff-2022-08,8
848aab5ffffffff-2016-09,3
848ac23ffffffff-2020-02,2
848ada9ffffffff-2016-03,1
848ada9ffffffff-2017-10,1
848ada9ffffffff-2019-02,2
848ada9ffffffff-2019-11,1
848ada9ffffffff-2020-09,1
848ada9ffffffff-2023-08,1
848adb1ffffffff-2017-12,1
848adb1ffffffff-2022-09,2
848adb9ffffffff-2018-11,1
848adb9ffffffff-2023-09,1
848adc5ffffffff-2018-02,1
848ade3ffffffff-2021-09,1
848ae59ffffffff-2018-01,1
848ae5bffffffff-2016-10,1
848ae5bffffffff-2017-07,1
848af41ffffffff-2023-09,42
848af45ffffffff-2017-09,3
848af45ffffffff-2022-09,1
848af45ffffffff-2023-09,12
848af47ffffffff-2015-09,1
848af49ffffffff-2023-09,4
848af4bffffffff-2023-09,10
848af69ffffffff-2015-07,3
848af69ffffffff-2015-09,1
848af69ffffffff-2015-10,1
848af69ffffffff-2017-02,1
848af69ffffffff-2017-08,8
848af69ffffffff-2017-09,10
848af69ffffffff-2018-09,1
848af69ffffffff-2019-08,9
848af69ffffffff-2019-10,2
848af69ffffffff-2019-11,2
848af69ffffffff-2019-12,3
848af69ffffffff-2022-09,1
848af69ffffffff-2022-10,6
848af69ffffffff-2023-08,8
848af69ffffffff-2023-09,77
848af69ffffffff-2023-10,5
848af6dffffffff-2023-09,19
848b009ffffffff-2021-09,1
848b043ffffffff-2022-07,1
848b043ffffffff-2022-08,1
848b043ffffffff-2023-08,2
848b045ffffffff-2020-09,1
848b045ffffffff-2021-08,1
848b05dffffffff-2022-07,1
848b05dffffffff-2022-08,1
848b05dffffffff-2023-08,4
848b065ffffffff-2013-10,1
848b065ffffffff-2017-09,1
848b08bffffffff-2022-09,2
848b08bffffffff-2023-08,1
848b095ffffffff-2021-09,2
848b095ffffffff-2023-08,1
848b0bdffffffff-2022-10,1
848b0c1ffffffff-2021-09,1
848b0c1ffffffff-2022-09,2
848b0c1ffffffff-2023-10,13
848b0c3ffffffff-2023-10,8
848b0c9ffffffff-2017-11,1
848b0c9ffffffff-2019-08,1
848b0c9ffffffff-2022-08,2
848b0c9ffffffff-2023-10,4
848b0cdffffffff-2017-09,1
848b0cdffffffff-2023-09,1
848b0d1ffffffff-2015-08,1
848b0d1ffffffff-2015-09,4
848b0d1ffffffff-2016-08,1
848b0d1ffffffff-2016-10,2
848b0d1ffffffff-2017-09,1
848b0d1ffffffff-2020-09,2
848b0d1ffffffff-2021-04,2
848b0d1ffffffff-2021-09,1
848b0d1ffffffff-2021-11,2
848b0d1ffffffff-2022-07,5
848b0d1ffffffff-2022-08,6
848b0d1ffffffff-2022-09,8
848b0d1ffffffff-2022-10,18
848b0d1ffffffff-2023-05,1
848b0d1ffffffff-2023-08,6
848b0d1ffffffff-2023-09,24
848b0d1ffffffff-2023-10,13
848b0dbffffffff-2022-09,2
848b0ddffffffff-2022-10,4
848b105ffffffff-2021-11,2
848b10bffffffff-2017-09,1
848b10dffffffff-2016-01,1
848b10dffffffff-2019-10,1
848b11dffffffff-2021-09,2
848b1c7ffffffff-2020-11,1
848b1e1ffffffff-2016-07,2
848b1e1ffffffff-2022-10,2
848b201ffffffff-2023-11,3
848b20dffffffff-2021-11,2
848b21bffffffff-2015-11,1
848b221ffffffff-2015-04,1
848b221ffffffff-2019-05,1
848b221ffffffff-2019-10,1
848b221ffffffff-2021-09,1
848b221ffffffff-2021-10,2
848b221ffffffff-2022-09,7
848b221ffffffff-2022-10,1
848b221ffffffff-2023-09,6
848b221ffffffff-2023-10,4
848b223ffffffff-2019-03,2
848b223ffffffff-2019-09,1
848b223ffffffff-2021-08,2
848b223ffffffff-2021-10,5
848b225ffffffff-2015-07,1
848b225ffffffff-2018-10,1
848b225ffffffff-2019-10,2
848b225ffffffff-2023-08,5
848b227ffffffff-2017-10,1
848b227ffffffff-2018-10,2
848b227ffffffff-2019-02,1
848b227ffffffff-2020-10,2
848b22bffffffff-2020-10,1
848b22dffffffff-2012-04,3
848b22dffffffff-2016-03,1
848b22dffffffff-2017-08,1
848b22dffffffff-2018-01,4
848b22dffffffff-2018-03,1
848b22dffffffff-2018-09,1
848b22dffffffff-2019-02,4
848b22dffffffff-2019-03,3
848b22dffffffff-2019-09,1
848b22dffffffff-2019-10,5
848b22dffffffff-2019-11,4
848b22dffffffff-2020-02,1
848b22dffffffff-2020-12,2
848b22dffffffff-2021-01,4
848b22dffffffff-2021-02,1
848b22dffffffff-2021-10,5
848b22dffffffff-2022-02,1
848b22dffffffff-2022-05,2
848b22dffffffff-2022-06,1
848b22dffffffff-2022-09,7
848b22dffffffff-2022-10,2
848b22dffffffff-2023-08,5
848b22dffffffff-2023-09,5
848b22dffffffff-2023-10,4
848b22dffffffff-2023-11,1
848b235ffffffff-2012-09,1
848b23dffffffff-2017-03,2
848b23dffffffff-2017-09,1
848b23dffffffff-2018-10,2
848b23dffffffff-2020-08,1
848b23dffffffff-2020-09,2
848b23dffffffff-2021-04,2
848b23dffffffff-2021-10,3
848b269ffffffff-2015-09,5
848b269ffffffff-2016-10,3
848b269ffffffff-2016-11,2
848b269ffffffff-2018-01,5
848b269ffffffff-2018-09,2
848b269ffffffff-2018-10,1
848b269ffffffff-2022-02,4
848b269ffffffff-2022-09,2
848b2a5ffffffff-2019-08,1
848b2a5ffffffff-2019-09,2
848b2a5ffffffff-2023-03,2
848b2a7ffffffff-2016-08,1
848b2a7ffffffff-2017-09,4
848b2a7ffffffff-2017-10,1
848b2a7ffffffff-2018-09,4
848b2a7ffffffff-2019-10,3
848b2a7ffffffff-2021-09,3
848b2a7ffffffff-2021-10,1
848b2a7ffffffff-2022-09,9
848b2a7ffffffff-2022-10,4
848b2a7ffffffff-2023-08,2
848b2a7ffffffff-2023-09,8
848b2adffffffff-2022-09,2
848b2b3ffffffff-2019-09,3
848b2c9ffffffff-2012-01,6
848b2c9ffffffff-2012-09,2
848b2c9ffffffff-2012-12,3
848b2c9ffffffff-2013-02,4
848b2c9ffffffff-2013-03,8
848b2c9ffffffff-2013-09,1
848b2c9ffffffff-2013-11,4
848b2c9ffffffff-2014-02,3
848b2c9ffffffff-2014-04,1
848b2c9ffffffff-2014-08,1
848b2c9ffffffff-2014-09,3
848b2c9ffffffff-2014-11,1
848b2c9ffffffff-2015-02,1
848b2c9ffffffff-2015-03,2
848b2c9ffffffff-2015-04,2
848b2c9ffffffff-2015-05,1
848b2c9ffffffff-2015-08,1
848b2c9ffffffff-2015-09,16
848b2c9ffffffff-2015-10,2
848b2c9ffffffff-2015-11,6
848b2c9ffffffff-2015-12,5
848b2c9ffffffff-2016-01,4
848b2c9ffffffff-2016-02,2
848b2c9ffffffff-2016-03,2
848b2c9ffffffff-2016-04,2
848b2c9ffffffff-2016-05,1
848b2c9ffffffff-2016-09,2
848b2c9ffffffff-2016-10,1
848b2c9ffffffff-2016-11,1
848b2c9ffffffff-2016-12,1
848b2c9ffffffff-2017-01,1
848b2c9ffffffff-2017-02,1
848b2c9ffffffff-2017-03,2
848b2c9ffffffff-2017-04,1
848b2c9ffffffff-2017-05,2
848b2c9ffffffff-2017-07,2
848b2c9ffffffff-2017-08,3
848b2c9ffffffff-2017-09,2
848b2c9ffffffff-2017-10,2
848b2c9ffffffff-2017-11,3
848b2c9ffffffff-2018-01,2
848b2c9ffffffff-2018-03,2
848b2c9ffffffff-2018-10,9
848b2c9ffffffff-2018-12,3
848b2c9ffffffff-2019-02,3
848b2c9ffffffff-2019-08,3
848b2c9ffffffff-2019-10,2
848b2c9ffffffff-2020-02,2
848b2c9ffffffff-2020-08,1
848b2c9ffffffff-2020-11,6
848b2c9ffffffff-2020-12,4
848b2c9ffffffff-2021-03,1
848b2c9ffffffff-2021-04,5
848b2c9ffffffff-2021-05,3
848b2c9ffffffff-2021-10,4
848b2c9ffffffff-2021-11,1
848b2c9ffffffff-2021-12,1
848b2c9ffffffff-2022-01,11
848b2c9ffffffff-2022-02,1
848b2c9ffffffff-2022-03,7
848b2c9ffffffff-2022-04,2
848b2c9ffffffff-2022-05,3
848b2c9ffffffff-2022-07,1
848b2c9ffffffff-2022-08,14
848b2c9ffffffff-2022-09,12
848b2c9ffffffff-2022-10,17
848b2c9ffffffff-2022-12,1
848b2c9ffffffff-2023-01,4
848b2c9ffffffff-2023-02,1
848b2c9ffffffff-2023-03,4
848b2c9ffffffff-2023-04,3
848b2c9ffffffff-2023-05,4
848b2c9ffffffff-2023-06,2
848b2c9ffffffff-2023-09,2
848b2c9ffffffff-2023-10,10
848b2cbffffffff-2022-02,1
848b2cdffffffff-2016-05,1
848b2cdffffffff-2016-11,1
848b2cdffffffff-2018-09,1
848b2cdffffffff-2018-10,5
848b2cdffffffff-2019-05,2
848b2cdffffffff-2019-06,1
848b2cdffffffff-2020-02,3
848b2cdffffffff-2020-10,2
848b2cdffffffff-2021-10,1
848b2cdffffffff-2022-03,2
848b2cdffffffff-2022-10,2
848b2cdffffffff-2023-01,3
848b2cdffffffff-2023-04,1
848b2cdffffffff-2023-05,1
848b2cdffffffff-2023-09,4
848b2cdffffffff-2023-10,6
848b2cdffffffff-2023-11,2
848b319ffffffff-2020-02,2
848b31bffffffff-2017-01,1
848b31bffffffff-2019-12,1
848b31bffffffff-2020-01,7
848b31bffffffff-2020-12,1
848b31bffffffff-2021-10,2
848b31bffffffff-2022-08,2
848b31bffffffff-2023-01,1
848b31bffffffff-2023-02,3
848b31bffffffff-2023-03,5
848b31bffffffff-2023-07,2
848b31bffffffff-2023-08,3
848b31bffffffff-2023-09,2
848b31bffffffff-2023-10,12
848b31bffffffff-2023-11,4
848b335ffffffff-2017-09,2
848b401ffffffff-2018-11,1
848b401ffffffff-2020-10,1
848b407ffffffff-2021-10,1
848b40dffffffff-2018-09,2
848b40dffffffff-2021-11,2
848b40dffffffff-2022-04,1
848b40dffffffff-2023-08,3
848b41dffffffff-2018-04,1
848b429ffffffff-2023-10,2
848b445ffffffff-2021-09,1
848b447ffffffff-2015-08,1
848b449ffffffff-2012-10,1
848b449ffffffff-2020-11,1
848b44bffffffff-2018-09,2
848b44dffffffff-2019-09,1
848b44dffffffff-2019-10,2
848b44dffffffff-2023-08,2
848b459ffffffff-2012-10,1
848b459ffffffff-2017-09,2
848b459ffffffff-2018-09,1
848b459ffffffff-2022-09,1
848b459ffffffff-2023-07,2
848b461ffffffff-2022-08,1
848b469ffffffff-2023-08,2
848b49bffffffff-2023-09,1
848b4e9ffffffff-2015-08,3
848b505ffffffff-2019-08,1
848b509ffffffff-2023-10,1
848b50dffffffff-2023-10,3
848b513ffffffff-2022-09,1
848b529ffffffff-2019-10,1
848b529ffffffff-2019-11,1
848b529ffffffff-2020-10,1
848b529ffffffff-2023-10,2
848b563ffffffff-2012-10,1
848b563ffffffff-2013-08,3
848b563ffffffff-2013-09,1
848b563ffffffff-2019-09,1
848b563ffffffff-2023-10,1
848b563ffffffff-2023-11,3
848b5c3ffffffff-2020-10,1
848b5d1ffffffff-2016-08,2
848b5d1ffffffff-2017-10,1
848b5d5ffffffff-2017-10,1
848b601ffffffff-2019-09,3
848b601ffffffff-2021-04,1
848b603ffffffff-2019-05,1
848b603ffffffff-2023-03,1
848b609ffffffff-2023-10,1
848b60bffffffff-2019-10,1
848b60bffffffff-2020-10,2
848b60bffffffff-2021-02,1
848b60bffffffff-2022-10,1
848b611ffffffff-2013-11,1
848b611ffffffff-2016-04,2
848b611ffffffff-2016-11,3
848b611ffffffff-2016-12,2
848b611ffffffff-2018-05,1
848b611ffffffff-2018-11,2
848b611ffffffff-2019-01,1
848b611ffffffff-2019-04,1
848b611ffffffff-2019-08,1
848b611ffffffff-2019-09,1
848b611ffffffff-2019-11,3
848b611ffffffff-2020-10,1
848b611ffffffff-2021-03,2
848b611ffffffff-2021-10,3
848b611ffffffff-2022-01,1
848b611ffffffff-2022-02,1
848b611ffffffff-2022-09,1
848b611ffffffff-2022-10,1
848b611ffffffff-2023-01,11
848b611ffffffff-2023-02,4
848b611ffffffff-2023-03,9
848b611ffffffff-2023-09,2
848b617ffffffff-2012-09,1
848b617ffffffff-2018-04,1
848b617ffffffff-2019-04,1
848b617ffffffff-2022-12,1
848b619ffffffff-2013-12,1
848b619ffffffff-2021-01,1
848b61bffffffff-2012-02,1
848b61bffffffff-2012-03,1
848b61bffffffff-2012-10,2
848b61bffffffff-2013-02,1
848b61bffffffff-2013-09,4
848b61bffffffff-2013-11,1
848b61bffffffff-2013-12,4
848b61bffffffff-2014-01,3
848b61bffffffff-2014-03,1
848b61bffffffff-2014-09,8
848b61bffffffff-2014-10,4
848b61bffffffff-2014-11,1
848b61bffffffff-2014-12,2
848b61bffffffff-2015-01,1
848b61bffffffff-2015-09,1
848b61bffffffff-2016-01,3
848b61bffffffff-2016-02,1
848b61bffffffff-2016-04,5
848b61bffffffff-2016-05,1
848b61bffffffff-2016-09,6
848b61bffffffff-2016-10,4
848b61bffffffff-2016-11,10
848b61bffffffff-2016-12,7
848b61bffffffff-2017-01,4
848b61bffffffff-2017-02,5
848b61bffffffff-2017-03,2
848b61bffffffff-2017-04,2
848b61bffffffff-2017-05,2
848b61bffffffff-2017-08,4
848b61bffffffff-2017-09,5
848b61bffffffff-2017-11,9
848b61bffffffff-2017-12,2
848b61bffffffff-2018-01,6
848b61bffffffff-2018-02,15
848b61bffffffff-2018-05,7
848b61bffffffff-2018-06,2
848b61bffffffff-2018-09,3
848b61bffffffff-2018-10,12
848b61bffffffff-2018-11,1
848b61bffffffff-2019-01,6
848b61bffffffff-2019-02,11
848b61bffffffff-2019-03,16
848b61bffffffff-2019-04,5
848b61bffffffff-2019-05,3
848b61bffffffff-2019-06,7
848b61bffffffff-2019-08,3
848b61bffffffff-2019-09,1
848b61bffffffff-2019-10,24
848b61bffffffff-2019-11,21
848b61bffffffff-2019-12,1
848b61bffffffff-2020-01,9
848b61bffffffff-2020-02,4
848b61bffffffff-2020-03,1
848b61bffffffff-2020-06,1
848b61bffffffff-2020-07,4
848b61bffffffff-2020-08,3
848b61bffffffff-2020-09,5
848b61bffffffff-2020-10,17
848b61bffffffff-2020-11,14
848b61bffffffff-2020-12,14
848b61bffffffff-2021-01,35
848b61bffffffff-2021-02,23
848b61bffffffff-2021-03,13
848b61bffffffff-2021-04,16
848b61bffffffff-2021-05,12
848b61bffffffff-2021-06,3
848b61bffffffff-2021-07,5
848b61bffffffff-2021-08,3
848b61bffffffff-2021-09,2
848b61bffffffff-2021-10,20
848b61bffffffff-2021-11,36
848b61bffffffff-2021-12,5
848b61bffffffff-2022-01,5
848b61bffffffff-2022-02,26
848b61bffffffff-2022-03,9
848b61bffffffff-2022-04,5
848b61bffffffff-2022-05,7
848b61bffffffff-2022-06,4
848b61bffffffff-2022-07,3
848b61bffffffff-2022-08,26
848b61bffffffff-2022-09,18
848b61bffffffff-2022-10,191
848b61bffffffff-2022-11,31
848b61bffffffff-2022-12,19
848b61bffffffff-2023-01,43
848b61bffffffff-2023-02,33
848b61bffffffff-2023-03,22
848b61bffffffff-2023-04,8
848b61bffffffff-2023-05,63
848b61bffffffff-2023-06,10
848b61bffffffff-2023-07,19
848b61bffffffff-2023-08,17
848b61bffffffff-2023-09,19
848b61bffffffff-2023-10,51
848b61bffffffff-2023-11,15
848b61dffffffff-2012-01,1
848b61dffffffff-2012-02,4
848b61dffffffff-2012-03,3
848b61dffffffff-2012-04,2
848b61dffffffff-2012-08,1
848b61dffffffff-2012-11,5
848b61dffffffff-2012-12,1
848b61dffffffff-2013-01,3
848b61dffffffff-2013-02,1
848b61dffffffff-2013-06,2
848b61dffffffff-2013-07,1
848b61dffffffff-2013-09,1
848b61dffffffff-2013-12,1
848b61dffffffff-2014-01,1
848b61dffffffff-2014-03,1
848b61dffffffff-2014-04,1
848b61dffffffff-2014-05,8
848b61dffffffff-2014-08,1
848b61dffffffff-2014-09,3
848b61dffffffff-2014-10,3
848b61dffffffff-2014-12,2
848b61dffffffff-2015-01,3
848b61dffffffff-2015-02,6
848b61dffffffff-2015-03,3
848b61dffffffff-2015-04,2
848b61dffffffff-2015-05,3
848b61dffffffff-2015-08,3
848b61dffffffff-2015-09,12
848b61dffffffff-2015-10,5
848b61dffffffff-2016-01,7
848b61dffffffff-2016-02,11
848b61dffffffff-2016-03,2
848b61dffffffff-2016-04,5
848b61dffffffff-2016-07,2
848b61dffffffff-2016-08,4
848b61dffffffff-2016-09,1
848b61dffffffff-2016-10,2
848b61dffffffff-2016-11,4
848b61dffffffff-2016-12,7
848b61dffffffff-2017-01,4
848b61dffffffff-2017-02,10
848b61dffffffff-2017-03,8
848b61dffffffff-2017-04,8
848b61dffffffff-2017-05,3
848b61dffffffff-2017-06,2
848b61dffffffff-2017-07,4
848b61dffffffff-2017-08,11
848b61dffffffff-2017-09,13
848b61dffffffff-2017-10,17
848b61dffffffff-2017-11,15
848b61dffffffff-2017-12,11
848b61dffffffff-2018-01,13
848b61dffffffff-2018-02,5
848b61dffffffff-2018-03,33
848b61dffffffff-2018-04,18
848b61dffffffff-2018-05,4
848b61dffffffff-2018-06,1
848b61dffffffff-2018-09,3
848b61dffffffff-2018-10,1
848b61dffffffff-2018-11,5
848b61dffffffff-2018-12,1
848b61dffffffff-2019-01,9
848b61dffffffff-2019-02,5
848b61dffffffff-2019-03,20
848b61dffffffff-2019-04,9
848b61dffffffff-2019-05,9
848b61dffffffff-2019-06,1
848b61dffffffff-2019-08,10
848b61dffffffff-2019-09,15
848b61dffffffff-2019-10,19
848b61dffffffff-2019-11,8
848b61dffffffff-2019-12,8
848b61dffffffff-2020-01,33
848b61dffffffff-2020-02,18
848b61dffffffff-2020-03,7
848b61dffffffff-2020-07,1
848b61dffffffff-2020-08,3
848b61dffffffff-2020-10,5
848b61dffffffff-2020-11,1
848b61dffffffff-2020-12,5
848b61dffffffff-2021-01,15
848b61dffffffff-2021-02,6
848b61dffffffff-2021-03,19
848b61dffffffff-2021-04,7
848b61dffffffff-2021-05,8
848b61dffffffff-2021-08,8
848b61dffffffff-2021-09,5
848b61dffffffff-2021-10,12
848b61dffffffff-2021-11,6
848b61dffffffff-2021-12,1
848b61dffffffff-2022-01,6
848b61dffffffff-2022-02,7
848b61dffffffff-2022-03,5
848b61dffffffff-2022-04,7
848b61dffffffff-2022-05,1
848b61dffffffff-2022-06,4
848b61dffffffff-2022-08,11
848b61dffffffff-2022-09,12
848b61dffffffff-2022-10,18
848b61dffffffff-2022-11,12
848b61dffffffff-2022-12,10
848b61dffffffff-2023-01,3
848b61dffffffff-2023-02,6
848b61dffffffff-2023-03,47
848b61dffffffff-2023-04,8
848b61dffffffff-2023-05,2
848b61dffffffff-2023-06,5
848b61dffffffff-2023-07,5
848b61dffffffff-2023-08,4
848b623ffffffff-2020-11,1
848b623ffffffff-2022-09,1
848b627ffffffff-2017-10,3
848b627ffffffff-2017-11,2
848b627ffffffff-2018-08,2
848b627ffffffff-2021-08,1
848b627ffffffff-2022-06,1
848b627ffffffff-2022-09,2
848b627ffffffff-2023-09,4
848b627ffffffff-2023-10,2
848b633ffffffff-2012-09,3
848b633ffffffff-2018-09,1
848b635ffffffff-2018-10,1
848b635ffffffff-2020-10,4
848b635ffffffff-2021-11,1
848b637ffffffff-2015-09,6
848b637ffffffff-2016-09,1
848b637ffffffff-2016-10,1
848b637ffffffff-2018-10,1
848b637ffffffff-2019-09,1
848b637ffffffff-2022-09,5
848b63bffffffff-2014-11,1
848b63bffffffff-2016-12,1
848b63bffffffff-2018-09,2
848b63bffffffff-2018-12,1
848b63bffffffff-2020-04,1
848b63bffffffff-2020-05,1
848b63bffffffff-2022-05,6
848b63bffffffff-2022-06,1
848b63bffffffff-2022-10,1
848b63bffffffff-2023-01,1
848b63dffffffff-2020-11,1
848b63dffffffff-2023-08,1
848b641ffffffff-2023-04,1
848b643ffffffff-2013-12,1
848b643ffffffff-2019-03,1
848b643ffffffff-2023-04,1
848b645ffffffff-2021-09,1
848b647ffffffff-2018-08,1
848b647ffffffff-2019-09,1
848b647ffffffff-2019-11,3
848b647ffffffff-2020-06,1
848b647ffffffff-2020-12,2
848b647ffffffff-2021-01,4
848b647ffffffff-2022-03,5
848b647ffffffff-2022-04,5
848b647ffffffff-2023-10,1
848b649ffffffff-2018-05,1
848b649ffffffff-2020-10,2
848b64bffffffff-2023-04,1
848b64bffffffff-2023-09,4
848b655ffffffff-2014-08,1
848b655ffffffff-2018-03,1
848b655ffffffff-2022-03,1
848b657ffffffff-2017-02,1
848b657ffffffff-2018-03,3
848b657ffffffff-2018-10,1
848b657ffffffff-2018-11,1
848b657ffffffff-2019-02,2
848b657ffffffff-2020-10,1
848b657ffffffff-2021-03,1
848b657ffffffff-2022-03,3
848b657ffffffff-2023-02,3
848b65dffffffff-2016-05,1
848b65dffffffff-2018-02,1
848b65dffffffff-2018-05,2
848b65dffffffff-2018-07,1
848b65dffffffff-2019-01,2
848b65dffffffff-2019-03,1
848b65dffffffff-2019-04,1
848b669ffffffff-2019-03,2
848b68bffffffff-2018-08,2
848b6cdffffffff-2016-02,1
848b6cdffffffff-2016-11,3
848b6cdffffffff-2022-09,2
848b6d5ffffffff-2019-03,1
848b6d9ffffffff-2022-09,1
848b6e5ffffffff-2013-08,1
848b6e5ffffffff-2018-09,4
848b6e5ffffffff-2021-09,5
848b6e7ffffffff-2013-09,1
848b6e7ffffffff-2018-09,10
848b6e7ffffffff-2018-10,8
848b6edffffffff-2014-10,1
848b6edffffffff-2014-12,1
848b6edffffffff-2017-01,1
848b6edffffffff-2017-05,3
848b6edffffffff-2018-09,3
848b6edffffffff-2018-10,1
848b6edffffffff-2019-09,1
848b6edffffffff-2022-07,2
848b713ffffffff-2012-10,3
848b713ffffffff-2015-05,1
848b713ffffffff-2017-05,1
848b713ffffffff-2017-10,2
848b713ffffffff-2018-01,1
848b713ffffffff-2018-02,1
848b713ffffffff-2018-08,2
848b713ffffffff-2018-09,3
848b713ffffffff-2018-10,6
848b713ffffffff-2019-02,1
848b713ffffffff-2019-08,2
848b713ffffffff-2019-09,3
848b713ffffffff-2019-10,3
848b713ffffffff-2019-11,2
848b713ffffffff-2020-01,1
848b713ffffffff-2020-08,5
848b713ffffffff-2020-09,3
848b713ffffffff-2020-10,6
848b713ffffffff-2020-12,2
848b713ffffffff-2021-01,2
848b713ffffffff-2021-10,8
848b713ffffffff-2022-08,7
848b713ffffffff-2022-09,2
848b713ffffffff-2022-12,1
848b713ffffffff-2023-04,1
848b713ffffffff-2023-05,5
848b713ffffffff-2023-07,6
848b713ffffffff-2023-08,30
848b713ffffffff-2023-09,9
848b713ffffffff-2023-10,5
848b713ffffffff-2023-11,6
848b717ffffffff-2019-09,1
848b717ffffffff-2022-10,1
848b71bffffffff-2012-08,1
848b729ffffffff-2021-09,3
848b72dffffffff-2021-09,9
848b72dffffffff-2022-09,3
848b745ffffffff-2019-04,2
848b745ffffffff-2019-10,1
848b74bffffffff-2013-12,3
848b74bffffffff-2015-11,1
848b74bffffffff-2022-10,1
848b74bffffffff-2023-02,5
848b761ffffffff-2021-09,3
848b765ffffffff-2021-09,6
848b76bffffffff-2019-10,1
848b76bffffffff-2019-11,1
848b849ffffffff-2021-09,1
848b849ffffffff-2021-11,1
848b849ffffffff-2022-09,2
848b881ffffffff-2023-09,2
848b9d5ffffffff-2013-08,1
848b9d5ffffffff-2013-09,1
848b9d5ffffffff-2013-12,1
848b9d5ffffffff-2014-08,1
848b9d5ffffffff-2014-10,1
848b9d5ffffffff-2014-11,1
848b9d5ffffffff-2015-08,1
848b9d5ffffffff-2015-09,1
848b9d5ffffffff-2015-10,2
848b9d5ffffffff-2016-02,1
848b9d5ffffffff-2016-08,1
848b9d5ffffffff-2019-09,1
848b9d5ffffffff-2020-08,1
848b9d5ffffffff-2022-10,1
848b9d5ffffffff-2023-08,2
848ba03ffffffff-2021-10,1
848ba47ffffffff-2015-08,1
848ba63ffffffff-2013-09,1
848ba63ffffffff-2014-08,1
848ba63ffffffff-2015-10,1
848ba6dffffffff-2021-11,3
848ba6dffffffff-2022-10,5
848bae3ffffffff-2022-12,1
848bb59ffffffff-2022-09,2
848e455ffffffff-2017-09,1
848e455ffffffff-2023-05,2
848e455ffffffff-2023-10,1
848e459ffffffff-2018-05,2
848e45bffffffff-2015-11,1
848e45bffffffff-2015-12,1
848e45bffffffff-2016-01,1
848e45bffffffff-2016-02,1
848e45bffffffff-2016-04,1
848e45bffffffff-2023-02,3
848e45bffffffff-2023-05,1
848e45bffffffff-2023-08,2
848e45dffffffff-2013-05,2
848e45dffffffff-2014-02,1
848e45dffffffff-2014-08,1
848e45dffffffff-2014-09,1
848e45dffffffff-2015-02,1
848e45dffffffff-2015-05,2
848e45dffffffff-2015-08,1
848e45dffffffff-2015-11,1
848e45dffffffff-2015-12,2
848e45dffffffff-2016-01,6
848e45dffffffff-2016-04,2
848e45dffffffff-2016-05,4
848e45dffffffff-2016-10,2
848e45dffffffff-2016-11,4
848e45dffffffff-2017-01,1
848e45dffffffff-2017-02,1
848e45dffffffff-2017-05,1
848e45dffffffff-2017-09,2
848e45dffffffff-2017-10,1
848e45dffffffff-2017-11,27
848e45dffffffff-2017-12,3
848e45dffffffff-2018-01,2
848e45dffffffff-2018-02,5
848e45dffffffff-2018-03,7
848e45dffffffff-2018-04,1
848e45dffffffff-2018-05,7
848e45dffffffff-2018-06,1
848e45dffffffff-2018-07,4
848e45dffffffff-2018-08,5
848e45dffffffff-2018-09,7
848e45dffffffff-2018-10,7
848e45dffffffff-2018-12,3
848e45dffffffff-2019-01,5
848e45dffffffff-2019-02,1
848e45dffffffff-2019-05,1
848e45dffffffff-2019-08,1
848e45dffffffff-2019-09,8
848e45dffffffff-2019-10,5
848e45dffffffff-2019-11,3
848e45dffffffff-2019-12,1
848e45dffffffff-2020-01,1
848e45dffffffff-2020-02,10
848e45dffffffff-2020-12,4
848e45dffffffff-2021-01,2
848e45dffffffff-2021-02,2
848e45dffffffff-2021-03,1
848e45dffffffff-2021-04,1
848e45dffffffff-2021-05,2
848e45dffffffff-2021-09,1
848e45dffffffff-2021-12,5
848e45dffffffff-2022-02,3
848e45dffffffff-2022-03,11
848e45dffffffff-2022-04,1
848e45dffffffff-2022-05,5
848e45dffffffff-2022-06,4
848e45dffffffff-2022-08,4
848e45dffffffff-2022-09,4
848e45dffffffff-2022-10,2
848e45dffffffff-2022-11,3
848e45dffffffff-2022-12,1
848e45dffffffff-2023-01,1
848e45dffffffff-2023-02,1
848e45dffffffff-2023-03,13
848e45dffffffff-2023-04,1
848e45dffffffff-2023-05,5
848e45dffffffff-2023-08,2
848e45dffffffff-2023-09,5
848e45dffffffff-2023-10,9
848e45dffffffff-2023-11,2
848e601ffffffff-2017-11,1
848e601ffffffff-2018-05,1
848e601ffffffff-2018-11,1
848e601ffffffff-2019-02,1
848e601ffffffff-2019-05,1
848e601ffffffff-2019-09,1
848e601ffffffff-2020-11,1
848e603ffffffff-2018-03,3
848e603ffffffff-2019-03,1
848e603ffffffff-2019-04,2
848e603ffffffff-2022-06,1
848e603ffffffff-2023-04,1
848e609ffffffff-2018-03,1
848e609ffffffff-2019-10,1
848e60bffffffff-2016-08,1
848e60bffffffff-2022-12,4
848e60bffffffff-2023-03,2
848e60bffffffff-2023-04,4
848e617ffffffff-2021-03,1
848e61dffffffff-2019-05,1
848e61dffffffff-2022-04,1
848e621ffffffff-2012-07,4
848e621ffffffff-2012-10,1
848e621ffffffff-2013-03,2
848e621ffffffff-2014-01,1
848e621ffffffff-2014-11,4
848e621ffffffff-2014-12,1
848e621ffffffff-2015-04,2
848e621ffffffff-2015-10,1
848e621ffffffff-2015-12,1
848e621ffffffff-2016-02,2
848e621ffffffff-2016-03,1
848e621ffffffff-2016-08,2
848e621ffffffff-2016-10,1
848e621ffffffff-2016-11,1
848e621ffffffff-2017-03,1
848e621ffffffff-2017-04,1
848e621ffffffff-2017-05,1
848e621ffffffff-2017-09,3
848e621ffffffff-2017-10,1
848e621ffffffff-2018-01,3
848e621ffffffff-2018-02,2
848e621ffffffff-2018-03,1
848e621ffffffff-2018-08,7
848e621ffffffff-2018-09,1
848e621ffffffff-2018-10,5
848e621ffffffff-2018-11,10
848e621ffffffff-2018-12,2
848e621ffffffff-2019-01,4
848e621ffffffff-2019-05,8
848e621ffffffff-2019-06,1
848e621ffffffff-2019-07,5
848e621ffffffff-2019-08,1
848e621ffffffff-2019-09,1
848e621ffffffff-2019-10,5
848e621ffffffff-2019-11,9
848e621ffffffff-2020-12,1
848e621ffffffff-2021-04,2
848e621ffffffff-2021-09,1
848e621ffffffff-2021-12,2
848e621ffffffff-2022-01,2
848e621ffffffff-2022-03,10
848e621ffffffff-2022-04,18
848e621ffffffff-2022-05,12
848e621ffffffff-2022-06,2
848e621ffffffff-2022-07,16
848e621ffffffff-2022-08,7
848e621ffffffff-2022-09,4
848e621ffffffff-2022-11,6
848e621ffffffff-2022-12,3
848e621ffffffff-2023-01,78
848e621ffffffff-2023-02,53
848e621ffffffff-2023-03,13
848e621ffffffff-2023-04,10
848e621ffffffff-2023-05,15
848e621ffffffff-2023-06,9
848e621ffffffff-2023-07,2
848e621ffffffff-2023-08,3
848e621ffffffff-2023-09,40
848e621ffffffff-2023-10,29
848e621ffffffff-2023-11,23
848e623ffffffff-2018-11,2
848e623ffffffff-2018-12,1
848e623ffffffff-2019-05,1
848e623ffffffff-2021-09,1
848e623ffffffff-2022-02,1
848e623ffffffff-2022-09,1
848e623ffffffff-2023-01,4
848e623ffffffff-2023-09,2
848e62dffffffff-2012-01,4
848e62dffffffff-2012-02,3
848e62dffffffff-2012-03,20
848e62dffffffff-2012-04,4
848e62dffffffff-2012-05,10
848e62dffffffff-2012-06,5
848e62dffffffff-2012-07,1
848e62dffffffff-2012-08,3
848e62dffffffff-2012-09,1
848e62dffffffff-2012-10,3
848e62dffffffff-2012-11,17
848e62dffffffff-2012-12,6
848e62dffffffff-2013-01,3
848e62dffffffff-2013-02,10
848e62dffffffff-2013-03,8
848e62dffffffff-2013-04,6
848e62dffffffff-2013-05,2
848e62dffffffff-2013-07,5
848e62dffffffff-2013-08,2
848e62dffffffff-2013-10,2
848e62dffffffff-2013-11,3
848e62dffffffff-2014-01,6
848e62dffffffff-2014-02,7
848e62dffffffff-2014-03,10
848e62dffffffff-2014-04,1
848e62dffffffff-2014-05,1
848e62dffffffff-2014-07,2
848e62dffffffff-2014-08,3
848e62dffffffff-2014-09,4
848e62dffffffff-2014-10,2
848e62dffffffff-2014-11,3
848e62dffffffff-2014-12,8
848e62dffffffff-2015-01,5
848e62dffffffff-2015-02,6
848e62dffffffff-2015-03,7
848e62dffffffff-2015-04,4
848e62dffffffff-2015-05,2
848e62dffffffff-2015-07,6
848e62dffffffff-2015-08,3
848e62dffffffff-2015-09,3
848e62dffffffff-2015-10,5
848e62dffffffff-2015-11,4
848e62dffffffff-2015-12,1
848e62dffffffff-2016-01,10
848e62dffffffff-2016-02,10
848e62dffffffff-2016-03,14
848e62dffffffff-2016-04,9
848e62dffffffff-2016-05,4
848e62dffffffff-2016-06,1
848e62dffffffff-2016-07,2
848e62dffffffff-2016-09,5
848e62dffffffff-2016-10,6
848e62dffffffff-2016-11,2
848e62dffffffff-2016-12,7
848e62dffffffff-2017-01,20
848e62dffffffff-2017-02,7
848e62dffffffff-2017-03,13
848e62dffffffff-2017-04,5
848e62dffffffff-2017-05,7
848e62dffffffff-2017-06,1
848e62dffffffff-2017-07,5
848e62dffffffff-2017-08,2
848e62dffffffff-2017-09,14
848e62dffffffff-2017-10,5
848e62dffffffff-2017-11,9
848e62dffffffff-2017-12,3
848e62dffffffff-2018-01,36
848e62dffffffff-2018-02,30
848e62dffffffff-2018-03,23
848e62dffffffff-2018-04,27
848e62dffffffff-2018-05,29
848e62dffffffff-2018-06,3
848e62dffffffff-2018-07,5
848e62dffffffff-2018-08,5
848e62dffffffff-2018-09,10
848e62dffffffff-2018-10,22
848e62dffffffff-2018-11,14
848e62dffffffff-2018-12,6
848e62dffffffff-2019-01,18
848e62dffffffff-2019-02,12
848e62dffffffff-2019-03,3
848e62dffffffff-2019-04,7
848e62dffffffff-2019-05,5
848e62dffffffff-2019-07,3
848e62dffffffff-2019-08,6
848e62dffffffff-2019-09,8
848e62dffffffff-2019-10,18
848e62dffffffff-2019-11,19
848e62dffffffff-2019-12,12
848e62dffffffff-2020-01,43
848e62dffffffff-2020-02,50
848e62dffffffff-2020-03,20
848e62dffffffff-2020-05,1
848e62dffffffff-2020-10,5
848e62dffffffff-2020-11,12
848e62dffffffff-2020-12,46
848e62dffffffff-2021-01,18
848e62dffffffff-2021-02,9
848e62dffffffff-2021-03,47
848e62dffffffff-2021-04,26
848e62dffffffff-2021-05,36
848e62dffffffff-2021-07,1
848e62dffffffff-2021-08,11
848e62dffffffff-2021-09,33
848e62dffffffff-2021-10,63
848e62dffffffff-2021-11,50
848e62dffffffff-2021-12,43
848e62dffffffff-2022-01,44
848e62dffffffff-2022-02,107
848e62dffffffff-2022-03,63
848e62dffffffff-2022-04,31
848e62dffffffff-2022-05,51
848e62dffffffff-2022-06,29
848e62dffffffff-2022-07,2
848e62dffffffff-2022-08,9
848e62dffffffff-2022-09,8
848e62dffffffff-2022-10,31
848e62dffffffff-2022-11,40
848e62dffffffff-2022-12,22
848e62dffffffff-2023-01,49
848e62dffffffff-2023-02,60
848e62dffffffff-2023-03,55
848e62dffffffff-2023-04,46
848e62dffffffff-2023-05,18
848e62dffffffff-2023-06,3
848e62dffffffff-2023-07,1
848e62dffffffff-2023-08,3
848e62dffffffff-2023-09,26
848e62dffffffff-2023-10,19
848e62dffffffff-2023-11,17
848e635ffffffff-2013-01,1
848e635ffffffff-2013-03,1
848e635ffffffff-2016-02,1
848e635ffffffff-2018-12,4
848e635ffffffff-2019-01,2
848e635ffffffff-2019-02,1
848e635ffffffff-2021-11,1
848e635ffffffff-2023-11,1
848e637ffffffff-2013-11,1
848e637ffffffff-2017-05,1
848e637ffffffff-2019-01,9
848e637ffffffff-2020-01,1
848e637ffffffff-2021-08,1
848e637ffffffff-2023-01,3
848e645ffffffff-2015-09,1
848e645ffffffff-2018-06,5
848e645ffffffff-2023-02,1
848e645ffffffff-2023-10,6
848e647ffffffff-2015-02,1
848e647ffffffff-2016-04,3
848e647ffffffff-2016-09,1
848e647ffffffff-2017-02,1
848e647ffffffff-2018-05,2
848e647ffffffff-2018-10,1
848e647ffffffff-2019-01,1
848e647ffffffff-2020-05,4
848e647ffffffff-2021-04,2
848e647ffffffff-2021-05,1
848e647ffffffff-2022-02,4
848e647ffffffff-2022-03,2
848e647ffffffff-2022-05,2
848e647ffffffff-2023-05,3
848e647ffffffff-2023-10,1
848e64bffffffff-2018-12,1
848e64bffffffff-2019-10,1
848e64bffffffff-2020-12,1
848e64bffffffff-2022-02,3
848e64bffffffff-2023-05,2
848e663ffffffff-2018-03,2
848e663ffffffff-2018-04,1
848e669ffffffff-2022-10,1
848e669ffffffff-2023-02,1
848e66bffffffff-2012-08,1
848e66bffffffff-2012-10,1
848e66bffffffff-2013-06,1
848e66bffffffff-2013-11,1
848e66bffffffff-2014-01,4
848e66bffffffff-2014-10,2
848e66bffffffff-2014-11,1
848e66bffffffff-2015-05,2
848e66bffffffff-2016-04,3
848e66bffffffff-2016-07,1
848e66bffffffff-2016-08,2
848e66bffffffff-2016-09,1
848e66bffffffff-2016-10,1
848e66bffffffff-2016-11,1
848e66bffffffff-2017-05,2
848e66bffffffff-2017-10,3
848e66bffffffff-2018-05,2
848e66bffffffff-2018-10,3
848e66bffffffff-2019-03,3
848e66bffffffff-2019-10,2
848e66bffffffff-2019-11,2
848e66bffffffff-2019-12,3
848e66bffffffff-2020-03,1
848e66bffffffff-2020-08,1
848e66bffffffff-2020-09,1
848e66bffffffff-2020-10,2
848e66bffffffff-2020-11,1
848e66bffffffff-2021-02,2
848e66bffffffff-2021-03,1
848e66bffffffff-2021-04,2
848e66bffffffff-2021-05,1
848e66bffffffff-2021-08,2
848e66bffffffff-2021-09,3
848e66bffffffff-2021-10,2
848e66bffffffff-2021-11,4
848e66bffffffff-2022-01,1
848e66bffffffff-2022-02,5
848e66bffffffff-2022-03,3
848e66bffffffff-2022-04,3
848e66bffffffff-2022-07,1
848e66bffffffff-2022-10,2
848e66bffffffff-2022-11,3
848e66bffffffff-2022-12,1
848e66bffffffff-2023-04,2
848e66bffffffff-2023-05,3
848e66bffffffff-2023-09,1
848e66bffffffff-2023-10,7
848e66bffffffff-2023-11,5
848e683ffffffff-2021-09,6
848e687ffffffff-2018-03,1
848e6a5ffffffff-2018-05,1
848e6abffffffff-2019-03,1
848e6abffffffff-2020-01,3
848e6b5ffffffff-2013-05,1
848e6b5ffffffff-2018-05,2
848e6b5ffffffff-2018-08,1
848e6b5ffffffff-2019-01,1
848e6b5ffffffff-2019-04,1
848e6b5ffffffff-2021-09,1
848e6b5ffffffff-2022-01,1
848e6b5ffffffff-2022-02,2
848e6b5ffffffff-2022-03,1
848e6b5ffffffff-2022-05,7
848e6b5ffffffff-2022-11,2
848e6b5ffffffff-2023-05,6
848e6b9ffffffff-2023-04,2
848e6c3ffffffff-2013-03,1
848e6c3ffffffff-2019-10,1
848e6c5ffffffff-2019-10,1
848e6c5ffffffff-2021-10,2
848e6c5ffffffff-2023-03,3
848e6c7ffffffff-2014-04,1
848e6ddffffffff-2022-05,2
848e759ffffffff-2014-04,1
848e759ffffffff-2015-04,1
848e759ffffffff-2015-08,1
848e759ffffffff-2016-04,1
848e759ffffffff-2017-05,1
848e759ffffffff-2017-07,1
848e759ffffffff-2018-07,1
848e759ffffffff-2018-08,1
848e759ffffffff-2019-09,1
848e759ffffffff-2019-10,1
848e759ffffffff-2020-03,1
848e759ffffffff-2020-08,1
848e759ffffffff-2020-10,11
848e759ffffffff-2021-01,1
848e759ffffffff-2021-03,2
848e759ffffffff-2021-09,7
848e759ffffffff-2021-10,1
848e759ffffffff-2022-03,1
848e759ffffffff-2022-08,9
848e759ffffffff-2022-09,6
848e759ffffffff-2022-10,1
848e759ffffffff-2023-01,6
848e759ffffffff-2023-02,17
848e759ffffffff-2023-03,13
848e759ffffffff-2023-04,3
848e759ffffffff-2023-05,1
848e759ffffffff-2023-07,3
848e759ffffffff-2023-09,7
848e759ffffffff-2023-10,8
848e75bffffffff-2013-02,6
848e75bffffffff-2016-03,1
848e75bffffffff-2017-03,1
848e75bffffffff-2018-04,1
848e75bffffffff-2018-05,1
848e75bffffffff-2019-01,2
848e75bffffffff-2020-01,2
848e75bffffffff-2020-02,1
848e75bffffffff-2020-03,8
848e75bffffffff-2020-08,2
848e75bffffffff-2020-10,3
848e75bffffffff-2020-11,1
848e75bffffffff-2020-12,2
848e75bffffffff-2021-01,2
848e75bffffffff-2021-03,2
848e75bffffffff-2021-05,3
848e75bffffffff-2021-11,2
848e75bffffffff-2022-01,14
848e75bffffffff-2022-03,4
848e75bffffffff-2022-05,7
848e75bffffffff-2022-10,1
848e75bffffffff-2023-01,4
848e75bffffffff-2023-02,1
848e75bffffffff-2023-03,15
848e75bffffffff-2023-04,2
848e75bffffffff-2023-05,1
848e75bffffffff-2023-08,2
848e75bffffffff-2023-09,6
848e75bffffffff-2023-10,8
848e75bffffffff-2023-11,2
848f081ffffffff-2014-03,3
848f081ffffffff-2016-09,1
848f081ffffffff-2018-05,1
848f081ffffffff-2022-04,1
848f081ffffffff-2022-05,2
848f081ffffffff-2022-08,4
848f081ffffffff-2022-11,1
848f081ffffffff-2023-10,1
848f081ffffffff-2023-11,1
848f083ffffffff-2016-03,1
848f087ffffffff-2014-03,3
848f087ffffffff-2019-03,3
848f087ffffffff-2021-02,2
848f087ffffffff-2021-03,1
848f087ffffffff-2022-08,4
848f087ffffffff-2023-01,1
848f089ffffffff-2018-01,1
848f08bffffffff-2023-10,1
848f091ffffffff-2023-10,1
848f095ffffffff-2013-01,2
848f095ffffffff-2013-03,1
848f095ffffffff-2014-02,2
848f095ffffffff-2015-01,1
848f095ffffffff-2015-12,1
848f095ffffffff-2016-02,2
848f095ffffffff-2016-03,8
848f095ffffffff-2016-04,2
848f095ffffffff-2016-08,8
848f095ffffffff-2016-09,2
848f095ffffffff-2017-01,10
848f095ffffffff-2017-02,3
848f095ffffffff-2017-03,7
848f095ffffffff-2018-01,3
848f095ffffffff-2018-02,4
848f095ffffffff-2018-03,2
848f095ffffffff-2018-04,4
848f095ffffffff-2018-05,1
848f095ffffffff-2018-10,3
848f095ffffffff-2018-11,3
848f095ffffffff-2018-12,1
848f095ffffffff-2019-01,2
848f095ffffffff-2019-02,3
848f095ffffffff-2019-03,1
848f095ffffffff-2019-04,4
848f095ffffffff-2019-10,2
848f095ffffffff-2020-01,4
848f095ffffffff-2020-02,2
848f095ffffffff-2020-09,1
848f095ffffffff-2020-10,1
848f095ffffffff-2020-11,4
848f095ffffffff-2020-12,1
848f095ffffffff-2021-01,10
848f095ffffffff-2021-02,6
848f095ffffffff-2021-03,8
848f095ffffffff-2021-04,4
848f095ffffffff-2021-05,1
848f095ffffffff-2021-12,5
848f095ffffffff-2022-02,2
848f095ffffffff-2022-11,2
848f095ffffffff-2022-12,8
848f095ffffffff-2023-01,1
848f095ffffffff-2023-02,2
848f095ffffffff-2023-08,7
848f095ffffffff-2023-10,2
848f095ffffffff-2023-11,5
848f099ffffffff-2015-07,2
848f099ffffffff-2023-02,1
848f0b3ffffffff-2016-03,1
848f0b3ffffffff-2019-03,1
848f0b3ffffffff-2021-01,3
848f0b3ffffffff-2023-01,1
848f0b3ffffffff-2023-04,2
848f0b9ffffffff-2017-08,3
848f0b9ffffffff-2019-06,3
848f0b9ffffffff-2019-09,1
848f0b9ffffffff-2019-12,1
848f0b9ffffffff-2021-09,1
848f0bbffffffff-2012-02,1
848f0bbffffffff-2013-03,1
848f0bbffffffff-2014-01,1
848f0bbffffffff-2014-05,1
848f0bbffffffff-2016-01,1
848f0bbffffffff-2016-04,1
848f0bbffffffff-2016-05,1
848f0bbffffffff-2016-07,10
848f0bbffffffff-2016-08,3
848f0bbffffffff-2018-02,1
848f0bbffffffff-2018-09,1
848f0bbffffffff-2018-12,4
848f0bbffffffff-2019-01,6
848f0bbffffffff-2019-02,6
848f0bbffffffff-2019-03,14
848f0bbffffffff-2019-05,2
848f0bbffffffff-2020-01,1
848f0bbffffffff-2020-03,1
848f0bbffffffff-2020-08,2
848f0bbffffffff-2020-10,1
848f0bbffffffff-2020-12,1
848f0bbffffffff-2021-01,1
848f0bbffffffff-2021-02,1
848f0bbffffffff-2021-03,16
848f0bbffffffff-2021-12,2
848f0bbffffffff-2022-11,1
848f0bbffffffff-2023-08,6
848f0bbffffffff-2023-09,5
848f0bbffffffff-2023-10,2
848f0bbffffffff-2023-11,3
848f0d1ffffffff-2018-08,4
848f0d5ffffffff-2023-09,1
848f0d7ffffffff-2018-08,1
848f0d7ffffffff-2020-01,9
848f0d7ffffffff-2020-02,1
848f0d9ffffffff-2012-09,2
848f0d9ffffffff-2015-01,1
848f0d9ffffffff-2015-03,3
848f0d9ffffffff-2016-01,2
848f0d9ffffffff-2018-03,1
848f0d9ffffffff-2018-09,3
848f0d9ffffffff-2019-01,5
848f0d9ffffffff-2019-09,1
848f0d9ffffffff-2019-12,1
848f0d9ffffffff-2020-02,4
848f0d9ffffffff-2022-01,4
848f0d9ffffffff-2022-04,4
848f0d9ffffffff-2022-08,5
848f0d9ffffffff-2022-10,7
848f0d9ffffffff-2022-11,2
848f0d9ffffffff-2023-02,13
848f0d9ffffffff-2023-08,3
848f0d9ffffffff-2023-10,12
848f0ddffffffff-2013-11,2
848f0ddffffffff-2014-03,4
848f0ddffffffff-2014-09,3
848f0ddffffffff-2015-09,2
848f0ddffffffff-2015-11,1
848f0ddffffffff-2016-01,3
848f0ddffffffff-2017-01,2
848f0ddffffffff-2017-02,1
848f0ddffffffff-2017-03,1
848f0ddffffffff-2018-01,1
848f0ddffffffff-2018-02,2
848f0ddffffffff-2018-10,1
848f0ddffffffff-2018-11,1
848f0ddffffffff-2019-01,2
848f0ddffffffff-2019-02,1
848f0ddffffffff-2019-11,2
848f0ddffffffff-2020-01,1
848f0ddffffffff-2020-03,1
848f0ddffffffff-2022-02,1
848f0ddffffffff-2022-03,17
848f0ddffffffff-2022-04,1
848f0ddffffffff-2022-05,1
848f0ddffffffff-2022-09,1
848f0ddffffffff-2022-12,2
848f0ddffffffff-2023-01,12
848f0ddffffffff-2023-02,2
848f0ddffffffff-2023-03,1
848f0ddffffffff-2023-10,3
848f213ffffffff-2020-01,1
848f21bffffffff-2012-02,1
848f21bffffffff-2017-02,2
848f21bffffffff-2020-07,1
848f281ffffffff-2016-08,3
848f281ffffffff-2016-12,1
848f283ffffffff-2018-01,1
848f285ffffffff-2022-08,1
848f287ffffffff-2018-01,1
848f287ffffffff-2019-08,1
848f287ffffffff-2022-02,1
848f287ffffffff-2022-09,3
848f28bffffffff-2016-01,1
848f295ffffffff-2022-12,3
848f297ffffffff-2015-03,3
848f297ffffffff-2023-09,1
848f299ffffffff-2013-03,1
848f299ffffffff-2014-03,1
848f299ffffffff-2014-10,1
848f299ffffffff-2015-09,1
848f299ffffffff-2015-11,1
848f299ffffffff-2016-01,1
848f299ffffffff-2016-08,1
848f299ffffffff-2017-01,1
848f299ffffffff-2018-02,1
848f299ffffffff-2018-05,1
848f299ffffffff-2018-12,1
848f299ffffffff-2019-01,1
848f299ffffffff-2019-02,4
848f299ffffffff-2019-08,1
848f299ffffffff-2019-12,2
848f299ffffffff-2020-01,1
848f299ffffffff-2020-02,6
848f299ffffffff-2020-08,2
848f299ffffffff-2020-09,1
848f299ffffffff-2020-12,2
848f299ffffffff-2021-01,2
848f299ffffffff-2021-02,2
848f299ffffffff-2021-03,1
848f299ffffffff-2021-05,1
848f299ffffffff-2021-07,2
848f299ffffffff-2021-10,1
848f299ffffffff-2022-02,2
848f299ffffffff-2022-07,4
848f299ffffffff-2022-10,2
848f299ffffffff-2023-01,7
848f299ffffffff-2023-03,1
848f299ffffffff-2023-08,1
848f299ffffffff-2023-10,1
848f299ffffffff-2023-11,2
848f2a1ffffffff-2012-01,1
848f2a1ffffffff-2012-02,1
848f2a1ffffffff-2013-12,5
848f2a1ffffffff-2014-01,1
848f2a1ffffffff-2014-08,2
848f2a1ffffffff-2014-11,1
848f2a1ffffffff-2014-12,1
848f2a1ffffffff-2015-09,2
848f2a1ffffffff-2016-03,2
848f2a1ffffffff-2016-08,1
848f2a1ffffffff-2017-03,1
848f2a1ffffffff-2017-04,1
848f2a1ffffffff-2017-09,1
848f2a1ffffffff-2018-02,1
848f2a1ffffffff-2018-09,1
848f2a1ffffffff-2018-10,2
848f2a1ffffffff-2018-12,1
848f2a1ffffffff-2019-01,6
848f2a1ffffffff-2019-03,1
848f2a1ffffffff-2019-05,1
848f2a1ffffffff-2019-07,1
848f2a1ffffffff-2019-09,2
848f2a1ffffffff-2019-11,4
848f2a1ffffffff-2019-12,1
848f2a1ffffffff-2020-01,7
848f2a1ffffffff-2020-02,2
848f2a1ffffffff-2021-01,1
848f2a1ffffffff-2021-03,7
848f2a1ffffffff-2021-09,1
848f2a1ffffffff-2021-10,3
848f2a1ffffffff-2021-11,8
848f2a1ffffffff-2022-01,5
848f2a1ffffffff-2022-02,5
848f2a1ffffffff-2022-05,2
848f2a1ffffffff-2022-06,2
848f2a1ffffffff-2022-08,1
848f2a1ffffffff-2022-09,2
848f2a1ffffffff-2022-10,3
848f2a1ffffffff-2022-11,1
848f2a1ffffffff-2022-12,3
848f2a1ffffffff-2023-01,4
848f2a1ffffffff-2023-02,6
848f2a1ffffffff-2023-07,12
848f2a1ffffffff-2023-08,20
848f2a3ffffffff-2014-11,2
848f2a3ffffffff-2016-05,2
848f2a3ffffffff-2016-08,1
848f2a3ffffffff-2021-10,2
848f2a3ffffffff-2022-11,1
848f2a3ffffffff-2023-04,1
848f2a7ffffffff-2012-09,2
848f2a7ffffffff-2012-10,1
848f2a7ffffffff-2012-11,3
848f2a7ffffffff-2012-12,1
848f2a7ffffffff-2013-03,1
848f2a7ffffffff-2013-04,1
848f2a7ffffffff-2013-10,1
848f2a7ffffffff-2013-12,5
848f2a7ffffffff-2014-02,1
848f2a7ffffffff-2014-04,1
848f2a7ffffffff-2014-08,3
848f2a7ffffffff-2014-09,2
848f2a7ffffffff-2014-10,7
848f2a7ffffffff-2014-11,2
848f2a7ffffffff-2015-01,1
848f2a7ffffffff-2015-03,2
848f2a7ffffffff-2015-06,1
848f2a7ffffffff-2015-09,2
848f2a7ffffffff-2015-10,5
848f2a7ffffffff-2015-11,3
848f2a7ffffffff-2016-01,2
848f2a7ffffffff-2016-08,2
848f2a7ffffffff-2016-10,5
848f2a7ffffffff-2016-11,1
848f2a7ffffffff-2017-01,4
848f2a7ffffffff-2017-02,5
848f2a7ffffffff-2017-03,1
848f2a7ffffffff-2017-04,2
848f2a7ffffffff-2017-07,1
848f2a7ffffffff-2017-08,2
848f2a7ffffffff-2017-10,7
848f2a7ffffffff-2017-11,2
848f2a7ffffffff-2017-12,2
848f2a7ffffffff-2018-01,3
848f2a7ffffffff-2018-02,8
848f2a7ffffffff-2018-03,3
848f2a7ffffffff-2018-05,1
848f2a7ffffffff-2018-09,2
848f2a7ffffffff-2018-10,6
848f2a7ffffffff-2018-11,1
848f2a7ffffffff-2018-12,1
848f2a7ffffffff-2019-01,8
848f2a7ffffffff-2019-02,2
848f2a7ffffffff-2019-03,2
848f2a7ffffffff-2019-08,2
848f2a7ffffffff-2019-09,1
848f2a7ffffffff-2019-12,2
848f2a7ffffffff-2020-01,2
848f2a7ffffffff-2020-02,4
848f2a7ffffffff-2020-09,1
848f2a7ffffffff-2020-10,1
848f2a7ffffffff-2020-11,1
848f2a7ffffffff-2021-02,7
848f2a7ffffffff-2021-03,4
848f2a7ffffffff-2021-04,2
848f2a7ffffffff-2021-07,1
848f2a7ffffffff-2021-09,6
848f2a7ffffffff-2021-10,15
848f2a7ffffffff-2022-01,9
848f2a7ffffffff-2022-02,10
848f2a7ffffffff-2022-03,6
848f2a7ffffffff-2022-04,1
848f2a7ffffffff-2022-05,3
848f2a7ffffffff-2022-06,5
848f2a7ffffffff-2022-08,9
848f2a7ffffffff-2022-09,30
848f2a7ffffffff-2022-10,14
848f2a7ffffffff-2022-11,9
848f2a7ffffffff-2022-12,6
848f2a7ffffffff-2023-01,12
848f2a7ffffffff-2023-02,6
848f2a7ffffffff-2023-04,7
848f2a7ffffffff-2023-05,8
848f2a7ffffffff-2023-06,2
848f2a7ffffffff-2023-07,7
848f2a7ffffffff-2023-08,16
848f2a7ffffffff-2023-09,14
848f2a7ffffffff-2023-10,4
848f2a7ffffffff-2023-11,7
848f2a9ffffffff-2012-10,1
848f2a9ffffffff-2014-08,1
848f2a9ffffffff-2014-10,1
848f2a9ffffffff-2016-04,1
848f2a9ffffffff-2016-10,1
848f2a9ffffffff-2018-01,3
848f2a9ffffffff-2018-03,1
848f2a9ffffffff-2018-10,1
848f2a9ffffffff-2019-01,1
848f2a9ffffffff-2019-07,1
848f2a9ffffffff-2019-08,4
848f2a9ffffffff-2019-09,7
848f2a9ffffffff-2019-10,3
848f2a9ffffffff-2020-02,1
848f2a9ffffffff-2020-08,1
848f2a9ffffffff-2020-10,2
848f2a9ffffffff-2021-01,1
848f2a9ffffffff-2021-08,7
848f2a9ffffffff-2021-09,1
848f2a9ffffffff-2021-10,5
848f2a9ffffffff-2022-09,3
848f2a9ffffffff-2022-10,3
848f2a9ffffffff-2023-01,3
848f2a9ffffffff-2023-02,4
848f2a9ffffffff-2023-07,1
848f2a9ffffffff-2023-09,1
848f2a9ffffffff-2023-10,1
848f2abffffffff-2021-09,2
848f2abffffffff-2021-11,2
848f2abffffffff-2022-04,1
848f2abffffffff-2022-09,1
848f2b3ffffffff-2023-10,1
848f2b5ffffffff-2014-07,1
848f2b5ffffffff-2016-09,2
848f2b5ffffffff-2016-10,1
848f2b5ffffffff-2017-12,2
848f2b5ffffffff-2018-05,1
848f2b5ffffffff-2019-08,1
848f2b5ffffffff-2020-03,1
848f2b5ffffffff-2021-03,1
848f2b5ffffffff-2021-09,4
848f2b5ffffffff-2021-10,4
848f2b5ffffffff-2021-12,2
848f2b5ffffffff-2022-01,2
848f2b5ffffffff-2022-09,3
848f2b5ffffffff-2023-01,3
848f2b5ffffffff-2023-11,2
848f2b9ffffffff-2013-04,1
848f2b9ffffffff-2015-01,1
848f2b9ffffffff-2015-03,3
848f2b9ffffffff-2015-09,1
848f2b9ffffffff-2015-10,5
848f2b9ffffffff-2015-11,2
848f2b9ffffffff-2016-01,1
848f2b9ffffffff-2016-03,2
848f2b9ffffffff-2017-10,2
848f2b9ffffffff-2017-11,2
848f2b9ffffffff-2018-12,1
848f2b9ffffffff-2019-03,2
848f2b9ffffffff-2020-11,1
848f2b9ffffffff-2021-02,1
848f2b9ffffffff-2022-02,1
848f2b9ffffffff-2022-04,1
848f2b9ffffffff-2023-04,1
848f2b9ffffffff-2023-10,1
848f2b9ffffffff-2023-11,4
848f2bbffffffff-2012-08,1
848f2bbffffffff-2014-08,1
848f2bbffffffff-2014-11,4
848f2bbffffffff-2015-03,3
848f2bbffffffff-2015-07,1
848f2bbffffffff-2016-09,1
848f2bbffffffff-2017-07,2
848f2bbffffffff-2017-09,1
848f2bbffffffff-2018-02,1
848f2bbffffffff-2018-03,1
848f2bbffffffff-2018-08,3
848f2bbffffffff-2018-09,2
848f2bbffffffff-2018-10,3
848f2bbffffffff-2018-12,12
848f2bbffffffff-2019-02,1
848f2bbffffffff-2020-03,2
848f2bbffffffff-2020-12,2
848f2bbffffffff-2021-05,1
848f2bbffffffff-2021-10,4
848f2bbffffffff-2022-01,9
848f2bbffffffff-2022-03,9
848f2bbffffffff-2022-04,3
848f2bbffffffff-2022-08,2
848f2bbffffffff-2022-09,6
848f2bbffffffff-2022-10,10
848f2bbffffffff-2022-11,1
848f2bbffffffff-2022-12,1
848f2bbffffffff-2023-01,9
848f2bbffffffff-2023-02,5
848f2bbffffffff-2023-03,20
848f2bbffffffff-2023-04,1
848f2bbffffffff-2023-06,1
848f2bbffffffff-2023-08,9
848f2bbffffffff-2023-09,7
848f2bdffffffff-2017-12,2
848f2cdffffffff-2017-02,2
848f2cdffffffff-2018-08,1
848f2cdffffffff-2020-02,2
848f2cdffffffff-2020-03,1
848f2cdffffffff-2021-11,2
848f2d1ffffffff-2019-02,1
848f2d1ffffffff-2021-12,5
848f2d1ffffffff-2023-09,2
848f2d9ffffffff-2013-11,1
848f2d9ffffffff-2014-03,1
848f2d9ffffffff-2014-08,1
848f2d9ffffffff-2015-03,2
848f2d9ffffffff-2018-04,1
848f2d9ffffffff-2018-09,4
848f2d9ffffffff-2018-12,1
848f2d9ffffffff-2019-01,2
848f2d9ffffffff-2019-02,2
848f2d9ffffffff-2019-08,1
848f2d9ffffffff-2019-10,2
848f2d9ffffffff-2019-11,2
848f2d9ffffffff-2019-12,1
848f2d9ffffffff-2020-02,3
848f2d9ffffffff-2020-03,1
848f2d9ffffffff-2020-10,1
848f2d9ffffffff-2020-12,1
848f2d9ffffffff-2021-01,2
848f2d9ffffffff-2021-10,7
848f2d9ffffffff-2021-11,3
848f2d9ffffffff-2022-01,3
848f2d9ffffffff-2022-02,1
848f2d9ffffffff-2022-04,2
848f2d9ffffffff-2022-09,3
848f2d9ffffffff-2022-10,5
848f2d9ffffffff-2022-11,1
848f2d9ffffffff-2022-12,3
848f2d9ffffffff-2023-02,4
848f2d9ffffffff-2023-03,2
848f2d9ffffffff-2023-04,2
848f2d9ffffffff-2023-08,1
848f2d9ffffffff-2023-10,9
848f2d9ffffffff-2023-11,6
848f2dbffffffff-2023-10,1
848f2ddffffffff-2023-04,1
848f2e1ffffffff-2022-09,1
848f2e1ffffffff-2022-10,2
848f2e3ffffffff-2021-10,4
848f2e3ffffffff-2022-01,3
848f2e9ffffffff-2012-02,2
848f2e9ffffffff-2016-01,1
848f2e9ffffffff-2018-02,2
848f2e9ffffffff-2019-12,1
848f2e9ffffffff-2022-04,1
848f2e9ffffffff-2022-08,1
848f2e9ffffffff-2023-01,1
848f2ebffffffff-2012-01,1
848f2ebffffffff-2014-07,2
848f2ebffffffff-2014-08,1
848f2ebffffffff-2014-09,2
848f2ebffffffff-2014-12,1
848f2ebffffffff-2015-09,1
848f2ebffffffff-2015-12,2
848f2ebffffffff-2016-01,1
848f2ebffffffff-2016-09,2
848f2ebffffffff-2016-11,1
848f2ebffffffff-2017-04,2
848f2ebffffffff-2017-09,2
848f2ebffffffff-2019-11,2
848f2ebffffffff-2020-01,5
848f2ebffffffff-2020-11,10
848f2ebffffffff-2020-12,10
848f2ebffffffff-2021-01,1
848f2ebffffffff-2021-03,2
848f2ebffffffff-2021-04,1
848f2ebffffffff-2021-05,1
848f2ebffffffff-2021-08,1
848f2ebffffffff-2021-09,8
848f2ebffffffff-2021-10,32
848f2ebffffffff-2021-11,8
848f2ebffffffff-2021-12,6
848f2ebffffffff-2022-01,3
848f2ebffffffff-2022-02,14
848f2ebffffffff-2022-03,1
848f2ebffffffff-2022-05,3
848f2ebffffffff-2022-08,4
848f2ebffffffff-2022-10,2
848f2ebffffffff-2022-12,3
848f2ebffffffff-2023-01,6
848f2ebffffffff-2023-02,5
848f2ebffffffff-2023-03,4
848f2ebffffffff-2023-08,1
848f2ebffffffff-2023-09,2
848f2ebffffffff-2023-10,13
848f2ebffffffff-2023-11,2
848f401ffffffff-2019-09,1
848f401ffffffff-2019-10,1
848f401ffffffff-2020-02,1
848f401ffffffff-2020-08,2
848f401ffffffff-2020-10,1
848f401ffffffff-2023-08,2
848f407ffffffff-2015-10,1
848f407ffffffff-2016-09,3
848f407ffffffff-2016-11,1
848f407ffffffff-2017-10,1
848f407ffffffff-2018-07,1
848f407ffffffff-2018-08,3
848f407ffffffff-2019-08,7
848f407ffffffff-2021-10,1
848f407ffffffff-2022-10,2
848f407ffffffff-2022-11,3
848f407ffffffff-2023-02,1
848f407ffffffff-2023-03,5
848f407ffffffff-2023-08,1
848f407ffffffff-2023-09,2
848f407ffffffff-2023-11,2
848f43dffffffff-2017-08,1
848f43dffffffff-2019-08,7
848f43dffffffff-2019-09,2
848f43dffffffff-2021-08,3
848f43dffffffff-2022-10,1
848f43dffffffff-2023-02,1
848f43dffffffff-2023-09,1
848f461ffffffff-2013-08,1
848f461ffffffff-2014-10,4
848f461ffffffff-2015-09,1
848f461ffffffff-2016-08,1
848f461ffffffff-2017-09,1
848f461ffffffff-2018-08,3
848f461ffffffff-2018-10,1
848f461ffffffff-2018-11,1
848f461ffffffff-2019-09,2
848f461ffffffff-2019-10,1
848f461ffffffff-2020-02,1
848f461ffffffff-2021-08,2
848f461ffffffff-2022-07,1
848f461ffffffff-2023-08,1
848f461ffffffff-2023-10,2
848f463ffffffff-2014-10,2
848f463ffffffff-2023-03,2
848f481ffffffff-2023-08,1
848f489ffffffff-2019-08,11
848f48dffffffff-2023-03,2
848f4adffffffff-2023-02,1
848f4c7ffffffff-2017-09,2
848f4c7ffffffff-2018-10,2
848f4c7ffffffff-2019-07,3
848f4c7ffffffff-2019-08,6
848f4c7ffffffff-2019-09,5
848f4c7ffffffff-2019-11,1
848f4c7ffffffff-2021-09,3
848f4c7ffffffff-2022-10,8
848f4c7ffffffff-2023-08,2
848f4c7ffffffff-2023-09,7
848f501ffffffff-2015-05,1
848f501ffffffff-2016-07,1
848f501ffffffff-2016-09,3
848f501ffffffff-2018-03,3
848f501ffffffff-2019-09,1
848f501ffffffff-2019-10,2
848f501ffffffff-2019-11,2
848f501ffffffff-2019-12,4
848f501ffffffff-2020-01,1
848f501ffffffff-2020-02,1
848f501ffffffff-2020-03,5
848f501ffffffff-2020-05,1
848f501ffffffff-2022-02,4
848f501ffffffff-2022-10,6
848f501ffffffff-2022-12,1
848f501ffffffff-2023-09,4
848f501ffffffff-2023-11,2
848f505ffffffff-2012-02,1
848f505ffffffff-2012-03,3
848f505ffffffff-2012-05,4
848f505ffffffff-2012-08,1
848f505ffffffff-2012-09,1
848f505ffffffff-2013-02,6
848f505ffffffff-2013-04,2
848f505ffffffff-2014-02,6
848f505ffffffff-2014-05,5
848f505ffffffff-2014-07,2
848f505ffffffff-2014-08,10
848f505ffffffff-2015-02,1
848f505ffffffff-2015-03,2
848f505ffffffff-2015-04,7
848f505ffffffff-2015-09,1
848f505ffffffff-2015-10,1
848f505ffffffff-2015-12,3
848f505ffffffff-2016-03,7
848f505ffffffff-2016-04,1
848f505ffffffff-2016-06,1
848f505ffffffff-2016-09,8
848f505ffffffff-2016-11,11
848f505ffffffff-2017-01,3
848f505ffffffff-2017-02,8
848f505ffffffff-2017-03,4
848f505ffffffff-2017-04,6
848f505ffffffff-2017-05,5
848f505ffffffff-2017-09,11
848f505ffffffff-2017-10,1
848f505ffffffff-2017-11,5
848f505ffffffff-2017-12,2
848f505ffffffff-2018-01,12
848f505ffffffff-2018-02,25
848f505ffffffff-2018-03,16
848f505ffffffff-2018-04,2
848f505ffffffff-2018-05,8
848f505ffffffff-2018-08,8
848f505ffffffff-2018-09,11
848f505ffffffff-2018-10,3
848f505ffffffff-2018-11,1
848f505ffffffff-2018-12,10
848f505ffffffff-2019-01,14
848f505ffffffff-2019-02,16
848f505ffffffff-2019-03,7
848f505ffffffff-2019-04,2
848f505ffffffff-2019-08,3
848f505ffffffff-2019-09,24
848f505ffffffff-2019-10,7
848f505ffffffff-2019-11,12
848f505ffffffff-2019-12,8
848f505ffffffff-2020-01,9
848f505ffffffff-2020-02,8
848f505ffffffff-2020-03,3
848f505ffffffff-2020-08,2
848f505ffffffff-2020-10,14
848f505ffffffff-2021-02,4
848f505ffffffff-2021-03,2
848f505ffffffff-2021-04,4
848f505ffffffff-2021-05,4
848f505ffffffff-2021-08,8
848f505ffffffff-2021-09,14
848f505ffffffff-2021-10,12
848f505ffffffff-2021-11,5
848f505ffffffff-2021-12,9
848f505ffffffff-2022-01,11
848f505ffffffff-2022-02,29
848f505ffffffff-2022-03,26
848f505ffffffff-2022-04,15
848f505ffffffff-2022-05,3
848f505ffffffff-2022-06,4
848f505ffffffff-2022-07,19
848f505ffffffff-2022-08,7
848f505ffffffff-2022-09,35
848f505ffffffff-2022-10,10
848f505ffffffff-2022-11,12
848f505ffffffff-2022-12,1
848f505ffffffff-2023-01,25
848f505ffffffff-2023-02,14
848f505ffffffff-2023-03,9
848f505ffffffff-2023-04,12
848f505ffffffff-2023-08,2
848f505ffffffff-2023-09,8
848f505ffffffff-2023-10,3
848f505ffffffff-2023-11,2
848f507ffffffff-2018-01,1
848f507ffffffff-2018-11,1
848f507ffffffff-2019-01,7
848f50dffffffff-2012-03,3
848f50dffffffff-2012-04,7
848f50dffffffff-2012-05,5
848f50dffffffff-2012-09,2
848f519ffffffff-2013-04,2
848f519ffffffff-2016-03,1
848f519ffffffff-2016-08,1
848f519ffffffff-2016-10,4
848f519ffffffff-2017-11,2
848f519ffffffff-2018-01,1
848f519ffffffff-2019-08,1
848f519ffffffff-2020-01,1
848f519ffffffff-2022-09,1
848f519ffffffff-2023-11,1
848f51dffffffff-2016-08,1
848f51dffffffff-2018-01,1
848f51dffffffff-2018-03,4
848f51dffffffff-2018-04,1
848f51dffffffff-2019-09,1
848f51dffffffff-2019-10,2
848f51dffffffff-2020-03,3
848f51dffffffff-2021-01,1
848f51dffffffff-2021-02,1
848f51dffffffff-2021-03,4
848f51dffffffff-2021-04,4
848f51dffffffff-2021-10,4
848f51dffffffff-2022-01,3
848f51dffffffff-2022-02,1
848f51dffffffff-2022-12,3
848f51dffffffff-2023-03,2
848f539ffffffff-2018-05,2
848f539ffffffff-2019-01,2
848f53bffffffff-2017-10,1
848f53bffffffff-2019-01,2
848f545ffffffff-2018-09,1
848f54bffffffff-2022-09,1
848f54bffffffff-2023-02,1
848f553ffffffff-2021-02,1
848f561ffffffff-2017-04,1
848f561ffffffff-2017-09,1
848f563ffffffff-2021-03,1
848f56dffffffff-2016-06,4
848f56dffffffff-2018-09,1
848f583ffffffff-2022-09,1
848f58dffffffff-2022-11,2
848f58dffffffff-2023-04,8
848f5a3ffffffff-2019-01,1
848f5a9ffffffff-2019-01,2
848f5b7ffffffff-2013-02,2
848f5b7ffffffff-2013-12,2
848f5b7ffffffff-2018-04,1
848f5b7ffffffff-2019-01,2
848f5b7ffffffff-2020-01,1
848f5b7ffffffff-2020-02,2
848f5b7ffffffff-2021-01,2
848f5b7ffffffff-2021-05,2
848f5b7ffffffff-2021-07,2
848f5b7ffffffff-2021-08,3
848f5b7ffffffff-2022-01,1
848f5b7ffffffff-2022-03,8
848f5b7ffffffff-2022-04,6
848f5b7ffffffff-2022-05,5
848f5b7ffffffff-2022-07,1
848f5b7ffffffff-2022-10,2
848f5b7ffffffff-2023-02,3
848f5b7ffffffff-2023-03,15
848f5b7ffffffff-2023-06,6
848f5b9ffffffff-2012-10,2
848f5b9ffffffff-2012-12,1
848f5b9ffffffff-2013-02,1
848f5b9ffffffff-2015-01,1
848f5b9ffffffff-2016-07,2
848f5b9ffffffff-2020-11,3
848f5b9ffffffff-2021-04,3
848f5b9ffffffff-2022-03,2
848f5b9ffffffff-2022-04,12
848f5b9ffffffff-2022-05,2
848f5b9ffffffff-2022-08,1
848f5b9ffffffff-2022-09,4
848f5b9ffffffff-2023-04,7
848f5b9ffffffff-2023-07,3
848f5bdffffffff-2013-10,1
848f5bdffffffff-2014-03,1
848f5e1ffffffff-2019-07,1
848f5e1ffffffff-2023-09,1
848f5e5ffffffff-2022-01,5
848f5e5ffffffff-2022-03,3
848f5e5ffffffff-2022-04,4
848f5e5ffffffff-2022-05,4
848f5e7ffffffff-2019-01,8
848f5e7ffffffff-2021-11,1
848f5e7ffffffff-2022-03,2
848f5e7ffffffff-2022-04,8
848f5e7ffffffff-2022-05,3
848f5e7ffffffff-2022-07,1
848f5e7ffffffff-2022-09,1
848f5e7ffffffff-2022-12,1
848f5e7ffffffff-2023-07,5
848f5edffffffff-2017-02,3
848f5edffffffff-2017-12,1
848f5edffffffff-2018-05,1
848f5edffffffff-2019-05,1
848f5edffffffff-2019-07,1
848f5edffffffff-2021-10,1
848f5edffffffff-2021-12,3
848f5edffffffff-2022-03,6
848f5edffffffff-2022-04,7
848f5edffffffff-2022-07,3
848f5edffffffff-2022-09,3
848f5edffffffff-2023-05,22
848f5edffffffff-2023-06,5
848f5edffffffff-2023-10,5
848f613ffffffff-2021-09,2
848f613ffffffff-2022-09,3
848f61bffffffff-2013-09,1
848f61bffffffff-2022-08,2
848f61bffffffff-2023-09,1
848f61bffffffff-2023-10,5
848f631ffffffff-2018-08,1
848f633ffffffff-2018-09,1
848f6cdffffffff-2023-09,3
848f6cdffffffff-2023-10,2
848f6e9ffffffff-2013-09,1
848f6e9ffffffff-2015-08,1
848f6edffffffff-2015-09,1
848f6edffffffff-2018-09,1
848f6edffffffff-2020-10,1
848f6edffffffff-2021-10,1
848f6edffffffff-2022-09,3
848f6edffffffff-2023-08,2
848f729ffffffff-2017-07,2
848f72dffffffff-2020-08,1
848f741ffffffff-2013-12,1
848f74dffffffff-2022-08,4
848f74dffffffff-2022-09,7
848f74dffffffff-2022-11,2
848f74dffffffff-2023-01,1
848f74dffffffff-2023-02,2
848f74dffffffff-2023-03,2
848f74dffffffff-2023-06,1
848f74dffffffff-2023-09,2
848f74dffffffff-2023-10,1
848f761ffffffff-2015-01,1
848f767ffffffff-2021-03,1
848f769ffffffff-2020-09,1
848f769ffffffff-2020-10,14
848f769ffffffff-2020-11,4
848f769ffffffff-2020-12,3
848f769ffffffff-2021-09,1
848f769ffffffff-2022-02,2
848f769ffffffff-2022-09,4
848f769ffffffff-2022-11,1
848f769ffffffff-2023-10,1
848f76dffffffff-2017-08,1
848f76dffffffff-2021-08,1
848f76dffffffff-2021-10,7
848f76dffffffff-2021-11,2
848f76dffffffff-2022-09,3
848f76dffffffff-2022-10,1
848f76dffffffff-2022-11,2
848fa6bffffffff-2015-11,1
848fa6bffffffff-2016-02,1
848fa6bffffffff-2018-12,1
84a5961ffffffff-2017-02,1
84a8021ffffffff-2022-01,1
84a802dffffffff-2020-04,1
84a802dffffffff-2021-05,1
84a8049ffffffff-2023-04,2
84a804bffffffff-2021-10,2
84a804bffffffff-2021-11,2
84a804bffffffff-2021-12,1
84a804dffffffff-2013-02,1
84a804dffffffff-2017-05,1
84a804dffffffff-2020-09,2
84a804dffffffff-2020-10,12
84a804dffffffff-2020-11,5
84a804dffffffff-2022-02,1
84a804dffffffff-2023-10,1
84a8055ffffffff-2023-04,2
84a8067ffffffff-2017-12,1
84a8083ffffffff-2017-05,1
84a8083ffffffff-2020-10,1
84a808dffffffff-2022-03,1
84a80cdffffffff-2015-11,1
84a80cdffffffff-2017-04,1
84a80cdffffffff-2018-08,1
84a80cdffffffff-2018-09,1
84a80cdffffffff-2018-10,1
84a80cdffffffff-2018-12,2
84a80cdffffffff-2021-11,2
84a80cdffffffff-2022-10,2
84a80cdffffffff-2023-04,1
84a80cdffffffff-2023-08,3
84a80cdffffffff-2023-09,1
84a80cdffffffff-2023-10,3
84a8101ffffffff-2016-10,7
84a8101ffffffff-2017-02,2
84a8101ffffffff-2017-09,2
84a8101ffffffff-2017-10,4
84a8101ffffffff-2017-11,1
84a8101ffffffff-2017-12,1
84a8101ffffffff-2018-01,2
84a8101ffffffff-2018-02,2
84a8101ffffffff-2018-03,3
84a8101ffffffff-2018-09,5
84a8101ffffffff-2018-10,4
84a8101ffffffff-2018-11,2
84a8101ffffffff-2018-12,1
84a8101ffffffff-2019-01,2
84a8101ffffffff-2019-02,5
84a8101ffffffff-2019-03,1
84a8101ffffffff-2019-10,1
84a8101ffffffff-2019-11,4
84a8101ffffffff-2020-01,4
84a8101ffffffff-2021-01,4
84a8101ffffffff-2021-02,1
84a8101ffffffff-2021-07,3
84a8101ffffffff-2021-09,4
84a8101ffffffff-2021-10,7
84a8101ffffffff-2022-01,13
84a8101ffffffff-2022-02,1
84a8101ffffffff-2022-05,1
84a8101ffffffff-2022-08,1
84a8101ffffffff-2022-09,3
84a8101ffffffff-2022-10,6
84a8101ffffffff-2022-11,8
84a8101ffffffff-2023-01,3
84a8101ffffffff-2023-02,3
84a8101ffffffff-2023-09,1
84a8101ffffffff-2023-10,6
84a8101ffffffff-2023-11,1
84a8103ffffffff-2023-11,1
84a8105ffffffff-2014-08,1
84a8105ffffffff-2018-10,3
84a8105ffffffff-2019-03,1
84a8105ffffffff-2019-11,2
84a8105ffffffff-2020-05,4
84a8105ffffffff-2020-07,6
84a8105ffffffff-2020-10,7
84a8105ffffffff-2020-11,13
84a8105ffffffff-2021-11,1
84a8105ffffffff-2021-12,3
84a8105ffffffff-2022-09,2
84a8105ffffffff-2022-10,3
84a8105ffffffff-2022-11,3
84a8105ffffffff-2023-01,2
84a8105ffffffff-2023-02,1
84a8105ffffffff-2023-08,2
84a8105ffffffff-2023-09,18
84a8105ffffffff-2023-10,5
84a8105ffffffff-2023-11,4
84a8107ffffffff-2012-11,1
84a8107ffffffff-2015-08,1
84a8107ffffffff-2020-08,6
84a8107ffffffff-2020-09,1
84a8107ffffffff-2020-10,12
84a8107ffffffff-2020-12,7
84a8107ffffffff-2021-01,7
84a8107ffffffff-2021-02,1
84a8107ffffffff-2021-03,3
84a8107ffffffff-2021-04,2
84a8107ffffffff-2021-09,3
84a8107ffffffff-2021-10,6
84a8107ffffffff-2021-11,7
84a8107ffffffff-2021-12,5
84a8107ffffffff-2022-01,7
84a8107ffffffff-2022-02,4
84a8107ffffffff-2022-03,2
84a8107ffffffff-2022-09,1
84a8107ffffffff-2022-10,22
84a8107ffffffff-2022-11,7
84a8107ffffffff-2022-12,5
84a8107ffffffff-2023-01,6
84a8107ffffffff-2023-02,4
84a8107ffffffff-2023-04,1
84a8107ffffffff-2023-05,4
84a8107ffffffff-2023-08,1
84a8107ffffffff-2023-09,5
84a8107ffffffff-2023-10,44
84a8107ffffffff-2023-11,11
84a8109ffffffff-2016-11,1
84a8109ffffffff-2018-04,1
84a8109ffffffff-2019-09,1
84a8109ffffffff-2020-09,1
84a8109ffffffff-2020-10,1
84a8109ffffffff-2020-11,2
84a8109ffffffff-2021-08,1
84a8109ffffffff-2021-10,2
84a8109ffffffff-2023-03,1
84a8109ffffffff-2023-09,1
84a8109ffffffff-2023-10,2
84a810bffffffff-2020-12,1
84a810bffffffff-2022-02,1
84a810bffffffff-2022-09,1
84a810bffffffff-2022-10,1
84a810bffffffff-2022-11,1
84a810bffffffff-2023-01,1
84a810dffffffff-2014-07,1
84a810dffffffff-2016-02,4
84a810dffffffff-2020-09,2
84a810dffffffff-2020-10,1
84a810dffffffff-2020-11,2
84a810dffffffff-2020-12,2
84a810dffffffff-2021-03,4
84a810dffffffff-2021-05,2
84a810dffffffff-2021-09,2
84a810dffffffff-2021-10,2
84a810dffffffff-2021-12,2
84a810dffffffff-2022-01,2
84a810dffffffff-2022-03,3
84a810dffffffff-2022-10,2
84a810dffffffff-2022-11,1
84a810dffffffff-2023-03,7
84a810dffffffff-2023-05,1
84a810dffffffff-2023-10,4
84a810dffffffff-2023-11,4
84a8113ffffffff-2014-04,1
84a8113ffffffff-2014-09,1
84a8113ffffffff-2014-12,1
84a8113ffffffff-2015-11,2
84a8113ffffffff-2016-04,1
84a8113ffffffff-2016-09,1
84a8113ffffffff-2016-10,3
84a8113ffffffff-2016-11,1
84a8113ffffffff-2017-10,1
84a8113ffffffff-2018-09,3
84a8113ffffffff-2018-10,1
84a8113ffffffff-2018-11,2
84a8113ffffffff-2018-12,2
84a8113ffffffff-2019-01,5
84a8113ffffffff-2019-12,1
84a8113ffffffff-2020-01,2
84a8113ffffffff-2020-02,2
84a8113ffffffff-2020-09,4
84a8113ffffffff-2020-10,5
84a8113ffffffff-2020-11,1
84a8113ffffffff-2020-12,2
84a8113ffffffff-2021-08,1
84a8113ffffffff-2021-10,1
84a8113ffffffff-2021-11,1
84a8113ffffffff-2021-12,4
84a8113ffffffff-2022-03,1
84a8113ffffffff-2022-08,3
84a8113ffffffff-2022-09,1
84a8113ffffffff-2022-10,1
84a8113ffffffff-2022-11,2
84a8113ffffffff-2022-12,3
84a8113ffffffff-2023-01,2
84a8113ffffffff-2023-05,1
84a8113ffffffff-2023-10,12
84a8113ffffffff-2023-11,10
84a8115ffffffff-2020-10,1
84a8115ffffffff-2020-11,2
84a8115ffffffff-2021-08,1
84a8115ffffffff-2021-09,1
84a8115ffffffff-2021-10,11
84a8115ffffffff-2021-12,1
84a8115ffffffff-2022-01,2
84a8115ffffffff-2022-08,1
84a8115ffffffff-2022-09,1
84a8117ffffffff-2014-01,3
84a8117ffffffff-2015-04,1
84a8117ffffffff-2016-11,1
84a8117ffffffff-2017-10,3
84a8117ffffffff-2019-11,7
84a8117ffffffff-2020-10,1
84a8117ffffffff-2020-11,2
84a8117ffffffff-2020-12,1
84a8117ffffffff-2022-10,2
84a8123ffffffff-2022-02,1
84a8127ffffffff-2013-11,1
84a8127ffffffff-2016-10,14
84a8127ffffffff-2016-11,1
84a8127ffffffff-2016-12,1
84a8127ffffffff-2017-01,4
84a8127ffffffff-2017-02,1
84a8127ffffffff-2017-03,2
84a8127ffffffff-2017-05,3
84a8127ffffffff-2017-09,1
84a8127ffffffff-2017-10,2
84a8127ffffffff-2017-11,2
84a8127ffffffff-2017-12,1
84a8127ffffffff-2018-01,5
84a8127ffffffff-2018-02,3
84a8127ffffffff-2018-03,5
84a8127ffffffff-2019-01,6
84a8127ffffffff-2019-02,13
84a8127ffffffff-2019-03,3
84a8127ffffffff-2019-10,5
84a8127ffffffff-2019-11,4
84a8127ffffffff-2019-12,4
84a8127ffffffff-2020-01,8
84a8127ffffffff-2020-02,27
84a8127ffffffff-2020-03,4
84a8127ffffffff-2020-09,1
84a8127ffffffff-2020-10,8
84a8127ffffffff-2021-01,19
84a8127ffffffff-2021-02,6
84a8127ffffffff-2021-03,1
84a8127ffffffff-2021-09,3
84a8127ffffffff-2021-10,4
84a8127ffffffff-2021-12,3
84a8127ffffffff-2022-01,8
84a8127ffffffff-2022-02,3
84a8127ffffffff-2022-03,3
84a8127ffffffff-2022-10,6
84a8127ffffffff-2022-11,3
84a8127ffffffff-2022-12,1
84a8127ffffffff-2023-01,3
84a8127ffffffff-2023-02,5
84a8127ffffffff-2023-03,12
84a8127ffffffff-2023-05,1
84a8127ffffffff-2023-10,8
84a8127ffffffff-2023-11,5
84a8129ffffffff-2017-05,2
84a8129ffffffff-2022-10,6
84a8129ffffffff-2022-12,1
84a8129ffffffff-2023-01,2
84a8129ffffffff-2023-10,3
84a812bffffffff-2012-09,1
84a812bffffffff-2022-09,1
84a812bffffffff-2023-02,2
84a812bffffffff-2023-03,1
84a812bffffffff-2023-04,1
84a812dffffffff-2023-10,3
84a8133ffffffff-2022-11,1
84a8139ffffffff-2020-10,3
84a8139ffffffff-2020-11,4
84a8139ffffffff-2021-10,3
84a8139ffffffff-2022-09,2
84a8139ffffffff-2022-12,1
84a813bffffffff-2017-05,1
84a813bffffffff-2020-01,5
84a813bffffffff-2020-02,2
84a813bffffffff-2020-03,1
84a813bffffffff-2021-01,2
84a813bffffffff-2021-02,1
84a813bffffffff-2021-04,2
84a813bffffffff-2022-11,4
84a813bffffffff-2023-10,1
84a8143ffffffff-2016-10,1
84a8143ffffffff-2017-02,1
84a8143ffffffff-2017-03,1
84a8143ffffffff-2017-05,2
84a8143ffffffff-2017-07,1
84a8143ffffffff-2017-09,1
84a8143ffffffff-2018-01,1
84a8143ffffffff-2018-03,1
84a8143ffffffff-2018-10,1
84a8143ffffffff-2018-11,2
84a8143ffffffff-2019-09,1
84a8143ffffffff-2019-10,2
84a8143ffffffff-2020-07,1
84a8143ffffffff-2020-09,6
84a8143ffffffff-2020-10,6
84a8143ffffffff-2020-11,1
84a8143ffffffff-2020-12,1
84a8143ffffffff-2021-01,2
84a8143ffffffff-2021-02,1
84a8143ffffffff-2021-09,1
84a8143ffffffff-2021-10,9
84a8143ffffffff-2021-11,1
84a8143ffffffff-2021-12,2
84a8143ffffffff-2022-02,1
84a8143ffffffff-2022-05,2
84a8143ffffffff-2022-10,1
84a8143ffffffff-2022-11,2
84a8143ffffffff-2022-12,1
84a8143ffffffff-2023-02,3
84a8143ffffffff-2023-09,10
84a8143ffffffff-2023-10,6
84a8143ffffffff-2023-11,1
84a815dffffffff-2016-06,2
84a815dffffffff-2017-04,1
84a815dffffffff-2020-04,2
84a815dffffffff-2022-03,1
84a815dffffffff-2022-05,1
84a815dffffffff-2022-11,1
84a8163ffffffff-2016-01,1
84a8163ffffffff-2018-10,3
84a8163ffffffff-2018-12,3
84a8167ffffffff-2023-10,2
84a8185ffffffff-2020-10,1
84a8185ffffffff-2020-12,2
84a8185ffffffff-2021-11,1
84a8185ffffffff-2022-03,1
84a8187ffffffff-2019-05,1
84a8187ffffffff-2021-02,1
84a8187ffffffff-2021-03,1
84a8187ffffffff-2021-04,1
84a8187ffffffff-2021-10,5
84a8187ffffffff-2021-11,2
84a8187ffffffff-2021-12,3
84a8187ffffffff-2022-01,1
84a8187ffffffff-2022-08,2
84a8187ffffffff-2022-09,1
84a8187ffffffff-2022-11,3
84a8187ffffffff-2022-12,3
84a8187ffffffff-2023-01,2
84a8187ffffffff-2023-02,1
84a8187ffffffff-2023-09,3
84a8187ffffffff-2023-10,1
84a8189ffffffff-2022-09,3
84a818dffffffff-2012-02,1
84a818dffffffff-2022-11,1
84a818dffffffff-2023-11,1
84a8191ffffffff-2019-04,2
84a8191ffffffff-2019-10,10
84a8191ffffffff-2023-03,2
84a81a1ffffffff-2021-11,1
84a81a9ffffffff-2023-02,1
84a81abffffffff-2021-03,2
84a81abffffffff-2021-11,1
84a81abffffffff-2023-02,4
84a81b1ffffffff-2022-11,2
84a81b9ffffffff-2020-09,1
84a81bbffffffff-2023-04,1
84a81c7ffffffff-2016-11,3
84a81cdffffffff-2018-09,1
84a81cdffffffff-2018-10,1
84a81cdffffffff-2018-11,1
84a81cdffffffff-2021-09,3
84a81cdffffffff-2022-10,2
84a81cdffffffff-2022-11,1
84a81e1ffffffff-2020-01,5
84a81e1ffffffff-2020-02,5
84a81e1ffffffff-2023-03,5
84a81e3ffffffff-2020-11,2
84a81e3ffffffff-2020-12,5
84a81e3ffffffff-2021-01,2
84a81e3ffffffff-2021-11,14
84a81e3ffffffff-2022-11,18
84a81e3ffffffff-2022-12,2
84a81e3ffffffff-2023-11,2
84a81e9ffffffff-2018-09,1
84a81e9ffffffff-2018-10,4
84a81e9ffffffff-2019-01,7
84a81e9ffffffff-2019-10,4
84a81e9ffffffff-2019-11,7
84a81e9ffffffff-2021-01,1
84a81edffffffff-2016-09,4
84a81edffffffff-2020-03,15
84a81edffffffff-2021-09,1
84a81edffffffff-2022-11,1
84a81edffffffff-2023-01,1
84a824bffffffff-2023-10,1
84a8255ffffffff-2023-05,1
84a8255ffffffff-2023-10,2
84a8257ffffffff-2017-01,1
84a8257ffffffff-2017-12,2
84a8257ffffffff-2020-10,1
84a8257ffffffff-2022-01,1
84a8257ffffffff-2023-05,5
84a8257ffffffff-2023-11,3
84a8261ffffffff-2022-09,1
84a8267ffffffff-2022-01,1
84a826dffffffff-2023-08,1
84a82a7ffffffff-2014-12,1
84a82a7ffffffff-2023-11,4
84a82abffffffff-2019-02,1
84a82abffffffff-2019-11,1
84a82abffffffff-2020-09,1
84a82abffffffff-2022-09,1
84a82abffffffff-2022-10,2
84a82abffffffff-2023-01,1
84a82abffffffff-2023-02,1
84a82b1ffffffff-2021-01,1
84a82b7ffffffff-2021-04,1
84a82bdffffffff-2018-01,1
84a82bdffffffff-2018-04,1
84a82bdffffffff-2018-10,1
84a82bdffffffff-2018-12,2
84a82bdffffffff-2019-01,9
84a82bdffffffff-2019-02,2
84a82bdffffffff-2019-03,1
84a82bdffffffff-2019-04,2
84a82bdffffffff-2019-09,3
84a82bdffffffff-2019-10,1
84a82bdffffffff-2019-11,3
84a82bdffffffff-2019-12,2
84a82bdffffffff-2020-01,4
84a82bdffffffff-2020-08,3
84a82bdffffffff-2020-09,6
84a82bdffffffff-2020-10,1
84a82bdffffffff-2020-11,2
84a82bdffffffff-2020-12,1
84a82bdffffffff-2021-01,2
84a82bdffffffff-2021-02,4
84a82bdffffffff-2021-03,2
84a82bdffffffff-2021-10,2
84a82bdffffffff-2021-11,1
84a82bdffffffff-2021-12,1
84a82bdffffffff-2022-02,2
84a82bdffffffff-2022-04,2
84a82bdffffffff-2022-08,3
84a82bdffffffff-2022-09,1
84a82bdffffffff-2022-10,4
84a82bdffffffff-2022-11,2
84a82bdffffffff-2023-02,2
84a82bdffffffff-2023-03,2
84a82bdffffffff-2023-06,1
84a82bdffffffff-2023-08,1
84a82bdffffffff-2023-09,1
84a82bdffffffff-2023-10,4
84a82d1ffffffff-2023-11,1
84a82d3ffffffff-2022-10,1
84a82d7ffffffff-2022-12,1
84a82d7ffffffff-2023-02,1
84a82d7ffffffff-2023-07,1
84a82d9ffffffff-2021-02,1
84a82edffffffff-2023-10,1
84a8311ffffffff-2016-10,2
84a8311ffffffff-2023-09,2
84a8311ffffffff-2023-10,4
84a8311ffffffff-2023-11,2
84a8313ffffffff-2013-01,1
84a8313ffffffff-2016-10,1
84a8313ffffffff-2021-04,1
84a8313ffffffff-2023-08,1
84a8313ffffffff-2023-10,3
84a8313ffffffff-2023-11,2
84a8315ffffffff-2015-08,1
84a8315ffffffff-2015-10,1
84a8315ffffffff-2016-10,1
84a8315ffffffff-2016-12,1
84a8315ffffffff-2018-12,1
84a8315ffffffff-2020-01,1
84a8315ffffffff-2023-09,2
84a8315ffffffff-2023-10,7
84a8317ffffffff-2015-02,2
84a8317ffffffff-2016-10,1
84a8317ffffffff-2016-11,2
84a8317ffffffff-2022-08,1
84a831bffffffff-2015-02,1
84a831bffffffff-2015-05,1
84a831bffffffff-2017-03,5
84a831bffffffff-2018-03,3
84a831bffffffff-2018-12,2
84a831bffffffff-2019-02,3
84a831bffffffff-2019-04,4
84a831bffffffff-2020-05,1
84a831bffffffff-2020-10,3
84a831bffffffff-2020-11,2
84a831bffffffff-2021-03,1
84a831bffffffff-2021-11,1
84a831bffffffff-2021-12,4
84a831bffffffff-2022-01,5
84a831bffffffff-2022-02,1
84a831bffffffff-2022-03,2
84a831bffffffff-2022-04,2
84a831bffffffff-2022-08,1
84a831bffffffff-2022-09,1
84a831bffffffff-2022-10,5
84a831bffffffff-2022-11,8
84a831bffffffff-2022-12,2
84a831bffffffff-2023-01,10
84a831bffffffff-2023-02,2
84a831bffffffff-2023-03,8
84a831bffffffff-2023-07,1
84a831bffffffff-2023-09,2
84a831bffffffff-2023-10,4
84a831bffffffff-2023-11,3
84a8333ffffffff-2019-04,2
84a8333ffffffff-2022-05,1
84a8333ffffffff-2022-11,2
84a8337ffffffff-2017-04,4
84a8337ffffffff-2018-10,2
84a8337ffffffff-2019-12,1
84a8337ffffffff-2020-12,1
84a8337ffffffff-2022-05,1
84a8337ffffffff-2023-10,2
84a8337ffffffff-2023-11,1
84a833bffffffff-2017-12,1
84a833bffffffff-2022-06,1
84a834bffffffff-2014-03,1
84a834bffffffff-2015-09,2
84a834bffffffff-2015-10,1
84a834bffffffff-2015-12,2
84a834bffffffff-2016-10,1
84a834bffffffff-2017-09,1
84a834bffffffff-2018-01,1
84a834bffffffff-2019-01,1
84a834bffffffff-2019-10,1
84a834bffffffff-2020-01,1
84a834bffffffff-2020-05,2
84a834bffffffff-2020-08,1
84a834bffffffff-2020-10,2
84a834bffffffff-2021-09,1
84a834bffffffff-2021-10,7
84a834bffffffff-2021-12,1
84a834bffffffff-2022-03,3
84a834bffffffff-2022-05,1
84a834bffffffff-2022-09,7
84a834bffffffff-2022-10,10
84a834bffffffff-2022-11,1
84a834bffffffff-2023-01,2
84a834bffffffff-2023-02,3
84a834bffffffff-2023-04,1
84a834bffffffff-2023-09,4
84a834bffffffff-2023-10,6
84a834bffffffff-2023-11,1
84a8351ffffffff-2016-02,1
84a8351ffffffff-2016-12,1
84a8351ffffffff-2018-08,1
84a8351ffffffff-2020-09,1
84a8351ffffffff-2022-01,2
84a8351ffffffff-2022-11,1
84a8353ffffffff-2016-10,1
84a8353ffffffff-2019-11,2
84a8353ffffffff-2021-01,1
84a8357ffffffff-2016-02,1
84a8357ffffffff-2016-12,1
84a8357ffffffff-2017-03,3
84a8357ffffffff-2017-04,1
84a8357ffffffff-2017-10,1
84a8357ffffffff-2017-12,1
84a8357ffffffff-2019-01,1
84a8357ffffffff-2019-03,1
84a8357ffffffff-2019-04,1
84a8357ffffffff-2019-10,1
84a8357ffffffff-2019-12,1
84a8357ffffffff-2020-02,4
84a8357ffffffff-2020-03,2
84a8357ffffffff-2020-10,2
84a8357ffffffff-2021-04,1
84a8357ffffffff-2021-05,1
84a8357ffffffff-2021-11,2
84a8357ffffffff-2022-01,4
84a8357ffffffff-2022-02,1
84a8357ffffffff-2022-04,2
84a8357ffffffff-2022-05,1
84a8357ffffffff-2022-11,2
84a8357ffffffff-2022-12,2
84a8357ffffffff-2023-01,5
84a8357ffffffff-2023-02,2
84a8357ffffffff-2023-03,4
84a8357ffffffff-2023-10,3
84a8357ffffffff-2023-11,4
84a8359ffffffff-2016-10,1
84a8359ffffffff-2023-11,4
84a835bffffffff-2017-10,1
84a835bffffffff-2023-09,1
84a835dffffffff-2019-07,1
84a835dffffffff-2020-10,1
84a835dffffffff-2020-11,2
84a835dffffffff-2021-04,2
84a835dffffffff-2022-01,1
84a835dffffffff-2023-03,1
84a835dffffffff-2023-09,1
84a835dffffffff-2023-10,3
84a835dffffffff-2023-11,8
84a8403ffffffff-2017-11,1
84a8403ffffffff-2019-11,8
84a8403ffffffff-2022-09,4
84a8403ffffffff-2023-03,1
84a8403ffffffff-2023-08,6
84a8405ffffffff-2013-08,1
84a8405ffffffff-2013-09,2
84a8405ffffffff-2014-11,4
84a8405ffffffff-2019-09,1
84a8405ffffffff-2022-04,1
84a8405ffffffff-2023-11,1
84a840dffffffff-2015-10,2
84a840dffffffff-2016-10,1
84a840dffffffff-2017-08,1
84a840dffffffff-2017-09,2
84a840dffffffff-2018-09,8
84a840dffffffff-2019-01,2
84a840dffffffff-2019-09,5
84a840dffffffff-2021-10,1
84a840dffffffff-2022-02,7
84a840dffffffff-2022-09,2
84a840dffffffff-2023-04,4
84a840dffffffff-2023-09,2
84a840dffffffff-2023-11,6
84a8411ffffffff-2017-12,1
84a8411ffffffff-2020-10,2
84a8411ffffffff-2023-11,6
84a8413ffffffff-2021-10,2
84a8415ffffffff-2021-11,1
84a8417ffffffff-2023-11,11
84a842bffffffff-2014-08,1
84a842bffffffff-2022-11,1
84a842bffffffff-2023-08,1
84a842bffffffff-2023-10,2
84a844dffffffff-2023-08,1
84a8463ffffffff-2015-09,1
84a8463ffffffff-2020-10,1
84a8463ffffffff-2022-08,3
84a8463ffffffff-2022-09,2
84a8463ffffffff-2023-04,5
84a8463ffffffff-2023-09,4
84a8465ffffffff-2023-11,2
84a84edffffffff-2023-11,1
84a8527ffffffff-2019-11,2
84a8527ffffffff-2021-10,1
84a8559ffffffff-2016-10,1
84a8559ffffffff-2018-12,1
84a8559ffffffff-2020-02,1
84a8559ffffffff-2022-09,2
84a8559ffffffff-2022-12,1
84a8559ffffffff-2023-02,11
84a8559ffffffff-2023-03,7
84a8591ffffffff-2012-06,2
84a8591ffffffff-2012-10,4
84a8591ffffffff-2013-09,1
84a8591ffffffff-2014-08,1
84a8591ffffffff-2014-09,5
84a8591ffffffff-2014-10,1
84a8591ffffffff-2016-08,30
84a8591ffffffff-2016-09,7
84a8591ffffffff-2016-10,2
84a8591ffffffff-2017-09,9
84a8591ffffffff-2018-09,5
84a8591ffffffff-2018-10,12
84a8591ffffffff-2019-09,9
84a8591ffffffff-2019-10,12
84a8591ffffffff-2021-10,9
84a8591ffffffff-2021-11,4
84a8591ffffffff-2022-03,3
84a8591ffffffff-2022-07,3
84a8591ffffffff-2022-08,6
84a8591ffffffff-2022-09,56
84a8591ffffffff-2022-10,58
84a8591ffffffff-2023-03,9
84a8591ffffffff-2023-04,3
84a8591ffffffff-2023-06,32
84a8591ffffffff-2023-07,36
84a8591ffffffff-2023-08,18
84a8591ffffffff-2023-09,24
84a8591ffffffff-2023-10,13
84a8593ffffffff-2019-11,2
84a8599ffffffff-2021-10,4
84a8599ffffffff-2022-09,1
84a8599ffffffff-2022-10,7
84a859bffffffff-2022-10,5
84a85b3ffffffff-2023-08,1
84a85b3ffffffff-2023-09,1
84a85b3ffffffff-2023-11,2
84a85b9ffffffff-2023-10,1
84a85d3ffffffff-2013-09,8
84a85d3ffffffff-2015-10,1
84a85d3ffffffff-2016-02,1
84a85d3ffffffff-2017-09,5
84a85d3ffffffff-2018-08,1
84a85d3ffffffff-2018-09,2
84a85d3ffffffff-2019-08,1
84a85d3ffffffff-2019-09,16
84a85d3ffffffff-2019-10,20
84a85d3ffffffff-2020-11,1
84a85d3ffffffff-2021-09,1
84a85d3ffffffff-2022-08,37
84a85d3ffffffff-2022-09,14
84a85d3ffffffff-2022-10,9
84a85d3ffffffff-2023-08,34
84a85d3ffffffff-2023-09,28
84a85d3ffffffff-2023-10,6
84a85d7ffffffff-2019-08,1
84a85d7ffffffff-2019-09,2
84a8601ffffffff-2018-08,1
84a8605ffffffff-2016-09,1
84a8605ffffffff-2023-10,3
84a8615ffffffff-2022-09,5
84a8625ffffffff-2022-10,3
84a8639ffffffff-2021-09,1
84a8639ffffffff-2023-09,4
84a8651ffffffff-2021-08,1
84a865bffffffff-2014-12,2
84a865bffffffff-2015-02,4
84a865bffffffff-2016-11,1
84a865bffffffff-2017-01,2
84a865bffffffff-2018-04,3
84a865bffffffff-2018-08,6
84a865bffffffff-2019-07,1
84a865bffffffff-2019-11,5
84a865bffffffff-2020-02,1
84a865bffffffff-2020-11,2
84a865bffffffff-2021-02,3
84a865bffffffff-2021-06,5
84a865bffffffff-2021-07,4
84a865bffffffff-2021-10,2
84a865bffffffff-2022-07,4
84a865bffffffff-2022-10,2
84a865bffffffff-2022-11,2
84a865bffffffff-2023-01,3
84a865bffffffff-2023-06,3
84a865bffffffff-2023-07,4
84a865bffffffff-2023-09,1
84a8691ffffffff-2017-08,1
84a8691ffffffff-2021-08,1
84a8691ffffffff-2022-07,3
84a86bdffffffff-2023-10,1
84a871bffffffff-2022-09,1
84a8737ffffffff-2017-08,2
84a8737ffffffff-2019-09,2
84a8831ffffffff-2021-04,1
84a8831ffffffff-2022-11,1
84a884bffffffff-2023-09,4
84a8865ffffffff-2018-02,1
84a8865ffffffff-2021-12,1
84a88c5ffffffff-2021-02,1
84a88c5ffffffff-2021-06,2
84a88cbffffffff-2020-11,2
84a88cbffffffff-2023-11,2
84a88cdffffffff-2013-03,1
84a88cdffffffff-2014-12,1
84a88cdffffffff-2015-04,1
84a88cdffffffff-2015-09,1
84a88cdffffffff-2016-10,2
84a88cdffffffff-2017-03,1
84a88cdffffffff-2017-09,1
84a88cdffffffff-2017-10,1
84a88cdffffffff-2018-04,1
84a88cdffffffff-2018-10,2
84a88cdffffffff-2018-12,1
84a88cdffffffff-2020-03,1
84a88cdffffffff-2020-08,1
84a88cdffffffff-2020-10,1
84a88cdffffffff-2023-09,1
84a88d5ffffffff-2023-08,1
84a88ddffffffff-2022-11,4
84a88ddffffffff-2022-12,3
84a8915ffffffff-2022-03,1
84a8915ffffffff-2022-09,1
84a89e5ffffffff-2018-02,1
84a89e5ffffffff-2022-10,1
84a89edffffffff-2021-01,1
84a8a03ffffffff-2012-03,1
84a8a03ffffffff-2012-09,1
84a8a03ffffffff-2012-10,1
84a8a03ffffffff-2013-09,1
84a8a03ffffffff-2014-03,1
84a8a03ffffffff-2015-01,1
84a8a03ffffffff-2015-02,1
84a8a03ffffffff-2015-03,1
84a8a03ffffffff-2015-09,3
84a8a03ffffffff-2015-10,2
84a8a03ffffffff-2016-01,5
84a8a03ffffffff-2016-02,2
84a8a03ffffffff-2017-04,1
84a8a03ffffffff-2017-11,2
84a8a03ffffffff-2017-12,2
84a8a03ffffffff-2018-01,2
84a8a03ffffffff-2019-01,4
84a8a03ffffffff-2019-03,3
84a8a03ffffffff-2019-09,1
84a8a03ffffffff-2019-11,6
84a8a03ffffffff-2019-12,5
84a8a03ffffffff-2020-01,2
84a8a03ffffffff-2020-09,5
84a8a03ffffffff-2020-10,3
84a8a03ffffffff-2020-11,2
84a8a03ffffffff-2020-12,14
84a8a03ffffffff-2021-01,1
84a8a03ffffffff-2021-02,3
84a8a03ffffffff-2021-09,2
84a8a03ffffffff-2021-10,8
84a8a03ffffffff-2021-12,4
84a8a03ffffffff-2022-02,5
84a8a03ffffffff-2022-10,11
84a8a03ffffffff-2022-11,10
84a8a03ffffffff-2023-04,9
84a8a03ffffffff-2023-07,2
84a8a03ffffffff-2023-09,6
84a8a03ffffffff-2023-10,4
84a8a07ffffffff-2014-08,1
84a8a07ffffffff-2017-03,3
84a8a07ffffffff-2019-09,2
84a8a07ffffffff-2019-10,2
84a8a07ffffffff-2020-01,5
84a8a07ffffffff-2020-09,4
84a8a07ffffffff-2020-10,2
84a8a07ffffffff-2020-11,1
84a8a07ffffffff-2020-12,1
84a8a07ffffffff-2021-01,3
84a8a07ffffffff-2021-02,3
84a8a07ffffffff-2021-03,5
84a8a07ffffffff-2021-05,1
84a8a07ffffffff-2021-09,1
84a8a07ffffffff-2021-10,9
84a8a07ffffffff-2021-11,7
84a8a07ffffffff-2021-12,1
84a8a07ffffffff-2022-01,3
84a8a07ffffffff-2022-02,3
84a8a07ffffffff-2022-03,1
84a8a07ffffffff-2022-10,2
84a8a07ffffffff-2022-11,2
84a8a07ffffffff-2022-12,2
84a8a07ffffffff-2023-01,3
84a8a07ffffffff-2023-02,2
84a8a07ffffffff-2023-09,1
84a8a07ffffffff-2023-10,5
84a8a07ffffffff-2023-11,7
84a8a19ffffffff-2015-09,3
84a8a19ffffffff-2016-03,1
84a8a19ffffffff-2020-11,8
84a8a19ffffffff-2021-09,1
84a8a19ffffffff-2022-10,5
84a8a19ffffffff-2023-02,1
84a8a19ffffffff-2023-04,1
84a8a19ffffffff-2023-07,1
84a8a19ffffffff-2023-11,9
84a8a1bffffffff-2017-11,1
84a8a1bffffffff-2018-12,1
84a8a1bffffffff-2019-11,2
84a8a1bffffffff-2020-02,11
84a8a1bffffffff-2022-03,3
84a8a1bffffffff-2022-09,1
84a8a1bffffffff-2022-10,1
84a8a1bffffffff-2022-12,2
84a8a1bffffffff-2023-02,4
84a8a1bffffffff-2023-03,13
84a8a1bffffffff-2023-04,2
84a8a1bffffffff-2023-09,1
84a8a1bffffffff-2023-10,1
84a8a1bffffffff-2023-11,2
84a8a1dffffffff-2020-10,1
84a8a21ffffffff-2013-09,1
84a8a21ffffffff-2013-11,1
84a8a21ffffffff-2014-01,1
84a8a21ffffffff-2017-04,1
84a8a21ffffffff-2017-10,1
84a8a21ffffffff-2018-01,3
84a8a21ffffffff-2018-08,1
84a8a21ffffffff-2019-02,2
84a8a21ffffffff-2019-10,1
84a8a21ffffffff-2019-11,9
84a8a21ffffffff-2019-12,2
84a8a21ffffffff-2020-01,2
84a8a21ffffffff-2020-02,6
84a8a21ffffffff-2020-10,8
84a8a21ffffffff-2021-05,1
84a8a21ffffffff-2021-10,2
84a8a21ffffffff-2021-11,2
84a8a21ffffffff-2021-12,2
84a8a21ffffffff-2022-01,3
84a8a21ffffffff-2022-02,3
84a8a21ffffffff-2022-03,1
84a8a21ffffffff-2022-04,2
84a8a21ffffffff-2022-06,2
84a8a21ffffffff-2022-08,2
84a8a21ffffffff-2022-10,5
84a8a21ffffffff-2022-11,9
84a8a21ffffffff-2022-12,4
84a8a21ffffffff-2023-02,7
84a8a21ffffffff-2023-04,2
84a8a21ffffffff-2023-10,3
84a8a25ffffffff-2013-10,1
84a8a25ffffffff-2015-01,2
84a8a25ffffffff-2015-11,1
84a8a25ffffffff-2016-01,1
84a8a25ffffffff-2016-02,1
84a8a25ffffffff-2016-10,1
84a8a25ffffffff-2016-12,2
84a8a25ffffffff-2017-01,1
84a8a25ffffffff-2017-02,1
84a8a25ffffffff-2017-03,1
84a8a25ffffffff-2017-09,3
84a8a25ffffffff-2017-10,3
84a8a25ffffffff-2017-12,2
84a8a25ffffffff-2018-01,1
84a8a25ffffffff-2018-03,1
84a8a25ffffffff-2018-09,1
84a8a25ffffffff-2018-10,1
84a8a25ffffffff-2018-12,3
84a8a25ffffffff-2019-03,1
84a8a25ffffffff-2019-12,12
84a8a25ffffffff-2020-01,1
84a8a25ffffffff-2020-02,3
84a8a25ffffffff-2020-09,2
84a8a25ffffffff-2020-10,2
84a8a25ffffffff-2021-01,2
84a8a25ffffffff-2021-03,5
84a8a25ffffffff-2021-10,1
84a8a25ffffffff-2021-11,5
84a8a25ffffffff-2022-01,2
84a8a25ffffffff-2022-02,1
84a8a25ffffffff-2022-03,2
84a8a25ffffffff-2022-05,1
84a8a25ffffffff-2022-07,6
84a8a25ffffffff-2022-08,2
84a8a25ffffffff-2022-11,1
84a8a25ffffffff-2023-02,6
84a8a25ffffffff-2023-03,4
84a8a25ffffffff-2023-06,1
84a8a25ffffffff-2023-07,1
84a8a25ffffffff-2023-09,7
84a8a25ffffffff-2023-11,4
84a8a2bffffffff-2012-12,1
84a8a2bffffffff-2014-01,1
84a8a2bffffffff-2014-09,1
84a8a2bffffffff-2014-10,1
84a8a2bffffffff-2015-10,1
84a8a2bffffffff-2015-11,1
84a8a2bffffffff-2015-12,1
84a8a2bffffffff-2016-10,1
84a8a2bffffffff-2016-11,3
84a8a2bffffffff-2017-03,2
84a8a2bffffffff-2017-11,2
84a8a2bffffffff-2017-12,1
84a8a2bffffffff-2018-01,4
84a8a2bffffffff-2018-09,2
84a8a2bffffffff-2019-08,2
84a8a2bffffffff-2019-09,3
84a8a2bffffffff-2019-10,5
84a8a2bffffffff-2019-11,11
84a8a2bffffffff-2019-12,8
84a8a2bffffffff-2020-01,14
84a8a2bffffffff-2020-02,1
84a8a2bffffffff-2020-03,4
84a8a2bffffffff-2020-09,8
84a8a2bffffffff-2020-11,9
84a8a2bffffffff-2020-12,5
84a8a2bffffffff-2021-01,9
84a8a2bffffffff-2021-02,4
84a8a2bffffffff-2021-03,2
84a8a2bffffffff-2021-04,2
84a8a2bffffffff-2021-09,1
84a8a2bffffffff-2021-10,4
84a8a2bffffffff-2021-11,7
84a8a2bffffffff-2021-12,10
84a8a2bffffffff-2022-01,6
84a8a2bffffffff-2022-02,1
84a8a2bffffffff-2022-03,2
84a8a2bffffffff-2022-09,9
84a8a2bffffffff-2022-10,4
84a8a2bffffffff-2022-11,10
84a8a2bffffffff-2022-12,6
84a8a2bffffffff-2023-01,4
84a8a2bffffffff-2023-02,2
84a8a2bffffffff-2023-08,2
84a8a2bffffffff-2023-09,3
84a8a2bffffffff-2023-11,4
84a8a2dffffffff-2014-03,1
84a8a2dffffffff-2014-11,1
84a8a2dffffffff-2017-09,1
84a8a2dffffffff-2018-01,1
84a8a2dffffffff-2019-02,2
84a8a3dffffffff-2021-10,2
84a8a3dffffffff-2021-11,6
84a8a3dffffffff-2023-10,3
84a8a53ffffffff-2023-10,5
84a8a53ffffffff-2023-11,1
84a8a85ffffffff-2023-10,1
84a8a8bffffffff-2019-11,2
84a8a95ffffffff-2023-09,1
84a8aadffffffff-2017-11,1
84a8aadffffffff-2017-12,1
84a8ab1ffffffff-2022-04,1
84a8ab1ffffffff-2023-04,1
84a8ab9ffffffff-2022-04,4
84a8ab9ffffffff-2022-11,1
84a8ab9ffffffff-2023-01,1
84a8ab9ffffffff-2023-02,1
84a8ab9ffffffff-2023-03,2
84a8ab9ffffffff-2023-04,4
84a8ab9ffffffff-2023-06,6
84a8ab9ffffffff-2023-07,7
84a8ab9ffffffff-2023-11,1
84a8ac1ffffffff-2018-01,1
84a8acbffffffff-2023-02,2
84a8acbffffffff-2023-03,1
84a8b11ffffffff-2022-11,2
84a8b17ffffffff-2016-05,1
84a8b17ffffffff-2016-08,1
84a8b17ffffffff-2018-12,1
84a8b17ffffffff-2020-10,1
84a8b17ffffffff-2020-11,3
84a8b17ffffffff-2020-12,4
84a8b17ffffffff-2021-06,1
84a8b17ffffffff-2021-08,1
84a8b17ffffffff-2021-10,1
84a8b17ffffffff-2022-03,1
84a8b17ffffffff-2022-04,10
84a8b17ffffffff-2022-12,1
84a8b17ffffffff-2023-04,2
84a8b17ffffffff-2023-07,1
84a8b1bffffffff-2022-10,2
84a8c01ffffffff-2016-08,1
84a8c01ffffffff-2016-10,1
84a8c01ffffffff-2016-11,1
84a8c01ffffffff-2017-01,1
84a8c01ffffffff-2017-07,1
84a8c01ffffffff-2017-09,1
84a8c01ffffffff-2017-12,1
84a8c01ffffffff-2019-03,2
84a8c01ffffffff-2019-11,4
84a8c01ffffffff-2020-01,1
84a8c01ffffffff-2020-10,9
84a8c01ffffffff-2020-11,4
84a8c01ffffffff-2020-12,2
84a8c01ffffffff-2021-09,5
84a8c01ffffffff-2023-01,6
84a8c01ffffffff-2023-02,1
84a8c01ffffffff-2023-10,4
84a8c01ffffffff-2023-11,5
84a8c25ffffffff-2023-02,1
84a8c25ffffffff-2023-03,1
84a8c25ffffffff-2023-04,1
84a8c27ffffffff-2015-11,1
84a8c27ffffffff-2020-10,3
84a8c27ffffffff-2022-10,7
84a8c27ffffffff-2023-11,2
84a8c9bffffffff-2022-09,3
84a8d19ffffffff-2018-03,2
84a8d19ffffffff-2021-10,2
84a8d19ffffffff-2023-11,2
84a8d35ffffffff-2021-10,1
84a8d35ffffffff-2023-04,2
84a8d35ffffffff-2023-10,5
84a8d41ffffffff-2020-02,3
84a8db3ffffffff-2020-10,1
84a8db5ffffffff-2015-10,1
84a8dddffffffff-2021-09,1
84a8de9ffffffff-2019-11,3
84a8e43ffffffff-2022-04,1
84a8e43ffffffff-2023-03,1
84a8e43ffffffff-2023-04,1
84a8e4bffffffff-2021-03,8
84a8e4bffffffff-2021-07,1
84a8e4bffffffff-2021-12,1
84a8e4bffffffff-2022-10,1
84a8e4bffffffff-2023-03,1
84a8f6bffffffff-2015-12,1
84a9003ffffffff-2019-10,1
84a9003ffffffff-2020-03,1
84a9003ffffffff-2020-09,1
84a9003ffffffff-2021-04,2
84a9003ffffffff-2022-04,3
84a9003ffffffff-2023-05,2
84a900bffffffff-2020-10,1
84a9011ffffffff-2023-01,1
84a9011ffffffff-2023-02,3
84a9013ffffffff-2020-10,4
84a9013ffffffff-2022-02,1
84a9013ffffffff-2022-03,1
84a9013ffffffff-2023-10,2
84a9017ffffffff-2023-10,1
84a901dffffffff-2022-03,2
84a901dffffffff-2022-04,2
84a901dffffffff-2022-05,1
84a9031ffffffff-2018-02,1
84a9031ffffffff-2018-07,2
84a9031ffffffff-2018-09,1
84a9031ffffffff-2019-01,1
84a9031ffffffff-2019-10,2
84a9031ffffffff-2020-05,5
84a9031ffffffff-2020-06,5
84a9031ffffffff-2020-07,1
84a9031ffffffff-2020-08,1
84a9031ffffffff-2020-10,10
84a9031ffffffff-2021-06,7
84a9031ffffffff-2022-07,1
84a9031ffffffff-2023-02,1
84a9031ffffffff-2023-07,3
84a9033ffffffff-2018-03,1
84a9033ffffffff-2020-01,2
84a9033ffffffff-2020-02,4
84a9033ffffffff-2020-03,3
84a9033ffffffff-2021-04,1
84a9033ffffffff-2021-08,1
84a9033ffffffff-2021-11,3
84a9033ffffffff-2021-12,1
84a9033ffffffff-2022-01,4
84a9033ffffffff-2022-02,5
84a9033ffffffff-2022-11,1
84a9033ffffffff-2022-12,3
84a9033ffffffff-2023-01,1
84a9037ffffffff-2022-03,1
84a9039ffffffff-2019-01,1
84a9039ffffffff-2019-09,1
84a9039ffffffff-2019-10,2
84a9039ffffffff-2020-06,11
84a9039ffffffff-2020-07,1
84a9039ffffffff-2020-09,4
84a9039ffffffff-2021-04,1
84a9039ffffffff-2022-04,1
84a9039ffffffff-2023-05,2
84a9039ffffffff-2023-10,1
84a9039ffffffff-2023-11,3
84a903bffffffff-2020-09,1
84a903bffffffff-2020-11,1
84a903bffffffff-2022-01,1
84a903bffffffff-2023-11,2
84a9051ffffffff-2012-11,3
84a9051ffffffff-2013-10,1
84a9051ffffffff-2013-12,18
84a9051ffffffff-2014-01,5
84a9051ffffffff-2014-09,2
84a9051ffffffff-2015-03,3
84a9051ffffffff-2015-04,1
84a9051ffffffff-2015-05,6
84a9051ffffffff-2015-11,4
84a9051ffffffff-2015-12,1
84a9051ffffffff-2016-03,1
84a9051ffffffff-2016-04,2
84a9051ffffffff-2016-05,5
84a9051ffffffff-2016-08,1
84a9051ffffffff-2016-10,2
84a9051ffffffff-2016-11,11
84a9051ffffffff-2017-01,6
84a9051ffffffff-2017-02,1
84a9051ffffffff-2017-09,1
84a9051ffffffff-2017-10,33
84a9051ffffffff-2017-11,5
84a9051ffffffff-2018-01,1
84a9051ffffffff-2018-10,1
84a9051ffffffff-2018-11,5
84a9051ffffffff-2019-01,11
84a9051ffffffff-2019-03,4
84a9051ffffffff-2019-09,1
84a9051ffffffff-2019-10,6
84a9051ffffffff-2019-11,13
84a9051ffffffff-2020-02,2
84a9051ffffffff-2020-04,1
84a9051ffffffff-2020-06,1
84a9051ffffffff-2020-08,2
84a9051ffffffff-2020-09,19
84a9051ffffffff-2020-10,13
84a9051ffffffff-2020-11,19
84a9051ffffffff-2021-01,2
84a9051ffffffff-2021-02,3
84a9051ffffffff-2021-04,10
84a9051ffffffff-2021-05,7
84a9051ffffffff-2021-07,1
84a9051ffffffff-2021-09,4
84a9051ffffffff-2021-10,40
84a9051ffffffff-2021-11,22
84a9051ffffffff-2021-12,15
84a9051ffffffff-2022-01,13
84a9051ffffffff-2022-02,8
84a9051ffffffff-2022-03,6
84a9051ffffffff-2022-04,4
84a9051ffffffff-2022-05,1
84a9051ffffffff-2022-06,4
84a9051ffffffff-2022-07,3
84a9051ffffffff-2022-08,1
84a9051ffffffff-2022-09,4
84a9051ffffffff-2022-10,25
84a9051ffffffff-2022-11,47
84a9051ffffffff-2022-12,7
84a9051ffffffff-2023-01,16
84a9051ffffffff-2023-02,1
84a9051ffffffff-2023-03,16
84a9051ffffffff-2023-04,2
84a9051ffffffff-2023-05,6
84a9051ffffffff-2023-07,9
84a9051ffffffff-2023-08,12
84a9051ffffffff-2023-09,2
84a9051ffffffff-2023-10,12
84a9051ffffffff-2023-11,10
84a9053ffffffff-2016-12,1
84a9053ffffffff-2020-10,2
84a9057ffffffff-2012-07,1
84a9057ffffffff-2013-12,4
84a9057ffffffff-2014-10,1
84a9057ffffffff-2015-11,5
84a9057ffffffff-2015-12,3
84a9057ffffffff-2016-10,2
84a9057ffffffff-2016-11,3
84a9057ffffffff-2017-01,4
84a9057ffffffff-2017-10,5
84a9057ffffffff-2017-11,6
84a9057ffffffff-2018-11,2
84a9057ffffffff-2019-10,3
84a9057ffffffff-2019-11,4
84a9057ffffffff-2020-02,3
84a9057ffffffff-2020-06,2
84a9057ffffffff-2020-09,4
84a9057ffffffff-2020-10,6
84a9057ffffffff-2020-11,5
84a9057ffffffff-2021-03,1
84a9057ffffffff-2021-04,5
84a9057ffffffff-2021-09,1
84a9057ffffffff-2021-10,5
84a9057ffffffff-2021-11,4
84a9057ffffffff-2022-01,1
84a9057ffffffff-2022-03,3
84a9057ffffffff-2022-04,1
84a9057ffffffff-2022-09,1
84a9057ffffffff-2022-10,8
84a9057ffffffff-2022-11,7
84a9057ffffffff-2022-12,2
84a9057ffffffff-2023-01,14
84a9057ffffffff-2023-03,4
84a9057ffffffff-2023-04,1
84a9057ffffffff-2023-09,2
84a9057ffffffff-2023-10,3
84a9059ffffffff-2022-12,1
84a905bffffffff-2023-01,1
84a9095ffffffff-2018-01,2
84a9095ffffffff-2018-09,2
84a9095ffffffff-2023-02,2
84a909bffffffff-2016-09,1
84a909bffffffff-2018-09,1
84a909dffffffff-2016-12,1
84a909dffffffff-2017-03,1
84a909dffffffff-2017-11,1
84a909dffffffff-2018-01,2
84a909dffffffff-2018-04,1
84a90a3ffffffff-2015-12,1
84a90b9ffffffff-2022-02,1
84a90b9ffffffff-2023-01,1
84a90bbffffffff-2018-01,2
84a90bbffffffff-2022-12,1
84a90c1ffffffff-2018-03,1
84a90e7ffffffff-2022-10,2
84a90e9ffffffff-2020-10,2
84a90e9ffffffff-2022-10,4
84a90edffffffff-2020-10,1
84a9181ffffffff-2013-01,1
84a9181ffffffff-2013-11,2
84a9181ffffffff-2017-01,1
84a9181ffffffff-2017-02,1
84a9181ffffffff-2017-03,1
84a9181ffffffff-2019-02,2
84a9181ffffffff-2020-01,1
84a9181ffffffff-2020-10,2
84a9181ffffffff-2020-11,1
84a9181ffffffff-2021-05,1
84a9181ffffffff-2021-11,5
84a9181ffffffff-2021-12,2
84a9181ffffffff-2022-02,1
84a9181ffffffff-2022-10,1
84a9181ffffffff-2022-11,2
84a9181ffffffff-2022-12,9
84a9181ffffffff-2023-04,4
84a9181ffffffff-2023-10,4
84a9187ffffffff-2012-01,1
84a9187ffffffff-2016-05,1
84a9187ffffffff-2021-12,2
84a9187ffffffff-2022-03,1
84a9187ffffffff-2022-12,1
84a9187ffffffff-2023-01,3
84a9187ffffffff-2023-02,1
84a9187ffffffff-2023-11,1
84a918bffffffff-2013-03,3
84a918bffffffff-2013-04,3
84a918bffffffff-2013-05,1
84a918bffffffff-2013-06,6
84a918bffffffff-2013-09,3
84a918bffffffff-2013-10,3
84a918bffffffff-2013-11,3
84a918bffffffff-2013-12,3
84a918bffffffff-2014-01,3
84a918bffffffff-2014-02,3
84a918bffffffff-2014-03,3
84a918bffffffff-2014-04,5
84a918bffffffff-2014-07,3
84a918bffffffff-2014-12,3
84a918bffffffff-2015-12,1
84a918bffffffff-2016-01,2
84a918bffffffff-2016-02,1
84a918bffffffff-2016-04,3
84a918bffffffff-2017-01,1
84a918bffffffff-2017-02,1
84a918bffffffff-2018-01,1
84a918bffffffff-2019-01,1
84a918bffffffff-2021-03,2
84a918bffffffff-2021-04,1
84a918bffffffff-2022-04,2
84a918bffffffff-2023-01,1
84a918bffffffff-2023-10,1
84a91b1ffffffff-2018-01,1
84a91b5ffffffff-2014-02,1
84a91b5ffffffff-2015-02,2
84a91b5ffffffff-2015-08,1
84a91b5ffffffff-2015-10,1
84a91b5ffffffff-2016-10,1
84a91b5ffffffff-2017-02,1
84a91b5ffffffff-2017-03,1
84a91b5ffffffff-2019-10,1
84a91b5ffffffff-2019-11,2
84a91b5ffffffff-2020-02,2
84a91b5ffffffff-2020-03,1
84a91b5ffffffff-2021-11,2
84a91b5ffffffff-2022-01,1
84a91b5ffffffff-2022-04,2
84a91b5ffffffff-2022-08,3
84a91b5ffffffff-2022-10,2
84a91b5ffffffff-2023-03,3
84a91b5ffffffff-2023-09,5
84a91b5ffffffff-2023-10,7
84a91b5ffffffff-2023-11,1
84a91b7ffffffff-2013-08,1
84a91b7ffffffff-2016-09,1
84a91b7ffffffff-2016-11,1
84a91b7ffffffff-2017-08,3
84a91b7ffffffff-2018-09,2
84a91b7ffffffff-2019-04,1
84a91b7ffffffff-2019-10,1
84a91b7ffffffff-2021-01,1
84a91b7ffffffff-2021-02,1
84a91b7ffffffff-2021-05,2
84a91b7ffffffff-2021-11,6
84a91b7ffffffff-2021-12,2
84a91b7ffffffff-2022-02,2
84a91b7ffffffff-2022-04,1
84a91b7ffffffff-2022-06,1
84a91b7ffffffff-2022-07,3
84a91b7ffffffff-2022-08,3
84a91b7ffffffff-2022-10,2
84a91b7ffffffff-2022-11,5
84a91b7ffffffff-2023-02,9
84a91b7ffffffff-2023-03,1
84a91b7ffffffff-2023-04,5
84a91b7ffffffff-2023-05,4
84a91b7ffffffff-2023-06,2
84a91b7ffffffff-2023-08,2
84a91b7ffffffff-2023-09,2
84a91b7ffffffff-2023-10,13
84a91b7ffffffff-2023-11,12
84a91bdffffffff-2020-08,1
84a91bdffffffff-2021-03,1
84a91bdffffffff-2022-01,5
84a91bdffffffff-2022-02,1
84a91bdffffffff-2022-03,1
84a91bdffffffff-2022-11,1
84a91bdffffffff-2022-12,1
84a91bdffffffff-2023-01,1
84a91bdffffffff-2023-04,1
84a91d5ffffffff-2022-12,1
84a91d5ffffffff-2023-01,2
84a91d5ffffffff-2023-06,1
84a91d7ffffffff-2016-04,1
84a91d7ffffffff-2023-03,1
84a91ddffffffff-2016-03,1
84a9213ffffffff-2016-03,1
84a9213ffffffff-2016-09,1
84a9213ffffffff-2016-10,2
84a9213ffffffff-2016-11,4
84a9213ffffffff-2017-02,1
84a9213ffffffff-2017-10,1
84a9213ffffffff-2017-12,2
84a9213ffffffff-2018-01,1
84a9213ffffffff-2018-02,2
84a9213ffffffff-2018-05,1
84a9213ffffffff-2019-01,3
84a9213ffffffff-2021-09,3
84a9213ffffffff-2021-10,5
84a9213ffffffff-2021-11,1
84a9213ffffffff-2022-02,1
84a9213ffffffff-2022-04,1
84a9213ffffffff-2022-10,1
84a9213ffffffff-2022-11,3
84a9213ffffffff-2022-12,2
84a9213ffffffff-2023-11,4
84a9217ffffffff-2013-12,1
84a9217ffffffff-2015-08,1
84a9217ffffffff-2015-09,2
84a9217ffffffff-2016-09,2
84a9217ffffffff-2016-10,1
84a9217ffffffff-2017-02,1
84a9217ffffffff-2017-09,1
84a9217ffffffff-2017-10,4
84a9217ffffffff-2017-11,4
84a9217ffffffff-2018-01,1
84a9217ffffffff-2018-10,1
84a9217ffffffff-2018-11,1
84a9217ffffffff-2019-08,1
84a9217ffffffff-2019-10,1
84a9217ffffffff-2020-01,2
84a9217ffffffff-2020-10,9
84a9217ffffffff-2021-06,1
84a9217ffffffff-2021-10,3
84a9217ffffffff-2021-11,4
84a9217ffffffff-2022-01,2
84a9217ffffffff-2022-03,1
84a9217ffffffff-2022-04,1
84a9217ffffffff-2022-09,1
84a9217ffffffff-2022-10,3
84a9217ffffffff-2022-11,8
84a9217ffffffff-2022-12,3
84a9217ffffffff-2023-02,2
84a9217ffffffff-2023-04,1
84a9217ffffffff-2023-09,4
84a9217ffffffff-2023-10,10
84a9217ffffffff-2023-11,4
84a921bffffffff-2021-12,2
84a921bffffffff-2022-01,1
84a921bffffffff-2022-02,1
84a921bffffffff-2023-01,1
84a921bffffffff-2023-03,1
84a921bffffffff-2023-08,2
84a921bffffffff-2023-10,2
84a9293ffffffff-2022-01,1
84a9293ffffffff-2022-02,1
84a9293ffffffff-2022-11,2
84a9297ffffffff-2020-10,1
84a92a5ffffffff-2019-01,1
84a92a5ffffffff-2020-01,1
84a92c5ffffffff-2015-10,2
84a92c5ffffffff-2020-12,2
84a92c9ffffffff-2021-11,1
84a92cbffffffff-2015-12,1
84a92cbffffffff-2020-10,3
84a92cbffffffff-2020-11,5
84a92cbffffffff-2022-10,6
84a92cbffffffff-2023-02,2
84a92cbffffffff-2023-03,2
84a92cbffffffff-2023-11,1
84a92cdffffffff-2017-12,2
84a92d1ffffffff-2016-10,1
84a92d1ffffffff-2019-11,4
84a92d1ffffffff-2021-11,1
84a92d1ffffffff-2021-12,1
84a92d1ffffffff-2022-12,1
84a92d1ffffffff-2023-01,3
84a92d7ffffffff-2019-02,1
84a92d7ffffffff-2022-02,1
84a92d7ffffffff-2022-12,1
84a92d7ffffffff-2023-11,2
84a92d9ffffffff-2020-02,1
84a92d9ffffffff-2021-10,7
84a92d9ffffffff-2021-11,3
84a92d9ffffffff-2022-01,1
84a92d9ffffffff-2022-02,3
84a92d9ffffffff-2022-10,5
84a92d9ffffffff-2022-11,2
84a92d9ffffffff-2023-09,4
84a92d9ffffffff-2023-11,4
84a92e1ffffffff-2016-09,3
84a92e1ffffffff-2016-10,1
84a92e1ffffffff-2018-09,3
84a92e1ffffffff-2018-11,2
84a92e1ffffffff-2018-12,1
84a92e1ffffffff-2019-01,1
84a92e1ffffffff-2019-05,1
84a92e1ffffffff-2019-08,1
84a92e1ffffffff-2019-10,5
84a92e1ffffffff-2020-01,1
84a92e1ffffffff-2020-02,2
84a92e1ffffffff-2020-09,2
84a92e1ffffffff-2020-10,6
84a92e1ffffffff-2020-11,2
84a92e1ffffffff-2020-12,2
84a92e1ffffffff-2021-10,1
84a92e1ffffffff-2021-11,1
84a92e1ffffffff-2022-04,1
84a92e1ffffffff-2022-09,1
84a92e1ffffffff-2022-10,1
84a92e1ffffffff-2022-11,6
84a92e1ffffffff-2023-01,1
84a92e1ffffffff-2023-02,2
84a92e1ffffffff-2023-03,1
84a92e1ffffffff-2023-04,6
84a92e1ffffffff-2023-05,3
84a92e1ffffffff-2023-08,1
84a92e1ffffffff-2023-10,9
84a92e1ffffffff-2023-11,17
84a92e5ffffffff-2012-11,1
84a92e5ffffffff-2012-12,1
84a92e5ffffffff-2013-01,1
84a92e5ffffffff-2023-10,1
84a92e9ffffffff-2016-10,3
84a92e9ffffffff-2017-02,1
84a92e9ffffffff-2017-10,1
84a92e9ffffffff-2018-01,2
84a92e9ffffffff-2018-05,1
84a92e9ffffffff-2018-08,2
84a92e9ffffffff-2018-10,1
84a92e9ffffffff-2018-12,1
84a92e9ffffffff-2019-04,3
84a92e9ffffffff-2020-04,1
84a92e9ffffffff-2020-10,22
84a92e9ffffffff-2021-01,2
84a92e9ffffffff-2021-03,1
84a92e9ffffffff-2021-09,4
84a92e9ffffffff-2021-10,4
84a92e9ffffffff-2021-11,7
84a92e9ffffffff-2021-12,1
84a92e9ffffffff-2022-01,1
84a92e9ffffffff-2022-02,1
84a92e9ffffffff-2022-06,1
84a92e9ffffffff-2022-07,2
84a92e9ffffffff-2022-08,1
84a92e9ffffffff-2022-09,2
84a92e9ffffffff-2022-10,12
84a92e9ffffffff-2022-11,11
84a92e9ffffffff-2022-12,4
84a92e9ffffffff-2023-01,5
84a92e9ffffffff-2023-03,3
84a92e9ffffffff-2023-04,2
84a92e9ffffffff-2023-05,5
84a92e9ffffffff-2023-07,1
84a92e9ffffffff-2023-10,11
84a92e9ffffffff-2023-11,13
84a92ebffffffff-2020-12,2
84a92ebffffffff-2022-12,1
84a92ebffffffff-2023-10,1
84a92ebffffffff-2023-11,1
84a92edffffffff-2018-11,1
84a92edffffffff-2020-10,2
84a92edffffffff-2021-12,2
84a92edffffffff-2023-07,3
84a9407ffffffff-2021-01,1
84a940dffffffff-2017-07,1
84a940dffffffff-2018-12,1
84a9411ffffffff-2017-09,1
84a9411ffffffff-2018-03,6
84a9411ffffffff-2018-10,2
84a9411ffffffff-2019-10,19
84a9411ffffffff-2019-11,3
84a9411ffffffff-2020-08,24
84a9411ffffffff-2020-09,35
84a9411ffffffff-2020-10,18
84a9411ffffffff-2021-02,2
84a9411ffffffff-2021-08,11
84a9411ffffffff-2021-09,18
84a9411ffffffff-2021-10,8
84a9411ffffffff-2021-11,1
84a9411ffffffff-2021-12,3
84a9411ffffffff-2022-01,1
84a9411ffffffff-2022-02,1
84a9411ffffffff-2022-08,6
84a9411ffffffff-2022-09,6
84a9411ffffffff-2022-10,3
84a9411ffffffff-2022-12,5
84a9411ffffffff-2023-02,14
84a9411ffffffff-2023-07,3
84a9411ffffffff-2023-10,6
84a9413ffffffff-2020-09,4
84a9413ffffffff-2022-11,3
84a9419ffffffff-2019-09,1
84a9419ffffffff-2020-10,5
84a9419ffffffff-2022-10,1
84a9419ffffffff-2022-12,2
84a9419ffffffff-2023-01,2
84a9419ffffffff-2023-10,1
84a941bffffffff-2017-08,2
84a9425ffffffff-2018-08,4
84a9425ffffffff-2020-11,2
84a9425ffffffff-2023-01,2
84a9429ffffffff-2015-07,1
84a9429ffffffff-2021-02,3
84a942bffffffff-2021-02,1
84a942bffffffff-2022-11,2
84a9431ffffffff-2017-10,2
84a9435ffffffff-2019-10,1
84a9435ffffffff-2020-09,1
84a9435ffffffff-2020-11,2
84a9435ffffffff-2023-04,1
84a9441ffffffff-2018-10,1
84a9441ffffffff-2020-01,1
84a9441ffffffff-2021-01,3
84a9441ffffffff-2021-09,5
84a9441ffffffff-2022-10,1
84a9441ffffffff-2022-11,3
84a9441ffffffff-2022-12,19
84a9441ffffffff-2023-02,1
84a9441ffffffff-2023-10,3
84a9441ffffffff-2023-11,2
84a9443ffffffff-2020-11,4
84a9443ffffffff-2022-12,3
84a9443ffffffff-2023-02,19
84a9443ffffffff-2023-08,6
84a9445ffffffff-2021-09,6
84a9445ffffffff-2021-11,2
84a9445ffffffff-2022-11,1
84a9447ffffffff-2022-12,2
84a9447ffffffff-2023-01,2
84a9447ffffffff-2023-10,1
84a9449ffffffff-2022-10,1
84a9449ffffffff-2022-12,3
84a9449ffffffff-2023-02,3
84a9449ffffffff-2023-10,3
84a944bffffffff-2022-09,6
84a944bffffffff-2022-10,3
84a944bffffffff-2023-10,1
84a9451ffffffff-2021-01,1
84a9451ffffffff-2023-03,1
84a9453ffffffff-2018-09,2
84a9453ffffffff-2020-08,1
84a9453ffffffff-2020-09,1
84a9453ffffffff-2020-10,5
84a9453ffffffff-2020-12,3
84a9453ffffffff-2021-04,1
84a9453ffffffff-2021-05,1
84a9453ffffffff-2021-06,1
84a9453ffffffff-2021-07,1
84a9453ffffffff-2021-08,2
84a9453ffffffff-2021-09,10
84a9453ffffffff-2021-10,3
84a9453ffffffff-2021-12,4
84a9453ffffffff-2022-01,3
84a9453ffffffff-2022-02,5
84a9453ffffffff-2022-03,3
84a9453ffffffff-2022-06,2
84a9453ffffffff-2022-08,1
84a9453ffffffff-2022-09,1
84a9453ffffffff-2022-12,3
84a9453ffffffff-2023-08,3
84a9453ffffffff-2023-10,1
84a9455ffffffff-2015-06,1
84a9455ffffffff-2021-07,2
84a9457ffffffff-2020-10,6
84a9461ffffffff-2013-09,1
84a9461ffffffff-2017-10,1
84a9461ffffffff-2020-09,1
84a9465ffffffff-2018-11,1
84a9465ffffffff-2019-11,1
84a9465ffffffff-2020-08,1
84a9465ffffffff-2020-09,5
84a9467ffffffff-2022-09,1
84a9469ffffffff-2023-08,1
84a946bffffffff-2022-02,1
84a946bffffffff-2022-09,2
84a946bffffffff-2023-01,2
84a948bffffffff-2022-09,2
84a948dffffffff-2020-09,1
84a94b3ffffffff-2017-08,4
84a94b7ffffffff-2020-09,1
84a94c1ffffffff-2022-09,2
84a94c7ffffffff-2018-08,2
84a94c7ffffffff-2022-09,3
84a94d5ffffffff-2019-10,1
84a94d5ffffffff-2023-02,2
84a94e5ffffffff-2013-10,3
84a94e5ffffffff-2015-02,3
84a94e5ffffffff-2015-09,8
84a94e5ffffffff-2015-10,1
84a94e5ffffffff-2015-11,1
84a94e5ffffffff-2015-12,2
84a94e5ffffffff-2016-07,3
84a94e5ffffffff-2016-09,34
84a94e5ffffffff-2016-10,20
84a94e5ffffffff-2016-11,5
84a94e5ffffffff-2016-12,2
84a94e5ffffffff-2017-08,2
84a94e5ffffffff-2017-09,29
84a94e5ffffffff-2017-10,10
84a94e5ffffffff-2017-11,6
84a94e5ffffffff-2017-12,3
84a94e5ffffffff-2018-08,1
84a94e5ffffffff-2018-09,7
84a94e5ffffffff-2019-02,2
84a94e5ffffffff-2019-08,4
84a94e5ffffffff-2019-09,24
84a94e5ffffffff-2019-10,12
84a94e5ffffffff-2019-11,5
84a94e5ffffffff-2019-12,4
84a94e5ffffffff-2020-01,1
84a94e5ffffffff-2020-02,4
84a94e5ffffffff-2020-03,3
84a94e5ffffffff-2020-08,58
84a94e5ffffffff-2020-09,156
84a94e5ffffffff-2020-10,65
84a94e5ffffffff-2020-11,25
84a94e5ffffffff-2021-03,7
84a94e5ffffffff-2021-04,1
84a94e5ffffffff-2021-08,39
84a94e5ffffffff-2021-09,85
84a94e5ffffffff-2021-10,21
84a94e5ffffffff-2021-11,18
84a94e5ffffffff-2021-12,1
84a94e5ffffffff-2022-01,10
84a94e5ffffffff-2022-02,3
84a94e5ffffffff-2022-03,4
84a94e5ffffffff-2022-08,18
84a94e5ffffffff-2022-09,44
84a94e5ffffffff-2022-10,9
84a94e5ffffffff-2022-12,3
84a94e5ffffffff-2023-01,3
84a94e5ffffffff-2023-02,9
84a94e5ffffffff-2023-03,8
84a94e5ffffffff-2023-04,1
84a94e5ffffffff-2023-08,3
84a94e5ffffffff-2023-09,10
84a94e5ffffffff-2023-10,30
84a94e5ffffffff-2023-11,4
84a94e7ffffffff-2021-09,3
84a94e7ffffffff-2021-12,1
84a94e9ffffffff-2020-10,3
84a94ebffffffff-2020-09,1
84a94edffffffff-2019-11,1
84a94edffffffff-2021-09,2
84a94edffffffff-2023-01,1
84a9521ffffffff-2021-10,1
84a9521ffffffff-2021-12,1
84a9521ffffffff-2022-10,1
84a9521ffffffff-2023-03,1
84a9521ffffffff-2023-09,2
84a9521ffffffff-2023-10,3
84a9521ffffffff-2023-11,1
84a9523ffffffff-2023-11,10
84a9527ffffffff-2022-02,1
84a9527ffffffff-2022-11,4
84a9527ffffffff-2022-12,4
84a9527ffffffff-2023-10,1
84a9531ffffffff-2020-10,1
84a9531ffffffff-2021-10,1
84a9531ffffffff-2022-01,1
84a9535ffffffff-2017-10,1
84a953bffffffff-2020-09,4
84a953bffffffff-2021-09,1
84a9549ffffffff-2020-09,1
84a955bffffffff-2017-09,2
84a955bffffffff-2020-11,2
84a955bffffffff-2022-10,1
84a955bffffffff-2023-02,4
84a9587ffffffff-2019-03,1
84a9599ffffffff-2018-09,2
84a9599ffffffff-2020-09,1
84a9599ffffffff-2021-09,6
84a9599ffffffff-2023-10,1
84a95c5ffffffff-2020-12,1
84a95c5ffffffff-2021-10,1
84a95c5ffffffff-2022-08,3
84a95c5ffffffff-2022-09,3
84a95cbffffffff-2023-02,1
84a95d1ffffffff-2016-08,1
84a95d1ffffffff-2018-08,1
84a95d1ffffffff-2023-07,2
84a95d3ffffffff-2015-04,3
84a95d9ffffffff-2018-09,6
84a95d9ffffffff-2019-08,1
84a95d9ffffffff-2020-09,3
84a95dbffffffff-2017-11,3
84a95e5ffffffff-2020-10,3
84a95edffffffff-2020-08,2
84a95edffffffff-2020-10,2
84a95edffffffff-2022-10,1
84a95edffffffff-2022-11,2
84a95edffffffff-2023-02,1
84a9607ffffffff-2020-03,1
84a9607ffffffff-2021-10,1
84a9607ffffffff-2022-09,3
84a9607ffffffff-2022-10,2
84a960bffffffff-2022-09,1
84a960bffffffff-2023-02,2
84a960bffffffff-2023-05,3
84a960bffffffff-2023-06,7
84a9611ffffffff-2018-04,2
84a9611ffffffff-2020-11,1
84a9611ffffffff-2021-10,10
84a9611ffffffff-2022-02,6
84a9611ffffffff-2023-02,2
84a9611ffffffff-2023-08,1
84a9611ffffffff-2023-09,1
84a9611ffffffff-2023-10,17
84a9611ffffffff-2023-11,1
84a9613ffffffff-2016-11,2
84a9613ffffffff-2021-09,7
84a9613ffffffff-2023-08,1
84a9613ffffffff-2023-10,4
84a9615ffffffff-2022-10,2
84a9615ffffffff-2023-02,3
84a9617ffffffff-2016-08,1
84a9617ffffffff-2017-09,2
84a9617ffffffff-2018-04,1
84a9617ffffffff-2020-03,3
84a9617ffffffff-2021-08,2
84a9619ffffffff-2020-10,2
84a9619ffffffff-2023-05,1
84a961dffffffff-2022-09,1
84a961dffffffff-2023-02,3
84a9621ffffffff-2018-09,1
84a9623ffffffff-2012-01,1
84a9623ffffffff-2020-03,1
84a9623ffffffff-2022-01,4
84a9623ffffffff-2022-09,1
84a9623ffffffff-2022-12,3
84a9623ffffffff-2023-01,1
84a9623ffffffff-2023-02,12
84a9623ffffffff-2023-03,3
84a9623ffffffff-2023-04,1
84a9623ffffffff-2023-10,2
84a9625ffffffff-2017-12,1
84a9625ffffffff-2022-11,8
84a9625ffffffff-2022-12,3
84a9627ffffffff-2012-01,6
84a9627ffffffff-2015-01,1
84a9627ffffffff-2015-02,1
84a9627ffffffff-2016-10,4
84a9627ffffffff-2016-12,1
84a9627ffffffff-2017-01,1
84a9627ffffffff-2018-01,4
84a9627ffffffff-2018-10,1
84a9627ffffffff-2020-03,2
84a9627ffffffff-2020-10,4
84a9627ffffffff-2020-12,6
84a9627ffffffff-2021-08,2
84a9627ffffffff-2022-08,1
84a9627ffffffff-2022-09,2
84a9627ffffffff-2022-10,4
84a9627ffffffff-2022-11,4
84a9627ffffffff-2022-12,7
84a9627ffffffff-2023-01,1
84a9627ffffffff-2023-02,4
84a9627ffffffff-2023-03,2
84a9627ffffffff-2023-04,2
84a9627ffffffff-2023-10,1
84a962bffffffff-2023-01,1
84a962bffffffff-2023-03,2
84a962bffffffff-2023-10,4
84a962dffffffff-2019-12,1
84a962dffffffff-2021-11,2
84a962dffffffff-2023-02,2
84a962dffffffff-2023-06,1
84a9633ffffffff-2020-10,2
84a9633ffffffff-2021-08,2
84a9635ffffffff-2022-10,3
84a9637ffffffff-2018-01,1
84a9637ffffffff-2022-12,1
84a963bffffffff-2023-02,3
84a963dffffffff-2018-01,1
84a963dffffffff-2018-11,1
84a963dffffffff-2021-09,2
84a963dffffffff-2021-10,2
84a963dffffffff-2022-09,1
84a9641ffffffff-2020-11,4
84a9645ffffffff-2020-10,3
84a9645ffffffff-2021-08,1
84a9645ffffffff-2023-11,9
84a9647ffffffff-2023-05,1
84a9649ffffffff-2022-01,6
84a9649ffffffff-2022-10,2
84a964dffffffff-2021-11,10
84a9653ffffffff-2018-06,1
84a9653ffffffff-2020-10,1
84a9653ffffffff-2021-10,1
84a9653ffffffff-2022-09,2
84a9653ffffffff-2023-01,2
84a9655ffffffff-2019-11,1
84a9657ffffffff-2020-08,1
84a9657ffffffff-2022-10,1
84a9659ffffffff-2023-08,2
84a965bffffffff-2022-11,1
84a965bffffffff-2023-01,1
84a965bffffffff-2023-02,2
84a965bffffffff-2023-06,1
84a9661ffffffff-2017-02,1
84a9661ffffffff-2023-02,4
84a9665ffffffff-2017-12,1
84a9683ffffffff-2018-02,1
84a9683ffffffff-2018-03,1
84a9685ffffffff-2017-08,1
84a9687ffffffff-2023-10,3
84a969dffffffff-2023-01,2
84a96a1ffffffff-2023-02,1
84a96a5ffffffff-2018-05,4
84a96a9ffffffff-2022-12,1
84a96adffffffff-2018-01,3
84a96adffffffff-2018-02,4
84a96adffffffff-2018-03,13
84a96adffffffff-2018-04,10
84a96adffffffff-2018-05,1
84a96adffffffff-2019-09,4
84a96adffffffff-2020-02,5
84a96adffffffff-2021-07,4
84a96adffffffff-2021-08,10
84a96adffffffff-2021-09,18
84a96adffffffff-2021-10,6
84a96adffffffff-2022-10,8
84a96adffffffff-2022-11,1
84a96adffffffff-2023-02,3
84a96adffffffff-2023-04,9
84a96adffffffff-2023-09,2
84a96b9ffffffff-2022-12,2
84a96bbffffffff-2023-03,1
84a96c1ffffffff-2021-10,2
84a96c7ffffffff-2021-10,2
84a96cdffffffff-2021-10,2
84a96d3ffffffff-2018-03,3
84a96d3ffffffff-2018-09,1
84a96d3ffffffff-2018-10,2
84a96d3ffffffff-2020-01,1
84a96d9ffffffff-2020-11,10
84a96e1ffffffff-2022-09,1
84a96e5ffffffff-2015-06,1
84a96e7ffffffff-2017-09,4
84a96e7ffffffff-2017-11,1
84a96e7ffffffff-2020-10,1
84a96e7ffffffff-2021-08,2
84a96e7ffffffff-2021-10,3
84a96e7ffffffff-2023-02,2
84a96e7ffffffff-2023-10,2
84a96e9ffffffff-2022-11,2
84a96edffffffff-2020-10,1
84a96edffffffff-2023-02,1
84a9725ffffffff-2020-10,2
84a9725ffffffff-2023-10,1
84a9745ffffffff-2022-03,1
84a9747ffffffff-2023-02,1
84a974dffffffff-2020-11,1
84a974dffffffff-2021-10,3
84a974dffffffff-2022-02,1
84a9753ffffffff-2020-11,2
84a9761ffffffff-2019-12,1
84a9765ffffffff-2014-09,1
84a9765ffffffff-2021-01,2
84a9765ffffffff-2021-11,4
84ad329ffffffff-2018-02,3
84ad329ffffffff-2018-03,2
84b2007ffffffff-2012-01,3
84b2007ffffffff-2012-02,3
84b2007ffffffff-2014-02,2
84b2007ffffffff-2014-09,2
84b2007ffffffff-2015-02,1
84b2007ffffffff-2015-09,1
84b2007ffffffff-2017-04,7
84b2007ffffffff-2018-01,1
84b2007ffffffff-2019-03,2
84b2007ffffffff-2020-01,3
84b2007ffffffff-2020-02,4
84b2007ffffffff-2020-10,1
84b2007ffffffff-2020-11,4
84b2007ffffffff-2020-12,4
84b2007ffffffff-2021-01,1
84b2007ffffffff-2021-02,5
84b2007ffffffff-2021-03,3
84b2007ffffffff-2022-02,15
84b2007ffffffff-2022-05,2
84b2007ffffffff-2022-09,4
84b2007ffffffff-2022-10,3
84b2007ffffffff-2023-02,6
84b2007ffffffff-2023-04,3
84b2015ffffffff-2023-02,2
84b2015ffffffff-2023-03,1
84b2031ffffffff-2022-02,6
84b2031ffffffff-2023-02,5
84b2037ffffffff-2014-09,2
84b2037ffffffff-2015-02,3
84b2037ffffffff-2015-09,2
84b2037ffffffff-2016-03,1
84b2037ffffffff-2017-09,1
84b2037ffffffff-2017-10,2
84b2037ffffffff-2018-11,1
84b2037ffffffff-2019-08,2
84b2037ffffffff-2021-01,1
84b2037ffffffff-2021-02,4
84b2037ffffffff-2021-11,1
84b2037ffffffff-2022-01,2
84b2037ffffffff-2022-02,9
84b2037ffffffff-2022-09,1
84b2037ffffffff-2022-10,2
84b2037ffffffff-2022-12,2
84b2037ffffffff-2023-02,7
84b2037ffffffff-2023-07,3
84b2037ffffffff-2023-10,1
84b2037ffffffff-2023-11,4
84b2039ffffffff-2022-02,3
84b2039ffffffff-2023-02,2
84b205bffffffff-2023-03,3
84b20b3ffffffff-2021-01,1
84b20b3ffffffff-2022-04,4
84b20b3ffffffff-2023-01,1
84b20b3ffffffff-2023-05,2
84b20edffffffff-2023-02,2
84b218bffffffff-2017-09,1
84b2191ffffffff-2012-07,2
84b2191ffffffff-2012-08,3
84b2191ffffffff-2013-02,3
84b2191ffffffff-2013-03,1
84b2191ffffffff-2013-04,6
84b2191ffffffff-2013-12,3
84b2191ffffffff-2014-01,5
84b2191ffffffff-2014-02,10
84b2191ffffffff-2014-03,18
84b2191ffffffff-2014-04,14
84b2191ffffffff-2014-05,4
84b2191ffffffff-2014-09,4
84b2191ffffffff-2014-10,9
84b2191ffffffff-2015-01,9
84b2191ffffffff-2015-02,10
84b2191ffffffff-2015-03,9
84b2191ffffffff-2015-04,13
84b2191ffffffff-2015-05,2
84b2191ffffffff-2015-07,1
84b2191ffffffff-2015-08,2
84b2191ffffffff-2015-09,1
84b2191ffffffff-2015-10,6
84b2191ffffffff-2016-01,8
84b2191ffffffff-2016-02,7
84b2191ffffffff-2016-03,13
84b2191ffffffff-2016-04,8
84b2191ffffffff-2016-07,1
84b2191ffffffff-2016-08,2
84b2191ffffffff-2016-09,15
84b2191ffffffff-2016-10,5
84b2191ffffffff-2016-11,4
84b2191ffffffff-2016-12,5
84b2191ffffffff-2017-01,9
84b2191ffffffff-2017-02,12
84b2191ffffffff-2017-03,3
84b2191ffffffff-2017-04,1
84b2191ffffffff-2017-05,2
84b2191ffffffff-2017-06,1
84b2191ffffffff-2017-09,2
84b2191ffffffff-2017-10,2
84b2191ffffffff-2017-11,5
84b2191ffffffff-2017-12,2
84b2191ffffffff-2018-01,3
84b2191ffffffff-2018-02,11
84b2191ffffffff-2018-03,8
84b2191ffffffff-2018-04,12
84b2191ffffffff-2018-07,1
84b2191ffffffff-2018-09,3
84b2191ffffffff-2018-10,14
84b2191ffffffff-2018-11,4
84b2191ffffffff-2018-12,4
84b2191ffffffff-2019-01,19
84b2191ffffffff-2019-02,1
84b2191ffffffff-2019-03,7
84b2191ffffffff-2019-04,3
84b2191ffffffff-2019-07,1
84b2191ffffffff-2019-09,1
84b2191ffffffff-2019-10,9
84b2191ffffffff-2019-11,7
84b2191ffffffff-2019-12,2
84b2191ffffffff-2020-01,10
84b2191ffffffff-2020-02,11
84b2191ffffffff-2020-03,21
84b2191ffffffff-2020-04,1
84b2191ffffffff-2020-07,2
84b2191ffffffff-2020-08,1
84b2191ffffffff-2020-10,10
84b2191ffffffff-2020-11,6
84b2191ffffffff-2020-12,3
84b2191ffffffff-2021-01,1
84b2191ffffffff-2021-02,14
84b2191ffffffff-2021-03,4
84b2191ffffffff-2021-04,11
84b2191ffffffff-2021-05,19
84b2191ffffffff-2021-06,2
84b2191ffffffff-2021-07,1
84b2191ffffffff-2021-08,4
84b2191ffffffff-2021-09,5
84b2191ffffffff-2021-10,4
84b2191ffffffff-2021-11,5
84b2191ffffffff-2021-12,4
84b2191ffffffff-2022-01,14
84b2191ffffffff-2022-02,30
84b2191ffffffff-2022-03,9
84b2191ffffffff-2022-04,4
84b2191ffffffff-2022-05,9
84b2191ffffffff-2022-06,2
84b2191ffffffff-2022-07,7
84b2191ffffffff-2022-08,6
84b2191ffffffff-2022-09,4
84b2191ffffffff-2022-10,6
84b2191ffffffff-2022-11,9
84b2191ffffffff-2022-12,13
84b2191ffffffff-2023-01,21
84b2191ffffffff-2023-02,20
84b2191ffffffff-2023-03,7
84b2191ffffffff-2023-04,14
84b2191ffffffff-2023-05,13
84b2191ffffffff-2023-06,7
84b2191ffffffff-2023-07,6
84b2191ffffffff-2023-08,7
84b2191ffffffff-2023-09,2
84b2191ffffffff-2023-10,24
84b2191ffffffff-2023-11,5
84b2195ffffffff-2020-10,4
84b2195ffffffff-2021-01,2
84b2197ffffffff-2012-02,1
84b2197ffffffff-2012-04,1
84b2197ffffffff-2012-09,3
84b2197ffffffff-2013-09,1
84b2197ffffffff-2013-12,2
84b2197ffffffff-2014-02,5
84b2197ffffffff-2014-03,1
84b2197ffffffff-2014-04,3
84b2197ffffffff-2014-09,2
84b2197ffffffff-2015-01,3
84b2197ffffffff-2015-02,16
84b2197ffffffff-2015-03,15
84b2197ffffffff-2015-04,4
84b2197ffffffff-2015-05,7
84b2197ffffffff-2015-08,3
84b2197ffffffff-2015-09,6
84b2197ffffffff-2016-02,4
84b2197ffffffff-2016-03,3
84b2197ffffffff-2016-10,1
84b2197ffffffff-2017-01,1
84b2197ffffffff-2017-03,1
84b2197ffffffff-2017-04,1
84b2197ffffffff-2017-12,2
84b2197ffffffff-2018-01,1
84b2197ffffffff-2018-02,4
84b2197ffffffff-2018-03,6
84b2197ffffffff-2018-07,2
84b2197ffffffff-2018-10,5
84b2197ffffffff-2018-11,4
84b2197ffffffff-2018-12,2
84b2197ffffffff-2019-01,10
84b2197ffffffff-2019-03,1
84b2197ffffffff-2019-10,1
84b2197ffffffff-2019-11,1
84b2197ffffffff-2020-01,7
84b2197ffffffff-2020-02,8
84b2197ffffffff-2020-03,2
84b2197ffffffff-2020-09,2
84b2197ffffffff-2020-10,1
84b2197ffffffff-2020-11,9
84b2197ffffffff-2020-12,2
84b2197ffffffff-2021-01,7
84b2197ffffffff-2021-02,12
84b2197ffffffff-2021-05,2
84b2197ffffffff-2021-09,5
84b2197ffffffff-2021-10,4
84b2197ffffffff-2021-11,6
84b2197ffffffff-2022-01,4
84b2197ffffffff-2022-02,31
84b2197ffffffff-2022-03,8
84b2197ffffffff-2022-04,3
84b2197ffffffff-2022-05,2
84b2197ffffffff-2022-06,3
84b2197ffffffff-2022-10,12
84b2197ffffffff-2022-11,2
84b2197ffffffff-2022-12,5
84b2197ffffffff-2023-01,4
84b2197ffffffff-2023-02,12
84b2197ffffffff-2023-03,5
84b2197ffffffff-2023-04,4
84b2197ffffffff-2023-05,4
84b2197ffffffff-2023-07,1
84b2197ffffffff-2023-09,7
84b2197ffffffff-2023-10,9
84b2197ffffffff-2023-11,3
84b219dffffffff-2015-09,1
84b219dffffffff-2016-01,1
84b21bbffffffff-2013-04,1
84b21bbffffffff-2013-12,2
84b21bbffffffff-2014-02,4
84b21bbffffffff-2014-03,1
84b21bbffffffff-2014-10,1
84b21bbffffffff-2015-02,14
84b21bbffffffff-2015-03,5
84b21bbffffffff-2015-04,2
84b21bbffffffff-2015-05,2
84b21bbffffffff-2015-06,1
84b21bbffffffff-2015-10,1
84b21bbffffffff-2016-02,4
84b21bbffffffff-2017-01,4
84b21bbffffffff-2017-02,4
84b21bbffffffff-2017-05,1
84b21bbffffffff-2017-09,2
84b21bbffffffff-2017-11,1
84b21bbffffffff-2018-01,4
84b21bbffffffff-2018-02,12
84b21bbffffffff-2018-03,8
84b21bbffffffff-2018-05,6
84b21bbffffffff-2018-10,5
84b21bbffffffff-2018-12,2
84b21bbffffffff-2019-01,9
84b21bbffffffff-2019-05,3
84b21bbffffffff-2019-10,4
84b21bbffffffff-2020-02,13
84b21bbffffffff-2020-03,2
84b21bbffffffff-2020-04,6
84b21bbffffffff-2020-09,2
84b21bbffffffff-2020-11,4
84b21bbffffffff-2021-01,5
84b21bbffffffff-2021-02,9
84b21bbffffffff-2021-08,3
84b21bbffffffff-2021-09,2
84b21bbffffffff-2021-10,4
84b21bbffffffff-2021-11,3
84b21bbffffffff-2022-01,4
84b21bbffffffff-2022-02,30
84b21bbffffffff-2022-03,6
84b21bbffffffff-2022-04,4
84b21bbffffffff-2022-05,1
84b21bbffffffff-2022-06,1
84b21bbffffffff-2022-09,1
84b21bbffffffff-2022-10,6
84b21bbffffffff-2022-11,1
84b21bbffffffff-2022-12,2
84b21bbffffffff-2023-01,2
84b21bbffffffff-2023-02,7
84b21bbffffffff-2023-03,2
84b21bbffffffff-2023-04,5
84b21bbffffffff-2023-05,3
84b21bbffffffff-2023-09,6
84b21bbffffffff-2023-10,7
84b21bbffffffff-2023-11,4
84b21d7ffffffff-2015-01,2
84b21d7ffffffff-2015-11,1
84b21d7ffffffff-2016-02,4
84b21d7ffffffff-2016-03,13
84b21d7ffffffff-2016-05,4
84b21d7ffffffff-2018-10,2
84b21d7ffffffff-2019-01,1
84b21d7ffffffff-2020-02,3
84b21d7ffffffff-2021-03,1
84b21d7ffffffff-2021-06,1
84b21d7ffffffff-2021-07,7
84b21d7ffffffff-2021-08,1
84b21d7ffffffff-2021-09,3
84b21d7ffffffff-2021-10,11
84b21d7ffffffff-2021-11,4
84b21d7ffffffff-2022-01,4
84b21d7ffffffff-2022-02,2
84b21d7ffffffff-2022-03,1
84b21d7ffffffff-2022-10,12
84b21d7ffffffff-2022-11,1
84b21d7ffffffff-2022-12,3
84b21d7ffffffff-2023-01,3
84b21d7ffffffff-2023-02,5
84b21d7ffffffff-2023-04,2
84b21d7ffffffff-2023-05,4
84b21d7ffffffff-2023-06,3
84b21d7ffffffff-2023-07,4
84b21d7ffffffff-2023-09,1
84b21d9ffffffff-2012-11,4
84b21d9ffffffff-2023-10,3
84b21ddffffffff-2014-09,2
84b21ddffffffff-2014-10,1
84b21ddffffffff-2015-01,1
84b21ddffffffff-2015-03,1
84b21ddffffffff-2015-07,1
84b21ddffffffff-2016-01,2
84b21ddffffffff-2017-09,2
84b21ddffffffff-2018-03,1
84b21ddffffffff-2018-04,1
84b21ddffffffff-2019-02,1
84b21ddffffffff-2019-03,1
84b21ddffffffff-2019-07,3
84b21ddffffffff-2019-08,2
84b21ddffffffff-2020-01,1
84b21ddffffffff-2020-02,2
84b21ddffffffff-2021-02,6
84b21ddffffffff-2021-03,1
84b21ddffffffff-2021-10,1
84b21ddffffffff-2021-11,1
84b21ddffffffff-2022-02,8
84b21ddffffffff-2022-09,7
84b21ddffffffff-2022-10,7
84b21ddffffffff-2023-01,2
84b21ddffffffff-2023-02,7
84b21ddffffffff-2023-07,7
84b21ddffffffff-2023-09,3
84b21ddffffffff-2023-10,9
84b21ddffffffff-2023-11,3
84b2213ffffffff-2021-04,1
84b2215ffffffff-2014-02,1
84b2253ffffffff-2018-04,1
84b2259ffffffff-2018-02,4
84b2259ffffffff-2018-04,1
84b2259ffffffff-2020-02,2
84b2259ffffffff-2023-01,1
84b2259ffffffff-2023-02,2
84b2259ffffffff-2023-04,2
84b2261ffffffff-2018-07,1
84b2261ffffffff-2020-04,1
84b2261ffffffff-2021-03,1
84b2261ffffffff-2023-04,3
84b2269ffffffff-2023-03,1
84b226bffffffff-2021-02,4
84b226bffffffff-2022-10,5
84b226bffffffff-2022-11,1
84b226bffffffff-2023-01,1
84b226bffffffff-2023-03,3
84b226bffffffff-2023-04,3
84b2283ffffffff-2022-01,1
84b2283ffffffff-2023-03,1
84b228bffffffff-2017-02,1
84b228bffffffff-2017-04,1
84b228bffffffff-2018-01,1
84b228bffffffff-2018-02,3
84b228bffffffff-2020-03,1
84b228bffffffff-2021-12,2
84b228bffffffff-2022-01,2
84b228bffffffff-2022-03,2
84b228bffffffff-2023-02,3
84b228bffffffff-2023-03,4
84b228bffffffff-2023-10,3
84b2293ffffffff-2022-01,1
84b2297ffffffff-2023-03,1
84b22a5ffffffff-2021-02,2
84b22b5ffffffff-2013-11,1
84b22b5ffffffff-2016-02,2
84b22b5ffffffff-2018-02,2
84b22b5ffffffff-2020-02,2
84b22b5ffffffff-2022-03,3
84b22b5ffffffff-2023-01,2
84b22b5ffffffff-2023-02,1
84b22b5ffffffff-2023-03,1
84b22b5ffffffff-2023-04,1
84b22d9ffffffff-2021-02,1
84b22d9ffffffff-2023-01,1
84b22d9ffffffff-2023-02,1
84b22d9ffffffff-2023-03,1
84b22ddffffffff-2018-02,2
84b22ddffffffff-2020-03,1
84b22ddffffffff-2020-10,1
84b22ddffffffff-2022-03,3
84b2411ffffffff-2020-09,1
84b2411ffffffff-2020-10,5
84b2411ffffffff-2021-02,2
84b2411ffffffff-2022-12,1
84b2411ffffffff-2023-10,4
84b2413ffffffff-2012-02,4
84b2413ffffffff-2012-03,5
84b2413ffffffff-2012-04,3
84b2413ffffffff-2012-11,3
84b2413ffffffff-2012-12,1
84b2413ffffffff-2013-01,4
84b2413ffffffff-2013-02,4
84b2413ffffffff-2013-06,1
84b2413ffffffff-2013-10,3
84b2413ffffffff-2013-11,1
84b2413ffffffff-2014-02,2
84b2413ffffffff-2014-03,2
84b2413ffffffff-2014-09,7
84b2413ffffffff-2014-10,10
84b2413ffffffff-2014-11,1
84b2413ffffffff-2015-02,12
84b2413ffffffff-2015-03,8
84b2413ffffffff-2015-04,2
84b2413ffffffff-2015-06,2
84b2413ffffffff-2015-07,4
84b2413ffffffff-2015-09,3
84b2413ffffffff-2015-10,6
84b2413ffffffff-2015-11,6
84b2413ffffffff-2015-12,3
84b2413ffffffff-2016-01,2
84b2413ffffffff-2016-02,5
84b2413ffffffff-2016-03,3
84b2413ffffffff-2016-04,3
84b2413ffffffff-2016-05,4
84b2413ffffffff-2016-06,2
84b2413ffffffff-2016-07,1
84b2413ffffffff-2016-08,4
84b2413ffffffff-2016-09,1
84b2413ffffffff-2016-10,3
84b2413ffffffff-2016-11,5
84b2413ffffffff-2016-12,6
84b2413ffffffff-2017-01,9
84b2413ffffffff-2017-03,5
84b2413ffffffff-2017-04,1
84b2413ffffffff-2017-05,2
84b2413ffffffff-2017-07,1
84b2413ffffffff-2017-10,2
84b2413ffffffff-2017-11,4
84b2413ffffffff-2017-12,2
84b2413ffffffff-2018-01,4
84b2413ffffffff-2018-02,8
84b2413ffffffff-2018-03,12
84b2413ffffffff-2018-04,6
84b2413ffffffff-2018-05,1
84b2413ffffffff-2018-07,3
84b2413ffffffff-2018-08,3
84b2413ffffffff-2018-09,25
84b2413ffffffff-2018-10,34
84b2413ffffffff-2018-11,7
84b2413ffffffff-2018-12,17
84b2413ffffffff-2019-01,8
84b2413ffffffff-2019-02,5
84b2413ffffffff-2019-03,8
84b2413ffffffff-2019-04,1
84b2413ffffffff-2019-05,8
84b2413ffffffff-2019-06,6
84b2413ffffffff-2019-07,5
84b2413ffffffff-2019-08,3
84b2413ffffffff-2019-09,13
84b2413ffffffff-2019-10,21
84b2413ffffffff-2019-11,12
84b2413ffffffff-2019-12,12
84b2413ffffffff-2020-01,13
84b2413ffffffff-2020-02,17
84b2413ffffffff-2020-03,3
84b2413ffffffff-2020-06,3
84b2413ffffffff-2020-07,2
84b2413ffffffff-2020-08,4
84b2413ffffffff-2020-09,2
84b2413ffffffff-2020-10,16
84b2413ffffffff-2020-11,16
84b2413ffffffff-2020-12,30
84b2413ffffffff-2021-01,18
84b2413ffffffff-2021-02,6
84b2413ffffffff-2021-03,7
84b2413ffffffff-2021-04,13
84b2413ffffffff-2021-05,17
84b2413ffffffff-2021-06,2
84b2413ffffffff-2021-07,6
84b2413ffffffff-2021-08,2
84b2413ffffffff-2021-09,12
84b2413ffffffff-2021-10,19
84b2413ffffffff-2021-11,30
84b2413ffffffff-2021-12,38
84b2413ffffffff-2022-01,28
84b2413ffffffff-2022-02,31
84b2413ffffffff-2022-03,9
84b2413ffffffff-2022-04,6
84b2413ffffffff-2022-05,5
84b2413ffffffff-2022-07,1
84b2413ffffffff-2022-08,1
84b2413ffffffff-2022-09,14
84b2413ffffffff-2022-10,74
84b2413ffffffff-2022-11,39
84b2413ffffffff-2022-12,21
84b2413ffffffff-2023-01,28
84b2413ffffffff-2023-02,13
84b2413ffffffff-2023-03,16
84b2413ffffffff-2023-04,7
84b2413ffffffff-2023-07,1
84b2413ffffffff-2023-08,2
84b2413ffffffff-2023-09,70
84b2413ffffffff-2023-10,35
84b2413ffffffff-2023-11,27
84b2415ffffffff-2021-02,3
84b2419ffffffff-2018-03,4
84b2419ffffffff-2019-02,3
84b2419ffffffff-2020-11,2
84b2419ffffffff-2021-02,1
84b2419ffffffff-2021-03,2
84b2419ffffffff-2022-08,2
84b241bffffffff-2018-01,2
84b241bffffffff-2019-12,1
84b241bffffffff-2022-11,1
84b2425ffffffff-2022-08,2
84b242bffffffff-2013-10,1
84b242bffffffff-2016-11,1
84b242bffffffff-2017-12,3
84b242bffffffff-2018-03,3
84b242bffffffff-2020-02,4
84b242bffffffff-2020-03,1
84b242bffffffff-2020-04,1
84b242bffffffff-2020-06,4
84b242bffffffff-2020-07,2
84b242bffffffff-2020-09,2
84b242bffffffff-2020-11,1
84b242bffffffff-2021-09,1
84b242bffffffff-2021-11,1
84b242bffffffff-2022-01,1
84b242bffffffff-2022-07,2
84b242bffffffff-2022-12,1
84b242bffffffff-2023-01,8
84b242bffffffff-2023-02,1
84b242bffffffff-2023-03,1
84b242bffffffff-2023-04,2
84b242bffffffff-2023-05,5
84b242bffffffff-2023-06,1
84b242bffffffff-2023-09,3
84b242bffffffff-2023-10,2
84b242bffffffff-2023-11,6
84b242dffffffff-2023-08,2
84b2431ffffffff-2016-11,2
84b2431ffffffff-2019-10,1
84b2431ffffffff-2019-11,1
84b2431ffffffff-2021-02,1
84b2431ffffffff-2021-03,1
84b2431ffffffff-2023-03,1
84b2433ffffffff-2022-02,1
84b2433ffffffff-2022-09,1
84b2433ffffffff-2023-02,1
84b2435ffffffff-2018-02,1
84b2435ffffffff-2020-10,1
84b2435ffffffff-2020-12,1
84b2435ffffffff-2022-10,3
84b2435ffffffff-2023-09,1
84b2437ffffffff-2018-03,1
84b2437ffffffff-2020-10,2
84b2437ffffffff-2023-05,1
84b243bffffffff-2022-11,1
84b243dffffffff-2014-01,2
84b243dffffffff-2020-10,1
84b243dffffffff-2023-11,1
84b2449ffffffff-2022-10,1
84b244dffffffff-2018-02,1
84b244dffffffff-2022-04,1
84b2453ffffffff-2018-03,4
84b2453ffffffff-2020-09,2
84b2453ffffffff-2020-10,2
84b2453ffffffff-2020-11,1
84b2453ffffffff-2020-12,1
84b2453ffffffff-2021-02,1
84b2453ffffffff-2021-09,6
84b2453ffffffff-2021-10,6
84b2453ffffffff-2021-12,11
84b2453ffffffff-2022-09,1
84b2453ffffffff-2022-12,4
84b2453ffffffff-2023-03,2
84b2453ffffffff-2023-07,1
84b2453ffffffff-2023-10,1
84b2457ffffffff-2018-05,3
84b245dffffffff-2015-02,2
84b245dffffffff-2021-03,2
84b2469ffffffff-2022-03,1
84b246dffffffff-2023-03,2
84b2481ffffffff-2018-02,2
84b2481ffffffff-2019-10,1
84b2481ffffffff-2021-12,1
84b2481ffffffff-2022-09,1
84b2481ffffffff-2022-12,1
84b2485ffffffff-2022-01,1
84b2487ffffffff-2018-03,1
84b2487ffffffff-2020-01,1
84b248bffffffff-2015-02,1
84b248bffffffff-2018-01,2
84b248bffffffff-2018-02,1
84b248bffffffff-2018-10,1
84b248bffffffff-2018-11,3
84b248bffffffff-2018-12,1
84b248bffffffff-2019-01,3
84b248bffffffff-2019-02,1
84b248bffffffff-2019-03,2
84b248bffffffff-2019-04,4
84b248bffffffff-2019-10,1
84b248bffffffff-2019-12,5
84b248bffffffff-2020-01,18
84b248bffffffff-2020-03,1
84b248bffffffff-2020-05,3
84b248bffffffff-2020-06,1
84b248bffffffff-2020-08,2
84b248bffffffff-2020-10,1
84b248bffffffff-2021-02,1
84b248bffffffff-2021-09,1
84b248bffffffff-2022-11,4
84b248bffffffff-2022-12,6
84b248bffffffff-2023-08,1
84b248bffffffff-2023-10,2
84b248dffffffff-2017-01,3
84b248dffffffff-2020-06,1
84b2491ffffffff-2018-11,1
84b2491ffffffff-2019-09,1
84b2491ffffffff-2019-11,1
84b2491ffffffff-2022-10,1
84b2491ffffffff-2022-12,1
84b2497ffffffff-2019-10,1
84b2497ffffffff-2019-11,1
84b2497ffffffff-2021-11,1
84b2497ffffffff-2022-11,1
84b2497ffffffff-2022-12,1
84b2499ffffffff-2018-10,1
84b2499ffffffff-2019-11,1
84b2499ffffffff-2019-12,2
84b2499ffffffff-2020-09,2
84b2499ffffffff-2020-10,1
84b2499ffffffff-2020-11,6
84b2499ffffffff-2020-12,2
84b2499ffffffff-2021-01,1
84b2499ffffffff-2021-05,1
84b2499ffffffff-2021-09,1
84b2499ffffffff-2021-10,2
84b2499ffffffff-2021-11,5
84b2499ffffffff-2022-08,1
84b2499ffffffff-2022-09,3
84b2499ffffffff-2022-10,2
84b2499ffffffff-2023-07,1
84b2499ffffffff-2023-10,1
84b249bffffffff-2020-08,1
84b249bffffffff-2023-04,4
84b249dffffffff-2018-09,5
84b249dffffffff-2019-12,2
84b249dffffffff-2020-03,1
84b249dffffffff-2020-05,1
84b249dffffffff-2020-08,6
84b249dffffffff-2020-09,4
84b249dffffffff-2020-10,4
84b249dffffffff-2020-11,6
84b249dffffffff-2021-09,3
84b249dffffffff-2022-01,2
84b249dffffffff-2022-04,2
84b249dffffffff-2022-06,1
84b249dffffffff-2022-09,1
84b249dffffffff-2022-10,2
84b249dffffffff-2022-11,1
84b249dffffffff-2023-11,2
84b24a1ffffffff-2014-01,1
84b24a1ffffffff-2019-10,2
84b24a1ffffffff-2020-01,1
84b24a1ffffffff-2020-02,1
84b24a1ffffffff-2020-09,1
84b24a1ffffffff-2020-10,1
84b24a1ffffffff-2020-12,6
84b24a1ffffffff-2021-01,5
84b24a1ffffffff-2021-02,3
84b24a1ffffffff-2021-03,2
84b24a1ffffffff-2021-04,1
84b24a1ffffffff-2021-07,1
84b24a1ffffffff-2021-10,1
84b24a1ffffffff-2021-11,1
84b24a1ffffffff-2021-12,2
84b24a1ffffffff-2022-01,3
84b24a1ffffffff-2022-02,2
84b24a1ffffffff-2022-11,4
84b24a1ffffffff-2022-12,1
84b24a1ffffffff-2023-01,1
84b24a1ffffffff-2023-09,1
84b24a1ffffffff-2023-10,7
84b24a3ffffffff-2018-07,5
84b24a3ffffffff-2019-12,1
84b24a3ffffffff-2020-02,1
84b24a3ffffffff-2021-01,2
84b24a3ffffffff-2021-02,1
84b24a3ffffffff-2021-07,13
84b24a3ffffffff-2021-08,1
84b24a3ffffffff-2022-02,1
84b24a5ffffffff-2016-12,1
84b24a5ffffffff-2017-05,2
84b24a5ffffffff-2019-11,5
84b24a5ffffffff-2022-06,2
84b24a7ffffffff-2016-10,2
84b24a7ffffffff-2018-07,5
84b24a7ffffffff-2020-02,2
84b24a9ffffffff-2016-11,7
84b24a9ffffffff-2017-02,2
84b24a9ffffffff-2018-02,4
84b24a9ffffffff-2019-11,2
84b24a9ffffffff-2019-12,1
84b24a9ffffffff-2020-02,2
84b24a9ffffffff-2020-12,4
84b24a9ffffffff-2021-03,3
84b24a9ffffffff-2021-10,6
84b24a9ffffffff-2021-12,12
84b24a9ffffffff-2022-01,13
84b24a9ffffffff-2022-05,1
84b24abffffffff-2014-01,2
84b24abffffffff-2014-02,2
84b24abffffffff-2014-03,1
84b24adffffffff-2018-04,1
84b24adffffffff-2019-12,1
84b24adffffffff-2020-02,6
84b24adffffffff-2020-07,1
84b24adffffffff-2020-10,6
84b24adffffffff-2020-11,3
84b24adffffffff-2020-12,10
84b24adffffffff-2021-01,5
84b24adffffffff-2021-02,2
84b24adffffffff-2021-09,3
84b24adffffffff-2021-10,6
84b24adffffffff-2021-11,3
84b24adffffffff-2021-12,3
84b24adffffffff-2022-01,3
84b24adffffffff-2022-02,2
84b24adffffffff-2022-03,2
84b24adffffffff-2022-04,2
84b24adffffffff-2022-05,1
84b24adffffffff-2022-09,1
84b24adffffffff-2022-10,4
84b24adffffffff-2022-11,1
84b24adffffffff-2023-01,1
84b24adffffffff-2023-05,1
84b24adffffffff-2023-09,1
84b24adffffffff-2023-10,1
84b24b1ffffffff-2020-06,1
84b24b1ffffffff-2020-11,2
84b24b1ffffffff-2023-10,1
84b24b3ffffffff-2018-02,2
84b24b3ffffffff-2019-11,1
84b24b3ffffffff-2022-02,2
84b24b5ffffffff-2015-01,1
84b24b5ffffffff-2021-04,7
84b24b5ffffffff-2021-06,2
84b24b5ffffffff-2021-07,8
84b24b7ffffffff-2018-07,2
84b24b7ffffffff-2020-12,1
84b24b7ffffffff-2021-03,1
84b24b7ffffffff-2021-04,7
84b24b9ffffffff-2023-10,1
84b24bbffffffff-2019-11,6
84b24bbffffffff-2021-12,1
84b24bbffffffff-2022-12,1
84b24bdffffffff-2013-12,1
84b24bdffffffff-2015-11,2
84b24bdffffffff-2021-01,2
84b24bdffffffff-2021-02,3
84b24bdffffffff-2022-12,2
84b24c1ffffffff-2017-09,2
84b24c1ffffffff-2018-03,1
84b24c1ffffffff-2019-09,2
84b24c1ffffffff-2019-10,1
84b24c1ffffffff-2019-11,1
84b24c1ffffffff-2020-01,11
84b24c1ffffffff-2020-12,3
84b24c1ffffffff-2021-01,8
84b24c1ffffffff-2021-02,6
84b24c1ffffffff-2021-03,10
84b24c1ffffffff-2021-04,1
84b24c1ffffffff-2021-10,2
84b24c1ffffffff-2021-12,3
84b24c1ffffffff-2023-02,4
84b24c3ffffffff-2018-10,1
84b24c5ffffffff-2014-02,2
84b24c5ffffffff-2014-03,2
84b24c5ffffffff-2014-04,2
84b24c5ffffffff-2014-05,1
84b24c5ffffffff-2015-03,2
84b24c5ffffffff-2015-04,4
84b24c5ffffffff-2015-05,4
84b24c5ffffffff-2016-03,2
84b24c5ffffffff-2021-01,1
84b24c5ffffffff-2021-02,3
84b24c5ffffffff-2022-10,2
84b24c7ffffffff-2016-12,2
84b24c7ffffffff-2017-01,3
84b24c7ffffffff-2018-03,1
84b24c7ffffffff-2018-06,1
84b24cbffffffff-2023-01,1
84b24cdffffffff-2014-12,1
84b24cdffffffff-2015-03,4
84b24cdffffffff-2015-10,8
84b24cdffffffff-2015-11,2
84b24cdffffffff-2016-09,1
84b24cdffffffff-2016-10,1
84b24cdffffffff-2017-08,2
84b24cdffffffff-2017-10,6
84b24cdffffffff-2018-10,1
84b24cdffffffff-2019-06,1
84b24cdffffffff-2019-10,4
84b24cdffffffff-2019-11,1
84b24cdffffffff-2020-05,1
84b24cdffffffff-2020-10,2
84b24cdffffffff-2020-11,2
84b24cdffffffff-2020-12,7
84b24cdffffffff-2021-01,2
84b24cdffffffff-2021-02,7
84b24cdffffffff-2021-03,6
84b24cdffffffff-2021-09,5
84b24cdffffffff-2021-10,2
84b24cdffffffff-2021-11,2
84b24cdffffffff-2021-12,9
84b24cdffffffff-2022-01,2
84b24cdffffffff-2022-03,4
84b24cdffffffff-2022-04,1
84b24cdffffffff-2022-09,2
84b24cdffffffff-2022-11,1
84b24cdffffffff-2022-12,4
84b24cdffffffff-2023-02,4
84b24cdffffffff-2023-03,3
84b24cdffffffff-2023-07,7
84b24cdffffffff-2023-08,1
84b24cdffffffff-2023-09,7
84b24cdffffffff-2023-10,12
84b24d1ffffffff-2017-11,1
84b24d1ffffffff-2018-01,3
84b24d1ffffffff-2018-02,3
84b24d1ffffffff-2018-03,3
84b24d1ffffffff-2018-04,6
84b24d1ffffffff-2018-06,2
84b24d1ffffffff-2018-09,5
84b24d1ffffffff-2018-10,2
84b24d1ffffffff-2018-11,5
84b24d1ffffffff-2018-12,2
84b24d1ffffffff-2019-01,1
84b24d1ffffffff-2019-02,2
84b24d1ffffffff-2019-03,3
84b24d1ffffffff-2019-04,2
84b24d1ffffffff-2019-09,1
84b24d1ffffffff-2019-10,2
84b24d1ffffffff-2019-11,4
84b24d1ffffffff-2020-01,5
84b24d1ffffffff-2020-02,11
84b24d1ffffffff-2020-03,2
84b24d1ffffffff-2020-06,4
84b24d1ffffffff-2020-07,1
84b24d1ffffffff-2020-08,8
84b24d1ffffffff-2020-09,3
84b24d1ffffffff-2020-10,4
84b24d1ffffffff-2020-11,1
84b24d1ffffffff-2020-12,3
84b24d1ffffffff-2021-01,3
84b24d1ffffffff-2021-02,2
84b24d1ffffffff-2021-03,8
84b24d1ffffffff-2021-04,1
84b24d1ffffffff-2021-05,2
84b24d1ffffffff-2021-06,1
84b24d1ffffffff-2021-11,5
84b24d1ffffffff-2021-12,1
84b24d1ffffffff-2022-01,3
84b24d1ffffffff-2022-02,2
84b24d1ffffffff-2022-03,10
84b24d1ffffffff-2022-04,6
84b24d1ffffffff-2022-08,2
84b24d1ffffffff-2022-09,2
84b24d1ffffffff-2022-10,2
84b24d1ffffffff-2023-01,3
84b24d1ffffffff-2023-02,2
84b24d1ffffffff-2023-03,2
84b24d1ffffffff-2023-04,4
84b24d1ffffffff-2023-08,2
84b24d1ffffffff-2023-09,3
84b24d1ffffffff-2023-10,4
84b24d1ffffffff-2023-11,5
84b24d3ffffffff-2015-02,1
84b24d3ffffffff-2017-02,3
84b24d3ffffffff-2017-06,3
84b24d3ffffffff-2018-02,3
84b24d3ffffffff-2018-08,6
84b24d3ffffffff-2018-10,2
84b24d3ffffffff-2019-10,4
84b24d3ffffffff-2020-01,1
84b24d3ffffffff-2020-06,5
84b24d3ffffffff-2020-08,1
84b24d3ffffffff-2020-09,3
84b24d3ffffffff-2020-10,1
84b24d3ffffffff-2020-11,2
84b24d3ffffffff-2020-12,2
84b24d3ffffffff-2021-02,2
84b24d3ffffffff-2021-12,8
84b24d3ffffffff-2022-01,1
84b24d3ffffffff-2022-02,11
84b24d3ffffffff-2022-03,6
84b24d3ffffffff-2022-04,14
84b24d3ffffffff-2022-07,2
84b24d3ffffffff-2022-08,8
84b24d3ffffffff-2022-09,18
84b24d3ffffffff-2022-10,5
84b24d3ffffffff-2022-11,12
84b24d3ffffffff-2022-12,16
84b24d3ffffffff-2023-01,18
84b24d3ffffffff-2023-02,10
84b24d3ffffffff-2023-03,10
84b24d3ffffffff-2023-04,8
84b24d3ffffffff-2023-05,2
84b24d3ffffffff-2023-09,6
84b24d3ffffffff-2023-10,12
84b24d3ffffffff-2023-11,4
84b24d5ffffffff-2021-08,3
84b24d5ffffffff-2022-01,1
84b24d5ffffffff-2023-05,3
84b24d7ffffffff-2017-07,1
84b24d7ffffffff-2017-10,1
84b24d7ffffffff-2018-09,1
84b24d7ffffffff-2019-10,1
84b24d7ffffffff-2019-11,1
84b24d7ffffffff-2019-12,1
84b24d7ffffffff-2020-07,10
84b24d7ffffffff-2020-08,14
84b24d7ffffffff-2020-09,3
84b24d7ffffffff-2021-01,2
84b24d7ffffffff-2021-02,2
84b24d7ffffffff-2021-04,5
84b24d7ffffffff-2022-01,1
84b24d7ffffffff-2022-03,1
84b24d7ffffffff-2023-02,1
84b24d9ffffffff-2013-11,1
84b24d9ffffffff-2018-09,1
84b24d9ffffffff-2019-12,2
84b24d9ffffffff-2020-10,1
84b24d9ffffffff-2021-10,4
84b24d9ffffffff-2022-01,1
84b24d9ffffffff-2022-10,2
84b24d9ffffffff-2022-11,2
84b24d9ffffffff-2023-02,2
84b24d9ffffffff-2023-09,2
84b24dbffffffff-2017-05,1
84b24dbffffffff-2017-11,1
84b24dbffffffff-2018-02,8
84b24dbffffffff-2018-04,2
84b24dbffffffff-2018-05,2
84b24dbffffffff-2018-09,2
84b24dbffffffff-2018-10,9
84b24dbffffffff-2019-02,3
84b24dbffffffff-2019-04,8
84b24dbffffffff-2019-10,1
84b24dbffffffff-2019-11,18
84b24dbffffffff-2019-12,6
84b24dbffffffff-2020-01,5
84b24dbffffffff-2020-02,1
84b24dbffffffff-2020-05,2
84b24dbffffffff-2020-07,2
84b24dbffffffff-2020-08,5
84b24dbffffffff-2020-09,6
84b24dbffffffff-2020-10,9
84b24dbffffffff-2020-11,2
84b24dbffffffff-2020-12,1
84b24dbffffffff-2021-02,1
84b24dbffffffff-2021-03,1
84b24dbffffffff-2021-04,3
84b24dbffffffff-2021-07,1
84b24dbffffffff-2021-08,1
84b24dbffffffff-2021-09,8
84b24dbffffffff-2021-10,4
84b24dbffffffff-2021-11,2
84b24dbffffffff-2022-03,4
84b24dbffffffff-2022-12,5
84b24dbffffffff-2023-01,2
84b24dbffffffff-2023-03,3
84b24dbffffffff-2023-07,1
84b24dbffffffff-2023-08,1
84b24dbffffffff-2023-09,3
84b24dbffffffff-2023-10,3
84b24dbffffffff-2023-11,1
84b24ddffffffff-2022-12,1
84b24ddffffffff-2023-07,1
84b24e3ffffffff-2016-01,2
84b24e3ffffffff-2016-02,1
84b24e3ffffffff-2016-04,1
84b24e3ffffffff-2016-06,1
84b24e3ffffffff-2017-01,1
84b24e3ffffffff-2017-02,4
84b24e3ffffffff-2018-01,11
84b24e3ffffffff-2018-02,5
84b24e3ffffffff-2019-11,2
84b24e3ffffffff-2020-03,1
84b24e3ffffffff-2020-04,1
84b24e3ffffffff-2020-05,2
84b24e3ffffffff-2020-06,1
84b24e3ffffffff-2020-10,1
84b24e3ffffffff-2020-11,2
84b24e3ffffffff-2020-12,4
84b24e3ffffffff-2021-01,4
84b24e3ffffffff-2021-02,1
84b24e3ffffffff-2023-01,2
84b24e3ffffffff-2023-02,1
84b24e3ffffffff-2023-08,1
84b24e3ffffffff-2023-10,2
84b24e5ffffffff-2017-11,1
84b24e5ffffffff-2018-02,2
84b24e5ffffffff-2018-03,6
84b24e5ffffffff-2018-09,1
84b24e5ffffffff-2018-10,2
84b24e5ffffffff-2019-02,1
84b24e5ffffffff-2020-02,5
84b24e5ffffffff-2020-06,1
84b24e5ffffffff-2020-09,1
84b24e5ffffffff-2020-10,1
84b24e5ffffffff-2020-11,4
84b24e5ffffffff-2020-12,13
84b24e5ffffffff-2021-01,3
84b24e5ffffffff-2021-03,2
84b24e5ffffffff-2021-04,1
84b24e5ffffffff-2021-11,1
84b24e5ffffffff-2022-04,1
84b24e5ffffffff-2023-09,3
84b24e5ffffffff-2023-10,2
84b24e9ffffffff-2020-08,1
84b24ebffffffff-2018-01,2
84b24edffffffff-2020-03,1
84b24edffffffff-2022-11,1
84b250bffffffff-2019-02,1
84b250dffffffff-2014-02,1
84b251dffffffff-2018-10,1
84b251dffffffff-2019-07,1
84b251dffffffff-2022-04,1
84b2525ffffffff-2018-09,1
84b2525ffffffff-2019-10,2
84b2525ffffffff-2023-11,2
84b2527ffffffff-2022-12,1
84b2527ffffffff-2023-01,4
84b2527ffffffff-2023-03,1
84b2527ffffffff-2023-05,1
84b2527ffffffff-2023-07,6
84b2533ffffffff-2022-04,3
84b2549ffffffff-2022-03,2
84b2555ffffffff-2023-02,1
84b2557ffffffff-2019-02,1
84b2557ffffffff-2020-12,2
84b2557ffffffff-2021-02,4
84b2557ffffffff-2021-12,1
84b2557ffffffff-2022-01,2
84b2557ffffffff-2022-04,2
84b2557ffffffff-2023-02,2
84b256dffffffff-2018-09,1
84b2583ffffffff-2019-12,1
84b2583ffffffff-2020-10,1
84b2583ffffffff-2022-04,1
84b2583ffffffff-2022-12,1
84b2585ffffffff-2019-10,1
84b2585ffffffff-2019-12,4
84b2585ffffffff-2021-01,1
84b2585ffffffff-2021-12,3
84b2585ffffffff-2022-01,1
84b2585ffffffff-2022-05,2
84b2589ffffffff-2012-03,1
84b258bffffffff-2020-12,1
84b258bffffffff-2023-10,1
84b2591ffffffff-2014-02,1
84b2591ffffffff-2015-01,1
84b2591ffffffff-2017-04,1
84b2591ffffffff-2018-02,4
84b2591ffffffff-2018-03,7
84b2591ffffffff-2018-04,8
84b2591ffffffff-2018-05,6
84b2591ffffffff-2018-08,3
84b2591ffffffff-2018-10,1
84b2591ffffffff-2019-01,1
84b2591ffffffff-2019-02,2
84b2591ffffffff-2019-03,4
84b2591ffffffff-2019-04,2
84b2591ffffffff-2019-09,1
84b2591ffffffff-2019-12,3
84b2591ffffffff-2020-02,1
84b2591ffffffff-2020-03,2
84b2591ffffffff-2020-06,1
84b2591ffffffff-2020-10,5
84b2591ffffffff-2020-11,3
84b2591ffffffff-2021-01,4
84b2591ffffffff-2021-02,1
84b2591ffffffff-2021-03,5
84b2591ffffffff-2021-04,1
84b2591ffffffff-2022-02,2
84b2591ffffffff-2022-03,13
84b2591ffffffff-2022-04,4
84b2591ffffffff-2022-05,2
84b2591ffffffff-2022-06,1
84b2591ffffffff-2022-12,2
84b2591ffffffff-2023-01,7
84b2591ffffffff-2023-02,9
84b2591ffffffff-2023-03,1
84b2591ffffffff-2023-08,1
84b2591ffffffff-2023-10,12
84b2591ffffffff-2023-11,6
84b2593ffffffff-2016-11,3
84b2595ffffffff-2016-11,1
84b2595ffffffff-2017-02,2
84b2595ffffffff-2018-12,1
84b2595ffffffff-2019-01,1
84b2595ffffffff-2019-02,1
84b2595ffffffff-2019-03,1
84b2595ffffffff-2019-09,1
84b2595ffffffff-2019-10,1
84b2595ffffffff-2019-12,5
84b2595ffffffff-2020-09,1
84b2595ffffffff-2021-03,1
84b2595ffffffff-2022-03,2
84b2595ffffffff-2023-01,1
84b2597ffffffff-2019-01,1
84b2599ffffffff-2016-11,3
84b2599ffffffff-2018-12,5
84b2599ffffffff-2020-01,1
84b2599ffffffff-2020-02,1
84b259bffffffff-2017-02,4
84b259bffffffff-2017-10,3
84b259bffffffff-2018-02,9
84b259bffffffff-2018-10,2
84b259bffffffff-2019-05,1
84b259bffffffff-2019-10,4
84b259bffffffff-2021-12,1
84b259bffffffff-2022-03,2
84b259bffffffff-2023-05,1
84b259bffffffff-2023-11,2
84b259dffffffff-2018-02,3
84b259dffffffff-2020-10,2
84b259dffffffff-2021-01,1
84b259dffffffff-2022-01,1
84b259dffffffff-2022-12,1
84b259dffffffff-2023-01,1
84b259dffffffff-2023-02,11
84b259dffffffff-2023-03,1
84b259dffffffff-2023-09,1
84b259dffffffff-2023-10,2
84b259dffffffff-2023-11,1
84b25a1ffffffff-2022-06,1
84b25a1ffffffff-2023-01,1
84b25a1ffffffff-2023-04,1
84b25a7ffffffff-2020-02,1
84b25a7ffffffff-2021-01,1
84b25a7ffffffff-2023-10,1
84b25a7ffffffff-2023-11,1
84b25abffffffff-2021-12,2
84b25abffffffff-2022-02,1
84b25abffffffff-2023-01,1
84b25adffffffff-2023-02,1
84b25b1ffffffff-2017-10,1
84b25b1ffffffff-2020-01,2
84b25b1ffffffff-2020-11,1
84b25b1ffffffff-2021-10,2
84b25b1ffffffff-2022-03,4
84b25b1ffffffff-2022-09,1
84b25b1ffffffff-2022-11,1
84b25b1ffffffff-2022-12,1
84b25b1ffffffff-2023-01,2
84b25b1ffffffff-2023-02,2
84b25b1ffffffff-2023-03,6
84b25b1ffffffff-2023-04,1
84b25b1ffffffff-2023-05,2
84b25b1ffffffff-2023-09,1
84b25b1ffffffff-2023-11,2
84b25b3ffffffff-2016-11,2
84b25b5ffffffff-2019-11,1
84b25b5ffffffff-2022-10,1
84b25b5ffffffff-2023-02,1
84b25b5ffffffff-2023-10,3
84b25b9ffffffff-2019-01,4
84b25b9ffffffff-2021-12,2
84b25b9ffffffff-2022-01,1
84b25b9ffffffff-2022-04,10
84b25b9ffffffff-2022-08,1
84b25b9ffffffff-2022-10,1
84b25b9ffffffff-2022-11,2
84b25b9ffffffff-2022-12,1
84b25b9ffffffff-2023-01,5
84b25b9ffffffff-2023-11,1
84b25bbffffffff-2023-10,1
84b25bdffffffff-2020-01,1
84b25bdffffffff-2020-12,2
84b25bdffffffff-2021-01,1
84b25bdffffffff-2021-10,3
84b25bdffffffff-2022-01,3
84b25bdffffffff-2022-12,1
84b25bdffffffff-2023-03,3
84b25c1ffffffff-2018-06,2
84b25c1ffffffff-2020-10,1
84b25c1ffffffff-2020-11,1
84b25c1ffffffff-2020-12,1
84b25c1ffffffff-2021-01,1
84b25c1ffffffff-2021-08,1
84b25c1ffffffff-2021-10,3
84b25c1ffffffff-2022-01,1
84b25c1ffffffff-2022-02,3
84b25c1ffffffff-2022-03,1
84b25c1ffffffff-2022-10,2
84b25c1ffffffff-2022-11,3
84b25c1ffffffff-2022-12,3
84b25c1ffffffff-2023-01,3
84b25c1ffffffff-2023-02,1
84b25c1ffffffff-2023-03,3
84b25c1ffffffff-2023-05,3
84b25c1ffffffff-2023-07,3
84b25c1ffffffff-2023-10,1
84b25c7ffffffff-2018-03,1
84b25c9ffffffff-2023-04,1
84b25cbffffffff-2018-03,2
84b25cbffffffff-2019-09,1
84b25cbffffffff-2021-04,2
84b25cbffffffff-2023-02,2
84b25cbffffffff-2023-04,1
84b25cbffffffff-2023-09,1
84b25cdffffffff-2014-01,1
84b25cdffffffff-2015-10,3
84b25cdffffffff-2015-12,1
84b25cdffffffff-2016-01,1
84b25cdffffffff-2017-01,2
84b25cdffffffff-2017-02,2
84b25cdffffffff-2019-11,1
84b25cdffffffff-2020-12,1
84b25cdffffffff-2023-10,8
84b25d1ffffffff-2016-10,1
84b25d1ffffffff-2017-03,1
84b25d1ffffffff-2018-10,1
84b25d1ffffffff-2019-02,1
84b25d1ffffffff-2019-05,2
84b25d1ffffffff-2020-02,2
84b25d1ffffffff-2020-09,1
84b25d1ffffffff-2020-10,7
84b25d1ffffffff-2020-11,3
84b25d1ffffffff-2020-12,3
84b25d1ffffffff-2021-01,2
84b25d1ffffffff-2021-02,1
84b25d1ffffffff-2021-03,1
84b25d1ffffffff-2021-10,2
84b25d1ffffffff-2022-04,1
84b25d1ffffffff-2022-05,4
84b25d1ffffffff-2022-08,1
84b25d1ffffffff-2022-09,3
84b25d1ffffffff-2022-10,1
84b25d1ffffffff-2022-12,3
84b25d1ffffffff-2023-01,5
84b25d1ffffffff-2023-02,3
84b25d1ffffffff-2023-03,6
84b25d1ffffffff-2023-09,4
84b25d1ffffffff-2023-10,4
84b25d3ffffffff-2018-12,3
84b25d3ffffffff-2019-10,1
84b25d3ffffffff-2019-11,2
84b25d3ffffffff-2020-11,1
84b25d5ffffffff-2016-09,1
84b25d5ffffffff-2016-11,3
84b25d5ffffffff-2018-02,1
84b25d5ffffffff-2018-03,1
84b25d5ffffffff-2018-07,1
84b25d5ffffffff-2018-10,2
84b25d5ffffffff-2020-08,2
84b25d5ffffffff-2020-09,8
84b25d5ffffffff-2020-10,9
84b25d5ffffffff-2020-11,4
84b25d5ffffffff-2020-12,8
84b25d5ffffffff-2021-01,10
84b25d5ffffffff-2021-03,3
84b25d5ffffffff-2021-05,1
84b25d5ffffffff-2021-06,1
84b25d5ffffffff-2021-08,2
84b25d5ffffffff-2021-09,2
84b25d5ffffffff-2021-10,11
84b25d5ffffffff-2021-11,5
84b25d5ffffffff-2021-12,3
84b25d5ffffffff-2022-01,2
84b25d5ffffffff-2022-02,7
84b25d5ffffffff-2022-03,2
84b25d5ffffffff-2022-05,5
84b25d5ffffffff-2022-07,1
84b25d5ffffffff-2022-09,1
84b25d5ffffffff-2022-10,14
84b25d5ffffffff-2022-11,5
84b25d5ffffffff-2022-12,5
84b25d5ffffffff-2023-01,16
84b25d5ffffffff-2023-02,1
84b25d5ffffffff-2023-03,2
84b25d5ffffffff-2023-04,1
84b25d5ffffffff-2023-06,1
84b25d5ffffffff-2023-07,3
84b25d5ffffffff-2023-08,6
84b25d5ffffffff-2023-09,6
84b25d5ffffffff-2023-10,20
84b25d5ffffffff-2023-11,18
84b25d9ffffffff-2017-11,4
84b25d9ffffffff-2019-10,4
84b25d9ffffffff-2020-01,4
84b25d9ffffffff-2020-02,3
84b25d9ffffffff-2020-09,1
84b25d9ffffffff-2020-10,2
84b25d9ffffffff-2020-11,1
84b25d9ffffffff-2020-12,2
84b25d9ffffffff-2021-01,1
84b25d9ffffffff-2021-02,1
84b25d9ffffffff-2021-03,1
84b25d9ffffffff-2021-10,2
84b25d9ffffffff-2021-11,2
84b25d9ffffffff-2022-01,2
84b25d9ffffffff-2022-02,2
84b25d9ffffffff-2022-03,1
84b25d9ffffffff-2022-04,1
84b25d9ffffffff-2022-09,1
84b25d9ffffffff-2022-10,2
84b25d9ffffffff-2022-11,13
84b25d9ffffffff-2022-12,2
84b25d9ffffffff-2023-02,6
84b25d9ffffffff-2023-03,2
84b25d9ffffffff-2023-10,4
84b25d9ffffffff-2023-11,1
84b25dbffffffff-2018-03,1
84b25dbffffffff-2018-12,2
84b25dbffffffff-2019-12,1
84b25dbffffffff-2020-09,1
84b25dbffffffff-2020-10,1
84b25dbffffffff-2020-12,3
84b25dbffffffff-2021-01,1
84b25dbffffffff-2021-02,1
84b25dbffffffff-2021-12,1
84b25dbffffffff-2022-01,1
84b25dbffffffff-2022-10,1
84b25ddffffffff-2014-10,1
84b25ddffffffff-2018-03,1
84b25ddffffffff-2021-08,1
84b25ddffffffff-2021-09,2
84b25ddffffffff-2021-11,3
84b25ddffffffff-2021-12,2
84b25ddffffffff-2022-02,1
84b25ddffffffff-2022-10,2
84b25ddffffffff-2022-11,3
84b25ddffffffff-2023-01,1
84b25ddffffffff-2023-07,2
84b25ddffffffff-2023-09,1
84b25ddffffffff-2023-10,3
84b25ddffffffff-2023-11,2
84b25e1ffffffff-2023-03,3
84b25e1ffffffff-2023-05,1
84b25e7ffffffff-2018-01,2
84b25e7ffffffff-2018-10,2
84b25e7ffffffff-2018-11,1
84b25e7ffffffff-2019-05,2
84b25e7ffffffff-2019-10,4
84b25e7ffffffff-2020-02,1
84b25e7ffffffff-2020-10,2
84b25e7ffffffff-2022-12,1
84b260bffffffff-2018-09,1
84b2611ffffffff-2021-02,4
84b261bffffffff-2019-08,2
84b261bffffffff-2021-12,1
84b2625ffffffff-2021-01,2
84b2627ffffffff-2018-03,1
84b262bffffffff-2022-01,2
84b262dffffffff-2021-09,2
84b262dffffffff-2021-10,9
84b262dffffffff-2021-11,1
84b262dffffffff-2021-12,13
84b262dffffffff-2022-01,2
84b262dffffffff-2022-02,2
84b262dffffffff-2022-03,2
84b262dffffffff-2022-04,2
84b262dffffffff-2022-05,1
84b262dffffffff-2022-09,2
84b262dffffffff-2022-10,4
84b262dffffffff-2022-11,2
84b262dffffffff-2022-12,3
84b262dffffffff-2023-01,11
84b262dffffffff-2023-03,2
84b262dffffffff-2023-08,1
84b262dffffffff-2023-09,1
84b262dffffffff-2023-10,10
84b262dffffffff-2023-11,3
84b2631ffffffff-2022-12,1
84b263dffffffff-2022-01,1
84b263dffffffff-2022-10,1
84b263dffffffff-2023-03,3
84b2661ffffffff-2022-04,2
84b2661ffffffff-2023-07,6
84b2663ffffffff-2022-12,2
84b2663ffffffff-2023-01,1
84b2663ffffffff-2023-09,2
84b2663ffffffff-2023-10,2
84b2665ffffffff-2023-02,5
84b2681ffffffff-2016-11,1
84b2681ffffffff-2022-07,2
84b2683ffffffff-2016-10,2
84b2683ffffffff-2019-10,1
84b2683ffffffff-2020-06,1
84b2683ffffffff-2020-08,1
84b2683ffffffff-2021-08,1
84b2683ffffffff-2021-09,1
84b2683ffffffff-2021-10,8
84b2687ffffffff-2014-03,6
84b2687ffffffff-2017-12,4
84b2687ffffffff-2018-09,1
84b2687ffffffff-2023-01,2
84b2689ffffffff-2016-03,2
84b2689ffffffff-2020-07,2
84b2689ffffffff-2020-09,2
84b2689ffffffff-2020-11,2
84b2689ffffffff-2021-07,2
84b2689ffffffff-2022-10,2
84b268bffffffff-2019-12,2
84b268bffffffff-2020-01,2
84b268bffffffff-2020-07,4
84b268bffffffff-2020-08,8
84b268bffffffff-2020-09,12
84b268bffffffff-2020-10,6
84b268bffffffff-2021-06,2
84b268bffffffff-2021-08,5
84b268bffffffff-2021-09,2
84b268bffffffff-2021-10,4
84b268bffffffff-2022-04,2
84b268bffffffff-2022-05,6
84b268bffffffff-2022-06,6
84b268bffffffff-2022-07,2
84b268bffffffff-2022-08,2
84b268bffffffff-2022-09,6
84b268bffffffff-2022-10,4
84b268bffffffff-2022-12,5
84b268bffffffff-2023-01,1
84b268bffffffff-2023-02,4
84b268bffffffff-2023-09,4
84b268bffffffff-2023-10,2
84b268dffffffff-2018-10,2
84b268dffffffff-2022-09,2
84b268dffffffff-2023-02,1
84b268dffffffff-2023-03,1
84b2691ffffffff-2013-12,1
84b2691ffffffff-2018-12,2
84b2691ffffffff-2019-07,2
84b2691ffffffff-2019-10,4
84b2691ffffffff-2019-11,1
84b2691ffffffff-2020-01,3
84b2691ffffffff-2020-02,3
84b2691ffffffff-2020-05,1
84b2691ffffffff-2020-06,1
84b2691ffffffff-2020-08,3
84b2691ffffffff-2020-09,2
84b2691ffffffff-2020-11,2
84b2691ffffffff-2021-01,6
84b2691ffffffff-2021-02,15
84b2691ffffffff-2021-03,2
84b2691ffffffff-2021-10,5
84b2691ffffffff-2021-11,2
84b2691ffffffff-2022-01,1
84b2691ffffffff-2022-10,5
84b2691ffffffff-2022-11,2
84b2691ffffffff-2023-01,3
84b2691ffffffff-2023-02,2
84b2691ffffffff-2023-05,1
84b2691ffffffff-2023-06,1
84b2691ffffffff-2023-07,6
84b2691ffffffff-2023-08,3
84b2691ffffffff-2023-09,2
84b2691ffffffff-2023-10,6
84b2691ffffffff-2023-11,2
84b2693ffffffff-2018-06,1
84b2693ffffffff-2019-03,3
84b2693ffffffff-2019-12,17
84b2693ffffffff-2020-12,11
84b2693ffffffff-2021-04,1
84b2693ffffffff-2022-03,1
84b2693ffffffff-2022-05,1
84b2693ffffffff-2023-02,1
84b2693ffffffff-2023-03,2
84b2693ffffffff-2023-06,6
84b2695ffffffff-2019-11,1
84b2695ffffffff-2020-05,1
84b2695ffffffff-2020-07,1
84b2695ffffffff-2020-08,1
84b2697ffffffff-2017-01,1
84b2697ffffffff-2019-03,1
84b2697ffffffff-2019-11,1
84b2697ffffffff-2020-03,1
84b2697ffffffff-2020-11,1
84b2697ffffffff-2022-02,3
84b2697ffffffff-2022-09,2
84b2699ffffffff-2018-10,1
84b2699ffffffff-2022-04,2
84b2699ffffffff-2023-03,2
84b269bffffffff-2018-03,1
84b269bffffffff-2023-01,2
84b269bffffffff-2023-03,2
84b269dffffffff-2020-08,5
84b26a3ffffffff-2023-02,1
84b26a5ffffffff-2020-10,1
84b26a5ffffffff-2021-12,2
84b26b1ffffffff-2019-06,1
84b26b1ffffffff-2022-03,1
84b26b3ffffffff-2018-08,6
84b26b5ffffffff-2019-02,1
84b26b5ffffffff-2021-12,1
84b26b5ffffffff-2023-02,1
84b26b7ffffffff-2020-11,2
84b26b7ffffffff-2023-02,2
84b26b9ffffffff-2021-10,2
84b26b9ffffffff-2021-12,2
84b26b9ffffffff-2022-12,2
84b26b9ffffffff-2023-02,4
84b26bbffffffff-2022-10,1
84b26bbffffffff-2023-02,1
84b26bdffffffff-2015-03,1
84b26bdffffffff-2018-01,2
84b26bdffffffff-2019-02,1
84b26bdffffffff-2019-03,1
84b26bdffffffff-2019-11,1
84b26bdffffffff-2019-12,2
84b26bdffffffff-2020-01,2
84b26bdffffffff-2020-11,3
84b26bdffffffff-2022-02,1
84b26bdffffffff-2022-08,1
84b26bdffffffff-2022-12,3
84b26bdffffffff-2023-02,2
84b26bdffffffff-2023-11,1
84b26c3ffffffff-2020-08,4
84b26cdffffffff-2022-08,1
84b26d1ffffffff-2023-10,1
84b26d3ffffffff-2021-09,3
84b26d3ffffffff-2023-01,1
84b26d3ffffffff-2023-10,1
84b26d5ffffffff-2021-08,4
84b26d7ffffffff-2020-08,2
84b26d7ffffffff-2021-08,2
84b26d7ffffffff-2022-02,4
84b26d7ffffffff-2022-03,1
84b26d7ffffffff-2022-11,2
84b26d7ffffffff-2023-02,2
84b26d7ffffffff-2023-03,2
84b26d7ffffffff-2023-09,2
84b26d7ffffffff-2023-10,2
84b26d9ffffffff-2021-10,2
84b26d9ffffffff-2023-11,3
84b26ddffffffff-2020-02,2
84b26ddffffffff-2021-01,3
84b26ddffffffff-2021-02,1
84b26ddffffffff-2022-08,6
84b26e3ffffffff-2021-01,2
84b26e3ffffffff-2021-04,1
84b26e3ffffffff-2022-02,2
84b26e7ffffffff-2018-08,2
84b26e7ffffffff-2023-09,3
84b2701ffffffff-2022-10,1
84b2703ffffffff-2020-10,4
84b2703ffffffff-2020-11,1
84b2703ffffffff-2020-12,1
84b2703ffffffff-2021-04,1
84b2709ffffffff-2020-12,1
84b2709ffffffff-2022-03,1
84b2709ffffffff-2022-12,1
84b2709ffffffff-2023-01,3
84b2709ffffffff-2023-04,1
84b2709ffffffff-2023-10,1
84b270bffffffff-2021-10,1
84b2727ffffffff-2023-03,1
84b2731ffffffff-2023-03,1
84b2733ffffffff-2023-04,1
84b2743ffffffff-2018-10,1
84b2743ffffffff-2020-03,1
84b2749ffffffff-2016-01,1
84b2749ffffffff-2017-04,1
84b2749ffffffff-2018-03,8
84b2749ffffffff-2018-04,7
84b2749ffffffff-2018-09,3
84b2749ffffffff-2020-03,2
84b2749ffffffff-2021-03,7
84b2749ffffffff-2021-10,2
84b2749ffffffff-2022-02,1
84b2749ffffffff-2022-03,2
84b2749ffffffff-2022-04,1
84b2749ffffffff-2022-11,20
84b2749ffffffff-2023-01,16
84b2749ffffffff-2023-02,2
84b2749ffffffff-2023-03,1
84b2749ffffffff-2023-04,2
84b2749ffffffff-2023-07,1
84b2749ffffffff-2023-09,1
84b2749ffffffff-2023-10,4
84b2749ffffffff-2023-11,1
84b274bffffffff-2023-01,1
84b275bffffffff-2015-01,1
84b275bffffffff-2017-02,1
84b275bffffffff-2017-03,1
84b275bffffffff-2018-01,2
84b275bffffffff-2020-10,6
84b275bffffffff-2020-11,8
84b275bffffffff-2021-02,6
84b275bffffffff-2021-05,2
84b275bffffffff-2021-10,4
84b275bffffffff-2021-12,8
84b275bffffffff-2022-01,4
84b275bffffffff-2022-02,2
84b275bffffffff-2022-03,7
84b275bffffffff-2022-08,1
84b275bffffffff-2022-11,6
84b275bffffffff-2022-12,12
84b275bffffffff-2023-01,4
84b275bffffffff-2023-02,12
84b275bffffffff-2023-03,5
84b275bffffffff-2023-09,2
84b275bffffffff-2023-10,4
84b275dffffffff-2014-01,2
84b275dffffffff-2015-11,1
84b275dffffffff-2018-04,1
84b275dffffffff-2019-01,1
84b275dffffffff-2021-02,2
84b275dffffffff-2021-03,1
84b275dffffffff-2022-04,3
84b275dffffffff-2023-02,1
84b275dffffffff-2023-07,3
84b275dffffffff-2023-08,3
84b275dffffffff-2023-09,2
84b2767ffffffff-2023-04,1
84b2c01ffffffff-2023-01,4
84b2c01ffffffff-2023-11,1
84b2c03ffffffff-2015-01,2
84b2c03ffffffff-2020-02,1
84b2c03ffffffff-2022-01,1
84b2c03ffffffff-2023-01,1
84b2c05ffffffff-2015-02,1
84b2c05ffffffff-2017-09,1
84b2c05ffffffff-2017-11,5
84b2c05ffffffff-2018-02,2
84b2c05ffffffff-2019-01,12
84b2c05ffffffff-2021-03,2
84b2c05ffffffff-2022-02,1
84b2c05ffffffff-2022-05,11
84b2c05ffffffff-2022-10,1
84b2c05ffffffff-2023-01,2
84b2c05ffffffff-2023-02,2
84b2c07ffffffff-2021-12,1
84b2c09ffffffff-2018-02,5
84b2c09ffffffff-2021-12,3
84b2c09ffffffff-2022-03,2
84b2c09ffffffff-2023-03,1
84b2c09ffffffff-2023-10,7
84b2c09ffffffff-2023-11,2
84b2c0bffffffff-2012-12,1
84b2c0bffffffff-2015-12,1
84b2c0bffffffff-2017-03,4
84b2c0bffffffff-2019-01,2
84b2c0bffffffff-2019-03,3
84b2c0bffffffff-2020-01,3
84b2c0bffffffff-2020-12,1
84b2c0bffffffff-2021-01,6
84b2c0bffffffff-2021-02,1
84b2c0bffffffff-2021-03,1
84b2c0bffffffff-2022-02,2
84b2c0bffffffff-2022-03,8
84b2c0bffffffff-2022-05,1
84b2c0bffffffff-2022-12,4
84b2c0bffffffff-2023-01,2
84b2c0bffffffff-2023-11,6
84b2c0dffffffff-2012-01,1
84b2c0dffffffff-2012-02,11
84b2c0dffffffff-2012-03,4
84b2c0dffffffff-2012-04,1
84b2c0dffffffff-2012-09,1
84b2c0dffffffff-2012-10,5
84b2c0dffffffff-2012-11,2
84b2c0dffffffff-2012-12,3
84b2c0dffffffff-2013-02,12
84b2c0dffffffff-2013-03,2
84b2c0dffffffff-2013-09,1
84b2c0dffffffff-2013-10,30
84b2c0dffffffff-2013-11,5
84b2c0dffffffff-2013-12,1
84b2c0dffffffff-2014-01,1
84b2c0dffffffff-2014-02,2
84b2c0dffffffff-2014-03,6
84b2c0dffffffff-2014-04,1
84b2c0dffffffff-2014-07,4
84b2c0dffffffff-2014-08,3
84b2c0dffffffff-2014-09,3
84b2c0dffffffff-2014-10,2
84b2c0dffffffff-2014-11,15
84b2c0dffffffff-2014-12,11
84b2c0dffffffff-2015-01,3
84b2c0dffffffff-2015-02,5
84b2c0dffffffff-2015-03,6
84b2c0dffffffff-2015-04,1
84b2c0dffffffff-2015-10,9
84b2c0dffffffff-2015-11,13
84b2c0dffffffff-2015-12,5
84b2c0dffffffff-2016-01,13
84b2c0dffffffff-2016-02,27
84b2c0dffffffff-2016-03,1
84b2c0dffffffff-2016-04,2
84b2c0dffffffff-2016-05,2
84b2c0dffffffff-2016-08,3
84b2c0dffffffff-2016-09,5
84b2c0dffffffff-2016-10,14
84b2c0dffffffff-2016-11,37
84b2c0dffffffff-2016-12,11
84b2c0dffffffff-2017-01,6
84b2c0dffffffff-2017-02,22
84b2c0dffffffff-2017-04,3
84b2c0dffffffff-2017-09,7
84b2c0dffffffff-2017-10,6
84b2c0dffffffff-2017-11,15
84b2c0dffffffff-2018-01,9
84b2c0dffffffff-2018-02,26
84b2c0dffffffff-2018-03,12
84b2c0dffffffff-2018-04,5
84b2c0dffffffff-2018-05,1
84b2c0dffffffff-2018-06,5
84b2c0dffffffff-2018-08,1
84b2c0dffffffff-2018-09,8
84b2c0dffffffff-2018-10,13
84b2c0dffffffff-2018-11,12
84b2c0dffffffff-2018-12,19
84b2c0dffffffff-2019-01,33
84b2c0dffffffff-2019-02,19
84b2c0dffffffff-2019-03,19
84b2c0dffffffff-2019-04,10
84b2c0dffffffff-2019-05,1
84b2c0dffffffff-2019-07,1
84b2c0dffffffff-2019-08,7
84b2c0dffffffff-2019-09,9
84b2c0dffffffff-2019-10,18
84b2c0dffffffff-2019-11,41
84b2c0dffffffff-2019-12,20
84b2c0dffffffff-2020-01,46
84b2c0dffffffff-2020-02,57
84b2c0dffffffff-2020-03,21
84b2c0dffffffff-2020-08,1
84b2c0dffffffff-2020-09,4
84b2c0dffffffff-2020-10,16
84b2c0dffffffff-2020-11,4
84b2c0dffffffff-2020-12,10
84b2c0dffffffff-2021-01,14
84b2c0dffffffff-2021-02,30
84b2c0dffffffff-2021-03,12
84b2c0dffffffff-2021-04,10
84b2c0dffffffff-2021-05,2
84b2c0dffffffff-2021-08,3
84b2c0dffffffff-2021-09,15
84b2c0dffffffff-2021-10,20
84b2c0dffffffff-2021-11,11
84b2c0dffffffff-2021-12,10
84b2c0dffffffff-2022-01,28
84b2c0dffffffff-2022-02,70
84b2c0dffffffff-2022-03,78
84b2c0dffffffff-2022-04,43
84b2c0dffffffff-2022-05,16
84b2c0dffffffff-2022-06,24
84b2c0dffffffff-2022-07,12
84b2c0dffffffff-2022-08,12
84b2c0dffffffff-2022-09,19
84b2c0dffffffff-2022-10,74
84b2c0dffffffff-2022-11,29
84b2c0dffffffff-2022-12,65
84b2c0dffffffff-2023-01,161
84b2c0dffffffff-2023-02,110
84b2c0dffffffff-2023-03,88
84b2c0dffffffff-2023-04,41
84b2c0dffffffff-2023-05,27
84b2c0dffffffff-2023-06,26
84b2c0dffffffff-2023-07,20
84b2c0dffffffff-2023-08,22
84b2c0dffffffff-2023-09,81
84b2c0dffffffff-2023-10,174
84b2c0dffffffff-2023-11,110
84b2c15ffffffff-2020-12,1
84b2c15ffffffff-2021-01,1
84b2c15ffffffff-2021-02,7
84b2c15ffffffff-2021-03,1
84b2c15ffffffff-2021-07,2
84b2c15ffffffff-2021-11,5
84b2c15ffffffff-2021-12,2
84b2c15ffffffff-2022-01,2
84b2c15ffffffff-2022-02,1
84b2c15ffffffff-2022-03,4
84b2c15ffffffff-2022-04,5
84b2c15ffffffff-2022-07,2
84b2c15ffffffff-2022-08,1
84b2c15ffffffff-2023-01,6
84b2c15ffffffff-2023-02,4
84b2c15ffffffff-2023-05,3
84b2c15ffffffff-2023-06,2
84b2c15ffffffff-2023-08,1
84b2c15ffffffff-2023-09,18
84b2c15ffffffff-2023-10,19
84b2c15ffffffff-2023-11,15
84b2c2bffffffff-2012-02,1
84b2c2bffffffff-2013-02,4
84b2c2bffffffff-2013-09,1
84b2c2bffffffff-2014-01,2
84b2c2bffffffff-2014-10,1
84b2c2bffffffff-2015-02,8
84b2c2bffffffff-2015-08,1
84b2c2bffffffff-2015-10,2
84b2c2bffffffff-2015-11,1
84b2c2bffffffff-2015-12,1
84b2c2bffffffff-2016-02,8
84b2c2bffffffff-2017-02,12
84b2c2bffffffff-2017-04,1
84b2c2bffffffff-2017-12,1
84b2c2bffffffff-2018-01,1
84b2c2bffffffff-2018-02,6
84b2c2bffffffff-2018-04,2
84b2c2bffffffff-2018-05,2
84b2c2bffffffff-2018-10,2
84b2c2bffffffff-2018-11,2
84b2c2bffffffff-2018-12,6
84b2c2bffffffff-2019-01,4
84b2c2bffffffff-2019-02,4
84b2c2bffffffff-2019-03,2
84b2c2bffffffff-2019-04,1
84b2c2bffffffff-2019-08,1
84b2c2bffffffff-2019-09,4
84b2c2bffffffff-2019-10,3
84b2c2bffffffff-2019-11,11
84b2c2bffffffff-2019-12,2
84b2c2bffffffff-2020-01,3
84b2c2bffffffff-2020-02,8
84b2c2bffffffff-2020-03,2
84b2c2bffffffff-2020-10,1
84b2c2bffffffff-2020-11,1
84b2c2bffffffff-2020-12,1
84b2c2bffffffff-2021-01,1
84b2c2bffffffff-2021-02,6
84b2c2bffffffff-2021-09,5
84b2c2bffffffff-2021-11,1
84b2c2bffffffff-2021-12,2
84b2c2bffffffff-2022-01,4
84b2c2bffffffff-2022-02,7
84b2c2bffffffff-2022-03,8
84b2c2bffffffff-2022-04,6
84b2c2bffffffff-2022-10,8
84b2c2bffffffff-2022-11,5
84b2c2bffffffff-2022-12,4
84b2c2bffffffff-2023-01,31
84b2c2bffffffff-2023-02,64
84b2c2bffffffff-2023-03,17
84b2c2bffffffff-2023-04,10
84b2c2bffffffff-2023-05,5
84b2c2bffffffff-2023-10,1
84b2c2bffffffff-2023-11,4
84b2c31ffffffff-2019-04,1
84b2c31ffffffff-2020-10,1
84b2c31ffffffff-2020-12,1
84b2c31ffffffff-2021-01,2
84b2c31ffffffff-2021-02,1
84b2c31ffffffff-2021-11,1
84b2c31ffffffff-2022-01,1
84b2c31ffffffff-2022-02,2
84b2c31ffffffff-2022-03,1
84b2c31ffffffff-2022-04,1
84b2c31ffffffff-2022-05,1
84b2c31ffffffff-2022-09,1
84b2c31ffffffff-2022-11,1
84b2c31ffffffff-2023-02,1
84b2c31ffffffff-2023-07,4
84b2c31ffffffff-2023-09,1
84b2c33ffffffff-2023-03,2
84b2c35ffffffff-2012-01,1
84b2c35ffffffff-2012-02,2
84b2c35ffffffff-2012-03,2
84b2c35ffffffff-2012-07,2
84b2c35ffffffff-2013-02,8
84b2c35ffffffff-2014-02,20
84b2c35ffffffff-2014-05,1
84b2c35ffffffff-2014-06,2
84b2c35ffffffff-2014-07,5
84b2c35ffffffff-2015-02,4
84b2c35ffffffff-2015-03,3
84b2c35ffffffff-2015-05,1
84b2c35ffffffff-2015-10,3
84b2c35ffffffff-2015-11,3
84b2c35ffffffff-2016-01,2
84b2c35ffffffff-2016-02,11
84b2c35ffffffff-2016-11,1
84b2c35ffffffff-2016-12,2
84b2c35ffffffff-2017-04,1
84b2c35ffffffff-2018-01,1
84b2c35ffffffff-2018-02,1
84b2c35ffffffff-2018-04,4
84b2c35ffffffff-2018-06,1
84b2c35ffffffff-2018-10,1
84b2c35ffffffff-2019-01,2
84b2c35ffffffff-2019-03,6
84b2c35ffffffff-2019-10,2
84b2c35ffffffff-2019-11,3
84b2c35ffffffff-2020-01,5
84b2c35ffffffff-2020-02,1
84b2c35ffffffff-2020-09,2
84b2c35ffffffff-2020-10,5
84b2c35ffffffff-2020-11,2
84b2c35ffffffff-2020-12,1
84b2c35ffffffff-2021-01,6
84b2c35ffffffff-2021-02,7
84b2c35ffffffff-2021-03,2
84b2c35ffffffff-2021-08,3
84b2c35ffffffff-2021-10,14
84b2c35ffffffff-2021-11,1
84b2c35ffffffff-2021-12,2
84b2c35ffffffff-2022-01,1
84b2c35ffffffff-2022-02,18
84b2c35ffffffff-2022-03,6
84b2c35ffffffff-2022-05,1
84b2c35ffffffff-2022-06,2
84b2c35ffffffff-2022-10,13
84b2c35ffffffff-2022-11,6
84b2c35ffffffff-2022-12,11
84b2c35ffffffff-2023-01,25
84b2c35ffffffff-2023-02,46
84b2c35ffffffff-2023-03,10
84b2c35ffffffff-2023-04,11
84b2c35ffffffff-2023-05,3
84b2c35ffffffff-2023-10,8
84b2c35ffffffff-2023-11,5
84b2c39ffffffff-2020-10,1
84b2c39ffffffff-2020-12,1
84b2c39ffffffff-2021-01,3
84b2c39ffffffff-2021-02,5
84b2c39ffffffff-2021-03,3
84b2c39ffffffff-2021-10,1
84b2c39ffffffff-2021-12,3
84b2c39ffffffff-2022-01,4
84b2c39ffffffff-2022-02,3
84b2c39ffffffff-2022-04,2
84b2c39ffffffff-2022-05,2
84b2c39ffffffff-2022-08,2
84b2c39ffffffff-2022-12,2
84b2c39ffffffff-2023-02,1
84b2c39ffffffff-2023-04,1
84b2c3bffffffff-2013-02,3
84b2c3bffffffff-2015-02,2
84b2c3bffffffff-2016-02,2
84b2c3bffffffff-2018-10,2
84b2c3bffffffff-2022-02,2
84b2c3bffffffff-2023-01,2
84b2c3dffffffff-2012-02,3
84b2c3dffffffff-2013-02,8
84b2c3dffffffff-2013-07,3
84b2c3dffffffff-2014-01,3
84b2c3dffffffff-2014-02,20
84b2c3dffffffff-2014-09,1
84b2c3dffffffff-2015-02,16
84b2c3dffffffff-2015-04,19
84b2c3dffffffff-2015-08,1
84b2c3dffffffff-2015-09,1
84b2c3dffffffff-2015-10,3
84b2c3dffffffff-2015-11,1
84b2c3dffffffff-2016-01,2
84b2c3dffffffff-2016-02,23
84b2c3dffffffff-2017-02,3
84b2c3dffffffff-2017-07,6
84b2c3dffffffff-2017-12,1
84b2c3dffffffff-2018-02,6
84b2c3dffffffff-2018-03,3
84b2c3dffffffff-2018-04,2
84b2c3dffffffff-2018-09,2
84b2c3dffffffff-2018-10,1
84b2c3dffffffff-2018-11,1
84b2c3dffffffff-2018-12,3
84b2c3dffffffff-2019-01,1
84b2c3dffffffff-2019-02,1
84b2c3dffffffff-2019-03,1
84b2c3dffffffff-2019-04,2
84b2c3dffffffff-2019-05,1
84b2c3dffffffff-2019-10,1
84b2c3dffffffff-2019-11,12
84b2c3dffffffff-2020-01,8
84b2c3dffffffff-2020-02,8
84b2c3dffffffff-2020-11,2
84b2c3dffffffff-2020-12,3
84b2c3dffffffff-2021-01,3
84b2c3dffffffff-2021-02,27
84b2c3dffffffff-2021-09,2
84b2c3dffffffff-2021-10,3
84b2c3dffffffff-2021-11,3
84b2c3dffffffff-2021-12,1
84b2c3dffffffff-2022-01,5
84b2c3dffffffff-2022-02,12
84b2c3dffffffff-2022-03,3
84b2c3dffffffff-2022-09,1
84b2c3dffffffff-2022-10,4
84b2c3dffffffff-2022-11,11
84b2c3dffffffff-2022-12,1
84b2c3dffffffff-2023-01,8
84b2c3dffffffff-2023-02,39
84b2c3dffffffff-2023-03,10
84b2c3dffffffff-2023-04,1
84b2c3dffffffff-2023-09,3
84b2c3dffffffff-2023-11,6
84b2c41ffffffff-2012-01,5
84b2c41ffffffff-2012-02,7
84b2c41ffffffff-2012-03,1
84b2c41ffffffff-2012-04,13
84b2c41ffffffff-2012-07,2
84b2c41ffffffff-2012-09,2
84b2c41ffffffff-2012-10,3
84b2c41ffffffff-2012-11,1
84b2c41ffffffff-2013-01,1
84b2c41ffffffff-2013-02,4
84b2c41ffffffff-2013-03,5
84b2c41ffffffff-2013-04,7
84b2c41ffffffff-2013-05,1
84b2c41ffffffff-2013-06,5
84b2c41ffffffff-2013-08,3
84b2c41ffffffff-2013-09,1
84b2c41ffffffff-2013-10,1
84b2c41ffffffff-2013-11,5
84b2c41ffffffff-2013-12,4
84b2c41ffffffff-2014-01,5
84b2c41ffffffff-2014-02,11
84b2c41ffffffff-2014-03,7
84b2c41ffffffff-2014-04,7
84b2c41ffffffff-2014-07,1
84b2c41ffffffff-2014-08,1
84b2c41ffffffff-2014-09,1
84b2c41ffffffff-2014-10,7
84b2c41ffffffff-2014-11,4
84b2c41ffffffff-2014-12,3
84b2c41ffffffff-2015-01,12
84b2c41ffffffff-2015-02,2
84b2c41ffffffff-2015-03,11
84b2c41ffffffff-2015-05,1
84b2c41ffffffff-2015-08,1
84b2c41ffffffff-2015-09,2
84b2c41ffffffff-2015-10,5
84b2c41ffffffff-2015-11,2
84b2c41ffffffff-2015-12,2
84b2c41ffffffff-2016-02,14
84b2c41ffffffff-2016-03,8
84b2c41ffffffff-2016-04,4
84b2c41ffffffff-2016-09,7
84b2c41ffffffff-2016-10,2
84b2c41ffffffff-2016-12,10
84b2c41ffffffff-2017-01,18
84b2c41ffffffff-2017-02,20
84b2c41ffffffff-2017-03,17
84b2c41ffffffff-2017-04,7
84b2c41ffffffff-2017-05,3
84b2c41ffffffff-2017-06,1
84b2c41ffffffff-2017-07,1
84b2c41ffffffff-2017-10,7
84b2c41ffffffff-2017-11,6
84b2c41ffffffff-2017-12,1
84b2c41ffffffff-2018-01,11
84b2c41ffffffff-2018-02,15
84b2c41ffffffff-2018-03,6
84b2c41ffffffff-2018-04,8
84b2c41ffffffff-2018-05,3
84b2c41ffffffff-2018-09,1
84b2c41ffffffff-2018-10,7
84b2c41ffffffff-2018-11,2
84b2c41ffffffff-2018-12,9
84b2c41ffffffff-2019-01,26
84b2c41ffffffff-2019-02,14
84b2c41ffffffff-2019-03,54
84b2c41ffffffff-2019-04,18
84b2c41ffffffff-2019-05,28
84b2c41ffffffff-2019-06,4
84b2c41ffffffff-2019-08,3
84b2c41ffffffff-2019-09,13
84b2c41ffffffff-2019-10,14
84b2c41ffffffff-2019-11,22
84b2c41ffffffff-2019-12,21
84b2c41ffffffff-2020-01,21
84b2c41ffffffff-2020-02,67
84b2c41ffffffff-2020-03,25
84b2c41ffffffff-2020-05,2
84b2c41ffffffff-2020-08,1
84b2c41ffffffff-2020-09,4
84b2c41ffffffff-2020-10,36
84b2c41ffffffff-2020-11,42
84b2c41ffffffff-2020-12,21
84b2c41ffffffff-2021-01,48
84b2c41ffffffff-2021-02,31
84b2c41ffffffff-2021-03,20
84b2c41ffffffff-2021-04,3
84b2c41ffffffff-2021-05,1
84b2c41ffffffff-2021-07,1
84b2c41ffffffff-2021-09,9
84b2c41ffffffff-2021-10,19
84b2c41ffffffff-2021-11,22
84b2c41ffffffff-2021-12,22
84b2c41ffffffff-2022-01,24
84b2c41ffffffff-2022-02,65
84b2c41ffffffff-2022-03,46
84b2c41ffffffff-2022-04,69
84b2c41ffffffff-2022-05,26
84b2c41ffffffff-2022-06,9
84b2c41ffffffff-2022-07,21
84b2c41ffffffff-2022-08,17
84b2c41ffffffff-2022-09,13
84b2c41ffffffff-2022-10,42
84b2c41ffffffff-2022-11,78
84b2c41ffffffff-2022-12,43
84b2c41ffffffff-2023-01,49
84b2c41ffffffff-2023-02,75
84b2c41ffffffff-2023-03,30
84b2c41ffffffff-2023-04,48
84b2c41ffffffff-2023-05,26
84b2c41ffffffff-2023-06,3
84b2c41ffffffff-2023-07,12
84b2c41ffffffff-2023-08,2
84b2c41ffffffff-2023-09,9
84b2c41ffffffff-2023-10,68
84b2c41ffffffff-2023-11,61
84b2c45ffffffff-2013-03,1
84b2c45ffffffff-2021-03,2
84b2c45ffffffff-2022-11,1
84b2c47ffffffff-2014-01,2
84b2c47ffffffff-2014-03,1
84b2c47ffffffff-2015-01,1
84b2c47ffffffff-2016-02,1
84b2c47ffffffff-2018-04,2
84b2c47ffffffff-2018-09,1
84b2c47ffffffff-2019-01,1
84b2c47ffffffff-2019-03,2
84b2c47ffffffff-2019-10,6
84b2c47ffffffff-2019-12,1
84b2c47ffffffff-2020-02,2
84b2c47ffffffff-2020-03,1
84b2c47ffffffff-2020-11,1
84b2c47ffffffff-2020-12,3
84b2c47ffffffff-2021-02,11
84b2c47ffffffff-2021-03,7
84b2c47ffffffff-2021-04,1
84b2c47ffffffff-2021-10,5
84b2c47ffffffff-2021-11,1
84b2c47ffffffff-2022-01,6
84b2c47ffffffff-2022-02,3
84b2c47ffffffff-2022-03,9
84b2c47ffffffff-2022-04,2
84b2c47ffffffff-2022-10,2
84b2c47ffffffff-2022-11,3
84b2c47ffffffff-2022-12,5
84b2c47ffffffff-2023-01,7
84b2c47ffffffff-2023-02,28
84b2c47ffffffff-2023-03,11
84b2c47ffffffff-2023-04,10
84b2c47ffffffff-2023-05,3
84b2c47ffffffff-2023-06,1
84b2c47ffffffff-2023-10,15
84b2c47ffffffff-2023-11,25
84b2c49ffffffff-2012-01,1
84b2c49ffffffff-2012-02,4
84b2c49ffffffff-2012-04,3
84b2c49ffffffff-2013-01,2
84b2c49ffffffff-2013-02,1
84b2c49ffffffff-2013-03,1
84b2c49ffffffff-2013-04,4
84b2c49ffffffff-2013-09,1
84b2c49ffffffff-2013-10,1
84b2c49ffffffff-2014-01,1
84b2c49ffffffff-2014-02,1
84b2c49ffffffff-2014-12,1
84b2c49ffffffff-2015-01,3
84b2c49ffffffff-2015-03,2
84b2c49ffffffff-2016-01,1
84b2c49ffffffff-2016-03,1
84b2c49ffffffff-2016-04,1
84b2c49ffffffff-2017-01,1
84b2c49ffffffff-2017-02,2
84b2c49ffffffff-2017-03,3
84b2c49ffffffff-2017-04,3
84b2c49ffffffff-2018-02,1
84b2c49ffffffff-2018-03,4
84b2c49ffffffff-2018-04,5
84b2c49ffffffff-2018-11,1
84b2c49ffffffff-2018-12,1
84b2c49ffffffff-2019-02,5
84b2c49ffffffff-2019-03,4
84b2c49ffffffff-2019-06,2
84b2c49ffffffff-2020-01,5
84b2c49ffffffff-2020-02,4
84b2c49ffffffff-2020-03,2
84b2c49ffffffff-2020-12,1
84b2c49ffffffff-2021-02,5
84b2c49ffffffff-2021-03,9
84b2c49ffffffff-2021-04,1
84b2c49ffffffff-2021-05,4
84b2c49ffffffff-2022-02,3
84b2c49ffffffff-2022-03,10
84b2c49ffffffff-2022-04,8
84b2c49ffffffff-2022-10,4
84b2c49ffffffff-2022-11,4
84b2c49ffffffff-2022-12,3
84b2c49ffffffff-2023-01,3
84b2c49ffffffff-2023-02,19
84b2c49ffffffff-2023-03,7
84b2c49ffffffff-2023-04,9
84b2c49ffffffff-2023-05,2
84b2c49ffffffff-2023-11,15
84b2c4dffffffff-2012-01,1
84b2c4dffffffff-2013-04,3
84b2c4dffffffff-2013-12,2
84b2c4dffffffff-2014-12,1
84b2c4dffffffff-2015-01,1
84b2c4dffffffff-2015-03,1
84b2c4dffffffff-2016-01,1
84b2c4dffffffff-2016-02,2
84b2c4dffffffff-2016-03,2
84b2c4dffffffff-2017-02,1
84b2c4dffffffff-2019-02,5
84b2c4dffffffff-2019-03,2
84b2c4dffffffff-2020-01,3
84b2c4dffffffff-2020-02,3
84b2c4dffffffff-2020-03,1
84b2c4dffffffff-2020-10,1
84b2c4dffffffff-2021-02,1
84b2c4dffffffff-2021-03,3
84b2c4dffffffff-2022-02,7
84b2c4dffffffff-2022-03,1
84b2c4dffffffff-2022-06,3
84b2c4dffffffff-2022-12,1
84b2c4dffffffff-2023-01,13
84b2c4dffffffff-2023-02,15
84b2c4dffffffff-2023-03,1
84b2c4dffffffff-2023-05,2
84b2c4dffffffff-2023-07,4
84b2c55ffffffff-2012-01,1
84b2c55ffffffff-2013-09,1
84b2c55ffffffff-2015-02,1
84b2c55ffffffff-2015-12,1
84b2c55ffffffff-2016-01,6
84b2c55ffffffff-2016-02,5
84b2c55ffffffff-2016-04,7
84b2c55ffffffff-2017-03,3
84b2c55ffffffff-2018-09,1
84b2c55ffffffff-2019-10,4
84b2c55ffffffff-2020-01,8
84b2c55ffffffff-2020-02,2
84b2c55ffffffff-2020-03,1
84b2c55ffffffff-2020-04,16
84b2c55ffffffff-2020-09,2
84b2c55ffffffff-2020-10,3
84b2c55ffffffff-2020-11,8
84b2c55ffffffff-2020-12,3
84b2c55ffffffff-2021-01,2
84b2c55ffffffff-2021-02,2
84b2c55ffffffff-2021-03,4
84b2c55ffffffff-2021-04,1
84b2c55ffffffff-2021-05,1
84b2c55ffffffff-2021-09,2
84b2c55ffffffff-2021-11,4
84b2c55ffffffff-2021-12,1
84b2c55ffffffff-2022-01,5
84b2c55ffffffff-2022-02,3
84b2c55ffffffff-2022-03,1
84b2c55ffffffff-2022-05,4
84b2c55ffffffff-2022-12,3
84b2c55ffffffff-2023-01,8
84b2c55ffffffff-2023-02,1
84b2c55ffffffff-2023-03,10
84b2c55ffffffff-2023-04,2
84b2c55ffffffff-2023-09,3
84b2c55ffffffff-2023-10,6
84b2c55ffffffff-2023-11,3
84b2c57ffffffff-2023-03,2
84b2c5dffffffff-2012-01,1
84b2c5dffffffff-2012-02,11
84b2c5dffffffff-2012-03,5
84b2c5dffffffff-2012-04,1
84b2c5dffffffff-2012-06,3
84b2c5dffffffff-2012-07,8
84b2c5dffffffff-2012-09,3
84b2c5dffffffff-2012-10,4
84b2c5dffffffff-2012-11,2
84b2c5dffffffff-2012-12,1
84b2c5dffffffff-2013-01,5
84b2c5dffffffff-2013-02,10
84b2c5dffffffff-2013-03,19
84b2c5dffffffff-2013-04,1
84b2c5dffffffff-2013-05,5
84b2c5dffffffff-2013-08,1
84b2c5dffffffff-2013-09,8
84b2c5dffffffff-2013-10,20
84b2c5dffffffff-2013-11,21
84b2c5dffffffff-2013-12,5
84b2c5dffffffff-2014-01,25
84b2c5dffffffff-2014-02,17
84b2c5dffffffff-2014-03,13
84b2c5dffffffff-2014-04,4
84b2c5dffffffff-2014-10,6
84b2c5dffffffff-2014-11,9
84b2c5dffffffff-2014-12,7
84b2c5dffffffff-2015-01,14
84b2c5dffffffff-2015-02,1
84b2c5dffffffff-2015-03,8
84b2c5dffffffff-2015-04,6
84b2c5dffffffff-2015-09,10
84b2c5dffffffff-2015-10,26
84b2c5dffffffff-2015-11,16
84b2c5dffffffff-2015-12,3
84b2c5dffffffff-2016-01,11
84b2c5dffffffff-2016-02,10
84b2c5dffffffff-2016-03,1
84b2c5dffffffff-2016-04,5
84b2c5dffffffff-2016-05,4
84b2c5dffffffff-2016-09,7
84b2c5dffffffff-2016-10,6
84b2c5dffffffff-2016-11,5
84b2c5dffffffff-2016-12,2
84b2c5dffffffff-2017-01,1
84b2c5dffffffff-2017-02,16
84b2c5dffffffff-2017-03,13
84b2c5dffffffff-2017-04,3
84b2c5dffffffff-2017-08,7
84b2c5dffffffff-2017-09,1
84b2c5dffffffff-2017-10,6
84b2c5dffffffff-2017-11,10
84b2c5dffffffff-2017-12,12
84b2c5dffffffff-2018-01,26
84b2c5dffffffff-2018-02,23
84b2c5dffffffff-2018-03,8
84b2c5dffffffff-2018-04,18
84b2c5dffffffff-2018-05,4
84b2c5dffffffff-2018-10,13
84b2c5dffffffff-2018-11,1
84b2c5dffffffff-2019-01,4
84b2c5dffffffff-2019-02,4
84b2c5dffffffff-2019-03,11
84b2c5dffffffff-2019-04,5
84b2c5dffffffff-2019-08,1
84b2c5dffffffff-2019-09,10
84b2c5dffffffff-2019-10,21
84b2c5dffffffff-2019-11,52
84b2c5dffffffff-2019-12,32
84b2c5dffffffff-2020-01,18
84b2c5dffffffff-2020-02,8
84b2c5dffffffff-2020-03,13
84b2c5dffffffff-2020-04,2
84b2c5dffffffff-2020-09,4
84b2c5dffffffff-2020-10,39
84b2c5dffffffff-2020-11,43
84b2c5dffffffff-2020-12,73
84b2c5dffffffff-2021-01,70
84b2c5dffffffff-2021-02,102
84b2c5dffffffff-2021-03,103
84b2c5dffffffff-2021-05,1
84b2c5dffffffff-2021-06,2
84b2c5dffffffff-2021-09,6
84b2c5dffffffff-2021-10,12
84b2c5dffffffff-2021-11,13
84b2c5dffffffff-2021-12,34
84b2c5dffffffff-2022-01,54
84b2c5dffffffff-2022-02,37
84b2c5dffffffff-2022-03,81
84b2c5dffffffff-2022-04,39
84b2c5dffffffff-2022-05,13
84b2c5dffffffff-2022-06,2
84b2c5dffffffff-2022-07,2
84b2c5dffffffff-2022-08,2
84b2c5dffffffff-2022-09,17
84b2c5dffffffff-2022-10,54
84b2c5dffffffff-2022-11,67
84b2c5dffffffff-2022-12,26
84b2c5dffffffff-2023-01,48
84b2c5dffffffff-2023-02,68
84b2c5dffffffff-2023-03,54
84b2c5dffffffff-2023-04,32
84b2c5dffffffff-2023-05,53
84b2c5dffffffff-2023-06,15
84b2c5dffffffff-2023-07,1
84b2c5dffffffff-2023-09,17
84b2c5dffffffff-2023-10,64
84b2c5dffffffff-2023-11,31
84b2c87ffffffff-2023-11,1
84b2c8bffffffff-2018-02,1
84b2c8bffffffff-2021-02,1
84b2c8bffffffff-2021-10,3
84b2c8bffffffff-2022-01,1
84b2c8bffffffff-2022-02,2
84b2c8bffffffff-2022-03,3
84b2c8bffffffff-2023-02,2
84b2c8bffffffff-2023-10,1
84b2c8dffffffff-2020-12,1
84b2c8dffffffff-2023-01,4
84b2c8dffffffff-2023-02,2
84b2c8dffffffff-2023-03,4
84b2c8dffffffff-2023-08,1
84b2c91ffffffff-2023-02,2
84b2cbdffffffff-2021-03,1
84b2cbdffffffff-2022-02,4
84b2cbdffffffff-2023-10,1
84b2cbdffffffff-2023-11,1
84b2cd9ffffffff-2023-02,2
84b2cddffffffff-2022-02,2
84b2cddffffffff-2022-03,2
84b2cddffffffff-2022-06,3
84b2cddffffffff-2022-07,2
84b2cddffffffff-2023-02,6
84b2cddffffffff-2023-04,6
84b2cddffffffff-2023-05,4
84b2cddffffffff-2023-10,10
84b2cddffffffff-2023-11,4
84b2d81ffffffff-2012-02,2
84b2d81ffffffff-2014-02,5
84b2d81ffffffff-2020-02,4
84b2d81ffffffff-2020-11,2
84b2d81ffffffff-2020-12,1
84b2d81ffffffff-2021-11,3
84b2d81ffffffff-2022-12,1
84b2d81ffffffff-2023-02,2
84b2d81ffffffff-2023-10,3
84b2d87ffffffff-2012-02,3
84b2d87ffffffff-2012-07,3
84b2d87ffffffff-2013-01,3
84b2d87ffffffff-2013-02,1
84b2d87ffffffff-2013-03,1
84b2d87ffffffff-2013-11,2
84b2d87ffffffff-2014-01,2
84b2d87ffffffff-2014-02,2
84b2d87ffffffff-2014-03,2
84b2d87ffffffff-2014-07,1
84b2d87ffffffff-2014-08,1
84b2d87ffffffff-2014-10,1
84b2d87ffffffff-2014-12,1
84b2d87ffffffff-2015-01,1
84b2d87ffffffff-2015-02,2
84b2d87ffffffff-2015-10,1
84b2d87ffffffff-2015-11,2
84b2d87ffffffff-2016-01,4
84b2d87ffffffff-2016-02,1
84b2d87ffffffff-2016-03,4
84b2d87ffffffff-2016-04,1
84b2d87ffffffff-2016-11,2
84b2d87ffffffff-2016-12,3
84b2d87ffffffff-2017-01,2
84b2d87ffffffff-2017-02,2
84b2d87ffffffff-2017-03,9
84b2d87ffffffff-2017-04,3
84b2d87ffffffff-2017-10,9
84b2d87ffffffff-2017-11,2
84b2d87ffffffff-2018-01,5
84b2d87ffffffff-2018-02,2
84b2d87ffffffff-2018-05,4
84b2d87ffffffff-2018-07,1
84b2d87ffffffff-2018-08,1
84b2d87ffffffff-2018-10,8
84b2d87ffffffff-2018-11,1
84b2d87ffffffff-2018-12,6
84b2d87ffffffff-2019-01,3
84b2d87ffffffff-2019-02,10
84b2d87ffffffff-2019-03,2
84b2d87ffffffff-2019-05,6
84b2d87ffffffff-2019-08,1
84b2d87ffffffff-2019-09,5
84b2d87ffffffff-2019-10,7
84b2d87ffffffff-2019-11,2
84b2d87ffffffff-2019-12,3
84b2d87ffffffff-2020-01,4
84b2d87ffffffff-2020-02,8
84b2d87ffffffff-2020-03,5
84b2d87ffffffff-2020-05,1
84b2d87ffffffff-2020-07,3
84b2d87ffffffff-2020-08,2
84b2d87ffffffff-2020-09,6
84b2d87ffffffff-2020-10,6
84b2d87ffffffff-2020-11,3
84b2d87ffffffff-2020-12,4
84b2d87ffffffff-2021-01,9
84b2d87ffffffff-2021-02,12
84b2d87ffffffff-2021-03,7
84b2d87ffffffff-2021-04,3
84b2d87ffffffff-2021-06,1
84b2d87ffffffff-2021-07,6
84b2d87ffffffff-2021-09,3
84b2d87ffffffff-2021-10,12
84b2d87ffffffff-2021-11,2
84b2d87ffffffff-2021-12,14
84b2d87ffffffff-2022-01,17
84b2d87ffffffff-2022-02,15
84b2d87ffffffff-2022-03,10
84b2d87ffffffff-2022-04,5
84b2d87ffffffff-2022-05,11
84b2d87ffffffff-2022-06,1
84b2d87ffffffff-2022-07,7
84b2d87ffffffff-2022-08,3
84b2d87ffffffff-2022-09,9
84b2d87ffffffff-2022-10,32
84b2d87ffffffff-2022-11,20
84b2d87ffffffff-2022-12,17
84b2d87ffffffff-2023-01,15
84b2d87ffffffff-2023-02,16
84b2d87ffffffff-2023-03,9
84b2d87ffffffff-2023-04,28
84b2d87ffffffff-2023-05,4
84b2d87ffffffff-2023-06,6
84b2d87ffffffff-2023-07,8
84b2d87ffffffff-2023-08,1
84b2d87ffffffff-2023-09,3
84b2d87ffffffff-2023-10,70
84b2d87ffffffff-2023-11,12
84b2d97ffffffff-2023-04,1
84b2d97ffffffff-2023-05,9
84b2d9dffffffff-2019-02,1
84b2d9dffffffff-2023-02,1
84b2d9dffffffff-2023-03,2
84b2d9dffffffff-2023-10,2
84b2da3ffffffff-2012-02,8
84b2da3ffffffff-2014-11,1
84b2da3ffffffff-2015-03,2
84b2da3ffffffff-2015-04,5
84b2da3ffffffff-2015-10,3
84b2da3ffffffff-2015-11,1
84b2da3ffffffff-2016-02,2
84b2da3ffffffff-2016-10,3
84b2da3ffffffff-2017-01,2
84b2da3ffffffff-2017-02,1
84b2da3ffffffff-2017-10,1
84b2da3ffffffff-2017-12,1
84b2da3ffffffff-2018-01,2
84b2da3ffffffff-2019-01,1
84b2da3ffffffff-2019-03,1
84b2da3ffffffff-2019-09,1
84b2da3ffffffff-2019-10,5
84b2da3ffffffff-2020-01,4
84b2da3ffffffff-2020-02,5
84b2da3ffffffff-2020-03,1
84b2da3ffffffff-2020-10,6
84b2da3ffffffff-2020-11,17
84b2da3ffffffff-2021-01,1
84b2da3ffffffff-2021-02,8
84b2da3ffffffff-2021-09,3
84b2da3ffffffff-2021-11,8
84b2da3ffffffff-2021-12,2
84b2da3ffffffff-2022-01,2
84b2da3ffffffff-2022-05,6
84b2da3ffffffff-2022-10,9
84b2da3ffffffff-2022-11,8
84b2da3ffffffff-2022-12,1
84b2da3ffffffff-2023-01,12
84b2da3ffffffff-2023-02,4
84b2da3ffffffff-2023-03,21
84b2da3ffffffff-2023-04,2
84b2da3ffffffff-2023-05,2
84b2da3ffffffff-2023-07,3
84b2da3ffffffff-2023-09,5
84b2da3ffffffff-2023-10,5
84b2da3ffffffff-2023-11,9
84b2dabffffffff-2012-04,1
84b2dabffffffff-2013-02,1
84b2dabffffffff-2013-03,1
84b2dabffffffff-2013-11,2
84b2dabffffffff-2013-12,2
84b2dabffffffff-2014-02,1
84b2dabffffffff-2014-03,1
84b2dabffffffff-2014-04,3
84b2dabffffffff-2014-06,1
84b2dabffffffff-2014-07,1
84b2dabffffffff-2014-09,4
84b2dabffffffff-2014-12,1
84b2dabffffffff-2015-01,1
84b2dabffffffff-2015-02,1
84b2dabffffffff-2015-03,1
84b2dabffffffff-2015-04,1
84b2dabffffffff-2015-06,1
84b2dabffffffff-2015-09,2
84b2dabffffffff-2015-10,1
84b2dabffffffff-2015-11,2
84b2dabffffffff-2015-12,4
84b2dabffffffff-2016-01,5
84b2dabffffffff-2016-02,1
84b2dabffffffff-2016-03,5
84b2dabffffffff-2016-04,2
84b2dabffffffff-2016-08,1
84b2dabffffffff-2016-10,3
84b2dabffffffff-2016-11,2
84b2dabffffffff-2016-12,4
84b2dabffffffff-2017-01,1
84b2dabffffffff-2017-02,2
84b2dabffffffff-2017-03,4
84b2dabffffffff-2017-04,4
84b2dabffffffff-2017-05,1
84b2dabffffffff-2017-09,2
84b2dabffffffff-2017-11,1
84b2dabffffffff-2018-01,2
84b2dabffffffff-2018-02,3
84b2dabffffffff-2018-03,2
84b2dabffffffff-2018-04,1
84b2dabffffffff-2018-05,2
84b2dabffffffff-2018-06,1
84b2dabffffffff-2018-07,2
84b2dabffffffff-2018-09,1
84b2dabffffffff-2018-10,4
84b2dabffffffff-2018-11,7
84b2dabffffffff-2019-01,3
84b2dabffffffff-2019-03,3
84b2dabffffffff-2019-04,5
84b2dabffffffff-2019-05,2
84b2dabffffffff-2019-09,1
84b2dabffffffff-2019-10,13
84b2dabffffffff-2019-11,7
84b2dabffffffff-2020-01,6
84b2dabffffffff-2020-02,3
84b2dabffffffff-2020-03,7
84b2dabffffffff-2020-10,2
84b2dabffffffff-2020-11,1
84b2dabffffffff-2021-01,1
84b2dabffffffff-2021-02,5
84b2dabffffffff-2021-03,1
84b2dabffffffff-2021-09,1
84b2dabffffffff-2021-10,6
84b2dabffffffff-2021-12,5
84b2dabffffffff-2022-03,1
84b2dabffffffff-2022-05,2
84b2dabffffffff-2022-08,3
84b2dabffffffff-2022-09,3
84b2dabffffffff-2022-10,8
84b2dabffffffff-2022-11,4
84b2dabffffffff-2022-12,2
84b2dabffffffff-2023-01,6
84b2dabffffffff-2023-02,11
84b2dabffffffff-2023-03,5
84b2dabffffffff-2023-04,5
84b2dabffffffff-2023-05,11
84b2dabffffffff-2023-06,2
84b2dabffffffff-2023-07,24
84b2dabffffffff-2023-09,3
84b2dabffffffff-2023-10,26
84b2dabffffffff-2023-11,8
84b2db3ffffffff-2022-04,1
84b2dbbffffffff-2023-02,1
84b2dc3ffffffff-2014-02,4
84b2dc3ffffffff-2015-02,3
84b2dc3ffffffff-2015-04,2
84b2dc3ffffffff-2016-02,1
84b2dc3ffffffff-2017-04,1
84b2dc3ffffffff-2020-08,2
84b2dc3ffffffff-2020-12,2
84b2dc3ffffffff-2021-04,2
84b2dc3ffffffff-2021-12,1
84b2dc3ffffffff-2023-07,3
84b2dc3ffffffff-2023-10,1
84b2dcbffffffff-2012-02,6
84b2dcbffffffff-2012-12,3
84b2dcbffffffff-2013-02,6
84b2dcbffffffff-2013-03,14
84b2dcbffffffff-2013-11,2
84b2dcbffffffff-2014-02,11
84b2dcbffffffff-2014-07,5
84b2dcbffffffff-2015-02,7
84b2dcbffffffff-2015-04,4
84b2dcbffffffff-2015-07,3
84b2dcbffffffff-2016-02,10
84b2dcbffffffff-2016-10,1
84b2dcbffffffff-2016-12,2
84b2dcbffffffff-2017-04,1
84b2dcbffffffff-2018-04,2
84b2dcbffffffff-2019-02,6
84b2dcbffffffff-2019-03,9
84b2dcbffffffff-2019-10,1
84b2dcbffffffff-2019-12,5
84b2dcbffffffff-2020-01,4
84b2dcbffffffff-2020-02,5
84b2dcbffffffff-2020-10,3
84b2dcbffffffff-2021-01,2
84b2dcbffffffff-2021-02,4
84b2dcbffffffff-2021-03,1
84b2dcbffffffff-2021-04,1
84b2dcbffffffff-2021-07,1
84b2dcbffffffff-2021-09,3
84b2dcbffffffff-2021-10,9
84b2dcbffffffff-2021-11,3
84b2dcbffffffff-2022-01,9
84b2dcbffffffff-2022-02,15
84b2dcbffffffff-2022-03,2
84b2dcbffffffff-2022-04,3
84b2dcbffffffff-2022-05,1
84b2dcbffffffff-2022-06,1
84b2dcbffffffff-2022-09,1
84b2dcbffffffff-2022-10,5
84b2dcbffffffff-2022-11,6
84b2dcbffffffff-2022-12,3
84b2dcbffffffff-2023-01,12
84b2dcbffffffff-2023-02,14
84b2dcbffffffff-2023-03,3
84b2dcbffffffff-2023-05,2
84b2dcbffffffff-2023-06,6
84b2dcbffffffff-2023-10,3
84b2dd1ffffffff-2014-02,2
84b2dd1ffffffff-2016-09,1
84b2dd1ffffffff-2017-02,2
84b2dd1ffffffff-2018-02,1
84b2dd1ffffffff-2020-02,1
84b2dd1ffffffff-2021-02,1
84b2dd1ffffffff-2022-02,1
84b2dd5ffffffff-2014-02,4
84b2dd5ffffffff-2016-02,4
84b2dd5ffffffff-2021-12,2
84b2dd5ffffffff-2022-02,1
84b2dd9ffffffff-2014-03,2
84b2dd9ffffffff-2018-03,1
84b2dd9ffffffff-2021-12,1
84b2dd9ffffffff-2022-03,1
84b2dd9ffffffff-2022-12,2
84b2ddbffffffff-2023-03,1
84b2e05ffffffff-2012-12,1
84b2e21ffffffff-2012-11,1
84b2e21ffffffff-2013-12,2
84b2e21ffffffff-2014-07,2
84b2e21ffffffff-2014-08,4
84b2e21ffffffff-2014-09,1
84b2e21ffffffff-2015-02,5
84b2e21ffffffff-2015-04,2
84b2e21ffffffff-2015-09,1
84b2e21ffffffff-2015-12,1
84b2e21ffffffff-2016-02,4
84b2e21ffffffff-2016-03,1
84b2e21ffffffff-2016-10,1
84b2e21ffffffff-2016-12,3
84b2e21ffffffff-2017-01,1
84b2e21ffffffff-2017-02,4
84b2e21ffffffff-2017-03,4
84b2e21ffffffff-2017-09,4
84b2e21ffffffff-2018-01,1
84b2e21ffffffff-2018-02,4
84b2e21ffffffff-2018-03,1
84b2e21ffffffff-2018-10,2
84b2e21ffffffff-2018-11,4
84b2e21ffffffff-2019-01,4
84b2e21ffffffff-2019-02,3
84b2e21ffffffff-2020-02,3
84b2e21ffffffff-2020-11,3
84b2e21ffffffff-2021-02,3
84b2e21ffffffff-2021-09,2
84b2e21ffffffff-2021-10,3
84b2e21ffffffff-2022-02,2
84b2e21ffffffff-2022-08,1
84b2e21ffffffff-2022-11,1
84b2e21ffffffff-2022-12,3
84b2e21ffffffff-2023-01,8
84b2e21ffffffff-2023-02,3
84b2e21ffffffff-2023-03,2
84b2e21ffffffff-2023-10,1
84b2e21ffffffff-2023-11,1
84b2e27ffffffff-2012-03,2
84b2e27ffffffff-2012-09,1
84b2e27ffffffff-2012-11,8
84b2e27ffffffff-2013-01,2
84b2e27ffffffff-2013-02,4
84b2e27ffffffff-2013-03,2
84b2e27ffffffff-2013-04,2
84b2e27ffffffff-2013-06,14
84b2e27ffffffff-2013-07,13
84b2e27ffffffff-2013-10,6
84b2e27ffffffff-2013-11,5
84b2e27ffffffff-2014-01,24
84b2e27ffffffff-2014-02,4
84b2e27ffffffff-2014-03,7
84b2e27ffffffff-2014-04,9
84b2e27ffffffff-2014-10,1
84b2e27ffffffff-2014-11,1
84b2e27ffffffff-2014-12,2
84b2e27ffffffff-2015-01,8
84b2e27ffffffff-2015-02,7
84b2e27ffffffff-2015-03,4
84b2e27ffffffff-2015-05,2
84b2e27ffffffff-2015-10,8
84b2e27ffffffff-2016-02,4
84b2e27ffffffff-2016-03,8
84b2e27ffffffff-2016-08,2
84b2e27ffffffff-2016-10,2
84b2e27ffffffff-2016-12,1
84b2e27ffffffff-2017-01,1
84b2e27ffffffff-2017-02,10
84b2e27ffffffff-2017-03,3
84b2e27ffffffff-2017-04,3
84b2e27ffffffff-2017-10,3
84b2e27ffffffff-2017-11,2
84b2e27ffffffff-2017-12,1
84b2e27ffffffff-2018-01,2
84b2e27ffffffff-2018-02,7
84b2e27ffffffff-2018-03,2
84b2e27ffffffff-2018-04,5
84b2e27ffffffff-2018-08,1
84b2e27ffffffff-2018-09,1
84b2e27ffffffff-2018-11,4
84b2e27ffffffff-2018-12,4
84b2e27ffffffff-2019-01,21
84b2e27ffffffff-2019-02,11
84b2e27ffffffff-2019-03,2
84b2e27ffffffff-2019-09,6
84b2e27ffffffff-2019-10,1
84b2e27ffffffff-2019-12,1
84b2e27ffffffff-2020-01,8
84b2e27ffffffff-2020-02,11
84b2e27ffffffff-2020-03,2
84b2e27ffffffff-2020-08,3
84b2e27ffffffff-2020-10,6
84b2e27ffffffff-2020-11,7
84b2e27ffffffff-2020-12,1
84b2e27ffffffff-2021-02,10
84b2e27ffffffff-2021-03,1
84b2e27ffffffff-2021-07,1
84b2e27ffffffff-2021-09,5
84b2e27ffffffff-2021-10,6
84b2e27ffffffff-2021-11,4
84b2e27ffffffff-2021-12,6
84b2e27ffffffff-2022-01,2
84b2e27ffffffff-2022-02,12
84b2e27ffffffff-2022-03,6
84b2e27ffffffff-2022-04,9
84b2e27ffffffff-2022-07,15
84b2e27ffffffff-2022-08,6
84b2e27ffffffff-2022-09,3
84b2e27ffffffff-2022-10,4
84b2e27ffffffff-2022-11,11
84b2e27ffffffff-2022-12,15
84b2e27ffffffff-2023-01,18
84b2e27ffffffff-2023-02,22
84b2e27ffffffff-2023-03,3
84b2e27ffffffff-2023-04,2
84b2e27ffffffff-2023-05,1
84b2e27ffffffff-2023-07,1
84b2e27ffffffff-2023-08,5
84b2e27ffffffff-2023-09,3
84b2e27ffffffff-2023-10,4
84b2e27ffffffff-2023-11,2
84b2e2dffffffff-2012-06,11
84b2e2dffffffff-2014-02,1
84b2e2dffffffff-2015-02,2
84b2e2dffffffff-2015-03,2
84b2e2dffffffff-2016-02,2
84b2e2dffffffff-2016-09,4
84b2e2dffffffff-2017-01,1
84b2e2dffffffff-2017-02,2
84b2e2dffffffff-2017-03,2
84b2e2dffffffff-2017-06,1
84b2e2dffffffff-2018-02,2
84b2e2dffffffff-2018-05,1
84b2e2dffffffff-2018-08,9
84b2e2dffffffff-2019-01,5
84b2e2dffffffff-2020-02,3
84b2e2dffffffff-2020-03,4
84b2e2dffffffff-2020-10,1
84b2e2dffffffff-2021-01,1
84b2e2dffffffff-2021-02,6
84b2e2dffffffff-2021-08,2
84b2e2dffffffff-2021-09,2
84b2e2dffffffff-2021-12,2
84b2e2dffffffff-2022-01,1
84b2e2dffffffff-2022-02,12
84b2e2dffffffff-2022-03,2
84b2e2dffffffff-2022-04,2
84b2e2dffffffff-2022-07,3
84b2e2dffffffff-2022-10,2
84b2e2dffffffff-2022-11,4
84b2e2dffffffff-2022-12,7
84b2e2dffffffff-2023-01,12
84b2e2dffffffff-2023-02,8
84b2e2dffffffff-2023-03,1
84b2e2dffffffff-2023-04,4
84b2e2dffffffff-2023-07,5
84b2e2dffffffff-2023-10,16
84b2e2dffffffff-2023-11,9
84b2e33ffffffff-2016-04,1
84b2e33ffffffff-2018-03,1
84b2e61ffffffff-2018-03,1
84b2e65ffffffff-2014-02,2
84b2e65ffffffff-2021-01,1
84b2e65ffffffff-2022-02,3
84b2e65ffffffff-2023-02,3
84b2e65ffffffff-2023-03,4
84b2e65ffffffff-2023-04,2
84b2e69ffffffff-2019-01,1
84b2e6dffffffff-2012-01,1
84b2e6dffffffff-2012-11,1
84b2e6dffffffff-2014-07,2
84b2e6dffffffff-2014-08,1
84b2e6dffffffff-2014-12,1
84b2e6dffffffff-2015-02,4
84b2e6dffffffff-2016-01,6
84b2e6dffffffff-2016-02,2
84b2e6dffffffff-2016-09,1
84b2e6dffffffff-2017-01,4
84b2e6dffffffff-2017-02,2
84b2e6dffffffff-2019-04,1
84b2e6dffffffff-2019-05,2
84b2e6dffffffff-2020-01,2
84b2e6dffffffff-2020-02,5
84b2e6dffffffff-2020-03,9
84b2e6dffffffff-2020-04,2
84b2e6dffffffff-2020-10,1
84b2e6dffffffff-2021-01,2
84b2e6dffffffff-2021-02,12
84b2e6dffffffff-2021-03,3
84b2e6dffffffff-2021-04,3
84b2e6dffffffff-2021-05,1
84b2e6dffffffff-2021-07,1
84b2e6dffffffff-2021-08,3
84b2e6dffffffff-2021-11,3
84b2e6dffffffff-2022-01,4
84b2e6dffffffff-2022-02,2
84b2e6dffffffff-2022-03,2
84b2e6dffffffff-2022-09,1
84b2e6dffffffff-2022-10,1
84b2e6dffffffff-2022-12,1
84b2e6dffffffff-2023-02,5
84b2e6dffffffff-2023-03,3
84b2e6dffffffff-2023-04,2
84b2e6dffffffff-2023-05,2
84b2e6dffffffff-2023-07,3
84b2e6dffffffff-2023-08,5
84b2e6dffffffff-2023-10,4
84b2e85ffffffff-2015-03,1
84b2e85ffffffff-2020-10,4
84b2e85ffffffff-2020-12,1
84b2e85ffffffff-2021-02,2
84b2e85ffffffff-2021-05,2
84b2e85ffffffff-2021-06,1
84b2e85ffffffff-2021-07,4
84b2e85ffffffff-2021-09,2
84b2e85ffffffff-2021-10,1
84b2e85ffffffff-2022-01,2
84b2e85ffffffff-2022-03,1
84b2e85ffffffff-2022-04,3
84b2e85ffffffff-2022-05,3
84b2e85ffffffff-2022-06,4
84b2e85ffffffff-2023-03,14
84b2e85ffffffff-2023-04,5
84b2e85ffffffff-2023-05,1
84b2e85ffffffff-2023-06,3
84b2e85ffffffff-2023-08,1
84b2e85ffffffff-2023-09,7
84b2e85ffffffff-2023-10,1
84b2e85ffffffff-2023-11,2
84b2e8dffffffff-2021-11,1
84b2e8dffffffff-2021-12,1
84b2e8dffffffff-2022-03,4
84b2e8dffffffff-2022-04,3
84b2e8dffffffff-2022-05,1
84b2e8dffffffff-2022-06,2
84b2e8dffffffff-2023-10,1
84b2e91ffffffff-2022-03,2
84b2e91ffffffff-2022-12,2
84b2e91ffffffff-2023-03,3
84b2e99ffffffff-2016-12,1
84b2e99ffffffff-2017-02,1
84b2e99ffffffff-2018-11,1
84b2e99ffffffff-2019-01,6
84b2e99ffffffff-2019-04,1
84b2e99ffffffff-2020-02,4
84b2e99ffffffff-2021-02,1
84b2e99ffffffff-2021-03,2
84b2e99ffffffff-2021-09,2
84b2e99ffffffff-2021-10,4
84b2e99ffffffff-2021-12,4
84b2e99ffffffff-2022-03,8
84b2e99ffffffff-2022-11,3
84b2e99ffffffff-2023-02,4
84b2e99ffffffff-2023-03,11
84b2e9bffffffff-2018-01,1
84b2ea3ffffffff-2014-02,1
84b2eb3ffffffff-2023-02,1
84b2eb7ffffffff-2023-07,1
84b2eb9ffffffff-2021-02,2
84b2eb9ffffffff-2021-12,1
84b2eb9ffffffff-2023-03,1
84b2ec1ffffffff-2018-05,1
84b2ec5ffffffff-2013-03,1
84b2ec5ffffffff-2017-06,5
84b2ec5ffffffff-2018-10,9
84b2ec7ffffffff-2016-11,1
84b2ec7ffffffff-2018-03,1
84b2ec7ffffffff-2018-04,1
84b2ec7ffffffff-2020-02,1
84b2ec7ffffffff-2020-10,1
84b2ec7ffffffff-2021-02,1
84b2ec7ffffffff-2022-04,9
84b2ec7ffffffff-2022-05,10
84b2ec7ffffffff-2022-06,5
84b2ec7ffffffff-2022-08,6
84b2ec7ffffffff-2022-09,6
84b2ec7ffffffff-2022-10,26
84b2ec7ffffffff-2022-11,1
84b2ec7ffffffff-2022-12,8
84b2ec7ffffffff-2023-01,12
84b2ec7ffffffff-2023-02,14
84b2ec7ffffffff-2023-03,30
84b2ec7ffffffff-2023-04,12
84b2ec7ffffffff-2023-05,6
84b2ec7ffffffff-2023-06,5
84b2ec7ffffffff-2023-08,3
84b2ec7ffffffff-2023-09,39
84b2ec7ffffffff-2023-10,20
84b2ec7ffffffff-2023-11,25
84b2ec9ffffffff-2020-02,2
84b2ecbffffffff-2017-10,1
84b2ecbffffffff-2018-03,2
84b2ecbffffffff-2020-11,2
84b2ecbffffffff-2021-03,1
84b2ecbffffffff-2021-04,2
84b2ecdffffffff-2014-04,1
84b2ed7ffffffff-2019-01,3
84b2ed7ffffffff-2019-06,1
84b2ed7ffffffff-2019-10,4
84b2ed7ffffffff-2020-02,3
84b2ed7ffffffff-2021-09,8
84b2ed7ffffffff-2021-10,14
84b2ed7ffffffff-2021-11,2
84b2ed7ffffffff-2021-12,4
84b2ed7ffffffff-2022-02,2
84b2ed7ffffffff-2022-04,3
84b2ed7ffffffff-2022-09,3
84b2ed7ffffffff-2022-10,7
84b2ed7ffffffff-2023-03,8
84b2ed7ffffffff-2023-06,2
84b2ed7ffffffff-2023-09,2
84b2ed7ffffffff-2023-10,2
84b2ed9ffffffff-2021-03,1
84b2ed9ffffffff-2022-10,1
84b2edbffffffff-2023-04,1
84b2ee1ffffffff-2015-03,1
84b2ee1ffffffff-2021-01,2
84b2ee1ffffffff-2022-09,3
84b2ee1ffffffff-2023-09,1
84b2ee3ffffffff-2021-08,1
84b2eebffffffff-2013-10,1
84b2eebffffffff-2015-03,2
84b2eebffffffff-2017-02,1
84b2eebffffffff-2018-03,2
84b2eebffffffff-2018-04,4
84b2eebffffffff-2019-10,1
84b2eebffffffff-2020-01,1
84b2eebffffffff-2020-02,1
84b2eebffffffff-2020-10,1
84b2eebffffffff-2020-12,1
84b2eebffffffff-2021-01,3
84b2eebffffffff-2021-02,3
84b2eebffffffff-2021-03,4
84b2eebffffffff-2021-04,3
84b2eebffffffff-2021-09,2
84b2eebffffffff-2021-10,11
84b2eebffffffff-2021-11,1
84b2eebffffffff-2021-12,1
84b2eebffffffff-2022-01,1
84b2eebffffffff-2022-03,5
84b2eebffffffff-2022-04,7
84b2eebffffffff-2022-05,4
84b2eebffffffff-2022-11,5
84b2eebffffffff-2022-12,2
84b2eebffffffff-2023-02,3
84b2eebffffffff-2023-05,1
84b2eebffffffff-2023-07,1
84b2eebffffffff-2023-08,2
84b2eebffffffff-2023-09,6
84b2eebffffffff-2023-11,8
84b3001ffffffff-2014-08,1
84b3001ffffffff-2021-09,4
84b3001ffffffff-2023-01,3
84b3001ffffffff-2023-02,1
84b3003ffffffff-2023-02,4
84b3009ffffffff-2016-08,1
84b3009ffffffff-2019-10,1
84b3009ffffffff-2020-10,1
84b3009ffffffff-2021-01,1
84b3009ffffffff-2021-02,4
84b3009ffffffff-2022-07,2
84b3009ffffffff-2023-01,3
84b3009ffffffff-2023-02,9
84b3009ffffffff-2023-03,2
84b3009ffffffff-2023-04,3
84b3009ffffffff-2023-10,2
84b3031ffffffff-2018-03,2
84b3031ffffffff-2018-04,1
84b3031ffffffff-2018-05,1
84b3031ffffffff-2018-09,1
84b3031ffffffff-2018-10,1
84b3047ffffffff-2012-01,2
84b3047ffffffff-2012-02,2
84b3047ffffffff-2012-04,2
84b3047ffffffff-2012-05,1
84b3047ffffffff-2012-08,2
84b3047ffffffff-2013-01,1
84b3047ffffffff-2013-03,1
84b3047ffffffff-2013-05,2
84b3047ffffffff-2013-07,1
84b3047ffffffff-2013-08,2
84b3047ffffffff-2013-09,12
84b3047ffffffff-2013-10,3
84b3047ffffffff-2013-11,10
84b3047ffffffff-2013-12,4
84b3047ffffffff-2014-01,2
84b3047ffffffff-2014-02,3
84b3047ffffffff-2014-03,1
84b3047ffffffff-2014-04,2
84b3047ffffffff-2014-08,4
84b3047ffffffff-2014-09,2
84b3047ffffffff-2014-10,4
84b3047ffffffff-2014-11,9
84b3047ffffffff-2014-12,2
84b3047ffffffff-2015-01,1
84b3047ffffffff-2015-02,3
84b3047ffffffff-2015-04,2
84b3047ffffffff-2015-06,1
84b3047ffffffff-2015-08,1
84b3047ffffffff-2015-09,3
84b3047ffffffff-2015-10,8
84b3047ffffffff-2015-11,5
84b3047ffffffff-2015-12,7
84b3047ffffffff-2016-01,7
84b3047ffffffff-2016-02,5
84b3047ffffffff-2016-03,3
84b3047ffffffff-2016-04,9
84b3047ffffffff-2016-05,5
84b3047ffffffff-2016-06,3
84b3047ffffffff-2016-08,7
84b3047ffffffff-2016-09,5
84b3047ffffffff-2016-10,19
84b3047ffffffff-2016-11,18
84b3047ffffffff-2016-12,14
84b3047ffffffff-2017-01,10
84b3047ffffffff-2017-02,12
84b3047ffffffff-2017-03,4
84b3047ffffffff-2017-04,10
84b3047ffffffff-2017-05,12
84b3047ffffffff-2017-06,1
84b3047ffffffff-2017-07,4
84b3047ffffffff-2017-08,6
84b3047ffffffff-2017-10,16
84b3047ffffffff-2017-11,13
84b3047ffffffff-2018-01,3
84b3047ffffffff-2018-02,12
84b3047ffffffff-2018-03,5
84b3047ffffffff-2018-04,2
84b3047ffffffff-2018-05,17
84b3047ffffffff-2018-06,2
84b3047ffffffff-2018-07,3
84b3047ffffffff-2018-08,2
84b3047ffffffff-2018-09,8
84b3047ffffffff-2018-10,3
84b3047ffffffff-2018-11,1
84b3047ffffffff-2018-12,2
84b3047ffffffff-2019-01,5
84b3047ffffffff-2019-02,7
84b3047ffffffff-2019-03,25
84b3047ffffffff-2019-04,9
84b3047ffffffff-2019-05,16
84b3047ffffffff-2019-06,2
84b3047ffffffff-2019-08,4
84b3047ffffffff-2019-09,10
84b3047ffffffff-2019-10,23
84b3047ffffffff-2019-11,18
84b3047ffffffff-2019-12,6
84b3047ffffffff-2020-01,20
84b3047ffffffff-2020-02,15
84b3047ffffffff-2020-03,2
84b3047ffffffff-2020-04,3
84b3047ffffffff-2020-05,4
84b3047ffffffff-2020-06,1
84b3047ffffffff-2020-07,1
84b3047ffffffff-2020-08,2
84b3047ffffffff-2020-09,10
84b3047ffffffff-2020-10,15
84b3047ffffffff-2020-11,6
84b3047ffffffff-2020-12,5
84b3047ffffffff-2021-01,5
84b3047ffffffff-2021-02,9
84b3047ffffffff-2021-03,10
84b3047ffffffff-2021-04,7
84b3047ffffffff-2021-05,10
84b3047ffffffff-2021-06,2
84b3047ffffffff-2021-08,28
84b3047ffffffff-2021-09,16
84b3047ffffffff-2021-10,37
84b3047ffffffff-2021-11,36
84b3047ffffffff-2021-12,5
84b3047ffffffff-2022-01,15
84b3047ffffffff-2022-02,10
84b3047ffffffff-2022-03,31
84b3047ffffffff-2022-04,27
84b3047ffffffff-2022-05,32
84b3047ffffffff-2022-06,2
84b3047ffffffff-2022-07,4
84b3047ffffffff-2022-08,25
84b3047ffffffff-2022-09,13
84b3047ffffffff-2022-10,21
84b3047ffffffff-2022-11,13
84b3047ffffffff-2022-12,34
84b3047ffffffff-2023-01,17
84b3047ffffffff-2023-02,14
84b3047ffffffff-2023-03,18
84b3047ffffffff-2023-04,7
84b3047ffffffff-2023-05,11
84b3047ffffffff-2023-08,8
84b3047ffffffff-2023-09,6
84b3047ffffffff-2023-10,21
84b3047ffffffff-2023-11,22
84b3059ffffffff-2019-01,2
84b3059ffffffff-2019-03,1
84b3059ffffffff-2019-10,2
84b3059ffffffff-2019-12,1
84b3059ffffffff-2020-12,2
84b3059ffffffff-2021-12,3
84b3059ffffffff-2022-02,4
84b3059ffffffff-2022-03,11
84b3059ffffffff-2022-05,3
84b3059ffffffff-2022-10,2
84b3059ffffffff-2022-11,8
84b3059ffffffff-2022-12,3
84b3059ffffffff-2023-01,3
84b3059ffffffff-2023-02,1
84b3059ffffffff-2023-03,7
84b3059ffffffff-2023-04,3
84b3059ffffffff-2023-09,2
84b305dffffffff-2012-01,1
84b305dffffffff-2016-11,5
84b305dffffffff-2017-04,1
84b305dffffffff-2018-03,2
84b305dffffffff-2018-12,1
84b305dffffffff-2019-03,1
84b305dffffffff-2020-01,1
84b305dffffffff-2022-03,22
84b305dffffffff-2023-01,3
84b305dffffffff-2023-02,5
84b305dffffffff-2023-03,9
84b305dffffffff-2023-06,1
84b3081ffffffff-2016-02,2
84b308bffffffff-2013-02,8
84b308bffffffff-2018-03,1
84b308bffffffff-2023-02,1
84b3091ffffffff-2023-03,1
84b3095ffffffff-2022-02,1
84b3095ffffffff-2023-01,1
84b3095ffffffff-2023-02,1
84b3095ffffffff-2023-03,1
84b3097ffffffff-2023-04,1
84b309dffffffff-2018-04,1
84b309dffffffff-2023-03,1
84b30a1ffffffff-2021-03,2
84b30a7ffffffff-2015-01,1
84b30a7ffffffff-2018-08,1
84b30a7ffffffff-2019-10,1
84b30a7ffffffff-2021-03,2
84b30a7ffffffff-2022-04,2
84b30b3ffffffff-2019-01,2
84b30b3ffffffff-2022-01,1
84b30b3ffffffff-2022-02,1
84b30b3ffffffff-2022-12,1
84b30b5ffffffff-2020-04,1
84b30b5ffffffff-2022-02,1
84b30b5ffffffff-2023-02,2
84b30b5ffffffff-2023-03,8
84b30b5ffffffff-2023-04,2
84b30b9ffffffff-2023-04,5
84b30bbffffffff-2017-01,3
84b30bbffffffff-2018-02,2
84b30bbffffffff-2018-03,1
84b30bbffffffff-2018-04,1
84b30bbffffffff-2019-03,1
84b30bbffffffff-2019-04,1
84b30bbffffffff-2019-12,2
84b30bbffffffff-2020-01,1
84b30bbffffffff-2020-02,2
84b30bbffffffff-2020-03,2
84b30bbffffffff-2021-03,1
84b30bbffffffff-2021-10,1
84b30bbffffffff-2022-01,1
84b30bbffffffff-2022-03,1
84b30bbffffffff-2022-10,1
84b30bbffffffff-2023-01,2
84b30bbffffffff-2023-02,10
84b30bbffffffff-2023-03,2
84b30bbffffffff-2023-04,4
84b30bbffffffff-2023-10,1
84b30bdffffffff-2021-10,2
84b30bdffffffff-2022-03,2
84b30c5ffffffff-2018-10,1
84b30c5ffffffff-2019-03,5
84b30d7ffffffff-2013-02,4
84b30d7ffffffff-2018-03,1
84b30d7ffffffff-2023-03,1
84b30e9ffffffff-2021-02,2
84b30e9ffffffff-2021-03,1
84b30ebffffffff-2023-03,1
84b3193ffffffff-2019-03,2
84b3193ffffffff-2023-04,1
84b31dbffffffff-2014-08,1
84b31dbffffffff-2016-09,1
84b31dbffffffff-2017-01,1
84b31dbffffffff-2017-02,1
84b31dbffffffff-2019-01,3
84b31dbffffffff-2019-06,1
84b31dbffffffff-2020-10,1
84b31dbffffffff-2021-03,1
84b31dbffffffff-2022-09,1
84b31dbffffffff-2023-05,5
84b31dbffffffff-2023-10,3
84b3203ffffffff-2022-02,1
84b3203ffffffff-2022-03,5
84b3203ffffffff-2022-04,3
84b3203ffffffff-2022-10,3
84b3203ffffffff-2023-03,1
84b3203ffffffff-2023-07,2
84b3205ffffffff-2023-07,1
84b3209ffffffff-2012-08,1
84b3209ffffffff-2015-09,1
84b3209ffffffff-2021-03,1
84b3209ffffffff-2021-10,1
84b320bffffffff-2013-10,1
84b320bffffffff-2013-11,2
84b320bffffffff-2015-10,1
84b320bffffffff-2022-11,1
84b320bffffffff-2023-09,8
84b320bffffffff-2023-10,7
84b320bffffffff-2023-11,4
84b320dffffffff-2012-12,1
84b320dffffffff-2016-03,1
84b320dffffffff-2023-03,3
84b320dffffffff-2023-04,1
84b320dffffffff-2023-07,1
84b3211ffffffff-2023-04,1
84b3215ffffffff-2021-03,1
84b3215ffffffff-2022-01,1
84b3219ffffffff-2021-04,1
84b3219ffffffff-2023-01,3
84b321dffffffff-2021-01,1
84b321dffffffff-2021-02,2
84b321dffffffff-2021-03,1
84b321dffffffff-2023-05,1
84b322dffffffff-2020-02,1
84b322dffffffff-2021-02,1
84b322dffffffff-2021-10,2
84b322dffffffff-2023-10,2
84b3231ffffffff-2012-03,1
84b3235ffffffff-2018-05,5
84b3235ffffffff-2022-04,4
84b3235ffffffff-2023-01,2
84b3235ffffffff-2023-04,4
84b3237ffffffff-2023-02,4
84b3241ffffffff-2022-10,1
84b324dffffffff-2023-10,3
84b3257ffffffff-2019-04,1
84b3257ffffffff-2019-05,1
84b3257ffffffff-2019-10,1
84b3257ffffffff-2020-02,1
84b3257ffffffff-2021-03,1
84b3257ffffffff-2021-08,3
84b3257ffffffff-2021-09,2
84b3257ffffffff-2021-10,5
84b3257ffffffff-2021-12,1
84b3257ffffffff-2022-09,3
84b3257ffffffff-2023-01,1
84b3257ffffffff-2023-02,5
84b3257ffffffff-2023-04,2
84b3257ffffffff-2023-08,1
84b3261ffffffff-2012-08,2
84b3261ffffffff-2012-09,1
84b3261ffffffff-2013-09,1
84b3261ffffffff-2014-12,2
84b3261ffffffff-2015-11,1
84b3261ffffffff-2015-12,1
84b3261ffffffff-2016-02,1
84b3261ffffffff-2016-03,1
84b3261ffffffff-2016-04,1
84b3261ffffffff-2016-05,3
84b3261ffffffff-2016-10,1
84b3261ffffffff-2016-11,2
84b3261ffffffff-2016-12,2
84b3261ffffffff-2017-01,1
84b3261ffffffff-2017-03,2
84b3261ffffffff-2017-05,2
84b3261ffffffff-2017-08,2
84b3261ffffffff-2017-12,2
84b3261ffffffff-2018-02,3
84b3261ffffffff-2018-03,1
84b3261ffffffff-2018-04,1
84b3261ffffffff-2018-07,1
84b3261ffffffff-2018-09,4
84b3261ffffffff-2018-10,3
84b3261ffffffff-2018-11,2
84b3261ffffffff-2018-12,3
84b3261ffffffff-2019-01,7
84b3261ffffffff-2019-02,2
84b3261ffffffff-2019-03,5
84b3261ffffffff-2019-04,2
84b3261ffffffff-2019-05,2
84b3261ffffffff-2019-06,2
84b3261ffffffff-2019-07,2
84b3261ffffffff-2019-08,4
84b3261ffffffff-2019-09,8
84b3261ffffffff-2019-10,4
84b3261ffffffff-2019-11,1
84b3261ffffffff-2019-12,1
84b3261ffffffff-2020-01,2
84b3261ffffffff-2020-02,2
84b3261ffffffff-2020-03,2
84b3261ffffffff-2020-05,3
84b3261ffffffff-2020-08,1
84b3261ffffffff-2020-10,2
84b3261ffffffff-2021-01,2
84b3261ffffffff-2021-05,4
84b3261ffffffff-2021-09,2
84b3261ffffffff-2021-10,2
84b3261ffffffff-2022-02,1
84b3261ffffffff-2022-03,1
84b3261ffffffff-2022-04,2
84b3261ffffffff-2022-05,4
84b3261ffffffff-2022-07,3
84b3261ffffffff-2022-09,1
84b3261ffffffff-2022-10,4
84b3261ffffffff-2022-11,1
84b3261ffffffff-2023-03,2
84b3261ffffffff-2023-05,4
84b3261ffffffff-2023-06,1
84b3261ffffffff-2023-10,1
84b3261ffffffff-2023-11,5
84b3263ffffffff-2016-02,5
84b3263ffffffff-2017-04,1
84b3263ffffffff-2022-08,1
84b326bffffffff-2015-03,1
84b326bffffffff-2019-09,1
84b326bffffffff-2021-02,1
84b326dffffffff-2012-09,1
84b326dffffffff-2016-02,2
84b326dffffffff-2019-01,1
84b326dffffffff-2019-09,2
84b326dffffffff-2019-10,1
84b326dffffffff-2020-01,2
84b326dffffffff-2020-12,3
84b326dffffffff-2021-10,2
84b326dffffffff-2022-02,1
84b326dffffffff-2023-04,1
84b3289ffffffff-2012-08,2
84b3289ffffffff-2012-09,1
84b3289ffffffff-2013-07,2
84b3289ffffffff-2013-08,2
84b3289ffffffff-2013-11,2
84b3289ffffffff-2014-09,1
84b3289ffffffff-2015-04,1
84b3289ffffffff-2016-10,2
84b3289ffffffff-2017-05,3
84b3289ffffffff-2017-07,2
84b3289ffffffff-2017-09,1
84b3289ffffffff-2019-09,1
84b3289ffffffff-2020-02,2
84b3289ffffffff-2021-02,1
84b3289ffffffff-2022-08,5
84b3289ffffffff-2023-09,5
84b3289ffffffff-2023-10,1
84b32a5ffffffff-2017-09,1
84b32a5ffffffff-2019-03,15
84b32bbffffffff-2013-02,5
84b32bbffffffff-2022-12,1
84b32c1ffffffff-2023-09,6
84b32c3ffffffff-2023-10,1
84b32c5ffffffff-2017-03,2
84b32c7ffffffff-2012-02,1
84b32c7ffffffff-2018-04,5
84b32c7ffffffff-2019-01,3
84b32c7ffffffff-2019-09,1
84b32c7ffffffff-2022-01,2
84b32c7ffffffff-2022-08,2
84b32c7ffffffff-2023-02,1
84b32c7ffffffff-2023-03,4
84b32c7ffffffff-2023-04,1
84b32cdffffffff-2023-01,2
84b32cdffffffff-2023-02,3
84b32e3ffffffff-2023-04,1
84b3301ffffffff-2012-10,1
84b3301ffffffff-2012-12,1
84b3301ffffffff-2013-03,5
84b3301ffffffff-2023-03,1
84b3301ffffffff-2023-09,1
84b3303ffffffff-2012-06,1
84b3303ffffffff-2013-01,12
84b3303ffffffff-2013-02,3
84b3303ffffffff-2013-11,1
84b3303ffffffff-2014-04,1
84b3303ffffffff-2014-08,3
84b3303ffffffff-2015-05,3
84b3303ffffffff-2015-07,1
84b3303ffffffff-2015-09,5
84b3303ffffffff-2016-05,2
84b3303ffffffff-2016-07,1
84b3303ffffffff-2016-09,1
84b3303ffffffff-2016-10,1
84b3303ffffffff-2017-02,4
84b3303ffffffff-2017-05,3
84b3303ffffffff-2017-06,1
84b3303ffffffff-2018-01,3
84b3303ffffffff-2018-02,3
84b3303ffffffff-2018-04,4
84b3303ffffffff-2018-05,2
84b3303ffffffff-2018-08,3
84b3303ffffffff-2018-09,1
84b3303ffffffff-2018-12,7
84b3303ffffffff-2019-01,19
84b3303ffffffff-2019-02,6
84b3303ffffffff-2019-03,4
84b3303ffffffff-2019-04,2
84b3303ffffffff-2019-05,12
84b3303ffffffff-2019-08,1
84b3303ffffffff-2019-12,2
84b3303ffffffff-2020-01,6
84b3303ffffffff-2020-02,2
84b3303ffffffff-2020-03,3
84b3303ffffffff-2020-05,2
84b3303ffffffff-2020-08,1
84b3303ffffffff-2020-09,1
84b3303ffffffff-2020-10,3
84b3303ffffffff-2021-03,2
84b3303ffffffff-2021-08,4
84b3303ffffffff-2021-09,1
84b3303ffffffff-2021-11,2
84b3303ffffffff-2021-12,3
84b3303ffffffff-2022-01,1
84b3303ffffffff-2022-02,2
84b3303ffffffff-2022-03,1
84b3303ffffffff-2022-05,7
84b3303ffffffff-2022-08,4
84b3303ffffffff-2022-10,4
84b3303ffffffff-2023-01,7
84b3303ffffffff-2023-02,10
84b3303ffffffff-2023-05,3
84b3303ffffffff-2023-10,36
84b3303ffffffff-2023-11,2
84b3305ffffffff-2018-05,1
84b3305ffffffff-2019-01,3
84b3305ffffffff-2022-10,2
84b3307ffffffff-2014-05,1
84b3313ffffffff-2015-05,2
84b3313ffffffff-2015-10,1
84b3313ffffffff-2016-02,3
84b3313ffffffff-2016-04,1
84b3313ffffffff-2016-06,1
84b3313ffffffff-2016-07,2
84b3313ffffffff-2016-08,1
84b3313ffffffff-2016-11,2
84b3313ffffffff-2017-02,3
84b3313ffffffff-2017-05,1
84b3313ffffffff-2017-07,1
84b3313ffffffff-2018-01,3
84b3313ffffffff-2018-03,2
84b3313ffffffff-2018-04,1
84b3313ffffffff-2018-05,10
84b3313ffffffff-2018-06,1
84b3313ffffffff-2018-07,1
84b3313ffffffff-2018-08,2
84b3313ffffffff-2018-09,3
84b3313ffffffff-2019-01,12
84b3313ffffffff-2019-02,1
84b3313ffffffff-2019-04,2
84b3313ffffffff-2019-05,5
84b3313ffffffff-2019-06,1
84b3313ffffffff-2019-09,2
84b3313ffffffff-2019-11,3
84b3313ffffffff-2019-12,11
84b3313ffffffff-2020-01,1
84b3313ffffffff-2020-02,10
84b3313ffffffff-2020-10,2
84b3313ffffffff-2020-12,1
84b3313ffffffff-2021-02,9
84b3313ffffffff-2021-05,1
84b3313ffffffff-2021-09,9
84b3313ffffffff-2021-10,3
84b3313ffffffff-2022-03,1
84b3313ffffffff-2022-08,1
84b3313ffffffff-2022-10,2
84b3313ffffffff-2023-02,7
84b3313ffffffff-2023-05,3
84b3313ffffffff-2023-10,1
84b3317ffffffff-2019-05,1
84b3317ffffffff-2019-11,1
84b3343ffffffff-2012-03,1
84b334bffffffff-2020-03,1
84b334bffffffff-2021-01,1
84b3351ffffffff-2012-09,1
84b3351ffffffff-2014-04,4
84b3351ffffffff-2016-04,1
84b3351ffffffff-2019-08,4
84b3351ffffffff-2020-03,2
84b3355ffffffff-2016-05,1
84b3355ffffffff-2023-03,1
84b3357ffffffff-2018-08,3
84b3357ffffffff-2020-12,1
84b3359ffffffff-2022-05,2
84b3359ffffffff-2023-11,2
84b335dffffffff-2013-05,1
84b335dffffffff-2015-02,1
84b335dffffffff-2016-04,1
84b335dffffffff-2017-03,1
84b335dffffffff-2018-02,1
84b335dffffffff-2018-03,3
84b335dffffffff-2018-05,1
84b335dffffffff-2018-06,1
84b335dffffffff-2018-10,1
84b335dffffffff-2019-09,1
84b335dffffffff-2020-01,3
84b335dffffffff-2020-03,4
84b335dffffffff-2020-12,2
84b335dffffffff-2021-02,2
84b335dffffffff-2021-03,1
84b335dffffffff-2021-04,1
84b335dffffffff-2021-12,1
84b335dffffffff-2022-03,3
84b335dffffffff-2023-02,1
84b335dffffffff-2023-09,2
84b335dffffffff-2023-11,1
84b3363ffffffff-2016-10,1
84b3363ffffffff-2017-02,3
84b3363ffffffff-2017-04,1
84b3363ffffffff-2017-05,1
84b3363ffffffff-2017-09,6
84b3363ffffffff-2018-01,1
84b3363ffffffff-2018-02,2
84b3363ffffffff-2018-03,3
84b3363ffffffff-2018-04,2
84b3363ffffffff-2018-05,5
84b3363ffffffff-2018-08,3
84b3363ffffffff-2018-09,1
84b3363ffffffff-2019-01,2
84b3363ffffffff-2019-05,1
84b3363ffffffff-2019-06,1
84b3363ffffffff-2019-09,3
84b3363ffffffff-2019-10,1
84b3363ffffffff-2020-02,1
84b3363ffffffff-2020-03,4
84b3363ffffffff-2020-04,3
84b3363ffffffff-2020-08,2
84b3363ffffffff-2020-11,2
84b3363ffffffff-2020-12,3
84b3363ffffffff-2021-01,2
84b3363ffffffff-2021-02,2
84b3363ffffffff-2021-04,1
84b3363ffffffff-2021-05,1
84b3363ffffffff-2021-09,2
84b3363ffffffff-2021-12,1
84b3363ffffffff-2022-01,3
84b3363ffffffff-2022-02,5
84b3363ffffffff-2022-03,5
84b3363ffffffff-2022-05,1
84b3363ffffffff-2022-08,3
84b3363ffffffff-2022-10,2
84b3363ffffffff-2022-11,4
84b3363ffffffff-2022-12,2
84b3363ffffffff-2023-02,2
84b3363ffffffff-2023-03,4
84b3363ffffffff-2023-04,3
84b3363ffffffff-2023-05,16
84b3363ffffffff-2023-08,3
84b3363ffffffff-2023-10,1
84b3363ffffffff-2023-11,1
84b3407ffffffff-2020-10,1
84b3421ffffffff-2019-11,2
84b3421ffffffff-2020-01,1
84b3421ffffffff-2021-11,13
84b3421ffffffff-2022-11,1
84b3421ffffffff-2023-10,1
84b3421ffffffff-2023-11,1
84b3423ffffffff-2018-04,2
84b3423ffffffff-2020-02,4
84b3423ffffffff-2020-12,1
84b3423ffffffff-2021-01,1
84b3423ffffffff-2021-02,5
84b3423ffffffff-2021-03,3
84b3423ffffffff-2021-11,1
84b3423ffffffff-2021-12,3
84b3423ffffffff-2022-01,3
84b3423ffffffff-2022-04,1
84b3423ffffffff-2022-10,2
84b3423ffffffff-2023-02,1
84b3423ffffffff-2023-03,1
84b3423ffffffff-2023-10,2
84b3423ffffffff-2023-11,1
84b3429ffffffff-2020-01,2
84b3429ffffffff-2020-10,1
84b3429ffffffff-2020-11,2
84b3429ffffffff-2021-01,1
84b3429ffffffff-2021-02,5
84b3429ffffffff-2021-04,2
84b3429ffffffff-2022-02,3
84b3429ffffffff-2022-10,1
84b3429ffffffff-2022-11,1
84b3429ffffffff-2022-12,1
84b3429ffffffff-2023-01,1
84b3429ffffffff-2023-03,1
84b3429ffffffff-2023-04,1
84b342bffffffff-2020-10,1
84b342bffffffff-2021-01,2
84b342bffffffff-2021-02,1
84b342bffffffff-2021-10,4
84b342bffffffff-2023-02,3
84b342bffffffff-2023-03,2
84b3437ffffffff-2021-12,1
84b3439ffffffff-2017-02,1
84b3439ffffffff-2021-01,1
84b343bffffffff-2012-04,1
84b343bffffffff-2016-09,1
84b343bffffffff-2017-09,3
84b343bffffffff-2019-05,3
84b343bffffffff-2020-10,1
84b343bffffffff-2020-11,12
84b343bffffffff-2021-02,2
84b343bffffffff-2021-10,1
84b3441ffffffff-2016-09,2
84b3449ffffffff-2023-04,1
84b345dffffffff-2022-11,1
84b3463ffffffff-2020-12,1
84b3463ffffffff-2023-10,2
84b3467ffffffff-2020-12,1
84b346bffffffff-2022-10,4
84b349dffffffff-2019-08,2
84b34bdffffffff-2021-03,2
84b34c7ffffffff-2021-11,1
84b34c7ffffffff-2023-10,1
84b34d3ffffffff-2023-08,1
84b34d7ffffffff-2018-10,4
84b34d7ffffffff-2019-10,1
84b34d7ffffffff-2023-10,2
84b34d7ffffffff-2023-11,1
84b34d9ffffffff-2023-09,7
84b34dbffffffff-2012-08,2
84b34dbffffffff-2014-02,2
84b34dbffffffff-2014-08,1
84b34dbffffffff-2014-09,3
84b34dbffffffff-2017-07,4
84b34dbffffffff-2017-10,6
84b34dbffffffff-2018-08,1
84b34dbffffffff-2019-08,10
84b34dbffffffff-2021-11,1
84b34dbffffffff-2022-09,6
84b34dbffffffff-2022-10,3
84b34dbffffffff-2023-02,2
84b34dbffffffff-2023-03,1
84b34dbffffffff-2023-07,2
84b34dbffffffff-2023-09,7
84b34dbffffffff-2023-10,8
84b3511ffffffff-2015-11,1
84b3511ffffffff-2018-03,1
84b3511ffffffff-2021-10,3
84b3511ffffffff-2023-01,1
84b3511ffffffff-2023-02,2
84b3513ffffffff-2016-09,1
84b3513ffffffff-2017-03,1
84b3513ffffffff-2017-09,1
84b3513ffffffff-2017-11,1
84b3513ffffffff-2018-02,1
84b3513ffffffff-2018-03,5
84b3513ffffffff-2018-04,1
84b3513ffffffff-2018-05,1
84b3513ffffffff-2020-01,3
84b3513ffffffff-2020-02,4
84b3513ffffffff-2020-03,1
84b3513ffffffff-2020-05,1
84b3513ffffffff-2020-12,3
84b3513ffffffff-2021-01,1
84b3513ffffffff-2021-02,5
84b3513ffffffff-2021-03,1
84b3513ffffffff-2021-04,1
84b3513ffffffff-2021-09,1
84b3513ffffffff-2021-11,11
84b3513ffffffff-2022-02,5
84b3513ffffffff-2022-03,8
84b3513ffffffff-2022-04,2
84b3513ffffffff-2023-01,7
84b3513ffffffff-2023-02,14
84b3513ffffffff-2023-03,7
84b3513ffffffff-2023-04,4
84b3513ffffffff-2023-07,1
84b3513ffffffff-2023-10,2
84b3515ffffffff-2016-09,3
84b3515ffffffff-2018-05,2
84b3515ffffffff-2021-02,8
84b3515ffffffff-2022-01,3
84b3515ffffffff-2023-03,7
84b3515ffffffff-2023-04,18
84b3515ffffffff-2023-05,1
84b3519ffffffff-2018-02,1
84b3519ffffffff-2018-04,1
84b3519ffffffff-2018-11,1
84b3519ffffffff-2020-02,4
84b3519ffffffff-2020-11,3
84b3519ffffffff-2021-02,2
84b3519ffffffff-2022-02,1
84b3519ffffffff-2022-03,1
84b3519ffffffff-2022-04,1
84b3519ffffffff-2022-12,1
84b3519ffffffff-2023-02,1
84b3519ffffffff-2023-03,1
84b351bffffffff-2021-03,3
84b3523ffffffff-2023-04,2
84b352dffffffff-2020-02,2
84b352dffffffff-2023-03,1
84b3531ffffffff-2020-10,1
84b3533ffffffff-2023-01,1
84b3539ffffffff-2023-03,1
84b3541ffffffff-2021-02,2
84b3541ffffffff-2022-02,1
84b3541ffffffff-2023-02,8
84b3543ffffffff-2022-02,2
84b3543ffffffff-2023-02,6
84b3543ffffffff-2023-03,1
84b3545ffffffff-2018-02,2
84b3545ffffffff-2021-02,8
84b3545ffffffff-2023-02,22
84b354bffffffff-2013-03,1
84b354bffffffff-2014-03,3
84b354bffffffff-2015-05,4
84b354bffffffff-2015-10,2
84b354bffffffff-2016-01,2
84b354bffffffff-2016-04,1
84b354bffffffff-2016-12,1
84b354bffffffff-2017-02,1
84b354bffffffff-2018-02,4
84b354bffffffff-2018-03,1
84b354bffffffff-2018-04,5
84b354bffffffff-2018-09,1
84b354bffffffff-2018-10,7
84b354bffffffff-2018-11,4
84b354bffffffff-2019-01,2
84b354bffffffff-2019-03,15
84b354bffffffff-2019-05,7
84b354bffffffff-2019-10,6
84b354bffffffff-2019-11,2
84b354bffffffff-2020-03,2
84b354bffffffff-2021-02,4
84b354bffffffff-2021-03,6
84b354bffffffff-2021-05,6
84b354bffffffff-2022-02,5
84b354bffffffff-2022-03,17
84b354bffffffff-2022-04,15
84b354bffffffff-2022-09,3
84b354bffffffff-2022-11,4
84b354bffffffff-2022-12,5
84b354bffffffff-2023-01,12
84b354bffffffff-2023-02,21
84b354bffffffff-2023-03,4
84b354bffffffff-2023-04,14
84b354bffffffff-2023-09,6
84b354bffffffff-2023-10,2
84b354bffffffff-2023-11,3
84b3555ffffffff-2023-02,2
84b355bffffffff-2018-02,2
84b355bffffffff-2019-02,1
84b355bffffffff-2023-03,3
84b355dffffffff-2013-03,3
84b355dffffffff-2014-03,1
84b355dffffffff-2014-04,1
84b355dffffffff-2014-05,1
84b355dffffffff-2015-05,6
84b355dffffffff-2016-01,1
84b355dffffffff-2017-02,2
84b355dffffffff-2017-11,1
84b355dffffffff-2018-01,2
84b355dffffffff-2019-03,6
84b355dffffffff-2019-10,2
84b355dffffffff-2019-11,3
84b355dffffffff-2020-02,5
84b355dffffffff-2020-03,2
84b355dffffffff-2020-12,2
84b355dffffffff-2021-01,1
84b355dffffffff-2021-02,8
84b355dffffffff-2021-03,4
84b355dffffffff-2021-05,6
84b355dffffffff-2021-09,1
84b355dffffffff-2021-11,1
84b355dffffffff-2022-01,4
84b355dffffffff-2022-02,3
84b355dffffffff-2022-03,8
84b355dffffffff-2022-04,5
84b355dffffffff-2022-05,2
84b355dffffffff-2022-09,3
84b355dffffffff-2022-10,34
84b355dffffffff-2022-11,46
84b355dffffffff-2022-12,19
84b355dffffffff-2023-01,49
84b355dffffffff-2023-02,6
84b355dffffffff-2023-03,6
84b355dffffffff-2023-04,4
84b355dffffffff-2023-10,7
84b355dffffffff-2023-11,1
84b3561ffffffff-2021-05,2
84b3561ffffffff-2023-01,1
84b3561ffffffff-2023-02,3
84b3585ffffffff-2019-10,1
84b3589ffffffff-2014-04,3
84b3589ffffffff-2017-02,2
84b3589ffffffff-2020-12,1
84b3589ffffffff-2021-02,2
84b3589ffffffff-2021-12,1
84b3589ffffffff-2022-04,2
84b3589ffffffff-2022-11,12
84b3589ffffffff-2023-02,5
84b3589ffffffff-2023-03,14
84b3589ffffffff-2023-10,11
84b3589ffffffff-2023-11,1
84b35a3ffffffff-2022-02,3
84b35a3ffffffff-2022-04,1
84b35a7ffffffff-2021-04,1
84b35a7ffffffff-2022-01,5
84b35a7ffffffff-2022-02,2
84b35a7ffffffff-2022-04,6
84b35a7ffffffff-2023-01,2
84b35a7ffffffff-2023-02,1
84b35abffffffff-2023-02,2
84b35adffffffff-2022-04,1
84b35adffffffff-2022-10,3
84b35adffffffff-2022-12,3
84b35adffffffff-2023-02,2
84b35adffffffff-2023-03,4
84b35b3ffffffff-2016-11,1
84b35b5ffffffff-2018-03,1
84b35b5ffffffff-2021-03,3
84b35b5ffffffff-2023-04,1
84b35b5ffffffff-2023-06,1
84b35b9ffffffff-2023-01,1
84b35c3ffffffff-2017-04,5
84b35c3ffffffff-2020-11,4
84b35c3ffffffff-2022-02,1
84b35c5ffffffff-2018-12,5
84b35c5ffffffff-2020-09,1
84b35c5ffffffff-2022-03,5
84b35c5ffffffff-2022-12,3
84b35c5ffffffff-2023-01,1
84b35c5ffffffff-2023-02,1
84b35c5ffffffff-2023-03,1
84b35cdffffffff-2018-08,1
84b35cdffffffff-2018-10,1
84b35cdffffffff-2022-01,1
84b35cdffffffff-2023-01,1
84b35cdffffffff-2023-02,2
84b35cdffffffff-2023-03,1
84b35d3ffffffff-2016-12,2
84b35e1ffffffff-2018-03,1
84b35e1ffffffff-2018-04,4
84b35e1ffffffff-2022-10,1
84b35e3ffffffff-2018-04,1
84b35e3ffffffff-2020-01,1
84b35e3ffffffff-2021-04,1
84b35e3ffffffff-2021-10,2
84b35e3ffffffff-2022-10,5
84b35e3ffffffff-2023-03,4
84b35e9ffffffff-2015-11,1
84b35e9ffffffff-2016-02,2
84b35e9ffffffff-2016-10,1
84b35e9ffffffff-2017-02,3
84b35e9ffffffff-2017-08,1
84b35e9ffffffff-2017-10,4
84b35e9ffffffff-2017-11,3
84b35e9ffffffff-2017-12,1
84b35e9ffffffff-2019-04,2
84b35e9ffffffff-2019-11,2
84b35e9ffffffff-2020-01,1
84b35e9ffffffff-2020-03,1
84b35e9ffffffff-2020-10,8
84b35e9ffffffff-2020-11,4
84b35e9ffffffff-2020-12,3
84b35e9ffffffff-2021-01,2
84b35e9ffffffff-2021-02,17
84b35e9ffffffff-2021-03,1
84b35e9ffffffff-2022-02,11
84b35e9ffffffff-2022-03,1
84b35e9ffffffff-2023-01,18
84b35e9ffffffff-2023-02,10
84b35e9ffffffff-2023-03,5
84b35e9ffffffff-2023-04,3
84b35e9ffffffff-2023-09,2
84b35e9ffffffff-2023-10,5
84b35e9ffffffff-2023-11,4
84b35ebffffffff-2020-10,4
84b35ebffffffff-2020-11,7
84b35ebffffffff-2021-01,1
84b35ebffffffff-2021-05,1
84b35ebffffffff-2021-07,1
84b35ebffffffff-2021-09,1
84b35ebffffffff-2021-10,1
84b35ebffffffff-2021-11,2
84b35ebffffffff-2021-12,1
84b35ebffffffff-2022-01,3
84b35ebffffffff-2022-04,3
84b35ebffffffff-2022-08,8
84b35ebffffffff-2022-10,1
84b35ebffffffff-2023-01,1
84b35ebffffffff-2023-02,5
84b35ebffffffff-2023-04,4
84b35ebffffffff-2023-05,12
84b35ebffffffff-2023-07,5
84b35ebffffffff-2023-09,1
84b3623ffffffff-2022-09,1
84b3623ffffffff-2022-10,2
84b3627ffffffff-2020-09,3
84b3627ffffffff-2020-10,1
84b3627ffffffff-2022-02,1
84b3627ffffffff-2022-10,1
84b3627ffffffff-2022-11,2
84b3629ffffffff-2012-04,1
84b3629ffffffff-2021-05,7
84b3629ffffffff-2022-10,1
84b3629ffffffff-2023-09,1
84b3633ffffffff-2018-03,3
84b363bffffffff-2023-01,1
84b366dffffffff-2012-04,1
84b366dffffffff-2012-08,1
84b366dffffffff-2012-09,2
84b366dffffffff-2023-10,1
84b3689ffffffff-2020-11,1
84b3689ffffffff-2021-10,1
84b3699ffffffff-2014-08,2
84b3699ffffffff-2014-09,6
84b3699ffffffff-2015-02,12
84b3699ffffffff-2015-04,3
84b3699ffffffff-2015-08,1
84b3699ffffffff-2015-10,6
84b3699ffffffff-2016-03,1
84b3699ffffffff-2016-07,1
84b3699ffffffff-2016-08,3
84b3699ffffffff-2017-01,1
84b3699ffffffff-2017-02,1
84b3699ffffffff-2017-03,5
84b3699ffffffff-2017-08,13
84b3699ffffffff-2017-09,1
84b3699ffffffff-2017-10,1
84b3699ffffffff-2018-01,1
84b3699ffffffff-2018-03,1
84b3699ffffffff-2018-04,12
84b3699ffffffff-2018-06,1
84b3699ffffffff-2018-07,2
84b3699ffffffff-2018-08,10
84b3699ffffffff-2019-08,3
84b3699ffffffff-2019-10,1
84b3699ffffffff-2020-02,5
84b3699ffffffff-2020-10,2
84b3699ffffffff-2021-02,12
84b3699ffffffff-2021-06,2
84b3699ffffffff-2021-07,8
84b3699ffffffff-2021-09,2
84b3699ffffffff-2021-10,9
84b3699ffffffff-2022-02,6
84b3699ffffffff-2022-03,3
84b3699ffffffff-2022-05,1
84b3699ffffffff-2022-09,1
84b3699ffffffff-2022-10,42
84b3699ffffffff-2022-11,10
84b3699ffffffff-2023-01,6
84b3699ffffffff-2023-03,1
84b3699ffffffff-2023-04,8
84b3699ffffffff-2023-07,6
84b3699ffffffff-2023-08,21
84b3699ffffffff-2023-09,2
84b3699ffffffff-2023-10,3
84b369bffffffff-2016-08,1
84b369bffffffff-2018-08,4
84b369bffffffff-2020-06,3
84b369bffffffff-2022-11,2
84b36b5ffffffff-2023-10,1
84b36d3ffffffff-2015-02,3
84b36d3ffffffff-2015-07,3
84b36d3ffffffff-2021-07,6
84b36d3ffffffff-2022-11,2
84b36d3ffffffff-2023-04,6
84b36d3ffffffff-2023-07,2
84b36d3ffffffff-2023-08,1
84b36d5ffffffff-2016-09,2
84b36d5ffffffff-2021-10,4
84b36d5ffffffff-2022-09,3
84b36d5ffffffff-2023-09,1
84b36d7ffffffff-2013-07,2
84b36d7ffffffff-2015-02,3
84b36d7ffffffff-2015-04,1
84b36d7ffffffff-2015-10,1
84b36d7ffffffff-2017-01,1
84b36d7ffffffff-2017-02,1
84b36d7ffffffff-2018-06,1
84b36d7ffffffff-2018-10,1
84b36d7ffffffff-2019-11,2
84b36d7ffffffff-2020-03,1
84b36d7ffffffff-2021-08,1
84b36d7ffffffff-2021-09,4
84b36d7ffffffff-2021-10,4
84b36d7ffffffff-2021-11,2
84b36d7ffffffff-2022-11,2
84b36d7ffffffff-2023-01,3
84b36d7ffffffff-2023-02,1
84b36d7ffffffff-2023-04,7
84b36d7ffffffff-2023-06,1
84b36d7ffffffff-2023-08,2
84b36d7ffffffff-2023-09,1
84b36edffffffff-2023-01,1
84b370bffffffff-2019-02,1
84b3723ffffffff-2015-05,4
84b3731ffffffff-2023-01,2
84b3731ffffffff-2023-03,1
84b3731ffffffff-2023-05,1
84b3735ffffffff-2014-03,3
84b3749ffffffff-2023-11,3
84b3765ffffffff-2021-03,1
84b3765ffffffff-2022-02,1
84b3765ffffffff-2023-02,1
84b3765ffffffff-2023-03,2
84b3765ffffffff-2023-04,1
84b3769ffffffff-2018-04,1
84b3769ffffffff-2019-03,1
84b3769ffffffff-2020-02,1
84be1d3ffffffff-2020-09,4
84be1dbffffffff-2020-09,1
84c2031ffffffff-2019-11,6
84c2031ffffffff-2019-12,2
84c2031ffffffff-2020-01,1
84c2031ffffffff-2020-09,3
84c2031ffffffff-2020-10,1
84c2031ffffffff-2020-11,1
84c2031ffffffff-2021-11,1
84c2031ffffffff-2021-12,1
84c2031ffffffff-2022-01,1
84c2031ffffffff-2022-12,6
84c2031ffffffff-2023-01,9
84c2031ffffffff-2023-09,1
84c2033ffffffff-2019-12,1
84c2033ffffffff-2020-10,1
84c2033ffffffff-2020-11,2
84c2033ffffffff-2021-01,2
84c2033ffffffff-2021-02,1
84c2033ffffffff-2021-04,1
84c2033ffffffff-2022-02,1
84c2033ffffffff-2022-12,1
84c2033ffffffff-2023-02,1
84c2033ffffffff-2023-10,1
84c2037ffffffff-2013-11,2
84c2037ffffffff-2015-12,1
84c2037ffffffff-2017-12,1
84c2037ffffffff-2020-10,1
84c2037ffffffff-2020-11,2
84c2037ffffffff-2020-12,3
84c2037ffffffff-2021-12,1
84c2037ffffffff-2022-09,1
84c2037ffffffff-2023-04,2
84c2037ffffffff-2023-09,1
84c203bffffffff-2017-12,1
84c203bffffffff-2019-02,2
84c203bffffffff-2019-03,2
84c203bffffffff-2019-12,1
84c203bffffffff-2020-10,3
84c203bffffffff-2022-01,2
84c203bffffffff-2022-12,1
84c203bffffffff-2023-02,3
84c203bffffffff-2023-11,1
84c2053ffffffff-2012-07,1
84c2053ffffffff-2014-10,1
84c2053ffffffff-2015-09,2
84c2053ffffffff-2015-10,2
84c2053ffffffff-2015-11,2
84c2053ffffffff-2016-01,3
84c2053ffffffff-2016-02,1
84c2053ffffffff-2016-10,1
84c2053ffffffff-2016-11,2
84c2053ffffffff-2017-02,1
84c2053ffffffff-2018-03,1
84c2053ffffffff-2018-05,1
84c2053ffffffff-2018-06,2
84c2053ffffffff-2018-07,1
84c2053ffffffff-2018-09,5
84c2053ffffffff-2019-01,1
84c2053ffffffff-2019-05,2
84c2053ffffffff-2019-09,1
84c2053ffffffff-2019-10,6
84c2053ffffffff-2019-12,5
84c2053ffffffff-2020-01,3
84c2053ffffffff-2020-05,2
84c2053ffffffff-2020-06,1
84c2053ffffffff-2020-08,5
84c2053ffffffff-2020-09,5
84c2053ffffffff-2020-12,1
84c2053ffffffff-2021-01,4
84c2053ffffffff-2021-03,1
84c2053ffffffff-2021-06,1
84c2053ffffffff-2021-08,2
84c2053ffffffff-2021-09,19
84c2053ffffffff-2021-10,4
84c2053ffffffff-2021-11,6
84c2053ffffffff-2021-12,2
84c2053ffffffff-2022-01,1
84c2053ffffffff-2022-02,4
84c2053ffffffff-2022-05,1
84c2053ffffffff-2022-06,4
84c2053ffffffff-2022-07,1
84c2053ffffffff-2022-08,1
84c2053ffffffff-2022-09,55
84c2053ffffffff-2022-10,4
84c2053ffffffff-2022-11,6
84c2053ffffffff-2022-12,7
84c2053ffffffff-2023-01,16
84c2053ffffffff-2023-02,12
84c2053ffffffff-2023-03,4
84c2053ffffffff-2023-04,8
84c2053ffffffff-2023-05,13
84c2053ffffffff-2023-06,7
84c2053ffffffff-2023-07,9
84c2053ffffffff-2023-08,11
84c2053ffffffff-2023-09,125
84c2053ffffffff-2023-10,30
84c2053ffffffff-2023-11,4
84c205bffffffff-2012-01,1
84c205bffffffff-2014-01,6
84c205bffffffff-2015-11,8
84c205bffffffff-2015-12,2
84c205bffffffff-2016-01,6
84c205bffffffff-2016-02,4
84c205bffffffff-2016-03,4
84c205bffffffff-2016-12,1
84c205bffffffff-2017-01,13
84c205bffffffff-2017-02,15
84c205bffffffff-2017-03,2
84c205bffffffff-2017-12,1
84c205bffffffff-2018-01,6
84c205bffffffff-2018-02,14
84c205bffffffff-2018-03,7
84c205bffffffff-2018-04,6
84c205bffffffff-2018-06,1
84c205bffffffff-2018-10,3
84c205bffffffff-2019-01,4
84c205bffffffff-2019-02,8
84c205bffffffff-2019-10,2
84c205bffffffff-2019-11,2
84c205bffffffff-2020-01,9
84c205bffffffff-2020-05,2
84c205bffffffff-2020-07,2
84c205bffffffff-2020-12,3
84c205bffffffff-2021-01,3
84c205bffffffff-2021-02,8
84c205bffffffff-2021-03,1
84c205bffffffff-2021-10,2
84c205bffffffff-2021-11,1
84c205bffffffff-2021-12,11
84c205bffffffff-2022-01,4
84c205bffffffff-2022-02,1
84c205bffffffff-2022-05,1
84c205bffffffff-2022-09,2
84c205bffffffff-2022-11,7
84c205bffffffff-2022-12,5
84c205bffffffff-2023-01,8
84c205bffffffff-2023-02,6
84c205bffffffff-2023-03,6
84c205bffffffff-2023-04,1
84c205bffffffff-2023-05,3
84c205bffffffff-2023-09,1
84c205bffffffff-2023-10,2
84c205bffffffff-2023-11,2
84c2183ffffffff-2015-01,1
84c2183ffffffff-2015-02,1
84c2183ffffffff-2015-11,1
84c2183ffffffff-2016-10,1
84c2183ffffffff-2016-12,2
84c2183ffffffff-2017-09,1
84c2183ffffffff-2018-01,3
84c2183ffffffff-2018-12,3
84c2183ffffffff-2019-01,3
84c2183ffffffff-2019-02,1
84c2183ffffffff-2019-10,1
84c2183ffffffff-2019-11,3
84c2183ffffffff-2019-12,9
84c2183ffffffff-2020-01,2
84c2183ffffffff-2020-02,1
84c2183ffffffff-2020-12,2
84c2183ffffffff-2021-03,2
84c2183ffffffff-2021-10,3
84c2183ffffffff-2021-12,5
84c2183ffffffff-2022-01,1
84c2183ffffffff-2022-02,1
84c2183ffffffff-2022-09,2
84c2183ffffffff-2022-10,3
84c2183ffffffff-2022-11,2
84c2183ffffffff-2022-12,4
84c2183ffffffff-2023-01,1
84c2183ffffffff-2023-02,1
84c2183ffffffff-2023-04,1
84c2183ffffffff-2023-06,1
84c2183ffffffff-2023-09,4
84c2183ffffffff-2023-10,6
84c2183ffffffff-2023-11,2
84c218bffffffff-2018-02,2
84c218bffffffff-2018-09,2
84c218bffffffff-2018-12,1
84c218bffffffff-2019-02,1
84c218bffffffff-2019-12,2
84c218bffffffff-2020-10,1
84c218bffffffff-2020-11,1
84c218bffffffff-2020-12,1
84c218bffffffff-2021-01,2
84c218bffffffff-2021-03,1
84c218bffffffff-2021-10,1
84c218bffffffff-2022-01,1
84c218bffffffff-2022-02,1
84c218bffffffff-2022-05,1
84c218bffffffff-2023-01,1
84c218bffffffff-2023-03,1
84c218bffffffff-2023-09,2
84c218bffffffff-2023-10,6
84c2191ffffffff-2020-02,1
84c2193ffffffff-2022-12,1
84c2195ffffffff-2021-12,1
84c2195ffffffff-2022-11,1
84c2195ffffffff-2022-12,2
84c2195ffffffff-2023-04,1
84c2197ffffffff-2018-11,2
84c2199ffffffff-2017-12,2
84c2199ffffffff-2018-10,2
84c2199ffffffff-2020-10,1
84c219bffffffff-2019-12,2
84c219bffffffff-2021-03,1
84c219bffffffff-2022-01,1
84c219bffffffff-2022-09,2
84c219bffffffff-2022-10,2
84c219bffffffff-2022-11,1
84c219bffffffff-2022-12,1
84c219bffffffff-2023-01,1
84c219dffffffff-2014-12,1
84c219dffffffff-2016-12,1
84c219dffffffff-2017-12,2
84c219dffffffff-2019-12,1
84c219dffffffff-2020-01,2
84c219dffffffff-2020-09,1
84c219dffffffff-2020-10,2
84c219dffffffff-2021-01,1
84c219dffffffff-2021-10,1
84c219dffffffff-2021-11,1
84c219dffffffff-2021-12,1
84c219dffffffff-2022-01,1
84c219dffffffff-2022-02,2
84c219dffffffff-2022-09,1
84c219dffffffff-2022-11,1
84c219dffffffff-2022-12,6
84c219dffffffff-2023-02,2
84c219dffffffff-2023-05,1
84c219dffffffff-2023-10,1
84c219dffffffff-2023-11,5
84c21b1ffffffff-2016-11,2
84c21b1ffffffff-2018-10,1
84c21b1ffffffff-2019-01,1
84c21b1ffffffff-2021-11,1
84c21b1ffffffff-2022-01,1
84c21b1ffffffff-2022-10,2
84c21b1ffffffff-2023-02,4
84c21b1ffffffff-2023-10,7
84c21b3ffffffff-2012-08,1
84c21b3ffffffff-2012-11,3
84c21b3ffffffff-2012-12,1
84c21b3ffffffff-2013-01,1
84c21b3ffffffff-2013-11,15
84c21b3ffffffff-2014-01,7
84c21b3ffffffff-2014-02,1
84c21b3ffffffff-2014-03,4
84c21b3ffffffff-2014-11,22
84c21b3ffffffff-2014-12,2
84c21b3ffffffff-2015-01,1
84c21b3ffffffff-2015-02,1
84c21b3ffffffff-2015-03,1
84c21b3ffffffff-2015-04,2
84c21b3ffffffff-2015-10,4
84c21b3ffffffff-2015-11,5
84c21b3ffffffff-2016-01,5
84c21b3ffffffff-2016-09,2
84c21b3ffffffff-2016-10,12
84c21b3ffffffff-2016-11,12
84c21b3ffffffff-2017-01,3
84c21b3ffffffff-2017-02,2
84c21b3ffffffff-2017-03,3
84c21b3ffffffff-2017-09,2
84c21b3ffffffff-2017-10,14
84c21b3ffffffff-2017-11,6
84c21b3ffffffff-2018-01,13
84c21b3ffffffff-2018-02,7
84c21b3ffffffff-2018-03,7
84c21b3ffffffff-2018-04,1
84c21b3ffffffff-2018-05,2
84c21b3ffffffff-2018-10,2
84c21b3ffffffff-2018-11,18
84c21b3ffffffff-2018-12,20
84c21b3ffffffff-2019-01,3
84c21b3ffffffff-2019-02,3
84c21b3ffffffff-2019-03,24
84c21b3ffffffff-2019-04,8
84c21b3ffffffff-2019-09,12
84c21b3ffffffff-2019-10,17
84c21b3ffffffff-2019-11,25
84c21b3ffffffff-2019-12,16
84c21b3ffffffff-2020-01,55
84c21b3ffffffff-2020-03,1
84c21b3ffffffff-2020-07,1
84c21b3ffffffff-2020-08,2
84c21b3ffffffff-2020-09,1
84c21b3ffffffff-2020-10,2
84c21b3ffffffff-2020-11,2
84c21b3ffffffff-2020-12,13
84c21b3ffffffff-2021-01,5
84c21b3ffffffff-2021-02,2
84c21b3ffffffff-2021-03,16
84c21b3ffffffff-2021-04,6
84c21b3ffffffff-2021-08,4
84c21b3ffffffff-2021-09,2
84c21b3ffffffff-2021-10,32
84c21b3ffffffff-2021-11,40
84c21b3ffffffff-2021-12,21
84c21b3ffffffff-2022-01,27
84c21b3ffffffff-2022-02,8
84c21b3ffffffff-2022-03,4
84c21b3ffffffff-2022-04,1
84c21b3ffffffff-2022-08,11
84c21b3ffffffff-2022-09,64
84c21b3ffffffff-2022-10,55
84c21b3ffffffff-2022-11,39
84c21b3ffffffff-2022-12,28
84c21b3ffffffff-2023-01,24
84c21b3ffffffff-2023-02,9
84c21b3ffffffff-2023-03,24
84c21b3ffffffff-2023-04,47
84c21b3ffffffff-2023-05,31
84c21b3ffffffff-2023-08,6
84c21b3ffffffff-2023-09,15
84c21b3ffffffff-2023-10,76
84c21b3ffffffff-2023-11,32
84c21b9ffffffff-2012-11,1
84c21b9ffffffff-2015-01,1
84c21b9ffffffff-2020-02,1
84c21b9ffffffff-2021-12,2
84c21b9ffffffff-2022-01,2
84c21b9ffffffff-2022-12,2
84c21b9ffffffff-2023-01,1
84c21b9ffffffff-2023-10,5
84c21b9ffffffff-2023-11,2
84c21bbffffffff-2012-12,1
84c21bbffffffff-2013-11,4
84c21bbffffffff-2014-01,1
84c21bbffffffff-2014-11,4
84c21bbffffffff-2015-03,1
84c21bbffffffff-2015-04,1
84c21bbffffffff-2015-10,2
84c21bbffffffff-2015-11,1
84c21bbffffffff-2016-10,3
84c21bbffffffff-2016-11,1
84c21bbffffffff-2017-01,9
84c21bbffffffff-2017-10,8
84c21bbffffffff-2017-11,5
84c21bbffffffff-2018-01,8
84c21bbffffffff-2018-03,4
84c21bbffffffff-2018-10,1
84c21bbffffffff-2018-11,15
84c21bbffffffff-2018-12,12
84c21bbffffffff-2019-01,1
84c21bbffffffff-2019-03,15
84c21bbffffffff-2019-09,10
84c21bbffffffff-2019-10,7
84c21bbffffffff-2019-11,15
84c21bbffffffff-2019-12,1
84c21bbffffffff-2020-01,1
84c21bbffffffff-2020-02,2
84c21bbffffffff-2020-12,2
84c21bbffffffff-2021-01,1
84c21bbffffffff-2021-03,12
84c21bbffffffff-2021-04,6
84c21bbffffffff-2021-10,4
84c21bbffffffff-2021-11,21
84c21bbffffffff-2021-12,15
84c21bbffffffff-2022-01,8
84c21bbffffffff-2022-02,2
84c21bbffffffff-2022-03,1
84c21bbffffffff-2022-04,3
84c21bbffffffff-2022-05,8
84c21bbffffffff-2022-06,7
84c21bbffffffff-2022-08,9
84c21bbffffffff-2022-09,13
84c21bbffffffff-2022-10,33
84c21bbffffffff-2022-11,33
84c21bbffffffff-2022-12,2
84c21bbffffffff-2023-01,13
84c21bbffffffff-2023-02,1
84c21bbffffffff-2023-03,2
84c21bbffffffff-2023-04,2
84c21bbffffffff-2023-05,11
84c21bbffffffff-2023-08,5
84c21bbffffffff-2023-09,2
84c21bbffffffff-2023-10,17
84c21bbffffffff-2023-11,27
84c21d1ffffffff-2015-09,4
84c21d1ffffffff-2015-10,1
84c21d1ffffffff-2015-12,3
84c21d1ffffffff-2018-11,1
84c21d1ffffffff-2020-10,6
84c21d1ffffffff-2020-11,2
84c21d1ffffffff-2020-12,4
84c21d1ffffffff-2021-01,2
84c21d1ffffffff-2021-02,6
84c21d1ffffffff-2021-03,3
84c21d1ffffffff-2021-05,5
84c21d1ffffffff-2021-06,3
84c21d1ffffffff-2021-08,6
84c21d1ffffffff-2021-09,3
84c21d1ffffffff-2021-10,3
84c21d1ffffffff-2021-11,3
84c21d1ffffffff-2021-12,4
84c21d1ffffffff-2022-01,1
84c21d1ffffffff-2022-02,11
84c21d1ffffffff-2022-10,14
84c21d1ffffffff-2022-11,2
84c21d1ffffffff-2022-12,14
84c21d1ffffffff-2023-01,1
84c21d1ffffffff-2023-02,6
84c21d1ffffffff-2023-04,1
84c21d1ffffffff-2023-09,5
84c21d1ffffffff-2023-11,2
84c21d5ffffffff-2014-06,1
84c21d5ffffffff-2015-01,1
84c21d5ffffffff-2016-09,1
84c21d5ffffffff-2018-08,1
84c21d5ffffffff-2019-11,1
84c21d5ffffffff-2019-12,2
84c21d5ffffffff-2020-01,1
84c21d5ffffffff-2020-10,4
84c21d5ffffffff-2020-11,3
84c21d5ffffffff-2020-12,2
84c21d5ffffffff-2021-01,1
84c21d5ffffffff-2021-02,2
84c21d5ffffffff-2021-04,2
84c21d5ffffffff-2021-07,1
84c21d5ffffffff-2021-10,3
84c21d5ffffffff-2022-02,3
84c21d5ffffffff-2022-04,2
84c21d5ffffffff-2022-10,1
84c21d5ffffffff-2022-12,1
84c21d5ffffffff-2023-01,1
84c21d5ffffffff-2023-03,1
84c21d5ffffffff-2023-10,1
84c21d7ffffffff-2019-11,1
84c21d7ffffffff-2020-10,1
84c21d7ffffffff-2021-02,2
84c21d7ffffffff-2022-04,1
84c21d9ffffffff-2018-03,1
84c21d9ffffffff-2019-09,1
84c21d9ffffffff-2021-01,1
84c21d9ffffffff-2021-12,2
84c21d9ffffffff-2022-01,2
84c21d9ffffffff-2022-02,3
84c21d9ffffffff-2023-11,1
84c21ddffffffff-2012-12,1
84c21ddffffffff-2013-09,1
84c21ddffffffff-2013-10,2
84c21ddffffffff-2013-12,1
84c21ddffffffff-2014-01,1
84c21ddffffffff-2014-02,3
84c21ddffffffff-2014-03,1
84c21ddffffffff-2014-04,1
84c21ddffffffff-2014-05,1
84c21ddffffffff-2014-10,2
84c21ddffffffff-2014-12,1
84c21ddffffffff-2015-01,1
84c21ddffffffff-2015-02,3
84c21ddffffffff-2015-03,1
84c21ddffffffff-2015-11,3
84c21ddffffffff-2016-01,1
84c21ddffffffff-2016-02,3
84c21ddffffffff-2016-08,1
84c21ddffffffff-2016-09,2
84c21ddffffffff-2016-10,4
84c21ddffffffff-2016-11,2
84c21ddffffffff-2017-01,1
84c21ddffffffff-2017-03,3
84c21ddffffffff-2017-08,1
84c21ddffffffff-2017-11,1
84c21ddffffffff-2018-01,4
84c21ddffffffff-2018-03,3
84c21ddffffffff-2018-04,2
84c21ddffffffff-2018-05,2
84c21ddffffffff-2018-08,1
84c21ddffffffff-2018-09,1
84c21ddffffffff-2018-10,5
84c21ddffffffff-2018-11,2
84c21ddffffffff-2018-12,4
84c21ddffffffff-2019-01,13
84c21ddffffffff-2019-02,1
84c21ddffffffff-2019-03,7
84c21ddffffffff-2019-04,3
84c21ddffffffff-2019-05,1
84c21ddffffffff-2019-08,2
84c21ddffffffff-2019-09,9
84c21ddffffffff-2019-10,16
84c21ddffffffff-2019-11,3
84c21ddffffffff-2019-12,13
84c21ddffffffff-2020-01,8
84c21ddffffffff-2020-02,5
84c21ddffffffff-2020-03,7
84c21ddffffffff-2020-04,2
84c21ddffffffff-2020-07,1
84c21ddffffffff-2020-08,2
84c21ddffffffff-2020-09,3
84c21ddffffffff-2020-10,11
84c21ddffffffff-2020-11,3
84c21ddffffffff-2020-12,12
84c21ddffffffff-2021-01,9
84c21ddffffffff-2021-02,9
84c21ddffffffff-2021-03,14
84c21ddffffffff-2021-04,4
84c21ddffffffff-2021-05,4
84c21ddffffffff-2021-07,2
84c21ddffffffff-2021-08,20
84c21ddffffffff-2021-09,5
84c21ddffffffff-2021-10,8
84c21ddffffffff-2021-11,9
84c21ddffffffff-2021-12,18
84c21ddffffffff-2022-01,20
84c21ddffffffff-2022-02,18
84c21ddffffffff-2022-03,12
84c21ddffffffff-2022-04,26
84c21ddffffffff-2022-05,1
84c21ddffffffff-2022-06,4
84c21ddffffffff-2022-07,1
84c21ddffffffff-2022-08,3
84c21ddffffffff-2022-09,12
84c21ddffffffff-2022-10,7
84c21ddffffffff-2022-11,32
84c21ddffffffff-2022-12,29
84c21ddffffffff-2023-01,20
84c21ddffffffff-2023-02,10
84c21ddffffffff-2023-03,8
84c21ddffffffff-2023-04,12
84c21ddffffffff-2023-05,12
84c21ddffffffff-2023-06,1
84c21ddffffffff-2023-07,6
84c21ddffffffff-2023-08,1
84c21ddffffffff-2023-09,5
84c21ddffffffff-2023-10,26
84c21ddffffffff-2023-11,11
84c2211ffffffff-2020-01,1
84c2211ffffffff-2021-01,1
84c2211ffffffff-2022-02,2
84c2213ffffffff-2016-02,1
84c2213ffffffff-2016-08,1
84c2213ffffffff-2019-02,1
84c2213ffffffff-2020-02,1
84c2213ffffffff-2020-10,1
84c2213ffffffff-2020-11,1
84c2213ffffffff-2021-01,2
84c2213ffffffff-2021-02,1
84c2213ffffffff-2021-03,1
84c2213ffffffff-2021-12,3
84c2213ffffffff-2022-01,4
84c2213ffffffff-2022-02,3
84c2213ffffffff-2022-07,2
84c2213ffffffff-2022-10,1
84c2213ffffffff-2022-12,4
84c2213ffffffff-2023-02,6
84c2213ffffffff-2023-04,4
84c2213ffffffff-2023-10,2
84c2213ffffffff-2023-11,3
84c2217ffffffff-2015-11,1
84c2217ffffffff-2016-11,1
84c2217ffffffff-2016-12,1
84c2217ffffffff-2017-01,6
84c2217ffffffff-2017-02,1
84c2217ffffffff-2018-01,1
84c2217ffffffff-2018-02,1
84c2217ffffffff-2018-04,4
84c2217ffffffff-2018-10,2
84c2217ffffffff-2019-01,4
84c2217ffffffff-2020-10,3
84c2217ffffffff-2020-11,1
84c2217ffffffff-2021-01,2
84c2217ffffffff-2021-03,2
84c2217ffffffff-2021-06,4
84c2217ffffffff-2021-08,1
84c2217ffffffff-2021-12,1
84c2217ffffffff-2022-01,1
84c221bffffffff-2022-01,1
84c2281ffffffff-2018-03,1
84c2281ffffffff-2020-10,1
84c2281ffffffff-2021-01,1
84c2281ffffffff-2021-03,1
84c2281ffffffff-2021-08,2
84c2283ffffffff-2021-01,1
84c2283ffffffff-2021-02,1
84c2283ffffffff-2021-12,1
84c2283ffffffff-2022-09,1
84c2283ffffffff-2023-02,1
84c2283ffffffff-2023-10,1
84c2285ffffffff-2019-11,1
84c2285ffffffff-2020-01,1
84c228bffffffff-2021-03,1
84c228bffffffff-2022-08,2
84c228bffffffff-2022-10,1
84c228bffffffff-2023-01,1
84c2297ffffffff-2020-10,1
84c2299ffffffff-2022-10,1
84c2299ffffffff-2022-12,1
84c2299ffffffff-2023-01,2
84c2299ffffffff-2023-03,2
84c229dffffffff-2022-09,1
84c229dffffffff-2022-10,2
84c229dffffffff-2023-01,3
84c229dffffffff-2023-11,3
84c22a1ffffffff-2014-01,9
84c22a1ffffffff-2016-03,1
84c22a5ffffffff-2014-01,5
84c22a5ffffffff-2016-01,5
84c22a5ffffffff-2018-02,1
84c22a5ffffffff-2019-12,3
84c22a5ffffffff-2020-01,3
84c22a5ffffffff-2020-11,4
84c22a5ffffffff-2022-09,1
84c22a7ffffffff-2022-02,1
84c22a7ffffffff-2022-11,1
84c22a7ffffffff-2022-12,3
84c22a7ffffffff-2023-02,1
84c22a9ffffffff-2015-12,1
84c22a9ffffffff-2016-01,3
84c22a9ffffffff-2016-11,1
84c22a9ffffffff-2019-11,1
84c22a9ffffffff-2019-12,1
84c22a9ffffffff-2023-01,2
84c22a9ffffffff-2023-02,3
84c22abffffffff-2018-03,1
84c22abffffffff-2019-06,1
84c22abffffffff-2023-08,2
84c22adffffffff-2014-01,5
84c22adffffffff-2015-08,1
84c22adffffffff-2015-10,1
84c22adffffffff-2016-01,1
84c22adffffffff-2016-03,1
84c22adffffffff-2017-01,1
84c22adffffffff-2017-02,1
84c22adffffffff-2018-01,2
84c22adffffffff-2018-02,3
84c22adffffffff-2018-04,4
84c22adffffffff-2018-05,3
84c22adffffffff-2018-06,1
84c22adffffffff-2019-01,2
84c22adffffffff-2020-01,1
84c22adffffffff-2020-02,1
84c22adffffffff-2020-09,1
84c22adffffffff-2020-10,3
84c22adffffffff-2020-12,2
84c22adffffffff-2021-01,1
84c22adffffffff-2021-02,6
84c22adffffffff-2021-10,12
84c22adffffffff-2021-11,2
84c22adffffffff-2022-01,1
84c22adffffffff-2022-11,1
84c22adffffffff-2022-12,1
84c22adffffffff-2023-01,4
84c22adffffffff-2023-03,1
84c22adffffffff-2023-09,2
84c22adffffffff-2023-10,1
84c22b1ffffffff-2020-12,2
84c22b5ffffffff-2014-01,3
84c22b5ffffffff-2022-02,1
84c22bdffffffff-2020-11,1
84c22bdffffffff-2020-12,1
84c22c1ffffffff-2016-05,1
84c22c1ffffffff-2017-01,1
84c22c1ffffffff-2017-11,1
84c22c1ffffffff-2018-12,1
84c22c1ffffffff-2019-01,1
84c22c1ffffffff-2020-01,2
84c22c1ffffffff-2021-01,1
84c22c3ffffffff-2016-10,1
84c22c3ffffffff-2019-01,1
84c22c5ffffffff-2014-01,1
84c22c5ffffffff-2016-11,1
84c22c5ffffffff-2017-03,1
84c22c5ffffffff-2017-10,5
84c22c5ffffffff-2017-11,1
84c22c5ffffffff-2017-12,1
84c22c5ffffffff-2018-01,1
84c22c5ffffffff-2018-03,2
84c22c5ffffffff-2018-05,1
84c22c5ffffffff-2018-11,2
84c22c5ffffffff-2019-04,1
84c22c5ffffffff-2019-12,1
84c22c5ffffffff-2020-01,1
84c22c5ffffffff-2020-02,1
84c22c5ffffffff-2020-10,2
84c22c5ffffffff-2021-01,2
84c22c5ffffffff-2021-02,1
84c22c5ffffffff-2021-03,2
84c22c5ffffffff-2021-12,4
84c22c5ffffffff-2022-01,1
84c22c5ffffffff-2022-10,1
84c22c5ffffffff-2022-12,10
84c22c5ffffffff-2023-01,3
84c22c5ffffffff-2023-10,1
84c22c7ffffffff-2020-12,2
84c22c7ffffffff-2023-01,3
84c22c7ffffffff-2023-04,1
84c22c9ffffffff-2023-02,1
84c22cbffffffff-2019-04,2
84c22cbffffffff-2020-10,1
84c22cdffffffff-2014-01,1
84c22cdffffffff-2015-12,1
84c22cdffffffff-2020-12,1
84c22cdffffffff-2023-01,1
84c22d3ffffffff-2023-11,3
84c22d5ffffffff-2021-12,1
84c22d5ffffffff-2022-01,1
84c22d7ffffffff-2020-10,1
84c22d7ffffffff-2021-05,1
84c22d7ffffffff-2023-08,1
84c22d9ffffffff-2020-10,2
84c22d9ffffffff-2020-12,2
84c22d9ffffffff-2021-02,1
84c22d9ffffffff-2021-12,2
84c22d9ffffffff-2022-10,1
84c22d9ffffffff-2023-08,1
84c22dbffffffff-2022-12,1
84c22e1ffffffff-2014-01,7
84c22e1ffffffff-2016-02,2
84c22e3ffffffff-2013-01,1
84c22e3ffffffff-2015-12,3
84c22e3ffffffff-2016-05,1
84c22e3ffffffff-2016-06,1
84c22e3ffffffff-2016-10,1
84c22e3ffffffff-2017-02,1
84c22e3ffffffff-2017-03,1
84c22e3ffffffff-2019-03,1
84c22e3ffffffff-2020-01,1
84c22e3ffffffff-2020-02,1
84c22e3ffffffff-2021-01,1
84c22e3ffffffff-2021-02,1
84c22e3ffffffff-2022-10,1
84c22e5ffffffff-2016-01,2
84c22e5ffffffff-2016-03,1
84c22e5ffffffff-2020-12,1
84c22e5ffffffff-2021-01,1
84c22e5ffffffff-2021-03,1
84c22e5ffffffff-2022-12,1
84c22e5ffffffff-2023-03,1
84c22e5ffffffff-2023-07,1
84c22e7ffffffff-2016-01,2
84c22e7ffffffff-2016-03,3
84c22e7ffffffff-2016-10,4
84c22e7ffffffff-2017-01,1
84c22e7ffffffff-2017-02,1
84c22e7ffffffff-2018-02,2
84c22e7ffffffff-2019-03,1
84c22e7ffffffff-2019-11,1
84c22e7ffffffff-2021-12,1
84c22e7ffffffff-2022-09,2
84c22e7ffffffff-2023-01,4
84c22e7ffffffff-2023-02,6
84c22e7ffffffff-2023-11,1
84c22e9ffffffff-2014-01,4
84c22e9ffffffff-2016-05,1
84c22e9ffffffff-2018-02,1
84c22e9ffffffff-2022-12,2
84c22ebffffffff-2017-01,1
84c22ebffffffff-2018-12,1
84c22ebffffffff-2019-02,1
84c22ebffffffff-2019-11,1
84c22ebffffffff-2019-12,2
84c22ebffffffff-2020-09,1
84c22ebffffffff-2020-12,1
84c22edffffffff-2014-01,3
84c22edffffffff-2016-05,1
84c22edffffffff-2018-05,4
84c22edffffffff-2020-10,2
84c22edffffffff-2021-05,1
84c22edffffffff-2021-07,2
84c22edffffffff-2022-02,2
84c22edffffffff-2023-02,1
84c22edffffffff-2023-03,1
84c22edffffffff-2023-05,1
84c22edffffffff-2023-07,2
84c22edffffffff-2023-09,3
84c22edffffffff-2023-10,2
84c22edffffffff-2023-11,1
84c2893ffffffff-2012-01,1
84c2893ffffffff-2017-01,8
84c2893ffffffff-2017-12,1
84c2893ffffffff-2018-02,1
84c2893ffffffff-2018-10,1
84c2893ffffffff-2019-01,1
84c2893ffffffff-2019-02,3
84c2893ffffffff-2019-04,2
84c2893ffffffff-2020-01,6
84c2893ffffffff-2020-02,9
84c2893ffffffff-2020-12,3
84c2893ffffffff-2021-01,5
84c2893ffffffff-2021-03,4
84c2893ffffffff-2021-11,10
84c2893ffffffff-2022-01,3
84c2893ffffffff-2022-03,1
84c2893ffffffff-2022-10,13
84c2893ffffffff-2022-11,4
84c2893ffffffff-2023-01,13
84c2893ffffffff-2023-02,2
84c2893ffffffff-2023-03,1
84c2893ffffffff-2023-11,1
84c2c05ffffffff-2020-09,1
84c2c05ffffffff-2021-02,2
84c2c05ffffffff-2022-10,2
84c2c05ffffffff-2023-09,2
84c2c05ffffffff-2023-11,1
84c2c07ffffffff-2022-11,1
84c2c07ffffffff-2023-01,1
84c2c0bffffffff-2021-02,1
84c2c0bffffffff-2022-01,1
84c2c0bffffffff-2023-02,1
84c2c0dffffffff-2021-12,1
84c2c0dffffffff-2022-10,1
84c2c0dffffffff-2023-09,1
84c2c0dffffffff-2023-11,1
84c2c11ffffffff-2021-11,1
84c2c13ffffffff-2021-09,1
84c2c13ffffffff-2021-10,1
84c2c13ffffffff-2022-02,2
84c2c13ffffffff-2022-11,1
84c2c15ffffffff-2019-12,3
84c2c15ffffffff-2020-10,3
84c2c15ffffffff-2021-11,2
84c2c15ffffffff-2022-08,3
84c2c15ffffffff-2022-09,1
84c2c15ffffffff-2022-11,1
84c2c17ffffffff-2020-10,4
84c2c17ffffffff-2021-11,3
84c2c17ffffffff-2021-12,1
84c2c17ffffffff-2022-02,2
84c2c17ffffffff-2022-09,1
84c2c17ffffffff-2022-11,4
84c2c17ffffffff-2022-12,4
84c2c17ffffffff-2023-01,1
84c2c17ffffffff-2023-02,4
84c2c17ffffffff-2023-03,1
84c2c17ffffffff-2023-08,1
84c2c17ffffffff-2023-10,3
84c2c17ffffffff-2023-11,2
84c2c19ffffffff-2018-03,3
84c2c19ffffffff-2018-11,1
84c2c19ffffffff-2020-10,2
84c2c19ffffffff-2021-08,1
84c2c19ffffffff-2022-11,1
84c2c1dffffffff-2023-02,3
84c2c1dffffffff-2023-10,2
84c2c23ffffffff-2018-02,1
84c2c23ffffffff-2023-01,2
84c2c23ffffffff-2023-02,1
84c2c23ffffffff-2023-10,2
84c2c29ffffffff-2018-02,1
84c2c29ffffffff-2023-02,5
84c2c31ffffffff-2022-02,1
84c2c35ffffffff-2023-02,1
84c2c3bffffffff-2022-02,2
84c2c3bffffffff-2022-12,2
84c2c41ffffffff-2022-12,1
84c2c47ffffffff-2019-12,3
84c2c47ffffffff-2023-02,2
84c2c47ffffffff-2023-03,1
84c2c47ffffffff-2023-04,1
84c2c49ffffffff-2021-02,1
84c2c49ffffffff-2022-09,2
84c2c49ffffffff-2023-01,2
84c2c49ffffffff-2023-02,2
84c2c49ffffffff-2023-03,1
84c2c4bffffffff-2018-12,2
84c2c4bffffffff-2022-10,1
84c2c4bffffffff-2022-11,1
84c2c4bffffffff-2023-01,2
84c2c4bffffffff-2023-08,1
84c2c4bffffffff-2023-09,1
84c2c4bffffffff-2023-10,2
84c2c4dffffffff-2020-12,1
84c2c4dffffffff-2021-01,1
84c2c4dffffffff-2021-10,2
84c2c53ffffffff-2012-01,1
84c2c53ffffffff-2013-03,1
84c2c53ffffffff-2013-09,4
84c2c53ffffffff-2013-11,1
84c2c53ffffffff-2014-01,1
84c2c53ffffffff-2014-09,1
84c2c53ffffffff-2014-10,1
84c2c53ffffffff-2014-11,1
84c2c53ffffffff-2014-12,1
84c2c53ffffffff-2015-01,1
84c2c53ffffffff-2015-02,1
84c2c53ffffffff-2015-10,1
84c2c53ffffffff-2016-09,2
84c2c53ffffffff-2016-11,4
84c2c53ffffffff-2016-12,2
84c2c53ffffffff-2017-10,5
84c2c53ffffffff-2017-11,3
84c2c53ffffffff-2017-12,1
84c2c53ffffffff-2018-01,12
84c2c53ffffffff-2018-02,1
84c2c53ffffffff-2018-03,2
84c2c53ffffffff-2018-05,1
84c2c53ffffffff-2018-07,4
84c2c53ffffffff-2018-09,7
84c2c53ffffffff-2018-10,20
84c2c53ffffffff-2018-11,10
84c2c53ffffffff-2018-12,6
84c2c53ffffffff-2019-01,10
84c2c53ffffffff-2019-02,1
84c2c53ffffffff-2019-08,1
84c2c53ffffffff-2019-09,1
84c2c53ffffffff-2019-10,39
84c2c53ffffffff-2019-11,35
84c2c53ffffffff-2019-12,16
84c2c53ffffffff-2020-01,6
84c2c53ffffffff-2020-02,5
84c2c53ffffffff-2020-10,8
84c2c53ffffffff-2020-12,11
84c2c53ffffffff-2021-01,12
84c2c53ffffffff-2021-05,1
84c2c53ffffffff-2021-07,1
84c2c53ffffffff-2021-09,2
84c2c53ffffffff-2021-10,25
84c2c53ffffffff-2021-11,12
84c2c53ffffffff-2021-12,8
84c2c53ffffffff-2022-01,3
84c2c53ffffffff-2022-02,14
84c2c53ffffffff-2022-03,10
84c2c53ffffffff-2022-04,3
84c2c53ffffffff-2022-07,4
84c2c53ffffffff-2022-08,18
84c2c53ffffffff-2022-09,37
84c2c53ffffffff-2022-10,65
84c2c53ffffffff-2022-11,60
84c2c53ffffffff-2022-12,25
84c2c53ffffffff-2023-01,8
84c2c53ffffffff-2023-02,21
84c2c53ffffffff-2023-03,1
84c2c53ffffffff-2023-04,12
84c2c53ffffffff-2023-05,8
84c2c53ffffffff-2023-06,4
84c2c53ffffffff-2023-07,2
84c2c53ffffffff-2023-08,3
84c2c53ffffffff-2023-09,17
84c2c53ffffffff-2023-10,21
84c2c53ffffffff-2023-11,15
84c2c57ffffffff-2015-10,1
84c2c57ffffffff-2021-12,1
84c2c57ffffffff-2023-01,1
84c2c57ffffffff-2023-09,1
84c2c57ffffffff-2023-10,2
84c2c59ffffffff-2023-03,1
84c2c5bffffffff-2012-04,4
84c2c5bffffffff-2012-10,1
84c2c5bffffffff-2012-11,2
84c2c5bffffffff-2012-12,2
84c2c5bffffffff-2013-01,2
84c2c5bffffffff-2013-03,2
84c2c5bffffffff-2013-04,4
84c2c5bffffffff-2013-09,5
84c2c5bffffffff-2013-10,1
84c2c5bffffffff-2013-12,1
84c2c5bffffffff-2014-01,2
84c2c5bffffffff-2014-03,4
84c2c5bffffffff-2015-03,13
84c2c5bffffffff-2015-10,10
84c2c5bffffffff-2015-11,5
84c2c5bffffffff-2015-12,4
84c2c5bffffffff-2016-02,2
84c2c5bffffffff-2016-09,8
84c2c5bffffffff-2016-10,2
84c2c5bffffffff-2016-11,4
84c2c5bffffffff-2016-12,1
84c2c5bffffffff-2017-02,1
84c2c5bffffffff-2017-10,1
84c2c5bffffffff-2017-11,1
84c2c5bffffffff-2018-01,5
84c2c5bffffffff-2018-02,3
84c2c5bffffffff-2018-09,1
84c2c5bffffffff-2018-10,1
84c2c5bffffffff-2018-11,2
84c2c5bffffffff-2019-09,4
84c2c5bffffffff-2019-10,15
84c2c5bffffffff-2019-11,13
84c2c5bffffffff-2019-12,3
84c2c5bffffffff-2020-01,1
84c2c5bffffffff-2020-02,1
84c2c5bffffffff-2021-10,3
84c2c5bffffffff-2021-11,1
84c2c5bffffffff-2021-12,3
84c2c5bffffffff-2022-09,2
84c2c5bffffffff-2022-10,17
84c2c5bffffffff-2022-11,19
84c2c5bffffffff-2022-12,2
84c2c5bffffffff-2023-01,11
84c2c5bffffffff-2023-02,4
84c2c5bffffffff-2023-04,4
84c2c5bffffffff-2023-05,1
84c2c5bffffffff-2023-07,2
84c2c5bffffffff-2023-08,1
84c2c5bffffffff-2023-09,2
84c2c5bffffffff-2023-11,22
84c2c5dffffffff-2020-11,1
84c2c5dffffffff-2021-03,1
84c2c5dffffffff-2022-11,1
84c2c5dffffffff-2023-03,1
84c2c5dffffffff-2023-08,1
84c2c61ffffffff-2020-11,3
84c2c61ffffffff-2022-10,7
84c2c61ffffffff-2022-12,3
84c2c61ffffffff-2023-09,1
84c2c61ffffffff-2023-10,3
84c2c63ffffffff-2019-10,2
84c2c63ffffffff-2020-02,1
84c2c63ffffffff-2020-11,1
84c2c63ffffffff-2023-01,2
84c2c63ffffffff-2023-03,2
84c2c65ffffffff-2018-02,1
84c2c69ffffffff-2021-10,3
84c2c69ffffffff-2022-01,2
84c2c69ffffffff-2022-10,2
84c2c69ffffffff-2023-01,2
84c2c6bffffffff-2021-01,1
84c2c6dffffffff-2016-01,1
84c2c6dffffffff-2019-01,1
84c2c6dffffffff-2020-08,1
84c2c6dffffffff-2020-11,2
84c2c6dffffffff-2021-03,4
84c2c6dffffffff-2021-11,5
84c2c6dffffffff-2022-11,1
84c2c6dffffffff-2023-01,2
84c2c85ffffffff-2021-10,1
84c2c85ffffffff-2023-09,3
84c2c87ffffffff-2023-10,1
84c2c8dffffffff-2022-11,2
84c2c8dffffffff-2023-04,6
84c2c91ffffffff-2013-12,1
84c2c91ffffffff-2016-08,2
84c2c91ffffffff-2016-11,1
84c2c91ffffffff-2018-10,1
84c2c91ffffffff-2018-12,1
84c2c91ffffffff-2019-06,2
84c2c91ffffffff-2019-09,2
84c2c91ffffffff-2019-10,1
84c2c91ffffffff-2019-11,3
84c2c91ffffffff-2019-12,16
84c2c91ffffffff-2020-02,1
84c2c91ffffffff-2020-09,1
84c2c91ffffffff-2020-12,1
84c2c91ffffffff-2021-01,1
84c2c91ffffffff-2021-03,1
84c2c91ffffffff-2021-10,1
84c2c91ffffffff-2021-12,11
84c2c91ffffffff-2022-02,2
84c2c91ffffffff-2022-03,1
84c2c91ffffffff-2022-10,4
84c2c91ffffffff-2022-12,3
84c2c91ffffffff-2023-01,2
84c2c91ffffffff-2023-09,1
84c2c91ffffffff-2023-10,3
84c2c91ffffffff-2023-11,4
84c2c93ffffffff-2018-11,1
84c2c93ffffffff-2019-11,1
84c2c93ffffffff-2021-12,1
84c2c95ffffffff-2015-09,2
84c2c95ffffffff-2020-09,1
84c2c97ffffffff-2012-02,2
84c2c97ffffffff-2016-09,4
84c2c97ffffffff-2016-11,3
84c2c97ffffffff-2016-12,1
84c2c97ffffffff-2017-02,2
84c2c97ffffffff-2017-03,1
84c2c97ffffffff-2017-07,1
84c2c97ffffffff-2018-01,1
84c2c97ffffffff-2018-02,4
84c2c97ffffffff-2018-03,1
84c2c97ffffffff-2018-08,1
84c2c97ffffffff-2018-11,1
84c2c97ffffffff-2019-02,4
84c2c97ffffffff-2019-11,2
84c2c97ffffffff-2019-12,16
84c2c97ffffffff-2020-01,2
84c2c97ffffffff-2020-02,3
84c2c97ffffffff-2020-07,1
84c2c97ffffffff-2020-09,1
84c2c97ffffffff-2020-10,5
84c2c97ffffffff-2020-12,13
84c2c97ffffffff-2021-01,3
84c2c97ffffffff-2021-02,9
84c2c97ffffffff-2021-03,4
84c2c97ffffffff-2021-09,2
84c2c97ffffffff-2021-10,1
84c2c97ffffffff-2021-11,1
84c2c97ffffffff-2021-12,7
84c2c97ffffffff-2022-01,2
84c2c97ffffffff-2022-02,10
84c2c97ffffffff-2022-03,1
84c2c97ffffffff-2022-10,2
84c2c97ffffffff-2023-01,3
84c2c97ffffffff-2023-02,5
84c2c97ffffffff-2023-03,5
84c2c97ffffffff-2023-04,1
84c2c97ffffffff-2023-05,1
84c2c97ffffffff-2023-09,2
84c2c99ffffffff-2015-06,2
84c2c99ffffffff-2015-09,2
84c2c99ffffffff-2015-12,1
84c2c99ffffffff-2016-11,2
84c2c99ffffffff-2017-08,3
84c2c99ffffffff-2018-02,2
84c2c99ffffffff-2018-03,2
84c2c99ffffffff-2018-09,2
84c2c99ffffffff-2018-10,3
84c2c99ffffffff-2018-12,5
84c2c99ffffffff-2019-02,1
84c2c99ffffffff-2019-03,5
84c2c99ffffffff-2019-09,1
84c2c99ffffffff-2019-10,3
84c2c99ffffffff-2019-11,21
84c2c99ffffffff-2019-12,4
84c2c99ffffffff-2020-01,3
84c2c99ffffffff-2020-02,5
84c2c99ffffffff-2020-03,20
84c2c99ffffffff-2020-09,1
84c2c99ffffffff-2020-10,8
84c2c99ffffffff-2020-11,3
84c2c99ffffffff-2020-12,3
84c2c99ffffffff-2021-02,2
84c2c99ffffffff-2021-03,11
84c2c99ffffffff-2021-04,8
84c2c99ffffffff-2021-05,2
84c2c99ffffffff-2021-08,2
84c2c99ffffffff-2021-09,7
84c2c99ffffffff-2021-10,3
84c2c99ffffffff-2022-03,3
84c2c99ffffffff-2022-05,2
84c2c99ffffffff-2023-03,2
84c2c99ffffffff-2023-04,10
84c2c9bffffffff-2019-11,1
84c2c9bffffffff-2022-08,1
84c2c9bffffffff-2023-09,2
84c2c9dffffffff-2021-01,1
84c2ca1ffffffff-2015-11,1
84c2ca1ffffffff-2019-10,2
84c2ca3ffffffff-2014-02,1
84c2ca3ffffffff-2019-10,2
84c2ca3ffffffff-2020-09,2
84c2ca3ffffffff-2022-10,8
84c2ca3ffffffff-2023-02,2
84c2ca5ffffffff-2012-02,1
84c2ca5ffffffff-2018-03,3
84c2ca5ffffffff-2020-10,4
84c2ca5ffffffff-2022-01,2
84c2ca5ffffffff-2022-02,1
84c2ca5ffffffff-2022-10,1
84c2ca5ffffffff-2022-12,1
84c2ca5ffffffff-2023-01,4
84c2ca5ffffffff-2023-09,2
84c2ca7ffffffff-2016-10,1
84c2ca7ffffffff-2017-12,3
84c2ca7ffffffff-2018-03,2
84c2ca7ffffffff-2021-01,1
84c2ca7ffffffff-2022-12,2
84c2cadffffffff-2018-03,6
84c2cadffffffff-2018-04,3
84c2cadffffffff-2020-08,2
84c2cadffffffff-2020-09,1
84c2cadffffffff-2020-12,1
84c2cadffffffff-2021-03,1
84c2cadffffffff-2021-11,1
84c2cadffffffff-2022-01,2
84c2cadffffffff-2022-02,2
84c2cadffffffff-2023-02,1
84c2cadffffffff-2023-07,1
84c2cb1ffffffff-2023-10,3
84c2cb3ffffffff-2021-02,1
84c2cb3ffffffff-2022-01,18
84c2cb3ffffffff-2023-01,1
84c2cb3ffffffff-2023-02,1
84c2cb3ffffffff-2023-08,2
84c2cb5ffffffff-2020-08,1
84c2cb5ffffffff-2020-09,4
84c2cb5ffffffff-2020-10,5
84c2cb5ffffffff-2021-01,1
84c2cb9ffffffff-2020-10,1
84c2cbbffffffff-2023-11,4
84c2cbdffffffff-2023-09,3
84c2cc1ffffffff-2021-03,1
84c2cc1ffffffff-2023-01,1
84c2cc1ffffffff-2023-02,4
84c2cc7ffffffff-2019-04,2
84c2cc7ffffffff-2020-09,2
84c2cc7ffffffff-2023-02,1
84c2ccbffffffff-2020-11,1
84c2ccbffffffff-2020-12,1
84c2ccbffffffff-2021-09,3
84c2ccbffffffff-2021-12,3
84c2ccbffffffff-2022-02,1
84c2ccbffffffff-2022-10,2
84c2ccbffffffff-2023-08,1
84c2ccbffffffff-2023-10,2
84c2ccdffffffff-2020-12,1
84c2ccdffffffff-2022-01,1
84c2ccdffffffff-2022-12,5
84c2ccdffffffff-2023-01,3
84c2ccdffffffff-2023-02,4
84c2cd1ffffffff-2020-09,2
84c2cd1ffffffff-2020-10,3
84c2cd1ffffffff-2022-02,2
84c2cd3ffffffff-2013-09,3
84c2cd3ffffffff-2014-08,2
84c2cd3ffffffff-2015-01,2
84c2cd3ffffffff-2015-02,1
84c2cd3ffffffff-2015-04,2
84c2cd3ffffffff-2015-09,2
84c2cd3ffffffff-2015-10,4
84c2cd3ffffffff-2016-09,2
84c2cd3ffffffff-2017-12,4
84c2cd3ffffffff-2018-02,1
84c2cd3ffffffff-2018-08,2
84c2cd3ffffffff-2018-09,4
84c2cd3ffffffff-2018-10,4
84c2cd3ffffffff-2019-08,1
84c2cd3ffffffff-2019-10,3
84c2cd3ffffffff-2019-11,7
84c2cd3ffffffff-2019-12,2
84c2cd3ffffffff-2020-06,1
84c2cd3ffffffff-2020-08,3
84c2cd3ffffffff-2020-09,32
84c2cd3ffffffff-2020-10,9
84c2cd3ffffffff-2020-11,1
84c2cd3ffffffff-2021-01,7
84c2cd3ffffffff-2021-02,1
84c2cd3ffffffff-2021-10,2
84c2cd3ffffffff-2021-12,4
84c2cd3ffffffff-2022-09,5
84c2cd3ffffffff-2022-10,7
84c2cd3ffffffff-2022-11,1
84c2cd3ffffffff-2022-12,2
84c2cd3ffffffff-2023-01,6
84c2cd3ffffffff-2023-02,2
84c2cd3ffffffff-2023-03,2
84c2cd3ffffffff-2023-04,2
84c2cd3ffffffff-2023-05,3
84c2cd3ffffffff-2023-07,3
84c2cd3ffffffff-2023-08,15
84c2cd3ffffffff-2023-09,9
84c2cd3ffffffff-2023-10,14
84c2cd3ffffffff-2023-11,6
84c2cd5ffffffff-2023-09,2
84c2cd9ffffffff-2014-01,1
84c2cd9ffffffff-2014-02,1
84c2cd9ffffffff-2015-03,2
84c2cd9ffffffff-2020-08,1
84c2cd9ffffffff-2020-09,4
84c2cd9ffffffff-2020-10,2
84c2cd9ffffffff-2020-12,1
84c2cd9ffffffff-2021-01,1
84c2cd9ffffffff-2021-08,1
84c2cd9ffffffff-2021-10,1
84c2cd9ffffffff-2021-12,1
84c2cd9ffffffff-2022-02,1
84c2cd9ffffffff-2022-08,1
84c2cd9ffffffff-2023-01,1
84c2cdbffffffff-2015-02,1
84c2cdbffffffff-2015-11,1
84c2cdbffffffff-2016-02,1
84c2cdbffffffff-2017-11,2
84c2cdbffffffff-2017-12,2
84c2cdbffffffff-2018-01,6
84c2cdbffffffff-2018-02,2
84c2cdbffffffff-2018-11,1
84c2cdbffffffff-2019-10,2
84c2cdbffffffff-2019-11,1
84c2cdbffffffff-2020-08,3
84c2cdbffffffff-2020-09,7
84c2cdbffffffff-2020-10,9
84c2cdbffffffff-2020-11,9
84c2cdbffffffff-2020-12,3
84c2cdbffffffff-2021-01,4
84c2cdbffffffff-2021-09,4
84c2cdbffffffff-2021-10,9
84c2cdbffffffff-2021-11,11
84c2cdbffffffff-2021-12,3
84c2cdbffffffff-2022-01,1
84c2cdbffffffff-2022-02,3
84c2cdbffffffff-2022-09,3
84c2cdbffffffff-2022-10,1
84c2cdbffffffff-2022-12,5
84c2cdbffffffff-2023-03,5
84c2cdbffffffff-2023-04,3
84c2cdbffffffff-2023-07,1
84c2cdbffffffff-2023-09,8
84c2cdbffffffff-2023-10,7
84c2cdbffffffff-2023-11,1
84c2ce1ffffffff-2023-03,2
84c2ce3ffffffff-2022-03,1
84c2ce3ffffffff-2023-03,10
84c2ce3ffffffff-2023-06,2
84c2ce7ffffffff-2020-09,3
84c2ce9ffffffff-2020-02,4
84c2ce9ffffffff-2020-09,1
84c2ce9ffffffff-2021-09,1
84c2ce9ffffffff-2022-03,1
84c2ce9ffffffff-2022-10,1
84c2cebffffffff-2022-03,1
84c2cebffffffff-2023-03,6
84c2cedffffffff-2021-12,1
84c2cedffffffff-2022-01,1
84c2cedffffffff-2022-08,1
84c2cedffffffff-2022-11,2
84c2cedffffffff-2022-12,4
84c2cedffffffff-2023-01,1
84c2cedffffffff-2023-10,1
84c2d01ffffffff-2023-10,1
84c2d03ffffffff-2014-12,2
84c2d03ffffffff-2020-11,2
84c2d05ffffffff-2016-02,1
84c2d05ffffffff-2020-10,3
84c2d05ffffffff-2021-02,2
84c2d05ffffffff-2023-01,3
84c2d09ffffffff-2018-11,3
84c2d09ffffffff-2019-11,4
84c2d09ffffffff-2020-10,14
84c2d09ffffffff-2020-11,6
84c2d09ffffffff-2020-12,3
84c2d09ffffffff-2021-10,2
84c2d09ffffffff-2022-02,4
84c2d09ffffffff-2022-03,4
84c2d09ffffffff-2022-10,1
84c2d09ffffffff-2023-10,2
84c2d0dffffffff-2016-02,1
84c2d0dffffffff-2018-01,3
84c2d0dffffffff-2019-03,2
84c2d0dffffffff-2019-04,1
84c2d0dffffffff-2019-10,2
84c2d0dffffffff-2020-02,3
84c2d0dffffffff-2020-10,2
84c2d0dffffffff-2020-12,1
84c2d0dffffffff-2021-09,3
84c2d0dffffffff-2022-02,7
84c2d0dffffffff-2022-09,2
84c2d0dffffffff-2022-10,1
84c2d0dffffffff-2022-11,10
84c2d0dffffffff-2023-01,6
84c2d0dffffffff-2023-11,1
84c2d13ffffffff-2023-01,4
84c2d17ffffffff-2021-10,3
84c2d17ffffffff-2022-01,6
84c2d17ffffffff-2023-10,1
84c2d19ffffffff-2022-11,1
84c2d1bffffffff-2021-03,1
84c2d1bffffffff-2022-12,1
84c2d21ffffffff-2021-12,2
84c2d21ffffffff-2022-12,2
84c2d23ffffffff-2017-11,1
84c2d23ffffffff-2021-11,3
84c2d27ffffffff-2019-11,1
84c2d27ffffffff-2021-12,6
84c2d27ffffffff-2022-02,2
84c2d27ffffffff-2022-08,2
84c2d27ffffffff-2022-12,3
84c2d27ffffffff-2023-04,1
84c2d29ffffffff-2022-09,1
84c2d2bffffffff-2019-03,1
84c2d2bffffffff-2019-11,1
84c2d2bffffffff-2023-01,3
84c2d31ffffffff-2023-11,2
84c2d33ffffffff-2020-01,2
84c2d37ffffffff-2016-09,1
84c2d37ffffffff-2016-10,1
84c2d37ffffffff-2016-11,7
84c2d37ffffffff-2017-11,8
84c2d37ffffffff-2020-11,11
84c2d39ffffffff-2023-11,9
84c2d43ffffffff-2022-02,2
84c2d45ffffffff-2014-12,2
84c2d45ffffffff-2015-03,2
84c2d45ffffffff-2015-11,1
84c2d45ffffffff-2016-11,1
84c2d45ffffffff-2017-11,1
84c2d45ffffffff-2019-01,1
84c2d45ffffffff-2019-03,4
84c2d45ffffffff-2019-10,1
84c2d45ffffffff-2019-11,1
84c2d45ffffffff-2019-12,2
84c2d45ffffffff-2020-01,1
84c2d45ffffffff-2020-11,1
84c2d45ffffffff-2021-01,4
84c2d45ffffffff-2021-09,1
84c2d45ffffffff-2021-10,3
84c2d45ffffffff-2021-11,1
84c2d45ffffffff-2021-12,6
84c2d45ffffffff-2022-01,4
84c2d45ffffffff-2022-02,5
84c2d45ffffffff-2022-03,1
84c2d45ffffffff-2022-10,24
84c2d45ffffffff-2022-11,5
84c2d45ffffffff-2022-12,1
84c2d45ffffffff-2023-01,3
84c2d45ffffffff-2023-11,1
84c2d47ffffffff-2022-02,3
84c2d49ffffffff-2013-12,2
84c2d49ffffffff-2014-02,1
84c2d49ffffffff-2014-03,1
84c2d49ffffffff-2017-11,1
84c2d49ffffffff-2019-04,1
84c2d49ffffffff-2020-09,2
84c2d49ffffffff-2020-12,8
84c2d49ffffffff-2021-10,1
84c2d49ffffffff-2021-11,2
84c2d49ffffffff-2022-10,3
84c2d49ffffffff-2022-11,6
84c2d49ffffffff-2022-12,8
84c2d49ffffffff-2023-02,3
84c2d49ffffffff-2023-10,14
84c2d49ffffffff-2023-11,9
84c2d4dffffffff-2020-01,1
84c2d4dffffffff-2020-12,6
84c2d4dffffffff-2022-01,4
84c2d4dffffffff-2022-02,7
84c2d4dffffffff-2022-12,2
84c2d55ffffffff-2020-10,2
84c2d55ffffffff-2020-11,1
84c2d55ffffffff-2023-10,2
84c2d5bffffffff-2021-03,1
84c2d5dffffffff-2019-12,1
84c2d61ffffffff-2012-12,1
84c2d61ffffffff-2016-02,1
84c2d61ffffffff-2017-04,1
84c2d61ffffffff-2019-01,6
84c2d61ffffffff-2019-11,1
84c2d61ffffffff-2019-12,2
84c2d61ffffffff-2022-01,8
84c2d61ffffffff-2022-02,2
84c2d61ffffffff-2023-11,2
84c2d63ffffffff-2018-11,3
84c2d63ffffffff-2019-11,5
84c2d63ffffffff-2021-09,1
84c2d63ffffffff-2021-10,6
84c2d63ffffffff-2022-09,3
84c2d63ffffffff-2022-10,3
84c2d63ffffffff-2022-11,10
84c2d63ffffffff-2023-06,3
84c2d63ffffffff-2023-11,9
84c2d67ffffffff-2021-10,1
84c2d67ffffffff-2022-11,1
84c2d69ffffffff-2019-12,1
84c2d69ffffffff-2021-01,1
84c2d69ffffffff-2021-11,2
84c2d6bffffffff-2014-01,1
84c2d6bffffffff-2014-12,2
84c2d6bffffffff-2018-02,2
84c2d6bffffffff-2018-11,2
84c2d6bffffffff-2018-12,1
84c2d6bffffffff-2019-02,5
84c2d6bffffffff-2019-03,6
84c2d6bffffffff-2019-04,2
84c2d6bffffffff-2019-11,2
84c2d6bffffffff-2019-12,1
84c2d6bffffffff-2020-01,1
84c2d6bffffffff-2020-10,1
84c2d6bffffffff-2020-12,1
84c2d6bffffffff-2021-01,2
84c2d6bffffffff-2021-02,1
84c2d6bffffffff-2021-11,1
84c2d6bffffffff-2022-02,2
84c2d6bffffffff-2022-03,3
84c2d6bffffffff-2022-04,2
84c2d6bffffffff-2022-09,7
84c2d6bffffffff-2022-10,1
84c2d6bffffffff-2023-02,1
84c2d6bffffffff-2023-03,3
84c2d6bffffffff-2023-10,3
84c2d85ffffffff-2021-12,2
84c2d85ffffffff-2023-03,3
84c2d87ffffffff-2023-03,6
84c2d8dffffffff-2023-02,1
84c2d93ffffffff-2015-10,1
84c2d93ffffffff-2016-11,1
84c2d93ffffffff-2018-10,3
84c2d93ffffffff-2020-10,3
84c2d93ffffffff-2020-11,16
84c2d93ffffffff-2021-03,1
84c2d93ffffffff-2021-08,2
84c2d93ffffffff-2021-09,2
84c2d93ffffffff-2021-10,1
84c2d93ffffffff-2021-11,1
84c2d93ffffffff-2021-12,3
84c2d93ffffffff-2022-02,17
84c2d93ffffffff-2022-03,15
84c2d93ffffffff-2022-09,1
84c2d93ffffffff-2022-10,2
84c2d93ffffffff-2022-11,11
84c2d93ffffffff-2022-12,6
84c2d93ffffffff-2023-02,1
84c2d93ffffffff-2023-11,10
84c2d97ffffffff-2019-03,2
84c2d97ffffffff-2022-11,4
84c2d99ffffffff-2022-04,1
84c2d99ffffffff-2023-01,1
84c2d99ffffffff-2023-02,1
84c2d99ffffffff-2023-04,1
84c2d9bffffffff-2016-11,2
84c2d9bffffffff-2020-08,2
84c2d9bffffffff-2020-09,4
84c2d9bffffffff-2020-10,4
84c2d9bffffffff-2020-11,2
84c2d9bffffffff-2021-10,8
84c2d9bffffffff-2021-11,1
84c2d9bffffffff-2022-09,2
84c2d9bffffffff-2022-10,7
84c2d9bffffffff-2022-11,6
84c2d9bffffffff-2022-12,3
84c2d9bffffffff-2023-02,1
84c2d9bffffffff-2023-10,1
84c2d9dffffffff-2022-12,2
84c2da1ffffffff-2020-11,1
84c2da5ffffffff-2020-10,1
84c2da5ffffffff-2023-02,3
84c2da5ffffffff-2023-10,1
84c2dabffffffff-2021-11,3
84c2dabffffffff-2022-10,1
84c2dadffffffff-2023-11,2
84c2db3ffffffff-2020-02,1
84c2db3ffffffff-2022-09,2
84c2db9ffffffff-2023-03,1
84c2dbdffffffff-2020-11,1
84c2dc3ffffffff-2021-12,2
84c2dc3ffffffff-2022-09,1
84c2dc3ffffffff-2023-03,2
84c2dc7ffffffff-2020-02,1
84c2dc7ffffffff-2022-10,1
84c2dc9ffffffff-2022-02,1
84c2dd1ffffffff-2021-11,6
84c2dd3ffffffff-2022-11,1
84c2dd3ffffffff-2023-01,2
84c2dd3ffffffff-2023-02,3
84c2dd5ffffffff-2019-10,1
84c2dd5ffffffff-2019-11,2
84c2dd5ffffffff-2020-02,1
84c2dd5ffffffff-2020-11,1
84c2dd5ffffffff-2021-11,4
84c2dd5ffffffff-2021-12,1
84c2dd5ffffffff-2023-11,1
84c2dd7ffffffff-2022-11,1
84c2ddbffffffff-2014-12,1
84c2dddffffffff-2022-11,1
84c2dddffffffff-2023-03,2
84c2debffffffff-2021-10,1
84c2e01ffffffff-2019-02,3
84c2e01ffffffff-2019-12,1
84c2e01ffffffff-2020-11,2
84c2e01ffffffff-2021-01,6
84c2e03ffffffff-2013-10,1
84c2e03ffffffff-2013-11,2
84c2e03ffffffff-2014-01,1
84c2e03ffffffff-2017-02,1
84c2e03ffffffff-2017-03,1
84c2e03ffffffff-2020-02,1
84c2e03ffffffff-2020-09,3
84c2e03ffffffff-2020-10,4
84c2e03ffffffff-2020-11,2
84c2e03ffffffff-2021-01,2
84c2e03ffffffff-2021-02,1
84c2e03ffffffff-2021-11,2
84c2e03ffffffff-2023-11,1
84c2e05ffffffff-2020-10,3
84c2e05ffffffff-2021-12,1
84c2e05ffffffff-2022-11,1
84c2e05ffffffff-2023-09,2
84c2e07ffffffff-2020-11,3
84c2e07ffffffff-2020-12,2
84c2e07ffffffff-2021-02,2
84c2e07ffffffff-2021-11,1
84c2e07ffffffff-2022-01,1
84c2e07ffffffff-2022-09,3
84c2e07ffffffff-2022-10,1
84c2e07ffffffff-2022-11,6
84c2e07ffffffff-2023-01,1
84c2e07ffffffff-2023-02,4
84c2e07ffffffff-2023-09,5
84c2e07ffffffff-2023-10,9
84c2e07ffffffff-2023-11,1
84c2e09ffffffff-2013-11,3
84c2e09ffffffff-2014-01,3
84c2e09ffffffff-2018-11,1
84c2e09ffffffff-2019-12,1
84c2e09ffffffff-2020-10,1
84c2e09ffffffff-2020-12,2
84c2e09ffffffff-2021-01,1
84c2e09ffffffff-2021-02,1
84c2e09ffffffff-2021-03,2
84c2e09ffffffff-2022-01,1
84c2e09ffffffff-2022-11,2
84c2e09ffffffff-2023-02,2
84c2e09ffffffff-2023-09,1
84c2e09ffffffff-2023-10,1
84c2e0bffffffff-2013-12,2
84c2e0bffffffff-2015-12,1
84c2e0bffffffff-2016-01,1
84c2e0bffffffff-2016-03,1
84c2e0bffffffff-2018-01,1
84c2e0bffffffff-2018-02,2
84c2e0bffffffff-2018-03,1
84c2e0bffffffff-2018-04,2
84c2e0bffffffff-2018-09,1
84c2e0bffffffff-2019-01,1
84c2e0bffffffff-2019-12,1
84c2e0bffffffff-2020-01,1
84c2e0bffffffff-2020-02,1
84c2e0bffffffff-2020-10,8
84c2e0bffffffff-2021-01,1
84c2e0bffffffff-2021-02,5
84c2e0bffffffff-2021-04,3
84c2e0bffffffff-2022-01,2
84c2e0bffffffff-2022-04,2
84c2e0bffffffff-2022-10,2
84c2e0bffffffff-2022-11,3
84c2e0bffffffff-2022-12,8
84c2e0bffffffff-2023-01,5
84c2e0bffffffff-2023-02,5
84c2e0bffffffff-2023-03,2
84c2e0bffffffff-2023-04,17
84c2e0bffffffff-2023-05,17
84c2e0bffffffff-2023-08,2
84c2e0bffffffff-2023-09,8
84c2e0bffffffff-2023-10,18
84c2e0bffffffff-2023-11,4
84c2e0dffffffff-2017-10,1
84c2e0dffffffff-2019-11,1
84c2e0dffffffff-2020-08,1
84c2e0dffffffff-2020-12,1
84c2e0dffffffff-2021-01,2
84c2e0dffffffff-2021-10,1
84c2e0dffffffff-2021-12,2
84c2e0dffffffff-2022-01,1
84c2e0dffffffff-2022-09,1
84c2e0dffffffff-2022-10,1
84c2e0dffffffff-2022-11,3
84c2e0dffffffff-2022-12,3
84c2e0dffffffff-2023-01,3
84c2e0dffffffff-2023-02,1
84c2e0dffffffff-2023-03,3
84c2e0dffffffff-2023-04,1
84c2e0dffffffff-2023-05,2
84c2e0dffffffff-2023-09,9
84c2e0dffffffff-2023-11,12
84c2e11ffffffff-2020-12,1
84c2e11ffffffff-2021-01,6
84c2e11ffffffff-2021-02,3
84c2e11ffffffff-2021-03,1
84c2e11ffffffff-2021-11,1
84c2e11ffffffff-2021-12,1
84c2e11ffffffff-2022-01,2
84c2e11ffffffff-2022-03,1
84c2e11ffffffff-2022-09,3
84c2e11ffffffff-2022-10,1
84c2e11ffffffff-2022-11,1
84c2e11ffffffff-2023-01,1
84c2e11ffffffff-2023-10,5
84c2e11ffffffff-2023-11,1
84c2e13ffffffff-2021-01,1
84c2e13ffffffff-2021-02,1
84c2e13ffffffff-2021-10,1
84c2e15ffffffff-2021-01,1
84c2e15ffffffff-2022-10,1
84c2e17ffffffff-2016-12,2
84c2e17ffffffff-2018-01,1
84c2e17ffffffff-2018-12,1
84c2e17ffffffff-2019-01,3
84c2e17ffffffff-2020-01,1
84c2e17ffffffff-2020-10,1
84c2e17ffffffff-2021-01,9
84c2e17ffffffff-2021-04,3
84c2e17ffffffff-2021-09,1
84c2e17ffffffff-2021-11,4
84c2e17ffffffff-2022-01,6
84c2e17ffffffff-2022-02,1
84c2e17ffffffff-2022-10,2
84c2e17ffffffff-2022-12,2
84c2e17ffffffff-2023-01,4
84c2e17ffffffff-2023-02,4
84c2e17ffffffff-2023-05,6
84c2e19ffffffff-2020-02,2
84c2e19ffffffff-2021-01,1
84c2e1bffffffff-2018-03,1
84c2e1bffffffff-2021-12,2
84c2e1bffffffff-2022-02,2
84c2e1bffffffff-2023-02,1
84c2e1dffffffff-2013-09,1
84c2e1dffffffff-2017-02,1
84c2e1dffffffff-2018-02,1
84c2e1dffffffff-2018-10,1
84c2e1dffffffff-2019-04,2
84c2e1dffffffff-2019-11,2
84c2e1dffffffff-2021-01,1
84c2e1dffffffff-2021-02,1
84c2e1dffffffff-2021-05,1
84c2e1dffffffff-2021-10,1
84c2e1dffffffff-2021-12,3
84c2e1dffffffff-2022-02,6
84c2e1dffffffff-2022-07,3
84c2e1dffffffff-2022-09,2
84c2e1dffffffff-2022-10,9
84c2e1dffffffff-2023-01,3
84c2e1dffffffff-2023-02,4
84c2e1dffffffff-2023-03,2
84c2e1dffffffff-2023-04,2
84c2e1dffffffff-2023-07,6
84c2e1dffffffff-2023-08,2
84c2e1dffffffff-2023-09,1
84c2e1dffffffff-2023-10,4
84c2e1dffffffff-2023-11,3
84c2e21ffffffff-2013-09,1
84c2e21ffffffff-2013-10,3
84c2e21ffffffff-2014-12,1
84c2e21ffffffff-2015-03,1
84c2e21ffffffff-2015-04,1
84c2e21ffffffff-2017-01,1
84c2e21ffffffff-2018-01,1
84c2e21ffffffff-2018-03,1
84c2e21ffffffff-2018-12,1
84c2e21ffffffff-2019-01,5
84c2e21ffffffff-2019-11,5
84c2e21ffffffff-2019-12,6
84c2e21ffffffff-2020-01,1
84c2e21ffffffff-2020-02,1
84c2e21ffffffff-2020-11,1
84c2e21ffffffff-2020-12,7
84c2e21ffffffff-2021-03,1
84c2e21ffffffff-2021-08,4
84c2e21ffffffff-2021-10,5
84c2e21ffffffff-2021-11,3
84c2e21ffffffff-2021-12,3
84c2e21ffffffff-2022-02,2
84c2e21ffffffff-2022-06,1
84c2e21ffffffff-2022-08,1
84c2e21ffffffff-2022-09,1
84c2e21ffffffff-2022-10,13
84c2e21ffffffff-2022-11,13
84c2e21ffffffff-2022-12,29
84c2e21ffffffff-2023-01,31
84c2e21ffffffff-2023-02,2
84c2e21ffffffff-2023-03,1
84c2e21ffffffff-2023-04,6
84c2e21ffffffff-2023-09,2
84c2e21ffffffff-2023-10,11
84c2e21ffffffff-2023-11,3
84c2e23ffffffff-2013-10,1
84c2e23ffffffff-2019-10,1
84c2e23ffffffff-2020-10,26
84c2e23ffffffff-2020-12,2
84c2e23ffffffff-2021-10,3
84c2e23ffffffff-2021-12,4
84c2e23ffffffff-2022-02,3
84c2e23ffffffff-2022-04,1
84c2e23ffffffff-2022-09,10
84c2e23ffffffff-2022-10,10
84c2e23ffffffff-2022-11,5
84c2e23ffffffff-2022-12,2
84c2e23ffffffff-2023-01,6
84c2e23ffffffff-2023-02,1
84c2e23ffffffff-2023-04,3
84c2e23ffffffff-2023-10,11
84c2e29ffffffff-2018-05,1
84c2e29ffffffff-2019-03,1
84c2e29ffffffff-2021-10,2
84c2e29ffffffff-2021-12,1
84c2e29ffffffff-2023-05,1
84c2e2bffffffff-2020-01,1
84c2e2bffffffff-2020-10,1
84c2e2bffffffff-2020-11,1
84c2e2bffffffff-2021-12,3
84c2e2bffffffff-2022-10,5
84c2e2bffffffff-2022-11,1
84c2e2bffffffff-2022-12,3
84c2e2bffffffff-2023-01,8
84c2e2bffffffff-2023-04,3
84c2e2bffffffff-2023-05,3
84c2e2bffffffff-2023-09,3
84c2e2bffffffff-2023-10,4
84c2e2bffffffff-2023-11,3
84c2e2dffffffff-2015-11,2
84c2e2dffffffff-2016-01,1
84c2e2dffffffff-2016-03,1
84c2e2dffffffff-2016-10,1
84c2e2dffffffff-2016-11,3
84c2e2dffffffff-2016-12,3
84c2e2dffffffff-2017-01,2
84c2e2dffffffff-2017-02,1
84c2e2dffffffff-2017-11,4
84c2e2dffffffff-2017-12,1
84c2e2dffffffff-2018-01,2
84c2e2dffffffff-2018-02,1
84c2e2dffffffff-2018-03,2
84c2e2dffffffff-2018-04,3
84c2e2dffffffff-2018-05,1
84c2e2dffffffff-2018-09,6
84c2e2dffffffff-2018-11,3
84c2e2dffffffff-2019-01,3
84c2e2dffffffff-2019-03,3
84c2e2dffffffff-2019-04,1
84c2e2dffffffff-2019-06,3
84c2e2dffffffff-2019-09,2
84c2e2dffffffff-2019-11,11
84c2e2dffffffff-2019-12,2
84c2e2dffffffff-2020-01,4
84c2e2dffffffff-2020-02,2
84c2e2dffffffff-2020-03,2
84c2e2dffffffff-2020-04,1
84c2e2dffffffff-2020-05,2
84c2e2dffffffff-2020-07,2
84c2e2dffffffff-2020-08,3
84c2e2dffffffff-2020-09,1
84c2e2dffffffff-2020-10,2
84c2e2dffffffff-2020-11,4
84c2e2dffffffff-2020-12,7
84c2e2dffffffff-2021-01,4
84c2e2dffffffff-2021-03,1
84c2e2dffffffff-2021-05,1
84c2e2dffffffff-2021-06,1
84c2e2dffffffff-2021-10,2
84c2e2dffffffff-2021-11,3
84c2e2dffffffff-2022-01,2
84c2e2dffffffff-2022-04,1
84c2e2dffffffff-2022-05,1
84c2e2dffffffff-2022-06,1
84c2e2dffffffff-2022-09,2
84c2e2dffffffff-2022-10,1
84c2e2dffffffff-2022-11,3
84c2e2dffffffff-2022-12,1
84c2e2dffffffff-2023-01,1
84c2e2dffffffff-2023-02,1
84c2e2dffffffff-2023-04,2
84c2e2dffffffff-2023-05,1
84c2e2dffffffff-2023-09,1
84c2e2dffffffff-2023-10,5
84c2e2dffffffff-2023-11,7
84c2e31ffffffff-2012-01,1
84c2e31ffffffff-2013-10,2
84c2e31ffffffff-2015-01,1
84c2e31ffffffff-2015-08,5
84c2e31ffffffff-2016-09,5
84c2e31ffffffff-2017-03,2
84c2e31ffffffff-2017-11,12
84c2e31ffffffff-2018-01,5
84c2e31ffffffff-2018-02,3
84c2e31ffffffff-2018-08,1
84c2e31ffffffff-2018-09,10
84c2e31ffffffff-2018-10,19
84c2e31ffffffff-2018-11,14
84c2e31ffffffff-2019-04,1
84c2e31ffffffff-2019-08,6
84c2e31ffffffff-2019-09,4
84c2e31ffffffff-2019-11,2
84c2e31ffffffff-2019-12,11
84c2e31ffffffff-2020-02,1
84c2e31ffffffff-2020-09,2
84c2e31ffffffff-2020-10,19
84c2e31ffffffff-2020-11,7
84c2e31ffffffff-2020-12,69
84c2e31ffffffff-2021-01,37
84c2e31ffffffff-2021-09,1
84c2e31ffffffff-2021-10,5
84c2e31ffffffff-2021-11,3
84c2e31ffffffff-2021-12,7
84c2e31ffffffff-2022-02,1
84c2e31ffffffff-2022-08,9
84c2e31ffffffff-2022-09,4
84c2e31ffffffff-2022-10,24
84c2e31ffffffff-2022-11,3
84c2e31ffffffff-2022-12,11
84c2e31ffffffff-2023-01,10
84c2e31ffffffff-2023-02,1
84c2e31ffffffff-2023-03,1
84c2e31ffffffff-2023-04,2
84c2e31ffffffff-2023-08,1
84c2e31ffffffff-2023-09,29
84c2e31ffffffff-2023-10,13
84c2e31ffffffff-2023-11,9
84c2e33ffffffff-2012-01,1
84c2e33ffffffff-2012-11,1
84c2e33ffffffff-2013-02,1
84c2e33ffffffff-2014-01,1
84c2e33ffffffff-2017-01,1
84c2e33ffffffff-2017-03,1
84c2e33ffffffff-2018-01,3
84c2e33ffffffff-2018-08,1
84c2e33ffffffff-2018-10,20
84c2e33ffffffff-2018-11,2
84c2e33ffffffff-2018-12,3
84c2e33ffffffff-2019-01,1
84c2e33ffffffff-2019-10,5
84c2e33ffffffff-2019-11,6
84c2e33ffffffff-2019-12,1
84c2e33ffffffff-2020-02,7
84c2e33ffffffff-2020-08,1
84c2e33ffffffff-2020-10,15
84c2e33ffffffff-2020-11,23
84c2e33ffffffff-2020-12,15
84c2e33ffffffff-2021-01,7
84c2e33ffffffff-2021-02,21
84c2e33ffffffff-2021-10,9
84c2e33ffffffff-2021-11,1
84c2e33ffffffff-2022-01,3
84c2e33ffffffff-2022-05,2
84c2e33ffffffff-2022-10,10
84c2e33ffffffff-2022-11,3
84c2e33ffffffff-2023-02,2
84c2e33ffffffff-2023-10,17
84c2e33ffffffff-2023-11,2
84c2e35ffffffff-2020-10,1
84c2e39ffffffff-2016-10,1
84c2e39ffffffff-2017-12,1
84c2e39ffffffff-2018-02,1
84c2e39ffffffff-2018-03,1
84c2e39ffffffff-2019-09,3
84c2e39ffffffff-2019-10,2
84c2e39ffffffff-2019-12,2
84c2e39ffffffff-2020-09,2
84c2e39ffffffff-2020-10,6
84c2e39ffffffff-2020-12,9
84c2e39ffffffff-2021-11,3
84c2e39ffffffff-2022-10,14
84c2e39ffffffff-2022-11,2
84c2e39ffffffff-2023-08,1
84c2e39ffffffff-2023-09,5
84c2e39ffffffff-2023-10,3
84c2e39ffffffff-2023-11,3
84c2e3bffffffff-2013-11,1
84c2e3bffffffff-2015-04,1
84c2e3bffffffff-2016-02,3
84c2e3bffffffff-2016-11,3
84c2e3bffffffff-2018-02,1
84c2e3bffffffff-2018-03,2
84c2e3bffffffff-2018-09,1
84c2e3bffffffff-2018-10,2
84c2e3bffffffff-2018-12,2
84c2e3bffffffff-2019-12,2
84c2e3bffffffff-2020-09,1
84c2e3bffffffff-2020-10,4
84c2e3bffffffff-2020-11,6
84c2e3bffffffff-2020-12,1
84c2e3bffffffff-2021-01,8
84c2e3bffffffff-2021-10,2
84c2e3bffffffff-2021-11,4
84c2e3bffffffff-2021-12,11
84c2e3bffffffff-2022-02,4
84c2e3bffffffff-2022-09,2
84c2e3bffffffff-2022-10,9
84c2e3bffffffff-2022-11,3
84c2e3bffffffff-2022-12,6
84c2e3bffffffff-2023-01,2
84c2e3bffffffff-2023-02,5
84c2e3bffffffff-2023-03,9
84c2e3bffffffff-2023-09,2
84c2e3bffffffff-2023-10,11
84c2e3dffffffff-2012-02,1
84c2e3dffffffff-2012-11,1
84c2e3dffffffff-2013-11,1
84c2e3dffffffff-2014-01,2
84c2e3dffffffff-2014-12,1
84c2e3dffffffff-2015-02,1
84c2e3dffffffff-2016-02,1
84c2e3dffffffff-2016-10,1
84c2e3dffffffff-2017-08,1
84c2e3dffffffff-2017-11,3
84c2e3dffffffff-2018-01,2
84c2e3dffffffff-2018-03,1
84c2e3dffffffff-2018-05,1
84c2e3dffffffff-2018-06,1
84c2e3dffffffff-2018-09,2
84c2e3dffffffff-2018-11,1
84c2e3dffffffff-2018-12,2
84c2e3dffffffff-2019-02,1
84c2e3dffffffff-2019-10,2
84c2e3dffffffff-2019-11,6
84c2e3dffffffff-2019-12,10
84c2e3dffffffff-2020-01,1
84c2e3dffffffff-2020-02,4
84c2e3dffffffff-2020-09,1
84c2e3dffffffff-2020-10,10
84c2e3dffffffff-2020-11,11
84c2e3dffffffff-2020-12,6
84c2e3dffffffff-2021-01,5
84c2e3dffffffff-2021-02,3
84c2e3dffffffff-2021-03,1
84c2e3dffffffff-2021-08,5
84c2e3dffffffff-2021-09,1
84c2e3dffffffff-2021-10,1
84c2e3dffffffff-2021-11,7
84c2e3dffffffff-2021-12,22
84c2e3dffffffff-2022-01,7
84c2e3dffffffff-2022-02,5
84c2e3dffffffff-2022-03,2
84c2e3dffffffff-2022-04,2
84c2e3dffffffff-2022-06,1
84c2e3dffffffff-2022-08,1
84c2e3dffffffff-2022-09,19
84c2e3dffffffff-2022-10,40
84c2e3dffffffff-2022-11,7
84c2e3dffffffff-2022-12,12
84c2e3dffffffff-2023-01,29
84c2e3dffffffff-2023-02,6
84c2e3dffffffff-2023-03,5
84c2e3dffffffff-2023-04,5
84c2e3dffffffff-2023-08,1
84c2e3dffffffff-2023-09,36
84c2e3dffffffff-2023-10,6
84c2e3dffffffff-2023-11,1
84c2e41ffffffff-2019-11,3
84c2e41ffffffff-2020-10,1
84c2e41ffffffff-2022-01,2
84c2e43ffffffff-2020-10,10
84c2e43ffffffff-2020-11,8
84c2e43ffffffff-2023-11,2
84c2e47ffffffff-2019-11,2
84c2e49ffffffff-2019-12,2
84c2e49ffffffff-2020-12,2
84c2e53ffffffff-2020-12,2
84c2e53ffffffff-2021-10,2
84c2e55ffffffff-2020-12,2
84c2e57ffffffff-2021-02,3
84c2e5dffffffff-2018-03,1
84c2e5dffffffff-2018-11,3
84c2e5dffffffff-2019-03,2
84c2e5dffffffff-2022-10,1
84c2e5dffffffff-2023-01,2
84c2e5dffffffff-2023-02,1
84c2e5dffffffff-2023-04,1
84c2e5dffffffff-2023-10,2
84c2e61ffffffff-2012-01,1
84c2e61ffffffff-2015-01,1
84c2e61ffffffff-2019-03,10
84c2e61ffffffff-2020-12,3
84c2e61ffffffff-2021-01,2
84c2e61ffffffff-2022-01,1
84c2e61ffffffff-2022-09,11
84c2e61ffffffff-2022-10,3
84c2e61ffffffff-2022-11,2
84c2e61ffffffff-2022-12,2
84c2e61ffffffff-2023-01,3
84c2e61ffffffff-2023-10,4
84c2e63ffffffff-2016-01,1
84c2e63ffffffff-2020-12,2
84c2e63ffffffff-2021-03,1
84c2e63ffffffff-2021-11,1
84c2e63ffffffff-2022-11,2
84c2e63ffffffff-2022-12,1
84c2e63ffffffff-2023-03,1
84c2e63ffffffff-2023-04,1
84c2e63ffffffff-2023-05,1
84c2e67ffffffff-2012-01,2
84c2e67ffffffff-2013-11,1
84c2e67ffffffff-2014-01,1
84c2e67ffffffff-2016-01,1
84c2e67ffffffff-2016-09,1
84c2e67ffffffff-2018-01,5
84c2e67ffffffff-2018-11,1
84c2e67ffffffff-2019-11,1
84c2e67ffffffff-2019-12,8
84c2e67ffffffff-2020-01,4
84c2e67ffffffff-2020-02,4
84c2e67ffffffff-2020-12,12
84c2e67ffffffff-2021-01,1
84c2e67ffffffff-2021-10,1
84c2e67ffffffff-2022-01,6
84c2e67ffffffff-2022-11,6
84c2e67ffffffff-2022-12,1
84c2e67ffffffff-2023-01,4
84c2e67ffffffff-2023-05,2
84c2e67ffffffff-2023-10,2
84c2e67ffffffff-2023-11,8
84c2e69ffffffff-2018-12,1
84c2e69ffffffff-2019-12,1
84c2e69ffffffff-2022-10,3
84c2e69ffffffff-2022-12,1
84c2e6bffffffff-2015-11,1
84c2e6bffffffff-2018-11,1
84c2e6bffffffff-2018-12,1
84c2e6bffffffff-2022-11,6
84c2e6bffffffff-2023-03,4
84c2e6bffffffff-2023-04,2
84c2e6dffffffff-2016-02,1
84c2e6dffffffff-2018-09,2
84c2e6dffffffff-2022-11,3
84c2e6dffffffff-2022-12,1
84c2e6dffffffff-2023-09,1
84c2e6dffffffff-2023-11,4
84c2e85ffffffff-2017-08,2
84c2e85ffffffff-2018-09,1
84c2e85ffffffff-2020-10,1
84c2e85ffffffff-2020-11,4
84c2e85ffffffff-2020-12,1
84c2e85ffffffff-2021-10,2
84c2e87ffffffff-2019-11,1
84c2e87ffffffff-2020-01,1
84c2e87ffffffff-2020-09,1
84c2e87ffffffff-2020-10,5
84c2e87ffffffff-2020-12,3
84c2e87ffffffff-2021-02,3
84c2e87ffffffff-2021-10,2
84c2e87ffffffff-2021-11,1
84c2e87ffffffff-2022-03,2
84c2e87ffffffff-2022-09,2
84c2e87ffffffff-2023-01,1
84c2e87ffffffff-2023-03,1
84c2e87ffffffff-2023-09,1
84c2e87ffffffff-2023-10,4
84c2e8bffffffff-2013-02,1
84c2e8bffffffff-2019-02,2
84c2e8bffffffff-2019-03,1
84c2e91ffffffff-2018-02,1
84c2e91ffffffff-2019-12,2
84c2e91ffffffff-2020-01,1
84c2e91ffffffff-2020-02,1
84c2e91ffffffff-2020-07,1
84c2e91ffffffff-2021-07,1
84c2e91ffffffff-2023-04,4
84c2e91ffffffff-2023-06,1
84c2e95ffffffff-2018-10,2
84c2e95ffffffff-2020-02,1
84c2e95ffffffff-2021-01,1
84c2e95ffffffff-2021-03,1
84c2e95ffffffff-2021-05,1
84c2e95ffffffff-2022-02,1
84c2e95ffffffff-2022-11,1
84c2e95ffffffff-2023-03,1
84c2e99ffffffff-2015-02,1
84c2e99ffffffff-2015-06,1
84c2e99ffffffff-2016-10,1
84c2e99ffffffff-2017-12,1
84c2e99ffffffff-2018-06,3
84c2e99ffffffff-2019-02,2
84c2e99ffffffff-2019-10,8
84c2e99ffffffff-2019-12,5
84c2e99ffffffff-2020-01,7
84c2e99ffffffff-2020-02,2
84c2e99ffffffff-2020-03,9
84c2e99ffffffff-2020-04,1
84c2e99ffffffff-2020-06,6
84c2e99ffffffff-2020-07,2
84c2e99ffffffff-2020-08,2
84c2e99ffffffff-2020-09,4
84c2e99ffffffff-2020-10,4
84c2e99ffffffff-2020-11,6
84c2e99ffffffff-2020-12,4
84c2e99ffffffff-2021-01,7
84c2e99ffffffff-2021-02,5
84c2e99ffffffff-2021-03,2
84c2e99ffffffff-2021-07,1
84c2e99ffffffff-2021-09,2
84c2e99ffffffff-2021-10,14
84c2e99ffffffff-2021-11,5
84c2e99ffffffff-2021-12,4
84c2e99ffffffff-2022-01,2
84c2e99ffffffff-2022-02,1
84c2e99ffffffff-2022-03,6
84c2e99ffffffff-2022-04,3
84c2e99ffffffff-2022-05,9
84c2e99ffffffff-2022-06,1
84c2e99ffffffff-2022-10,1
84c2e99ffffffff-2022-12,5
84c2e99ffffffff-2023-01,4
84c2e99ffffffff-2023-02,2
84c2e99ffffffff-2023-03,4
84c2e99ffffffff-2023-04,8
84c2e99ffffffff-2023-05,5
84c2e99ffffffff-2023-11,1
84c2e9bffffffff-2019-02,2
84c2e9bffffffff-2019-11,1
84c2e9bffffffff-2019-12,1
84c2e9bffffffff-2020-01,3
84c2e9bffffffff-2020-06,4
84c2e9bffffffff-2020-09,1
84c2e9bffffffff-2020-10,4
84c2e9bffffffff-2020-11,2
84c2e9bffffffff-2021-04,1
84c2e9bffffffff-2021-05,1
84c2e9bffffffff-2022-03,1
84c2e9bffffffff-2023-02,2
84c2e9bffffffff-2023-05,1
84c2e9bffffffff-2023-06,2
84c2e9dffffffff-2019-02,2
84c2e9dffffffff-2019-12,1
84c2ea1ffffffff-2019-02,4
84c2ea1ffffffff-2019-09,4
84c2ea1ffffffff-2021-10,3
84c2ea1ffffffff-2021-12,1
84c2ea1ffffffff-2022-05,6
84c2ea1ffffffff-2022-09,1
84c2ea1ffffffff-2022-11,9
84c2ea1ffffffff-2022-12,3
84c2ea1ffffffff-2023-01,2
84c2ea1ffffffff-2023-04,1
84c2ea1ffffffff-2023-09,3
84c2ea1ffffffff-2023-11,9
84c2ea3ffffffff-2019-01,1
84c2ea3ffffffff-2021-11,4
84c2ea3ffffffff-2021-12,1
84c2ea3ffffffff-2023-08,1
84c2ea5ffffffff-2022-09,2
84c2ea7ffffffff-2023-03,1
84c2ea9ffffffff-2019-11,3
84c2ea9ffffffff-2020-06,1
84c2eadffffffff-2016-11,2
84c2eadffffffff-2018-02,2
84c2eadffffffff-2019-10,5
84c2eadffffffff-2019-11,7
84c2eadffffffff-2020-10,2
84c2eadffffffff-2021-12,6
84c2eadffffffff-2023-01,4
84c2eb1ffffffff-2021-12,1
84c2eb1ffffffff-2023-02,5
84c2eb5ffffffff-2021-10,1
84c2eb7ffffffff-2018-03,1
84c2eb7ffffffff-2018-11,1
84c2eb7ffffffff-2019-01,3
84c2eb7ffffffff-2019-10,2
84c2eb7ffffffff-2021-03,1
84c2eb7ffffffff-2021-08,1
84c2eb7ffffffff-2021-10,1
84c2eb7ffffffff-2021-12,1
84c2eb7ffffffff-2022-12,1
84c2eb7ffffffff-2023-04,1
84c2eb7ffffffff-2023-10,5
84c2eb9ffffffff-2021-11,1
84c2eb9ffffffff-2022-12,1
84c2eb9ffffffff-2023-02,1
84c2ebbffffffff-2013-01,1
84c2ebbffffffff-2018-02,1
84c2ebbffffffff-2018-10,8
84c2ebbffffffff-2018-11,2
84c2ebbffffffff-2018-12,2
84c2ebbffffffff-2019-04,1
84c2ebbffffffff-2019-10,6
84c2ebbffffffff-2019-11,6
84c2ebbffffffff-2019-12,8
84c2ebbffffffff-2020-01,10
84c2ebbffffffff-2020-02,1
84c2ebbffffffff-2020-05,5
84c2ebbffffffff-2020-06,9
84c2ebbffffffff-2020-07,2
84c2ebbffffffff-2020-08,11
84c2ebbffffffff-2020-09,12
84c2ebbffffffff-2020-10,2
84c2ebbffffffff-2020-11,6
84c2ebbffffffff-2020-12,3
84c2ebbffffffff-2021-01,16
84c2ebbffffffff-2021-02,8
84c2ebbffffffff-2021-03,3
84c2ebbffffffff-2021-04,3
84c2ebbffffffff-2021-09,3
84c2ebbffffffff-2021-10,3
84c2ebbffffffff-2021-11,3
84c2ebbffffffff-2021-12,1
84c2ebbffffffff-2022-01,1
84c2ebbffffffff-2022-03,1
84c2ebbffffffff-2022-07,1
84c2ebbffffffff-2022-08,5
84c2ebbffffffff-2022-09,4
84c2ebbffffffff-2023-01,3
84c2ebbffffffff-2023-02,4
84c2ebbffffffff-2023-03,3
84c2ebbffffffff-2023-06,1
84c2ebbffffffff-2023-07,2
84c2ebbffffffff-2023-08,1
84c2ebbffffffff-2023-09,3
84c2ebbffffffff-2023-10,6
84c2ebbffffffff-2023-11,1
84c2ec9ffffffff-2013-09,3
84c2ec9ffffffff-2017-12,1
84c2ec9ffffffff-2021-12,1
84c2ec9ffffffff-2023-09,1
84c2ecbffffffff-2019-12,1
84c2ecdffffffff-2015-01,1
84c2ecdffffffff-2016-01,2
84c2ecdffffffff-2021-01,1
84c2ecdffffffff-2021-10,6
84c2ecdffffffff-2021-11,5
84c2ecdffffffff-2021-12,1
84c2ecdffffffff-2022-01,3
84c2ecdffffffff-2022-02,1
84c2ecdffffffff-2022-10,12
84c2ecdffffffff-2022-11,2
84c2ecdffffffff-2023-10,2
84c2ed5ffffffff-2022-08,1
84c2ed5ffffffff-2022-09,1
84c2ed5ffffffff-2022-11,1
84c2ed5ffffffff-2023-03,1
84c2ed9ffffffff-2023-09,1
84c2edbffffffff-2016-11,2
84c2eddffffffff-2018-01,1
84c2eddffffffff-2018-02,2
84c2eddffffffff-2019-01,1
84c2eddffffffff-2021-02,1
84c2eddffffffff-2021-12,1
84c2eddffffffff-2022-01,5
84c2eddffffffff-2022-10,2
84c2eddffffffff-2022-11,1
84c2eddffffffff-2023-05,1
84c2eddffffffff-2023-06,1
84c2eddffffffff-2023-09,3
84c2ee1ffffffff-2020-08,2
84c2ee1ffffffff-2020-09,2
84c2ee1ffffffff-2020-10,4
84c2ee1ffffffff-2020-11,9
84c2ee1ffffffff-2020-12,2
84c2ee1ffffffff-2021-08,1
84c2ee1ffffffff-2021-09,1
84c2ee1ffffffff-2021-10,10
84c2ee1ffffffff-2021-11,1
84c2ee1ffffffff-2021-12,1
84c2ee1ffffffff-2022-09,10
84c2ee1ffffffff-2023-08,1
84c2ee1ffffffff-2023-09,1
84c2ee1ffffffff-2023-10,3
84c2ee3ffffffff-2018-03,2
84c2ee3ffffffff-2020-10,1
84c2ee3ffffffff-2021-10,1
84c2ee3ffffffff-2022-10,1
84c2ee5ffffffff-2022-10,3
84c2ee5ffffffff-2023-01,2
84c2ee5ffffffff-2023-09,2
84c2ee7ffffffff-2015-11,1
84c2ee7ffffffff-2018-10,2
84c2ee7ffffffff-2019-10,8
84c2ee7ffffffff-2021-09,1
84c2ee9ffffffff-2018-07,1
84c2ee9ffffffff-2023-02,2
84c2eedffffffff-2018-07,1
84c2eedffffffff-2018-10,4
84c2eedffffffff-2020-11,2
84c2eedffffffff-2021-11,1
84c2f07ffffffff-2017-02,1
84c2f07ffffffff-2018-12,2
84c2f07ffffffff-2019-12,2
84c2f07ffffffff-2020-12,1
84c2f07ffffffff-2021-01,1
84c2f07ffffffff-2021-10,2
84c2f07ffffffff-2021-11,5
84c2f07ffffffff-2021-12,6
84c2f07ffffffff-2022-01,9
84c2f07ffffffff-2022-02,11
84c2f07ffffffff-2022-03,16
84c2f07ffffffff-2022-04,5
84c2f07ffffffff-2022-08,1
84c2f07ffffffff-2022-10,4
84c2f07ffffffff-2022-11,2
84c2f07ffffffff-2022-12,5
84c2f07ffffffff-2023-01,9
84c2f07ffffffff-2023-02,7
84c2f07ffffffff-2023-03,10
84c2f07ffffffff-2023-04,1
84c2f07ffffffff-2023-09,6
84c2f07ffffffff-2023-10,6
84c2f07ffffffff-2023-11,5
84c2f11ffffffff-2015-03,1
84c2f11ffffffff-2016-03,1
84c2f11ffffffff-2016-10,3
84c2f11ffffffff-2016-11,2
84c2f11ffffffff-2017-02,2
84c2f11ffffffff-2017-10,3
84c2f11ffffffff-2017-12,1
84c2f11ffffffff-2018-01,16
84c2f11ffffffff-2018-02,3
84c2f11ffffffff-2018-03,4
84c2f11ffffffff-2018-09,1
84c2f11ffffffff-2018-10,1
84c2f11ffffffff-2018-12,4
84c2f11ffffffff-2019-01,5
84c2f11ffffffff-2019-03,1
84c2f11ffffffff-2019-09,3
84c2f11ffffffff-2019-10,1
84c2f11ffffffff-2019-11,4
84c2f11ffffffff-2019-12,1
84c2f11ffffffff-2020-01,1
84c2f11ffffffff-2020-02,6
84c2f11ffffffff-2020-03,2
84c2f11ffffffff-2020-08,11
84c2f11ffffffff-2020-09,49
84c2f11ffffffff-2020-10,15
84c2f11ffffffff-2020-11,16
84c2f11ffffffff-2020-12,4
84c2f11ffffffff-2021-01,12
84c2f11ffffffff-2021-02,6
84c2f11ffffffff-2021-03,4
84c2f11ffffffff-2021-04,1
84c2f11ffffffff-2021-08,7
84c2f11ffffffff-2021-09,10
84c2f11ffffffff-2021-10,19
84c2f11ffffffff-2021-11,3
84c2f11ffffffff-2021-12,3
84c2f11ffffffff-2022-01,3
84c2f11ffffffff-2022-02,15
84c2f11ffffffff-2022-03,2
84c2f11ffffffff-2022-09,5
84c2f11ffffffff-2022-10,9
84c2f11ffffffff-2022-11,9
84c2f11ffffffff-2022-12,5
84c2f11ffffffff-2023-01,55
84c2f11ffffffff-2023-02,38
84c2f11ffffffff-2023-03,59
84c2f11ffffffff-2023-04,5
84c2f11ffffffff-2023-05,5
84c2f11ffffffff-2023-09,6
84c2f11ffffffff-2023-10,20
84c2f13ffffffff-2019-10,4
84c2f13ffffffff-2021-08,1
84c2f13ffffffff-2021-10,4
84c2f15ffffffff-2015-11,4
84c2f15ffffffff-2017-04,1
84c2f15ffffffff-2018-01,1
84c2f15ffffffff-2018-02,1
84c2f15ffffffff-2018-10,3
84c2f15ffffffff-2018-11,5
84c2f15ffffffff-2019-01,2
84c2f15ffffffff-2019-02,2
84c2f15ffffffff-2019-04,1
84c2f15ffffffff-2019-10,2
84c2f15ffffffff-2019-11,14
84c2f15ffffffff-2019-12,2
84c2f15ffffffff-2020-01,4
84c2f15ffffffff-2020-02,4
84c2f15ffffffff-2020-03,1
84c2f15ffffffff-2020-09,26
84c2f15ffffffff-2020-10,12
84c2f15ffffffff-2020-11,15
84c2f15ffffffff-2020-12,4
84c2f15ffffffff-2021-01,9
84c2f15ffffffff-2021-02,20
84c2f15ffffffff-2021-03,5
84c2f15ffffffff-2021-09,1
84c2f15ffffffff-2021-10,6
84c2f15ffffffff-2021-11,2
84c2f15ffffffff-2021-12,2
84c2f15ffffffff-2022-01,5
84c2f15ffffffff-2022-02,7
84c2f15ffffffff-2022-03,5
84c2f15ffffffff-2022-09,1
84c2f15ffffffff-2022-10,16
84c2f15ffffffff-2022-11,15
84c2f15ffffffff-2022-12,6
84c2f15ffffffff-2023-01,22
84c2f15ffffffff-2023-02,30
84c2f15ffffffff-2023-03,15
84c2f15ffffffff-2023-04,1
84c2f15ffffffff-2023-07,1
84c2f15ffffffff-2023-09,1
84c2f15ffffffff-2023-10,23
84c2f15ffffffff-2023-11,2
84c2f17ffffffff-2020-09,1
84c2f17ffffffff-2021-01,2
84c2f17ffffffff-2022-10,4
84c2f17ffffffff-2022-11,2
84c2f1bffffffff-2012-10,1
84c2f1dffffffff-2018-02,2
84c2f1dffffffff-2018-10,1
84c2f1dffffffff-2019-11,4
84c2f1dffffffff-2019-12,2
84c2f1dffffffff-2020-09,4
84c2f1dffffffff-2020-10,5
84c2f1dffffffff-2020-11,1
84c2f1dffffffff-2021-02,5
84c2f1dffffffff-2021-03,1
84c2f1dffffffff-2021-09,1
84c2f1dffffffff-2021-10,1
84c2f1dffffffff-2022-01,2
84c2f1dffffffff-2022-04,3
84c2f1dffffffff-2022-10,21
84c2f1dffffffff-2022-11,15
84c2f1dffffffff-2022-12,1
84c2f1dffffffff-2023-02,1
84c2f1dffffffff-2023-03,5
84c2f1dffffffff-2023-04,1
84c2f1dffffffff-2023-09,7
84c2f1dffffffff-2023-10,2
84c2f1dffffffff-2023-11,6
84c2f23ffffffff-2014-09,1
84c2f23ffffffff-2015-11,3
84c2f23ffffffff-2015-12,2
84c2f23ffffffff-2016-03,1
84c2f23ffffffff-2016-10,5
84c2f23ffffffff-2016-11,2
84c2f23ffffffff-2016-12,1
84c2f23ffffffff-2017-01,1
84c2f23ffffffff-2017-10,2
84c2f23ffffffff-2017-11,1
84c2f23ffffffff-2018-02,3
84c2f23ffffffff-2018-03,3
84c2f23ffffffff-2018-10,11
84c2f23ffffffff-2018-11,2
84c2f23ffffffff-2018-12,2
84c2f23ffffffff-2019-01,19
84c2f23ffffffff-2019-02,1
84c2f23ffffffff-2019-03,3
84c2f23ffffffff-2019-04,2
84c2f23ffffffff-2019-10,3
84c2f23ffffffff-2019-11,19
84c2f23ffffffff-2020-01,14
84c2f23ffffffff-2020-02,7
84c2f23ffffffff-2020-03,1
84c2f23ffffffff-2020-08,4
84c2f23ffffffff-2020-09,9
84c2f23ffffffff-2020-10,13
84c2f23ffffffff-2020-11,3
84c2f23ffffffff-2020-12,3
84c2f23ffffffff-2021-01,46
84c2f23ffffffff-2021-02,9
84c2f23ffffffff-2021-03,6
84c2f23ffffffff-2021-04,3
84c2f23ffffffff-2021-09,1
84c2f23ffffffff-2021-10,19
84c2f23ffffffff-2021-11,8
84c2f23ffffffff-2021-12,18
84c2f23ffffffff-2022-01,15
84c2f23ffffffff-2022-02,21
84c2f23ffffffff-2022-03,2
84c2f23ffffffff-2022-04,6
84c2f23ffffffff-2022-09,3
84c2f23ffffffff-2022-10,16
84c2f23ffffffff-2022-11,15
84c2f23ffffffff-2022-12,22
84c2f23ffffffff-2023-01,35
84c2f23ffffffff-2023-02,17
84c2f23ffffffff-2023-03,17
84c2f23ffffffff-2023-04,7
84c2f23ffffffff-2023-09,16
84c2f23ffffffff-2023-10,16
84c2f23ffffffff-2023-11,27
84c2f27ffffffff-2014-01,1
84c2f27ffffffff-2014-04,3
84c2f27ffffffff-2015-01,1
84c2f27ffffffff-2015-02,1
84c2f27ffffffff-2016-03,1
84c2f27ffffffff-2016-04,1
84c2f27ffffffff-2016-12,1
84c2f27ffffffff-2017-01,2
84c2f27ffffffff-2017-04,3
84c2f27ffffffff-2017-10,1
84c2f27ffffffff-2017-11,5
84c2f27ffffffff-2017-12,1
84c2f27ffffffff-2018-01,1
84c2f27ffffffff-2018-02,2
84c2f27ffffffff-2018-03,1
84c2f27ffffffff-2018-04,2
84c2f27ffffffff-2018-10,5
84c2f27ffffffff-2018-11,11
84c2f27ffffffff-2018-12,1
84c2f27ffffffff-2019-01,1
84c2f27ffffffff-2019-02,9
84c2f27ffffffff-2019-03,8
84c2f27ffffffff-2019-04,1
84c2f27ffffffff-2019-09,14
84c2f27ffffffff-2019-10,26
84c2f27ffffffff-2019-11,32
84c2f27ffffffff-2019-12,25
84c2f27ffffffff-2020-01,9
84c2f27ffffffff-2020-02,9
84c2f27ffffffff-2020-03,4
84c2f27ffffffff-2020-04,1
84c2f27ffffffff-2020-08,8
84c2f27ffffffff-2020-09,29
84c2f27ffffffff-2020-10,55
84c2f27ffffffff-2020-11,12
84c2f27ffffffff-2020-12,17
84c2f27ffffffff-2021-01,20
84c2f27ffffffff-2021-02,23
84c2f27ffffffff-2021-03,11
84c2f27ffffffff-2021-04,7
84c2f27ffffffff-2021-05,3
84c2f27ffffffff-2021-08,1
84c2f27ffffffff-2021-09,6
84c2f27ffffffff-2021-10,46
84c2f27ffffffff-2021-11,23
84c2f27ffffffff-2021-12,19
84c2f27ffffffff-2022-02,13
84c2f27ffffffff-2022-03,36
84c2f27ffffffff-2022-04,16
84c2f27ffffffff-2022-08,5
84c2f27ffffffff-2022-09,19
84c2f27ffffffff-2022-10,62
84c2f27ffffffff-2022-11,44
84c2f27ffffffff-2022-12,9
84c2f27ffffffff-2023-01,25
84c2f27ffffffff-2023-02,18
84c2f27ffffffff-2023-03,14
84c2f27ffffffff-2023-04,1
84c2f27ffffffff-2023-06,1
84c2f27ffffffff-2023-09,5
84c2f27ffffffff-2023-10,11
84c2f27ffffffff-2023-11,4
84c2f2bffffffff-2013-10,1
84c2f2bffffffff-2014-01,1
84c2f2bffffffff-2014-09,1
84c2f2bffffffff-2015-01,1
84c2f2bffffffff-2015-04,1
84c2f2bffffffff-2015-10,1
84c2f2bffffffff-2015-11,4
84c2f2bffffffff-2015-12,3
84c2f2bffffffff-2016-02,7
84c2f2bffffffff-2016-03,1
84c2f2bffffffff-2016-04,1
84c2f2bffffffff-2016-08,1
84c2f2bffffffff-2016-10,1
84c2f2bffffffff-2016-11,8
84c2f2bffffffff-2016-12,2
84c2f2bffffffff-2017-01,2
84c2f2bffffffff-2017-02,2
84c2f2bffffffff-2017-03,1
84c2f2bffffffff-2017-04,8
84c2f2bffffffff-2017-12,2
84c2f2bffffffff-2018-01,15
84c2f2bffffffff-2018-02,2
84c2f2bffffffff-2018-03,15
84c2f2bffffffff-2018-09,37
84c2f2bffffffff-2018-10,15
84c2f2bffffffff-2018-11,3
84c2f2bffffffff-2018-12,4
84c2f2bffffffff-2019-01,14
84c2f2bffffffff-2019-02,4
84c2f2bffffffff-2019-03,5
84c2f2bffffffff-2019-04,2
84c2f2bffffffff-2019-09,5
84c2f2bffffffff-2019-10,21
84c2f2bffffffff-2019-11,65
84c2f2bffffffff-2019-12,5
84c2f2bffffffff-2020-01,6
84c2f2bffffffff-2020-02,1
84c2f2bffffffff-2020-09,15
84c2f2bffffffff-2020-10,19
84c2f2bffffffff-2020-11,20
84c2f2bffffffff-2020-12,6
84c2f2bffffffff-2021-01,28
84c2f2bffffffff-2021-02,40
84c2f2bffffffff-2021-03,45
84c2f2bffffffff-2021-04,10
84c2f2bffffffff-2021-05,1
84c2f2bffffffff-2021-08,1
84c2f2bffffffff-2021-09,12
84c2f2bffffffff-2021-10,8
84c2f2bffffffff-2021-11,13
84c2f2bffffffff-2021-12,30
84c2f2bffffffff-2022-01,20
84c2f2bffffffff-2022-02,13
84c2f2bffffffff-2022-03,9
84c2f2bffffffff-2022-04,11
84c2f2bffffffff-2022-07,2
84c2f2bffffffff-2022-08,1
84c2f2bffffffff-2022-09,22
84c2f2bffffffff-2022-10,67
84c2f2bffffffff-2022-11,19
84c2f2bffffffff-2022-12,16
84c2f2bffffffff-2023-01,50
84c2f2bffffffff-2023-02,24
84c2f2bffffffff-2023-03,42
84c2f2bffffffff-2023-04,38
84c2f2bffffffff-2023-05,10
84c2f2bffffffff-2023-06,1
84c2f2bffffffff-2023-07,3
84c2f2bffffffff-2023-08,6
84c2f2bffffffff-2023-09,30
84c2f2bffffffff-2023-10,21
84c2f2bffffffff-2023-11,40
84c2f31ffffffff-2020-11,8
84c2f31ffffffff-2021-11,3
84c2f37ffffffff-2013-02,6
84c2f37ffffffff-2019-12,1
84c2f37ffffffff-2021-09,1
84c2f37ffffffff-2021-10,4
84c2f37ffffffff-2021-11,4
84c2f37ffffffff-2021-12,2
84c2f37ffffffff-2022-11,2
84c2f37ffffffff-2023-01,1
84c2f37ffffffff-2023-03,1
84c2f39ffffffff-2016-03,1
84c2f39ffffffff-2016-10,6
84c2f39ffffffff-2016-11,2
84c2f39ffffffff-2017-08,2
84c2f39ffffffff-2017-11,1
84c2f39ffffffff-2017-12,2
84c2f39ffffffff-2018-02,3
84c2f39ffffffff-2018-09,1
84c2f39ffffffff-2018-10,6
84c2f39ffffffff-2018-11,2
84c2f39ffffffff-2018-12,1
84c2f39ffffffff-2019-01,14
84c2f39ffffffff-2019-02,1
84c2f39ffffffff-2019-03,2
84c2f39ffffffff-2019-09,4
84c2f39ffffffff-2019-10,2
84c2f39ffffffff-2019-11,3
84c2f39ffffffff-2019-12,10
84c2f39ffffffff-2020-01,1
84c2f39ffffffff-2020-02,24
84c2f39ffffffff-2020-09,5
84c2f39ffffffff-2020-10,10
84c2f39ffffffff-2020-11,12
84c2f39ffffffff-2020-12,9
84c2f39ffffffff-2021-01,10
84c2f39ffffffff-2021-02,4
84c2f39ffffffff-2021-03,6
84c2f39ffffffff-2021-04,4
84c2f39ffffffff-2021-08,2
84c2f39ffffffff-2021-09,8
84c2f39ffffffff-2021-10,6
84c2f39ffffffff-2021-12,21
84c2f39ffffffff-2022-01,18
84c2f39ffffffff-2022-02,1
84c2f39ffffffff-2022-03,3
84c2f39ffffffff-2022-04,2
84c2f39ffffffff-2022-08,2
84c2f39ffffffff-2022-09,15
84c2f39ffffffff-2022-10,16
84c2f39ffffffff-2022-11,12
84c2f39ffffffff-2022-12,43
84c2f39ffffffff-2023-01,9
84c2f39ffffffff-2023-02,7
84c2f39ffffffff-2023-03,19
84c2f39ffffffff-2023-04,5
84c2f39ffffffff-2023-05,1
84c2f39ffffffff-2023-09,15
84c2f39ffffffff-2023-10,2
84c2f39ffffffff-2023-11,4
84c2f3bffffffff-2018-03,1
84c2f3bffffffff-2022-08,1
84c2f3bffffffff-2022-09,2
84c2f3bffffffff-2023-01,1
84c2f3dffffffff-2012-01,1
84c2f3dffffffff-2013-01,2
84c2f3dffffffff-2013-04,2
84c2f3dffffffff-2013-08,1
84c2f3dffffffff-2013-09,1
84c2f3dffffffff-2013-10,1
84c2f3dffffffff-2013-11,1
84c2f3dffffffff-2013-12,1
84c2f3dffffffff-2014-11,1
84c2f3dffffffff-2015-02,1
84c2f3dffffffff-2015-03,1
84c2f3dffffffff-2015-04,2
84c2f3dffffffff-2015-10,2
84c2f3dffffffff-2015-11,5
84c2f3dffffffff-2015-12,4
84c2f3dffffffff-2016-01,2
84c2f3dffffffff-2016-02,4
84c2f3dffffffff-2016-03,3
84c2f3dffffffff-2016-10,7
84c2f3dffffffff-2016-11,1
84c2f3dffffffff-2016-12,2
84c2f3dffffffff-2017-02,5
84c2f3dffffffff-2017-03,5
84c2f3dffffffff-2017-04,5
84c2f3dffffffff-2017-09,6
84c2f3dffffffff-2017-10,7
84c2f3dffffffff-2017-11,8
84c2f3dffffffff-2017-12,1
84c2f3dffffffff-2018-01,3
84c2f3dffffffff-2018-02,7
84c2f3dffffffff-2018-03,11
84c2f3dffffffff-2018-04,3
84c2f3dffffffff-2018-08,3
84c2f3dffffffff-2018-09,10
84c2f3dffffffff-2018-10,17
84c2f3dffffffff-2018-11,4
84c2f3dffffffff-2018-12,4
84c2f3dffffffff-2019-01,7
84c2f3dffffffff-2019-02,14
84c2f3dffffffff-2019-03,9
84c2f3dffffffff-2019-04,6
84c2f3dffffffff-2019-08,3
84c2f3dffffffff-2019-09,21
84c2f3dffffffff-2019-10,30
84c2f3dffffffff-2019-11,20
84c2f3dffffffff-2019-12,10
84c2f3dffffffff-2020-01,14
84c2f3dffffffff-2020-02,9
84c2f3dffffffff-2020-03,9
84c2f3dffffffff-2020-04,13
84c2f3dffffffff-2020-08,41
84c2f3dffffffff-2020-09,82
84c2f3dffffffff-2020-10,56
84c2f3dffffffff-2020-11,35
84c2f3dffffffff-2020-12,37
84c2f3dffffffff-2021-01,15
84c2f3dffffffff-2021-02,33
84c2f3dffffffff-2021-03,24
84c2f3dffffffff-2021-04,11
84c2f3dffffffff-2021-06,2
84c2f3dffffffff-2021-08,4
84c2f3dffffffff-2021-09,26
84c2f3dffffffff-2021-10,41
84c2f3dffffffff-2021-11,30
84c2f3dffffffff-2021-12,14
84c2f3dffffffff-2022-01,11
84c2f3dffffffff-2022-02,8
84c2f3dffffffff-2022-03,8
84c2f3dffffffff-2022-04,11
84c2f3dffffffff-2022-07,1
84c2f3dffffffff-2022-08,2
84c2f3dffffffff-2022-09,22
84c2f3dffffffff-2022-10,39
84c2f3dffffffff-2022-11,8
84c2f3dffffffff-2022-12,8
84c2f3dffffffff-2023-01,21
84c2f3dffffffff-2023-02,14
84c2f3dffffffff-2023-03,25
84c2f3dffffffff-2023-04,22
84c2f3dffffffff-2023-05,10
84c2f3dffffffff-2023-07,1
84c2f3dffffffff-2023-08,3
84c2f3dffffffff-2023-09,16
84c2f3dffffffff-2023-10,15
84c2f3dffffffff-2023-11,12
84c3087ffffffff-2013-03,2
84c3087ffffffff-2023-10,1
84c3089ffffffff-2016-12,1
84c3089ffffffff-2018-03,1
84c3089ffffffff-2019-01,1
84c3089ffffffff-2019-11,1
84c3089ffffffff-2020-02,4
84c3089ffffffff-2020-03,1
84c3089ffffffff-2021-10,1
84c3089ffffffff-2022-03,1
84c3089ffffffff-2022-12,2
84c3089ffffffff-2023-01,1
84c3089ffffffff-2023-09,1
84c3093ffffffff-2018-12,2
84c3093ffffffff-2020-12,2
84c3097ffffffff-2021-03,2
84c3097ffffffff-2023-01,1
84c309dffffffff-2022-03,1
84c30bbffffffff-2019-12,1
84c30d1ffffffff-2020-12,1
84c30d1ffffffff-2022-01,3
84c320dffffffff-2015-07,1
84c320dffffffff-2023-03,1
84c3215ffffffff-2022-10,7
84c3215ffffffff-2022-11,1
84c3217ffffffff-2013-12,1
84c3217ffffffff-2018-03,2
84c3217ffffffff-2019-12,1
84c3217ffffffff-2021-02,1
84c3217ffffffff-2021-04,1
84c3217ffffffff-2021-12,1
84c3217ffffffff-2022-01,13
84c3217ffffffff-2022-02,2
84c3217ffffffff-2022-10,7
84c3217ffffffff-2022-11,11
84c3217ffffffff-2022-12,1
84c3217ffffffff-2023-01,7
84c3217ffffffff-2023-02,3
84c3217ffffffff-2023-03,1
84c3241ffffffff-2017-04,1
84c3241ffffffff-2019-12,1
84c3241ffffffff-2020-02,1
84c3241ffffffff-2021-12,2
84c3241ffffffff-2022-02,2
84c3241ffffffff-2022-04,1
84c3241ffffffff-2022-12,2
84c3241ffffffff-2023-01,4
84c3241ffffffff-2023-02,3
84c3241ffffffff-2023-03,3
84c3241ffffffff-2023-04,1
84c3241ffffffff-2023-11,1
84c3243ffffffff-2022-12,1
84c3247ffffffff-2021-12,5
84c324bffffffff-2022-11,1
84c3287ffffffff-2017-01,1
84c3287ffffffff-2023-03,2
84c3297ffffffff-2014-03,1
84c3297ffffffff-2017-10,2
84c3297ffffffff-2018-01,1
84c3297ffffffff-2018-03,5
84c3297ffffffff-2018-10,5
84c3297ffffffff-2018-11,1
84c3297ffffffff-2018-12,1
84c3297ffffffff-2019-01,1
84c3297ffffffff-2019-04,1
84c3297ffffffff-2019-10,1
84c3297ffffffff-2019-11,3
84c3297ffffffff-2020-02,1
84c3297ffffffff-2021-01,1
84c3297ffffffff-2021-03,2
84c3297ffffffff-2021-10,4
84c3297ffffffff-2021-11,1
84c3297ffffffff-2022-01,7
84c3297ffffffff-2022-02,3
84c3297ffffffff-2022-03,5
84c3297ffffffff-2022-04,1
84c3297ffffffff-2022-09,2
84c3297ffffffff-2022-10,6
84c3297ffffffff-2022-11,13
84c3297ffffffff-2023-01,6
84c3297ffffffff-2023-02,3
84c3297ffffffff-2023-03,2
84c3297ffffffff-2023-04,5
84c3297ffffffff-2023-10,4
84c3297ffffffff-2023-11,5
84c329bffffffff-2020-11,1
84c329bffffffff-2021-11,7
84c329bffffffff-2022-10,2
84c32a9ffffffff-2014-03,1
84c32b7ffffffff-2021-02,1
84c32b7ffffffff-2023-01,1
84c32b7ffffffff-2023-03,3
84c32b9ffffffff-2020-12,2
84c32b9ffffffff-2022-10,1
84c32b9ffffffff-2023-11,2
84c32bbffffffff-2018-03,1
84c32bbffffffff-2018-10,1
84c32bbffffffff-2019-11,3
84c32bbffffffff-2021-03,2
84c32bbffffffff-2022-02,1
84c32bbffffffff-2023-01,2
84c32bbffffffff-2023-03,3
84c32e1ffffffff-2012-10,1
84c32e1ffffffff-2014-03,1
84c32e1ffffffff-2019-11,1
84c32e1ffffffff-2019-12,1
84c32e1ffffffff-2020-01,2
84c32e1ffffffff-2020-02,8
84c32e1ffffffff-2022-02,1
84c32e1ffffffff-2022-09,24
84c32e1ffffffff-2022-10,6
84c32e1ffffffff-2022-11,20
84c32e1ffffffff-2023-01,15
84c32e1ffffffff-2023-02,15
84c32e1ffffffff-2023-03,2
84c32e1ffffffff-2023-09,1
84c32e1ffffffff-2023-10,4
84c32e1ffffffff-2023-11,6
84c32edffffffff-2012-02,1
84c32edffffffff-2013-10,1
84c32edffffffff-2013-12,1
84c32edffffffff-2014-10,2
84c32edffffffff-2014-11,2
84c32edffffffff-2016-01,3
84c32edffffffff-2016-10,1
84c32edffffffff-2017-02,1
84c32edffffffff-2018-11,5
84c32edffffffff-2018-12,3
84c32edffffffff-2022-01,12
84c32edffffffff-2022-02,3
84c32edffffffff-2022-08,1
84c32edffffffff-2022-09,1
84c32edffffffff-2022-10,4
84c32edffffffff-2022-11,19
84c32edffffffff-2022-12,1
84c32edffffffff-2023-01,10
84c32edffffffff-2023-02,5
84c32edffffffff-2023-11,10
84c3401ffffffff-2013-11,1
84c3401ffffffff-2015-10,2
84c3401ffffffff-2018-05,3
84c3401ffffffff-2019-11,4
84c3401ffffffff-2020-09,2
84c3401ffffffff-2020-10,3
84c3401ffffffff-2020-12,1
84c3401ffffffff-2021-01,6
84c3401ffffffff-2021-04,1
84c3401ffffffff-2021-10,6
84c3401ffffffff-2022-04,4
84c3401ffffffff-2022-10,1
84c3401ffffffff-2022-11,1
84c3401ffffffff-2022-12,1
84c3401ffffffff-2023-01,2
84c3401ffffffff-2023-03,1
84c3401ffffffff-2023-10,4
84c3403ffffffff-2014-01,2
84c3403ffffffff-2018-06,1
84c3403ffffffff-2018-10,1
84c3403ffffffff-2019-10,1
84c3403ffffffff-2019-11,2
84c3403ffffffff-2020-10,2
84c3403ffffffff-2020-12,16
84c3403ffffffff-2021-01,6
84c3403ffffffff-2021-02,5
84c3403ffffffff-2021-04,1
84c3403ffffffff-2021-10,3
84c3403ffffffff-2021-11,2
84c3403ffffffff-2022-01,1
84c3403ffffffff-2022-03,2
84c3403ffffffff-2022-09,1
84c3403ffffffff-2022-10,3
84c3403ffffffff-2022-11,10
84c3403ffffffff-2022-12,1
84c3403ffffffff-2023-01,3
84c3403ffffffff-2023-02,1
84c3403ffffffff-2023-04,2
84c3403ffffffff-2023-05,1
84c3403ffffffff-2023-09,2
84c3403ffffffff-2023-10,5
84c3403ffffffff-2023-11,2
84c3405ffffffff-2021-01,4
84c3405ffffffff-2021-05,1
84c3405ffffffff-2022-10,1
84c340dffffffff-2018-04,4
84c340dffffffff-2019-04,1
84c340dffffffff-2019-05,4
84c340dffffffff-2019-10,2
84c340dffffffff-2019-11,4
84c340dffffffff-2019-12,6
84c340dffffffff-2021-01,3
84c340dffffffff-2021-02,2
84c340dffffffff-2021-10,2
84c340dffffffff-2022-04,1
84c340dffffffff-2022-10,2
84c340dffffffff-2023-01,1
84c340dffffffff-2023-02,3
84c340dffffffff-2023-05,3
84c340dffffffff-2023-10,11
84c340dffffffff-2023-11,1
84c3411ffffffff-2019-03,1
84c3411ffffffff-2021-12,3
84c3411ffffffff-2022-11,2
84c3411ffffffff-2023-01,1
84c3411ffffffff-2023-02,1
84c3415ffffffff-2022-12,1
84c3417ffffffff-2020-02,1
84c3417ffffffff-2020-10,1
84c3417ffffffff-2021-06,1
84c3417ffffffff-2021-10,1
84c3417ffffffff-2022-01,2
84c3417ffffffff-2022-02,1
84c3417ffffffff-2022-09,1
84c3417ffffffff-2022-10,3
84c3417ffffffff-2022-11,2
84c3417ffffffff-2023-01,1
84c3417ffffffff-2023-10,2
84c3417ffffffff-2023-11,1
84c3419ffffffff-2022-04,1
84c3421ffffffff-2021-04,1
84c3425ffffffff-2020-12,1
84c3425ffffffff-2021-11,1
84c3425ffffffff-2022-02,2
84c3427ffffffff-2016-10,1
84c3427ffffffff-2018-03,1
84c3427ffffffff-2018-12,2
84c3427ffffffff-2019-02,2
84c3427ffffffff-2019-11,1
84c3427ffffffff-2020-12,1
84c3427ffffffff-2021-02,2
84c3427ffffffff-2022-01,1
84c3427ffffffff-2022-06,2
84c3427ffffffff-2022-11,3
84c3427ffffffff-2023-01,4
84c3427ffffffff-2023-02,3
84c3427ffffffff-2023-03,2
84c342dffffffff-2015-11,1
84c342dffffffff-2021-07,1
84c342dffffffff-2023-01,1
84c343bffffffff-2019-04,4
84c343bffffffff-2019-07,2
84c343bffffffff-2020-02,1
84c343bffffffff-2022-01,1
84c343bffffffff-2022-02,3
84c343bffffffff-2022-11,2
84c343bffffffff-2022-12,1
84c343bffffffff-2023-01,2
84c343bffffffff-2023-02,3
84c343bffffffff-2023-10,1
84c3447ffffffff-2022-11,3
84c3447ffffffff-2022-12,2
84c3447ffffffff-2023-01,1
84c345dffffffff-2022-07,1
84c3483ffffffff-2018-04,1
84c3483ffffffff-2020-12,1
84c3483ffffffff-2022-12,1
84c3485ffffffff-2015-12,1
84c3485ffffffff-2022-08,1
84c3485ffffffff-2022-12,2
84c3485ffffffff-2023-01,1
84c3485ffffffff-2023-05,1
84c3487ffffffff-2016-02,1
84c3487ffffffff-2018-10,1
84c3487ffffffff-2018-12,5
84c3487ffffffff-2019-11,1
84c3487ffffffff-2020-09,1
84c3487ffffffff-2020-10,2
84c3487ffffffff-2021-01,2
84c3487ffffffff-2021-02,2
84c3487ffffffff-2021-05,1
84c3487ffffffff-2022-04,1
84c3487ffffffff-2022-05,1
84c3487ffffffff-2022-07,2
84c3487ffffffff-2023-03,1
84c3489ffffffff-2021-11,9
84c348bffffffff-2022-04,1
84c348bffffffff-2022-10,2
84c348bffffffff-2022-12,2
84c348bffffffff-2023-01,2
84c348bffffffff-2023-02,1
84c348bffffffff-2023-03,2
84c348dffffffff-2019-12,2
84c3491ffffffff-2012-03,1
84c3491ffffffff-2018-05,1
84c3491ffffffff-2019-12,2
84c3491ffffffff-2022-02,2
84c3491ffffffff-2023-03,1
84c3491ffffffff-2023-09,1
84c3493ffffffff-2012-03,1
84c3493ffffffff-2013-02,6
84c3493ffffffff-2020-02,1
84c3493ffffffff-2021-04,8
84c3493ffffffff-2023-11,1
84c3495ffffffff-2022-12,1
84c3497ffffffff-2012-03,3
84c3497ffffffff-2013-02,1
84c3497ffffffff-2014-01,2
84c3497ffffffff-2018-03,1
84c3497ffffffff-2018-10,1
84c3497ffffffff-2019-11,2
84c3497ffffffff-2019-12,2
84c3497ffffffff-2020-02,10
84c3497ffffffff-2022-02,1
84c3497ffffffff-2022-03,1
84c3497ffffffff-2022-05,7
84c3497ffffffff-2022-06,1
84c3497ffffffff-2022-07,5
84c3497ffffffff-2022-12,2
84c3497ffffffff-2023-08,2
84c3497ffffffff-2023-09,1
84c3499ffffffff-2021-01,1
84c349bffffffff-2014-01,6
84c349bffffffff-2018-02,4
84c349bffffffff-2018-12,2
84c349bffffffff-2019-10,11
84c349bffffffff-2021-03,2
84c349bffffffff-2022-05,1
84c349bffffffff-2022-10,1
84c349bffffffff-2023-03,5
84c349bffffffff-2023-06,2
84c349bffffffff-2023-09,1
84c349bffffffff-2023-10,6
84c349bffffffff-2023-11,1
84c349dffffffff-2014-11,1
84c349dffffffff-2019-12,1
84c349dffffffff-2021-01,1
84c349dffffffff-2021-04,2
84c349dffffffff-2022-04,1
84c349dffffffff-2022-06,1
84c349dffffffff-2022-08,1
84c349dffffffff-2022-10,2
84c349dffffffff-2023-01,1
84c349dffffffff-2023-02,1
84c34a1ffffffff-2019-12,2
84c34a3ffffffff-2020-01,1
84c34a7ffffffff-2019-12,2
84c34a7ffffffff-2020-12,1
84c34a9ffffffff-2022-09,1
84c34a9ffffffff-2022-10,3
84c34a9ffffffff-2023-01,1
84c34adffffffff-2021-09,2
84c34b1ffffffff-2021-01,1
84c34b1ffffffff-2022-02,4
84c34b1ffffffff-2022-03,2
84c34b1ffffffff-2022-05,1
84c34b1ffffffff-2023-05,1
84c34b3ffffffff-2020-10,1
84c34b3ffffffff-2021-02,1
84c34b3ffffffff-2022-03,1
84c34b5ffffffff-2021-01,1
84c34b5ffffffff-2023-01,2
84c34b7ffffffff-2012-02,1
84c34b7ffffffff-2018-10,1
84c34b7ffffffff-2019-02,2
84c34b7ffffffff-2019-03,1
84c34b7ffffffff-2020-06,1
84c34b7ffffffff-2020-10,1
84c34b7ffffffff-2022-02,1
84c34b7ffffffff-2022-06,1
84c34b7ffffffff-2022-07,1
84c34b7ffffffff-2023-09,1
84c34b7ffffffff-2023-10,1
84c34b9ffffffff-2022-03,1
84c34b9ffffffff-2022-04,1
84c34bbffffffff-2013-02,1
84c34bbffffffff-2014-02,2
84c34bbffffffff-2014-10,2
84c34bbffffffff-2015-02,2
84c34bbffffffff-2015-08,2
84c34bbffffffff-2016-03,2
84c34bbffffffff-2016-09,3
84c34bbffffffff-2018-10,3
84c34bbffffffff-2019-03,1
84c34bbffffffff-2019-12,11
84c34bbffffffff-2020-02,12
84c34bbffffffff-2021-05,3
84c34bbffffffff-2021-11,4
84c34bbffffffff-2022-02,1
84c34bbffffffff-2022-11,6
84c34bdffffffff-2015-03,1
84c34bdffffffff-2018-06,1
84c34bdffffffff-2018-07,1
84c34bdffffffff-2018-08,2
84c34bdffffffff-2018-09,3
84c34bdffffffff-2018-11,2
84c34bdffffffff-2018-12,15
84c34bdffffffff-2019-01,2
84c34bdffffffff-2019-03,1
84c34bdffffffff-2019-04,1
84c34bdffffffff-2019-06,1
84c34bdffffffff-2019-07,1
84c34bdffffffff-2019-11,1
84c34bdffffffff-2019-12,1
84c34bdffffffff-2020-01,1
84c34bdffffffff-2020-02,2
84c34bdffffffff-2020-03,1
84c34bdffffffff-2020-06,1
84c34bdffffffff-2020-07,3
84c34bdffffffff-2020-09,1
84c34bdffffffff-2020-10,4
84c34bdffffffff-2020-11,2
84c34bdffffffff-2020-12,4
84c34bdffffffff-2021-01,2
84c34bdffffffff-2021-02,3
84c34bdffffffff-2021-03,1
84c34bdffffffff-2021-04,1
84c34bdffffffff-2021-06,1
84c34bdffffffff-2021-10,2
84c34bdffffffff-2021-11,2
84c34bdffffffff-2022-04,1
84c34bdffffffff-2022-05,2
84c34bdffffffff-2022-09,1
84c34bdffffffff-2022-10,1
84c34bdffffffff-2022-11,1
84c34bdffffffff-2023-01,1
84c34bdffffffff-2023-02,1
84c34bdffffffff-2023-07,2
84c34bdffffffff-2023-10,1
84c34c1ffffffff-2022-10,1
84c34c5ffffffff-2022-02,2
84c34c7ffffffff-2019-12,2
84c34cbffffffff-2022-11,1
84c34cdffffffff-2020-03,1
84c34d1ffffffff-2021-11,3
84c34d7ffffffff-2022-10,1
84c34d7ffffffff-2022-12,1
84c34d7ffffffff-2023-01,1
84c34d7ffffffff-2023-09,1
84c34d7ffffffff-2023-10,1
84c34dbffffffff-2022-12,1
84c34ddffffffff-2018-12,2
84c34e1ffffffff-2017-03,1
84c34e3ffffffff-2015-11,1
84c34e3ffffffff-2019-12,2
84c34e3ffffffff-2021-05,1
84c34e3ffffffff-2022-01,5
84c34e3ffffffff-2022-02,1
84c34e3ffffffff-2022-03,1
84c34e3ffffffff-2022-10,1
84c34e3ffffffff-2022-11,1
84c34e3ffffffff-2022-12,3
84c34e3ffffffff-2023-02,1
84c34e3ffffffff-2023-03,1
84c34e5ffffffff-2018-03,1
84c34e5ffffffff-2020-02,5
84c34e7ffffffff-2018-07,1
84c34e7ffffffff-2019-12,2
84c34e7ffffffff-2021-06,2
84c34e7ffffffff-2022-12,3
84c34e7ffffffff-2023-02,7
84c34e7ffffffff-2023-09,1
84c34e9ffffffff-2014-01,4
84c34e9ffffffff-2014-02,1
84c34e9ffffffff-2019-10,1
84c34e9ffffffff-2019-12,1
84c34e9ffffffff-2020-11,1
84c34e9ffffffff-2021-01,3
84c34e9ffffffff-2021-02,1
84c34e9ffffffff-2021-03,2
84c34e9ffffffff-2021-10,1
84c34e9ffffffff-2022-01,2
84c34e9ffffffff-2022-03,1
84c34e9ffffffff-2022-05,3
84c34e9ffffffff-2022-10,1
84c34e9ffffffff-2022-12,6
84c34e9ffffffff-2023-01,7
84c34e9ffffffff-2023-02,10
84c34e9ffffffff-2023-03,4
84c34e9ffffffff-2023-09,6
84c34e9ffffffff-2023-10,8
84c34e9ffffffff-2023-11,5
84c34ebffffffff-2019-12,2
84c34ebffffffff-2021-12,1
84c34ebffffffff-2022-10,1
84c34ebffffffff-2023-09,2
84c34edffffffff-2023-02,1
84c34edffffffff-2023-11,1
84c3501ffffffff-2021-12,1
84c3501ffffffff-2022-01,2
84c3501ffffffff-2022-07,1
84c3501ffffffff-2022-11,2
84c3501ffffffff-2023-11,1
84c3503ffffffff-2016-03,1
84c3503ffffffff-2016-06,1
84c3503ffffffff-2016-11,1
84c3503ffffffff-2016-12,1
84c3503ffffffff-2019-02,2
84c3503ffffffff-2020-02,1
84c3503ffffffff-2021-02,2
84c3503ffffffff-2021-12,4
84c3503ffffffff-2022-01,2
84c3503ffffffff-2022-03,1
84c3503ffffffff-2022-11,1
84c3503ffffffff-2023-01,4
84c3503ffffffff-2023-04,1
84c3505ffffffff-2014-01,1
84c3505ffffffff-2014-03,2
84c3505ffffffff-2015-03,5
84c3505ffffffff-2015-10,1
84c3505ffffffff-2015-11,2
84c3505ffffffff-2015-12,2
84c3505ffffffff-2016-01,4
84c3505ffffffff-2016-02,2
84c3505ffffffff-2019-01,4
84c3505ffffffff-2020-01,1
84c3505ffffffff-2020-02,1
84c3505ffffffff-2021-01,1
84c3505ffffffff-2022-10,1
84c3505ffffffff-2022-12,3
84c3505ffffffff-2023-01,2
84c3505ffffffff-2023-02,7
84c3505ffffffff-2023-03,3
84c3505ffffffff-2023-05,4
84c3505ffffffff-2023-07,2
84c3505ffffffff-2023-08,4
84c3505ffffffff-2023-09,2
84c3505ffffffff-2023-10,1
84c3507ffffffff-2022-01,3
84c350dffffffff-2013-11,1
84c350dffffffff-2016-01,3
84c350dffffffff-2016-12,1
84c350dffffffff-2017-10,1
84c350dffffffff-2018-10,1
84c350dffffffff-2018-11,1
84c350dffffffff-2019-11,2
84c350dffffffff-2019-12,1
84c350dffffffff-2021-12,1
84c350dffffffff-2022-01,1
84c350dffffffff-2022-09,12
84c350dffffffff-2022-10,3
84c350dffffffff-2022-11,2
84c350dffffffff-2023-09,4
84c350dffffffff-2023-10,2
84c350dffffffff-2023-11,9
84c3513ffffffff-2020-11,1
84c3513ffffffff-2021-02,1
84c3513ffffffff-2021-03,1
84c3513ffffffff-2022-02,1
84c3513ffffffff-2022-03,1
84c3517ffffffff-2016-11,2
84c3517ffffffff-2017-01,1
84c3517ffffffff-2022-01,1
84c3519ffffffff-2018-02,1
84c3519ffffffff-2019-01,1
84c3519ffffffff-2019-03,1
84c3519ffffffff-2019-06,1
84c3519ffffffff-2019-12,2
84c3519ffffffff-2020-12,9
84c3519ffffffff-2021-02,1
84c3519ffffffff-2021-03,2
84c3519ffffffff-2022-02,2
84c3519ffffffff-2022-03,2
84c3519ffffffff-2022-10,1
84c3519ffffffff-2022-12,1
84c3519ffffffff-2023-01,7
84c3519ffffffff-2023-02,5
84c3519ffffffff-2023-03,2
84c3519ffffffff-2023-10,9
84c3519ffffffff-2023-11,1
84c351bffffffff-2019-03,1
84c351bffffffff-2019-06,1
84c351bffffffff-2019-09,1
84c351bffffffff-2019-12,3
84c351bffffffff-2020-02,1
84c351bffffffff-2020-12,4
84c351bffffffff-2021-04,3
84c351bffffffff-2022-02,2
84c351bffffffff-2023-01,2
84c351bffffffff-2023-02,3
84c351bffffffff-2023-10,4
84c351dffffffff-2020-12,1
84c351dffffffff-2022-01,1
84c351dffffffff-2022-04,1
84c3521ffffffff-2018-04,1
84c3521ffffffff-2019-01,1
84c3521ffffffff-2020-11,1
84c3521ffffffff-2021-01,1
84c3521ffffffff-2021-12,1
84c3521ffffffff-2022-01,1
84c3521ffffffff-2022-02,3
84c3521ffffffff-2022-09,22
84c3521ffffffff-2022-10,2
84c3521ffffffff-2022-12,1
84c3521ffffffff-2023-01,1
84c3521ffffffff-2023-02,2
84c3521ffffffff-2023-04,1
84c3521ffffffff-2023-10,1
84c3525ffffffff-2018-01,3
84c3525ffffffff-2019-01,3
84c3525ffffffff-2020-01,1
84c3525ffffffff-2022-01,1
84c3525ffffffff-2023-04,1
84c3529ffffffff-2015-01,1
84c3531ffffffff-2021-01,1
84c3531ffffffff-2022-12,1
84c3531ffffffff-2023-01,1
84c3535ffffffff-2022-09,1
84c3537ffffffff-2020-10,1
84c3537ffffffff-2021-12,1
84c3539ffffffff-2020-12,2
84c3539ffffffff-2023-02,1
84c3539ffffffff-2023-10,1
84c3539ffffffff-2023-11,2
84c353bffffffff-2021-12,1
84c353dffffffff-2020-12,4
84c353dffffffff-2022-01,2
84c353dffffffff-2023-01,1
84c3543ffffffff-2019-12,3
84c3543ffffffff-2020-02,1
84c3543ffffffff-2021-01,1
84c3543ffffffff-2022-02,1
84c3543ffffffff-2022-10,1
84c3543ffffffff-2023-02,1
84c3545ffffffff-2021-01,2
84c3551ffffffff-2018-12,2
84c3551ffffffff-2021-01,1
84c3553ffffffff-2016-01,1
84c3553ffffffff-2018-10,1
84c3553ffffffff-2019-02,1
84c3553ffffffff-2020-10,2
84c3553ffffffff-2021-01,1
84c3553ffffffff-2021-09,1
84c3553ffffffff-2022-04,1
84c3553ffffffff-2022-07,1
84c3553ffffffff-2022-08,1
84c3553ffffffff-2022-11,4
84c3553ffffffff-2022-12,1
84c3553ffffffff-2023-04,3
84c3553ffffffff-2023-08,2
84c3553ffffffff-2023-10,6
84c3557ffffffff-2019-03,1
84c3557ffffffff-2019-06,1
84c3557ffffffff-2019-12,3
84c3557ffffffff-2020-01,1
84c3557ffffffff-2020-12,2
84c3557ffffffff-2021-01,1
84c3557ffffffff-2022-11,1
84c3557ffffffff-2023-01,1
84c3557ffffffff-2023-10,3
84c355bffffffff-2016-12,2
84c3563ffffffff-2014-03,4
84c3563ffffffff-2015-03,2
84c3563ffffffff-2015-04,1
84c3563ffffffff-2015-07,1
84c3563ffffffff-2016-02,1
84c3563ffffffff-2016-03,1
84c3563ffffffff-2017-04,3
84c3563ffffffff-2018-02,2
84c3563ffffffff-2019-01,2
84c3563ffffffff-2019-03,2
84c3563ffffffff-2019-12,1
84c3563ffffffff-2020-01,1
84c3563ffffffff-2020-11,1
84c3563ffffffff-2020-12,6
84c3563ffffffff-2021-03,1
84c3563ffffffff-2021-12,3
84c3563ffffffff-2022-02,1
84c3563ffffffff-2023-01,2
84c3563ffffffff-2023-04,4
84c3563ffffffff-2023-07,4
84c3563ffffffff-2023-09,4
84c3563ffffffff-2023-11,1
84c3567ffffffff-2020-12,2
84c3569ffffffff-2014-03,1
84c3569ffffffff-2014-12,5
84c3569ffffffff-2015-03,1
84c3569ffffffff-2015-04,1
84c3569ffffffff-2015-09,1
84c3569ffffffff-2015-11,1
84c3569ffffffff-2015-12,4
84c3569ffffffff-2016-01,6
84c3569ffffffff-2016-02,3
84c3569ffffffff-2016-04,1
84c3569ffffffff-2016-11,1
84c3569ffffffff-2016-12,1
84c3569ffffffff-2017-01,3
84c3569ffffffff-2019-01,1
84c3569ffffffff-2019-02,2
84c3569ffffffff-2019-11,3
84c3569ffffffff-2019-12,1
84c3569ffffffff-2020-02,1
84c3569ffffffff-2020-03,1
84c3569ffffffff-2020-09,1
84c3569ffffffff-2020-10,1
84c3569ffffffff-2020-12,5
84c3569ffffffff-2021-01,2
84c3569ffffffff-2021-09,1
84c3569ffffffff-2021-12,2
84c3569ffffffff-2023-02,3
84c3569ffffffff-2023-10,1
84c356bffffffff-2021-12,3
84c356bffffffff-2022-11,1
84c356dffffffff-2018-03,1
84c356dffffffff-2018-11,2
84c356dffffffff-2019-02,1
84c356dffffffff-2019-12,1
84c356dffffffff-2020-03,1
84c356dffffffff-2020-10,5
84c356dffffffff-2020-11,1
84c356dffffffff-2021-01,1
84c356dffffffff-2021-10,2
84c356dffffffff-2023-01,1
84c3585ffffffff-2021-01,1
84c3591ffffffff-2022-10,1
84c3595ffffffff-2016-11,2
84c3595ffffffff-2022-09,1
84c3595ffffffff-2022-12,1
84c3595ffffffff-2023-01,1
84c3597ffffffff-2020-01,1
84c3597ffffffff-2020-12,1
84c359dffffffff-2020-02,5
84c359dffffffff-2022-10,1
84c359dffffffff-2023-11,1
84c35a9ffffffff-2023-11,1
84c35adffffffff-2021-12,2
84c35b3ffffffff-2023-02,2
84c35b7ffffffff-2019-02,2
84c35bbffffffff-2018-12,1
84c35bdffffffff-2021-12,1
84c35bdffffffff-2022-01,1
84c35bdffffffff-2023-10,1
84c35c1ffffffff-2016-10,1
84c35c3ffffffff-2021-01,1
84c35c5ffffffff-2018-09,1
84c35c5ffffffff-2022-12,1
84c35c5ffffffff-2023-01,1
84c35c5ffffffff-2023-07,1
84c35cbffffffff-2023-03,1
84c35cdffffffff-2020-12,1
84c35cdffffffff-2023-02,1
84c35cdffffffff-2023-09,8
84c35cdffffffff-2023-10,1
84c35d1ffffffff-2020-02,5
84c35d1ffffffff-2021-01,1
84c35d1ffffffff-2022-01,1
84c35d1ffffffff-2022-04,3
84c35d1ffffffff-2022-12,1
84c35d3ffffffff-2021-01,1
84c35d3ffffffff-2022-06,1
84c35d7ffffffff-2014-11,1
84c35d7ffffffff-2015-12,1
84c35d7ffffffff-2019-10,1
84c35d7ffffffff-2020-02,20
84c35d9ffffffff-2018-07,1
84c35d9ffffffff-2022-10,1
84c35dbffffffff-2021-01,1
84c35ddffffffff-2015-11,1
84c3603ffffffff-2021-12,4
84c3603ffffffff-2023-01,2
84c3623ffffffff-2020-02,5
84c3623ffffffff-2023-01,1
84c3623ffffffff-2023-02,1
84c3647ffffffff-2022-10,3
84c364dffffffff-2013-10,2
84c364dffffffff-2020-10,2
84c364dffffffff-2020-11,1
84c364dffffffff-2021-01,2
84c364dffffffff-2021-10,1
84c3663ffffffff-2014-03,1
84c3663ffffffff-2022-01,1
84c3687ffffffff-2022-02,2
84c36a3ffffffff-2020-02,1
84c36b1ffffffff-2023-03,1
84c36b5ffffffff-2018-07,2
84c36b5ffffffff-2018-11,1
84c36c1ffffffff-2023-04,3
84c36d9ffffffff-2023-02,2
84c36ddffffffff-2014-03,1
84c36ddffffffff-2020-01,1
84c36ddffffffff-2020-10,1
84c36ddffffffff-2020-12,2
84c36ddffffffff-2023-02,3
84c36e9ffffffff-2019-02,2
84c3709ffffffff-2020-02,1
84c3709ffffffff-2022-04,1
84c3709ffffffff-2023-10,1
84c371dffffffff-2022-11,3
84c3735ffffffff-2022-09,1
84c3735ffffffff-2023-07,1
84c3739ffffffff-2018-09,10
84c3739ffffffff-2020-01,1
84c3739ffffffff-2023-06,1
84c373dffffffff-2020-01,1
84c3755ffffffff-2022-12,3
84c3755ffffffff-2023-04,2
84c375bffffffff-2018-04,1
84c3767ffffffff-2021-12,6
84c3767ffffffff-2022-10,2
84c376dffffffff-2015-01,2
84c376dffffffff-2015-09,2
84c376dffffffff-2015-10,1
84c376dffffffff-2015-11,1
84c376dffffffff-2015-12,2
84c376dffffffff-2016-01,3
84c376dffffffff-2016-10,1
84c376dffffffff-2016-11,1
84c376dffffffff-2017-02,1
84c376dffffffff-2017-03,1
84c376dffffffff-2017-10,3
84c376dffffffff-2017-12,2
84c376dffffffff-2018-01,1
84c376dffffffff-2018-02,1
84c376dffffffff-2018-03,2
84c376dffffffff-2018-10,2
84c376dffffffff-2018-11,2
84c376dffffffff-2018-12,2
84c376dffffffff-2019-01,3
84c376dffffffff-2019-10,2
84c376dffffffff-2019-11,3
84c376dffffffff-2020-01,1
84c376dffffffff-2020-02,2
84c376dffffffff-2021-01,1
84c376dffffffff-2021-03,1
84c376dffffffff-2021-10,10
84c376dffffffff-2021-11,3
84c376dffffffff-2021-12,8
84c376dffffffff-2022-01,1
84c376dffffffff-2022-02,3
84c376dffffffff-2022-03,1
84c376dffffffff-2022-05,8
84c376dffffffff-2022-10,4
84c376dffffffff-2022-11,2
84c376dffffffff-2022-12,3
84c376dffffffff-2023-01,1
84c376dffffffff-2023-03,6
84c376dffffffff-2023-09,1
84c376dffffffff-2023-10,9
84c376dffffffff-2023-11,5
84ce123ffffffff-2012-09,1
84ce127ffffffff-2016-01,1
84ce127ffffffff-2022-06,3
84ce127ffffffff-2022-09,1
84ce127ffffffff-2023-01,3
84ce127ffffffff-2023-02,7
84ce127ffffffff-2023-08,1
84ce127ffffffff-2023-09,2
84ce803ffffffff-2023-05,1
84ce807ffffffff-2023-04,1
84ce809ffffffff-2014-01,1
84ce809ffffffff-2015-11,1
84ce809ffffffff-2019-10,1
84ce809ffffffff-2019-12,2
84ce809ffffffff-2020-10,8
84ce809ffffffff-2021-01,5
84ce809ffffffff-2021-11,1
84ce809ffffffff-2023-02,2
84ce809ffffffff-2023-04,1
84ce809ffffffff-2023-11,1
84ce80bffffffff-2020-09,1
84ce80bffffffff-2020-10,3
84ce80bffffffff-2022-02,1
84ce80bffffffff-2023-10,2
84ce80bffffffff-2023-11,7
84ce80dffffffff-2022-09,4
84ce80dffffffff-2022-10,1
84ce80dffffffff-2022-11,4
84ce80dffffffff-2022-12,8
84ce80dffffffff-2023-10,7
84ce819ffffffff-2023-03,1
84ce81bffffffff-2023-10,2
84ce823ffffffff-2022-01,1
84ce827ffffffff-2021-04,2
84ce827ffffffff-2022-09,1
84ce827ffffffff-2023-10,1
84ce831ffffffff-2019-12,2
84ce831ffffffff-2020-01,1
84ce831ffffffff-2020-03,4
84ce831ffffffff-2020-10,2
84ce831ffffffff-2020-12,4
84ce831ffffffff-2021-01,1
84ce831ffffffff-2021-03,2
84ce831ffffffff-2022-10,1
84ce831ffffffff-2023-01,1
84ce831ffffffff-2023-02,2
84ce831ffffffff-2023-09,1
84ce831ffffffff-2023-10,1
84ce839ffffffff-2015-01,1
84ce839ffffffff-2018-02,2
84ce839ffffffff-2019-02,2
84ce839ffffffff-2019-12,1
84ce839ffffffff-2020-01,2
84ce839ffffffff-2020-03,2
84ce839ffffffff-2020-10,2
84ce839ffffffff-2021-02,2
84ce839ffffffff-2021-03,1
84ce839ffffffff-2022-01,7
84ce839ffffffff-2022-02,11
84ce839ffffffff-2022-03,5
84ce839ffffffff-2022-10,6
84ce839ffffffff-2022-12,2
84ce839ffffffff-2023-01,14
84ce839ffffffff-2023-02,14
84ce839ffffffff-2023-03,11
84ce839ffffffff-2023-04,5
84ce839ffffffff-2023-10,4
84ce839ffffffff-2023-11,7
84ce83dffffffff-2020-02,2
84ce83dffffffff-2021-03,2
84ce83dffffffff-2022-09,1
84ce83dffffffff-2023-01,2
84ce83dffffffff-2023-10,2
84ce847ffffffff-2022-02,1
84ce847ffffffff-2022-12,6
84ce847ffffffff-2023-04,1
84ce855ffffffff-2018-10,1
84ce857ffffffff-2019-12,1
84ce881ffffffff-2012-02,13
84ce881ffffffff-2012-03,2
84ce881ffffffff-2013-02,9
84ce881ffffffff-2013-03,1
84ce881ffffffff-2013-07,5
84ce881ffffffff-2013-12,1
84ce881ffffffff-2014-02,8
84ce881ffffffff-2014-04,1
84ce881ffffffff-2015-02,5
84ce881ffffffff-2016-02,5
84ce881ffffffff-2017-11,1
84ce881ffffffff-2017-12,1
84ce881ffffffff-2018-01,1
84ce881ffffffff-2018-02,13
84ce881ffffffff-2018-09,4
84ce881ffffffff-2019-01,1
84ce881ffffffff-2019-10,5
84ce881ffffffff-2019-11,1
84ce881ffffffff-2020-02,2
84ce881ffffffff-2020-03,1
84ce881ffffffff-2020-10,3
84ce881ffffffff-2020-12,3
84ce881ffffffff-2021-01,2
84ce881ffffffff-2021-02,3
84ce881ffffffff-2021-03,3
84ce881ffffffff-2021-10,16
84ce881ffffffff-2021-12,1
84ce881ffffffff-2022-02,3
84ce881ffffffff-2022-03,8
84ce881ffffffff-2022-04,5
84ce881ffffffff-2022-10,10
84ce881ffffffff-2022-11,3
84ce881ffffffff-2023-01,5
84ce881ffffffff-2023-02,37
84ce881ffffffff-2023-03,11
84ce881ffffffff-2023-04,6
84ce881ffffffff-2023-05,3
84ce881ffffffff-2023-06,1
84ce881ffffffff-2023-10,17
84ce881ffffffff-2023-11,7
84ce885ffffffff-2013-03,1
84ce885ffffffff-2022-01,1
84ce885ffffffff-2022-10,2
84ce885ffffffff-2022-11,1
84ce885ffffffff-2023-02,1
84ce887ffffffff-2012-02,4
84ce887ffffffff-2021-03,1
84ce887ffffffff-2021-10,1
84ce887ffffffff-2021-12,8
84ce887ffffffff-2022-01,4
84ce887ffffffff-2022-11,1
84ce887ffffffff-2023-01,1
84ce887ffffffff-2023-02,16
84ce887ffffffff-2023-03,3
84ce887ffffffff-2023-09,2
84ce887ffffffff-2023-10,2
84ce887ffffffff-2023-11,5
84ce88dffffffff-2021-10,1
84ce88dffffffff-2022-01,1
84ce88dffffffff-2022-10,5
84ce88dffffffff-2022-11,3
84ce88dffffffff-2023-03,1
84ce88dffffffff-2023-09,2
84ce88dffffffff-2023-10,3
84ce88dffffffff-2023-11,13
84ce8a1ffffffff-2018-02,2
84ce8a3ffffffff-2020-10,3
84ce8a3ffffffff-2020-11,1
84ce8a3ffffffff-2020-12,1
84ce8a3ffffffff-2021-01,1
84ce8a3ffffffff-2021-03,3
84ce8a3ffffffff-2021-10,5
84ce8a3ffffffff-2021-11,2
84ce8a3ffffffff-2021-12,3
84ce8a3ffffffff-2022-04,1
84ce8a9ffffffff-2020-01,1
84ce8a9ffffffff-2020-06,1
84ce8a9ffffffff-2021-01,1
84ce8a9ffffffff-2021-12,1
84ce8a9ffffffff-2022-01,1
84ce8a9ffffffff-2022-02,2
84ce8a9ffffffff-2022-03,7
84ce8a9ffffffff-2022-04,1
84ce8a9ffffffff-2022-09,3
84ce8a9ffffffff-2022-10,3
84ce8a9ffffffff-2022-11,5
84ce8a9ffffffff-2022-12,11
84ce8a9ffffffff-2023-01,11
84ce8a9ffffffff-2023-02,7
84ce8a9ffffffff-2023-07,1
84ce8a9ffffffff-2023-11,11
84ce8abffffffff-2022-11,1
84ce8b7ffffffff-2023-02,1
84ce8b9ffffffff-2018-02,1
84ce8b9ffffffff-2021-09,1
84ce8b9ffffffff-2023-02,2
84ce8b9ffffffff-2023-10,1
84ce8bdffffffff-2021-01,1
84ce8c1ffffffff-2012-03,1
84ce8c1ffffffff-2013-12,1
84ce8c1ffffffff-2014-04,1
84ce8c1ffffffff-2018-02,9
84ce8c1ffffffff-2018-03,1
84ce8c1ffffffff-2018-12,1
84ce8c1ffffffff-2019-08,3
84ce8c1ffffffff-2020-03,4
84ce8c1ffffffff-2020-10,2
84ce8c1ffffffff-2020-12,1
84ce8c1ffffffff-2021-01,3
84ce8c1ffffffff-2021-02,12
84ce8c1ffffffff-2021-03,9
84ce8c1ffffffff-2021-04,1
84ce8c1ffffffff-2021-10,9
84ce8c1ffffffff-2021-11,3
84ce8c1ffffffff-2022-01,1
84ce8c1ffffffff-2022-02,10
84ce8c1ffffffff-2022-03,2
84ce8c1ffffffff-2022-06,1
84ce8c1ffffffff-2022-08,1
84ce8c1ffffffff-2022-09,1
84ce8c1ffffffff-2022-10,3
84ce8c1ffffffff-2022-11,9
84ce8c1ffffffff-2022-12,3
84ce8c1ffffffff-2023-01,6
84ce8c1ffffffff-2023-02,7
84ce8c1ffffffff-2023-03,8
84ce8c1ffffffff-2023-04,6
84ce8c1ffffffff-2023-05,2
84ce8c1ffffffff-2023-09,4
84ce8c1ffffffff-2023-10,10
84ce8c1ffffffff-2023-11,3
84ce8c3ffffffff-2023-08,1
84ce8c5ffffffff-2019-11,1
84ce8c5ffffffff-2020-12,2
84ce8c5ffffffff-2021-02,1
84ce8c5ffffffff-2022-01,1
84ce8c5ffffffff-2022-02,3
84ce8c5ffffffff-2022-03,2
84ce8c5ffffffff-2022-12,1
84ce8c5ffffffff-2023-02,3
84ce8c5ffffffff-2023-03,1
84ce8c7ffffffff-2012-01,1
84ce8c7ffffffff-2014-11,5
84ce8c7ffffffff-2015-02,3
84ce8c7ffffffff-2015-11,3
84ce8c7ffffffff-2016-07,2
84ce8c7ffffffff-2017-02,7
84ce8c7ffffffff-2017-11,1
84ce8c7ffffffff-2018-04,1
84ce8c7ffffffff-2018-05,8
84ce8c7ffffffff-2019-01,2
84ce8c7ffffffff-2019-10,5
84ce8c7ffffffff-2019-12,1
84ce8c7ffffffff-2020-02,7
84ce8c7ffffffff-2020-03,7
84ce8c7ffffffff-2020-12,2
84ce8c7ffffffff-2021-01,8
84ce8c7ffffffff-2021-02,9
84ce8c7ffffffff-2021-05,5
84ce8c7ffffffff-2021-07,6
84ce8c7ffffffff-2021-10,10
84ce8c7ffffffff-2022-01,3
84ce8c7ffffffff-2022-02,24
84ce8c7ffffffff-2022-03,4
84ce8c7ffffffff-2022-08,3
84ce8c7ffffffff-2022-10,7
84ce8c7ffffffff-2022-11,6
84ce8c7ffffffff-2023-01,4
84ce8c7ffffffff-2023-02,29
84ce8c7ffffffff-2023-04,3
84ce8c7ffffffff-2023-05,2
84ce8c7ffffffff-2023-07,5
84ce8c7ffffffff-2023-09,3
84ce8c7ffffffff-2023-10,14
84ce8c7ffffffff-2023-11,4
84ce8c9ffffffff-2017-02,1
84ce8c9ffffffff-2020-11,4
84ce8c9ffffffff-2020-12,2
84ce8c9ffffffff-2022-05,4
84ce8c9ffffffff-2022-10,16
84ce8c9ffffffff-2022-11,2
84ce8c9ffffffff-2022-12,2
84ce8c9ffffffff-2023-05,5
84ce8c9ffffffff-2023-09,6
84ce8c9ffffffff-2023-10,12
84ce8cbffffffff-2014-02,5
84ce8cbffffffff-2014-12,1
84ce8cbffffffff-2016-02,2
84ce8cbffffffff-2020-03,4
84ce8cbffffffff-2022-10,1
84ce8cbffffffff-2022-11,2
84ce8cbffffffff-2023-01,1
84ce8cbffffffff-2023-02,6
84ce8cbffffffff-2023-03,8
84ce8cdffffffff-2023-02,1
84ce8cdffffffff-2023-11,1
84ce8e1ffffffff-2012-02,1
84ce8e1ffffffff-2014-02,2
84ce8e1ffffffff-2014-03,2
84ce8e1ffffffff-2014-12,2
84ce8e1ffffffff-2015-02,1
84ce8e1ffffffff-2017-12,1
84ce8e1ffffffff-2018-02,5
84ce8e1ffffffff-2018-03,3
84ce8e1ffffffff-2018-10,2
84ce8e1ffffffff-2018-12,4
84ce8e1ffffffff-2019-12,1
84ce8e1ffffffff-2020-01,6
84ce8e1ffffffff-2020-02,8
84ce8e1ffffffff-2020-03,3
84ce8e1ffffffff-2020-11,11
84ce8e1ffffffff-2020-12,41
84ce8e1ffffffff-2021-01,47
84ce8e1ffffffff-2021-02,28
84ce8e1ffffffff-2021-03,14
84ce8e1ffffffff-2021-04,6
84ce8e1ffffffff-2021-05,1
84ce8e1ffffffff-2021-07,2
84ce8e1ffffffff-2021-09,1
84ce8e1ffffffff-2021-12,9
84ce8e1ffffffff-2022-01,10
84ce8e1ffffffff-2022-02,7
84ce8e1ffffffff-2022-03,10
84ce8e1ffffffff-2022-05,4
84ce8e1ffffffff-2022-06,4
84ce8e1ffffffff-2022-07,1
84ce8e1ffffffff-2022-10,1
84ce8e1ffffffff-2022-11,7
84ce8e1ffffffff-2022-12,3
84ce8e1ffffffff-2023-01,7
84ce8e1ffffffff-2023-02,7
84ce8e1ffffffff-2023-03,5
84ce8e1ffffffff-2023-04,9
84ce8e1ffffffff-2023-05,2
84ce8e1ffffffff-2023-10,8
84ce8e1ffffffff-2023-11,7
84ce8e3ffffffff-2021-02,2
84ce8e3ffffffff-2023-02,1
84ce8e5ffffffff-2013-02,1
84ce8e9ffffffff-2023-04,1
84ce8ebffffffff-2023-10,1
84ce913ffffffff-2020-01,4
84ce913ffffffff-2022-03,1
84ce913ffffffff-2022-12,1
84ce91bffffffff-2022-01,1
84ce923ffffffff-2022-03,1
84ce923ffffffff-2023-09,1
84ce923ffffffff-2023-10,1
84ce931ffffffff-2012-02,1
84ce931ffffffff-2013-02,1
84ce931ffffffff-2016-03,1
84ce931ffffffff-2019-10,1
84ce931ffffffff-2020-09,2
84ce931ffffffff-2021-01,7
84ce931ffffffff-2021-02,1
84ce931ffffffff-2022-10,4
84ce931ffffffff-2022-11,5
84ce931ffffffff-2023-01,3
84ce931ffffffff-2023-04,1
84ce931ffffffff-2023-09,3
84ce931ffffffff-2023-10,20
84ce931ffffffff-2023-11,1
84ce935ffffffff-2014-01,2
84ce935ffffffff-2015-03,1
84ce935ffffffff-2020-10,4
84ce935ffffffff-2021-03,1
84ce935ffffffff-2022-11,1
84ce935ffffffff-2023-10,9
84ce937ffffffff-2017-03,1
84ce937ffffffff-2018-12,1
84ce937ffffffff-2019-01,1
84ce937ffffffff-2019-02,1
84ce937ffffffff-2020-02,2
84ce937ffffffff-2020-10,1
84ce937ffffffff-2020-11,2
84ce937ffffffff-2021-01,2
84ce937ffffffff-2021-03,1
84ce937ffffffff-2022-10,2
84ce937ffffffff-2023-01,1
84ce95dffffffff-2023-02,3
84ce961ffffffff-2021-12,2
84ce983ffffffff-2017-03,1
84ce983ffffffff-2019-01,7
84ce983ffffffff-2020-03,1
84ce983ffffffff-2020-10,10
84ce983ffffffff-2020-11,5
84ce983ffffffff-2020-12,3
84ce983ffffffff-2021-01,1
84ce983ffffffff-2021-03,1
84ce983ffffffff-2021-08,1
84ce983ffffffff-2021-09,1
84ce983ffffffff-2021-11,1
84ce983ffffffff-2021-12,2
84ce983ffffffff-2022-03,1
84ce983ffffffff-2022-12,3
84ce983ffffffff-2023-02,2
84ce983ffffffff-2023-03,1
84ce983ffffffff-2023-10,1
84ce989ffffffff-2015-09,1
84ce989ffffffff-2016-11,1
84ce989ffffffff-2017-08,1
84ce989ffffffff-2018-02,1
84ce989ffffffff-2018-04,2
84ce989ffffffff-2018-09,1
84ce989ffffffff-2018-10,6
84ce989ffffffff-2019-11,1
84ce989ffffffff-2019-12,1
84ce989ffffffff-2020-02,4
84ce989ffffffff-2020-04,1
84ce989ffffffff-2020-10,6
84ce989ffffffff-2020-11,2
84ce989ffffffff-2020-12,1
84ce989ffffffff-2021-01,2
84ce989ffffffff-2021-02,6
84ce989ffffffff-2021-03,2
84ce989ffffffff-2021-04,1
84ce989ffffffff-2021-05,1
84ce989ffffffff-2021-10,2
84ce989ffffffff-2022-01,1
84ce989ffffffff-2022-03,2
84ce989ffffffff-2022-12,1
84ce989ffffffff-2023-01,5
84ce989ffffffff-2023-09,1
84ce989ffffffff-2023-10,1
84ce98dffffffff-2020-05,2
84ce98dffffffff-2021-01,1
84ce98dffffffff-2021-02,5
84ce98dffffffff-2021-03,2
84ce98dffffffff-2021-04,2
84ce98dffffffff-2021-05,3
84ce98dffffffff-2022-02,1
84ce98dffffffff-2022-10,1
84ce98dffffffff-2022-11,1
84ce98dffffffff-2023-11,2
84ce995ffffffff-2021-02,2
84ce995ffffffff-2023-03,1
84ce9b3ffffffff-2021-02,12
84ce9b3ffffffff-2022-04,1
84ce9b5ffffffff-2012-04,1
84ce9b5ffffffff-2016-01,1
84ce9b5ffffffff-2017-11,2
84ce9b5ffffffff-2018-02,1
84ce9b5ffffffff-2018-12,1
84ce9b5ffffffff-2021-01,1
84ce9b5ffffffff-2022-01,5
84ce9b5ffffffff-2022-12,1
84ce9b9ffffffff-2023-02,1
84ce9b9ffffffff-2023-03,1
84ce9c3ffffffff-2019-02,2
84ce9c3ffffffff-2021-01,1
84ce9c3ffffffff-2021-10,3
84ce9c3ffffffff-2022-04,1
84ce9c3ffffffff-2022-11,2
84ce9c3ffffffff-2022-12,1
84ce9c7ffffffff-2013-11,1
84ce9c7ffffffff-2016-10,1
84ce9c7ffffffff-2018-04,2
84ce9c7ffffffff-2019-02,5
84ce9c7ffffffff-2019-09,6
84ce9c7ffffffff-2019-11,1
84ce9c7ffffffff-2020-01,2
84ce9c7ffffffff-2020-02,1
84ce9c7ffffffff-2020-10,1
84ce9c7ffffffff-2021-09,3
84ce9c7ffffffff-2021-10,2
84ce9c7ffffffff-2022-09,1
84ce9c7ffffffff-2023-01,7
84ce9c7ffffffff-2023-02,1
84ce9c7ffffffff-2023-03,11
84ce9c7ffffffff-2023-04,1
84ce9c7ffffffff-2023-11,10
84ce9cdffffffff-2022-11,1
84ce9d3ffffffff-2021-10,1
84ce9d3ffffffff-2022-02,2
84ce9d7ffffffff-2018-09,1
84ce9d7ffffffff-2021-01,1
84ce9d7ffffffff-2021-02,1
84ce9d7ffffffff-2022-11,2
84ce9dbffffffff-2023-04,1
84ce9ddffffffff-2021-01,1
84ce9e3ffffffff-2018-10,2
84ce9e3ffffffff-2018-11,2
84ce9e3ffffffff-2019-09,2
84ce9e3ffffffff-2020-10,1
84ce9e3ffffffff-2021-01,1
84ce9e3ffffffff-2022-10,1
84ce9e3ffffffff-2023-02,1
84ce9e3ffffffff-2023-09,1
84ce9e3ffffffff-2023-10,1
84cea03ffffffff-2023-03,1
84cea05ffffffff-2013-12,2
84cea05ffffffff-2020-01,1
84cea05ffffffff-2021-02,1
84cea05ffffffff-2022-01,1
84cea07ffffffff-2013-09,1
84cea07ffffffff-2015-11,1
84cea07ffffffff-2019-12,1
84cea07ffffffff-2021-09,4
84cea07ffffffff-2021-10,3
84cea07ffffffff-2021-11,2
84cea07ffffffff-2021-12,2
84cea07ffffffff-2022-01,1
84cea07ffffffff-2022-02,2
84cea07ffffffff-2022-03,1
84cea07ffffffff-2022-04,1
84cea07ffffffff-2022-09,1
84cea07ffffffff-2022-10,6
84cea07ffffffff-2022-11,3
84cea07ffffffff-2022-12,1
84cea07ffffffff-2023-01,2
84cea07ffffffff-2023-10,3
84cea0bffffffff-2020-10,1
84cea11ffffffff-2020-03,1
84cea11ffffffff-2021-02,1
84cea11ffffffff-2022-10,2
84cea11ffffffff-2023-03,1
84cea13ffffffff-2022-11,1
84cea17ffffffff-2020-02,1
84cea17ffffffff-2021-03,1
84cea17ffffffff-2021-12,3
84cea17ffffffff-2022-01,3
84cea17ffffffff-2022-03,1
84cea17ffffffff-2022-08,1
84cea17ffffffff-2022-10,5
84cea17ffffffff-2022-11,2
84cea17ffffffff-2022-12,4
84cea17ffffffff-2023-01,9
84cea17ffffffff-2023-02,4
84cea17ffffffff-2023-03,2
84cea17ffffffff-2023-05,3
84cea17ffffffff-2023-10,2
84cea2bffffffff-2014-02,1
84cea2bffffffff-2015-02,1
84cea2bffffffff-2015-11,1
84cea2bffffffff-2016-02,4
84cea2bffffffff-2018-02,1
84cea2bffffffff-2022-10,2
84cea31ffffffff-2023-02,3
84cea31ffffffff-2023-04,1
84cea3dffffffff-2012-12,1
84cea3dffffffff-2017-03,1
84cea3dffffffff-2019-02,2
84cea3dffffffff-2021-03,2
84cea3dffffffff-2021-12,1
84cea3dffffffff-2022-01,1
84cea3dffffffff-2022-02,7
84cea3dffffffff-2022-03,2
84cea3dffffffff-2022-04,1
84cea3dffffffff-2023-01,14
84cea3dffffffff-2023-02,3
84cea3dffffffff-2023-03,2
84cea3dffffffff-2023-11,1
84cea6bffffffff-2020-01,1
84cea85ffffffff-2012-02,2
84cea85ffffffff-2014-04,2
84cea85ffffffff-2014-12,1
84cea85ffffffff-2015-01,4
84cea85ffffffff-2015-02,1
84cea85ffffffff-2015-12,1
84cea85ffffffff-2016-01,1
84cea85ffffffff-2016-02,1
84cea85ffffffff-2016-03,1
84cea85ffffffff-2016-04,3
84cea85ffffffff-2016-11,2
84cea85ffffffff-2016-12,1
84cea85ffffffff-2017-02,1
84cea85ffffffff-2017-03,3
84cea85ffffffff-2017-09,4
84cea85ffffffff-2017-10,1
84cea85ffffffff-2018-01,5
84cea85ffffffff-2018-02,3
84cea85ffffffff-2018-03,2
84cea85ffffffff-2018-10,2
84cea85ffffffff-2018-11,1
84cea85ffffffff-2019-01,3
84cea85ffffffff-2019-02,3
84cea85ffffffff-2019-03,3
84cea85ffffffff-2019-06,2
84cea85ffffffff-2019-10,8
84cea85ffffffff-2019-11,1
84cea85ffffffff-2019-12,8
84cea85ffffffff-2020-01,4
84cea85ffffffff-2020-02,5
84cea85ffffffff-2020-03,1
84cea85ffffffff-2020-04,1
84cea85ffffffff-2020-09,2
84cea85ffffffff-2020-10,6
84cea85ffffffff-2020-12,1
84cea85ffffffff-2021-01,1
84cea85ffffffff-2021-03,4
84cea85ffffffff-2021-05,3
84cea85ffffffff-2021-06,2
84cea85ffffffff-2021-09,5
84cea85ffffffff-2021-10,17
84cea85ffffffff-2021-11,6
84cea85ffffffff-2021-12,1
84cea85ffffffff-2022-01,14
84cea85ffffffff-2022-02,16
84cea85ffffffff-2022-03,25
84cea85ffffffff-2022-04,11
84cea85ffffffff-2022-05,3
84cea85ffffffff-2022-06,3
84cea85ffffffff-2022-10,23
84cea85ffffffff-2022-11,64
84cea85ffffffff-2022-12,25
84cea85ffffffff-2023-01,42
84cea85ffffffff-2023-02,34
84cea85ffffffff-2023-03,18
84cea85ffffffff-2023-04,37
84cea85ffffffff-2023-05,5
84cea85ffffffff-2023-07,3
84cea85ffffffff-2023-09,2
84cea85ffffffff-2023-10,31
84cea85ffffffff-2023-11,13
84cea89ffffffff-2013-10,4
84cea89ffffffff-2014-01,1
84cea89ffffffff-2017-10,2
84cea89ffffffff-2019-10,2
84cea89ffffffff-2020-03,1
84cea89ffffffff-2023-01,1
84cea89ffffffff-2023-11,1
84cea8dffffffff-2012-01,6
84cea8dffffffff-2012-02,1
84cea8dffffffff-2012-03,1
84cea8dffffffff-2013-10,4
84cea8dffffffff-2013-11,4
84cea8dffffffff-2013-12,1
84cea8dffffffff-2014-01,1
84cea8dffffffff-2014-04,1
84cea8dffffffff-2014-11,1
84cea8dffffffff-2014-12,4
84cea8dffffffff-2015-01,5
84cea8dffffffff-2015-02,3
84cea8dffffffff-2015-03,1
84cea8dffffffff-2015-04,2
84cea8dffffffff-2016-01,16
84cea8dffffffff-2016-02,14
84cea8dffffffff-2016-03,1
84cea8dffffffff-2016-10,1
84cea8dffffffff-2016-11,2
84cea8dffffffff-2016-12,2
84cea8dffffffff-2017-01,2
84cea8dffffffff-2017-02,3
84cea8dffffffff-2017-10,2
84cea8dffffffff-2017-11,4
84cea8dffffffff-2017-12,5
84cea8dffffffff-2018-01,7
84cea8dffffffff-2018-02,4
84cea8dffffffff-2018-03,6
84cea8dffffffff-2018-05,3
84cea8dffffffff-2018-07,1
84cea8dffffffff-2018-10,4
84cea8dffffffff-2018-11,5
84cea8dffffffff-2018-12,1
84cea8dffffffff-2019-01,9
84cea8dffffffff-2019-02,6
84cea8dffffffff-2019-03,13
84cea8dffffffff-2019-04,1
84cea8dffffffff-2019-09,3
84cea8dffffffff-2019-10,5
84cea8dffffffff-2019-12,2
84cea8dffffffff-2020-01,14
84cea8dffffffff-2020-02,9
84cea8dffffffff-2020-03,1
84cea8dffffffff-2021-02,4
84cea8dffffffff-2021-03,8
84cea8dffffffff-2021-10,8
84cea8dffffffff-2021-12,2
84cea8dffffffff-2022-01,11
84cea8dffffffff-2022-02,15
84cea8dffffffff-2022-03,7
84cea8dffffffff-2022-05,3
84cea8dffffffff-2022-06,1
84cea8dffffffff-2022-10,17
84cea8dffffffff-2022-11,4
84cea8dffffffff-2022-12,4
84cea8dffffffff-2023-01,32
84cea8dffffffff-2023-02,18
84cea8dffffffff-2023-04,10
84cea8dffffffff-2023-05,5
84cea8dffffffff-2023-07,2
84cea8dffffffff-2023-09,3
84cea8dffffffff-2023-10,18
84cea8dffffffff-2023-11,13
84ceaa1ffffffff-2022-11,2
84ceaa1ffffffff-2023-02,1
84ceaa7ffffffff-2014-05,1
84ceaa7ffffffff-2014-06,1
84ceaa7ffffffff-2016-05,1
84ceaa7ffffffff-2016-07,1
84ceaa7ffffffff-2016-08,1
84ceaa7ffffffff-2016-09,1
84ceaa7ffffffff-2016-10,2
84ceaa7ffffffff-2016-11,1
84ceaa7ffffffff-2016-12,2
84ceaa7ffffffff-2017-01,4
84ceaa7ffffffff-2017-02,3
84ceaa7ffffffff-2017-03,1
84ceaa7ffffffff-2018-01,3
84ceaa7ffffffff-2018-02,1
84ceaa7ffffffff-2018-10,1
84ceaa7ffffffff-2019-01,3
84ceaa7ffffffff-2019-02,1
84ceaa7ffffffff-2019-03,1
84ceaa7ffffffff-2019-08,6
84ceaa7ffffffff-2019-10,18
84ceaa7ffffffff-2020-02,1
84ceaa7ffffffff-2020-03,5
84ceaa7ffffffff-2020-10,3
84ceaa7ffffffff-2020-11,2
84ceaa7ffffffff-2020-12,1
84ceaa7ffffffff-2021-03,1
84ceaa7ffffffff-2021-09,2
84ceaa7ffffffff-2021-12,3
84ceaa7ffffffff-2022-01,4
84ceaa7ffffffff-2022-02,7
84ceaa7ffffffff-2022-03,2
84ceaa7ffffffff-2022-04,2
84ceaa7ffffffff-2022-09,1
84ceaa7ffffffff-2022-10,4
84ceaa7ffffffff-2022-11,5
84ceaa7ffffffff-2022-12,3
84ceaa7ffffffff-2023-01,8
84ceaa7ffffffff-2023-02,9
84ceaa7ffffffff-2023-03,1
84ceaa7ffffffff-2023-04,2
84ceaa7ffffffff-2023-05,4
84ceaa7ffffffff-2023-09,1
84ceaa7ffffffff-2023-10,6
84ceaa7ffffffff-2023-11,5
84ceaa9ffffffff-2012-03,1
84ceaa9ffffffff-2014-02,1
84ceaa9ffffffff-2015-11,1
84ceaa9ffffffff-2017-10,3
84ceaa9ffffffff-2018-02,2
84ceaa9ffffffff-2020-01,2
84ceaa9ffffffff-2020-10,9
84ceaa9ffffffff-2020-11,6
84ceaa9ffffffff-2020-12,6
84ceaa9ffffffff-2021-01,9
84ceaa9ffffffff-2021-02,3
84ceaa9ffffffff-2021-03,10
84ceaa9ffffffff-2021-11,2
84ceaa9ffffffff-2022-01,6
84ceaa9ffffffff-2022-02,24
84ceaa9ffffffff-2022-03,12
84ceaa9ffffffff-2022-04,2
84ceaa9ffffffff-2022-09,5
84ceaa9ffffffff-2022-10,9
84ceaa9ffffffff-2022-11,10
84ceaa9ffffffff-2022-12,6
84ceaa9ffffffff-2023-01,18
84ceaa9ffffffff-2023-02,3
84ceaa9ffffffff-2023-03,8
84ceaa9ffffffff-2023-04,9
84ceaa9ffffffff-2023-05,2
84ceaa9ffffffff-2023-09,5
84ceaa9ffffffff-2023-10,8
84ceaa9ffffffff-2023-11,6
84ceaadffffffff-2022-01,1
84ceaadffffffff-2023-04,2
84ceaadffffffff-2023-09,3
84ceab5ffffffff-2013-12,1
84ceabdffffffff-2023-02,2
84ceac1ffffffff-2012-01,8
84ceac1ffffffff-2015-01,2
84ceac1ffffffff-2015-02,1
84ceac1ffffffff-2015-10,2
84ceac1ffffffff-2015-11,4
84ceac1ffffffff-2016-01,5
84ceac1ffffffff-2016-02,2
84ceac1ffffffff-2016-03,2
84ceac1ffffffff-2016-10,1
84ceac1ffffffff-2016-11,10
84ceac1ffffffff-2017-02,2
84ceac1ffffffff-2017-08,2
84ceac1ffffffff-2017-09,1
84ceac1ffffffff-2017-10,2
84ceac1ffffffff-2017-11,9
84ceac1ffffffff-2017-12,1
84ceac1ffffffff-2018-01,3
84ceac1ffffffff-2018-02,4
84ceac1ffffffff-2018-03,9
84ceac1ffffffff-2018-10,4
84ceac1ffffffff-2018-11,6
84ceac1ffffffff-2018-12,2
84ceac1ffffffff-2019-01,10
84ceac1ffffffff-2019-02,5
84ceac1ffffffff-2019-05,1
84ceac1ffffffff-2020-02,11
84ceac1ffffffff-2020-03,3
84ceac1ffffffff-2020-09,1
84ceac1ffffffff-2020-12,3
84ceac1ffffffff-2021-03,2
84ceac1ffffffff-2021-04,2
84ceac1ffffffff-2021-10,2
84ceac1ffffffff-2021-12,4
84ceac1ffffffff-2022-03,6
84ceac1ffffffff-2022-07,1
84ceac1ffffffff-2022-09,1
84ceac1ffffffff-2022-10,5
84ceac1ffffffff-2022-11,4
84ceac1ffffffff-2022-12,9
84ceac1ffffffff-2023-01,12
84ceac1ffffffff-2023-02,9
84ceac1ffffffff-2023-03,2
84ceac1ffffffff-2023-04,2
84ceac1ffffffff-2023-09,2
84ceac1ffffffff-2023-10,3
84ceac1ffffffff-2023-11,4
84ceac3ffffffff-2022-12,1
84ceac5ffffffff-2012-01,6
84ceac5ffffffff-2013-11,2
84ceac5ffffffff-2014-02,1
84ceac5ffffffff-2014-11,1
84ceac5ffffffff-2015-01,1
84ceac5ffffffff-2015-08,1
84ceac5ffffffff-2015-10,1
84ceac5ffffffff-2015-11,5
84ceac5ffffffff-2016-01,4
84ceac5ffffffff-2016-02,8
84ceac5ffffffff-2017-10,2
84ceac5ffffffff-2017-12,1
84ceac5ffffffff-2018-01,1
84ceac5ffffffff-2018-03,1
84ceac5ffffffff-2018-11,1
84ceac5ffffffff-2019-09,1
84ceac5ffffffff-2019-11,1
84ceac5ffffffff-2020-03,1
84ceac5ffffffff-2020-10,3
84ceac5ffffffff-2021-02,1
84ceac5ffffffff-2021-03,2
84ceac5ffffffff-2022-01,5
84ceac5ffffffff-2022-03,4
84ceac5ffffffff-2022-04,2
84ceac5ffffffff-2022-05,2
84ceac5ffffffff-2022-10,8
84ceac5ffffffff-2022-12,3
84ceac5ffffffff-2023-01,30
84ceac5ffffffff-2023-02,18
84ceac5ffffffff-2023-09,2
84ceac5ffffffff-2023-10,1
84ceac7ffffffff-2016-01,2
84ceac7ffffffff-2016-02,3
84ceac7ffffffff-2016-12,3
84ceac7ffffffff-2017-01,1
84ceac7ffffffff-2017-02,4
84ceac7ffffffff-2017-08,1
84ceac7ffffffff-2017-10,1
84ceac7ffffffff-2018-01,1
84ceac7ffffffff-2018-10,1
84ceac7ffffffff-2018-11,1
84ceac7ffffffff-2019-01,1
84ceac7ffffffff-2019-11,1
84ceac7ffffffff-2019-12,1
84ceac7ffffffff-2020-03,1
84ceac7ffffffff-2020-09,1
84ceac7ffffffff-2021-01,1
84ceac7ffffffff-2021-04,1
84ceac7ffffffff-2021-06,1
84ceac7ffffffff-2021-08,1
84ceac7ffffffff-2021-11,1
84ceac7ffffffff-2022-03,5
84ceac7ffffffff-2022-11,1
84ceac7ffffffff-2022-12,1
84ceac7ffffffff-2023-01,3
84ceac7ffffffff-2023-02,3
84ceac7ffffffff-2023-04,1
84ceac7ffffffff-2023-05,2
84ceac7ffffffff-2023-06,1
84ceac7ffffffff-2023-09,3
84ceac7ffffffff-2023-10,1
84ceacdffffffff-2014-04,1
84ceacdffffffff-2017-05,1
84ceacdffffffff-2018-02,1
84ceacdffffffff-2020-02,1
84ceacdffffffff-2020-03,1
84ceacdffffffff-2020-06,3
84ceacdffffffff-2021-02,1
84ceacdffffffff-2021-07,1
84ceacdffffffff-2022-02,3
84ceacdffffffff-2023-01,9
84ceacdffffffff-2023-02,5
84ceacdffffffff-2023-03,2
84ceacdffffffff-2023-10,2
84ceae1ffffffff-2012-12,2
84ceae1ffffffff-2023-03,2
84ceae3ffffffff-2017-11,1
84ceae3ffffffff-2018-12,2
84ceae3ffffffff-2020-01,10
84ceae3ffffffff-2020-02,46
84ceae3ffffffff-2020-09,1
84ceae3ffffffff-2020-10,8
84ceae3ffffffff-2021-01,3
84ceae3ffffffff-2021-02,1
84ceae3ffffffff-2021-10,8
84ceae3ffffffff-2021-12,1
84ceae3ffffffff-2022-02,5
84ceae3ffffffff-2022-03,7
84ceae3ffffffff-2022-07,5
84ceae3ffffffff-2022-10,9
84ceae3ffffffff-2022-11,3
84ceae3ffffffff-2022-12,1
84ceae3ffffffff-2023-01,26
84ceae3ffffffff-2023-02,4
84ceae3ffffffff-2023-06,2
84ceae3ffffffff-2023-08,2
84ceae3ffffffff-2023-10,8
84ceae3ffffffff-2023-11,2
84ceae5ffffffff-2018-03,1
84ceae5ffffffff-2020-02,8
84ceae5ffffffff-2020-12,2
84ceae5ffffffff-2021-01,1
84ceae5ffffffff-2021-10,6
84ceae5ffffffff-2022-02,2
84ceae5ffffffff-2022-05,1
84ceae5ffffffff-2022-07,2
84ceae5ffffffff-2022-08,1
84ceae5ffffffff-2022-12,1
84ceae5ffffffff-2023-02,6
84ceae5ffffffff-2023-03,1
84ceae5ffffffff-2023-05,2
84ceae5ffffffff-2023-07,1
84ceae5ffffffff-2023-08,3
84ceae5ffffffff-2023-10,6
84ceae7ffffffff-2013-02,1
84ceae7ffffffff-2013-03,1
84ceae7ffffffff-2013-04,2
84ceae7ffffffff-2014-11,1
84ceae7ffffffff-2015-02,1
84ceae7ffffffff-2016-01,2
84ceae7ffffffff-2016-10,1
84ceae7ffffffff-2017-10,2
84ceae7ffffffff-2017-11,2
84ceae7ffffffff-2018-02,6
84ceae7ffffffff-2018-05,2
84ceae7ffffffff-2018-10,4
84ceae7ffffffff-2018-11,2
84ceae7ffffffff-2019-01,2
84ceae7ffffffff-2019-02,1
84ceae7ffffffff-2019-03,4
84ceae7ffffffff-2019-10,3
84ceae7ffffffff-2019-12,2
84ceae7ffffffff-2020-01,3
84ceae7ffffffff-2020-02,45
84ceae7ffffffff-2020-03,1
84ceae7ffffffff-2020-05,2
84ceae7ffffffff-2020-06,1
84ceae7ffffffff-2020-07,1
84ceae7ffffffff-2020-10,4
84ceae7ffffffff-2020-11,1
84ceae7ffffffff-2020-12,8
84ceae7ffffffff-2021-01,10
84ceae7ffffffff-2021-02,14
84ceae7ffffffff-2021-03,15
84ceae7ffffffff-2021-04,1
84ceae7ffffffff-2021-05,1
84ceae7ffffffff-2021-06,1
84ceae7ffffffff-2021-07,6
84ceae7ffffffff-2021-09,12
84ceae7ffffffff-2021-10,6
84ceae7ffffffff-2021-11,6
84ceae7ffffffff-2021-12,2
84ceae7ffffffff-2022-01,3
84ceae7ffffffff-2022-02,17
84ceae7ffffffff-2022-03,21
84ceae7ffffffff-2022-04,3
84ceae7ffffffff-2022-05,6
84ceae7ffffffff-2022-06,10
84ceae7ffffffff-2022-07,1
84ceae7ffffffff-2022-09,30
84ceae7ffffffff-2022-10,40
84ceae7ffffffff-2022-11,39
84ceae7ffffffff-2022-12,1
84ceae7ffffffff-2023-01,21
84ceae7ffffffff-2023-02,15
84ceae7ffffffff-2023-03,18
84ceae7ffffffff-2023-04,11
84ceae7ffffffff-2023-05,11
84ceae7ffffffff-2023-06,14
84ceae7ffffffff-2023-07,25
84ceae7ffffffff-2023-08,7
84ceae7ffffffff-2023-09,15
84ceae7ffffffff-2023-10,14
84ceae7ffffffff-2023-11,17
84ceaebffffffff-2012-01,1
84ceaebffffffff-2013-11,2
84ceaebffffffff-2015-02,1
84ceaebffffffff-2017-02,1
84ceaebffffffff-2017-03,2
84ceaebffffffff-2017-12,1
84ceaebffffffff-2018-01,6
84ceaebffffffff-2018-12,5
84ceaebffffffff-2019-01,2
84ceaebffffffff-2020-01,1
84ceaebffffffff-2022-01,1
84ceaebffffffff-2022-09,1
84ceaebffffffff-2023-01,3
84ceaebffffffff-2023-02,5
84ceaebffffffff-2023-10,1
84cf123ffffffff-2020-12,1
84cf123ffffffff-2023-04,1
84cf127ffffffff-2021-03,1
84cf129ffffffff-2021-03,1
84cf129ffffffff-2021-11,1
84cf129ffffffff-2023-01,2
84cf129ffffffff-2023-11,1
84cf12bffffffff-2016-11,1
84cf12bffffffff-2017-02,1
84cf12bffffffff-2017-03,1
84cf12bffffffff-2018-02,2
84cf12bffffffff-2019-01,1
84cf12bffffffff-2020-03,2
84cf12bffffffff-2020-04,1
84cf12bffffffff-2020-11,1
84cf12bffffffff-2021-01,2
84cf12bffffffff-2021-02,2
84cf12bffffffff-2021-03,1
84cf12bffffffff-2021-10,1
84cf12bffffffff-2022-12,1
84cf12bffffffff-2023-02,3
84cf12bffffffff-2023-10,4
84cf12bffffffff-2023-11,1
84cf14dffffffff-2023-02,1
84cf163ffffffff-2017-02,2
84cf163ffffffff-2021-02,1
84cf163ffffffff-2021-05,1
84cf163ffffffff-2023-02,1
84cf165ffffffff-2022-09,3
84cf165ffffffff-2022-10,3
84cf165ffffffff-2023-01,10
84cf167ffffffff-2016-01,2
84cf167ffffffff-2017-01,1
84cf167ffffffff-2018-11,1
84cf167ffffffff-2020-01,1
84cf167ffffffff-2022-02,1
84cf167ffffffff-2022-03,1
84cf167ffffffff-2022-11,2
84cf169ffffffff-2021-01,1
84cf16dffffffff-2020-12,1
84cf853ffffffff-2012-11,1
84cf853ffffffff-2019-11,1
84cf853ffffffff-2021-12,3
84cf853ffffffff-2022-01,2
84cf853ffffffff-2022-02,5
84cf853ffffffff-2022-11,10
84cf853ffffffff-2022-12,2
84cf853ffffffff-2023-01,2
84cf853ffffffff-2023-02,12
84cf853ffffffff-2023-03,12
84cf853ffffffff-2023-04,2
84cf853ffffffff-2023-09,4
84cf853ffffffff-2023-10,5
84cf853ffffffff-2023-11,11
84cf887ffffffff-2012-02,1
84cf887ffffffff-2013-12,1
84cf887ffffffff-2014-01,4
84cf887ffffffff-2019-12,1
84cf887ffffffff-2021-02,1
84cf887ffffffff-2021-04,1
84cf887ffffffff-2022-12,2
84cf887ffffffff-2023-01,3
84cf887ffffffff-2023-02,3
84cf887ffffffff-2023-03,1
84cf8a3ffffffff-2012-01,3
84cf8a3ffffffff-2013-12,1
84cf8a3ffffffff-2014-02,2
84cf8a3ffffffff-2020-11,2
84cf8a3ffffffff-2020-12,3
84cf8a7ffffffff-2014-01,1
84cf8adffffffff-2022-11,1
84cf8b5ffffffff-2019-03,2
84cf8b5ffffffff-2022-12,1
84cf8bdffffffff-2014-02,1
84cf8bdffffffff-2020-12,3
84cf8bdffffffff-2021-01,2
84cf8bdffffffff-2021-03,4
84cf8bdffffffff-2022-02,1
84cf8bdffffffff-2022-03,1
84cf8bdffffffff-2022-10,2
84cf8bdffffffff-2023-02,12
84cf8bdffffffff-2023-03,2
84cf8c1ffffffff-2022-11,2
84cf8c1ffffffff-2023-01,4
84cf8c3ffffffff-2020-10,1
84cf8c5ffffffff-2020-03,1
84cf8c5ffffffff-2021-01,8
84cf8c5ffffffff-2021-12,2
84cf8c5ffffffff-2023-01,9
84cf8c5ffffffff-2023-10,3
84cf8c5ffffffff-2023-11,1
84cf8c9ffffffff-2012-02,1
84cf8e1ffffffff-2014-01,2
84cf8e1ffffffff-2018-12,2
84cf8e1ffffffff-2020-01,1
84cf8e1ffffffff-2022-12,1
84cf8e1ffffffff-2023-01,3
84cf8e1ffffffff-2023-02,5
84cf8e1ffffffff-2023-03,3
84cf8e1ffffffff-2023-11,2
84cf8e9ffffffff-2023-02,4
84cf8e9ffffffff-2023-03,2
84cf8edffffffff-2022-02,2
84cf8edffffffff-2023-03,4
84cf909ffffffff-2023-11,1
84cf913ffffffff-2019-12,2
84cf913ffffffff-2020-09,3
84cf913ffffffff-2020-10,3
84cf913ffffffff-2020-11,3
84cf913ffffffff-2020-12,5
84cf913ffffffff-2021-01,1
84cf913ffffffff-2021-10,1
84cf913ffffffff-2021-11,1
84cf913ffffffff-2021-12,2
84cf913ffffffff-2022-10,1
84cf913ffffffff-2022-11,1
84cf913ffffffff-2023-09,1
84cf913ffffffff-2023-10,1
84cf943ffffffff-2012-02,1
84cf943ffffffff-2013-11,2
84cf943ffffffff-2014-01,1
84cf943ffffffff-2014-02,5
84cf943ffffffff-2014-03,1
84cf943ffffffff-2015-01,3
84cf943ffffffff-2015-03,2
84cf943ffffffff-2015-04,1
84cf943ffffffff-2016-01,1
84cf943ffffffff-2016-02,2
84cf943ffffffff-2016-10,3
84cf943ffffffff-2016-11,1
84cf943ffffffff-2017-01,2
84cf943ffffffff-2018-02,3
84cf943ffffffff-2018-03,1
84cf943ffffffff-2018-10,4
84cf943ffffffff-2019-11,14
84cf943ffffffff-2019-12,2
84cf943ffffffff-2020-01,2
84cf943ffffffff-2020-03,1
84cf943ffffffff-2020-10,20
84cf943ffffffff-2020-11,33
84cf943ffffffff-2020-12,4
84cf943ffffffff-2021-01,4
84cf943ffffffff-2021-02,8
84cf943ffffffff-2021-03,1
84cf943ffffffff-2021-11,1
84cf943ffffffff-2022-01,3
84cf943ffffffff-2022-03,2
84cf943ffffffff-2022-04,1
84cf943ffffffff-2022-10,12
84cf943ffffffff-2022-11,2
84cf943ffffffff-2023-01,6
84cf943ffffffff-2023-02,8
84cf943ffffffff-2023-03,5
84cf943ffffffff-2023-10,3
84cf943ffffffff-2023-11,6
84cf95dffffffff-2023-11,1
84cf989ffffffff-2014-02,1
84cf989ffffffff-2017-10,2
84cf989ffffffff-2020-11,1
84cf989ffffffff-2021-12,1
84cf989ffffffff-2022-01,1
84cf989ffffffff-2023-11,1
84cf98bffffffff-2018-02,3
84cf98bffffffff-2020-01,1
84cf98bffffffff-2022-09,2
84cf98bffffffff-2022-10,1
84cf98bffffffff-2023-03,2
84cf98bffffffff-2023-10,2
84cf9d3ffffffff-2019-02,2
84cf9d5ffffffff-2021-02,3
84cf9e1ffffffff-2020-11,1
84cf9e1ffffffff-2020-12,3
84cf9e1ffffffff-2021-01,2
84cf9e1ffffffff-2021-03,1
84cf9e1ffffffff-2021-04,1
84cf9e1ffffffff-2021-10,3
84cf9e1ffffffff-2021-11,3
84cf9e1ffffffff-2021-12,4
84cf9e1ffffffff-2022-02,2
84cf9e1ffffffff-2022-03,2
84cf9e1ffffffff-2022-10,1
84cf9e1ffffffff-2022-11,1
84cf9e1ffffffff-2022-12,1
84cf9e1ffffffff-2023-01,3
84cf9e1ffffffff-2023-02,1
84cf9e1ffffffff-2023-03,1
84cf9e3ffffffff-2022-11,1
84cf9e9ffffffff-2021-03,2
84cf9e9ffffffff-2021-12,2
84cf9e9ffffffff-2022-01,1
84cf9e9ffffffff-2022-02,2
84cf9e9ffffffff-2022-11,1
84cf9e9ffffffff-2023-03,2
84cf9e9ffffffff-2023-10,1
84cf9ebffffffff-2020-10,2
84cf9ebffffffff-2020-11,1
84cf9ebffffffff-2021-01,1
84cfa05ffffffff-2020-09,3
84cfa09ffffffff-2023-10,1
84cfa0dffffffff-2021-08,3
84cfa0dffffffff-2022-01,3
84cfa0dffffffff-2022-02,3
84cfa21ffffffff-2023-02,1
84cfa21ffffffff-2023-10,1
84cfa21ffffffff-2023-11,1
84cfa23ffffffff-2020-10,1
84cfa23ffffffff-2021-02,1
84cfa35ffffffff-2019-01,3
84cfa35ffffffff-2022-12,1
84cfa43ffffffff-2021-10,1
84cfa43ffffffff-2023-01,1
84cfa45ffffffff-2016-01,1
84cfa45ffffffff-2016-02,2
84cfa45ffffffff-2016-11,3
84cfa45ffffffff-2020-11,13
84cfa45ffffffff-2020-12,9
84cfa45ffffffff-2021-03,3
84cfa45ffffffff-2022-09,6
84cfa45ffffffff-2022-10,8
84cfa45ffffffff-2022-11,3
84cfa47ffffffff-2012-01,2
84cfa47ffffffff-2013-03,1
84cfa47ffffffff-2013-11,1
84cfa47ffffffff-2014-02,2
84cfa47ffffffff-2015-01,6
84cfa47ffffffff-2015-02,6
84cfa47ffffffff-2015-03,2
84cfa47ffffffff-2015-09,3
84cfa47ffffffff-2015-10,3
84cfa47ffffffff-2015-11,4
84cfa47ffffffff-2015-12,2
84cfa47ffffffff-2016-01,1
84cfa47ffffffff-2016-02,1
84cfa47ffffffff-2016-10,6
84cfa47ffffffff-2016-11,8
84cfa47ffffffff-2017-03,3
84cfa47ffffffff-2017-11,1
84cfa47ffffffff-2018-03,3
84cfa47ffffffff-2019-01,8
84cfa47ffffffff-2019-03,1
84cfa47ffffffff-2019-12,2
84cfa47ffffffff-2020-01,2
84cfa47ffffffff-2020-09,2
84cfa47ffffffff-2020-10,9
84cfa47ffffffff-2020-11,5
84cfa47ffffffff-2020-12,11
84cfa47ffffffff-2021-01,20
84cfa47ffffffff-2021-02,11
84cfa47ffffffff-2021-04,1
84cfa47ffffffff-2021-09,11
84cfa47ffffffff-2021-10,6
84cfa47ffffffff-2021-11,6
84cfa47ffffffff-2021-12,4
84cfa47ffffffff-2022-01,19
84cfa47ffffffff-2022-02,10
84cfa47ffffffff-2022-03,9
84cfa47ffffffff-2022-04,2
84cfa47ffffffff-2022-10,9
84cfa47ffffffff-2022-11,8
84cfa47ffffffff-2022-12,3
84cfa47ffffffff-2023-01,16
84cfa47ffffffff-2023-02,7
84cfa47ffffffff-2023-03,6
84cfa47ffffffff-2023-10,3
84cfa47ffffffff-2023-11,2
84cfa49ffffffff-2013-10,6
84cfa49ffffffff-2013-11,1
84cfa49ffffffff-2016-01,3
84cfa49ffffffff-2018-11,7
84cfa49ffffffff-2019-10,2
84cfa49ffffffff-2019-11,12
84cfa49ffffffff-2019-12,5
84cfa49ffffffff-2020-01,1
84cfa49ffffffff-2020-12,1
84cfa49ffffffff-2021-02,1
84cfa49ffffffff-2021-12,3
84cfa49ffffffff-2022-10,16
84cfa49ffffffff-2022-11,13
84cfa49ffffffff-2022-12,1
84cfa49ffffffff-2023-01,5
84cfa49ffffffff-2023-04,1
84cfa49ffffffff-2023-09,2
84cfaa1ffffffff-2021-01,1
84cfaa1ffffffff-2023-01,1
84cfaadffffffff-2021-02,1
84cfaadffffffff-2022-12,1
84cfac9ffffffff-2015-12,3
84cfac9ffffffff-2021-12,2
84cfac9ffffffff-2022-12,1
84cfac9ffffffff-2023-01,2
84cfacdffffffff-2012-03,1
84cfacdffffffff-2012-12,2
84cfacdffffffff-2013-10,3
84cfacdffffffff-2013-11,1
84cfacdffffffff-2013-12,5
84cfacdffffffff-2014-02,1
84cfacdffffffff-2014-12,3
84cfacdffffffff-2015-10,5
84cfacdffffffff-2015-11,3
84cfacdffffffff-2016-01,1
84cfacdffffffff-2016-10,1
84cfacdffffffff-2016-11,4
84cfacdffffffff-2017-01,1
84cfacdffffffff-2017-10,5
84cfacdffffffff-2017-11,4
84cfacdffffffff-2017-12,9
84cfacdffffffff-2018-01,1
84cfacdffffffff-2018-10,1
84cfacdffffffff-2018-11,4
84cfacdffffffff-2018-12,6
84cfacdffffffff-2019-01,2
84cfacdffffffff-2019-02,4
84cfacdffffffff-2019-10,1
84cfacdffffffff-2019-11,3
84cfacdffffffff-2019-12,1
84cfacdffffffff-2020-01,3
84cfacdffffffff-2020-09,1
84cfacdffffffff-2020-10,1
84cfacdffffffff-2020-11,2
84cfacdffffffff-2021-01,4
84cfacdffffffff-2021-02,5
84cfacdffffffff-2021-11,2
84cfacdffffffff-2021-12,1
84cfacdffffffff-2022-01,5
84cfacdffffffff-2022-03,2
84cfacdffffffff-2022-10,8
84cfacdffffffff-2022-11,20
84cfacdffffffff-2022-12,19
84cfacdffffffff-2023-01,10
84cfacdffffffff-2023-02,3
84cfacdffffffff-2023-03,3
84cfacdffffffff-2023-10,15
84cfacdffffffff-2023-11,9
84cfb13ffffffff-2013-12,2
84cfb13ffffffff-2015-01,1
84cfb13ffffffff-2016-10,2
84cfb13ffffffff-2017-01,1
84cfb13ffffffff-2018-01,1
84cfb13ffffffff-2018-02,1
84cfb13ffffffff-2018-12,2
84cfb13ffffffff-2019-01,3
84cfb13ffffffff-2019-03,1
84cfb13ffffffff-2020-01,3
84cfb13ffffffff-2021-03,1
84cfb13ffffffff-2021-10,1
84cfb13ffffffff-2021-12,6
84cfb13ffffffff-2022-01,3
84cfb13ffffffff-2022-02,1
84cfb13ffffffff-2022-10,1
84cfb13ffffffff-2022-12,2
84cfb13ffffffff-2023-01,2
84cfb13ffffffff-2023-02,7
84cfb13ffffffff-2023-10,1
84cfb13ffffffff-2023-11,1
84de707ffffffff-2020-10,5
84de707ffffffff-2022-10,4
84de707ffffffff-2022-12,8
84de707ffffffff-2023-01,3
84de707ffffffff-2023-10,1
84de707ffffffff-2023-11,1
84de709ffffffff-2022-11,1
84df401ffffffff-2021-04,1
84df409ffffffff-2022-12,1
84df419ffffffff-2021-11,4
84df419ffffffff-2021-12,6
84df419ffffffff-2022-10,30
84df419ffffffff-2022-11,16
84df419ffffffff-2022-12,21
84df419ffffffff-2023-01,9
84df419ffffffff-2023-02,5
84df419ffffffff-2023-03,2
84df419ffffffff-2023-04,1
84df419ffffffff-2023-10,9
84df419ffffffff-2023-11,7
84df41bffffffff-2018-10,1
84df41bffffffff-2019-12,3
84df41bffffffff-2020-09,2
84df41bffffffff-2020-10,2
84df41bffffffff-2020-11,3
84df41bffffffff-2020-12,3
84df41bffffffff-2021-02,3
84df41bffffffff-2021-09,2
84df41bffffffff-2021-11,4
84df41bffffffff-2021-12,2
84df41bffffffff-2022-10,3
84df41bffffffff-2022-11,1
84df41bffffffff-2022-12,3
84df41bffffffff-2023-02,3
84df41bffffffff-2023-04,2
84df41bffffffff-2023-09,1
84df41bffffffff-2023-10,3
84df41bffffffff-2023-11,3
84df41dffffffff-2021-09,3
84df41dffffffff-2022-02,2
84df451ffffffff-2015-03,3
84df451ffffffff-2018-11,1
84df451ffffffff-2022-10,6
84df451ffffffff-2023-01,5
84df451ffffffff-2023-02,3
84df451ffffffff-2023-11,3
84df455ffffffff-2019-11,1
84df455ffffffff-2020-01,1
84df455ffffffff-2020-03,1
84df455ffffffff-2023-01,1
84df455ffffffff-2023-02,3
84df455ffffffff-2023-10,2
84df457ffffffff-2019-11,1
84df457ffffffff-2023-02,6
84df457ffffffff-2023-11,1
84df683ffffffff-2014-12,2
84df683ffffffff-2017-01,1
84df683ffffffff-2017-02,5
84df683ffffffff-2018-12,2
84df683ffffffff-2019-10,2
84df683ffffffff-2021-04,1
84df683ffffffff-2021-10,2
84df683ffffffff-2021-11,2
84df683ffffffff-2021-12,3
84df683ffffffff-2022-02,4
84df683ffffffff-2022-10,2
84df683ffffffff-2022-11,6
84df683ffffffff-2023-04,1
84df683ffffffff-2023-10,1
84df687ffffffff-2021-04,1
84df689ffffffff-2023-04,1
84df689ffffffff-2023-10,1
84df68bffffffff-2018-09,1
84df68bffffffff-2023-01,3
84df68bffffffff-2023-02,1
84df68bffffffff-2023-04,1
84df68bffffffff-2023-10,1
84df691ffffffff-2019-11,1
84df691ffffffff-2021-02,1
84df691ffffffff-2023-03,3
84df695ffffffff-2019-08,1
84df695ffffffff-2022-10,3
84df695ffffffff-2022-11,1
84df695ffffffff-2023-01,4
84df695ffffffff-2023-02,1
84df695ffffffff-2023-10,1
84df695ffffffff-2023-11,8
84df697ffffffff-2013-11,1
84df697ffffffff-2014-01,3
84df697ffffffff-2014-12,2
84df697ffffffff-2016-12,1
84df697ffffffff-2018-10,3
84df697ffffffff-2018-11,1
84df697ffffffff-2019-10,2
84df697ffffffff-2019-11,2
84df697ffffffff-2019-12,5
84df697ffffffff-2020-02,1
84df697ffffffff-2020-09,1
84df697ffffffff-2020-10,2
84df697ffffffff-2020-12,3
84df697ffffffff-2021-01,2
84df697ffffffff-2021-02,5
84df697ffffffff-2021-10,2
84df697ffffffff-2021-12,4
84df697ffffffff-2022-01,1
84df697ffffffff-2022-02,4
84df697ffffffff-2022-10,2
84df697ffffffff-2022-11,1
84df697ffffffff-2022-12,10
84df697ffffffff-2023-01,2
84df697ffffffff-2023-09,1
84df697ffffffff-2023-10,8
84df697ffffffff-2023-11,1
84df699ffffffff-2012-02,1
84df699ffffffff-2013-12,1
84df699ffffffff-2018-01,1
84df699ffffffff-2018-12,1
84df699ffffffff-2019-10,1
84df699ffffffff-2021-02,1
84df699ffffffff-2021-10,1
84df699ffffffff-2021-11,1
84df699ffffffff-2022-01,1
84df699ffffffff-2022-02,1
84df699ffffffff-2022-12,11
84df699ffffffff-2023-01,4
84df699ffffffff-2023-03,1
84df69dffffffff-2013-01,1
84df69dffffffff-2013-11,1
84df69dffffffff-2013-12,1
84df69dffffffff-2014-01,2
84df69dffffffff-2014-02,5
84df69dffffffff-2015-01,1
84df69dffffffff-2015-11,2
84df69dffffffff-2016-01,1
84df69dffffffff-2016-12,2
84df69dffffffff-2018-01,2
84df69dffffffff-2018-12,3
84df69dffffffff-2019-01,4
84df69dffffffff-2019-12,2
84df69dffffffff-2020-01,17
84df69dffffffff-2020-02,4
84df69dffffffff-2020-03,3
84df69dffffffff-2020-10,4
84df69dffffffff-2020-11,1
84df69dffffffff-2020-12,2
84df69dffffffff-2021-01,17
84df69dffffffff-2021-02,4
84df69dffffffff-2021-03,2
84df69dffffffff-2021-10,1
84df69dffffffff-2021-12,16
84df69dffffffff-2022-01,31
84df69dffffffff-2022-02,31
84df69dffffffff-2022-03,2
84df69dffffffff-2022-09,1
84df69dffffffff-2022-10,2
84df69dffffffff-2022-11,32
84df69dffffffff-2022-12,23
84df69dffffffff-2023-01,46
84df69dffffffff-2023-02,14
84df69dffffffff-2023-03,2
84df69dffffffff-2023-10,2
84df69dffffffff-2023-11,10
84df6a3ffffffff-2023-10,2
84df6a5ffffffff-2021-10,5
84df6a5ffffffff-2022-10,2
84df6a7ffffffff-2013-12,2
84df6a7ffffffff-2014-02,3
84df6a7ffffffff-2015-10,1
84df6a7ffffffff-2015-12,1
84df6a7ffffffff-2016-02,1
84df6a7ffffffff-2016-03,1
84df6a7ffffffff-2016-09,1
84df6a7ffffffff-2016-10,1
84df6a7ffffffff-2016-12,1
84df6a7ffffffff-2017-01,3
84df6a7ffffffff-2017-02,1
84df6a7ffffffff-2017-09,1
84df6a7ffffffff-2017-11,3
84df6a7ffffffff-2018-01,2
84df6a7ffffffff-2018-03,1
84df6a7ffffffff-2018-11,2
84df6a7ffffffff-2019-01,1
84df6a7ffffffff-2019-10,2
84df6a7ffffffff-2019-11,6
84df6a7ffffffff-2019-12,2
84df6a7ffffffff-2020-10,6
84df6a7ffffffff-2020-11,4
84df6a7ffffffff-2020-12,2
84df6a7ffffffff-2021-01,2
84df6a7ffffffff-2021-10,3
84df6a7ffffffff-2021-11,7
84df6a7ffffffff-2021-12,5
84df6a7ffffffff-2022-01,3
84df6a7ffffffff-2022-02,1
84df6a7ffffffff-2022-09,1
84df6a7ffffffff-2022-10,24
84df6a7ffffffff-2022-11,29
84df6a7ffffffff-2022-12,26
84df6a7ffffffff-2023-01,9
84df6a7ffffffff-2023-02,2
84df6a7ffffffff-2023-10,19
84df6a7ffffffff-2023-11,24
84df6b5ffffffff-2022-12,8
84df6b5ffffffff-2023-01,5
84df6b5ffffffff-2023-03,2
84df6b5ffffffff-2023-04,5
84df6b5ffffffff-2023-10,7
84df6b7ffffffff-2021-01,2
84df6b7ffffffff-2022-11,1
84df6bbffffffff-2017-12,1
84df6bbffffffff-2020-12,2
84df6bbffffffff-2022-12,1
84df6bbffffffff-2023-01,2
84df6bdffffffff-2022-02,4
84df6bdffffffff-2022-03,1
84df6d7ffffffff-2012-02,1
84df6d7ffffffff-2014-11,1
84df6d7ffffffff-2020-01,2
84df6d7ffffffff-2020-03,2
84df6d7ffffffff-2021-01,1
84df6d7ffffffff-2021-02,2
84df6d7ffffffff-2021-03,1
84df6d7ffffffff-2022-01,3
84df6d7ffffffff-2022-02,6
84df6d7ffffffff-2022-03,2
84df6d7ffffffff-2022-10,1
84df6d7ffffffff-2022-11,2
84df6d7ffffffff-2022-12,3
84df6d7ffffffff-2023-01,6
84df6d7ffffffff-2023-02,8
84df6d7ffffffff-2023-03,8
84df6d7ffffffff-2023-11,1
